îCà”ä˙ä‘É_ÉÄèîó åüçıåãâ 
êÖånñº,ãgñÏêÏ
âÕêÏñº,ãgñÏêÏ
äœë™èäñº,ëÅñæâYÉ_ÉÄÅiã@ç\Åj
äœë™èäãLçÜ,1368080700010
#
#îNåéì˙,éûçè,ó¨àÊïΩãœâJó ,ó¨àÊïΩãœâJó ëÆê´,íôêÖó ,íôêÖó ëÆê´,ó¨ì¸ó ,ó¨ì¸ó ëÆê´,ï˙ó¨ó ,ï˙ó¨ó ëÆê´,íôêÖó¶,íôêÖó¶ëÆê´
#ëÆê´Å@$:åáë™ -:ñ¢éÛêM
#
2016/3/1,01:00,0.1, ,132850, ,16.10, ,0.00, ,100.0, 
2016/3/1,02:00,0.0, ,132900, ,11.85, ,0.00, ,100.0, 
2016/3/1,03:00,0.0, ,132950, ,15.66, ,0.00, ,100.0, 
2016/3/1,04:00,0.0, ,132950, ,10.07, ,0.00, ,100.0, 
2016/3/1,05:00,0.1, ,132950, ,0.00, ,0.00, ,99.9, 
2016/3/1,06:00,0.0, ,133000, ,10.52, ,0.00, ,100.0, 
2016/3/1,07:00,0.0, ,133000, ,2.91, ,0.00, ,99.9, 
2016/3/1,08:00,0.0, ,133000, ,0.00, ,0.00, ,99.9, 
2016/3/1,09:00,0.0, ,133040, ,10.30, ,0.00, ,99.9, 
2016/3/1,10:00,0.0, ,133040, ,3.13, ,0.00, ,99.8, 
2016/3/1,11:00,0.0, ,133140, ,10.97, ,0.00, ,99.9, 
2016/3/1,12:00,0.0, ,133190, ,17.46, ,0.00, ,99.9, 
2016/3/1,13:00,0.1, ,133240, ,15.23, ,0.00, ,99.9, 
2016/3/1,14:00,0.3, ,133290, ,10.98, ,0.00, ,99.9, 
2016/3/1,15:00,0.3, ,133330, ,14.56, ,0.00, ,99.9, 
2016/3/1,16:00,0.2, ,133380, ,15.91, ,0.00, ,99.9, 
2016/3/1,17:00,0.0, ,133430, ,10.76, ,0.00, ,99.9, 
2016/3/1,18:00,0.0, ,133430, ,11.66, ,0.00, ,99.9, 
2016/3/1,19:00,0.0, ,133480, ,11.88, ,0.00, ,99.9, 
2016/3/1,20:00,0.0, ,133530, ,10.54, ,0.00, ,99.9, 
2016/3/1,21:00,0.0, ,133580, ,11.89, ,0.00, ,99.9, 
2016/3/1,22:00,0.0, ,133630, ,14.81, ,0.00, ,99.9, 
2016/3/1,23:00,0.0, ,133670, ,11.22, ,0.00, ,99.9, 
2016/3/1,24:00,0.0, ,133720, ,11.00, ,0.00, ,99.9, 
2016/3/2,01:00,0.0, ,133770, ,11.45, ,0.00, ,99.9, 
2016/3/2,02:00,0.0, ,133820, ,15.04, ,0.00, ,99.9, 
2016/3/2,03:00,0.0, ,133820, ,9.88, ,0.00, ,99.9, 
2016/3/2,04:00,0.0, ,133870, ,5.84, ,0.00, ,99.9, 
2016/3/2,05:00,0.0, ,133870, ,7.64, ,0.00, ,99.8, 
2016/3/2,06:00,0.0, ,133920, ,4.94, ,0.00, ,99.8, 
2016/3/2,07:00,0.0, ,133920, ,8.54, ,0.00, ,99.8, 
2016/3/2,08:00,0.0, ,133920, ,0.00, ,0.00, ,99.8, 
2016/3/2,09:00,0.0, ,133960, ,4.49, ,0.00, ,99.8, 
2016/3/2,10:00,0.2, ,133960, ,8.99, ,0.00, ,99.7, 
2016/3/2,11:00,0.2, ,134010, ,7.41, ,0.00, ,99.7, 
2016/3/2,12:00,0.0, ,134060, ,15.06, ,0.00, ,99.8, 
2016/3/2,13:00,0.2, ,134110, ,11.47, ,0.00, ,99.8, 
2016/3/2,14:00,0.1, ,134160, ,14.61, ,0.00, ,99.8, 
2016/3/2,15:00,0.0, ,134210, ,11.25, ,0.00, ,99.8, 
2016/3/2,16:00,0.0, ,134260, ,11.25, ,0.00, ,99.8, 
2016/3/2,17:00,0.0, ,134300, ,11.93, ,0.00, ,99.8, 
2016/3/2,18:00,0.0, ,134350, ,13.73, ,0.00, ,99.8, 
2016/3/2,19:00,0.0, ,134400, ,11.48, ,0.00, ,99.8, 
2016/3/2,20:00,0.0, ,134400, ,13.28, ,0.00, ,99.8, 
2016/3/2,21:00,0.0, ,134450, ,11.48, ,0.00, ,99.8, 
2016/3/2,22:00,0.0, ,134500, ,11.93, ,0.00, ,99.8, 
2016/3/2,23:00,0.0, ,134550, ,13.52, ,0.00, ,99.8, 
2016/3/2,24:00,0.0, ,134600, ,9.91, ,0.00, ,99.7, 
2016/3/3,01:00,0.0, ,134650, ,8.56, ,0.00, ,99.8, 
2016/3/3,02:00,0.0, ,134650, ,12.17, ,0.00, ,99.7, 
2016/3/3,03:00,0.0, ,134690, ,7.66, ,0.00, ,99.7, 
2016/3/3,04:00,0.0, ,134690, ,5.86, ,0.00, ,99.7, 
2016/3/3,05:00,0.0, ,134740, ,6.31, ,0.00, ,99.7, 
2016/3/3,06:00,0.0, ,134740, ,7.22, ,0.00, ,99.7, 
2016/3/3,07:00,0.0, ,134740, ,0.00, ,0.00, ,99.6, 
2016/3/3,08:00,0.0, ,134790, ,3.16, ,0.00, ,99.6, 
2016/3/3,09:00,0.0, ,134790, ,10.37, ,0.00, ,99.6, 
2016/3/3,10:00,0.0, ,134790, ,0.00, ,0.00, ,99.6, 
2016/3/3,11:00,0.1, ,134840, ,13.53, ,0.00, ,99.6, 
2016/3/3,12:00,0.0, ,134890, ,12.85, ,0.00, ,99.6, 
2016/3/3,13:00,0.1, ,134940, ,12.64, ,0.00, ,99.6, 
2016/3/3,14:00,0.0, ,134990, ,13.31, ,0.00, ,99.6, 
2016/3/3,15:00,0.0, ,135030, ,12.19, ,0.00, ,99.6, 
2016/3/3,16:00,0.1, ,135080, ,10.61, ,0.00, ,99.6, 
2016/3/3,17:00,0.0, ,135130, ,12.42, ,2.40, ,99.6, 
2016/3/3,18:00,0.0, ,135130, ,11.38, ,0.00, ,99.6, 
2016/3/3,19:00,0.0, ,135180, ,13.98, ,0.00, ,99.6, 
2016/3/3,20:00,0.0, ,135230, ,10.39, ,0.00, ,99.6, 
2016/3/3,21:00,0.0, ,135280, ,10.17, ,0.00, ,99.6, 
2016/3/3,22:00,0.0, ,135330, ,9.73, ,0.00, ,99.6, 
2016/3/3,23:00,0.0, ,135330, ,10.63, ,0.00, ,99.6, 
2016/3/3,24:00,0.0, ,135380, ,13.58, ,0.00, ,99.6, 
2016/3/4,01:00,0.0, ,135430, ,9.51, ,0.00, ,99.6, 
2016/3/4,02:00,0.0, ,135470, ,9.51, ,0.00, ,99.6, 
2016/3/4,03:00,0.0, ,135470, ,8.15, ,0.00, ,99.5, 
2016/3/4,04:00,0.0, ,135520, ,7.02, ,0.00, ,99.5, 
2016/3/4,05:00,0.0, ,135520, ,6.56, ,0.00, ,99.5, 
2016/3/4,06:00,0.0, ,135520, ,0.00, ,0.00, ,99.5, 
2016/3/4,07:00,0.0, ,135570, ,10.42, ,0.00, ,99.5, 
2016/3/4,08:00,0.0, ,135570, ,3.17, ,0.00, ,99.4, 
2016/3/4,09:00,0.0, ,135570, ,0.00, ,0.00, ,99.4, 
2016/3/4,10:00,0.0, ,135620, ,10.52, ,18.90, ,99.4, 
2016/3/4,11:00,0.0, ,135570, ,19.10, ,29.50, ,99.3, 
2016/3/4,12:00,0.0, ,135430, ,10.45, ,60.70, ,99.2, 
2016/3/4,13:00,0.0, ,135430, ,7.41, ,0.00, ,99.2, 
2016/3/4,14:00,0.0, ,135430, ,6.11, ,0.00, ,99.1, 
2016/3/4,15:00,0.0, ,135470, ,5.88, ,0.00, ,99.1, 
2016/3/4,16:00,0.0, ,135520, ,9.73, ,0.00, ,99.1, 
2016/3/4,17:00,0.0, ,135520, ,11.54, ,0.00, ,99.1, 
2016/3/4,18:00,0.0, ,135570, ,12.68, ,0.00, ,99.1, 
2016/3/4,19:00,0.0, ,135620, ,9.74, ,0.00, ,99.1, 
2016/3/4,20:00,0.0, ,135670, ,16.53, ,0.00, ,99.1, 
2016/3/4,21:00,0.0, ,135720, ,9.74, ,0.00, ,99.1, 
2016/3/4,22:00,0.0, ,135770, ,10.65, ,0.00, ,99.1, 
2016/3/4,23:00,0.0, ,135820, ,9.29, ,0.00, ,99.1, 
2016/3/4,24:00,0.0, ,135820, ,12.92, ,0.00, ,99.3, 
2016/3/5,01:00,0.0, ,135870, ,11.33, ,0.00, ,99.4, 
2016/3/5,02:00,0.0, ,135910, ,10.88, ,0.00, ,99.4, 
2016/3/5,03:00,0.0, ,135960, ,10.20, ,0.00, ,99.4, 
2016/3/5,04:00,0.0, ,136010, ,13.84, ,0.00, ,99.4, 
2016/3/5,05:00,0.0, ,136060, ,12.02, ,0.00, ,99.4, 
2016/3/5,06:00,0.0, ,136110, ,11.11, ,0.00, ,99.4, 
2016/3/5,07:00,0.0, ,136110, ,12.25, ,0.70, ,99.4, 
2016/3/5,08:00,0.0, ,136110, ,11.75, ,24.00, ,99.3, 
2016/3/5,09:00,0.0, ,136110, ,24.28, ,25.20, ,99.3, 
2016/3/5,10:00,0.0, ,136110, ,12.64, ,0.00, ,99.3, 
2016/3/5,11:00,0.0, ,136110, ,0.00, ,0.00, ,99.2, 
2016/3/5,12:00,0.0, ,136110, ,0.00, ,0.00, ,99.2, 
2016/3/5,13:00,0.0, ,136110, ,0.00, ,0.00, ,99.2, 
2016/3/5,14:00,0.0, ,136160, ,11.12, ,0.00, ,99.2, 
2016/3/5,15:00,0.0, ,136160, ,2.50, ,0.00, ,99.1, 
2016/3/5,16:00,0.0, ,136210, ,7.04, ,0.00, ,99.1, 
2016/3/5,17:00,0.0, ,136210, ,6.58, ,0.00, ,99.1, 
2016/3/5,18:00,0.0, ,136210, ,0.00, ,0.00, ,99.1, 
2016/3/5,19:00,0.0, ,136260, ,10.44, ,0.00, ,99.1, 
2016/3/5,20:00,0.0, ,136260, ,3.18, ,0.00, ,99.0, 
2016/3/5,21:00,0.0, ,136260, ,0.00, ,0.00, ,99.0, 
2016/3/5,22:00,0.0, ,136310, ,7.95, ,0.00, ,99.0, 
2016/3/5,23:00,0.0, ,136360, ,9.54, ,0.00, ,99.0, 
2016/3/5,24:00,0.0, ,136400, ,13.18, ,0.00, ,99.0, 
2016/3/6,01:00,0.0, ,136400, ,10.22, ,0.00, ,99.0, 
2016/3/6,02:00,0.0, ,136500, ,15.22, ,0.00, ,99.1, 
2016/3/6,03:00,0.0, ,136500, ,12.04, ,0.00, ,99.0, 
2016/3/6,04:00,0.0, ,136550, ,0.68, ,0.00, ,99.0, 
2016/3/6,05:00,0.1, ,136550, ,12.96, ,0.00, ,99.0, 
2016/3/6,06:00,0.0, ,136550, ,0.00, ,0.00, ,99.0, 
2016/3/6,07:00,0.1, ,136600, ,5.68, ,0.00, ,99.0, 
2016/3/6,08:00,0.4, ,136600, ,7.96, ,0.00, ,98.9, 
2016/3/6,09:00,1.3, ,136600, ,0.00, ,0.00, ,98.9, 
2016/3/6,10:00,1.4, ,136650, ,11.37, ,0.00, ,98.9, 
2016/3/6,11:00,2.0, ,136700, ,15.00, ,0.00, ,98.9, 
2016/3/6,12:00,1.5, ,136750, ,14.10, ,0.00, ,98.9, 
2016/3/6,13:00,0.3, ,136800, ,12.51, ,0.00, ,98.9, 
2016/3/6,14:00,0.5, ,136900, ,10.92, ,0.00, ,99.0, 
2016/3/6,15:00,2.2, ,136900, ,17.97, ,0.00, ,99.0, 
2016/3/6,16:00,1.6, ,136990, ,15.02, ,0.00, ,99.0, 
2016/3/6,17:00,0.8, ,137040, ,17.76, ,1.30, ,99.0, 
2016/3/6,18:00,1.4, ,137040, ,17.58, ,19.80, ,99.0, 
2016/3/6,19:00,1.2, ,136950, ,25.18, ,47.00, ,98.9, 
2016/3/6,20:00,1.0, ,136950, ,18.84, ,28.30, ,98.8, 
2016/3/6,21:00,0.2, ,136950, ,14.82, ,0.00, ,98.8, 
2016/3/6,22:00,0.1, ,136990, ,1.59, ,0.00, ,98.8, 
2016/3/6,23:00,0.0, ,137040, ,15.94, ,0.00, ,98.8, 
2016/3/6,24:00,0.0, ,137090, ,13.20, ,0.00, ,98.8, 
2016/3/7,01:00,0.0, ,137140, ,11.38, ,0.00, ,98.8, 
2016/3/7,02:00,0.0, ,137140, ,12.53, ,0.00, ,98.8, 
2016/3/7,03:00,0.0, ,137190, ,7.75, ,0.00, ,98.8, 
2016/3/7,04:00,0.0, ,137190, ,5.92, ,0.00, ,98.8, 
2016/3/7,05:00,0.0, ,137240, ,11.85, ,0.00, ,98.8, 
2016/3/7,06:00,0.0, ,137240, ,1.82, ,0.00, ,98.7, 
2016/3/7,07:00,0.0, ,137290, ,12.99, ,0.00, ,98.8, 
2016/3/7,08:00,0.0, ,137290, ,0.68, ,0.00, ,98.7, 
2016/3/7,09:00,0.0, ,137340, ,6.38, ,0.00, ,98.7, 
2016/3/7,10:00,0.0, ,137390, ,8.44, ,0.00, ,98.7, 
2016/3/7,11:00,0.0, ,137440, ,16.19, ,0.00, ,98.7, 
2016/3/8,11:00,0.0, ,138370, ,11.67, ,0.00, ,98.6, 
2016/3/8,12:00,0.0, ,138420, ,12.59, ,0.00, ,98.7, 
2016/3/8,13:00,0.0, ,138470, ,11.90, ,0.00, ,98.7, 
2016/3/8,14:00,0.0, ,138520, ,16.48, ,0.00, ,98.7, 
2016/3/8,15:00,0.0, ,138570, ,14.88, ,0.00, ,98.7, 
2016/3/8,17:00,0.0, ,138670, ,9.85, ,0.70, ,98.7, 
2016/3/8,18:00,0.0, ,138670, ,14.79, ,18.60, ,98.7, 
2016/3/8,19:00,0.0, ,138620, ,20.89, ,34.30, ,98.6, 
2016/3/8,20:00,0.0, ,138570, ,10.10, ,18.70, ,98.5, 
2016/3/8,21:00,0.0, ,138570, ,4.32, ,0.00, ,98.5, 
2016/3/8,22:00,0.0, ,138620, ,6.87, ,0.00, ,98.5, 
2016/3/8,23:00,0.0, ,138670, ,9.85, ,0.00, ,98.5, 
2016/3/8,24:00,0.0, ,138720, ,11.45, ,0.00, ,98.5, 
2016/3/9,01:00,0.1, ,138720, ,13.06, ,0.00, ,98.5, 
2016/3/9,02:00,0.0, ,138770, ,12.38, ,0.00, ,98.5, 
2016/3/9,03:00,0.0, ,138820, ,9.17, ,0.00, ,98.5, 
2016/3/9,04:00,0.0, ,138820, ,5.96, ,0.00, ,98.5, 
2016/3/9,05:00,0.2, ,138870, ,13.29, ,0.00, ,98.5, 
2016/3/9,06:00,0.9, ,138870, ,0.46, ,0.00, ,98.4, 
2016/3/9,07:00,3.9, ,138920, ,4.13, ,0.00, ,98.5, 
2016/3/9,08:00,5.8, ,138970, ,11.24, ,0.00, ,98.5, 
2016/3/9,09:00,5.1, ,138970, ,12.15, ,0.00, ,98.4, 
2016/3/9,10:00,5.6, ,139070, ,19.95, ,0.00, ,98.5, 
2016/3/9,11:00,3.0, ,139170, ,23.86, ,0.00, ,98.5, 
2016/3/9,12:00,4.0, ,139270, ,28.46, ,0.00, ,98.6, 
2016/3/9,13:00,6.5, ,139370, ,25.94, ,0.00, ,98.6, 
2016/3/9,14:00,0.0,-,139560, ,40.88, ,0.00, ,98.8, 
2016/3/9,15:00,0.0,-,139760, ,49.87, ,0.00, ,98.9, 
2016/3/9,16:00,0.0,-,140060, ,75.22, ,0.00, ,99.1, 
2016/3/9,17:00,1.7, ,140460, ,99.87, ,0.00, ,99.4, 
2016/3/9,18:00,0.1, ,140810, ,100.59, ,0.00, ,99.6, 
2016/3/9,19:00,0.0, ,141110, ,94.98, ,0.00, ,99.9, 
2016/3/9,20:00,0.1, ,141400, ,80.57, ,0.00, ,100.0, 
2016/3/9,21:00,0.0, ,141650, ,72.11, ,0.00, ,100.0, 
2016/3/9,22:00,0.0, ,141800, ,52.75, ,0.00, ,100.0, 
2016/3/9,23:00,0.0, ,142000, ,53.26, ,0.00, ,100.0, 
2016/3/9,24:00,0.2, ,142150, ,46.58, ,0.00, ,100.0, 
2016/3/10,01:00,0.0, ,142310, ,43.60, ,0.00, ,100.0, 
2016/3/10,02:00,0.0, ,142460, ,38.29, ,0.00, ,100.0, 
2016/3/10,03:00,0.0, ,142560, ,34.13, ,0.00, ,100.0, 
2016/3/10,04:00,0.0, ,142660, ,31.59, ,0.00, ,100.0, 
2016/3/10,05:00,0.0, ,142760, ,28.12, ,0.00, ,100.0, 
2016/3/10,06:00,0.0, ,142860, ,26.74, ,0.00, ,100.0, 
2016/3/10,07:00,0.0, ,142910, ,20.70, ,0.00, ,100.0, 
2016/3/10,08:00,0.0, ,143010, ,22.34, ,0.00, ,100.0, 
2016/3/10,09:00,0.0, ,143110, ,22.58, ,0.00, ,100.0, 
2016/3/10,10:00,0.0, ,143160, ,24.21, ,0.00, ,100.0, 
2016/3/10,11:00,0.0, ,143310, ,29.12, ,0.00, ,100.0, 
2016/3/10,12:00,0.0, ,143360, ,26.80, ,0.00, ,100.0, 
2016/3/10,13:00,0.0, ,143510, ,33.11, ,0.00, ,100.0, 
2016/3/10,14:00,0.0, ,143560, ,25.66, ,0.00, ,100.0, 
2016/3/10,15:00,0.0, ,143710, ,25.67, ,0.00, ,100.0, 
2016/3/10,16:00,0.0, ,143760, ,27.31, ,0.00, ,100.0, 
2016/3/10,17:00,0.0, ,143860, ,27.56, ,0.00, ,100.0, 
2016/3/10,18:00,0.0, ,143970, ,24.07, ,0.00, ,100.0, 
2016/3/10,19:00,0.0, ,144070, ,21.50, ,0.00, ,100.0, 
2016/3/10,20:00,0.0, ,144170, ,25.72, ,0.00, ,100.0, 
2016/3/10,21:00,0.0, ,144220, ,25.03, ,0.00, ,100.0, 
2016/3/10,22:00,0.0, ,144320, ,20.12, ,0.00, ,100.0, 
2016/3/10,23:00,0.0, ,144370, ,23.17, ,0.00, ,100.0, 
2016/3/10,24:00,0.0, ,144470, ,22.25, ,0.00, ,100.0, 
2016/3/11,01:00,0.0, ,144520, ,21.31, ,0.00, ,100.0, 
2016/3/11,02:00,0.0, ,144620, ,19.22, ,0.00, ,100.0, 
2016/3/11,03:00,0.0, ,144670, ,20.16, ,0.00, ,100.0, 
2016/3/11,04:00,0.0, ,144720, ,15.48, ,0.00, ,100.0, 
2016/3/11,05:00,0.0, ,144770, ,13.60, ,0.00, ,100.0, 
2016/3/11,06:00,0.0, ,144830, ,11.26, ,0.00, ,100.0, 
2016/3/11,07:00,0.0, ,144880, ,12.90, ,0.00, ,100.0, 
2016/3/11,08:00,0.0, ,144930, ,13.85, ,0.00, ,100.0, 
2016/3/11,09:00,0.0, ,144980, ,20.18, ,0.00, ,100.0, 
2016/3/11,10:00,0.0, ,145080, ,22.30, ,0.00, ,100.0, 
2016/3/11,11:00,0.0, ,145130, ,20.90, ,0.00, ,100.0, 
2016/3/11,12:00,0.0, ,145230, ,24.44, ,0.00, ,100.0, 
2016/3/11,13:00,0.0, ,145280, ,19.07, ,0.00, ,100.0, 
2016/3/11,14:00,0.0, ,145380, ,21.67, ,0.00, ,100.0, 
2016/3/11,15:00,0.0, ,145490, ,18.61, ,0.00, ,100.0, 
2016/3/11,16:00,0.0, ,145540, ,24.98, ,0.00, ,100.0, 
2016/3/11,17:00,0.0, ,145590, ,13.43, ,0.00, ,100.0, 
2016/3/11,18:00,0.0, ,145640, ,19.09, ,0.00, ,100.0, 
2016/3/11,19:00,0.0, ,145740, ,19.34, ,0.00, ,100.0, 
2016/3/11,20:00,0.0, ,145790, ,19.81, ,0.00, ,100.0, 
2016/3/11,21:00,0.0, ,145840, ,15.33, ,0.00, ,100.0, 
2016/3/11,22:00,0.0, ,145940, ,18.17, ,0.00, ,100.0, 
2016/3/11,23:00,0.0, ,145990, ,23.37, ,0.00, ,100.0, 
2016/3/11,24:00,0.0, ,146050, ,17.94, ,0.00, ,100.0, 
2016/3/12,01:00,0.0, ,146100, ,18.18, ,0.00, ,100.0, 
2016/3/12,02:00,0.0, ,146200, ,15.82, ,0.00, ,100.0, 
2016/3/12,03:00,0.0, ,146200, ,13.70, ,0.00, ,100.0, 
2016/3/12,04:00,0.0, ,146250, ,14.18, ,0.00, ,100.0, 
2016/3/12,05:00,0.0, ,146300, ,11.82, ,0.00, ,100.0, 
2016/3/12,06:00,0.0, ,146350, ,8.51, ,0.00, ,100.0, 
2016/3/12,07:00,0.0, ,146400, ,9.69, ,0.00, ,100.0, 
2016/3/12,08:00,0.0, ,146400, ,12.53, ,0.00, ,100.0, 
2016/3/12,09:00,0.0, ,146450, ,8.75, ,0.00, ,100.0, 
2016/3/12,10:00,0.0, ,146560, ,21.52, ,0.00, ,100.0, 
2016/3/12,11:00,0.0, ,146610, ,18.45, ,0.00, ,100.0, 
2016/3/12,12:00,0.3, ,146660, ,17.51, ,0.00, ,100.0, 
2016/3/12,13:00,0.0, ,146760, ,16.33, ,0.00, ,100.0, 
2016/3/12,14:00,0.0, ,146810, ,22.25, ,0.00, ,100.0, 
2016/3/12,15:00,0.0, ,146860, ,17.52, ,0.00, ,100.0, 
2016/3/12,16:00,0.0, ,146910, ,13.74, ,0.00, ,100.0, 
2016/3/12,17:00,0.0, ,147020, ,18.47, ,0.00, ,100.0, 
2016/3/12,18:00,0.0, ,147070, ,19.19, ,0.00, ,100.0, 
2016/3/12,19:00,0.0, ,147120, ,17.54, ,0.00, ,100.0, 
2016/3/12,20:00,0.0, ,147170, ,18.01, ,0.00, ,100.0, 
2016/3/12,21:00,0.0, ,147270, ,18.25, ,0.00, ,100.0, 
2016/3/12,22:00,0.0, ,147320, ,17.79, ,0.00, ,100.0, 
2016/3/12,23:00,0.0, ,147370, ,17.08, ,0.00, ,100.0, 
2016/3/12,24:00,0.0, ,147430, ,16.13, ,0.00, ,100.0, 
2016/3/13,01:00,0.0, ,147530, ,17.32, ,0.00, ,100.0, 
2016/3/13,02:00,0.0, ,147580, ,17.09, ,0.00, ,100.0, 
2016/3/13,03:00,0.0, ,147580, ,14.00, ,0.00, ,100.0, 
2016/3/13,04:00,0.0, ,147630, ,12.34, ,0.00, ,100.0, 
2016/3/13,05:00,0.0, ,147680, ,5.94, ,0.00, ,100.0, 
2016/3/13,06:00,0.0, ,147680, ,10.21, ,0.00, ,100.0, 
2016/3/13,07:00,0.0, ,147730, ,9.98, ,0.00, ,100.0, 
2016/3/13,08:00,0.0, ,147730, ,4.28, ,0.00, ,100.0, 
2016/3/13,09:00,0.0, ,147790, ,10.69, ,0.00, ,100.0, 
2016/3/13,10:00,0.0, ,147840, ,16.63, ,0.00, ,100.0, 
2016/3/13,11:00,0.0, ,147940, ,16.87, ,0.00, ,100.0, 
2016/3/13,12:00,0.0, ,147990, ,16.16, ,0.00, ,100.0, 
2016/3/13,13:00,0.0, ,148040, ,18.07, ,0.00, ,100.0, 
2016/3/13,14:00,0.0, ,148090, ,16.64, ,0.00, ,100.0, 
2016/3/13,15:00,0.0, ,148140, ,16.89, ,0.00, ,100.0, 
2016/3/13,16:00,0.0, ,148250, ,13.56, ,0.00, ,100.0, 
2016/3/13,17:00,0.8, ,148300, ,24.50, ,0.00, ,100.0, 
2016/3/13,18:00,0.7, ,148350, ,14.99, ,0.00, ,100.0, 
2016/3/13,19:00,1.3, ,148450, ,23.09, ,0.00, ,100.0, 
2016/3/13,20:00,0.3, ,148500, ,17.85, ,0.00, ,100.0, 
2016/3/13,21:00,0.1, ,148560, ,13.81, ,0.00, ,100.0, 
2016/3/13,22:00,0.3, ,148660, ,19.29, ,0.00, ,100.0, 
2016/3/13,23:00,1.3, ,148660, ,17.87, ,0.00, ,100.0, 
2016/3/13,24:00,0.7, ,148760, ,15.73, ,0.00, ,100.0, 
2016/3/14,01:00,0.2, ,148810, ,20.50, ,0.00, ,100.0, 
2016/3/14,02:00,0.3, ,148860, ,18.12, ,0.00, ,100.0, 
2016/3/14,03:00,0.4, ,148920, ,11.21, ,0.00, ,100.0, 
2016/3/14,04:00,0.1, ,148970, ,10.49, ,0.00, ,100.0, 
2016/3/14,05:00,0.3, ,148970, ,9.78, ,0.00, ,100.0, 
2016/3/14,06:00,0.6, ,149020, ,14.31, ,0.00, ,100.0, 
2016/3/14,07:00,1.2, ,149070, ,9.30, ,0.00, ,100.0, 
2016/3/14,08:00,0.3, ,149120, ,10.26, ,0.00, ,100.0, 
2016/3/14,09:00,0.5, ,149170, ,10.50, ,0.00, ,100.0, 
2016/3/14,10:00,0.8, ,149230, ,19.57, ,0.00, ,100.0, 
2016/3/14,11:00,0.3, ,149280, ,18.14, ,0.00, ,100.0, 
2016/3/14,12:00,0.2, ,149380, ,13.85, ,0.00, ,100.0, 
2016/3/14,13:00,0.0, ,149430, ,24.12, ,0.00, ,100.0, 
2016/3/14,14:00,0.0, ,149530, ,21.02, ,0.00, ,100.0, 
2016/3/14,15:00,0.0, ,149590, ,21.51, ,0.00, ,100.0, 
2016/3/14,16:00,0.0, ,149640, ,13.15, ,0.00, ,100.0, 
2016/3/14,17:00,0.0, ,149690, ,20.08, ,0.00, ,100.0, 
2016/3/14,18:00,0.0, ,149790, ,20.33, ,0.00, ,100.0, 
2016/3/14,19:00,0.0, ,149840, ,15.79, ,0.00, ,100.0, 
2016/3/14,20:00,0.0, ,149900, ,20.09, ,0.00, ,100.0, 
2016/3/14,21:00,0.0, ,149950, ,16.51, ,0.00, ,100.0, 
2016/3/14,22:00,0.0, ,150050, ,17.47, ,0.00, ,100.0, 
2016/3/14,23:00,0.0, ,150100, ,16.52, ,0.00, ,100.0, 
2016/3/14,24:00,0.0, ,150150, ,17.00, ,0.00, ,100.0, 
2016/3/15,01:00,0.0, ,150210, ,11.26, ,0.00, ,100.0, 
2016/3/15,02:00,0.0, ,150260, ,17.48, ,0.00, ,100.0, 
2016/3/15,03:00,0.0, ,150310, ,12.21, ,0.00, ,100.0, 
2016/3/15,04:00,0.0, ,150310, ,12.45, ,0.00, ,100.0, 
2016/3/15,05:00,0.0, ,150360, ,8.85, ,0.00, ,100.0, 
2016/3/15,06:00,0.0, ,150360, ,5.50, ,0.00, ,100.0, 
2016/3/15,07:00,0.0, ,150410, ,12.92, ,0.00, ,100.0, 
2016/3/15,08:00,0.0, ,150410, ,2.15, ,0.00, ,100.0, 
2016/3/15,09:00,0.0, ,150470, ,10.53, ,0.00, ,100.0, 
2016/3/15,10:00,0.0, ,150520, ,10.05, ,0.00, ,100.0, 
2016/3/15,11:00,0.1, ,150570, ,16.99, ,0.00, ,100.0, 
2016/3/15,12:00,0.0, ,150620, ,14.84, ,0.00, ,100.0, 
2016/3/15,13:00,0.1, ,150720, ,15.33, ,0.00, ,100.0, 
2016/3/15,14:00,0.0, ,150720, ,17.72, ,0.00, ,100.0, 
2016/3/15,15:00,0.1, ,150780, ,9.58, ,0.00, ,100.0, 
2016/3/15,16:00,0.0, ,150830, ,17.73, ,0.00, ,100.0, 
2016/3/15,17:00,0.0, ,150880, ,12.94, ,0.00, ,100.0, 
2016/3/15,18:00,0.0, ,150930, ,16.30, ,0.00, ,100.0, 
2016/3/15,19:00,0.0, ,150980, ,14.63, ,0.00, ,100.0, 
2016/3/15,20:00,0.0, ,151030, ,13.43, ,0.00, ,100.0, 
2016/3/15,21:00,0.0, ,151090, ,16.07, ,0.00, ,100.0, 
2016/3/15,22:00,0.0, ,151190, ,14.15, ,0.00, ,100.0, 
2016/3/15,23:00,0.0, ,151190, ,14.64, ,0.00, ,100.0, 
2016/3/15,24:00,0.0, ,151290, ,15.84, ,0.00, ,100.0, 
2016/3/16,01:00,0.0, ,151350, ,16.56, ,0.00, ,100.0, 
2016/3/16,02:00,0.0, ,151400, ,12.97, ,0.00, ,100.0, 
2016/3/16,03:00,0.0, ,151400, ,12.25, ,0.00, ,100.0, 
2016/3/16,04:00,0.0, ,151450, ,7.21, ,0.00, ,100.0, 
2016/3/16,05:00,0.0, ,151450, ,7.21, ,0.00, ,100.0, 
2016/3/16,06:00,0.0, ,151500, ,6.49, ,0.00, ,100.0, 
2016/3/16,07:00,0.0, ,151500, ,7.93, ,0.00, ,99.9, 
2016/3/16,08:00,0.0, ,151550, ,5.29, ,0.00, ,100.0, 
2016/3/16,09:00,0.0, ,151550, ,9.13, ,0.00, ,99.9, 
2016/3/16,10:00,0.0, ,151600, ,11.06, ,0.00, ,99.9, 
2016/3/16,11:00,0.3, ,151660, ,11.54, ,0.00, ,99.9, 
2016/3/16,12:00,0.0, ,151710, ,16.11, ,0.00, ,100.0, 
2016/3/16,13:00,0.0, ,151760, ,14.43, ,0.00, ,100.0, 
2016/3/16,14:00,0.1, ,151860, ,16.11, ,0.00, ,100.0, 
2016/3/16,15:00,0.0, ,151860, ,17.33, ,0.00, ,100.0, 
2016/3/16,16:00,0.0, ,151970, ,12.51, ,0.00, ,100.0, 
2016/3/16,17:00,0.0, ,152020, ,19.50, ,0.00, ,100.0, 
2016/3/16,18:00,0.0, ,152070, ,12.76, ,0.00, ,100.0, 
2016/3/16,19:00,0.0, ,152120, ,15.65, ,0.00, ,100.0, 
2016/3/16,20:00,0.0, ,152180, ,13.73, ,0.00, ,100.0, 
2016/3/16,21:00,0.0, ,152230, ,16.15, ,0.00, ,100.0, 
2016/3/16,22:00,0.0, ,152280, ,14.22, ,0.00, ,100.0, 
2016/3/16,23:00,0.0, ,152330, ,14.22, ,0.00, ,100.0, 
2016/3/16,24:00,0.0, ,152380, ,16.88, ,0.00, ,100.0, 
2016/3/17,01:00,0.0, ,152440, ,13.02, ,0.00, ,100.0, 
2016/3/17,02:00,0.0, ,152490, ,15.44, ,0.00, ,100.0, 
2016/3/17,03:00,0.0, ,152490, ,9.41, ,0.00, ,100.0, 
2016/3/17,04:00,0.0, ,152540, ,12.55, ,0.00, ,100.0, 
2016/3/17,05:00,0.0, ,152540, ,1.93, ,0.00, ,100.0, 
2016/3/17,06:00,0.0, ,152590, ,9.17, ,0.00, ,100.0, 
2016/3/17,07:00,0.0, ,152590, ,5.31, ,0.00, ,99.9, 
2016/3/17,08:00,0.0, ,152650, ,9.65, ,0.00, ,100.0, 
2016/3/17,09:00,0.0, ,152650, ,4.83, ,0.00, ,99.9, 
2016/3/17,10:00,0.0, ,152700, ,4.35, ,0.00, ,99.9, 
2016/3/17,11:00,0.0, ,152750, ,16.18, ,0.00, ,99.9, 
2016/3/17,12:00,0.0, ,152800, ,14.25, ,0.00, ,100.0, 
2016/3/17,13:00,0.0, ,152850, ,17.88, ,0.00, ,100.0, 
2016/3/17,14:00,0.0, ,152910, ,12.33, ,0.00, ,100.0, 
2016/3/17,15:00,0.0, ,152960, ,16.43, ,0.00, ,100.0, 
2016/3/17,16:00,0.0, ,153010, ,13.53, ,0.00, ,100.0, 
2016/3/17,17:00,0.0, ,153060, ,15.71, ,0.00, ,100.0, 
2016/3/17,18:00,0.0, ,153120, ,13.54, ,0.00, ,100.0, 
2016/3/17,19:00,0.0, ,153170, ,15.24, ,0.00, ,100.0, 
2016/3/17,20:00,0.0, ,153220, ,13.55, ,0.00, ,100.0, 
2016/3/17,21:00,0.0, ,153270, ,15.00, ,0.00, ,100.0, 
2016/3/17,22:00,0.0, ,153320, ,14.04, ,0.00, ,100.0, 
2016/3/17,23:00,0.0, ,153380, ,15.49, ,0.00, ,100.0, 
2016/3/17,24:00,0.0, ,153430, ,15.98, ,0.00, ,100.0, 
2016/3/18,01:00,0.0, ,153480, ,11.62, ,0.00, ,100.0, 
2016/3/18,02:00,0.0, ,153530, ,16.23, ,0.00, ,100.0, 
2016/3/18,03:00,0.0, ,153530, ,5.33, ,0.00, ,100.0, 
2016/3/18,04:00,0.0, ,153590, ,13.81, ,0.00, ,100.0, 
2016/3/18,05:00,0.0, ,153590, ,0.73, ,0.00, ,100.0, 
2016/3/18,06:00,0.0, ,153640, ,11.87, ,0.00, ,100.0, 
2016/3/18,07:00,0.0, ,153640, ,2.67, ,0.00, ,99.9, 
2016/3/18,08:00,0.0, ,153690, ,4.36, ,0.00, ,99.9, 
2016/3/18,09:00,0.0, ,153690, ,10.18, ,0.00, ,99.9, 
2016/3/18,10:00,0.0, ,153740, ,5.34, ,0.00, ,99.9, 
2016/3/18,11:00,0.0, ,153800, ,15.52, ,0.00, ,99.9, 
2016/3/18,12:00,0.0, ,153850, ,13.10, ,0.00, ,99.9, 
2016/3/18,13:00,1.1, ,153900, ,18.44, ,0.00, ,99.9, 
2016/3/18,14:00,2.1, ,153950, ,10.92, ,0.00, ,100.0, 
2016/3/18,15:00,3.4, ,154060, ,19.66, ,0.00, ,100.0, 
2016/3/18,16:00,2.8, ,154110, ,19.91, ,0.00, ,100.0, 
2016/3/18,17:00,4.0, ,154160, ,17.73, ,0.00, ,100.0, 
2016/3/18,18:00,5.4, ,154210, ,18.22, ,0.00, ,100.0, 
2016/3/18,19:00,3.8, ,154320, ,24.05, ,0.00, ,100.0, 
2016/3/18,20:00,5.5, ,154420, ,26.25, ,0.00, ,100.0, 
2016/3/18,21:00,2.9, ,154530, ,27.72, ,0.00, ,100.0, 
2016/3/18,22:00,3.1, ,154630, ,31.62, ,0.00, ,100.0, 
2016/3/18,23:00,2.4, ,154790, ,37.24, ,0.00, ,100.0, 
2016/3/18,24:00,1.1, ,155000, ,47.48, ,0.00, ,100.0, 
2016/3/19,01:00,0.9, ,155160, ,53.37, ,0.00, ,100.0, 
2016/3/19,02:00,2.2, ,155320, ,49.26, ,0.00, ,100.0, 
2016/3/19,03:00,0.0, ,155530, ,49.30, ,0.00, ,100.0, 
2016/3/19,04:00,0.3, ,155640, ,43.01, ,0.00, ,100.0, 
2016/3/19,05:00,0.4, ,155790, ,40.14, ,0.00, ,100.0, 
2016/3/19,06:00,0.6, ,155900, ,30.12, ,0.00, ,100.0, 
2016/3/19,07:00,0.3, ,156010, ,30.87, ,0.00, ,100.0, 
2016/3/19,08:00,0.1, ,156110, ,26.71, ,0.00, ,100.0, 
2016/3/19,09:00,0.0, ,156220, ,30.40, ,0.00, ,100.0, 
2016/3/19,10:00,0.0, ,156320, ,26.97, ,0.00, ,100.0, 
2016/3/19,11:00,0.0, ,156430, ,31.15, ,0.00, ,100.0, 
2016/3/19,12:00,0.0, ,156540, ,29.69, ,0.00, ,100.0, 
2016/3/19,13:00,0.0, ,156640, ,26.76, ,0.00, ,100.0, 
2016/3/19,14:00,0.3, ,156750, ,31.92, ,0.00, ,100.0, 
2016/3/19,15:00,0.1, ,156850, ,25.30, ,0.00, ,100.0, 
2016/3/19,16:00,0.3, ,156910, ,26.29, ,0.00, ,100.0, 
2016/3/19,17:00,0.3, ,157010, ,22.86, ,0.00, ,100.0, 
2016/3/19,18:00,0.0, ,157070, ,24.34, ,0.00, ,100.0, 
2016/3/19,19:00,0.0, ,157170, ,25.57, ,0.00, ,100.0, 
2016/3/19,20:00,0.0, ,157280, ,24.11, ,0.00, ,100.0, 
2016/3/19,21:00,0.0, ,157390, ,24.36, ,0.00, ,100.0, 
2016/3/19,22:00,0.0, ,157440, ,27.32, ,0.00, ,100.0, 
2016/3/19,23:00,0.0, ,157540, ,20.43, ,0.00, ,100.0, 
2016/3/19,24:00,0.0, ,157600, ,23.89, ,0.00, ,100.0, 
2016/3/20,01:00,0.0, ,157700, ,19.71, ,0.00, ,100.0, 
2016/3/20,02:00,0.0, ,157760, ,24.14, ,0.00, ,100.0, 
2016/3/20,03:00,0.0, ,157810, ,15.52, ,0.00, ,100.0, 
2016/3/20,04:00,0.0, ,157860, ,17.75, ,0.00, ,100.0, 
2016/3/20,05:00,0.0, ,157920, ,15.28, ,0.00, ,100.0, 
2016/3/20,06:00,0.0, ,157970, ,17.75, ,0.00, ,100.0, 
2016/3/20,07:00,0.0, ,158020, ,1.97, ,0.00, ,100.0, 
2016/3/20,08:00,0.0, ,158020, ,14.31, ,0.00, ,100.0, 
2016/3/20,09:00,0.0, ,158130, ,13.07, ,0.00, ,100.0, 
2016/3/20,10:00,0.0, ,158180, ,21.22, ,0.00, ,100.0, 
2016/3/20,11:00,0.0, ,158240, ,17.77, ,0.00, ,100.0, 
2016/3/20,12:00,0.0, ,158340, ,24.68, ,0.00, ,100.0, 
2016/3/20,13:00,0.0, ,158400, ,17.28, ,0.00, ,100.0, 
2016/3/20,14:00,0.0, ,158450, ,17.78, ,0.00, ,100.0, 
2016/3/20,15:00,0.0, ,158560, ,15.31, ,0.00, ,100.0, 
2016/3/20,16:00,0.0, ,158610, ,21.98, ,0.00, ,100.0, 
2016/3/20,17:00,0.0, ,158660, ,19.52, ,0.00, ,100.0, 
2016/3/20,18:00,0.0, ,158720, ,18.04, ,0.00, ,100.0, 
2016/3/20,19:00,0.0, ,158770, ,15.32, ,0.00, ,100.0, 
2016/3/20,20:00,0.0, ,158820, ,16.31, ,0.00, ,100.0, 
2016/3/20,21:00,0.0, ,158930, ,22.50, ,0.00, ,100.0, 
2016/3/20,22:00,0.0, ,158980, ,16.57, ,0.00, ,100.0, 
2016/3/20,23:00,0.0, ,159040, ,18.06, ,0.00, ,100.0, 
2016/3/20,24:00,0.0, ,159140, ,20.54, ,0.00, ,100.0, 
2016/3/21,01:00,0.0, ,159200, ,21.04, ,0.00, ,100.0, 
2016/3/21,02:00,0.0, ,159250, ,15.10, ,0.00, ,100.0, 
2016/3/21,03:00,0.0, ,159310, ,14.36, ,0.00, ,100.0, 
2016/3/21,04:00,0.0, ,159360, ,12.38, ,0.00, ,100.0, 
2016/3/21,05:00,0.0, ,159360, ,11.89, ,0.00, ,100.0, 
2016/3/21,06:00,0.0, ,159410, ,9.66, ,0.00, ,100.0, 
2016/3/21,07:00,0.0, ,159410, ,5.20, ,0.00, ,100.0, 
2016/3/21,08:00,0.0, ,159470, ,13.13, ,0.00, ,100.0, 
2016/3/21,09:00,0.0, ,159520, ,4.71, ,0.00, ,100.0, 
2016/3/21,10:00,0.0, ,159570, ,18.59, ,0.00, ,100.0, 
2016/3/21,11:00,0.0, ,159630, ,14.62, ,0.00, ,100.0, 
2016/3/21,12:00,0.0, ,159680, ,18.34, ,0.00, ,100.0, 
2016/3/21,13:00,0.0, ,159790, ,20.83, ,0.00, ,100.0, 
2016/3/21,14:00,0.0, ,159840, ,22.32, ,0.00, ,100.0, 
2016/3/21,15:00,0.0, ,159890, ,11.66, ,0.00, ,100.0, 
2016/3/21,16:00,0.0, ,159950, ,17.61, ,0.00, ,100.0, 
2016/3/21,17:00,0.0, ,160000, ,11.91, ,0.00, ,100.0, 
2016/3/21,18:00,0.0, ,160050, ,15.39, ,0.00, ,100.0, 
2016/3/21,19:00,0.0, ,160110, ,18.12, ,0.00, ,100.0, 
2016/3/21,20:00,0.0, ,160160, ,17.63, ,0.00, ,100.0, 
2016/3/21,21:00,0.0, ,160220, ,14.65, ,0.00, ,100.0, 
2016/3/21,22:00,0.0, ,160270, ,17.88, ,0.00, ,100.0, 
2016/3/21,23:00,0.0, ,160380, ,16.89, ,0.00, ,100.0, 
2016/3/21,24:00,0.0, ,160430, ,16.90, ,0.00, ,100.0, 
2016/3/22,01:00,0.0, ,160480, ,16.65, ,0.00, ,100.0, 
2016/3/22,02:00,0.0, ,160540, ,15.66, ,0.00, ,100.0, 
2016/3/22,03:00,0.0, ,160590, ,11.18, ,0.00, ,100.0, 
2016/3/22,04:00,0.0, ,160590, ,12.93, ,0.00, ,100.0, 
2016/3/22,05:00,0.0, ,160650, ,8.21, ,0.00, ,100.0, 
2016/3/22,06:00,0.0, ,160650, ,6.71, ,0.00, ,100.0, 
2016/3/22,07:00,0.0, ,160700, ,6.96, ,0.00, ,100.0, 
2016/3/22,08:00,0.0, ,160700, ,7.96, ,0.00, ,100.0, 
2016/3/22,09:00,0.0, ,160750, ,7.96, ,0.00, ,100.0, 
2016/3/22,10:00,0.0, ,160810, ,11.94, ,0.00, ,100.0, 
2016/3/22,11:00,0.0, ,160860, ,18.16, ,0.00, ,100.0, 
2016/3/22,12:00,0.0, ,160910, ,15.16, ,0.00, ,100.0, 
2016/3/22,13:00,0.0, ,160970, ,17.89, ,0.00, ,100.0, 
2016/3/22,14:00,0.0, ,161020, ,16.65, ,0.00, ,100.0, 
2016/3/22,15:00,0.0, ,161130, ,16.15, ,0.00, ,100.0, 
2016/3/22,16:00,0.0, ,161180, ,17.16, ,0.00, ,100.0, 
2016/3/22,17:00,0.0, ,161240, ,17.90, ,0.00, ,100.0, 
2016/3/22,18:00,0.0, ,161290, ,14.67, ,0.00, ,100.0, 
2016/3/22,19:00,0.0, ,161340, ,17.42, ,0.00, ,100.0, 
2016/3/22,20:00,0.0, ,161400, ,16.42, ,0.00, ,100.0, 
2016/3/22,21:00,0.0, ,161450, ,14.94, ,0.00, ,100.0, 
2016/3/22,22:00,0.0, ,161500, ,16.43, ,0.00, ,100.0, 
2016/3/22,23:00,0.0, ,161560, ,13.70, ,0.00, ,100.0, 
2016/3/22,24:00,0.0, ,161610, ,17.93, ,0.00, ,100.0, 
2016/3/23,01:00,0.0, ,161670, ,13.20, ,0.00, ,100.0, 
2016/3/23,02:00,0.0, ,161720, ,16.45, ,0.00, ,100.0, 
2016/3/23,03:00,0.0, ,161770, ,11.46, ,0.00, ,100.0, 
2016/3/23,04:00,0.0, ,161770, ,6.98, ,0.00, ,100.0, 
2016/3/23,05:00,0.0, ,161830, ,14.46, ,0.00, ,100.0, 
2016/3/23,06:00,0.0, ,161830, ,0.50, ,0.00, ,100.0, 
2016/3/23,07:00,0.0, ,161880, ,11.47, ,0.00, ,100.0, 
2016/3/23,08:00,0.0, ,161880, ,3.49, ,0.00, ,100.0, 
2016/3/23,09:00,0.0, ,161940, ,10.47, ,0.00, ,100.0, 
2016/3/23,10:00,0.0, ,161990, ,11.22, ,0.00, ,100.0, 
2016/3/23,11:00,0.0, ,162040, ,13.47, ,0.00, ,100.0, 
2016/3/23,12:00,0.0, ,162100, ,16.72, ,0.00, ,100.0, 
2016/3/23,13:00,0.0, ,162150, ,13.47, ,0.00, ,100.0, 
2016/3/23,14:00,0.0, ,162200, ,17.72, ,0.00, ,100.0, 
2016/3/23,15:00,0.0, ,162260, ,15.73, ,0.00, ,100.0, 
2016/3/23,16:00,0.0, ,162310, ,14.73, ,0.00, ,100.0, 
2016/3/23,17:00,0.0, ,162370, ,15.74, ,0.00, ,100.0, 
2016/3/23,18:00,0.0, ,162420, ,17.24, ,0.00, ,100.0, 
2016/3/23,19:00,0.0, ,162470, ,13.99, ,0.00, ,100.0, 
2016/3/23,20:00,0.0, ,162530, ,17.50, ,0.00, ,100.0, 
2016/3/23,21:00,0.0, ,162580, ,12.25, ,0.00, ,100.0, 
2016/3/23,22:00,0.0, ,162640, ,15.50, ,0.00, ,100.0, 
2016/3/23,23:00,0.0, ,162690, ,14.26, ,0.00, ,100.0, 
2016/3/23,24:00,0.0, ,162800, ,20.51, ,0.00, ,100.0, 
2016/3/24,01:00,0.0, ,162800, ,14.26, ,0.00, ,100.0, 
2016/3/24,02:00,0.0, ,162850, ,14.51, ,0.00, ,100.0, 
2016/3/24,03:00,0.0, ,162910, ,9.51, ,0.00, ,100.0, 
2016/3/24,04:00,0.0, ,162910, ,6.01, ,0.00, ,100.0, 
2016/3/24,05:00,0.0, ,162960, ,13.02, ,0.00, ,100.0, 
2016/3/24,06:00,0.0, ,162960, ,2.00, ,0.00, ,99.9, 
2016/3/24,07:00,0.0, ,163010, ,4.51, ,0.00, ,99.9, 
2016/3/24,08:00,0.0, ,163010, ,10.51, ,0.00, ,99.9, 
2016/3/24,09:00,0.0, ,163010, ,0.00, ,0.00, ,99.9, 
2016/3/24,10:00,0.0, ,163120, ,19.79, ,0.00, ,99.9, 
2016/3/24,11:00,0.0, ,163180, ,17.79, ,0.00, ,100.0, 
2016/3/24,12:00,0.0, ,163230, ,12.78, ,0.00, ,100.0, 
2016/3/24,13:00,0.0, ,163290, ,16.29, ,0.00, ,100.0, 
2016/3/24,14:00,0.0, ,163340, ,9.53, ,0.00, ,100.0, 
2016/3/24,15:00,0.0, ,163390, ,19.56, ,0.00, ,100.0, 
2016/3/24,16:00,0.0, ,163390, ,9.53, ,0.00, ,100.0, 
2016/3/24,17:00,0.0, ,163500, ,21.07, ,0.00, ,100.0, 
2016/3/24,18:00,0.0, ,163500, ,9.03, ,0.00, ,100.0, 
2016/3/24,19:00,0.0, ,163610, ,14.30, ,0.00, ,100.0, 
2016/3/24,20:00,0.0, ,163610, ,15.06, ,0.00, ,100.0, 
2016/3/24,21:00,0.0, ,163660, ,14.06, ,0.00, ,100.0, 
2016/3/24,22:00,0.0, ,163720, ,10.79, ,0.00, ,100.0, 
2016/3/24,23:00,0.0, ,163770, ,15.32, ,0.00, ,100.0, 
2016/3/24,24:00,0.0, ,163830, ,14.32, ,0.00, ,100.0, 
2016/3/25,01:00,0.0, ,163880, ,9.80, ,0.00, ,100.0, 
2016/3/25,02:00,0.0, ,163940, ,13.82, ,0.00, ,100.0, 
2016/3/25,03:00,0.0, ,163940, ,13.07, ,0.00, ,100.0, 
2016/3/25,04:00,0.0, ,163990, ,8.80, ,0.00, ,100.0, 
2016/3/25,05:00,0.0, ,163990, ,6.28, ,0.00, ,100.0, 
2016/3/25,06:00,0.0, ,164040, ,5.53, ,0.00, ,100.0, 
2016/3/25,07:00,0.0, ,164040, ,9.55, ,0.00, ,99.9, 
2016/3/25,08:00,0.0, ,164040, ,0.00, ,0.00, ,99.9, 
2016/3/25,09:00,0.0, ,164100, ,1.51, ,0.00, ,99.9, 
2016/3/25,10:00,0.0, ,164100, ,13.57, ,0.00, ,99.9, 
2016/3/25,11:00,0.0, ,164150, ,10.31, ,0.00, ,99.9, 
2016/3/25,12:00,0.0, ,164210, ,18.11, ,0.00, ,99.9, 
2016/3/25,13:00,0.0, ,164260, ,14.08, ,0.00, ,99.9, 
2016/3/25,14:00,0.0, ,164320, ,11.32, ,0.00, ,99.9, 
2016/3/25,15:00,0.0, ,164370, ,14.85, ,0.00, ,99.9, 
2016/3/25,16:00,0.0, ,164420, ,14.35, ,0.00, ,99.9, 
2016/3/25,17:00,0.0, ,164480, ,10.32, ,0.00, ,100.0, 
2016/3/25,18:00,0.0, ,164530, ,16.12, ,0.00, ,100.0, 
2016/3/25,19:00,0.0, ,164530, ,11.33, ,0.00, ,99.9, 
2016/3/25,20:00,0.0, ,164590, ,11.33, ,0.00, ,100.0, 
2016/3/25,21:00,0.0, ,164640, ,13.61, ,0.00, ,100.0, 
2016/3/25,22:00,0.0, ,164700, ,13.61, ,0.00, ,100.0, 
2016/3/25,23:00,0.0, ,164750, ,12.10, ,0.00, ,100.0, 
2016/3/25,24:00,0.0, ,164810, ,13.86, ,0.00, ,99.9, 
2016/3/26,01:00,0.0, ,164810, ,11.09, ,0.00, ,99.9, 
2016/3/26,02:00,0.0, ,164860, ,15.13, ,0.00, ,99.9, 
2016/3/26,03:00,0.0, ,164910, ,9.08, ,0.00, ,99.9, 
2016/3/26,04:00,0.0, ,164910, ,6.05, ,0.00, ,99.9, 
2016/3/26,05:00,0.0, ,164970, ,6.30, ,0.00, ,99.9, 
2016/3/26,06:00,0.0, ,164970, ,8.83, ,0.00, ,99.9, 
2016/3/26,07:00,0.0, ,164970, ,0.00, ,0.00, ,99.8, 
2016/3/26,08:00,0.0, ,165020, ,2.78, ,0.00, ,99.8, 
2016/3/26,09:00,0.0, ,165020, ,12.36, ,0.00, ,99.8, 
2016/3/26,10:00,0.0, ,165080, ,4.29, ,0.00, ,99.8, 
2016/3/26,11:00,0.0, ,165130, ,14.64, ,0.00, ,99.8, 
2016/3/26,12:00,0.0, ,165190, ,13.38, ,0.00, ,99.9, 
2016/3/26,13:00,0.0, ,165240, ,13.38, ,0.00, ,99.9, 
2016/3/26,14:00,0.0, ,165240, ,14.90, ,0.00, ,99.8, 
2016/3/26,15:00,0.0, ,165300, ,14.90, ,0.00, ,99.8, 
2016/3/26,16:00,0.0, ,165350, ,15.16, ,1.20, ,99.9, 
2016/3/26,17:00,0.0, ,165350, ,9.82, ,20.20, ,99.8, 
2016/3/26,18:00,0.0, ,165300, ,28.08, ,45.50, ,99.8, 
2016/3/26,19:00,0.0, ,165190, ,18.23, ,45.50, ,99.7, 
2016/3/26,20:00,0.0, ,165080, ,16.50, ,45.50, ,99.5, 
2016/3/26,21:00,0.0, ,164970, ,14.28, ,45.80, ,99.4, 
2016/3/26,22:00,0.0, ,164860, ,14.98, ,35.60, ,99.3, 
2016/3/26,23:00,0.0, ,164860, ,11.25, ,0.00, ,99.3, 
2016/3/26,24:00,0.0, ,164860, ,0.00, ,0.00, ,99.9, 
2016/3/27,01:00,0.0, ,164910, ,7.31, ,0.00, ,99.9, 
2016/3/27,02:00,0.0, ,164970, ,11.35, ,0.00, ,99.9, 
2016/3/27,03:00,0.0, ,164970, ,11.60, ,0.00, ,99.9, 
2016/3/27,04:00,0.0, ,165020, ,2.52, ,0.00, ,99.9, 
2016/3/27,05:00,0.0, ,165020, ,12.62, ,0.00, ,99.8, 
2016/3/27,06:00,0.0, ,165020, ,0.00, ,0.00, ,99.8, 
2016/3/27,07:00,0.0, ,165020, ,0.00, ,0.00, ,99.8, 
2016/3/27,08:00,0.0, ,165080, ,13.37, ,0.00, ,99.8, 
2016/3/27,09:00,0.0, ,165080, ,1.77, ,0.00, ,99.8, 
2016/3/27,10:00,0.0, ,165130, ,8.83, ,0.00, ,99.8, 
2016/3/27,11:00,0.0, ,165190, ,16.91, ,0.00, ,99.8, 
2016/3/27,12:00,0.0, ,165240, ,11.87, ,0.00, ,99.8, 
2016/3/27,13:00,0.0, ,165300, ,14.14, ,0.00, ,99.8, 
2016/3/27,14:00,0.0, ,165350, ,11.36, ,0.00, ,99.8, 
2016/3/27,15:00,0.0, ,165410, ,18.19, ,0.00, ,99.8, 
2016/3/27,16:00,0.0, ,165410, ,9.60, ,0.00, ,99.8, 
2016/3/27,17:00,0.0, ,165460, ,10.36, ,2.70, ,99.8, 
2016/3/27,18:00,0.0, ,165460, ,18.16, ,26.10, ,99.8, 
2016/3/27,19:00,0.0, ,165350, ,23.85, ,34.40, ,99.7, 
2016/3/27,20:00,0.0, ,165350, ,5.54, ,0.00, ,99.6, 
2016/3/27,21:00,0.0, ,165410, ,9.60, ,0.00, ,99.7, 
2016/3/27,22:00,0.0, ,165460, ,11.12, ,0.00, ,99.7, 
2016/3/27,23:00,0.0, ,165510, ,11.37, ,0.00, ,99.7, 
2016/3/27,24:00,0.0, ,165510, ,13.39, ,0.00, ,99.6, 
2016/3/28,01:00,0.0, ,165570, ,13.40, ,0.00, ,99.7, 
2016/3/28,02:00,0.0, ,165620, ,9.61, ,0.00, ,99.7, 
2016/3/28,03:00,0.0, ,165620, ,7.33, ,0.00, ,99.6, 
2016/3/28,04:00,0.0, ,165680, ,8.85, ,0.00, ,99.7, 
2016/3/28,05:00,0.0, ,165680, ,6.32, ,0.00, ,99.6, 
2016/3/28,06:00,0.0, ,165680, ,0.00, ,0.00, ,99.6, 
2016/3/28,07:00,0.0, ,165730, ,5.31, ,0.00, ,99.6, 
2016/3/28,08:00,0.0, ,165730, ,9.87, ,0.00, ,99.6, 
2016/3/28,09:00,0.0, ,165730, ,0.00, ,0.00, ,99.5, 
2016/3/28,10:00,0.0, ,165790, ,10.88, ,0.00, ,99.6, 
2016/3/28,11:00,0.0, ,165840, ,15.43, ,0.00, ,99.6, 
2016/3/28,12:00,0.0, ,165900, ,16.20, ,0.00, ,99.6, 
2016/3/28,13:00,0.0, ,165950, ,13.67, ,0.00, ,99.6, 
2016/3/28,14:00,0.0, ,166010, ,12.41, ,0.00, ,99.6, 
2016/3/28,15:00,0.0, ,166060, ,14.18, ,0.00, ,99.6, 
2016/3/28,16:00,0.0, ,166060, ,8.35, ,0.00, ,99.6, 
2016/3/28,17:00,0.0, ,166120, ,11.91, ,1.00, ,99.6, 
2016/3/28,18:00,0.0, ,166120, ,15.02, ,23.30, ,99.6, 
2016/3/28,19:00,0.0, ,166060, ,21.57, ,24.00, ,99.5, 
2016/3/28,20:00,0.0, ,166060, ,2.22, ,0.00, ,99.5, 
2016/3/28,21:00,0.0, ,166120, ,3.80, ,0.00, ,99.5, 
2016/3/28,22:00,0.0, ,166120, ,11.40, ,0.00, ,99.5, 
2016/3/28,23:00,0.0, ,166170, ,15.20, ,0.00, ,99.5, 
2016/3/28,24:00,0.0, ,166230, ,11.40, ,0.00, ,99.5, 
2016/3/29,01:00,0.0, ,166280, ,8.11, ,0.00, ,99.5, 
2016/3/29,02:00,0.0, ,166280, ,10.90, ,0.00, ,99.5, 
2016/3/29,03:00,0.0, ,166330, ,10.40, ,0.00, ,99.5, 
2016/3/29,04:00,0.0, ,166330, ,4.82, ,0.00, ,99.4, 
2016/3/29,05:00,0.0, ,166390, ,0.25, ,0.00, ,99.5, 
2016/3/29,06:00,0.0, ,166390, ,14.98, ,0.00, ,99.4, 
2016/3/29,07:00,0.0, ,166390, ,0.00, ,0.00, ,99.4, 
2016/3/29,08:00,0.0, ,166390, ,0.00, ,0.00, ,99.4, 
2016/3/29,09:00,0.0, ,166440, ,1.78, ,0.00, ,99.4, 
2016/3/29,10:00,0.0, ,166440, ,13.45, ,0.00, ,99.3, 
2016/3/29,11:00,0.0, ,166500, ,12.95, ,0.00, ,99.4, 
2016/3/29,12:00,0.0, ,166550, ,11.42, ,0.00, ,99.4, 
2016/3/29,13:00,0.0, ,166610, ,15.49, ,0.00, ,99.4, 
2016/3/29,14:00,0.0, ,166660, ,10.92, ,0.00, ,99.4, 
2016/3/29,15:00,0.0, ,166660, ,10.16, ,0.00, ,99.4, 
2016/3/29,16:00,0.0, ,166720, ,13.97, ,0.00, ,99.4, 
2016/3/29,17:00,0.0, ,166770, ,6.86, ,1.10, ,99.4, 
2016/3/29,18:00,0.0, ,166770, ,19.17, ,19.00, ,99.4, 
2016/3/29,19:00,0.0, ,166720, ,19.83, ,37.90, ,99.3, 
2016/3/29,20:00,0.0, ,166610, ,12.60, ,26.70, ,99.2, 
2016/3/29,21:00,0.0, ,166610, ,7.27, ,0.00, ,99.2, 
2016/3/29,22:00,0.0, ,166610, ,0.00, ,0.00, ,99.1, 
2016/3/29,23:00,0.0, ,166660, ,15.24, ,0.00, ,99.1, 
2016/3/29,24:00,0.0, ,166720, ,3.05, ,0.00, ,99.2, 
2016/3/30,01:00,0.0, ,166720, ,12.19, ,0.00, ,99.1, 
2016/3/30,02:00,0.0, ,166770, ,10.42, ,0.00, ,99.1, 
2016/3/30,03:00,0.0, ,166770, ,4.83, ,0.00, ,99.1, 
2016/3/30,04:00,0.0, ,166830, ,9.66, ,0.00, ,99.1, 
2016/3/30,05:00,0.0, ,166830, ,5.59, ,0.00, ,99.1, 
2016/3/30,06:00,0.0, ,166830, ,0.00, ,0.00, ,99.1, 
2016/3/30,07:00,0.0, ,166830, ,0.00, ,0.00, ,99.0, 
2016/3/30,08:00,0.0, ,166880, ,2.54, ,0.00, ,99.0, 
2016/3/30,09:00,0.0, ,166880, ,12.71, ,0.00, ,99.0, 
2016/3/30,10:00,0.0, ,166940, ,1.27, ,0.00, ,99.0, 
2016/3/30,11:00,0.0, ,166940, ,13.98, ,0.00, ,99.0, 
2016/3/30,12:00,0.0, ,166990, ,13.73, ,0.00, ,99.0, 
2016/3/30,13:00,0.0, ,167050, ,10.94, ,0.00, ,99.0, 
2016/3/30,14:00,0.0, ,167100, ,10.17, ,0.00, ,99.0, 
2016/3/30,15:00,0.0, ,167100, ,10.94, ,0.00, ,99.0, 
2016/3/30,16:00,0.0, ,167160, ,14.25, ,0.00, ,99.0, 
2016/3/30,17:00,0.0, ,167210, ,11.45, ,1.80, ,99.0, 
2016/3/30,18:00,0.0, ,167210, ,18.05, ,28.90, ,99.0, 
2016/3/30,19:00,0.0, ,167050, ,19.49, ,55.50, ,98.9, 
2016/3/30,20:00,0.0, ,166880, ,14.35, ,55.10, ,98.7, 
2016/3/30,21:00,0.0, ,166830, ,12.58, ,27.40, ,98.6, 
2016/3/30,22:00,0.0, ,166830, ,3.37, ,0.00, ,98.6, 
2016/3/30,23:00,0.0, ,166880, ,3.05, ,0.00, ,98.6, 
2016/3/30,24:00,0.0, ,166880, ,12.20, ,0.00, ,98.6, 
2016/3/31,01:00,0.0, ,166880, ,0.00, ,0.00, ,98.6, 
2016/3/31,02:00,0.0, ,166940, ,15.00, ,0.00, ,98.6, 
2016/3/31,03:00,0.0, ,166940, ,0.25, ,0.00, ,98.6, 
2016/3/31,04:00,0.0, ,166940, ,0.00, ,0.00, ,98.5, 
2016/3/31,05:00,0.0, ,166940, ,0.00, ,0.00, ,98.5, 
2016/3/31,06:00,0.0, ,166990, ,12.72, ,0.00, ,98.5, 
2016/3/31,07:00,0.0, ,166990, ,2.54, ,0.00, ,98.5, 
2016/3/31,08:00,0.0, ,166990, ,0.00, ,0.00, ,98.5, 
2016/3/31,09:00,0.0, ,166990, ,0.00, ,0.00, ,98.4, 
2016/3/31,10:00,0.0, ,167050, ,9.92, ,0.00, ,98.4, 
2016/3/31,11:00,0.0, ,167100, ,14.50, ,0.00, ,98.5, 
2016/3/31,12:00,0.0, ,167160, ,9.16, ,0.00, ,98.5, 
2016/3/31,13:00,0.0, ,167160, ,12.22, ,0.00, ,98.4, 
2016/3/31,14:00,0.0, ,167210, ,14.76, ,0.00, ,98.4, 
2016/3/31,15:00,0.0, ,167270, ,8.65, ,0.00, ,98.5, 
2016/3/31,16:00,0.0, ,167320, ,9.93, ,0.00, ,98.5, 
2016/3/31,17:00,0.0, ,167320, ,12.47, ,1.60, ,98.4, 
2016/3/31,18:00,0.1, ,167320, ,13.24, ,29.00, ,98.4, 
2016/3/31,19:00,0.8, ,167210, ,25.79, ,55.40, ,98.3, 
2016/3/31,20:00,0.8, ,167050, ,14.79, ,55.40, ,98.2, 
2016/3/31,21:00,0.6, ,166880, ,12.13, ,39.50, ,98.0, 
2016/3/31,22:00,0.5, ,166880, ,3.26, ,0.00, ,98.0, 
2016/3/31,23:00,0.6, ,166940, ,1.02, ,0.00, ,98.0, 
2016/3/31,24:00,1.6, ,166940, ,14.23, ,0.00, ,98.0, 
