îCà”ä˙ä‘É_ÉÄèîó åüçıåãâ 
êÖånñº,ãgñÏêÏ
âÕêÏñº,ãgñÏêÏ
äœë™èäñº,ëÅñæâYÉ_ÉÄÅiã@ç\Åj
äœë™èäãLçÜ,1368080700010
#
#îNåéì˙,éûçè,ó¨àÊïΩãœâJó ,ó¨àÊïΩãœâJó ëÆê´,íôêÖó ,íôêÖó ëÆê´,ó¨ì¸ó ,ó¨ì¸ó ëÆê´,ï˙ó¨ó ,ï˙ó¨ó ëÆê´,íôêÖó¶,íôêÖó¶ëÆê´
#ëÆê´Å@$:åáë™ -:ñ¢éÛêM
#
2012/8/1,01:00,0.0, ,177040, ,17.12, ,18.50, ,95.2, 
2012/8/1,02:00,0.0, ,177040, ,4.51, ,18.90, ,95.2, 
2012/8/1,03:00,0.0, ,176990, ,6.35, ,18.90, ,95.2, 
2012/8/1,04:00,0.0, ,176930, ,10.54, ,18.70, ,95.2, 
2012/8/1,05:00,0.0, ,176870, ,7.14, ,19.00, ,95.1, 
2012/8/1,06:00,0.0, ,176870, ,4.58, ,21.40, ,95.1, 
2012/8/1,07:00,0.0, ,176820, ,5.49, ,18.90, ,95.1, 
2012/8/1,08:00,0.0, ,176700, ,8.35, ,32.60, ,95.0, 
2012/8/1,09:00,0.0, ,176590, ,11.56, ,59.10, ,95.0, 
2012/8/1,10:00,0.1, ,176420, ,14.54, ,59.20, ,94.9, 
2012/8/1,11:00,1.4, ,176250, ,14.70, ,60.80, ,94.8, 
2012/8/1,12:00,1.8, ,176080, ,18.71, ,60.70, ,94.7, 
2012/8/1,13:00,2.2, ,175910, ,16.13, ,60.50, ,94.6, 
2012/8/1,14:00,4.1, ,175740, ,18.01, ,60.80, ,94.5, 
2012/8/1,15:00,2.2, ,175630, ,19.32, ,59.20, ,94.4, 
2012/8/1,16:00,3.2, ,175570, ,22.84, ,43.30, ,94.4, 
2012/8/1,17:00,1.8, ,175460, ,19.15, ,46.10, ,94.3, 
2012/8/1,18:00,2.4, ,175400, ,21.32, ,43.20, ,94.3, 
2012/8/1,19:00,0.7, ,175350, ,23.00, ,43.40, ,94.2, 
2012/8/1,20:00,0.1, ,175290, ,20.22, ,21.80, ,94.2, 
2012/8/1,21:00,0.9, ,175290, ,15.04, ,18.50, ,94.2, 
2012/8/1,22:00,1.4, ,175290, ,18.75, ,18.80, ,94.2, 
2012/8/1,23:00,3.0, ,175290, ,19.91, ,21.40, ,94.2, 
2012/8/1,24:00,2.2, ,175230, ,8.50, ,19.10, ,94.2, 
2012/8/2,01:00,6.5, ,175230, ,15.13, ,19.20, ,94.2, 
2012/8/2,02:00,2.9, ,175230, ,18.76, ,18.50, ,94.2, 
2012/8/2,03:00,0.9, ,175230, ,18.76, ,18.60, ,94.2, 
2012/8/2,04:00,0.7, ,175180, ,6.50, ,19.10, ,94.1, 
2012/8/2,05:00,0.3, ,175180, ,16.50, ,21.90, ,94.1, 
2012/8/2,06:00,0.6, ,175120, ,16.57, ,18.50, ,94.1, 
2012/8/2,07:00,0.3, ,175120, ,7.03, ,18.60, ,94.1, 
2012/8/2,08:00,0.1, ,175120, ,18.79, ,18.50, ,94.1, 
2012/8/2,09:00,0.0, ,175120, ,18.79, ,18.70, ,94.1, 
2012/8/2,10:00,0.3, ,175060, ,16.98, ,32.20, ,94.1, 
2012/8/2,11:00,0.0, ,174950, ,20.31, ,58.20, ,94.0, 
2012/8/2,12:00,0.0, ,174780, ,23.04, ,60.70, ,93.9, 
2012/8/2,13:00,0.0, ,174670, ,18.30, ,60.70, ,93.8, 
2012/8/2,14:00,0.0, ,174500, ,21.40, ,58.10, ,93.7, 
2012/8/2,15:00,0.0, ,174390, ,18.74, ,59.00, ,93.7, 
2012/8/2,16:00,0.3, ,174330, ,19.70, ,30.30, ,93.6, 
2012/8/2,17:00,0.0, ,174270, ,15.65, ,21.60, ,93.6, 
2012/8/2,18:00,0.0, ,174270, ,10.62, ,18.90, ,93.6, 
2012/8/2,19:00,0.0, ,174270, ,18.80, ,18.80, ,93.6, 
2012/8/2,20:00,0.0, ,174270, ,19.96, ,22.10, ,93.6, 
2012/8/2,21:00,0.0, ,174220, ,13.56, ,18.80, ,93.6, 
2012/8/2,22:00,0.0, ,174220, ,10.26, ,18.80, ,93.6, 
2012/8/2,23:00,0.0, ,174220, ,18.82, ,18.50, ,93.6, 
2012/8/2,24:00,0.0, ,174160, ,5.55, ,19.00, ,93.5, 
2012/8/3,01:00,0.0, ,174160, ,16.48, ,18.90, ,93.5, 
2012/8/3,02:00,0.0, ,174110, ,6.32, ,19.00, ,93.5, 
2012/8/3,03:00,0.0, ,174050, ,15.45, ,19.20, ,93.5, 
2012/8/3,04:00,0.0, ,174050, ,3.48, ,18.70, ,93.5, 
2012/8/3,05:00,0.0, ,173990, ,9.03, ,21.40, ,93.5, 
2012/8/3,06:00,0.0, ,173940, ,7.83, ,18.90, ,93.4, 
2012/8/3,07:00,0.0, ,173880, ,8.97, ,19.10, ,93.4, 
2012/8/3,08:00,0.0, ,173880, ,5.61, ,20.50, ,93.4, 
2012/8/3,09:00,0.0, ,173710, ,6.08, ,46.30, ,93.3, 
2012/8/3,10:00,0.0, ,173540, ,14.66, ,61.20, ,93.2, 
2012/8/3,11:00,0.0, ,173430, ,15.95, ,58.40, ,93.1, 
2012/8/3,12:00,0.0, ,173260, ,17.28, ,23.90, ,93.0, 
2012/8/3,13:00,0.0, ,173210, ,11.29, ,32.60, ,93.0, 
2012/8/3,14:00,0.0, ,173100, ,20.32, ,58.20, ,92.9, 
2012/8/3,15:00,0.0, ,172930, ,17.51, ,60.90, ,92.8, 
2012/8/3,16:00,0.0, ,172760, ,14.04, ,58.10, ,92.7, 
2012/8/3,17:00,0.0, ,172590, ,20.51, ,61.50, ,92.6, 
2012/8/3,18:00,0.0, ,172480, ,17.50, ,58.30, ,92.6, 
2012/8/3,19:00,0.0, ,172370, ,17.39, ,39.60, ,92.5, 
2012/8/3,20:00,0.0, ,172370, ,11.90, ,21.90, ,92.5, 
2012/8/3,21:00,0.0, ,172370, ,20.66, ,18.60, ,92.5, 
2012/8/3,22:00,0.0, ,172310, ,11.93, ,19.10, ,92.5, 
2012/8/3,23:00,0.0, ,172310, ,10.36, ,18.60, ,92.5, 
2012/8/3,24:00,0.0, ,172310, ,20.04, ,21.70, ,92.5, 
2012/8/4,01:00,0.0, ,172260, ,5.14, ,18.70, ,92.5, 
2012/8/4,02:00,0.0, ,172200, ,7.51, ,18.70, ,92.4, 
2012/8/4,03:00,0.0, ,172140, ,6.21, ,18.90, ,92.4, 
2012/8/4,04:00,0.0, ,172090, ,7.25, ,18.70, ,92.4, 
2012/8/4,05:00,0.0, ,172030, ,6.74, ,18.80, ,92.3, 
2012/8/4,06:00,0.0, ,171980, ,5.32, ,22.30, ,92.3, 
2012/8/4,07:00,0.0, ,171870, ,7.66, ,44.10, ,92.2, 
2012/8/4,08:00,0.0, ,171700, ,10.73, ,58.50, ,92.1, 
2012/8/4,09:00,0.0, ,171530, ,10.33, ,58.80, ,92.0, 
2012/8/4,10:00,0.0, ,171360, ,14.11, ,61.40, ,91.9, 
2012/8/4,11:00,0.0, ,171200, ,13.15, ,61.20, ,91.8, 
2012/8/4,12:00,0.0, ,171030, ,16.67, ,58.50, ,91.7, 
2012/8/4,13:00,0.0, ,170920, ,15.00, ,46.70, ,91.7, 
2012/8/4,14:00,0.0, ,170810, ,17.04, ,58.20, ,91.6, 
2012/8/4,15:00,0.0, ,170640, ,19.35, ,58.60, ,91.5, 
2012/8/4,16:00,0.0, ,170470, ,16.69, ,61.30, ,91.4, 
2012/8/4,17:00,0.0, ,170310, ,16.44, ,61.60, ,91.3, 
2012/8/4,18:00,0.0, ,170200, ,17.66, ,58.50, ,91.3, 
2012/8/4,19:00,0.0, ,170030, ,15.73, ,58.90, ,91.2, 
2012/8/4,20:00,0.0, ,169860, ,18.65, ,61.60, ,91.1, 
2012/8/4,21:00,0.0, ,169700, ,15.30, ,61.50, ,91.0, 
2012/8/4,22:00,0.0, ,169530, ,17.85, ,58.90, ,90.9, 
2012/8/4,23:00,0.0, ,169420, ,12.68, ,44.20, ,90.8, 
2012/8/4,24:00,0.0, ,169420, ,12.01, ,18.80, ,90.8, 
2012/8/5,01:00,0.0, ,169360, ,14.92, ,19.00, ,90.8, 
2012/8/5,02:00,0.2, ,169360, ,7.74, ,19.00, ,90.8, 
2012/8/5,03:00,0.1, ,169310, ,4.44, ,19.30, ,90.7, 
2012/8/5,04:00,1.2, ,169250, ,8.55, ,19.00, ,90.7, 
2012/8/5,05:00,0.5, ,169200, ,7.27, ,18.80, ,90.7, 
2012/8/5,06:00,0.1, ,169140, ,7.12, ,21.70, ,90.6, 
2012/8/5,07:00,0.0, ,169090, ,7.31, ,31.60, ,90.6, 
2012/8/5,08:00,0.2, ,168920, ,7.86, ,58.90, ,90.5, 
2012/8/5,09:00,0.3, ,168700, ,11.37, ,58.60, ,90.4, 
2012/8/5,10:00,0.0, ,168590, ,14.06, ,59.10, ,90.3, 
2012/8/5,11:00,0.0, ,168420, ,11.73, ,44.10, ,90.2, 
2012/8/5,12:00,0.6, ,168370, ,16.36, ,44.30, ,90.2, 
2012/8/5,13:00,1.1, ,168260, ,16.30, ,44.30, ,90.1, 
2012/8/5,14:00,0.2, ,168150, ,14.58, ,44.50, ,90.1, 
2012/8/5,15:00,0.9, ,168040, ,15.83, ,44.40, ,90.0, 
2012/8/5,16:00,1.8, ,167930, ,21.64, ,59.20, ,89.9, 
2012/8/5,17:00,0.9, ,167760, ,16.89, ,61.60, ,89.8, 
2012/8/5,18:00,1.5, ,167600, ,20.56, ,61.90, ,89.8, 
2012/8/5,19:00,0.4, ,167490, ,17.32, ,62.30, ,89.7, 
2012/8/5,20:00,0.1, ,167320, ,18.63, ,62.00, ,89.6, 
2012/8/5,21:00,0.6, ,167160, ,16.09, ,62.20, ,89.5, 
2012/8/5,22:00,0.3, ,166990, ,17.04, ,59.30, ,89.4, 
2012/8/5,23:00,0.0, ,166830, ,17.78, ,62.20, ,89.3, 
2012/8/5,24:00,0.0, ,166720, ,17.43, ,47.90, ,89.2, 
2012/8/6,01:00,0.4, ,166660, ,12.49, ,22.40, ,89.2, 
2012/8/6,02:00,0.3, ,166610, ,11.90, ,16.10, ,89.2, 
2012/8/6,03:00,0.2, ,166610, ,4.94, ,19.00, ,89.2, 
2012/8/6,04:00,0.0, ,166550, ,8.97, ,19.30, ,89.2, 
2012/8/6,05:00,0.0, ,166500, ,3.86, ,19.40, ,89.1, 
2012/8/6,06:00,0.0, ,166440, ,8.50, ,19.20, ,89.1, 
2012/8/6,07:00,0.0, ,166390, ,6.63, ,22.40, ,89.1, 
2012/8/6,08:00,0.0, ,166330, ,8.47, ,31.30, ,89.0, 
2012/8/6,09:00,0.0, ,166170, ,9.61, ,59.30, ,88.9, 
2012/8/6,10:00,0.0, ,166010, ,12.74, ,59.30, ,88.8, 
2012/8/6,11:00,0.1, ,165840, ,13.92, ,62.10, ,88.7, 
2012/8/6,12:00,1.2, ,165680, ,14.70, ,58.40, ,88.6, 
2012/8/6,13:00,0.9, ,165570, ,18.17, ,36.10, ,88.6, 
2012/8/6,14:00,2.2, ,165460, ,18.16, ,59.10, ,88.5, 
2012/8/6,15:00,2.6, ,165300, ,21.51, ,62.10, ,88.4, 
2012/8/6,16:00,0.7, ,165190, ,20.67, ,59.40, ,88.4, 
2012/8/6,17:00,0.1, ,164970, ,17.66, ,62.50, ,88.2, 
2012/8/6,18:00,0.0, ,164910, ,21.28, ,59.20, ,88.2, 
2012/8/6,19:00,0.0, ,164700, ,19.71, ,62.40, ,88.1, 
2012/8/6,20:00,0.0, ,164590, ,19.83, ,59.60, ,88.0, 
2012/8/6,21:00,0.0, ,164420, ,20.56, ,62.00, ,87.9, 
2012/8/6,22:00,0.0, ,164370, ,18.22, ,37.20, ,87.9, 
2012/8/6,23:00,0.0, ,164320, ,10.29, ,22.60, ,87.9, 
2012/8/6,24:00,0.0, ,164320, ,19.83, ,19.70, ,87.9, 
2012/8/7,01:00,0.0, ,164210, ,13.40, ,44.60, ,87.8, 
2012/8/7,02:00,0.0, ,164100, ,18.41, ,44.60, ,87.7, 
2012/8/7,03:00,0.0, ,163990, ,8.52, ,37.10, ,87.7, 
2012/8/7,04:00,0.0, ,163940, ,5.68, ,0.00, ,87.6, 
2012/8/7,05:00,0.0, ,163990, ,0.25, ,0.00, ,87.7, 
2012/8/7,06:00,0.0, ,163990, ,14.83, ,0.00, ,87.7, 
2012/8/7,07:00,0.0, ,163990, ,2.64, ,19.20, ,87.7, 
2012/8/7,08:00,0.0, ,163990, ,8.87, ,4.40, ,87.7, 
2012/8/7,09:00,0.0, ,163990, ,15.33, ,31.60, ,87.7, 
2012/8/7,10:00,0.0, ,163770, ,12.70, ,59.50, ,87.5, 
2012/8/7,11:00,0.0, ,163610, ,16.98, ,62.50, ,87.5, 
2012/8/7,12:00,0.0, ,163500, ,17.66, ,59.50, ,87.4, 
2012/8/7,13:00,0.0, ,163290, ,15.35, ,62.50, ,87.3, 
2012/8/7,14:00,0.0, ,163120, ,15.24, ,59.60, ,87.2, 
2012/8/7,15:00,1.7, ,162960, ,12.96, ,62.60, ,87.1, 
2012/8/7,16:00,0.3, ,162850, ,19.36, ,59.50, ,87.0, 
2012/8/7,17:00,0.0, ,162640, ,16.31, ,62.50, ,86.9, 
2012/8/7,18:00,0.0, ,162530, ,17.64, ,62.60, ,86.8, 
2012/8/7,19:00,0.0, ,162370, ,18.81, ,60.00, ,86.7, 
2012/8/7,20:00,0.0, ,162200, ,18.47, ,63.10, ,86.6, 
2012/8/7,21:00,0.0, ,162040, ,15.62, ,59.50, ,86.5, 
2012/8/7,22:00,0.0, ,161880, ,16.57, ,62.90, ,86.5, 
2012/8/7,23:00,0.0, ,161720, ,15.78, ,47.70, ,86.4, 
2012/8/7,24:00,0.0, ,161670, ,12.78, ,23.90, ,86.3, 
2012/8/8,01:00,0.0, ,161670, ,16.21, ,19.30, ,86.3, 
2012/8/8,02:00,0.0, ,161610, ,6.19, ,19.20, ,86.3, 
2012/8/8,03:00,0.0, ,161560, ,3.93, ,19.30, ,86.3, 
2012/8/8,04:00,0.0, ,161500, ,6.93, ,19.30, ,86.2, 
2012/8/8,05:00,0.0, ,161450, ,7.39, ,22.20, ,86.2, 
2012/8/8,06:00,0.0, ,161400, ,6.06, ,19.80, ,86.2, 
2012/8/8,07:00,0.0, ,161340, ,6.00, ,20.00, ,86.1, 
2012/8/8,08:00,0.0, ,161240, ,8.94, ,31.70, ,86.1, 
2012/8/8,09:00,0.0, ,161070, ,7.28, ,59.60, ,86.0, 
2012/8/8,10:00,0.0, ,160910, ,12.13, ,62.90, ,85.9, 
2012/8/8,11:00,0.0, ,160750, ,12.28, ,59.90, ,85.8, 
2012/8/8,12:00,0.0, ,160590, ,16.14, ,63.00, ,85.7, 
2012/8/8,13:00,0.0, ,160430, ,16.26, ,59.80, ,85.6, 
2012/8/8,14:00,0.0, ,160220, ,15.49, ,63.00, ,85.5, 
2012/8/8,15:00,0.0, ,160050, ,16.33, ,62.80, ,85.4, 
2012/8/8,16:00,0.0, ,159890, ,16.71, ,60.00, ,85.3, 
2012/8/8,17:00,0.0, ,159730, ,15.13, ,63.30, ,85.2, 
2012/8/8,18:00,0.0, ,159570, ,17.56, ,60.10, ,85.1, 
2012/8/8,19:00,0.0, ,159410, ,14.75, ,63.20, ,85.0, 
2012/8/8,20:00,0.0, ,159250, ,17.87, ,60.30, ,84.9, 
2012/8/8,21:00,0.0, ,159090, ,15.12, ,63.10, ,84.8, 
2012/8/8,22:00,0.0, ,158930, ,17.21, ,60.30, ,84.7, 
2012/8/8,23:00,0.0, ,158770, ,15.01, ,59.90, ,84.7, 
2012/8/8,24:00,0.0, ,158660, ,16.22, ,39.40, ,84.6, 
2012/8/9,01:00,0.0, ,158610, ,9.52, ,19.30, ,84.6, 
2012/8/9,02:00,0.0, ,158560, ,6.19, ,19.60, ,84.5, 
2012/8/9,03:00,0.0, ,158500, ,4.02, ,19.50, ,84.5, 
2012/8/9,04:00,0.0, ,158500, ,8.18, ,19.30, ,84.5, 
2012/8/9,05:00,0.0, ,158450, ,4.71, ,19.70, ,84.5, 
2012/8/9,06:00,0.0, ,158340, ,6.45, ,19.60, ,84.4, 
2012/8/9,07:00,0.0, ,158290, ,5.81, ,22.80, ,84.4, 
2012/8/9,08:00,0.0, ,158240, ,6.68, ,32.50, ,84.3, 
2012/8/9,09:00,0.0, ,158080, ,8.68, ,60.30, ,84.3, 
2012/8/9,10:00,0.0, ,157860, ,10.34, ,60.10, ,84.1, 
2012/8/9,11:00,0.0, ,157700, ,13.27, ,62.20, ,84.0, 
2012/8/9,12:00,0.0, ,157540, ,14.20, ,60.40, ,83.9, 
2012/8/9,13:00,0.0, ,157390, ,14.91, ,62.70, ,83.9, 
2012/8/9,14:00,0.0, ,157170, ,15.41, ,62.20, ,83.7, 
2012/8/9,15:00,0.0, ,157010, ,14.73, ,62.50, ,83.6, 
2012/8/9,16:00,0.0, ,156850, ,14.55, ,62.50, ,83.5, 
2012/8/9,17:00,0.0, ,156690, ,17.76, ,60.50, ,83.5, 
2012/8/9,18:00,0.0, ,156540, ,13.99, ,62.80, ,83.4, 
2012/8/9,19:00,0.0, ,156380, ,16.16, ,62.40, ,83.3, 
2012/8/9,20:00,0.0, ,156160, ,15.29, ,62.90, ,83.1, 
2012/8/9,21:00,0.0, ,156010, ,16.98, ,60.60, ,83.1, 
2012/8/9,22:00,0.0, ,155900, ,15.03, ,42.50, ,83.0, 
2012/8/9,23:00,0.0, ,155900, ,11.98, ,22.40, ,83.0, 
2012/8/9,24:00,0.0, ,155850, ,13.92, ,19.60, ,83.0, 
2012/8/10,01:00,0.0, ,155790, ,11.86, ,19.60, ,82.9, 
2012/8/10,02:00,0.0, ,155790, ,5.71, ,19.40, ,82.9, 
2012/8/10,03:00,0.0, ,155690, ,4.90, ,19.30, ,82.9, 
2012/8/10,04:00,0.0, ,155690, ,5.90, ,19.80, ,82.9, 
2012/8/10,05:00,0.0, ,155580, ,5.64, ,19.40, ,82.8, 
2012/8/10,06:00,0.0, ,155530, ,6.35, ,22.50, ,82.8, 
2012/8/10,07:00,0.0, ,155480, ,5.92, ,20.10, ,82.8, 
2012/8/10,08:00,0.0, ,155370, ,7.47, ,35.60, ,82.7, 
2012/8/10,09:00,0.0, ,155210, ,4.81, ,60.80, ,82.6, 
2012/8/10,10:00,0.0, ,155060, ,12.27, ,60.60, ,82.5, 
2012/8/10,11:00,0.0, ,154850, ,11.40, ,63.00, ,82.4, 
2012/8/10,12:00,0.0, ,154690, ,12.68, ,62.60, ,82.3, 
2012/8/10,13:00,0.0, ,154480, ,15.40, ,63.10, ,82.2, 
2012/8/10,14:00,0.0, ,154320, ,14.51, ,62.90, ,82.1, 
2012/8/10,15:00,0.0, ,154160, ,14.98, ,61.00, ,82.0, 
2012/8/10,16:00,0.0, ,154000, ,14.63, ,62.80, ,81.9, 
2012/8/10,17:00,0.0, ,153800, ,15.38, ,62.80, ,81.8, 
2012/8/10,18:00,0.0, ,153640, ,15.22, ,63.00, ,81.7, 
2012/8/10,19:00,0.0, ,153480, ,16.41, ,61.10, ,81.6, 
2012/8/10,20:00,0.0, ,153320, ,16.09, ,63.10, ,81.5, 
2012/8/10,21:00,0.0, ,153170, ,14.89, ,63.10, ,81.4, 
2012/8/10,22:00,1.1, ,152960, ,15.44, ,63.00, ,81.3, 
2012/8/10,23:00,0.9, ,152800, ,15.45, ,61.40, ,81.2, 
2012/8/10,24:00,1.1, ,152700, ,17.67, ,44.40, ,81.1, 
2012/8/11,01:00,0.0, ,152650, ,10.43, ,23.10, ,81.1, 
2012/8/11,02:00,0.1, ,152590, ,5.99, ,19.80, ,81.1, 
2012/8/11,03:00,0.0, ,152540, ,5.50, ,22.40, ,81.1, 
2012/8/11,04:00,0.0, ,152490, ,6.42, ,20.80, ,81.0, 
2012/8/11,05:00,0.0, ,152440, ,5.04, ,20.80, ,81.0, 
2012/8/11,06:00,0.0, ,152380, ,7.33, ,20.60, ,81.0, 
2012/8/11,07:00,0.0, ,152330, ,4.98, ,20.60, ,80.9, 
2012/8/11,08:00,0.0, ,152180, ,6.48, ,46.20, ,80.8, 
2012/8/11,09:00,0.5, ,152020, ,11.12, ,61.60, ,80.8, 
2012/8/11,10:00,1.8, ,151860, ,12.18, ,61.50, ,80.7, 
2012/8/11,11:00,4.0, ,151660, ,14.26, ,63.50, ,80.5, 
2012/8/11,12:00,0.4, ,151500, ,18.40, ,63.10, ,80.5, 
2012/8/11,13:00,0.0, ,151350, ,16.69, ,61.40, ,80.4, 
2012/8/11,14:00,0.0, ,151190, ,14.65, ,63.80, ,80.3, 
2012/8/11,15:00,0.0, ,150980, ,16.63, ,63.80, ,80.2, 
2012/8/11,16:00,0.2, ,150830, ,18.39, ,63.60, ,80.1, 
2012/8/11,17:00,0.0, ,150670, ,15.48, ,61.70, ,80.0, 
2012/8/11,18:00,0.0, ,150520, ,19.21, ,63.40, ,79.9, 
2012/8/11,19:00,0.0, ,150360, ,15.43, ,63.20, ,79.8, 
2012/8/11,20:00,0.5, ,150150, ,14.71, ,63.60, ,79.7, 
2012/8/11,21:00,0.2, ,150000, ,14.18, ,61.60, ,79.6, 
2012/8/11,22:00,0.0, ,149790, ,18.36, ,63.50, ,79.5, 
2012/8/11,23:00,0.0, ,149740, ,13.26, ,41.50, ,79.4, 
2012/8/11,24:00,0.0, ,149690, ,12.88, ,23.60, ,79.4, 
2012/8/12,01:00,0.0, ,149640, ,11.54, ,20.40, ,79.4, 
2012/8/12,02:00,0.0, ,149590, ,5.31, ,20.50, ,79.3, 
2012/8/12,03:00,0.1, ,149530, ,5.29, ,20.10, ,79.3, 
2012/8/12,04:00,0.0, ,149480, ,8.66, ,35.00, ,79.3, 
2012/8/12,05:00,0.0, ,149380, ,6.56, ,35.90, ,79.2, 
2012/8/12,06:00,0.0, ,149280, ,4.82, ,20.40, ,79.2, 
2012/8/12,07:00,0.0, ,149230, ,9.13, ,23.20, ,79.1, 
2012/8/12,08:00,0.0, ,149120, ,6.89, ,23.50, ,79.1, 
2012/8/12,09:00,0.0, ,149020, ,6.94, ,51.00, ,79.0, 
2012/8/12,10:00,0.0, ,148810, ,10.19, ,60.70, ,78.9, 
2012/8/12,11:00,0.0, ,148660, ,13.55, ,63.30, ,78.8, 
2012/8/12,12:00,0.0, ,148500, ,16.87, ,60.90, ,78.7, 
2012/8/12,13:00,0.5, ,148300, ,14.67, ,62.10, ,78.6, 
2012/8/12,14:00,1.2, ,148140, ,15.22, ,62.30, ,78.5, 
2012/8/12,15:00,3.7, ,147990, ,16.05, ,62.40, ,78.4, 
2012/8/12,16:00,10.2, ,147840, ,23.43, ,62.90, ,78.3, 
2012/8/12,17:00,0.3, ,147680, ,21.00, ,60.60, ,78.2, 
2012/8/12,18:00,0.1, ,147580, ,20.39, ,62.40, ,78.2, 
2012/8/12,19:00,0.0, ,147430, ,19.66, ,60.30, ,78.1, 
2012/8/12,20:00,0.2, ,147270, ,18.83, ,62.60, ,78.0, 
2012/8/12,21:00,0.1, ,147120, ,19.14, ,62.60, ,77.9, 
2012/8/12,22:00,0.0, ,146970, ,21.23, ,59.30, ,77.8, 
2012/8/12,23:00,0.0, ,146910, ,20.30, ,32.40, ,77.8, 
2012/8/12,24:00,0.1, ,146910, ,20.30, ,20.00, ,77.8, 
2012/8/13,01:00,0.2, ,146860, ,11.19, ,24.00, ,77.8, 
2012/8/13,02:00,0.0, ,146810, ,10.39, ,17.20, ,77.7, 
2012/8/13,03:00,0.0, ,146760, ,8.11, ,20.00, ,77.7, 
2012/8/13,04:00,0.0, ,146710, ,6.48, ,29.40, ,77.7, 
2012/8/13,05:00,0.0, ,146610, ,9.91, ,37.60, ,77.6, 
2012/8/13,06:00,0.0, ,146510, ,10.53, ,32.60, ,77.6, 
2012/8/13,07:00,0.0, ,146450, ,6.06, ,20.40, ,77.5, 
2012/8/13,08:00,0.3, ,146350, ,8.18, ,33.20, ,77.5, 
2012/8/13,09:00,0.0, ,146200, ,7.71, ,59.20, ,77.4, 
2012/8/13,10:00,0.0, ,146100, ,11.77, ,30.80, ,77.3, 
2012/8/13,11:00,0.0, ,146050, ,10.83, ,34.70, ,77.3, 
2012/8/13,12:00,0.0, ,145990, ,14.58, ,31.50, ,77.3, 
2012/8/13,13:00,0.0, ,145940, ,17.70, ,33.00, ,77.2, 
2012/8/13,14:00,1.0, ,145740, ,7.77, ,60.80, ,77.1, 
2012/8/13,15:00,3.1, ,145640, ,24.97, ,62.40, ,77.1, 
2012/8/13,16:00,0.9, ,145490, ,26.88, ,61.00, ,77.0, 
2012/8/13,17:00,0.0, ,145330, ,20.59, ,62.70, ,76.9, 
2012/8/13,18:00,0.0, ,145180, ,19.02, ,63.20, ,76.8, 
2012/8/13,19:00,0.0, ,145030, ,16.30, ,62.90, ,76.7, 
2012/8/13,20:00,0.0, ,144880, ,17.49, ,61.20, ,76.6, 
2012/8/13,21:00,0.0, ,144720, ,19.61, ,61.30, ,76.5, 
2012/8/13,22:00,0.0, ,144620, ,17.40, ,43.60, ,76.5, 
2012/8/13,23:00,0.0, ,144570, ,16.56, ,23.80, ,76.4, 
2012/8/13,24:00,0.0, ,144520, ,13.20, ,20.30, ,76.4, 
2012/8/14,01:00,0.0, ,144520, ,6.68, ,20.10, ,76.4, 
2012/8/14,02:00,0.0, ,144470, ,10.16, ,20.20, ,76.4, 
2012/8/14,03:00,0.1, ,144420, ,8.52, ,20.10, ,76.4, 
2012/8/14,04:00,4.2, ,144370, ,6.08, ,20.10, ,76.3, 
2012/8/14,05:00,5.5, ,144370, ,14.13, ,20.10, ,76.3, 
2012/8/14,06:00,1.2, ,144320, ,10.22, ,23.00, ,76.3, 
2012/8/14,07:00,0.6, ,144270, ,8.09, ,20.40, ,76.3, 
2012/8/14,08:00,1.4, ,144220, ,6.21, ,20.10, ,76.2, 
2012/8/14,09:00,3.2, ,144170, ,8.08, ,20.20, ,76.2, 
2012/8/14,10:00,1.0, ,144170, ,15.57, ,20.70, ,76.2, 
2012/8/14,11:00,0.2, ,144120, ,18.40, ,20.40, ,76.2, 
2012/8/14,12:00,0.1, ,144120, ,8.12, ,20.30, ,76.2, 
2012/8/14,13:00,0.2, ,144120, ,20.30, ,21.00, ,76.2, 
2012/8/14,14:00,0.1, ,144120, ,20.29, ,20.60, ,76.2, 
2012/8/14,15:00,0.1, ,144070, ,10.45, ,20.10, ,76.2, 
2012/8/14,16:00,0.0, ,144070, ,16.05, ,20.20, ,76.2, 
2012/8/14,17:00,0.1, ,144070, ,10.26, ,2.10, ,76.2, 
2012/8/14,18:00,0.5, ,144070, ,10.19, ,20.60, ,76.2, 
2012/8/14,19:00,0.0, ,144070, ,24.11, ,27.90, ,76.2, 
2012/8/14,20:00,0.0, ,144020, ,26.30, ,31.30, ,76.1, 
2012/8/14,21:00,0.0, ,144020, ,14.85, ,20.20, ,76.1, 
2012/8/14,22:00,0.0, ,144020, ,20.26, ,20.00, ,76.1, 
2012/8/14,23:00,0.0, ,143970, ,9.51, ,20.40, ,76.1, 
2012/8/14,24:00,0.0, ,143970, ,18.22, ,23.00, ,76.1, 
2012/8/15,01:00,0.0, ,143910, ,13.53, ,28.20, ,76.1, 
2012/8/15,02:00,3.6, ,143860, ,15.49, ,28.50, ,76.1, 
2012/8/15,03:00,0.5, ,143810, ,16.88, ,28.30, ,76.1, 
2012/8/15,04:00,0.0, ,143760, ,13.15, ,28.30, ,76.1, 
2012/8/15,05:00,0.1, ,143660, ,8.79, ,31.50, ,76.1, 
2012/8/15,06:00,0.4, ,143610, ,9.69, ,28.00, ,76.1, 
2012/8/15,07:00,0.3, ,143510, ,9.70, ,28.50, ,76.0, 
2012/8/15,08:00,1.6, ,143410, ,14.06, ,53.30, ,76.0, 
2012/8/15,09:00,0.0, ,143260, ,17.62, ,61.40, ,76.0, 
2012/8/15,10:00,0.8, ,143110, ,16.95, ,61.20, ,75.9, 
2012/8/15,11:00,0.6, ,142960, ,18.98, ,63.40, ,75.8, 
2012/8/15,12:00,0.3, ,142810, ,21.31, ,60.50, ,75.8, 
2012/8/15,13:00,0.5, ,142710, ,22.38, ,37.80, ,75.8, 
2012/8/15,14:00,1.7, ,142610, ,18.68, ,60.80, ,75.7, 
2012/8/15,15:00,0.6, ,142460, ,24.38, ,61.00, ,75.7, 
2012/8/15,16:00,0.0, ,142310, ,20.88, ,59.00, ,75.6, 
2012/8/15,17:00,0.4, ,142260, ,21.59, ,31.60, ,75.6, 
2012/8/15,18:00,0.5, ,142260, ,14.37, ,23.60, ,75.6, 
2012/8/15,19:00,1.4, ,142260, ,22.23, ,20.10, ,75.7, 
2012/8/15,20:00,0.6, ,142260, ,10.28, ,0.00, ,75.7, 
2012/8/15,21:00,0.3, ,142310, ,8.12, ,0.00, ,75.8, 
2012/8/15,22:00,0.0, ,142360, ,18.81, ,1.00, ,75.8, 
2012/8/15,23:00,0.1, ,142410, ,20.15, ,20.30, ,75.9, 
2012/8/15,24:00,0.1, ,142410, ,25.20, ,20.00, ,75.9, 
2012/8/16,01:00,0.3, ,142410, ,20.32, ,20.10, ,75.9, 
2012/8/16,02:00,0.5, ,142360, ,9.89, ,20.40, ,75.9, 
2012/8/16,03:00,0.2, ,142360, ,16.83, ,20.10, ,76.0, 
2012/8/16,04:00,0.0, ,142310, ,8.25, ,20.20, ,76.0, 
2012/8/16,05:00,0.0, ,142260, ,13.89, ,23.20, ,76.0, 
2012/8/16,06:00,0.0, ,142260, ,4.08, ,2.70, ,76.0, 
2012/8/16,07:00,0.0, ,142260, ,10.24, ,20.40, ,76.0, 
2012/8/16,08:00,0.0, ,142200, ,11.29, ,20.20, ,76.0, 
2012/8/16,09:00,0.0, ,142150, ,11.03, ,20.10, ,76.0, 
2012/8/16,10:00,0.1, ,142150, ,10.81, ,20.20, ,76.1, 
2012/8/16,11:00,0.0, ,142100, ,16.14, ,24.80, ,76.1, 
2012/8/16,12:00,0.0, ,142000, ,15.75, ,48.80, ,76.0, 
2012/8/16,13:00,0.0, ,141950, ,19.23, ,35.00, ,76.0, 
2012/8/16,14:00,0.0, ,141800, ,18.58, ,59.60, ,76.0, 
2012/8/16,15:00,0.0, ,141650, ,20.39, ,63.10, ,75.9, 
2012/8/16,16:00,0.0, ,141500, ,16.69, ,63.50, ,75.9, 
2012/8/16,17:00,0.0, ,141300, ,18.81, ,63.40, ,75.8, 
2012/8/16,18:00,0.0, ,141160, ,16.33, ,63.20, ,75.7, 
2012/8/16,19:00,0.0, ,141010, ,18.37, ,61.10, ,75.7, 
2012/8/16,20:00,0.0, ,140860, ,15.94, ,54.50, ,75.6, 
2012/8/16,21:00,0.0, ,140810, ,15.31, ,23.30, ,75.6, 
2012/8/16,22:00,0.0, ,140810, ,16.74, ,20.60, ,75.6, 
2012/8/16,23:00,0.0, ,140760, ,8.63, ,20.40, ,75.6, 
2012/8/16,24:00,0.0, ,140760, ,18.31, ,20.70, ,75.7, 
2012/8/17,01:00,0.0, ,140710, ,6.78, ,21.00, ,75.7, 
2012/8/17,02:00,0.0, ,140660, ,10.71, ,20.40, ,75.7, 
2012/8/17,03:00,0.0, ,140610, ,9.55, ,20.00, ,75.7, 
2012/8/17,04:00,0.0, ,140560, ,9.32, ,20.60, ,75.7, 
2012/8/17,05:00,0.0, ,140510, ,5.88, ,23.50, ,75.7, 
2012/8/17,06:00,0.0, ,140460, ,10.29, ,20.30, ,75.7, 
2012/8/17,07:00,0.0, ,140410, ,5.39, ,20.70, ,75.7, 
2012/8/17,08:00,0.0, ,140310, ,7.23, ,37.40, ,75.6, 
2012/8/17,09:00,0.0, ,140110, ,12.97, ,61.50, ,75.6, 
2012/8/17,10:00,0.0, ,139960, ,11.02, ,63.80, ,75.5, 
2012/8/17,11:00,0.0, ,139760, ,14.09, ,63.30, ,75.4, 
2012/8/17,12:00,0.0, ,139610, ,16.81, ,61.60, ,75.3, 
2012/8/17,13:00,0.0, ,139510, ,14.38, ,39.10, ,75.3, 
2012/8/17,14:00,0.0, ,139370, ,15.22, ,61.60, ,75.3, 
2012/8/17,15:00,1.4, ,139220, ,17.15, ,63.60, ,75.2, 
2012/8/17,16:00,0.2, ,139020, ,21.65, ,63.60, ,75.1, 
2012/8/17,17:00,0.4, ,138870, ,13.81, ,61.30, ,75.1, 
2012/8/17,18:00,1.0, ,138720, ,16.62, ,63.80, ,75.0, 
2012/8/17,19:00,0.1, ,138620, ,17.42, ,43.90, ,75.0, 
2012/8/17,20:00,0.0, ,138520, ,18.23, ,44.40, ,74.9, 
2012/8/17,21:00,0.0, ,138470, ,12.81, ,20.20, ,74.9, 
2012/8/17,22:00,0.0, ,138470, ,15.87, ,20.70, ,75.0, 
2012/8/17,23:00,0.0, ,138420, ,13.00, ,23.60, ,75.0, 
2012/8/17,24:00,0.0, ,138420, ,17.31, ,20.30, ,75.0, 
2012/8/18,01:00,0.0, ,138370, ,16.35, ,21.00, ,75.0, 
2012/8/18,02:00,0.0, ,138330, ,10.62, ,20.70, ,75.0, 
2012/8/18,03:00,0.0, ,138280, ,6.06, ,20.50, ,75.0, 
2012/8/18,04:00,0.0, ,138280, ,8.30, ,20.70, ,75.0, 
2012/8/18,05:00,0.0, ,138180, ,7.86, ,23.30, ,75.0, 
2012/8/18,06:00,0.0, ,138180, ,8.92, ,20.40, ,75.0, 
2012/8/18,07:00,0.0, ,138080, ,6.41, ,20.90, ,75.0, 
2012/8/18,08:00,0.0, ,138030, ,7.89, ,20.60, ,75.0, 
2012/8/18,09:00,0.0, ,137980, ,5.99, ,20.40, ,75.0, 
2012/8/18,10:00,0.0, ,137980, ,8.58, ,20.30, ,75.0, 
2012/8/18,11:00,0.0, ,137930, ,9.58, ,23.60, ,75.0, 
2012/8/18,12:00,0.0, ,137880, ,16.05, ,31.50, ,75.0, 
2012/8/18,13:00,0.0, ,137830, ,10.79, ,20.30, ,75.0, 
2012/8/18,14:00,0.0, ,137780, ,14.08, ,20.60, ,75.0, 
2012/8/18,15:00,0.0, ,137730, ,8.22, ,30.60, ,75.0, 
2012/8/18,16:00,0.9, ,137590, ,18.77, ,52.00, ,75.0, 
2012/8/18,17:00,0.0, ,137540, ,10.66, ,23.40, ,75.0, 
2012/8/18,18:00,0.0, ,137490, ,16.77, ,31.90, ,75.0, 
2012/8/18,19:00,0.0, ,137440, ,16.07, ,20.90, ,75.0, 
2012/8/18,20:00,0.0, ,137440, ,13.84, ,33.10, ,75.0, 
2012/8/18,21:00,0.0, ,137240, ,14.09, ,61.40, ,74.9, 
2012/8/18,22:00,0.0, ,137090, ,19.18, ,61.80, ,74.9, 
2012/8/18,23:00,0.0, ,136950, ,15.05, ,57.90, ,74.8, 
2012/8/18,24:00,0.0, ,136850, ,16.68, ,28.50, ,74.8, 
2012/8/19,01:00,0.0, ,136850, ,9.74, ,20.70, ,74.8, 
2012/8/19,02:00,0.2, ,136800, ,8.89, ,20.60, ,74.8, 
2012/8/19,03:00,0.3, ,136750, ,10.29, ,20.50, ,74.8, 
2012/8/19,04:00,0.0, ,136700, ,9.34, ,20.50, ,74.8, 
2012/8/19,05:00,0.0, ,136650, ,6.11, ,23.40, ,74.8, 
2012/8/19,06:00,0.0, ,136600, ,5.99, ,20.60, ,74.8, 
2012/8/19,07:00,0.0, ,136550, ,8.46, ,20.70, ,74.8, 
2012/8/19,08:00,0.0, ,136500, ,8.46, ,21.30, ,74.8, 
2012/8/19,09:00,0.0, ,136450, ,5.74, ,20.70, ,74.8, 
2012/8/19,10:00,0.0, ,136400, ,6.65, ,20.70, ,74.8, 
2012/8/19,11:00,0.0, ,136260, ,10.19, ,47.50, ,74.8, 
2012/8/19,12:00,0.0, ,136110, ,16.49, ,64.00, ,74.7, 
2012/8/19,13:00,1.6, ,135960, ,18.40, ,63.90, ,74.7, 
2012/8/19,14:00,0.0, ,135770, ,16.27, ,61.70, ,74.6, 
2012/8/19,15:00,0.5, ,135620, ,13.23, ,63.70, ,74.5, 
2012/8/19,16:00,2.2, ,135430, ,15.81, ,64.10, ,74.4, 
2012/8/19,17:00,0.3, ,135280, ,20.26, ,60.50, ,74.4, 
2012/8/19,18:00,0.2, ,135230, ,20.13, ,31.60, ,74.4, 
2012/8/19,19:00,0.0, ,135130, ,13.30, ,41.20, ,74.3, 
2012/8/19,20:00,0.1, ,135030, ,15.12, ,44.90, ,74.3, 
2012/8/19,21:00,0.2, ,134940, ,14.98, ,44.40, ,74.3, 
2012/8/19,22:00,0.0, ,134790, ,13.22, ,44.00, ,74.2, 
2012/8/19,23:00,0.0, ,134740, ,15.65, ,23.40, ,74.2, 
2012/8/19,24:00,0.0, ,134740, ,10.74, ,20.20, ,74.3, 
2012/8/20,01:00,0.1, ,134690, ,11.34, ,20.50, ,74.3, 
2012/8/20,02:00,0.0, ,134650, ,7.94, ,20.70, ,74.3, 
2012/8/20,03:00,0.5, ,134600, ,5.87, ,20.30, ,74.3, 
2012/8/20,04:00,0.5, ,134550, ,8.39, ,20.80, ,74.3, 
2012/8/20,05:00,0.4, ,134500, ,6.81, ,23.50, ,74.3, 
2012/8/20,06:00,0.0, ,134450, ,10.53, ,20.30, ,74.3, 
2012/8/20,07:00,0.5, ,134400, ,5.43, ,21.30, ,74.3, 
2012/8/20,08:00,0.3, ,134300, ,9.41, ,20.30, ,74.2, 
2012/8/20,09:00,0.0, ,134300, ,6.01, ,20.80, ,74.3, 
2012/8/20,10:00,0.1, ,134210, ,7.95, ,20.70, ,74.2, 
2012/8/20,11:00,0.1, ,134160, ,8.05, ,32.20, ,74.2, 
2012/8/20,12:00,0.1, ,134010, ,15.23, ,57.30, ,74.2, 
2012/8/20,13:00,0.0, ,133920, ,15.28, ,35.60, ,74.1, 
2012/8/20,14:00,0.0, ,133770, ,13.48, ,62.20, ,74.1, 
2012/8/20,15:00,1.3, ,133580, ,16.09, ,62.10, ,74.0, 
2012/8/20,16:00,0.8, ,133430, ,15.10, ,62.50, ,73.9, 
2012/8/20,17:00,0.5, ,133240, ,13.03, ,62.40, ,73.9, 
2012/8/20,18:00,0.0, ,133140, ,15.79, ,51.20, ,73.8, 
2012/8/20,19:00,0.0, ,133000, ,16.18, ,44.60, ,73.8, 
2012/8/20,20:00,0.1, ,133000, ,12.55, ,24.10, ,73.8, 
2012/8/20,21:00,0.0, ,132950, ,9.56, ,20.40, ,73.8, 
2012/8/20,22:00,0.0, ,132900, ,12.15, ,20.70, ,73.8, 
2012/8/20,23:00,0.0, ,132900, ,15.26, ,20.40, ,73.8, 
2012/8/20,24:00,0.2, ,132850, ,10.68, ,24.00, ,73.8, 
2012/8/21,01:00,0.0, ,132800, ,12.68, ,20.50, ,73.8, 
2012/8/21,02:00,0.0, ,132750, ,5.55, ,20.60, ,73.8, 
2012/8/21,03:00,0.1, ,132710, ,8.34, ,20.60, ,73.8, 
2012/8/21,04:00,0.0, ,132560, ,7.32, ,39.80, ,73.8, 
2012/8/21,05:00,0.0, ,132460, ,8.63, ,39.70, ,73.7, 
2012/8/21,06:00,0.0, ,132320, ,7.97, ,43.00, ,73.7, 
2012/8/21,07:00,0.2, ,132220, ,8.21, ,40.00, ,73.7, 
2012/8/21,08:00,0.4, ,132130, ,8.91, ,39.30, ,73.6, 
2012/8/21,09:00,2.7, ,131930, ,6.89, ,62.40, ,73.5, 
2012/8/21,10:00,0.0, ,131740, ,11.66, ,60.60, ,73.5, 
2012/8/21,11:00,0.3, ,131550, ,13.76, ,62.40, ,73.4, 
2012/8/21,12:00,0.7, ,131410, ,16.59, ,62.90, ,73.3, 
2012/8/21,13:00,1.0, ,131210, ,16.45, ,62.70, ,73.2, 
2012/8/21,14:00,5.0, ,131070, ,15.62, ,60.50, ,73.2, 
2012/8/21,15:00,0.4, ,130930, ,15.98, ,59.90, ,73.1, 
2012/8/21,16:00,0.0, ,130830, ,14.64, ,35.20, ,73.1, 
2012/8/21,17:00,1.0, ,130780, ,13.17, ,31.90, ,73.1, 
2012/8/21,18:00,0.0, ,130690, ,12.38, ,30.30, ,73.1, 
2012/8/21,19:00,0.0, ,130730, ,5.64, ,0.00, ,73.1, 
2012/8/21,20:00,0.0, ,130780, ,16.84, ,0.00, ,73.2, 
2012/8/21,21:00,0.0, ,130830, ,11.08, ,0.00, ,73.2, 
2012/8/21,22:00,0.0, ,130880, ,10.45, ,2.00, ,73.3, 
2012/8/21,23:00,0.0, ,130880, ,21.66, ,20.80, ,73.3, 
2012/8/21,24:00,0.0, ,130880, ,20.69, ,20.70, ,73.4, 
2012/8/22,01:00,0.6, ,130830, ,9.33, ,23.90, ,73.4, 
2012/8/22,02:00,0.3, ,130780, ,12.06, ,17.60, ,73.4, 
2012/8/22,03:00,0.0, ,130730, ,8.81, ,21.00, ,73.4, 
2012/8/22,04:00,0.7, ,130690, ,6.01, ,20.60, ,73.4, 
2012/8/22,05:00,0.6, ,130640, ,8.05, ,20.50, ,73.4, 
2012/8/22,06:00,0.2, ,130590, ,5.55, ,20.70, ,73.4, 
2012/8/22,07:00,1.9, ,130540, ,8.74, ,20.70, ,73.4, 
2012/8/22,08:00,0.8, ,130500, ,5.55, ,20.70, ,73.4, 
2012/8/22,09:00,0.4, ,130400, ,11.44, ,27.30, ,73.3, 
2012/8/22,10:00,0.0, ,130300, ,11.56, ,52.90, ,73.3, 
2012/8/22,11:00,0.5, ,130110, ,11.26, ,52.50, ,73.2, 
2012/8/22,12:00,0.0, ,130020, ,15.00, ,53.00, ,73.2, 
2012/8/22,13:00,0.0, ,129880, ,15.00, ,52.70, ,73.1, 
2012/8/22,14:00,0.0, ,129730, ,14.60, ,51.30, ,73.1, 
2012/8/22,15:00,0.0, ,129680, ,12.13, ,24.40, ,73.1, 
2012/8/22,16:00,0.0, ,129590, ,16.85, ,47.90, ,73.0, 
2012/8/22,17:00,1.0, ,129450, ,13.40, ,47.80, ,73.0, 
2012/8/22,18:00,0.2, ,129350, ,16.74, ,48.10, ,73.0, 
2012/8/22,19:00,0.0, ,129210, ,15.00, ,47.90, ,72.9, 
2012/8/22,20:00,0.1, ,129160, ,16.24, ,25.70, ,72.9, 
2012/8/22,21:00,0.0, ,129160, ,3.28, ,0.00, ,72.9, 
2012/8/22,22:00,0.0, ,129210, ,6.85, ,2.00, ,73.0, 
2012/8/22,23:00,0.0, ,129210, ,15.97, ,18.90, ,73.0, 
2012/8/22,24:00,0.0, ,129210, ,19.13, ,19.40, ,73.1, 
2012/8/23,01:00,0.0, ,129160, ,16.12, ,23.80, ,73.1, 
2012/8/23,02:00,0.3, ,129110, ,9.56, ,17.80, ,73.1, 
2012/8/23,03:00,0.0, ,129070, ,4.48, ,20.80, ,73.1, 
2012/8/23,04:00,0.4, ,129020, ,9.53, ,20.50, ,73.1, 
2012/8/23,05:00,0.3, ,128970, ,5.92, ,20.50, ,73.1, 
2012/8/23,06:00,0.0, ,128930, ,8.25, ,20.90, ,73.1, 
2012/8/23,07:00,0.0, ,128830, ,5.55, ,24.20, ,73.0, 
2012/8/23,08:00,0.5, ,128780, ,8.20, ,20.80, ,73.0, 
2012/8/23,09:00,2.9, ,128690, ,7.14, ,33.70, ,73.0, 
2012/8/23,10:00,3.2, ,128640, ,8.40, ,34.10, ,73.0, 
2012/8/23,11:00,1.2, ,128450, ,12.26, ,61.10, ,72.9, 
2012/8/23,12:00,0.0, ,128260, ,16.52, ,56.70, ,72.8, 
2012/8/23,13:00,0.0, ,128220, ,8.26, ,29.80, ,72.8, 
2012/8/23,14:00,0.1, ,128070, ,16.26, ,60.70, ,72.8, 
2012/8/23,15:00,0.0, ,127880, ,17.57, ,62.90, ,72.7, 
2012/8/23,16:00,0.7, ,127740, ,11.27, ,62.90, ,72.6, 
2012/8/23,17:00,0.1, ,127550, ,14.70, ,63.10, ,72.5, 
2012/8/23,18:00,3.0, ,127410, ,15.79, ,61.10, ,72.5, 
2012/8/23,19:00,3.6, ,127230, ,17.21, ,63.10, ,72.4, 
2012/8/23,20:00,0.4, ,127040, ,15.95, ,56.90, ,72.3, 
2012/8/23,21:00,1.4, ,126990, ,12.53, ,23.80, ,72.3, 
2012/8/23,22:00,0.3, ,126990, ,14.74, ,20.90, ,72.3, 
2012/8/23,23:00,0.0, ,126940, ,12.81, ,20.70, ,72.3, 
2012/8/23,24:00,0.0, ,126940, ,15.82, ,20.80, ,72.4, 
2012/8/24,01:00,0.3, ,126940, ,10.53, ,0.00, ,72.4, 
2012/8/24,02:00,0.0, ,126990, ,2.83, ,0.00, ,72.5, 
2012/8/24,03:00,0.0, ,127040, ,15.22, ,0.00, ,72.5, 
2012/8/24,04:00,0.3, ,127040, ,8.05, ,0.00, ,72.6, 
2012/8/24,05:00,0.2, ,127080, ,10.01, ,0.00, ,72.6, 
2012/8/24,06:00,0.1, ,127130, ,8.05, ,0.00, ,72.7, 
2012/8/24,07:00,0.1, ,127130, ,8.05, ,0.00, ,72.7, 
2012/8/24,08:00,0.1, ,127180, ,10.47, ,1.80, ,72.8, 
2012/8/24,09:00,0.0, ,127180, ,13.05, ,21.10, ,72.8, 
2012/8/24,10:00,0.0, ,127040, ,19.87, ,48.10, ,72.7, 
2012/8/24,11:00,0.0, ,126900, ,11.34, ,61.00, ,72.7, 
2012/8/24,12:00,0.0, ,126710, ,16.98, ,61.40, ,72.6, 
2012/8/24,13:00,0.0, ,126570, ,13.46, ,62.90, ,72.5, 
2012/8/24,14:00,0.0, ,126380, ,16.10, ,63.40, ,72.5, 
2012/8/24,15:00,0.0, ,126190, ,14.05, ,63.10, ,72.4, 
2012/8/24,16:00,0.0, ,126010, ,14.10, ,63.00, ,72.3, 
2012/8/24,17:00,0.0, ,125870, ,14.73, ,63.20, ,72.2, 
2012/8/24,18:00,0.0, ,125680, ,15.29, ,61.20, ,72.1, 
2012/8/24,19:00,0.0, ,125490, ,14.03, ,63.10, ,72.0, 
2012/8/24,20:00,0.0, ,125350, ,14.62, ,63.30, ,72.0, 
2012/8/24,21:00,0.0, ,125170, ,13.39, ,63.00, ,71.9, 
2012/8/24,22:00,0.0, ,124980, ,13.07, ,61.20, ,71.8, 
2012/8/24,23:00,0.0, ,124790, ,14.65, ,63.20, ,71.7, 
2012/8/24,24:00,0.0, ,124650, ,13.20, ,51.30, ,71.7, 
2012/8/25,01:00,0.0, ,124560, ,12.70, ,22.40, ,71.6, 
2012/8/25,02:00,0.0, ,124560, ,6.06, ,16.10, ,71.7, 
2012/8/25,03:00,0.0, ,124470, ,5.61, ,19.30, ,71.6, 
2012/8/25,04:00,0.5, ,124470, ,6.82, ,19.10, ,71.7, 
2012/8/25,05:00,0.0, ,124370, ,5.86, ,19.10, ,71.6, 
2012/8/25,06:00,0.0, ,124330, ,6.30, ,19.60, ,71.6, 
2012/8/25,07:00,0.0, ,124280, ,4.93, ,19.60, ,71.6, 
2012/8/25,08:00,0.0, ,124240, ,5.91, ,22.70, ,71.6, 
2012/8/25,09:00,0.1, ,124140, ,8.32, ,35.90, ,71.6, 
2012/8/25,10:00,0.0, ,123960, ,6.74, ,59.60, ,71.5, 
2012/8/25,11:00,0.0, ,123770, ,15.70, ,59.50, ,71.4, 
2012/8/25,12:00,0.0, ,123630, ,11.75, ,61.30, ,71.4, 
2012/8/25,13:00,0.1, ,123450, ,14.21, ,61.50, ,71.3, 
2012/8/25,14:00,0.1, ,123260, ,13.42, ,61.30, ,71.2, 
2012/8/25,15:00,1.8, ,123120, ,13.02, ,61.40, ,71.1, 
2012/8/25,16:00,1.2, ,122940, ,15.01, ,61.40, ,71.1, 
2012/8/25,17:00,0.0, ,122750, ,14.89, ,61.60, ,71.0, 
2012/8/25,18:00,0.0, ,122570, ,14.49, ,61.60, ,70.9, 
2012/8/25,19:00,0.0, ,122430, ,13.06, ,61.60, ,70.8, 
2012/8/25,20:00,0.0, ,122250, ,13.53, ,61.50, ,70.7, 
2012/8/25,21:00,0.0, ,122150, ,14.29, ,32.40, ,70.7, 
2012/8/25,22:00,0.0, ,122150, ,10.43, ,19.30, ,70.7, 
2012/8/25,23:00,0.5, ,122110, ,9.61, ,20.00, ,70.7, 
2012/8/25,24:00,0.3, ,122110, ,16.42, ,19.10, ,70.8, 
2012/8/26,01:00,0.0, ,122060, ,8.81, ,22.30, ,70.8, 
2012/8/26,02:00,0.0, ,121970, ,9.66, ,22.50, ,70.7, 
2012/8/26,03:00,0.0, ,121920, ,5.58, ,22.50, ,70.7, 
2012/8/26,04:00,0.0, ,121880, ,7.39, ,23.00, ,70.8, 
2012/8/26,05:00,0.0, ,121780, ,7.60, ,26.30, ,70.7, 
2012/8/26,06:00,0.0, ,121740, ,6.78, ,22.80, ,70.7, 
2012/8/26,07:00,0.0, ,121650, ,4.88, ,19.50, ,70.7, 
2012/8/26,08:00,0.0, ,121650, ,5.63, ,19.90, ,70.7, 
2012/8/26,09:00,0.0, ,121550, ,6.27, ,19.90, ,70.7, 
2012/8/26,10:00,0.0, ,121510, ,4.44, ,19.40, ,70.7, 
2012/8/26,11:00,0.0, ,121420, ,13.03, ,38.90, ,70.7, 
2012/8/26,12:00,0.0, ,121280, ,14.28, ,60.20, ,70.6, 
2012/8/26,13:00,0.2, ,121100, ,12.27, ,59.70, ,70.5, 
2012/8/26,14:00,0.6, ,120960, ,17.14, ,62.00, ,70.5, 
2012/8/26,15:00,0.1, ,120770, ,11.55, ,62.20, ,70.4, 
2012/8/26,16:00,0.0, ,120540, ,11.13, ,60.20, ,70.3, 
2012/8/26,17:00,1.3, ,120400, ,18.38, ,62.70, ,70.2, 
2012/8/26,18:00,0.0, ,120270, ,19.66, ,62.10, ,70.1, 
2012/8/26,19:00,0.0, ,120080, ,11.46, ,62.40, ,70.0, 
2012/8/26,20:00,1.8, ,119900, ,15.05, ,62.60, ,70.0, 
2012/8/26,21:00,0.3, ,119760, ,12.30, ,62.00, ,69.9, 
2012/8/26,22:00,0.0, ,119530, ,14.34, ,60.50, ,69.8, 
2012/8/26,23:00,0.3, ,119390, ,13.28, ,62.30, ,69.7, 
2012/8/26,24:00,1.3, ,119210, ,13.58, ,56.10, ,69.6, 
2012/8/27,01:00,1.3, ,119160, ,9.96, ,19.70, ,69.6, 
2012/8/27,02:00,1.3, ,119120, ,9.51, ,19.50, ,69.6, 
2012/8/27,03:00,0.0, ,119070, ,4.96, ,19.60, ,69.6, 
2012/8/27,04:00,0.0, ,119030, ,9.10, ,19.80, ,69.6, 
2012/8/27,05:00,0.0, ,118980, ,8.48, ,19.40, ,69.6, 
2012/8/27,06:00,0.0, ,118890, ,4.51, ,22.90, ,69.6, 
2012/8/27,07:00,0.3, ,118890, ,7.58, ,19.90, ,69.6, 
2012/8/27,08:00,0.9, ,118800, ,5.98, ,19.80, ,69.6, 
2012/8/27,09:00,0.0, ,118750, ,6.92, ,24.60, ,69.6, 
2012/8/27,10:00,0.0, ,118610, ,7.52, ,50.60, ,69.6, 
2012/8/27,11:00,0.0, ,118430, ,11.03, ,60.40, ,69.5, 
2012/8/27,12:00,0.0, ,118250, ,11.53, ,62.70, ,69.4, 
2012/8/27,13:00,0.0, ,118060, ,10.48, ,62.60, ,69.3, 
2012/8/27,14:00,0.0, ,117880, ,10.52, ,60.60, ,69.2, 
2012/8/27,15:00,0.0, ,117700, ,12.13, ,62.70, ,69.1, 
2012/8/27,16:00,0.8, ,117510, ,13.65, ,62.80, ,69.0, 
2012/8/27,17:00,0.1, ,117330, ,14.43, ,63.00, ,68.9, 
2012/8/27,18:00,0.8, ,117150, ,11.79, ,60.60, ,68.8, 
2012/8/27,19:00,0.2, ,116960, ,10.97, ,62.60, ,68.7, 
2012/8/27,20:00,0.6, ,116780, ,10.71, ,62.70, ,68.7, 
2012/8/27,21:00,0.5, ,116600, ,9.31, ,60.90, ,68.6, 
2012/8/27,22:00,1.1, ,116410, ,15.99, ,62.50, ,68.5, 
2012/8/27,23:00,1.4, ,116280, ,11.25, ,52.40, ,68.4, 
2012/8/27,24:00,2.6, ,116140, ,13.17, ,48.70, ,68.4, 
2012/8/28,01:00,8.4, ,116100, ,13.88, ,22.90, ,68.4, 
2012/8/28,02:00,5.9, ,116100, ,9.24, ,19.70, ,68.4, 
2012/8/28,03:00,6.8, ,116050, ,12.75, ,19.80, ,68.4, 
2012/8/28,04:00,5.1, ,116050, ,13.96, ,19.70, ,68.4, 
2012/8/28,05:00,4.4, ,116050, ,12.70, ,19.60, ,68.5, 
2012/8/28,06:00,5.9, ,116050, ,26.34, ,19.50, ,68.5, 
2012/8/28,07:00,6.9, ,116190, ,37.67, ,19.60, ,68.6, 
2012/8/28,08:00,6.1, ,116460, ,78.93, ,24.20, ,68.8, 
2012/8/28,09:00,5.3, ,116730, ,98.70, ,19.50, ,69.0, 
2012/8/28,10:00,9.3, ,117150, ,112.97, ,19.70, ,69.3, 
2012/8/28,11:00,6.5, ,117560, ,129.14, ,19.60, ,69.6, 
2012/8/28,12:00,9.4, ,118060, ,150.19, ,19.30, ,70.0, 
2012/8/28,13:00,11.5, ,118750, ,189.35, ,19.70, ,70.5, 
2012/8/28,14:00,20.0, ,119710, ,246.11, ,19.50, ,71.2, 
2012/8/28,15:00,6.3, ,121370, ,341.82, ,0.00, ,72.3, 
2012/8/28,16:00,2.7, ,124140, ,667.25, ,0.00, ,74.2, 
2012/8/28,17:00,8.3, ,126710, ,745.04, ,0.00, ,75.9, 
2012/8/28,18:00,8.0, ,128740, ,626.00, ,0.00, ,77.3, 
2012/8/28,19:00,8.2, ,130780, ,562.96, ,0.00, ,78.7, 
2012/8/28,20:00,9.9, ,133240, ,610.83, ,0.00, ,80.3, 
2012/8/28,21:00,1.6, ,135770, ,716.34, ,0.00, ,82.1, 
2012/8/28,22:00,1.7, ,137980, ,660.40, ,0.00, ,83.6, 
2012/8/28,23:00,6.9, ,139860, ,558.99, ,0.00, ,84.8, 
2012/8/28,24:00,3.6, ,141700, ,511.17, ,0.00, ,86.1, 
2012/8/29,01:00,0.0, ,143460, ,503.59, ,0.00, ,87.3, 
2012/8/29,02:00,0.6, ,144980, ,453.02, ,0.00, ,88.4, 
2012/8/29,03:00,3.3, ,146350, ,401.13, ,0.00, ,89.3, 
2012/8/29,04:00,3.5, ,147730, ,383.89, ,0.00, ,90.3, 
2012/8/29,05:00,0.1, ,149020, ,372.86, ,0.00, ,91.2, 
2012/8/29,06:00,0.6, ,150150, ,333.45, ,0.00, ,92.0, 
2012/8/29,07:00,2.9, ,151190, ,302.23, ,0.00, ,92.7, 
2012/8/29,08:00,2.0, ,152120, ,267.80, ,0.00, ,93.4, 
2012/8/29,09:00,0.5, ,153120, ,268.87, ,0.00, ,94.1, 
2012/8/29,10:00,0.1, ,154060, ,268.22, ,0.00, ,94.8, 
2012/8/29,11:00,0.2, ,154950, ,255.64, ,0.00, ,95.4, 
2012/8/29,12:00,0.9, ,155790, ,239.03, ,0.00, ,96.0, 
2012/8/29,13:00,0.0, ,156540, ,222.47, ,0.00, ,96.6, 
2012/8/29,14:00,0.0, ,157280, ,205.95, ,0.00, ,97.1, 
2012/8/29,15:00,0.0, ,157920, ,189.44, ,0.00, ,97.6, 
2012/8/29,16:00,0.1, ,158560, ,178.50, ,0.00, ,98.0, 
2012/8/29,17:00,0.2, ,159140, ,172.19, ,0.00, ,98.5, 
2012/8/29,18:00,1.3, ,159680, ,159.89, ,0.00, ,98.9, 
2012/8/29,19:00,3.7, ,160220, ,146.78, ,0.00, ,99.3, 
2012/8/29,20:00,0.9, ,160700, ,143.54, ,0.00, ,99.7, 
2012/8/29,21:00,3.2, ,161240, ,141.71, ,0.00, ,100.1, 
2012/8/29,22:00,0.6, ,161770, ,143.78, ,0.00, ,100.5, 
2012/8/29,23:00,0.4, ,162310, ,145.56, ,0.00, ,100.9, 
2012/8/29,24:00,0.1, ,162800, ,147.09, ,0.00, ,100.0, 
2012/8/30,01:00,0.2, ,163340, ,145.39, ,0.00, ,100.0, 
2012/8/30,02:00,0.0, ,163830, ,141.91, ,0.00, ,100.1, 
2012/8/30,03:00,0.0, ,164320, ,136.65, ,0.00, ,100.1, 
2012/8/30,04:00,0.0, ,164810, ,133.63, ,0.00, ,100.2, 
2012/8/30,05:00,0.0, ,165300, ,132.10, ,0.00, ,100.2, 
2012/8/30,06:00,0.0, ,165680, ,124.24, ,0.00, ,100.3, 
2012/8/30,07:00,0.0, ,166120, ,114.32, ,0.00, ,100.3, 
2012/8/30,08:00,0.0, ,166500, ,108.17, ,0.00, ,100.4, 
2012/8/30,09:00,0.0, ,166830, ,104.84, ,0.00, ,100.4, 
2012/8/30,10:00,0.0, ,167210, ,98.62, ,0.00, ,100.5, 
2012/8/30,11:00,0.0, ,167540, ,95.68, ,0.00, ,100.5, 
2012/8/30,12:00,0.0, ,167870, ,93.50, ,0.00, ,100.5, 
2012/8/30,13:00,0.2, ,168200, ,90.79, ,0.00, ,100.6, 
2012/8/30,14:00,0.0, ,168480, ,87.06, ,0.00, ,100.6, 
2012/8/30,15:00,0.0, ,168810, ,86.89, ,0.00, ,100.7, 
2012/8/30,16:00,0.0, ,169090, ,83.91, ,0.00, ,100.7, 
2012/8/30,17:00,0.0, ,169420, ,83.74, ,0.00, ,100.8, 
2012/8/30,18:00,0.0, ,169700, ,82.80, ,0.00, ,100.8, 
2012/8/30,19:00,0.0, ,169970, ,77.23, ,0.00, ,100.9, 
2012/8/30,20:00,0.0, ,170200, ,75.50, ,0.00, ,100.9, 
2012/8/30,21:00,0.0, ,170470, ,64.00, ,0.00, ,101.0, 
2012/8/30,22:00,0.0, ,170700, ,67.39, ,0.00, ,101.0, 
2012/8/30,23:00,0.0, ,170970, ,67.44, ,0.00, ,101.1, 
2012/8/30,24:00,0.0, ,171140, ,65.17, ,0.00, ,100.0, 
2012/8/31,01:00,0.0, ,171420, ,64.20, ,0.00, ,100.0, 
2012/8/31,02:00,0.0, ,171590, ,60.37, ,0.00, ,100.0, 
2012/8/31,03:00,0.0, ,171870, ,64.80, ,0.00, ,100.0, 
2012/8/31,04:00,0.0, ,172090, ,64.33, ,0.00, ,100.0, 
2012/8/31,05:00,0.0, ,172310, ,65.16, ,0.00, ,100.0, 
2012/8/31,06:00,0.0, ,172540, ,63.14, ,0.00, ,100.0, 
2012/8/31,07:00,0.0, ,172760, ,62.15, ,0.00, ,100.0, 
2012/8/31,08:00,0.0, ,172980, ,63.03, ,3.40, ,100.0, 
2012/8/31,09:00,0.0, ,173150, ,63.77, ,31.00, ,100.0, 
2012/8/31,10:00,0.0, ,173150, ,69.25, ,58.20, ,100.0, 
2012/8/31,11:00,0.0, ,173150, ,58.91, ,59.70, ,100.0, 
2012/8/31,12:00,0.0, ,173150, ,59.68, ,59.90, ,100.0, 
2012/8/31,13:00,1.4, ,173150, ,59.68, ,59.70, ,100.0, 
2012/8/31,14:00,0.9, ,173150, ,59.67, ,59.80, ,100.0, 
2012/8/31,15:00,0.2, ,173150, ,59.65, ,59.60, ,100.0, 
2012/8/31,16:00,1.4, ,173150, ,59.64, ,59.70, ,100.0, 
2012/8/31,17:00,11.8, ,173150, ,59.64, ,59.80, ,100.0, 
2012/8/31,18:00,6.1, ,173150, ,59.65, ,59.50, ,100.0, 
2012/8/31,19:00,0.6, ,173150, ,59.64, ,59.50, ,100.0, 
2012/8/31,20:00,0.5, ,173320, ,69.23, ,59.80, ,100.0, 
2012/8/31,21:00,1.3, ,173710, ,154.65, ,59.40, ,100.0, 
2012/8/31,22:00,0.0, ,173990, ,152.86, ,59.40, ,100.0, 
2012/8/31,23:00,0.0, ,174160, ,118.56, ,59.50, ,100.0, 
2012/8/31,24:00,0.4, ,174270, ,95.93, ,59.70, ,100.0, 
