îCà”ä˙ä‘É_ÉÄèîó åüçıåãâ 
êÖånñº,ãgñÏêÏ
âÕêÏñº,ãgñÏêÏ
äœë™èäñº,ëÅñæâYÉ_ÉÄÅiã@ç\Åj
äœë™èäãLçÜ,1368080700010
#
#îNåéì˙,éûçè,ó¨àÊïΩãœâJó ,ó¨àÊïΩãœâJó ëÆê´,íôêÖó ,íôêÖó ëÆê´,ó¨ì¸ó ,ó¨ì¸ó ëÆê´,ï˙ó¨ó ,ï˙ó¨ó ëÆê´,íôêÖó¶,íôêÖó¶ëÆê´
#ëÆê´Å@$:åáë™ -:ñ¢éÛêM
#
2006/9/1,01:00,0.4, ,167600, ,15.01, ,18.50, ,98.7, 
2006/9/1,02:00,0.4, ,167540, ,6.10, ,6.10, ,98.7, 
2006/9/1,03:00,0.8, ,167540, ,6.27, ,0.00, ,98.7, 
2006/9/1,04:00,1.0, ,167600, ,6.63, ,0.00, ,98.7, 
2006/9/1,05:00,0.0, ,167600, ,8.66, ,0.00, ,98.7, 
2006/9/1,06:00,0.1, ,167650, ,9.52, ,5.20, ,98.8, 
2006/9/1,07:00,0.0, ,167650, ,16.32, ,20.80, ,98.8, 
2006/9/1,08:00,0.0, ,167600, ,20.35, ,21.10, ,98.7, 
2006/9/1,09:00,0.1, ,167600, ,6.10, ,20.90, ,98.7, 
2006/9/1,10:00,0.0, ,167540, ,15.26, ,33.10, ,98.7, 
2006/9/1,11:00,0.0, ,167380, ,14.85, ,60.50, ,98.6, 
2006/9/1,12:00,0.0, ,167210, ,22.24, ,60.50, ,98.5, 
2006/9/1,13:00,0.0, ,167050, ,14.82, ,60.20, ,98.4, 
2006/9/1,14:00,0.0, ,166940, ,16.83, ,60.30, ,98.3, 
2006/9/1,15:00,0.0, ,166830, ,18.77, ,34.30, ,98.2, 
2006/9/1,16:00,0.0, ,166830, ,12.22, ,20.70, ,98.2, 
2006/9/1,17:00,0.0, ,166830, ,19.99, ,18.60, ,98.2, 
2006/9/1,18:00,0.0, ,166830, ,18.64, ,18.40, ,98.2, 
2006/9/1,19:00,0.0, ,166830, ,18.61, ,18.60, ,98.2, 
2006/9/1,20:00,0.0, ,166770, ,16.63, ,18.60, ,98.2, 
2006/9/1,21:00,0.0, ,166770, ,5.42, ,18.60, ,98.2, 
2006/9/1,22:00,0.0, ,166770, ,19.50, ,20.90, ,98.2, 
2006/9/1,23:00,0.0, ,166770, ,19.79, ,6.20, ,98.2, 
2006/9/1,24:00,0.0, ,166770, ,9.06, ,0.00, ,98.2, 
2006/9/2,01:00,0.0, ,166830, ,8.39, ,0.00, ,98.2, 
2006/9/2,02:00,0.0, ,166830, ,6.86, ,0.00, ,98.2, 
2006/9/2,03:00,0.0, ,166880, ,12.96, ,0.00, ,98.2, 
2006/9/2,04:00,0.0, ,166880, ,2.29, ,0.00, ,98.2, 
2006/9/2,05:00,0.0, ,166940, ,15.00, ,0.00, ,98.3, 
2006/9/2,06:00,0.0, ,166940, ,0.35, ,5.30, ,98.3, 
2006/9/2,07:00,0.0, ,166940, ,9.20, ,19.50, ,98.3, 
2006/9/2,08:00,0.0, ,166880, ,14.43, ,19.90, ,98.2, 
2006/9/2,09:00,0.0, ,166770, ,6.78, ,41.90, ,98.2, 
2006/9/2,10:00,0.0, ,166610, ,13.65, ,60.30, ,98.1, 
2006/9/2,11:00,0.0, ,166440, ,16.90, ,60.60, ,97.9, 
2006/9/2,12:00,0.0, ,166280, ,16.33, ,60.50, ,97.8, 
2006/9/2,13:00,0.0, ,166120, ,14.40, ,60.20, ,97.7, 
2006/9/2,14:00,0.0, ,166010, ,17.48, ,60.60, ,97.6, 
2006/9/2,15:00,0.0, ,165840, ,13.26, ,60.80, ,97.5, 
2006/9/2,16:00,0.0, ,165620, ,16.32, ,60.70, ,97.4, 
2006/9/2,17:00,0.0, ,165510, ,15.40, ,60.40, ,97.3, 
2006/9/2,18:00,0.7, ,165300, ,13.62, ,60.70, ,97.2, 
2006/9/2,19:00,0.0, ,165190, ,15.23, ,60.70, ,97.1, 
2006/9/2,20:00,0.0, ,164970, ,15.79, ,60.40, ,96.9, 
2006/9/2,21:00,0.0, ,164810, ,14.51, ,60.80, ,96.8, 
2006/9/2,22:00,0.0, ,164750, ,15.29, ,39.60, ,96.8, 
2006/9/2,23:00,0.0, ,164700, ,15.06, ,29.40, ,96.8, 
2006/9/2,24:00,0.0, ,164640, ,14.70, ,11.00, ,96.7, 
2006/9/3,01:00,0.0, ,164640, ,6.85, ,0.00, ,96.7, 
2006/9/3,02:00,0.0, ,164640, ,0.00, ,0.00, ,96.7, 
2006/9/3,03:00,0.0, ,164700, ,14.87, ,0.00, ,96.8, 
2006/9/3,04:00,0.0, ,164700, ,0.25, ,0.00, ,96.8, 
2006/9/3,05:00,0.0, ,164700, ,0.00, ,0.00, ,96.8, 
2006/9/3,06:00,0.0, ,164750, ,14.71, ,5.20, ,96.8, 
2006/9/3,07:00,0.0, ,164750, ,9.04, ,15.70, ,96.8, 
2006/9/3,08:00,0.0, ,164700, ,13.01, ,18.80, ,96.8, 
2006/9/3,09:00,0.0, ,164640, ,6.34, ,30.80, ,96.7, 
2006/9/3,10:00,0.0, ,164480, ,8.43, ,61.00, ,96.6, 
2006/9/3,11:00,0.0, ,164260, ,17.34, ,60.90, ,96.5, 
2006/9/3,12:00,0.0, ,164150, ,12.81, ,60.60, ,96.4, 
2006/9/3,13:00,0.0, ,163940, ,16.87, ,60.90, ,96.2, 
2006/9/3,14:00,0.0, ,163830, ,14.69, ,60.70, ,96.2, 
2006/9/3,15:00,0.0, ,163610, ,11.91, ,61.50, ,96.0, 
2006/9/3,16:00,0.0, ,163450, ,15.18, ,60.80, ,95.9, 
2006/9/3,17:00,0.0, ,163290, ,13.52, ,61.20, ,95.8, 
2006/9/3,18:00,0.0, ,163120, ,15.18, ,61.00, ,95.7, 
2006/9/3,19:00,0.0, ,162960, ,14.23, ,60.90, ,95.6, 
2006/9/3,20:00,0.0, ,162800, ,14.77, ,61.10, ,95.5, 
2006/9/3,21:00,0.0, ,162640, ,14.79, ,60.80, ,95.4, 
2006/9/3,22:00,0.0, ,162530, ,13.93, ,44.00, ,95.3, 
2006/9/3,23:00,0.0, ,162470, ,10.27, ,20.90, ,95.2, 
2006/9/3,24:00,0.0, ,162470, ,18.19, ,18.60, ,95.2, 
2006/9/4,01:00,0.0, ,162470, ,18.73, ,18.70, ,95.2, 
2006/9/4,02:00,0.0, ,162420, ,4.24, ,18.80, ,95.2, 
2006/9/4,03:00,0.0, ,162370, ,9.49, ,18.70, ,95.2, 
2006/9/4,04:00,0.0, ,162310, ,7.22, ,18.70, ,95.1, 
2006/9/4,05:00,0.0, ,162260, ,5.97, ,18.80, ,95.1, 
2006/9/4,06:00,0.0, ,162200, ,3.74, ,18.50, ,95.1, 
2006/9/4,07:00,0.0, ,162150, ,3.97, ,18.60, ,95.0, 
2006/9/4,08:00,0.0, ,162100, ,4.24, ,18.80, ,95.0, 
2006/9/4,09:00,0.0, ,162040, ,5.64, ,30.80, ,94.9, 
2006/9/4,10:00,0.0, ,161880, ,10.63, ,59.80, ,94.8, 
2006/9/4,11:00,0.0, ,161670, ,14.16, ,59.80, ,94.7, 
2006/9/4,12:00,0.0, ,161560, ,13.43, ,59.80, ,94.6, 
2006/9/4,13:00,0.0, ,161340, ,15.38, ,61.10, ,94.5, 
2006/9/4,14:00,0.0, ,161180, ,14.01, ,61.10, ,94.4, 
2006/9/4,15:00,0.0, ,161020, ,14.12, ,61.30, ,94.3, 
2006/9/4,16:00,0.0, ,160860, ,15.39, ,61.00, ,94.2, 
2006/9/4,17:00,0.0, ,160700, ,12.08, ,60.80, ,94.1, 
2006/9/4,18:00,0.0, ,160540, ,15.35, ,60.80, ,94.0, 
2006/9/4,19:00,0.0, ,160320, ,11.74, ,61.00, ,93.8, 
2006/9/4,20:00,0.0, ,160160, ,14.53, ,61.30, ,93.7, 
2006/9/4,21:00,0.0, ,160000, ,13.32, ,61.20, ,93.6, 
2006/9/4,22:00,0.0, ,159950, ,9.22, ,24.60, ,93.6, 
2006/9/4,23:00,0.0, ,159950, ,17.44, ,21.10, ,93.6, 
2006/9/4,24:00,0.0, ,159890, ,17.96, ,18.70, ,93.5, 
2006/9/5,01:00,0.0, ,159890, ,6.14, ,19.90, ,93.5, 
2006/9/5,02:00,0.0, ,159840, ,14.31, ,19.90, ,93.5, 
2006/9/5,03:00,0.0, ,159790, ,8.80, ,20.00, ,93.5, 
2006/9/5,04:00,0.0, ,159730, ,3.88, ,20.00, ,93.4, 
2006/9/5,05:00,0.0, ,159680, ,7.30, ,19.80, ,93.4, 
2006/9/5,06:00,0.0, ,159630, ,4.25, ,19.90, ,93.4, 
2006/9/5,07:00,0.0, ,159570, ,7.47, ,20.00, ,93.3, 
2006/9/5,08:00,0.3, ,159520, ,5.70, ,52.50, ,93.3, 
2006/9/5,09:00,0.6, ,159310, ,4.98, ,61.60, ,93.1, 
2006/9/5,10:00,0.6, ,159140, ,11.58, ,61.40, ,93.0, 
2006/9/5,11:00,0.3, ,158980, ,15.47, ,61.40, ,92.9, 
2006/9/5,12:00,0.5, ,158770, ,14.37, ,61.40, ,92.8, 
2006/9/5,13:00,0.0, ,158610, ,9.71, ,61.80, ,92.7, 
2006/9/5,14:00,0.0, ,158450, ,15.32, ,61.60, ,92.6, 
2006/9/5,15:00,0.0, ,158290, ,12.84, ,60.90, ,92.5, 
2006/9/5,16:00,0.0, ,158080, ,12.69, ,60.10, ,92.3, 
2006/9/5,17:00,0.0, ,157920, ,13.96, ,60.30, ,92.2, 
2006/9/5,18:00,0.0, ,157760, ,13.44, ,60.30, ,92.1, 
2006/9/5,19:00,0.0, ,157600, ,15.00, ,60.50, ,92.0, 
2006/9/5,20:00,0.0, ,157490, ,13.21, ,34.90, ,91.9, 
2006/9/5,21:00,0.0, ,157490, ,11.56, ,21.20, ,91.9, 
2006/9/5,22:00,0.0, ,157440, ,19.22, ,21.10, ,91.9, 
2006/9/5,23:00,0.0, ,157440, ,8.38, ,21.50, ,91.9, 
2006/9/5,24:00,0.0, ,157390, ,16.63, ,19.10, ,91.8, 
2006/9/6,01:00,0.0, ,157390, ,7.83, ,19.30, ,91.8, 
2006/9/6,02:00,0.1, ,157330, ,14.76, ,19.60, ,91.8, 
2006/9/6,03:00,0.3, ,157280, ,7.16, ,19.40, ,91.8, 
2006/9/6,04:00,0.7, ,157230, ,4.48, ,19.50, ,91.7, 
2006/9/6,05:00,1.3, ,157170, ,6.18, ,19.40, ,91.7, 
2006/9/6,06:00,1.1, ,157170, ,5.90, ,19.50, ,91.7, 
2006/9/6,07:00,3.1, ,157120, ,7.13, ,19.60, ,91.7, 
2006/9/6,08:00,3.3, ,157010, ,8.18, ,31.30, ,91.6, 
2006/9/6,09:00,3.4, ,156850, ,9.21, ,62.20, ,91.5, 
2006/9/6,10:00,4.5, ,156690, ,20.52, ,61.50, ,91.4, 
2006/9/6,11:00,3.7, ,156540, ,22.54, ,61.10, ,91.3, 
2006/9/6,12:00,6.6, ,156430, ,21.84, ,61.10, ,91.2, 
2006/9/6,13:00,6.6, ,156380, ,33.26, ,57.50, ,91.2, 
2006/9/6,14:00,3.8, ,156320, ,42.44, ,60.70, ,91.1, 
2006/9/6,15:00,0.1, ,156430, ,36.52, ,0.00, ,91.2, 
2006/9/6,16:00,0.1, ,156590, ,48.72, ,0.00, ,91.3, 
2006/9/6,17:00,0.3, ,156750, ,47.63, ,0.00, ,91.4, 
2006/9/6,18:00,0.4, ,156960, ,52.08, ,0.00, ,91.6, 
2006/9/6,19:00,0.2, ,157070, ,42.03, ,0.00, ,91.6, 
2006/9/6,20:00,0.0, ,157230, ,39.10, ,0.00, ,91.7, 
2006/9/6,21:00,0.0, ,157330, ,33.46, ,0.00, ,91.8, 
2006/9/6,22:00,0.0, ,157440, ,33.72, ,0.00, ,91.9, 
2006/9/6,23:00,0.0, ,157540, ,28.80, ,0.00, ,91.9, 
2006/9/6,24:00,0.0, ,157650, ,30.78, ,0.00, ,92.0, 
2006/9/7,01:00,0.3, ,157700, ,22.66, ,0.00, ,92.1, 
2006/9/7,02:00,0.0, ,157760, ,12.81, ,0.00, ,92.1, 
2006/9/7,03:00,0.0, ,157860, ,19.96, ,0.00, ,92.2, 
2006/9/7,04:00,0.0, ,157860, ,15.28, ,0.00, ,92.2, 
2006/9/7,05:00,0.0, ,157920, ,13.31, ,0.00, ,92.2, 
2006/9/7,06:00,0.0, ,157970, ,12.33, ,0.00, ,92.2, 
2006/9/7,07:00,0.5, ,158020, ,8.88, ,0.00, ,92.3, 
2006/9/7,08:00,0.0, ,158080, ,11.59, ,0.00, ,92.3, 
2006/9/7,09:00,0.0, ,158080, ,13.07, ,0.00, ,92.3, 
2006/9/7,10:00,0.0, ,158180, ,16.53, ,0.00, ,92.4, 
2006/9/7,11:00,0.0, ,158240, ,14.80, ,0.00, ,92.4, 
2006/9/7,12:00,0.0, ,158290, ,19.01, ,0.00, ,92.5, 
2006/9/7,13:00,0.0, ,158340, ,18.51, ,0.00, ,92.5, 
2006/9/7,14:00,0.0, ,158400, ,15.80, ,0.00, ,92.5, 
2006/9/7,15:00,0.0, ,158500, ,19.76, ,0.00, ,92.6, 
2006/9/7,16:00,0.0, ,158560, ,19.02, ,0.00, ,92.6, 
2006/9/7,17:00,0.0, ,158610, ,17.54, ,0.00, ,92.7, 
2006/9/7,18:00,0.1, ,158660, ,17.79, ,0.00, ,92.7, 
2006/9/7,19:00,0.2, ,158720, ,17.05, ,0.00, ,92.7, 
2006/9/7,20:00,0.1, ,158820, ,18.04, ,0.00, ,92.8, 
2006/9/7,21:00,0.0, ,158880, ,18.54, ,0.00, ,92.9, 
2006/9/7,22:00,0.2, ,158930, ,14.35, ,0.00, ,92.9, 
2006/9/7,23:00,0.9, ,158980, ,18.06, ,0.00, ,92.9, 
2006/9/7,24:00,0.3, ,159040, ,17.56, ,0.00, ,92.8, 
2006/9/8,01:00,0.0, ,159090, ,13.86, ,0.00, ,92.8, 
2006/9/8,02:00,0.5, ,159140, ,14.11, ,0.00, ,92.9, 
2006/9/8,03:00,0.1, ,159200, ,12.62, ,0.00, ,92.9, 
2006/9/8,04:00,1.3, ,159200, ,8.42, ,0.00, ,92.9, 
2006/9/8,05:00,1.0, ,159250, ,2.97, ,0.00, ,93.0, 
2006/9/8,06:00,0.1, ,159250, ,11.88, ,0.00, ,93.0, 
2006/9/8,07:00,0.6, ,159310, ,6.93, ,0.00, ,93.0, 
2006/9/8,08:00,0.3, ,159310, ,7.93, ,0.00, ,93.0, 
2006/9/8,09:00,0.0, ,159360, ,1.24, ,0.00, ,93.0, 
2006/9/8,10:00,0.0, ,159410, ,18.18, ,5.60, ,93.1, 
2006/9/8,11:00,0.0, ,159410, ,22.54, ,23.60, ,93.1, 
2006/9/8,12:00,0.0, ,159410, ,23.51, ,23.60, ,93.1, 
2006/9/8,13:00,0.0, ,159360, ,20.25, ,31.10, ,93.0, 
2006/9/8,14:00,0.0, ,159200, ,13.76, ,60.30, ,92.9, 
2006/9/8,15:00,0.2, ,159040, ,17.63, ,60.40, ,92.8, 
2006/9/8,16:00,0.2, ,158980, ,17.32, ,38.80, ,92.8, 
2006/9/8,17:00,0.1, ,158930, ,16.97, ,21.20, ,92.7, 
2006/9/8,18:00,0.0, ,158930, ,21.42, ,6.60, ,92.7, 
2006/9/8,19:00,0.0, ,158930, ,9.20, ,0.00, ,92.7, 
2006/9/8,20:00,0.3, ,158980, ,3.22, ,0.00, ,92.8, 
2006/9/8,21:00,0.1, ,159040, ,14.84, ,0.00, ,92.8, 
2006/9/8,22:00,0.1, ,159090, ,14.84, ,0.00, ,92.8, 
2006/9/8,23:00,0.2, ,159140, ,15.59, ,0.00, ,92.9, 
2006/9/8,24:00,2.4, ,159200, ,18.81, ,0.00, ,93.3, 
2006/9/9,01:00,1.0, ,159250, ,11.88, ,0.00, ,93.3, 
2006/9/9,02:00,0.4, ,159310, ,17.33, ,0.00, ,93.4, 
2006/9/9,03:00,0.6, ,159360, ,8.17, ,0.00, ,93.4, 
2006/9/9,04:00,0.0, ,159360, ,14.12, ,0.00, ,93.4, 
2006/9/9,05:00,2.5, ,159410, ,2.97, ,0.00, ,93.4, 
2006/9/9,06:00,2.0, ,159410, ,11.89, ,0.00, ,93.4, 
2006/9/9,07:00,1.5, ,159470, ,14.12, ,0.00, ,93.5, 
2006/9/9,08:00,0.6, ,159520, ,11.15, ,0.00, ,93.5, 
2006/9/9,09:00,0.5, ,159570, ,15.12, ,0.00, ,93.6, 
2006/9/9,10:00,0.0, ,159730, ,30.09, ,5.20, ,93.7, 
2006/9/9,11:00,0.2, ,159730, ,30.94, ,23.30, ,93.7, 
2006/9/9,12:00,1.9, ,159730, ,32.97, ,42.80, ,93.7, 
2006/9/9,13:00,6.9, ,159730, ,30.72, ,18.70, ,93.7, 
2006/9/9,14:00,4.2, ,159730, ,30.66, ,42.80, ,93.7, 
2006/9/9,15:00,3.5, ,159630, ,30.93, ,42.80, ,93.6, 
2006/9/9,16:00,1.3, ,159630, ,25.00, ,42.60, ,93.6, 
2006/9/9,17:00,1.2, ,159570, ,31.47, ,42.70, ,93.6, 
2006/9/9,18:00,1.2, ,159680, ,40.02, ,23.30, ,93.6, 
2006/9/9,19:00,0.7, ,159790, ,51.62, ,18.60, ,93.7, 
2006/9/9,20:00,3.1, ,160050, ,72.63, ,7.40, ,93.9, 
2006/9/9,21:00,12.2, ,160860, ,142.02, ,0.00, ,94.4, 
2006/9/9,22:00,12.3, ,162370, ,333.63, ,30.80, ,95.5, 
2006/9/9,23:00,9.4, ,164040, ,481.71, ,30.80, ,96.6, 
2006/9/9,24:00,1.7, ,165080, ,416.38, ,59.20, ,97.8, 
2006/9/10,01:00,3.4, ,165790, ,292.59, ,59.20, ,98.3, 
2006/9/10,02:00,4.0, ,166390, ,238.29, ,58.80, ,98.7, 
2006/9/10,03:00,1.7, ,166830, ,209.44, ,58.90, ,99.0, 
2006/9/10,04:00,0.0, ,167270, ,181.24, ,58.60, ,99.3, 
2006/9/10,05:00,0.5, ,167650, ,167.33, ,58.60, ,99.5, 
2006/9/10,06:00,2.5, ,168040, ,166.68, ,58.60, ,99.8, 
2006/9/10,07:00,1.7, ,168310, ,148.56, ,59.00, ,100.0, 
2006/9/10,08:00,2.3, ,168650, ,148.70, ,58.90, ,100.0, 
2006/9/10,09:00,0.9, ,168920, ,139.76, ,58.70, ,100.0, 
2006/9/10,10:00,0.1, ,169140, ,132.31, ,60.10, ,100.0, 
2006/9/10,11:00,5.4, ,169420, ,127.40, ,60.20, ,100.0, 
2006/9/10,12:00,4.6, ,169640, ,127.13, ,60.20, ,100.0, 
2006/9/10,13:00,0.2, ,169920, ,135.64, ,60.20, ,100.0, 
2006/9/10,14:00,0.0, ,170200, ,128.54, ,59.70, ,100.0, 
2006/9/10,15:00,0.0, ,170420, ,126.22, ,59.90, ,100.0, 
2006/9/10,16:00,0.0, ,170640, ,120.83, ,60.10, ,100.0, 
2006/9/10,17:00,0.0, ,170810, ,115.66, ,59.70, ,100.0, 
2006/9/10,18:00,0.0, ,170970, ,108.20, ,59.80, ,100.0, 
2006/9/10,19:00,0.0, ,171090, ,103.07, ,59.50, ,100.0, 
2006/9/10,20:00,0.0, ,171250, ,101.79, ,59.70, ,100.0, 
2006/9/10,21:00,0.0, ,171360, ,93.80, ,59.80, ,100.0, 
2006/9/10,22:00,0.0, ,171480, ,89.58, ,59.60, ,100.0, 
2006/9/10,23:00,0.0, ,171590, ,88.34, ,59.70, ,100.0, 
2006/9/10,24:00,0.0, ,171640, ,82.12, ,59.80, ,100.0, 
2006/9/11,01:00,0.0, ,171750, ,89.92, ,59.60, ,100.0, 
2006/9/11,02:00,0.0, ,171810, ,75.19, ,59.70, ,100.0, 
2006/9/11,03:00,0.0, ,171870, ,79.62, ,59.70, ,100.0, 
2006/9/11,04:00,0.0, ,171920, ,78.97, ,59.90, ,100.0, 
2006/9/11,05:00,0.0, ,171980, ,73.30, ,59.60, ,100.0, 
2006/9/11,06:00,0.0, ,172030, ,74.63, ,59.60, ,100.0, 
2006/9/11,07:00,0.0, ,172090, ,71.03, ,59.70, ,100.0, 
2006/9/11,08:00,0.0, ,172090, ,68.13, ,59.50, ,100.0, 
2006/9/11,09:00,0.0, ,172140, ,67.13, ,59.70, ,100.0, 
2006/9/11,10:00,0.0, ,172140, ,67.64, ,59.50, ,100.0, 
2006/9/11,11:00,0.0, ,172140, ,59.58, ,59.70, ,100.0, 
2006/9/11,12:00,0.0, ,172200, ,66.70, ,59.30, ,100.0, 
2006/9/11,13:00,0.0, ,172200, ,68.21, ,59.70, ,100.0, 
2006/9/11,14:00,0.0, ,172200, ,59.62, ,59.40, ,100.0, 
2006/9/11,15:00,0.0, ,172200, ,59.61, ,59.50, ,100.0, 
2006/9/11,16:00,0.0, ,172200, ,59.65, ,59.40, ,100.0, 
2006/9/11,17:00,0.0, ,172200, ,59.63, ,59.70, ,100.0, 
2006/9/11,18:00,0.3, ,172200, ,59.61, ,60.00, ,100.0, 
2006/9/11,19:00,1.6, ,172200, ,59.63, ,59.50, ,100.0, 
2006/9/11,20:00,3.6, ,172200, ,59.60, ,59.70, ,100.0, 
2006/9/11,21:00,0.0, ,0,$,0.00,$,0.00,$,0.0,$
2006/9/11,22:00,0.0, ,0,$,0.00,$,0.00,$,0.0,$
2006/9/11,23:00,0.0, ,0,$,0.00,$,0.00,$,0.0,$
2006/9/11,24:00,0.0, ,0,$,0.00,$,0.00,$,0.0,$
2006/9/12,01:00,0.0, ,172540, ,78.62, ,59.30, ,100.0, 
2006/9/12,02:00,0.5, ,172590, ,70.16, ,59.30, ,100.0, 
2006/9/12,03:00,0.4, ,172590, ,64.45, ,59.40, ,100.0, 
2006/9/12,04:00,0.0, ,172590, ,59.49, ,59.40, ,100.0, 
2006/9/12,05:00,0.0, ,172650, ,69.05, ,59.70, ,100.0, 
2006/9/12,06:00,0.1, ,172650, ,65.49, ,59.50, ,100.0, 
2006/9/12,07:00,0.4, ,172650, ,59.50, ,59.50, ,100.0, 
2006/9/12,08:00,0.3, ,172650, ,59.46, ,59.80, ,100.0, 
2006/9/12,09:00,0.0, ,172650, ,59.45, ,59.40, ,100.0, 
2006/9/12,10:00,0.0, ,172590, ,57.66, ,59.40, ,100.0, 
2006/9/12,11:00,0.0, ,172590, ,45.75, ,59.20, ,100.0, 
2006/9/12,12:00,0.3, ,172590, ,59.45, ,59.40, ,100.0, 
2006/9/12,13:00,0.2, ,172540, ,52.45, ,59.70, ,100.0, 
2006/9/12,14:00,0.1, ,172540, ,51.03, ,59.50, ,100.0, 
2006/9/12,15:00,0.8, ,172480, ,51.25, ,59.70, ,100.0, 
2006/9/12,16:00,0.5, ,172480, ,52.33, ,59.30, ,100.0, 
2006/9/12,17:00,0.0, ,172420, ,45.48, ,59.60, ,99.9, 
2006/9/12,18:00,0.0, ,172370, ,51.01, ,59.60, ,99.9, 
2006/9/12,19:00,0.0, ,172310, ,47.92, ,59.80, ,99.8, 
2006/9/12,20:00,0.1, ,172310, ,47.17, ,59.70, ,99.8, 
2006/9/12,21:00,0.6, ,172260, ,46.65, ,59.40, ,99.8, 
2006/9/12,22:00,0.3, ,172200, ,48.25, ,59.60, ,99.8, 
2006/9/12,23:00,0.1, ,172140, ,47.19, ,59.60, ,99.7, 
2006/9/12,24:00,0.0, ,172090, ,47.45, ,59.60, ,100.0, 
2006/9/13,01:00,0.0, ,172030, ,43.83, ,59.70, ,100.0, 
2006/9/13,02:00,0.0, ,171980, ,42.81, ,59.60, ,99.9, 
2006/9/13,03:00,0.0, ,171920, ,46.19, ,59.90, ,99.9, 
2006/9/13,04:00,0.1, ,171870, ,43.92, ,60.10, ,99.9, 
2006/9/13,05:00,0.8, ,171810, ,44.19, ,59.60, ,99.8, 
2006/9/13,06:00,0.5, ,171750, ,40.54, ,59.70, ,99.8, 
2006/9/13,07:00,0.6, ,171700, ,45.23, ,59.60, ,99.7, 
2006/9/13,08:00,1.2, ,171640, ,42.14, ,59.50, ,99.7, 
2006/9/13,09:00,0.5, ,171590, ,45.47, ,59.70, ,99.7, 
2006/9/13,10:00,1.0, ,171530, ,41.89, ,59.80, ,99.6, 
2006/9/13,11:00,1.1, ,171480, ,44.52, ,59.80, ,99.6, 
2006/9/13,12:00,4.5, ,171420, ,41.11, ,59.90, ,99.5, 
2006/9/13,13:00,6.6, ,171420, ,54.79, ,59.80, ,99.5, 
2006/9/13,14:00,4.9, ,171420, ,59.72, ,59.60, ,99.5, 
2006/9/13,15:00,1.6, ,171420, ,59.67, ,59.80, ,99.5, 
2006/9/13,16:00,1.5, ,171530, ,74.46, ,59.80, ,99.6, 
2006/9/13,17:00,4.2, ,171640, ,88.15, ,59.70, ,99.7, 
2006/9/13,18:00,1.9, ,171810, ,99.13, ,59.70, ,99.8, 
2006/9/13,19:00,0.6, ,171920, ,97.10, ,59.60, ,99.9, 
2006/9/13,20:00,0.3, ,172030, ,93.47, ,59.50, ,100.0, 
2006/9/13,21:00,0.0, ,172140, ,88.52, ,59.60, ,100.0, 
2006/9/13,22:00,0.0, ,172200, ,86.22, ,59.90, ,100.0, 
2006/9/13,23:00,0.0, ,172310, ,83.67, ,59.70, ,100.0, 
2006/9/13,24:00,0.0, ,172370, ,80.48, ,59.50, ,100.0, 
2006/9/14,01:00,0.0, ,172420, ,70.96, ,59.40, ,100.0, 
2006/9/14,02:00,0.0, ,172420, ,72.81, ,59.60, ,100.0, 
2006/9/14,03:00,0.0, ,172420, ,59.54, ,59.70, ,100.0, 
2006/9/14,04:00,0.0, ,172480, ,70.18, ,59.30, ,100.0, 
2006/9/14,05:00,0.0, ,172480, ,64.41, ,59.40, ,100.0, 
2006/9/14,06:00,0.0, ,172480, ,59.51, ,59.50, ,100.0, 
2006/9/14,07:00,0.0, ,172480, ,59.50, ,59.60, ,100.0, 
2006/9/14,08:00,0.0, ,172480, ,59.55, ,59.40, ,100.0, 
2006/9/14,09:00,0.0, ,172480, ,59.52, ,59.50, ,100.0, 
2006/9/14,10:00,0.0, ,172480, ,59.54, ,59.70, ,100.0, 
2006/9/14,11:00,0.0, ,172480, ,59.53, ,59.50, ,100.0, 
2006/9/14,12:00,0.0, ,172480, ,59.49, ,59.40, ,100.0, 
2006/9/14,13:00,0.0, ,172420, ,46.00, ,59.60, ,100.0, 
2006/9/14,14:00,0.0, ,172420, ,57.48, ,59.40, ,100.0, 
2006/9/14,15:00,0.0, ,172370, ,45.07, ,59.20, ,100.0, 
2006/9/14,16:00,0.0, ,172370, ,58.50, ,59.60, ,100.0, 
2006/9/14,17:00,0.0, ,172310, ,44.30, ,59.50, ,100.0, 
2006/9/14,18:00,0.0, ,172260, ,58.28, ,59.40, ,99.9, 
2006/9/14,19:00,0.0, ,172260, ,45.05, ,59.50, ,99.9, 
2006/9/14,20:00,0.0, ,172200, ,47.92, ,59.40, ,99.9, 
2006/9/14,21:00,0.0, ,172140, ,46.91, ,59.40, ,99.8, 
2006/9/14,22:00,0.0, ,172090, ,48.15, ,59.60, ,99.8, 
2006/9/14,23:00,0.0, ,172030, ,48.18, ,59.50, ,99.8, 
2006/9/14,24:00,0.0, ,171980, ,42.50, ,59.40, ,100.0, 
2006/9/15,01:00,0.0, ,171980, ,46.16, ,59.50, ,100.0, 
2006/9/15,02:00,0.0, ,171920, ,44.65, ,59.40, ,100.0, 
2006/9/15,03:00,0.0, ,171870, ,45.71, ,59.90, ,99.9, 
2006/9/15,04:00,0.0, ,171810, ,43.11, ,59.70, ,99.9, 
2006/9/15,05:00,0.0, ,171700, ,42.33, ,59.60, ,99.8, 
2006/9/15,06:00,0.0, ,171640, ,42.62, ,59.70, ,99.8, 
2006/9/15,07:00,0.0, ,171590, ,43.66, ,59.90, ,99.7, 
2006/9/15,08:00,0.0, ,171530, ,43.45, ,59.40, ,99.7, 
2006/9/15,09:00,0.0, ,171480, ,41.38, ,59.50, ,99.7, 
2006/9/15,10:00,0.0, ,171420, ,40.37, ,59.50, ,99.6, 
2006/9/15,11:00,0.0, ,171310, ,39.85, ,60.00, ,99.5, 
2006/9/15,12:00,0.0, ,171250, ,41.86, ,59.50, ,99.5, 
2006/9/15,13:00,0.0, ,171200, ,40.30, ,59.50, ,99.5, 
2006/9/15,14:00,0.0, ,171140, ,41.48, ,59.80, ,99.4, 
2006/9/15,15:00,0.0, ,171090, ,42.54, ,59.80, ,99.4, 
2006/9/15,16:00,0.0, ,170970, ,39.21, ,59.80, ,99.3, 
2006/9/15,17:00,0.0, ,170920, ,37.97, ,59.90, ,99.3, 
2006/9/15,18:00,0.0, ,170860, ,39.22, ,59.90, ,99.2, 
2006/9/15,19:00,0.0, ,170750, ,35.34, ,60.10, ,99.2, 
2006/9/15,20:00,0.1, ,170700, ,38.16, ,59.90, ,99.1, 
2006/9/15,21:00,0.2, ,170580, ,36.09, ,59.90, ,99.0, 
2006/9/15,22:00,0.3, ,170530, ,39.69, ,59.90, ,99.0, 
2006/9/15,23:00,1.4, ,170420, ,35.15, ,59.70, ,98.9, 
2006/9/15,24:00,3.8, ,170360, ,37.76, ,59.90, ,100.0, 
2006/9/16,01:00,5.3, ,170310, ,40.59, ,60.00, ,100.0, 
2006/9/16,02:00,7.9, ,170200, ,39.08, ,59.70, ,99.9, 
2006/9/16,03:00,7.7, ,170200, ,47.27, ,59.90, ,99.9, 
2006/9/16,04:00,8.2, ,170200, ,59.88, ,59.80, ,99.9, 
2006/9/16,05:00,5.4, ,170250, ,64.00, ,59.90, ,99.9, 
2006/9/16,06:00,0.9, ,170470, ,105.40, ,59.90, ,100.0, 
2006/9/16,07:00,0.0, ,170860, ,144.04, ,59.90, ,100.0, 
2006/9/16,08:00,0.1, ,171140, ,145.58, ,59.90, ,100.0, 
2006/9/16,09:00,0.6, ,171310, ,123.51, ,59.70, ,100.0, 
2006/9/16,10:00,2.0, ,171480, ,108.25, ,59.80, ,100.0, 
2006/9/16,11:00,0.7, ,171530, ,91.15, ,59.90, ,100.0, 
2006/9/16,12:00,1.7, ,171640, ,88.06, ,59.80, ,100.0, 
2006/9/16,13:00,1.8, ,171750, ,86.52, ,59.80, ,100.0, 
2006/9/16,14:00,0.8, ,171810, ,80.07, ,59.70, ,100.0, 
2006/9/16,15:00,0.8, ,171870, ,78.95, ,59.60, ,100.0, 
2006/9/16,16:00,0.5, ,171980, ,81.58, ,59.70, ,100.0, 
2006/9/16,17:00,0.9, ,172030, ,81.35, ,59.70, ,100.0, 
2006/9/16,18:00,1.5, ,172140, ,81.37, ,59.80, ,100.0, 
2006/9/16,19:00,1.2, ,172200, ,83.42, ,59.20, ,100.0, 
2006/9/16,20:00,1.6, ,172260, ,76.91, ,59.30, ,100.0, 
2006/9/16,21:00,1.4, ,172370, ,85.61, ,59.40, ,100.0, 
2006/9/16,22:00,1.3, ,172480, ,89.04, ,59.60, ,100.0, 
2006/9/16,23:00,0.4, ,172650, ,95.00, ,59.40, ,100.0, 
2006/9/16,24:00,0.4, ,172820, ,110.28, ,59.80, ,100.0, 
2006/9/17,01:00,0.1, ,173100, ,121.99, ,59.40, ,100.0, 
2006/9/17,02:00,0.2, ,173260, ,118.84, ,59.50, ,100.0, 
2006/9/17,03:00,0.0, ,173490, ,119.60, ,59.60, ,100.0, 
2006/9/17,04:00,0.2, ,173660, ,110.59, ,59.20, ,100.0, 
2006/9/17,05:00,0.5, ,173830, ,109.54, ,59.20, ,100.0, 
2006/9/17,06:00,0.8, ,173990, ,99.87, ,59.00, ,100.0, 
2006/9/17,07:00,8.7, ,174160, ,108.99, ,59.40, ,100.0, 
2006/9/17,08:00,5.4, ,174440, ,125.41, ,59.20, ,100.0, 
2006/9/17,09:00,0.1, ,174730, ,132.99, ,59.30, ,100.0, 
2006/9/17,10:00,2.0, ,175060, ,144.49, ,59.30, ,100.0, 
2006/9/17,11:00,1.2, ,175400, ,151.58, ,59.00, ,100.0, 
2006/9/17,12:00,3.0, ,175740, ,155.03, ,58.80, ,100.0, 
2006/9/17,13:00,6.7, ,176140, ,162.13, ,58.80, ,100.0, 
2006/9/17,14:00,4.0, ,176530, ,159.82, ,59.00, ,100.0, 
2006/9/17,15:00,3.3, ,176930, ,179.08, ,58.80, ,100.0, 
2006/9/17,16:00,5.4, ,177780, ,223.80, ,58.90, ,100.0, 
2006/9/17,17:00,5.7, ,178690, ,302.17, ,58.40, ,100.0, 
2006/9/17,18:00,10.6, ,179950, ,362.75, ,58.50, ,100.0, 
2006/9/17,19:00,10.8, ,181670, ,468.35, ,58.40, ,100.0, 
2006/9/17,20:00,12.0, ,183690, ,575.03, ,78.16, ,100.0, 
2006/9/17,21:00,6.4, ,186250, ,762.79, ,147.28, ,100.0, 
2006/9/17,22:00,6.7, ,188300, ,835.16, ,371.94, ,100.0, 
2006/9/17,23:00,5.6, ,189190, ,816.09, ,633.24, ,100.0, 
2006/9/17,24:00,7.7, ,189540, ,751.66, ,643.82, ,100.0, 
2006/9/18,01:00,10.0, ,189720, ,692.86, ,648.52, ,100.0, 
2006/9/18,02:00,2.2, ,190070, ,721.89, ,659.10, ,100.0, 
2006/9/18,03:00,2.5, ,190130, ,736.89, ,660.58, ,100.0, 
2006/9/18,04:00,0.8, ,190310, ,649.92, ,353.80, ,100.0, 
2006/9/18,05:00,0.6, ,190900, ,544.41, ,359.12, ,100.0, 
2006/9/18,06:00,0.5, ,191550, ,479.55, ,262.04, ,100.0, 
2006/9/18,07:00,0.3, ,192380, ,430.44, ,195.10, ,100.0, 
2006/9/18,08:00,0.0, ,192910, ,388.03, ,197.30, ,100.0, 
2006/9/18,09:00,0.0, ,193510, ,350.88, ,154.88, ,100.0, 
2006/9/18,10:00,0.0, ,194040, ,319.29, ,156.02, ,100.0, 
2006/9/18,11:00,0.0, ,194460, ,295.78, ,157.16, ,100.0, 
2006/9/18,12:00,0.0, ,195000, ,273.05, ,125.86, ,100.0, 
2006/9/18,13:00,0.0, ,195420, ,251.44, ,126.52, ,100.0, 
2006/9/18,14:00,0.0, ,195720, ,229.18, ,126.98, ,100.0, 
2006/9/18,15:00,0.0, ,196080, ,216.28, ,127.54, ,100.0, 
2006/9/18,16:00,0.0, ,196320, ,211.22, ,127.92, ,100.0, 
2006/9/18,17:00,0.0, ,196560, ,197.48, ,128.38, ,100.0, 
2006/9/18,18:00,0.0, ,196740, ,185.01, ,128.76, ,100.0, 
2006/9/18,19:00,0.0, ,196860, ,180.64, ,158.16, ,100.0, 
2006/9/18,20:00,0.0, ,196860, ,167.08, ,158.16, ,100.0, 
2006/9/18,21:00,0.0, ,196920, ,165.71, ,158.38, ,100.0, 
2006/9/18,22:00,0.0, ,196920, ,167.49, ,158.18, ,100.0, 
2006/9/18,23:00,0.0, ,196860, ,146.06, ,158.36, ,100.0, 
2006/9/18,24:00,0.0, ,196800, ,144.53, ,158.02, ,100.0, 
2006/9/19,01:00,0.0, ,196740, ,131.64, ,139.94, ,100.0, 
2006/9/19,02:00,0.0, ,196680, ,129.44, ,139.84, ,100.0, 
2006/9/19,03:00,0.0, ,196620, ,125.84, ,120.16, ,100.0, 
2006/9/19,04:00,0.0, ,196620, ,116.52, ,120.26, ,100.0, 
2006/9/19,05:00,0.0, ,196620, ,120.12, ,120.26, ,100.0, 
2006/9/19,06:00,0.0, ,196620, ,120.12, ,120.36, ,100.0, 
2006/9/19,07:00,0.0, ,196560, ,109.58, ,120.08, ,100.0, 
2006/9/19,08:00,0.0, ,196560, ,113.95, ,119.98, ,100.0, 
2006/9/19,09:00,0.0, ,196440, ,101.83, ,110.80, ,100.0, 
2006/9/19,10:00,0.0, ,196440, ,93.92, ,110.40, ,100.0, 
2006/9/19,11:00,0.0, ,196380, ,91.45, ,95.38, ,100.0, 
2006/9/19,12:00,0.0, ,196380, ,92.97, ,95.38, ,100.0, 
2006/9/19,13:00,0.0, ,196380, ,95.18, ,95.28, ,100.0, 
2006/9/19,14:00,0.0, ,196320, ,88.90, ,84.46, ,100.0, 
2006/9/19,15:00,0.0, ,196260, ,63.27, ,84.24, ,100.0, 
2006/9/19,16:00,0.0, ,196260, ,81.79, ,84.14, ,100.0, 
2006/9/19,17:00,0.0, ,196200, ,75.14, ,68.56, ,100.0, 
2006/9/19,18:00,0.0, ,196200, ,66.18, ,68.86, ,100.0, 
2006/9/19,19:00,0.0, ,196200, ,68.61, ,68.46, ,100.0, 
2006/9/19,20:00,0.0, ,196200, ,68.55, ,68.76, ,100.0, 
2006/9/19,21:00,0.0, ,196200, ,68.58, ,68.66, ,100.0, 
2006/9/19,22:00,0.0, ,196200, ,68.63, ,68.66, ,100.0, 
2006/9/19,23:00,0.0, ,196200, ,68.60, ,68.56, ,100.0, 
2006/9/19,24:00,0.0, ,196140, ,61.91, ,59.37, ,100.0, 
2006/9/20,01:00,0.0, ,196140, ,50.79, ,59.57, ,100.0, 
2006/9/20,02:00,0.0, ,196140, ,59.41, ,59.47, ,100.0, 
2006/9/20,03:00,0.0, ,196140, ,59.36, ,59.47, ,100.0, 
2006/9/20,04:00,0.0, ,196140, ,59.35, ,59.57, ,100.0, 
2006/9/20,05:00,0.0, ,196140, ,59.39, ,59.17, ,100.0, 
2006/9/20,06:00,0.0, ,196140, ,59.38, ,59.27, ,100.0, 
2006/9/20,07:00,0.0, ,196140, ,59.38, ,59.27, ,100.0, 
2006/9/20,08:00,0.0, ,196140, ,59.42, ,59.47, ,100.0, 
2006/9/20,09:00,0.0, ,196140, ,59.31, ,56.10, ,100.0, 
2006/9/20,10:00,0.0, ,196140, ,57.15, ,56.20, ,100.0, 
2006/9/20,11:00,0.0, ,196140, ,56.29, ,56.30, ,100.0, 
2006/9/20,12:00,0.0, ,196140, ,56.39, ,56.20, ,100.0, 
2006/9/20,13:00,0.0, ,196140, ,56.31, ,56.20, ,100.0, 
2006/9/20,14:00,0.0, ,196080, ,53.75, ,56.20, ,100.0, 
2006/9/20,15:00,0.0, ,196080, ,42.04, ,56.40, ,100.0, 
2006/9/20,16:00,0.0, ,196080, ,56.31, ,56.60, ,100.0, 
2006/9/20,17:00,0.0, ,196020, ,43.92, ,56.20, ,100.0, 
2006/9/20,18:00,0.0, ,196020, ,52.16, ,56.00, ,100.0, 
2006/9/20,19:00,0.0, ,195960, ,41.87, ,56.10, ,100.0, 
2006/9/20,20:00,0.0, ,195900, ,42.99, ,56.30, ,100.0, 
2006/9/20,21:00,0.0, ,195840, ,42.74, ,56.30, ,100.0, 
2006/9/20,22:00,0.0, ,195780, ,36.33, ,56.30, ,100.0, 
2006/9/20,23:00,0.0, ,195720, ,37.98, ,56.50, ,100.0, 
2006/9/20,24:00,0.0, ,195600, ,34.72, ,56.40, ,100.0, 
2006/9/21,01:00,0.0, ,195540, ,36.13, ,56.20, ,100.0, 
2006/9/21,02:00,0.0, ,195480, ,37.25, ,56.40, ,100.0, 
2006/9/21,03:00,0.0, ,195420, ,35.66, ,56.50, ,100.0, 
2006/9/21,04:00,0.0, ,195300, ,36.99, ,56.50, ,100.0, 
2006/9/21,05:00,0.0, ,195240, ,32.88, ,56.40, ,100.0, 
2006/9/21,06:00,0.0, ,195180, ,35.12, ,56.70, ,100.0, 
2006/9/21,07:00,0.0, ,195120, ,38.78, ,56.50, ,100.0, 
2006/9/21,08:00,0.0, ,195000, ,30.19, ,56.60, ,100.0, 
2006/9/21,09:00,0.0, ,194940, ,33.79, ,56.60, ,100.0, 
2006/9/21,10:00,0.0, ,194820, ,29.39, ,56.20, ,100.0, 
2006/9/21,11:00,0.0, ,194760, ,33.01, ,56.60, ,100.0, 
2006/9/21,12:00,0.0, ,194700, ,36.66, ,56.40, ,100.0, 
2006/9/21,13:00,0.0, ,194580, ,30.01, ,56.50, ,100.0, 
2006/9/21,14:00,0.0, ,194460, ,34.77, ,56.70, ,100.0, 
2006/9/21,15:00,0.0, ,194400, ,28.66, ,56.40, ,100.0, 
2006/9/21,16:00,0.0, ,194280, ,34.37, ,56.60, ,100.0, 
2006/9/21,17:00,0.0, ,194220, ,30.01, ,56.30, ,100.0, 
2006/9/21,18:00,0.0, ,194100, ,31.10, ,56.70, ,100.0, 
2006/9/21,19:00,0.0, ,194040, ,29.20, ,56.60, ,100.0, 
2006/9/21,20:00,0.0, ,193920, ,28.92, ,56.70, ,100.0, 
2006/9/21,21:00,0.0, ,193800, ,31.18, ,56.50, ,100.0, 
2006/9/21,22:00,0.0, ,193750, ,27.59, ,56.40, ,100.0, 
2006/9/21,23:00,0.0, ,193630, ,28.73, ,56.50, ,100.0, 
2006/9/21,24:00,0.0, ,193510, ,30.13, ,56.80, ,100.0, 
2006/9/22,01:00,0.0, ,193450, ,27.70, ,56.70, ,100.0, 
2006/9/22,02:00,0.0, ,193330, ,26.10, ,56.70, ,100.0, 
2006/9/22,03:00,0.0, ,193210, ,28.32, ,56.70, ,100.0, 
2006/9/22,04:00,0.0, ,193090, ,29.07, ,56.60, ,100.0, 
2006/9/22,05:00,0.0, ,193030, ,28.35, ,56.70, ,100.0, 
2006/9/22,06:00,0.0, ,192910, ,28.35, ,56.80, ,100.0, 
2006/9/22,07:00,0.0, ,192790, ,29.74, ,56.90, ,100.0, 
2006/9/22,08:00,0.0, ,192670, ,23.98, ,56.70, ,100.0, 
2006/9/22,09:00,0.0, ,192610, ,27.89, ,56.90, ,100.0, 
2006/9/22,10:00,0.0, ,192500, ,26.29, ,56.90, ,100.0, 
2006/9/22,11:00,0.0, ,192380, ,28.47, ,56.80, ,100.0, 
2006/9/22,12:00,0.0, ,192320, ,32.05, ,56.90, ,100.0, 
2006/9/22,13:00,0.0, ,192200, ,29.55, ,56.60, ,100.0, 
2006/9/22,14:00,0.0, ,192080, ,32.86, ,56.60, ,100.0, 
2006/9/22,15:00,0.0, ,192020, ,27.89, ,56.80, ,100.0, 
2006/9/22,16:00,0.0, ,191900, ,30.42, ,56.80, ,100.0, 
2006/9/22,17:00,0.0, ,191840, ,32.46, ,56.80, ,100.0, 
2006/9/22,18:00,0.0, ,191720, ,28.38, ,57.00, ,100.0, 
2006/9/22,19:00,0.0, ,191610, ,27.87, ,56.50, ,100.0, 
2006/9/22,20:00,0.0, ,191490, ,29.49, ,56.80, ,100.0, 
2006/9/22,21:00,0.0, ,191430, ,27.06, ,56.70, ,100.0, 
2006/9/22,22:00,0.0, ,191310, ,24.33, ,56.80, ,100.0, 
2006/9/22,23:00,0.0, ,191130, ,24.38, ,56.70, ,100.0, 
2006/9/22,24:00,0.0, ,191070, ,24.91, ,57.00, ,100.0, 
2006/9/23,01:00,0.0, ,190950, ,25.51, ,57.10, ,100.0, 
2006/9/23,02:00,0.0, ,190840, ,21.98, ,56.70, ,100.0, 
2006/9/23,03:00,0.0, ,190720, ,26.12, ,56.90, ,100.0, 
2006/9/23,04:00,0.0, ,190600, ,25.84, ,56.80, ,100.0, 
2006/9/23,05:00,0.0, ,190480, ,22.31, ,56.90, ,100.0, 
2006/9/23,06:00,0.0, ,190360, ,25.82, ,57.00, ,100.0, 
2006/9/23,07:00,0.0, ,190190, ,21.01, ,57.20, ,100.0, 
2006/9/23,08:00,0.0, ,190130, ,24.87, ,56.90, ,100.0, 
2006/9/23,09:00,0.0, ,189950, ,21.61, ,57.10, ,100.0, 
2006/9/23,10:00,0.0, ,189890, ,25.72, ,57.10, ,100.0, 
2006/9/23,11:00,0.0, ,189720, ,19.20, ,57.20, ,100.0, 
2006/9/23,12:00,0.0, ,189600, ,26.34, ,57.20, ,100.0, 
2006/9/23,13:00,0.0, ,189480, ,22.55, ,57.20, ,100.0, 
2006/9/23,14:00,0.0, ,189360, ,20.65, ,57.30, ,100.0, 
2006/9/23,15:00,0.0, ,189190, ,16.93, ,57.20, ,100.0, 
2006/9/23,16:00,0.0, ,189070, ,17.77, ,56.90, ,100.0, 
2006/9/23,17:00,0.0, ,188950, ,22.12, ,57.00, ,100.0, 
2006/9/23,18:00,0.0, ,188770, ,18.02, ,57.50, ,100.0, 
2006/9/23,19:00,0.0, ,188660, ,18.09, ,57.10, ,100.0, 
2006/9/23,20:00,0.0, ,188480, ,16.18, ,57.10, ,100.0, 
2006/9/23,21:00,0.0, ,188360, ,15.63, ,57.10, ,100.0, 
2006/9/23,22:00,0.0, ,188190, ,17.35, ,57.60, ,100.0, 
2006/9/23,23:00,0.0, ,188070, ,14.63, ,57.40, ,100.0, 
2006/9/23,24:00,0.0, ,187890, ,10.86, ,57.50, ,100.0, 
2006/9/24,01:00,0.0, ,187720, ,9.75, ,57.40, ,100.0, 
2006/9/24,02:00,0.0, ,187540, ,10.46, ,57.40, ,100.0, 
2006/9/24,03:00,0.0, ,187370, ,12.94, ,57.30, ,100.0, 
2006/9/24,04:00,0.0, ,187190, ,10.10, ,57.60, ,100.0, 
2006/9/24,05:00,0.0, ,187010, ,11.72, ,57.70, ,100.0, 
2006/9/24,06:00,0.0, ,186840, ,10.59, ,57.30, ,100.0, 
2006/9/24,07:00,0.0, ,186660, ,11.50, ,58.00, ,100.0, 
2006/9/24,08:00,0.0, ,186550, ,10.17, ,57.40, ,100.0, 
2006/9/24,09:00,0.0, ,186370, ,11.46, ,57.50, ,100.0, 
2006/9/24,10:00,0.0, ,186250, ,19.15, ,57.60, ,100.0, 
2006/9/24,11:00,0.0, ,186080, ,20.02, ,57.40, ,100.0, 
2006/9/24,12:00,0.0, ,185960, ,18.37, ,57.40, ,100.0, 
2006/9/24,13:00,0.0, ,185850, ,21.13, ,57.50, ,100.0, 
2006/9/24,14:00,0.0, ,185670, ,18.76, ,57.60, ,100.0, 
2006/9/24,15:00,0.0, ,185550, ,20.12, ,57.60, ,100.0, 
2006/9/24,16:00,0.0, ,185380, ,18.86, ,57.70, ,100.0, 
2006/9/24,17:00,0.0, ,185260, ,19.42, ,57.70, ,100.0, 
2006/9/24,18:00,0.0, ,185150, ,19.95, ,57.70, ,100.0, 
2006/9/24,19:00,0.0, ,184970, ,19.74, ,57.80, ,100.0, 
2006/9/24,20:00,0.0, ,184850, ,18.42, ,57.70, ,100.0, 
2006/9/24,21:00,0.0, ,184740, ,19.78, ,57.80, ,100.0, 
2006/9/24,22:00,0.0, ,184560, ,18.49, ,58.20, ,100.0, 
2006/9/24,23:00,0.0, ,184450, ,19.37, ,57.70, ,100.0, 
2006/9/24,24:00,0.0, ,184270, ,15.81, ,57.90, ,100.0, 
2006/9/25,01:00,0.0, ,184100, ,12.12, ,57.90, ,100.0, 
2006/9/25,02:00,0.0, ,183920, ,11.87, ,57.90, ,100.0, 
2006/9/25,03:00,0.0, ,183750, ,10.93, ,57.70, ,100.0, 
2006/9/25,04:00,0.0, ,183580, ,10.75, ,58.10, ,100.0, 
2006/9/25,05:00,0.0, ,183460, ,11.47, ,58.10, ,100.0, 
2006/9/25,06:00,0.0, ,183290, ,10.98, ,58.00, ,100.0, 
2006/9/25,07:00,0.0, ,183110, ,10.51, ,58.00, ,100.0, 
2006/9/25,08:00,0.0, ,182940, ,10.08, ,58.10, ,100.0, 
2006/9/25,09:00,0.0, ,182770, ,12.09, ,58.10, ,100.0, 
2006/9/25,10:00,0.0, ,182590, ,18.00, ,58.20, ,100.0, 
2006/9/25,11:00,0.0, ,182480, ,16.94, ,58.40, ,100.0, 
2006/9/25,12:00,0.0, ,182360, ,19.90, ,58.20, ,100.0, 
2006/9/25,13:00,0.0, ,182190, ,16.92, ,58.50, ,100.0, 
2006/9/25,14:00,0.0, ,182020, ,18.38, ,58.20, ,100.0, 
2006/9/25,15:00,0.0, ,181900, ,17.60, ,58.00, ,100.0, 
2006/9/25,16:00,0.0, ,181730, ,18.92, ,58.00, ,100.0, 
2006/9/25,17:00,0.0, ,181610, ,18.17, ,58.00, ,100.0, 
2006/9/25,18:00,0.0, ,181440, ,19.76, ,58.10, ,100.0, 
2006/9/25,19:00,0.0, ,181320, ,15.85, ,58.20, ,100.0, 
2006/9/25,20:00,0.0, ,181150, ,18.62, ,58.30, ,100.0, 
2006/9/25,21:00,0.0, ,181040, ,17.37, ,58.20, ,100.0, 
2006/9/25,22:00,0.0, ,180860, ,15.25, ,58.60, ,100.0, 
2006/9/25,23:00,0.0, ,180750, ,16.68, ,58.20, ,100.0, 
2006/9/25,24:00,0.0, ,180580, ,14.25, ,58.40, ,100.0, 
2006/9/26,01:00,0.0, ,180350, ,10.52, ,58.60, ,100.0, 
2006/9/26,02:00,0.0, ,180230, ,10.97, ,58.70, ,100.0, 
2006/9/26,03:00,0.0, ,180000, ,10.33, ,58.10, ,100.0, 
2006/9/26,04:00,0.0, ,179830, ,11.46, ,58.40, ,100.0, 
2006/9/26,05:00,0.0, ,179660, ,9.39, ,58.50, ,100.0, 
2006/9/26,06:00,0.0, ,179490, ,13.27, ,58.40, ,100.0, 
2006/9/26,07:00,0.0, ,179320, ,12.20, ,58.90, ,100.0, 
2006/9/26,08:00,0.0, ,179150, ,7.49, ,58.60, ,100.0, 
2006/9/26,09:00,0.0, ,178980, ,10.21, ,58.50, ,100.0, 
2006/9/26,10:00,0.0, ,178860, ,14.66, ,58.40, ,100.0, 
2006/9/26,11:00,0.0, ,178630, ,18.35, ,58.90, ,100.0, 
2006/9/26,12:00,0.0, ,178520, ,13.96, ,58.70, ,100.0, 
2006/9/26,13:00,0.0, ,178350, ,21.01, ,58.80, ,100.0, 
2006/9/26,14:00,0.0, ,178240, ,17.59, ,58.70, ,100.0, 
2006/9/26,15:00,0.0, ,178060, ,18.39, ,58.50, ,100.0, 
2006/9/26,16:00,0.0, ,177950, ,16.00, ,58.60, ,100.0, 
2006/9/26,17:00,0.0, ,177780, ,14.77, ,58.90, ,100.0, 
2006/9/26,18:00,0.0, ,177610, ,19.61, ,58.90, ,100.0, 
2006/9/26,19:00,0.0, ,177500, ,18.50, ,58.50, ,100.0, 
2006/9/26,20:00,0.0, ,177330, ,14.30, ,59.00, ,100.0, 
2006/9/26,21:00,0.0, ,177160, ,16.81, ,58.70, ,100.0, 
2006/9/26,22:00,0.0, ,176990, ,16.03, ,59.00, ,100.0, 
2006/9/26,23:00,0.0, ,176870, ,14.49, ,58.70, ,100.0, 
2006/9/26,24:00,0.0, ,176700, ,13.50, ,58.80, ,100.0, 
2006/9/27,01:00,0.0, ,176650, ,10.10, ,5.90, ,100.0, 
2006/9/27,02:00,0.0, ,176650, ,4.11, ,0.00, ,100.0, 
2006/9/27,03:00,0.0, ,176650, ,0.00, ,0.00, ,100.0, 
2006/9/27,04:00,0.0, ,176650, ,0.00, ,0.00, ,100.0, 
2006/9/27,05:00,0.0, ,176700, ,5.25, ,0.00, ,100.0, 
2006/9/27,06:00,0.0, ,176700, ,10.59, ,5.10, ,100.0, 
2006/9/27,07:00,0.0, ,176700, ,16.23, ,32.50, ,100.0, 
2006/9/27,08:00,0.0, ,176530, ,22.76, ,57.50, ,100.0, 
2006/9/27,09:00,0.0, ,176360, ,10.71, ,57.50, ,100.0, 
2006/9/27,10:00,0.0, ,176250, ,13.72, ,57.60, ,100.0, 
2006/9/27,11:00,0.0, ,176080, ,19.52, ,57.30, ,100.0, 
2006/9/27,12:00,0.0, ,175910, ,14.09, ,57.50, ,100.0, 
2006/9/27,13:00,0.0, ,175800, ,15.11, ,57.60, ,100.0, 
2006/9/27,14:00,0.0, ,175630, ,17.28, ,57.50, ,100.0, 
2006/9/27,15:00,0.0, ,175460, ,16.81, ,57.80, ,100.0, 
2006/9/27,16:00,0.0, ,175350, ,14.35, ,57.50, ,100.0, 
2006/9/27,17:00,0.0, ,175180, ,12.98, ,58.90, ,100.0, 
2006/9/27,18:00,0.0, ,175010, ,16.95, ,59.10, ,100.0, 
2006/9/27,19:00,0.0, ,174890, ,16.84, ,59.20, ,100.0, 
2006/9/27,20:00,0.0, ,174730, ,15.33, ,59.10, ,100.0, 
2006/9/27,21:00,0.0, ,174560, ,14.63, ,59.10, ,100.0, 
2006/9/27,22:00,0.0, ,174390, ,16.23, ,59.10, ,100.0, 
2006/9/27,23:00,0.0, ,174220, ,16.84, ,59.30, ,100.0, 
2006/9/27,24:00,0.0, ,174110, ,12.94, ,21.80, ,100.0, 
2006/9/28,01:00,0.0, ,174160, ,13.40, ,0.00, ,100.0, 
2006/9/28,02:00,0.0, ,174220, ,3.91, ,0.00, ,100.0, 
2006/9/28,03:00,0.0, ,174220, ,10.15, ,0.00, ,100.0, 
2006/9/28,04:00,0.0, ,174270, ,5.99, ,0.00, ,100.0, 
2006/9/28,05:00,0.0, ,174270, ,11.72, ,0.00, ,100.0, 
2006/9/28,06:00,0.0, ,174270, ,3.48, ,5.20, ,100.0, 
2006/9/28,07:00,0.0, ,174270, ,9.33, ,21.00, ,100.0, 
2006/9/28,08:00,0.0, ,174220, ,10.30, ,20.80, ,100.0, 
2006/9/28,09:00,0.0, ,174160, ,9.28, ,20.70, ,100.0, 
2006/9/28,10:00,0.0, ,174110, ,9.45, ,32.50, ,100.0, 
2006/9/28,11:00,0.0, ,173940, ,14.48, ,57.90, ,100.0, 
2006/9/28,12:00,0.0, ,173770, ,17.27, ,32.80, ,100.0, 
2006/9/28,13:00,0.0, ,173770, ,14.48, ,41.00, ,100.0, 
2006/9/28,14:00,0.0, ,173600, ,15.50, ,58.00, ,100.0, 
2006/9/28,15:00,0.0, ,173430, ,19.05, ,58.00, ,100.0, 
2006/9/28,16:00,0.0, ,173320, ,13.08, ,57.80, ,100.0, 
2006/9/28,17:00,0.0, ,173150, ,16.39, ,58.00, ,100.0, 
2006/9/28,18:00,0.0, ,172980, ,14.16, ,57.90, ,100.0, 
2006/9/28,19:00,0.0, ,172820, ,15.76, ,32.90, ,99.9, 
2006/9/28,20:00,0.0, ,172820, ,10.33, ,20.80, ,99.9, 
2006/9/28,21:00,0.0, ,172820, ,20.71, ,20.80, ,99.9, 
2006/9/28,22:00,0.0, ,172760, ,10.34, ,20.80, ,99.8, 
2006/9/28,23:00,0.0, ,172760, ,14.46, ,4.20, ,99.8, 
2006/9/28,24:00,0.0, ,172760, ,8.67, ,0.00, ,100.0, 
2006/9/29,01:00,0.0, ,172760, ,0.00, ,0.00, ,100.0, 
2006/9/29,02:00,0.0, ,172760, ,0.00, ,0.00, ,100.0, 
2006/9/29,03:00,0.0, ,172820, ,14.77, ,0.00, ,100.0, 
2006/9/29,04:00,0.0, ,172820, ,0.78, ,0.00, ,100.0, 
2006/9/29,05:00,0.0, ,172870, ,15.29, ,0.00, ,100.0, 
2006/9/29,06:00,0.0, ,172870, ,0.36, ,5.30, ,100.0, 
2006/9/29,07:00,0.0, ,172870, ,9.66, ,18.50, ,100.0, 
2006/9/29,08:00,0.0, ,172870, ,18.53, ,18.40, ,100.0, 
2006/9/29,09:00,0.0, ,172870, ,18.49, ,18.70, ,100.0, 
2006/9/29,10:00,0.0, ,172760, ,12.30, ,30.10, ,100.0, 
2006/9/29,11:00,0.0, ,172650, ,12.72, ,58.00, ,99.9, 
2006/9/29,12:00,0.0, ,172480, ,15.67, ,32.00, ,99.8, 
2006/9/29,13:00,0.0, ,172420, ,15.99, ,41.40, ,99.8, 
2006/9/29,14:00,0.0, ,172310, ,12.10, ,58.30, ,99.7, 
2006/9/29,15:00,0.0, ,172140, ,16.50, ,58.20, ,99.6, 
2006/9/29,16:00,0.0, ,171980, ,15.32, ,58.20, ,99.5, 
2006/9/29,17:00,0.0, ,171870, ,15.31, ,58.10, ,99.4, 
2006/9/29,18:00,0.0, ,171700, ,13.30, ,58.10, ,99.3, 
2006/9/29,19:00,0.0, ,171530, ,15.92, ,32.70, ,99.2, 
2006/9/29,20:00,0.0, ,171530, ,18.32, ,20.80, ,99.2, 
2006/9/29,21:00,0.0, ,171480, ,5.60, ,20.70, ,99.1, 
2006/9/29,22:00,0.0, ,171480, ,19.43, ,4.30, ,99.1, 
2006/9/29,23:00,0.0, ,171480, ,8.77, ,0.00, ,99.1, 
2006/9/29,24:00,0.0, ,171480, ,0.00, ,0.00, ,100.0, 
2006/9/30,01:00,0.0, ,171480, ,0.00, ,0.00, ,100.0, 
2006/9/30,02:00,0.0, ,171530, ,13.42, ,0.00, ,100.0, 
2006/9/30,03:00,0.0, ,171530, ,2.06, ,0.00, ,100.0, 
2006/9/30,04:00,0.0, ,171590, ,12.65, ,0.00, ,100.0, 
2006/9/30,05:00,0.0, ,171590, ,2.84, ,0.00, ,100.0, 
2006/9/30,06:00,0.0, ,171640, ,11.36, ,0.00, ,100.0, 
2006/9/30,07:00,0.0, ,171640, ,4.40, ,15.60, ,100.0, 
2006/9/30,08:00,0.0, ,171640, ,9.86, ,18.60, ,100.0, 
2006/9/30,09:00,0.0, ,171640, ,18.55, ,19.50, ,100.0, 
2006/9/30,10:00,0.0, ,171640, ,19.21, ,19.70, ,100.0, 
2006/9/30,11:00,0.0, ,171590, ,13.69, ,19.60, ,100.0, 
2006/9/30,12:00,0.0, ,171590, ,10.10, ,19.70, ,100.0, 
2006/9/30,13:00,0.0, ,171590, ,19.63, ,19.60, ,100.0, 
2006/9/30,14:00,0.0, ,171480, ,13.27, ,36.70, ,100.0, 
2006/9/30,15:00,0.0, ,171420, ,12.42, ,36.60, ,100.0, 
2006/9/30,16:00,0.0, ,171360, ,18.05, ,35.90, ,99.9, 
2006/9/30,17:00,0.0, ,171250, ,11.61, ,35.80, ,99.8, 
2006/9/30,18:00,0.0, ,171250, ,14.21, ,18.50, ,99.8, 
2006/9/30,19:00,0.0, ,171200, ,15.13, ,18.50, ,99.8, 
2006/9/30,20:00,0.0, ,171200, ,6.35, ,18.40, ,99.8, 
2006/9/30,21:00,0.0, ,171200, ,18.32, ,7.20, ,99.8, 
2006/9/30,22:00,0.0, ,171200, ,8.98, ,0.00, ,99.8, 
2006/9/30,23:00,0.0, ,171250, ,0.26, ,0.00, ,99.8, 
2006/9/30,24:00,0.0, ,171250, ,15.21, ,0.00, ,99.6, 
