îCà”ä˙ä‘É_ÉÄèîó åüçıåãâ 
êÖånñº,ãgñÏêÏ
âÕêÏñº,ãgñÏêÏ
äœë™èäñº,ëÅñæâYÉ_ÉÄÅiã@ç\Åj
äœë™èäãLçÜ,1368080700010
#
#îNåéì˙,éûçè,ó¨àÊïΩãœâJó ,ó¨àÊïΩãœâJó ëÆê´,íôêÖó ,íôêÖó ëÆê´,ó¨ì¸ó ,ó¨ì¸ó ëÆê´,ï˙ó¨ó ,ï˙ó¨ó ëÆê´,íôêÖó¶,íôêÖó¶ëÆê´
#ëÆê´Å@$:åáë™ -:ñ¢éÛêM
#
2003/11/6,03:00,0.2, ,173710, ,109.04, ,0.00, ,100.0, 
2003/11/6,04:00,0.3, ,174050, ,97.96, ,0.00, ,100.0, 
2003/11/6,05:00,0.0, ,174330, ,89.56, ,0.00, ,100.0, 
2003/11/6,06:00,0.5, ,174610, ,76.56, ,0.00, ,100.0, 
2003/11/6,07:00,0.1, ,174840, ,68.35, ,0.00, ,100.0, 
2003/11/6,08:00,0.6, ,175060, ,56.53, ,0.00, ,100.0, 
2003/11/6,09:00,1.4, ,175230, ,51.81, ,0.00, ,100.0, 
2003/11/6,10:00,0.5, ,175400, ,51.42, ,0.00, ,100.0, 
2003/11/6,11:00,0.6, ,175570, ,44.86, ,0.00, ,100.0, 
2003/11/6,12:00,0.1, ,175740, ,40.08, ,0.00, ,100.0, 
2003/11/6,13:00,0.1, ,175850, ,45.77, ,0.00, ,100.0, 
2003/11/6,14:00,0.0, ,175970, ,38.28, ,0.00, ,100.0, 
2003/11/6,15:00,0.0, ,176080, ,31.57, ,0.00, ,100.0, 
2003/11/6,16:00,0.0, ,176190, ,35.19, ,0.00, ,100.0, 
2003/11/6,17:00,0.3, ,176310, ,29.71, ,0.00, ,100.0, 
2003/11/6,18:00,0.0, ,176420, ,25.87, ,0.00, ,100.0, 
2003/11/6,19:00,0.0, ,176530, ,29.05, ,0.00, ,100.0, 
2003/11/6,20:00,0.0, ,176590, ,27.43, ,0.00, ,100.0, 
2003/11/6,21:00,0.0, ,176700, ,25.63, ,0.00, ,100.0, 
2003/11/6,22:00,0.0, ,176820, ,22.70, ,0.00, ,100.0, 
2003/11/6,23:00,0.0, ,176870, ,26.09, ,0.00, ,100.0, 
2003/11/6,24:00,0.0, ,176930, ,20.62, ,0.00, ,100.0, 
2003/11/7,01:00,0.0, ,176990, ,18.31, ,0.00, ,100.0, 
2003/11/7,02:00,0.0, ,177100, ,19.62, ,0.00, ,100.0, 
2003/11/7,03:00,0.0, ,177160, ,16.35, ,0.00, ,100.0, 
2003/11/7,04:00,0.0, ,177210, ,16.85, ,0.00, ,100.0, 
2003/11/7,05:00,0.0, ,177270, ,14.39, ,0.00, ,100.0, 
2003/11/7,06:00,0.0, ,177330, ,17.80, ,0.00, ,100.0, 
2003/11/7,07:00,0.0, ,177380, ,13.19, ,0.00, ,100.0, 
2003/11/7,08:00,0.0, ,177380, ,14.60, ,0.00, ,100.0, 
2003/11/7,09:00,0.0, ,177440, ,14.18, ,0.00, ,100.0, 
2003/11/7,10:00,0.0, ,177500, ,17.29, ,0.00, ,100.0, 
2003/11/7,11:00,0.0, ,177610, ,16.32, ,0.00, ,100.0, 
2003/11/7,12:00,0.0, ,177670, ,22.03, ,0.00, ,100.0, 
2003/11/7,13:00,0.0, ,177720, ,19.63, ,0.00, ,100.0, 
2003/11/7,14:00,0.0, ,177840, ,22.42, ,0.00, ,100.0, 
2003/11/7,15:00,0.0, ,177890, ,21.38, ,0.00, ,100.0, 
2003/11/7,16:00,0.0, ,178010, ,22.03, ,29.80, ,100.0, 
2003/11/7,17:00,0.0, ,178010, ,32.65, ,54.60, ,100.0, 
2003/11/7,18:00,0.0, ,177890, ,31.22, ,59.00, ,100.0, 
2003/11/7,19:00,0.0, ,177780, ,23.74, ,59.00, ,100.0, 
2003/11/7,20:00,0.0, ,177610, ,20.74, ,36.10, ,100.0, 
2003/11/7,21:00,0.0, ,177610, ,19.24, ,30.10, ,100.0, 
2003/11/7,22:00,0.0, ,177610, ,14.73, ,0.00, ,100.0, 
2003/11/7,23:00,0.0, ,177670, ,8.15, ,0.00, ,100.0, 
2003/11/7,24:00,0.0, ,177780, ,22.80, ,0.00, ,100.0, 
2003/11/8,01:00,0.0, ,177840, ,17.04, ,0.00, ,100.0, 
2003/11/8,02:00,0.0, ,177890, ,18.07, ,0.00, ,100.0, 
2003/11/8,03:00,0.0, ,177950, ,13.56, ,0.00, ,100.0, 
2003/11/8,04:00,0.0, ,177950, ,14.78, ,0.00, ,100.0, 
2003/11/8,05:00,0.0, ,178010, ,11.16, ,0.00, ,100.0, 
2003/11/8,06:00,0.0, ,178060, ,5.72, ,0.00, ,100.0, 
2003/11/8,07:00,0.0, ,178060, ,14.63, ,0.00, ,100.0, 
2003/11/8,08:00,0.0, ,178120, ,9.14, ,0.00, ,100.0, 
2003/11/8,09:00,0.0, ,178120, ,6.62, ,0.00, ,100.0, 
2003/11/8,10:00,0.0, ,178180, ,12.17, ,0.00, ,100.0, 
2003/11/8,11:00,0.0, ,178240, ,11.67, ,0.00, ,100.0, 
2003/11/8,12:00,0.0, ,178290, ,18.85, ,0.00, ,100.0, 
2003/11/8,13:00,0.0, ,178350, ,14.65, ,0.00, ,100.0, 
2003/11/8,14:00,0.0, ,178460, ,21.49, ,0.00, ,100.0, 
2003/11/8,15:00,0.0, ,178520, ,20.34, ,0.00, ,100.0, 
2003/11/8,16:00,0.0, ,178580, ,17.46, ,25.10, ,100.0, 
2003/11/8,17:00,0.0, ,178580, ,22.43, ,40.50, ,100.0, 
2003/11/8,18:00,0.0, ,178520, ,33.63, ,47.80, ,100.0, 
2003/11/8,19:00,0.0, ,178460, ,25.14, ,0.00, ,100.0, 
2003/11/8,20:00,0.0, ,178460, ,16.07, ,0.00, ,100.0, 
2003/11/8,21:00,0.0, ,178520, ,1.00, ,0.00, ,100.0, 
2003/11/8,22:00,0.0, ,178520, ,14.79, ,0.00, ,100.0, 
2003/11/8,23:00,0.0, ,178630, ,18.30, ,0.00, ,100.0, 
2003/11/8,24:00,0.0, ,178690, ,14.62, ,0.00, ,100.0, 
2003/11/9,01:00,0.0, ,178750, ,19.10, ,0.00, ,100.0, 
2003/11/9,02:00,0.0, ,178810, ,12.41, ,0.00, ,100.0, 
2003/11/9,03:00,0.0, ,178810, ,14.60, ,0.00, ,100.0, 
2003/11/9,04:00,0.0, ,178860, ,11.31, ,0.00, ,100.0, 
2003/11/9,05:00,0.0, ,178920, ,9.76, ,0.00, ,100.0, 
2003/11/9,06:00,0.0, ,178920, ,10.57, ,0.00, ,100.0, 
2003/11/9,07:00,0.0, ,178980, ,7.31, ,0.00, ,100.0, 
2003/11/9,08:00,0.0, ,178980, ,8.52, ,0.00, ,100.0, 
2003/11/9,09:00,0.0, ,179030, ,9.14, ,18.10, ,100.0, 
2003/11/9,10:00,0.0, ,179030, ,17.21, ,19.60, ,100.0, 
2003/11/9,11:00,0.0, ,178920, ,11.58, ,42.30, ,100.0, 
2003/11/9,12:00,0.0, ,178860, ,18.99, ,0.00, ,100.0, 
2003/11/9,13:00,0.0, ,178860, ,14.87, ,18.20, ,100.0, 
2003/11/9,14:00,0.0, ,178860, ,9.73, ,18.40, ,100.0, 
2003/11/9,15:00,0.0, ,178860, ,18.39, ,18.20, ,100.0, 
2003/11/9,16:00,0.0, ,178860, ,18.30, ,29.90, ,100.0, 
2003/11/9,17:00,0.0, ,178860, ,24.37, ,57.40, ,100.0, 
2003/11/9,18:00,0.0, ,178750, ,23.25, ,57.10, ,100.0, 
2003/11/9,19:00,0.9, ,178580, ,16.41, ,35.50, ,99.9, 
2003/11/9,20:00,0.5, ,178520, ,18.17, ,13.70, ,99.9, 
2003/11/9,21:00,0.0, ,178520, ,5.65, ,0.00, ,99.9, 
2003/11/9,22:00,0.0, ,178580, ,10.88, ,0.00, ,99.9, 
2003/11/9,23:00,0.0, ,178630, ,12.06, ,0.00, ,100.0, 
2003/11/9,24:00,0.0, ,178690, ,14.43, ,0.00, ,100.0, 
2003/11/10,01:00,0.0, ,178750, ,19.84, ,0.00, ,100.0, 
2003/11/10,02:00,0.0, ,178810, ,12.23, ,0.00, ,100.0, 
2003/11/10,03:00,0.0, ,178860, ,11.12, ,0.00, ,100.0, 
2003/11/10,04:00,0.0, ,178860, ,14.29, ,0.00, ,100.0, 
2003/11/10,05:00,1.0, ,178920, ,8.91, ,0.00, ,100.0, 
2003/11/10,06:00,0.9, ,178920, ,6.91, ,0.00, ,100.0, 
2003/11/10,07:00,0.7, ,178980, ,13.21, ,15.70, ,100.0, 
2003/11/10,08:00,1.1, ,178980, ,11.30, ,25.10, ,100.0, 
2003/11/10,09:00,0.8, ,178920, ,18.83, ,50.60, ,100.0, 
2003/11/10,10:00,0.6, ,178750, ,7.63, ,57.20, ,100.0, 
2003/11/10,11:00,1.1, ,178630, ,16.07, ,57.30, ,100.0, 
2003/11/10,12:00,1.9, ,178460, ,20.00, ,37.70, ,99.9, 
2003/11/10,13:00,3.7, ,178460, ,19.61, ,45.90, ,99.9, 
2003/11/10,14:00,1.7, ,178350, ,20.65, ,47.90, ,99.8, 
2003/11/10,15:00,0.6, ,178290, ,26.98, ,45.10, ,99.7, 
2003/11/10,16:00,0.2, ,178180, ,21.06, ,56.70, ,99.7, 
2003/11/10,17:00,0.0, ,178060, ,25.37, ,57.30, ,99.6, 
2003/11/10,18:00,0.0, ,177950, ,19.95, ,58.00, ,99.5, 
2003/11/10,19:00,1.2, ,177780, ,16.47, ,58.10, ,99.4, 
2003/11/10,20:00,1.0, ,177670, ,20.50, ,45.70, ,99.4, 
2003/11/10,21:00,0.7, ,177550, ,19.98, ,28.20, ,99.3, 
2003/11/10,22:00,1.3, ,177550, ,15.24, ,18.50, ,99.3, 
2003/11/10,23:00,1.2, ,177550, ,24.80, ,18.40, ,99.3, 
2003/11/10,24:00,0.3, ,177550, ,18.63, ,4.30, ,0.0,-
2003/11/11,01:00,0.2, ,177610, ,12.71, ,0.00, ,0.0,-
2003/11/11,02:00,0.1, ,177670, ,20.44, ,0.00, ,100.0, 
2003/11/11,03:00,0.1, ,177720, ,18.22, ,0.00, ,100.0, 
2003/11/11,04:00,0.0, ,177780, ,13.82, ,0.00, ,100.0, 
2003/11/11,05:00,0.2, ,177840, ,11.33, ,0.00, ,100.0, 
2003/11/11,06:00,0.6, ,177890, ,18.10, ,0.00, ,100.0, 
2003/11/11,07:00,0.0, ,177950, ,11.22, ,15.70, ,100.0, 
2003/11/11,08:00,0.0, ,177950, ,23.52, ,18.60, ,100.0, 
2003/11/11,09:00,0.0, ,177890, ,21.49, ,29.70, ,100.0, 
2003/11/11,10:00,0.4, ,177780, ,12.94, ,57.20, ,100.0, 
2003/11/11,11:00,0.0, ,177610, ,18.63, ,57.50, ,100.0, 
2003/11/11,12:00,0.0, ,177500, ,14.01, ,32.60, ,100.0, 
2003/11/11,13:00,0.0, ,177440, ,18.04, ,46.00, ,99.9, 
2003/11/11,14:00,0.0, ,177330, ,21.35, ,47.90, ,99.9, 
2003/11/11,15:00,0.0, ,177210, ,21.88, ,47.80, ,99.8, 
2003/11/11,16:00,0.0, ,177160, ,20.64, ,56.80, ,99.8, 
2003/11/11,17:00,0.0, ,177040, ,22.74, ,57.60, ,99.7, 
2003/11/11,18:00,0.0, ,176870, ,19.63, ,57.30, ,99.6, 
2003/11/11,19:00,0.5, ,176760, ,18.33, ,57.40, ,99.5, 
2003/11/11,20:00,0.1, ,176590, ,18.73, ,44.90, ,99.4, 
2003/11/11,21:00,0.1, ,176530, ,18.75, ,25.30, ,99.4, 
2003/11/11,22:00,0.0, ,176480, ,16.86, ,20.80, ,99.3, 
2003/11/11,23:00,0.0, ,176480, ,19.35, ,20.90, ,99.3, 
2003/11/11,24:00,0.0, ,176480, ,19.80, ,4.20, ,100.0, 
2003/11/12,01:00,0.0, ,176480, ,8.48, ,0.00, ,100.0, 
2003/11/12,02:00,0.6, ,176530, ,8.59, ,0.00, ,100.0, 
2003/11/12,03:00,0.1, ,176590, ,12.63, ,0.00, ,100.0, 
2003/11/12,04:00,0.0, ,176650, ,11.82, ,0.00, ,100.0, 
2003/11/12,05:00,0.1, ,176650, ,14.12, ,0.00, ,100.0, 
2003/11/12,06:00,0.3, ,176700, ,13.16, ,0.00, ,100.0, 
2003/11/12,07:00,0.1, ,176760, ,7.45, ,15.80, ,100.0, 
2003/11/12,08:00,0.1, ,176760, ,19.80, ,27.50, ,100.0, 
2003/11/12,09:00,0.0, ,176700, ,15.51, ,57.60, ,100.0, 
2003/11/12,10:00,0.0, ,176530, ,4.84, ,57.50, ,100.0, 
2003/11/12,11:00,0.0, ,176360, ,12.09, ,57.30, ,99.9, 
2003/11/12,12:00,0.0, ,176250, ,21.72, ,35.80, ,99.9, 
2003/11/12,13:00,0.0, ,176190, ,16.47, ,46.80, ,99.8, 
2003/11/12,14:00,0.0, ,176080, ,19.57, ,45.30, ,99.7, 
2003/11/12,15:00,0.0, ,175970, ,19.47, ,48.30, ,99.7, 
2003/11/12,16:00,0.0, ,175850, ,16.05, ,57.30, ,99.6, 
2003/11/12,17:00,0.0, ,175680, ,17.89, ,57.60, ,99.5, 
2003/11/12,18:00,0.0, ,175570, ,15.09, ,57.70, ,99.4, 
2003/11/12,19:00,0.0, ,175400, ,17.54, ,57.90, ,99.3, 
2003/11/12,20:00,0.3, ,175290, ,16.53, ,44.10, ,99.2, 
2003/11/12,21:00,0.0, ,175180, ,16.50, ,25.50, ,99.2, 
2003/11/12,22:00,0.0, ,175180, ,23.75, ,20.80, ,99.2, 
2003/11/12,23:00,0.0, ,175120, ,9.82, ,20.50, ,99.1, 
2003/11/12,24:00,0.0, ,175120, ,17.24, ,4.20, ,100.0, 
2003/11/13,01:00,0.0, ,175120, ,8.72, ,0.00, ,100.0, 
2003/11/13,02:00,0.0, ,175180, ,6.99, ,0.00, ,100.0, 
2003/11/13,03:00,0.0, ,175180, ,8.67, ,0.00, ,100.0, 
2003/11/13,04:00,0.0, ,175230, ,14.80, ,0.00, ,100.0, 
2003/11/13,05:00,0.1, ,175290, ,7.88, ,0.00, ,100.0, 
2003/11/13,06:00,0.3, ,175290, ,8.64, ,0.00, ,100.0, 
2003/11/13,07:00,0.4, ,175350, ,7.49, ,18.30, ,100.0, 
2003/11/13,08:00,0.7, ,175350, ,18.07, ,29.80, ,100.0, 
2003/11/13,09:00,0.0, ,175290, ,15.72, ,57.80, ,100.0, 
2003/11/13,10:00,0.0, ,175060, ,7.23, ,57.70, ,100.0, 
2003/11/13,11:00,0.3, ,174950, ,13.56, ,57.70, ,99.9, 
2003/11/13,12:00,0.6, ,174780, ,19.76, ,32.80, ,99.8, 
2003/11/13,13:00,0.6, ,174780, ,14.01, ,43.80, ,99.8, 
2003/11/13,14:00,0.4, ,174670, ,19.21, ,48.10, ,99.7, 
2003/11/13,15:00,0.2, ,174560, ,17.43, ,45.30, ,99.6, 
2003/11/13,16:00,0.0, ,174440, ,14.80, ,57.50, ,99.6, 
2003/11/13,17:00,0.0, ,174270, ,19.48, ,57.90, ,99.5, 
2003/11/13,18:00,0.0, ,174160, ,12.02, ,58.00, ,99.4, 
2003/11/13,19:00,0.0, ,173990, ,18.56, ,58.00, ,99.3, 
2003/11/13,20:00,0.0, ,173880, ,18.90, ,44.20, ,99.2, 
2003/11/13,21:00,0.0, ,173710, ,12.83, ,25.60, ,99.1, 
2003/11/13,22:00,0.0, ,173710, ,13.29, ,20.70, ,99.1, 
2003/11/13,23:00,0.0, ,173710, ,22.88, ,20.60, ,99.1, 
2003/11/13,24:00,0.0, ,173710, ,19.83, ,4.30, ,100.0, 
2003/11/14,01:00,0.0, ,173710, ,8.53, ,0.00, ,100.0, 
2003/11/14,02:00,0.0, ,173710, ,0.00, ,0.00, ,100.0, 
2003/11/14,03:00,0.0, ,173770, ,10.63, ,0.00, ,100.0, 
2003/11/14,04:00,0.0, ,173770, ,4.97, ,0.00, ,100.0, 
2003/11/14,05:00,0.0, ,173830, ,13.21, ,0.00, ,100.0, 
2003/11/14,06:00,0.0, ,173830, ,2.39, ,0.00, ,100.0, 
2003/11/14,07:00,0.0, ,173880, ,11.41, ,18.40, ,100.0, 
2003/11/14,08:00,0.0, ,173880, ,14.12, ,30.20, ,100.0, 
2003/11/14,09:00,0.0, ,173830, ,15.89, ,50.70, ,100.0, 
2003/11/14,10:00,0.0, ,173600, ,6.31, ,57.70, ,99.9, 
2003/11/14,11:00,0.0, ,173490, ,13.07, ,59.80, ,99.9, 
2003/11/14,12:00,0.0, ,173320, ,14.72, ,59.40, ,99.7, 
2003/11/14,13:00,0.0, ,173260, ,13.26, ,42.50, ,99.7, 
2003/11/14,14:00,0.0, ,173210, ,23.42, ,45.50, ,99.7, 
2003/11/14,15:00,0.0, ,173040, ,12.12, ,48.20, ,99.6, 
2003/11/14,16:00,0.0, ,172980, ,18.55, ,57.60, ,99.5, 
2003/11/14,17:00,0.0, ,172820, ,14.46, ,58.10, ,99.4, 
2003/11/14,18:00,0.0, ,172650, ,18.91, ,58.00, ,99.3, 
2003/11/14,19:00,0.0, ,172480, ,15.38, ,57.90, ,99.2, 
2003/11/14,20:00,0.0, ,172370, ,16.95, ,45.80, ,99.1, 
2003/11/14,21:00,0.0, ,172260, ,12.37, ,26.90, ,99.1, 
2003/11/14,22:00,0.0, ,172200, ,13.15, ,21.10, ,99.0, 
2003/11/14,23:00,0.0, ,172200, ,17.60, ,20.60, ,99.0, 
2003/11/14,24:00,0.0, ,172200, ,19.88, ,4.20, ,100.0, 
2003/11/15,01:00,0.0, ,172200, ,8.78, ,0.00, ,100.0, 
2003/11/15,02:00,0.0, ,172200, ,0.00, ,0.00, ,100.0, 
2003/11/15,03:00,0.0, ,172260, ,5.78, ,0.00, ,100.0, 
2003/11/15,04:00,0.0, ,172260, ,9.76, ,0.00, ,100.0, 
2003/11/15,05:00,0.0, ,172310, ,4.35, ,0.00, ,100.0, 
2003/11/15,06:00,0.0, ,172310, ,11.19, ,0.00, ,100.0, 
2003/11/15,07:00,0.0, ,172370, ,2.07, ,0.00, ,100.0, 
2003/11/15,08:00,0.0, ,172370, ,13.48, ,0.00, ,100.0, 
2003/11/15,09:00,0.0, ,172370, ,0.02, ,15.80, ,100.0, 
2003/11/15,10:00,0.0, ,172370, ,8.87, ,24.90, ,100.0, 
2003/11/15,11:00,0.0, ,172370, ,22.38, ,29.00, ,100.0, 
2003/11/15,12:00,0.0, ,172310, ,23.61, ,4.30, ,100.0, 
2003/11/15,13:00,0.0, ,172310, ,4.02, ,19.40, ,100.0, 
2003/11/15,14:00,0.0, ,172310, ,12.64, ,23.10, ,100.0, 
2003/11/15,15:00,0.0, ,172310, ,23.02, ,23.00, ,100.0, 
2003/11/15,16:00,0.3, ,172310, ,23.07, ,28.70, ,100.0, 
2003/11/15,17:00,0.8, ,172260, ,13.72, ,55.20, ,100.0, 
2003/11/15,18:00,1.7, ,172140, ,16.03, ,55.10, ,100.0, 
2003/11/15,19:00,0.4, ,171980, ,17.97, ,31.50, ,99.9, 
2003/11/15,20:00,0.0, ,171920, ,22.77, ,4.20, ,99.8, 
2003/11/15,21:00,0.0, ,171920, ,1.92, ,0.00, ,99.8, 
2003/11/15,22:00,0.0, ,171980, ,12.61, ,0.00, ,99.9, 
2003/11/15,23:00,0.0, ,172030, ,14.00, ,0.00, ,99.9, 
2003/11/15,24:00,0.0, ,172090, ,16.06, ,0.00, ,100.0, 
2003/11/16,01:00,0.2, ,172140, ,15.00, ,0.00, ,100.0, 
2003/11/16,02:00,0.0, ,172200, ,11.71, ,0.00, ,100.0, 
2003/11/16,03:00,0.0, ,172200, ,8.31, ,0.00, ,100.0, 
2003/11/16,04:00,0.0, ,172260, ,7.90, ,0.00, ,100.0, 
2003/11/16,05:00,0.0, ,172260, ,7.64, ,0.00, ,100.0, 
2003/11/16,06:00,0.0, ,172310, ,9.30, ,0.00, ,100.0, 
2003/11/16,07:00,0.0, ,172310, ,6.24, ,0.00, ,100.0, 
2003/11/16,08:00,0.0, ,172370, ,7.44, ,0.00, ,100.0, 
2003/11/16,09:00,0.0, ,172370, ,8.14, ,15.70, ,100.0, 
2003/11/16,10:00,0.0, ,172370, ,10.13, ,27.40, ,100.0, 
2003/11/16,11:00,0.0, ,172310, ,21.30, ,29.00, ,100.0, 
2003/11/16,12:00,0.0, ,172260, ,11.87, ,4.40, ,100.0, 
2003/11/16,13:00,0.0, ,172260, ,3.39, ,23.10, ,100.0, 
2003/11/16,14:00,0.0, ,172260, ,12.60, ,23.20, ,100.0, 
2003/11/16,15:00,0.0, ,172260, ,23.09, ,23.20, ,100.0, 
2003/11/16,16:00,0.0, ,172260, ,23.12, ,29.10, ,100.0, 
2003/11/16,17:00,0.0, ,172200, ,21.66, ,55.00, ,100.0, 
2003/11/16,18:00,0.0, ,172090, ,14.23, ,56.20, ,100.0, 
2003/11/16,19:00,0.0, ,171920, ,11.22, ,32.20, ,99.9, 
2003/11/16,20:00,0.0, ,171870, ,15.08, ,4.00, ,99.9, 
2003/11/16,21:00,0.0, ,171870, ,7.44, ,0.00, ,99.9, 
2003/11/16,22:00,0.0, ,171920, ,4.81, ,0.00, ,99.9, 
2003/11/16,23:00,0.0, ,171980, ,12.94, ,0.00, ,99.9, 
2003/11/16,24:00,0.0, ,172030, ,18.53, ,0.00, ,100.0, 
2003/11/17,01:00,0.0, ,172090, ,11.60, ,0.00, ,100.0, 
2003/11/17,02:00,0.0, ,172090, ,14.25, ,0.00, ,100.0, 
2003/11/17,03:00,0.0, ,172140, ,5.23, ,0.00, ,100.0, 
2003/11/17,04:00,0.0, ,172140, ,10.31, ,0.00, ,100.0, 
2003/11/17,05:00,0.0, ,172140, ,0.00, ,0.00, ,100.0, 
2003/11/17,06:00,0.0, ,172200, ,12.30, ,0.00, ,100.0, 
2003/11/17,07:00,0.0, ,172200, ,3.27, ,15.50, ,100.0, 
2003/11/17,08:00,0.0, ,172200, ,9.73, ,28.40, ,100.0, 
2003/11/17,09:00,0.0, ,172090, ,14.18, ,52.40, ,100.0, 
2003/11/17,10:00,0.0, ,171920, ,3.39, ,55.70, ,99.9, 
2003/11/17,11:00,0.0, ,171750, ,11.16, ,58.70, ,99.8, 
2003/11/17,12:00,0.0, ,171640, ,15.76, ,36.00, ,99.7, 
2003/11/17,13:00,0.0, ,171530, ,13.02, ,43.20, ,99.7, 
2003/11/17,14:00,0.0, ,171480, ,14.34, ,48.30, ,99.6, 
2003/11/17,15:00,0.0, ,171310, ,14.30, ,48.30, ,99.5, 
2003/11/17,16:00,0.0, ,171200, ,16.85, ,58.00, ,99.4, 
2003/11/17,17:00,0.0, ,171030, ,7.98, ,58.20, ,99.3, 
2003/11/17,18:00,0.0, ,170920, ,19.77, ,58.10, ,99.3, 
2003/11/17,19:00,0.0, ,170750, ,13.28, ,58.40, ,99.2, 
2003/11/17,20:00,0.0, ,170580, ,14.57, ,45.00, ,99.0, 
2003/11/17,21:00,0.0, ,170470, ,13.59, ,28.00, ,99.0, 
2003/11/17,22:00,0.0, ,170420, ,18.44, ,21.20, ,98.9, 
2003/11/17,23:00,0.0, ,170420, ,9.59, ,20.80, ,98.9, 
2003/11/17,24:00,0.0, ,170360, ,12.62, ,4.30, ,100.0, 
2003/11/18,01:00,0.0, ,170360, ,2.19, ,0.00, ,100.0, 
2003/11/18,02:00,0.0, ,170420, ,8.92, ,0.00, ,100.0, 
2003/11/18,03:00,0.0, ,170470, ,8.15, ,0.00, ,100.0, 
2003/11/18,04:00,0.0, ,170470, ,13.78, ,0.00, ,100.0, 
2003/11/18,05:00,0.0, ,170470, ,0.00, ,0.00, ,100.0, 
2003/11/18,06:00,0.0, ,170530, ,2.65, ,0.00, ,100.0, 
2003/11/18,07:00,0.0, ,170530, ,12.81, ,15.80, ,100.0, 
2003/11/18,08:00,0.0, ,170530, ,10.17, ,28.60, ,100.0, 
2003/11/18,09:00,0.0, ,170420, ,14.50, ,52.70, ,100.0, 
2003/11/18,10:00,0.0, ,170250, ,3.71, ,58.30, ,99.9, 
2003/11/18,11:00,0.0, ,170090, ,9.09, ,58.40, ,99.8, 
2003/11/18,12:00,0.0, ,169920, ,12.96, ,33.60, ,99.7, 
2003/11/18,13:00,0.0, ,169860, ,12.78, ,48.80, ,99.7, 
2003/11/18,14:00,0.0, ,169750, ,13.74, ,48.80, ,99.6, 
2003/11/18,15:00,0.0, ,169640, ,17.52, ,46.00, ,99.5, 
2003/11/18,16:00,0.0, ,169530, ,14.34, ,58.00, ,99.4, 
2003/11/18,17:00,0.0, ,169360, ,14.46, ,58.60, ,99.3, 
2003/11/18,18:00,0.0, ,169200, ,13.72, ,58.60, ,99.2, 
2003/11/18,19:00,0.0, ,169030, ,13.30, ,58.60, ,99.1, 
2003/11/18,20:00,0.0, ,168870, ,13.09, ,45.60, ,99.0, 
2003/11/18,21:00,0.0, ,168760, ,11.66, ,22.30, ,98.9, 
2003/11/18,22:00,0.0, ,168700, ,14.94, ,21.10, ,98.9, 
2003/11/18,23:00,0.0, ,168700, ,7.46, ,20.90, ,98.9, 
2003/11/18,24:00,0.0, ,168700, ,20.04, ,4.30, ,100.0, 
2003/11/19,01:00,0.0, ,168700, ,9.02, ,0.00, ,100.0, 
2003/11/19,02:00,0.0, ,168700, ,0.00, ,0.00, ,100.0, 
2003/11/19,03:00,0.0, ,168760, ,12.46, ,0.00, ,100.0, 
2003/11/19,04:00,0.2, ,168760, ,2.89, ,0.00, ,100.0, 
2003/11/19,05:00,0.1, ,168760, ,0.00, ,0.00, ,100.0, 
2003/11/19,06:00,0.0, ,168810, ,14.56, ,0.00, ,100.0, 
2003/11/19,07:00,0.0, ,168810, ,0.81, ,15.70, ,100.0, 
2003/11/19,08:00,0.0, ,168810, ,9.92, ,30.30, ,100.0, 
2003/11/19,09:00,0.0, ,168760, ,19.36, ,52.70, ,100.0, 
2003/11/19,10:00,0.2, ,168540, ,3.76, ,58.70, ,99.9, 
2003/11/19,11:00,0.0, ,168370, ,8.92, ,59.10, ,99.8, 
2003/11/19,12:00,0.0, ,168200, ,12.17, ,25.70, ,99.7, 
2003/11/19,13:00,0.0, ,168150, ,17.21, ,48.90, ,99.6, 
2003/11/19,14:00,0.0, ,168090, ,15.47, ,46.10, ,99.6, 
2003/11/19,15:00,0.0, ,167930, ,11.80, ,48.80, ,99.5, 
2003/11/19,16:00,0.0, ,167820, ,14.60, ,58.00, ,99.4, 
2003/11/19,17:00,0.0, ,167650, ,11.38, ,58.90, ,99.3, 
2003/11/19,18:00,0.0, ,167490, ,16.28, ,58.90, ,99.2, 
2003/11/19,19:00,0.0, ,167320, ,9.69, ,59.10, ,99.1, 
2003/11/19,20:00,0.0, ,167160, ,16.24, ,43.50, ,99.0, 
2003/11/19,21:00,0.0, ,167050, ,15.13, ,21.20, ,98.9, 
2003/11/19,22:00,0.0, ,167050, ,12.98, ,20.90, ,98.9, 
2003/11/19,23:00,0.5, ,166990, ,11.00, ,20.70, ,98.8, 
2003/11/19,24:00,0.6, ,166990, ,14.28, ,4.40, ,100.0, 
2003/11/20,01:00,1.0, ,166990, ,8.60, ,0.00, ,100.0, 
2003/11/20,02:00,1.7, ,166990, ,0.00, ,0.00, ,100.0, 
2003/11/20,03:00,1.1, ,166990, ,0.00, ,0.00, ,100.0, 
2003/11/20,04:00,0.0, ,167050, ,12.26, ,0.00, ,100.0, 
2003/11/20,05:00,0.3, ,167050, ,3.00, ,0.00, ,100.0, 
2003/11/20,06:00,0.8, ,167100, ,4.02, ,0.00, ,100.0, 
2003/11/20,07:00,1.0, ,167100, ,11.27, ,18.40, ,100.0, 
2003/11/20,08:00,0.0, ,167100, ,9.01, ,27.90, ,100.0, 
2003/11/20,09:00,0.5, ,167050, ,19.66, ,51.00, ,100.0, 
2003/11/20,10:00,0.5, ,166830, ,7.20, ,59.20, ,99.9, 
2003/11/20,11:00,0.4, ,166660, ,6.06, ,59.10, ,99.8, 
2003/11/20,12:00,0.3, ,166500, ,12.89, ,34.30, ,99.7, 
2003/11/20,13:00,0.8, ,166440, ,15.36, ,44.50, ,99.6, 
2003/11/20,14:00,1.6, ,166390, ,15.21, ,49.00, ,99.6, 
2003/11/20,15:00,0.6, ,166230, ,14.98, ,46.40, ,99.5, 
2003/11/20,16:00,1.0, ,166120, ,18.18, ,58.70, ,99.4, 
2003/11/20,17:00,1.2, ,165950, ,13.72, ,59.10, ,99.3, 
2003/11/20,18:00,1.9, ,165840, ,17.45, ,59.10, ,99.2, 
2003/11/20,19:00,1.6, ,165680, ,17.85, ,59.20, ,99.1, 
2003/11/20,20:00,0.7, ,165510, ,18.02, ,41.60, ,99.0, 
2003/11/20,21:00,0.1, ,165460, ,16.14, ,24.00, ,99.0, 
2003/11/20,22:00,0.5, ,165410, ,14.06, ,21.10, ,98.9, 
2003/11/20,23:00,2.3, ,165410, ,13.87, ,18.70, ,98.9, 
2003/11/20,24:00,2.6, ,165410, ,18.65, ,4.40, ,100.0, 
2003/11/21,01:00,0.3, ,165460, ,19.75, ,0.00, ,100.0, 
2003/11/21,02:00,0.0, ,165510, ,13.86, ,0.00, ,100.0, 
2003/11/21,03:00,0.0, ,165570, ,11.71, ,0.00, ,100.0, 
2003/11/21,04:00,0.0, ,165620, ,18.77, ,0.00, ,100.0, 
2003/11/21,05:00,0.0, ,165680, ,10.35, ,0.00, ,100.0, 
2003/11/21,06:00,0.0, ,165730, ,12.61, ,0.00, ,100.0, 
2003/11/21,07:00,0.0, ,165730, ,12.66, ,18.70, ,100.0, 
2003/11/21,08:00,0.0, ,165730, ,9.15, ,28.00, ,100.0, 
2003/11/21,09:00,0.0, ,165680, ,18.90, ,52.30, ,100.0, 
2003/11/21,10:00,0.0, ,165510, ,11.02, ,59.20, ,100.0, 
2003/11/21,11:00,0.0, ,165350, ,13.36, ,59.10, ,100.0, 
2003/11/21,12:00,0.1, ,165190, ,18.15, ,35.60, ,99.8, 
2003/11/21,13:00,0.0, ,165190, ,15.60, ,44.90, ,99.8, 
2003/11/21,14:00,0.0, ,165080, ,16.35, ,46.60, ,99.8, 
2003/11/21,15:00,0.0, ,164970, ,23.99, ,49.20, ,99.7, 
2003/11/21,16:00,0.0, ,164860, ,13.32, ,59.30, ,99.6, 
2003/11/21,17:00,0.0, ,164640, ,12.12, ,59.50, ,99.5, 
2003/11/21,18:00,0.0, ,164530, ,13.14, ,59.50, ,99.4, 
2003/11/21,19:00,0.0, ,164370, ,14.20, ,59.50, ,99.3, 
2003/11/21,20:00,0.0, ,164210, ,14.92, ,39.80, ,99.2, 
2003/11/21,21:00,0.0, ,164100, ,14.46, ,21.10, ,99.1, 
2003/11/21,22:00,0.0, ,164100, ,10.93, ,20.90, ,99.1, 
2003/11/21,23:00,0.0, ,164040, ,14.72, ,21.10, ,99.1, 
2003/11/21,24:00,0.0, ,164040, ,11.36, ,6.50, ,100.0, 
2003/11/22,01:00,0.0, ,164100, ,12.12, ,0.00, ,100.0, 
2003/11/22,02:00,0.0, ,164150, ,17.86, ,0.00, ,100.0, 
2003/11/22,03:00,0.0, ,164150, ,9.24, ,0.00, ,100.0, 
2003/11/22,04:00,0.0, ,164210, ,8.31, ,0.00, ,100.0, 
2003/11/22,05:00,0.0, ,164210, ,6.80, ,0.00, ,100.0, 
2003/11/22,06:00,0.0, ,164260, ,10.52, ,0.00, ,100.0, 
2003/11/22,07:00,0.0, ,164260, ,4.58, ,0.00, ,100.0, 
2003/11/22,08:00,0.0, ,164260, ,0.00, ,0.00, ,100.0, 
2003/11/22,09:00,0.0, ,164320, ,9.90, ,15.30, ,100.0, 
2003/11/22,10:00,0.0, ,164260, ,9.01, ,27.60, ,100.0, 
2003/11/22,11:00,0.0, ,164210, ,8.23, ,29.60, ,100.0, 
2003/11/22,12:00,0.0, ,164150, ,11.94, ,13.70, ,100.0, 
2003/11/22,13:00,0.0, ,164150, ,11.00, ,19.00, ,100.0, 
2003/11/22,14:00,0.0, ,164150, ,11.39, ,23.40, ,100.0, 
2003/11/22,15:00,0.0, ,164100, ,20.82, ,23.20, ,100.0, 
2003/11/22,16:00,0.0, ,164100, ,11.64, ,28.60, ,100.0, 
2003/11/22,17:00,0.0, ,164040, ,14.31, ,50.10, ,100.0, 
2003/11/22,18:00,0.0, ,163880, ,19.42, ,56.20, ,99.9, 
2003/11/22,19:00,0.0, ,163770, ,14.53, ,36.10, ,99.8, 
2003/11/22,20:00,0.0, ,163720, ,13.40, ,0.00, ,99.8, 
2003/11/22,21:00,0.0, ,163720, ,10.01, ,0.00, ,99.8, 
2003/11/22,22:00,0.0, ,163770, ,5.58, ,0.00, ,99.8, 
2003/11/22,23:00,0.0, ,163830, ,9.95, ,0.00, ,99.9, 
2003/11/22,24:00,0.0, ,163830, ,14.62, ,0.00, ,100.0, 
2003/11/23,01:00,0.0, ,163880, ,14.95, ,0.00, ,100.0, 
2003/11/23,02:00,0.0, ,163940, ,8.47, ,0.00, ,100.0, 
2003/11/23,03:00,0.0, ,163940, ,6.74, ,0.00, ,100.0, 
2003/11/23,04:00,0.0, ,163990, ,11.69, ,0.00, ,100.0, 
2003/11/23,05:00,0.0, ,163990, ,3.39, ,0.00, ,100.0, 
2003/11/23,06:00,0.0, ,164040, ,3.37, ,0.00, ,100.0, 
2003/11/23,07:00,0.0, ,164040, ,11.72, ,0.00, ,100.0, 
2003/11/23,08:00,0.0, ,164040, ,0.00, ,0.00, ,100.0, 
2003/11/23,09:00,0.0, ,164100, ,1.53, ,0.00, ,100.0, 
2003/11/23,10:00,0.0, ,164100, ,13.59, ,21.30, ,100.0, 
2003/11/23,11:00,0.0, ,164100, ,15.69, ,29.40, ,100.0, 
2003/11/23,12:00,0.0, ,163990, ,16.71, ,13.60, ,100.0, 
2003/11/23,13:00,0.0, ,164040, ,2.08, ,0.00, ,100.0, 
2003/11/23,14:00,0.0, ,164040, ,12.85, ,0.00, ,100.0, 
2003/11/23,15:00,0.0, ,164100, ,13.61, ,0.00, ,100.0, 
2003/11/23,16:00,0.0, ,164150, ,10.65, ,23.20, ,100.0, 
2003/11/23,17:00,0.0, ,164150, ,17.81, ,39.50, ,100.0, 
2003/11/23,18:00,0.0, ,164100, ,26.82, ,42.40, ,100.0, 
2003/11/23,19:00,0.0, ,163990, ,16.60, ,22.90, ,100.0, 
2003/11/23,20:00,0.0, ,163990, ,6.61, ,0.00, ,100.0, 
2003/11/23,21:00,0.0, ,164040, ,0.65, ,0.00, ,100.0, 
2003/11/23,22:00,0.0, ,164100, ,17.98, ,0.00, ,100.0, 
2003/11/23,23:00,0.0, ,164100, ,11.54, ,0.00, ,100.0, 
2003/11/23,24:00,0.0, ,164150, ,12.43, ,0.00, ,100.0, 
2003/11/24,01:00,0.0, ,164210, ,14.32, ,0.00, ,100.0, 
2003/11/24,02:00,0.0, ,164260, ,4.73, ,0.00, ,100.0, 
2003/11/24,03:00,0.0, ,164260, ,13.82, ,0.00, ,100.0, 
2003/11/24,04:00,0.0, ,164320, ,12.74, ,0.00, ,100.0, 
2003/11/24,05:00,0.0, ,164320, ,2.37, ,0.00, ,100.0, 
2003/11/24,06:00,0.0, ,164370, ,11.41, ,0.00, ,100.0, 
2003/11/24,07:00,0.0, ,164370, ,3.70, ,0.00, ,100.0, 
2003/11/24,08:00,0.0, ,164370, ,0.00, ,0.00, ,100.0, 
2003/11/24,09:00,0.0, ,164420, ,2.59, ,15.50, ,100.0, 
2003/11/24,10:00,0.0, ,164370, ,18.90, ,28.50, ,100.0, 
2003/11/24,11:00,0.0, ,164320, ,7.09, ,30.70, ,100.0, 
2003/11/24,12:00,0.0, ,164260, ,17.26, ,0.00, ,100.0, 
2003/11/24,13:00,0.0, ,164260, ,5.16, ,18.80, ,100.0, 
2003/11/24,14:00,0.0, ,164260, ,12.35, ,23.30, ,100.0, 
2003/11/24,15:00,0.0, ,164260, ,23.35, ,23.60, ,100.0, 
2003/11/24,16:00,0.0, ,164210, ,8.34, ,29.30, ,100.0, 
2003/11/24,17:00,0.0, ,164150, ,16.69, ,43.60, ,100.0, 
2003/11/24,18:00,0.4, ,163990, ,13.09, ,56.40, ,99.9, 
2003/11/24,19:00,0.7, ,163830, ,18.39, ,34.60, ,99.8, 
2003/11/24,20:00,0.1, ,163770, ,9.71, ,22.80, ,99.7, 
2003/11/24,21:00,0.2, ,163770, ,16.42, ,18.50, ,99.7, 
2003/11/24,22:00,0.9, ,163770, ,18.67, ,6.40, ,99.7, 
2003/11/24,23:00,0.4, ,163770, ,8.77, ,0.00, ,99.7, 
2003/11/24,24:00,0.4, ,163830, ,2.19, ,0.00, ,100.0, 
2003/11/25,01:00,0.8, ,163880, ,19.42, ,0.00, ,100.0, 
2003/11/25,02:00,0.5, ,163880, ,8.55, ,0.00, ,100.0, 
2003/11/25,03:00,0.0, ,163940, ,13.20, ,0.00, ,100.0, 
2003/11/25,04:00,0.0, ,163990, ,7.59, ,0.00, ,100.0, 
2003/11/25,05:00,0.0, ,163990, ,9.37, ,0.00, ,100.0, 
2003/11/25,06:00,0.0, ,163990, ,0.02, ,15.50, ,100.0, 
2003/11/25,07:00,0.0, ,163990, ,10.08, ,28.50, ,100.0, 
2003/11/25,08:00,0.0, ,163940, ,21.07, ,35.30, ,100.0, 
2003/11/25,09:00,0.0, ,163830, ,7.04, ,55.90, ,100.0, 
2003/11/25,10:00,0.0, ,163610, ,5.38, ,59.30, ,99.8, 
2003/11/25,11:00,0.0, ,163450, ,7.94, ,59.60, ,99.7, 
2003/11/25,12:00,0.0, ,163290, ,11.14, ,35.20, ,99.6, 
2003/11/25,13:00,0.0, ,163230, ,11.27, ,33.30, ,99.6, 
2003/11/25,14:00,0.0, ,163180, ,16.99, ,33.30, ,99.5, 
2003/11/25,15:00,0.0, ,163070, ,8.99, ,46.60, ,99.5, 
2003/11/25,16:00,0.0, ,162960, ,15.55, ,46.90, ,99.4, 
2003/11/25,17:00,0.0, ,162850, ,13.17, ,58.40, ,99.3, 
2003/11/25,18:00,0.0, ,162690, ,14.99, ,59.30, ,99.2, 
2003/11/25,19:00,0.0, ,162530, ,13.56, ,59.50, ,99.1, 
2003/11/25,20:00,0.0, ,162370, ,13.29, ,37.30, ,99.0, 
2003/11/25,21:00,0.0, ,162310, ,12.01, ,33.60, ,98.9, 
2003/11/25,22:00,0.0, ,162200, ,12.40, ,23.10, ,98.9, 
2003/11/25,23:00,0.0, ,162150, ,10.90, ,20.90, ,98.8, 
2003/11/25,24:00,0.0, ,162150, ,11.29, ,6.50, ,100.0, 
2003/11/26,01:00,0.0, ,162200, ,13.73, ,0.00, ,100.0, 
2003/11/26,02:00,0.0, ,162200, ,6.86, ,0.00, ,100.0, 
2003/11/26,03:00,0.0, ,162200, ,4.37, ,0.00, ,100.0, 
2003/11/26,04:00,0.0, ,162200, ,0.00, ,0.00, ,100.0, 
2003/11/26,05:00,0.0, ,162260, ,13.90, ,0.00, ,100.0, 
2003/11/26,06:00,0.0, ,162260, ,1.10, ,15.40, ,100.0, 
2003/11/26,07:00,0.0, ,162260, ,10.22, ,28.20, ,100.0, 
2003/11/26,08:00,0.0, ,162150, ,11.86, ,30.80, ,100.0, 
2003/11/26,09:00,0.0, ,162040, ,4.50, ,59.90, ,99.9, 
2003/11/26,10:00,0.0, ,161880, ,4.00, ,60.00, ,99.8, 
2003/11/26,11:00,0.0, ,161670, ,7.85, ,59.70, ,99.7, 
2003/11/26,12:00,0.0, ,161500, ,8.21, ,27.10, ,99.5, 
2003/11/26,13:00,0.0, ,161450, ,9.60, ,33.30, ,99.5, 
2003/11/26,14:00,0.0, ,161400, ,17.51, ,33.50, ,99.5, 
2003/11/26,15:00,0.0, ,161290, ,11.03, ,44.90, ,99.4, 
2003/11/26,16:00,0.0, ,161180, ,12.60, ,46.90, ,99.3, 
2003/11/26,17:00,0.0, ,161070, ,15.90, ,58.90, ,99.2, 
2003/11/26,18:00,0.0, ,160910, ,12.71, ,59.90, ,99.1, 
2003/11/26,19:00,0.0, ,160700, ,13.31, ,59.90, ,99.0, 
2003/11/26,20:00,0.0, ,160590, ,11.63, ,33.60, ,98.9, 
2003/11/26,21:00,0.0, ,160480, ,14.19, ,33.40, ,98.8, 
2003/11/26,22:00,0.0, ,160430, ,11.94, ,21.40, ,98.8, 
2003/11/26,23:00,0.0, ,160380, ,9.09, ,21.10, ,98.7, 
2003/11/26,24:00,0.0, ,160380, ,16.96, ,0.00, ,100.0, 
2003/11/27,01:00,0.0, ,160320, ,2.49, ,0.00, ,100.0, 
2003/11/27,02:00,0.0, ,160320, ,0.00, ,0.00, ,100.0, 
2003/11/27,03:00,0.0, ,160380, ,11.16, ,0.00, ,100.0, 
2003/11/27,04:00,0.0, ,160380, ,3.72, ,0.00, ,100.0, 
2003/11/27,05:00,0.0, ,160380, ,0.00, ,0.00, ,100.0, 
2003/11/27,06:00,0.0, ,160430, ,7.95, ,15.70, ,100.0, 
2003/11/27,07:00,0.3, ,160430, ,16.89, ,28.70, ,100.0, 
2003/11/27,08:00,0.5, ,160320, ,8.96, ,30.90, ,100.0, 
2003/11/27,09:00,0.0, ,160220, ,7.21, ,59.70, ,99.9, 
2003/11/27,10:00,0.0, ,160050, ,2.70, ,59.90, ,99.8, 
2003/11/27,11:00,0.0, ,159840, ,5.16, ,59.90, ,99.6, 
2003/11/27,12:00,0.0, ,159680, ,8.95, ,35.90, ,99.5, 
2003/11/27,13:00,0.0, ,159570, ,13.35, ,32.90, ,99.4, 
2003/11/27,14:00,0.0, ,159520, ,8.82, ,33.50, ,99.4, 
2003/11/27,15:00,0.1, ,159410, ,19.22, ,44.10, ,99.3, 
2003/11/27,16:00,0.0, ,159360, ,7.87, ,45.50, ,99.3, 
2003/11/27,17:00,0.6, ,159200, ,13.66, ,59.60, ,99.2, 
2003/11/27,18:00,0.1, ,159040, ,12.92, ,60.20, ,99.0, 
2003/11/27,19:00,0.3, ,158880, ,11.53, ,60.40, ,98.9, 
2003/11/27,20:00,0.0, ,158720, ,11.56, ,33.90, ,98.8, 
2003/11/27,21:00,0.0, ,158610, ,12.04, ,33.70, ,98.7, 
2003/11/27,22:00,0.8, ,158560, ,13.09, ,21.40, ,98.7, 
2003/11/27,23:00,0.1, ,158500, ,8.27, ,18.80, ,98.7, 
2003/11/27,24:00,1.0, ,158500, ,17.31, ,6.90, ,100.0, 
2003/11/28,01:00,1.3, ,158500, ,9.19, ,0.00, ,100.0, 
2003/11/28,02:00,3.1, ,158500, ,0.00, ,0.00, ,100.0, 
2003/11/28,03:00,2.4, ,158560, ,7.38, ,0.00, ,100.0, 
2003/11/28,04:00,2.8, ,158560, ,7.43, ,0.00, ,100.0, 
2003/11/28,05:00,1.5, ,158610, ,7.38, ,0.00, ,100.0, 
2003/11/28,06:00,2.7, ,158660, ,9.39, ,18.70, ,100.0, 
2003/11/28,07:00,1.7, ,158660, ,22.03, ,28.30, ,100.0, 
2003/11/28,08:00,0.7, ,158560, ,8.37, ,31.10, ,100.0, 
2003/11/28,09:00,0.4, ,158500, ,7.51, ,60.50, ,100.0, 
2003/11/28,10:00,0.8, ,158290, ,6.28, ,60.40, ,99.8, 
2003/11/28,11:00,0.3, ,158130, ,13.93, ,60.40, ,99.7, 
2003/11/28,12:00,0.9, ,157970, ,10.86, ,36.30, ,99.6, 
2003/11/28,13:00,1.2, ,157920, ,16.21, ,33.00, ,99.6, 
2003/11/28,14:00,1.6, ,157860, ,17.84, ,33.70, ,99.5, 
2003/11/28,15:00,0.9, ,157760, ,13.25, ,42.70, ,99.5, 
2003/11/28,16:00,0.7, ,157700, ,14.96, ,44.50, ,99.4, 
2003/11/28,17:00,0.5, ,157600, ,20.34, ,59.30, ,99.4, 
2003/11/28,18:00,0.5, ,157490, ,18.23, ,60.30, ,99.3, 
2003/11/28,19:00,0.9, ,157280, ,12.65, ,60.40, ,99.1, 
2003/11/28,20:00,0.4, ,157120, ,20.78, ,33.80, ,99.0, 
2003/11/28,21:00,0.5, ,157120, ,17.90, ,33.90, ,99.0, 
2003/11/28,22:00,3.0, ,157010, ,18.08, ,23.40, ,98.9, 
2003/11/28,23:00,4.3, ,157010, ,13.32, ,21.00, ,98.9, 
2003/11/28,24:00,3.8, ,157010, ,20.26, ,4.70, ,100.0, 
2003/11/29,01:00,6.9, ,157120, ,20.10, ,0.00, ,100.0, 
2003/11/29,02:00,6.3, ,157230, ,31.14, ,0.00, ,100.0, 
2003/11/29,03:00,10.3, ,157440, ,40.03, ,0.00, ,100.0, 
2003/11/29,04:00,9.9, ,157810, ,79.28, ,0.00, ,100.0, 
2003/11/29,05:00,3.1, ,158400, ,140.45, ,0.00, ,100.0, 
2003/11/29,06:00,0.3, ,159090, ,186.09, ,22.20, ,100.0, 
2003/11/29,07:00,0.4, ,159470, ,162.22, ,59.90, ,100.0, 
2003/11/29,08:00,0.1, ,159680, ,130.86, ,60.20, ,100.0, 
2003/11/29,09:00,0.0, ,159840, ,108.08, ,61.40, ,100.0, 
2003/11/29,10:00,0.0, ,159950, ,95.24, ,61.80, ,100.0, 
2003/11/29,11:00,0.0, ,159950, ,75.48, ,61.60, ,100.0, 
2003/11/29,12:00,0.0, ,160000, ,76.26, ,61.30, ,100.0, 
2003/11/29,13:00,0.0, ,160000, ,61.75, ,61.30, ,100.0, 
2003/11/29,14:00,0.3, ,160000, ,61.54, ,61.60, ,100.0, 
2003/11/29,15:00,1.3, ,160000, ,61.50, ,61.60, ,100.0, 
2003/11/29,16:00,1.4, ,159950, ,49.35, ,61.40, ,100.0, 
2003/11/29,17:00,1.7, ,159890, ,53.55, ,61.60, ,100.0, 
2003/11/29,18:00,2.3, ,159840, ,51.17, ,61.60, ,100.0, 
2003/11/29,19:00,2.6, ,159840, ,47.68, ,61.70, ,100.0, 
2003/11/29,20:00,0.8, ,159790, ,49.03, ,61.50, ,100.0, 
2003/11/29,21:00,0.9, ,159730, ,57.54, ,61.40, ,100.0, 
2003/11/29,22:00,0.3, ,159730, ,48.57, ,61.50, ,100.0, 
2003/11/29,23:00,0.0, ,159680, ,53.63, ,61.60, ,100.0, 
2003/11/29,24:00,0.0, ,159630, ,48.49, ,15.20, ,100.0, 
2003/11/30,01:00,0.0, ,159730, ,33.29, ,0.00, ,100.0, 
2003/11/30,02:00,0.0, ,159890, ,41.74, ,0.00, ,100.0, 
2003/11/30,03:00,0.0, ,160000, ,36.43, ,0.00, ,100.0, 
2003/11/30,04:00,0.3, ,160160, ,36.05, ,0.00, ,100.0, 
2003/11/30,05:00,0.3, ,160270, ,37.87, ,0.00, ,100.0, 
2003/11/30,06:00,0.3, ,160430, ,36.01, ,31.10, ,100.0, 
2003/11/30,07:00,0.0, ,160430, ,35.75, ,60.00, ,100.0, 
2003/11/30,08:00,0.0, ,160320, ,34.79, ,60.20, ,100.0, 
2003/11/30,09:00,0.0, ,160220, ,28.43, ,60.00, ,100.0, 
2003/11/30,10:00,0.0, ,160050, ,26.78, ,59.90, ,100.0, 
2003/11/30,11:00,0.1, ,160000, ,36.11, ,60.10, ,100.0, 
2003/11/30,12:00,0.0, ,159950, ,37.79, ,60.10, ,100.0, 
2003/11/30,13:00,0.0, ,159840, ,37.04, ,59.90, ,100.0, 
2003/11/30,14:00,0.0, ,159730, ,33.06, ,60.20, ,100.0, 
2003/11/30,15:00,0.0, ,159630, ,35.28, ,61.70, ,100.0, 
2003/11/30,16:00,0.0, ,159570, ,35.52, ,61.80, ,100.0, 
2003/11/30,17:00,0.0, ,159470, ,31.23, ,61.70, ,99.9, 
2003/11/30,18:00,0.0, ,159360, ,35.41, ,61.70, ,99.8, 
2003/11/30,19:00,0.0, ,159200, ,27.00, ,61.60, ,99.7, 
2003/11/30,20:00,0.0, ,159140, ,33.95, ,61.90, ,99.6, 
2003/11/30,21:00,0.0, ,158980, ,36.07, ,61.90, ,99.5, 
2003/11/30,22:00,0.0, ,158930, ,26.19, ,62.10, ,99.5, 
2003/11/30,23:00,0.0, ,158770, ,32.78, ,61.70, ,99.4, 
2003/11/30,24:00,0.0, ,158720, ,30.35, ,37.70, ,100.0, 
