îCà”ä˙ä‘É_ÉÄèîó åüçıåãâ 
êÖånñº,ãgñÏêÏ
âÕêÏñº,ãgñÏêÏ
äœë™èäñº,ëÅñæâYÉ_ÉÄÅiã@ç\Åj
äœë™èäãLçÜ,1368080700010
#
#îNåéì˙,éûçè,ó¨àÊïΩãœâJó ,ó¨àÊïΩãœâJó ëÆê´,íôêÖó ,íôêÖó ëÆê´,ó¨ì¸ó ,ó¨ì¸ó ëÆê´,ï˙ó¨ó ,ï˙ó¨ó ëÆê´,íôêÖó¶,íôêÖó¶ëÆê´
#ëÆê´Å@$:åáë™ -:ñ¢éÛêM
#
2015/7/1,01:00,1.6, ,153430, ,39.25, ,18.30, ,92.9, 
2015/7/1,02:00,4.8, ,153480, ,41.20, ,18.20, ,92.9, 
2015/7/1,03:00,1.1, ,153690, ,46.98, ,0.00, ,93.0, 
2015/7/1,04:00,1.7, ,153850, ,50.91, ,0.00, ,93.0, 
2015/7/1,05:00,8.4, ,154110, ,64.54, ,0.00, ,93.2, 
2015/7/1,06:00,17.1, ,154480, ,82.58, ,0.00, ,93.4, 
2015/7/1,07:00,15.6, ,154900, ,108.48, ,0.00, ,93.6, 
2015/7/1,08:00,5.1, ,155900, ,181.15, ,0.00, ,94.2, 
2015/7/1,09:00,8.2, ,157440, ,366.75, ,0.00, ,95.2, 
2015/7/1,10:00,3.9, ,158930, ,420.44, ,0.00, ,96.2, 
2015/7/1,11:00,0.5, ,160430, ,420.73, ,0.00, ,97.1, 
2015/7/1,12:00,0.1, ,161830, ,400.66, ,0.00, ,98.0, 
2015/7/1,13:00,0.0, ,163010, ,363.44, ,0.00, ,98.7, 
2015/7/1,14:00,0.0, ,163990, ,301.94, ,0.00, ,99.3, 
2015/7/1,15:00,0.0, ,164810, ,239.99, ,0.00, ,99.8, 
2015/7/1,16:00,0.0, ,165620, ,229.66, ,0.00, ,100.0, 
2015/7/1,17:00,0.1, ,166280, ,201.49, ,0.00, ,100.0, 
2015/7/1,18:00,0.0, ,166830, ,165.30, ,0.00, ,100.0, 
2015/7/1,19:00,0.0, ,167430, ,158.85, ,0.00, ,100.0, 
2015/7/1,20:00,0.0, ,167980, ,165.02, ,0.00, ,100.0, 
2015/7/1,21:00,0.0, ,168540, ,156.15, ,0.00, ,100.0, 
2015/7/1,22:00,0.0, ,169090, ,155.67, ,0.00, ,100.0, 
2015/7/1,23:00,0.0, ,169530, ,137.50, ,0.00, ,100.0, 
2015/7/1,24:00,0.0, ,169920, ,121.55, ,0.00, ,100.0, 
2015/7/2,01:00,0.0, ,170360, ,110.42, ,0.00, ,100.0, 
2015/7/2,02:00,0.0, ,170700, ,105.42, ,0.00, ,100.0, 
2015/7/2,03:00,0.0, ,171090, ,101.68, ,0.00, ,100.0, 
2015/7/2,04:00,0.0, ,171420, ,98.97, ,0.00, ,100.0, 
2015/7/2,05:00,0.0, ,171750, ,95.73, ,0.00, ,100.0, 
2015/7/2,06:00,0.0, ,172090, ,92.99, ,0.00, ,100.0, 
2015/7/2,07:00,0.0, ,172420, ,89.98, ,0.00, ,100.0, 
2015/7/2,08:00,0.0, ,172700, ,84.12, ,0.00, ,100.0, 
2015/7/2,09:00,0.0, ,172980, ,83.43, ,0.00, ,100.0, 
2015/7/2,10:00,0.0, ,173320, ,81.69, ,0.00, ,100.0, 
2015/7/2,11:00,0.0, ,173600, ,81.25, ,0.00, ,100.0, 
2015/7/2,12:00,0.0, ,173880, ,79.24, ,0.00, ,100.0, 
2015/7/2,13:00,0.0, ,174160, ,75.15, ,0.00, ,100.0, 
2015/7/2,14:00,0.0, ,174390, ,75.22, ,0.00, ,100.0, 
2015/7/2,15:00,0.0, ,174670, ,71.89, ,0.00, ,100.0, 
2015/7/2,16:00,0.0, ,174890, ,67.52, ,0.00, ,100.0, 
2015/7/2,17:00,0.0, ,175120, ,65.22, ,0.00, ,100.0, 
2015/7/2,18:00,0.0, ,175350, ,63.18, ,0.00, ,100.0, 
2015/7/2,19:00,0.0, ,175570, ,59.04, ,0.00, ,100.0, 
2015/7/2,20:00,0.0, ,175800, ,60.91, ,0.00, ,100.0, 
2015/7/2,21:00,0.0, ,176020, ,60.17, ,0.00, ,100.0, 
2015/7/2,22:00,0.0, ,176190, ,57.33, ,0.70, ,100.0, 
2015/7/2,23:00,0.0, ,176310, ,55.66, ,18.60, ,100.0, 
2015/7/2,24:00,0.0, ,176480, ,54.75, ,18.60, ,100.0, 
2015/7/3,01:00,0.1, ,176590, ,50.30, ,18.60, ,100.0, 
2015/7/3,02:00,0.0, ,176700, ,51.92, ,19.70, ,100.0, 
2015/7/3,03:00,0.0, ,176760, ,56.28, ,43.10, ,100.0, 
2015/7/3,04:00,0.0, ,176700, ,58.25, ,60.00, ,99.9, 
2015/7/3,05:00,0.0, ,176700, ,47.68, ,60.00, ,99.9, 
2015/7/3,06:00,0.0, ,176700, ,52.57, ,45.10, ,99.8, 
2015/7/3,07:00,0.0, ,176700, ,32.13, ,18.60, ,99.8, 
2015/7/3,08:00,0.0, ,176820, ,39.15, ,18.60, ,99.8, 
2015/7/3,09:00,0.0, ,176930, ,44.61, ,18.40, ,99.9, 
2015/7/3,10:00,0.0, ,176990, ,42.80, ,25.60, ,99.8, 
2015/7/3,11:00,0.0, ,177040, ,46.80, ,28.60, ,99.8, 
2015/7/3,12:00,0.0, ,177100, ,39.82, ,25.60, ,99.8, 
2015/7/3,13:00,0.0, ,177160, ,41.11, ,18.70, ,99.8, 
2015/7/3,14:00,0.0, ,177210, ,34.68, ,18.70, ,99.8, 
2015/7/3,15:00,0.0, ,177270, ,38.97, ,21.60, ,99.8, 
2015/7/3,16:00,0.0, ,177330, ,38.23, ,34.50, ,99.8, 
2015/7/3,17:00,0.0, ,177270, ,50.11, ,59.90, ,99.7, 
2015/7/3,18:00,0.0, ,177210, ,37.86, ,59.90, ,99.6, 
2015/7/3,19:00,0.0, ,177100, ,35.25, ,59.90, ,99.5, 
2015/7/3,20:00,0.0, ,177040, ,36.08, ,59.90, ,99.4, 
2015/7/3,21:00,0.0, ,176930, ,32.83, ,51.40, ,99.3, 
2015/7/3,22:00,0.0, ,176930, ,34.49, ,44.00, ,99.2, 
2015/7/3,23:00,0.0, ,176930, ,32.50, ,21.40, ,99.2, 
2015/7/3,24:00,0.0, ,176930, ,20.25, ,18.40, ,100.0, 
2015/7/4,01:00,0.0, ,176930, ,18.50, ,18.60, ,100.0, 
2015/7/4,02:00,0.0, ,176990, ,32.53, ,21.20, ,99.9, 
2015/7/4,03:00,0.0, ,176990, ,34.89, ,47.20, ,99.9, 
2015/7/4,04:00,0.0, ,176930, ,44.85, ,60.20, ,99.8, 
2015/7/4,05:00,0.0, ,176820, ,31.16, ,60.10, ,99.7, 
2015/7/4,06:00,0.0, ,176760, ,32.12, ,43.90, ,99.6, 
2015/7/4,07:00,0.0, ,176700, ,14.88, ,21.60, ,99.5, 
2015/7/4,08:00,0.1, ,176760, ,35.28, ,18.60, ,99.5, 
2015/7/4,09:00,0.9, ,176820, ,19.73, ,18.60, ,99.5, 
2015/7/4,10:00,0.1, ,176820, ,33.31, ,18.40, ,99.4, 
2015/7/4,11:00,0.1, ,176870, ,24.12, ,18.70, ,99.4, 
2015/7/4,12:00,0.3, ,176870, ,29.97, ,21.40, ,99.4, 
2015/7/4,13:00,1.7, ,176930, ,25.81, ,18.60, ,99.4, 
2015/7/4,14:00,0.9, ,176930, ,33.75, ,29.70, ,99.3, 
2015/7/4,15:00,1.8, ,176870, ,38.10, ,54.20, ,99.2, 
2015/7/4,16:00,1.5, ,176820, ,40.64, ,54.20, ,99.2, 
2015/7/4,17:00,1.9, ,176760, ,33.33, ,54.30, ,99.1, 
2015/7/4,18:00,1.9, ,176700, ,34.16, ,54.50, ,99.0, 
2015/7/4,19:00,2.0, ,176590, ,31.64, ,57.20, ,98.9, 
2015/7/4,20:00,2.2, ,176590, ,38.51, ,44.30, ,98.8, 
2015/7/4,21:00,1.6, ,176590, ,36.48, ,28.70, ,98.8, 
2015/7/4,22:00,1.4, ,176590, ,23.67, ,18.40, ,98.7, 
2015/7/4,23:00,0.9, ,176650, ,29.01, ,18.40, ,98.7, 
2015/7/4,24:00,0.6, ,176700, ,31.90, ,18.50, ,99.6, 
2015/7/5,01:00,0.5, ,176700, ,34.77, ,36.00, ,99.5, 
2015/7/5,02:00,0.6, ,176700, ,35.74, ,35.70, ,99.5, 
2015/7/5,03:00,0.8, ,176700, ,39.26, ,42.70, ,99.5, 
2015/7/5,04:00,0.4, ,176650, ,48.03, ,60.20, ,99.4, 
2015/7/5,05:00,0.4, ,176590, ,43.01, ,60.20, ,99.3, 
2015/7/5,06:00,0.1, ,176530, ,38.44, ,44.80, ,99.2, 
2015/7/5,07:00,0.7, ,176530, ,20.63, ,21.50, ,99.2, 
2015/7/5,08:00,0.3, ,176590, ,30.55, ,18.50, ,99.2, 
2015/7/5,09:00,0.0, ,176650, ,29.32, ,18.40, ,99.2, 
2015/7/5,10:00,0.0, ,176650, ,33.98, ,28.40, ,99.1, 
2015/7/5,11:00,0.0, ,176650, ,28.58, ,28.70, ,99.1, 
2015/7/5,12:00,0.0, ,176650, ,28.58, ,28.60, ,99.0, 
2015/7/5,13:00,0.0, ,176700, ,34.86, ,28.60, ,99.0, 
2015/7/5,14:00,0.0, ,176700, ,39.12, ,31.40, ,99.0, 
2015/7/5,15:00,0.0, ,176700, ,32.80, ,34.20, ,99.0, 
2015/7/5,16:00,0.0, ,176700, ,38.51, ,42.80, ,98.9, 
2015/7/5,17:00,0.0, ,176650, ,30.35, ,42.90, ,98.8, 
2015/7/5,18:00,0.0, ,176590, ,31.91, ,42.90, ,98.8, 
2015/7/5,19:00,0.0, ,176530, ,32.47, ,46.00, ,98.7, 
2015/7/5,20:00,0.0, ,176530, ,32.54, ,42.90, ,98.6, 
2015/7/5,21:00,1.1, ,176480, ,27.24, ,42.80, ,98.6, 
2015/7/5,22:00,0.4, ,176420, ,26.92, ,31.40, ,98.5, 
2015/7/5,23:00,0.0, ,176420, ,19.35, ,18.50, ,98.4, 
2015/7/5,24:00,0.0, ,176480, ,22.76, ,18.60, ,99.7, 
2015/7/6,01:00,0.0, ,176480, ,30.08, ,18.50, ,99.7, 
2015/7/6,02:00,0.0, ,176530, ,23.52, ,18.60, ,99.7, 
2015/7/6,03:00,0.0, ,176530, ,29.33, ,18.50, ,99.7, 
2015/7/6,04:00,0.0, ,176530, ,18.56, ,18.60, ,99.6, 
2015/7/6,05:00,0.0, ,176590, ,31.66, ,18.60, ,99.6, 
2015/7/6,06:00,0.0, ,176590, ,21.19, ,18.60, ,99.6, 
2015/7/6,07:00,0.4, ,176650, ,31.96, ,18.50, ,99.6, 
2015/7/6,08:00,0.6, ,176650, ,22.07, ,21.40, ,99.5, 
2015/7/6,09:00,0.0, ,176700, ,32.66, ,18.40, ,99.5, 
2015/7/6,10:00,0.0, ,176700, ,31.32, ,37.20, ,99.5, 
2015/7/6,11:00,0.0, ,176650, ,28.27, ,37.00, ,99.4, 
2015/7/6,12:00,0.0, ,176590, ,26.74, ,37.00, ,99.3, 
2015/7/6,13:00,0.7, ,176590, ,16.93, ,21.50, ,99.3, 
2015/7/6,14:00,0.2, ,176590, ,30.18, ,28.60, ,99.2, 
2015/7/6,15:00,0.2, ,176530, ,30.21, ,43.00, ,99.1, 
2015/7/6,16:00,0.0, ,176530, ,27.41, ,42.80, ,99.1, 
2015/7/6,17:00,0.0, ,176480, ,31.84, ,42.80, ,99.0, 
2015/7/6,18:00,0.0, ,176420, ,31.69, ,45.70, ,99.0, 
2015/7/6,19:00,0.0, ,176360, ,24.23, ,42.90, ,98.9, 
2015/7/6,20:00,0.1, ,176310, ,31.16, ,43.00, ,98.8, 
2015/7/6,21:00,0.3, ,176250, ,22.82, ,41.30, ,98.7, 
2015/7/6,22:00,0.0, ,176250, ,32.59, ,31.40, ,98.7, 
2015/7/6,23:00,0.0, ,176190, ,11.50, ,18.50, ,98.6, 
2015/7/6,24:00,0.0, ,176190, ,16.53, ,18.80, ,99.9, 
2015/7/7,01:00,0.0, ,176250, ,28.35, ,18.80, ,99.9, 
2015/7/7,02:00,0.0, ,176250, ,24.64, ,18.50, ,99.8, 
2015/7/7,03:00,2.4, ,176250, ,18.53, ,18.50, ,99.8, 
2015/7/7,04:00,1.5, ,176310, ,26.64, ,18.50, ,99.8, 
2015/7/7,05:00,3.1, ,176360, ,28.46, ,18.40, ,99.8, 
2015/7/7,06:00,5.8, ,176420, ,33.16, ,18.70, ,99.8, 
2015/7/7,07:00,2.9, ,176420, ,33.01, ,18.40, ,99.7, 
2015/7/7,08:00,1.5, ,176480, ,28.24, ,18.50, ,99.7, 
2015/7/7,09:00,6.8, ,176590, ,41.82, ,18.40, ,99.8, 
2015/7/7,10:00,3.5, ,176650, ,40.02, ,28.70, ,99.8, 
2015/7/7,11:00,0.5, ,176700, ,49.93, ,28.60, ,99.7, 
2015/7/7,12:00,0.4, ,176820, ,54.65, ,28.80, ,99.8, 
2015/7/7,13:00,0.0, ,176990, ,64.94, ,18.40, ,99.8, 
2015/7/7,14:00,0.4, ,177160, ,58.75, ,18.50, ,99.9, 
2015/7/7,15:00,0.0, ,177270, ,61.54, ,28.50, ,99.9, 
2015/7/7,16:00,0.0, ,177330, ,57.45, ,42.90, ,99.9, 
2015/7/7,17:00,0.0, ,177330, ,57.85, ,45.90, ,99.9, 
2015/7/7,18:00,0.0, ,177380, ,49.81, ,42.90, ,99.9, 
2015/7/7,19:00,0.0, ,177380, ,53.41, ,42.80, ,99.8, 
2015/7/7,20:00,0.0, ,177440, ,49.97, ,32.80, ,99.8, 
2015/7/7,21:00,0.0, ,177550, ,40.96, ,18.50, ,99.9, 
2015/7/7,22:00,0.0, ,177610, ,42.71, ,18.60, ,99.9, 
2015/7/7,23:00,0.0, ,177670, ,35.89, ,18.50, ,99.9, 
2015/7/7,24:00,0.9, ,177720, ,37.71, ,18.60, ,100.0, 
2015/7/8,01:00,1.1, ,177840, ,43.07, ,21.40, ,100.0, 
2015/7/8,02:00,1.8, ,177890, ,35.27, ,18.50, ,100.0, 
2015/7/8,03:00,2.3, ,177890, ,38.72, ,29.50, ,100.0, 
2015/7/8,04:00,0.4, ,177890, ,41.44, ,54.00, ,99.9, 
2015/7/8,05:00,3.0, ,177890, ,54.16, ,54.20, ,99.9, 
2015/7/8,06:00,1.2, ,177890, ,54.20, ,45.30, ,99.9, 
2015/7/8,07:00,0.1, ,177890, ,35.98, ,21.20, ,99.8, 
2015/7/8,08:00,0.2, ,177950, ,44.30, ,45.60, ,99.8, 
2015/7/8,09:00,0.0, ,177950, ,56.35, ,59.80, ,99.8, 
2015/7/8,10:00,0.0, ,177890, ,52.49, ,59.90, ,99.7, 
2015/7/8,11:00,0.0, ,177840, ,49.10, ,60.00, ,99.6, 
2015/7/8,12:00,0.3, ,177840, ,46.49, ,46.60, ,99.6, 
2015/7/8,13:00,0.0, ,177840, ,39.91, ,24.20, ,99.5, 
2015/7/8,14:00,0.1, ,177840, ,34.81, ,48.40, ,99.5, 
2015/7/8,15:00,1.4, ,177840, ,54.05, ,60.00, ,99.5, 
2015/7/8,16:00,2.0, ,177780, ,50.38, ,59.70, ,99.4, 
2015/7/8,17:00,0.8, ,177720, ,44.07, ,59.60, ,99.3, 
2015/7/8,18:00,0.1, ,177670, ,43.35, ,59.90, ,99.2, 
2015/7/8,19:00,1.8, ,177610, ,43.04, ,59.80, ,99.2, 
2015/7/8,20:00,1.6, ,177550, ,44.67, ,60.00, ,99.1, 
2015/7/8,21:00,1.9, ,177500, ,47.63, ,46.00, ,99.0, 
2015/7/8,22:00,1.8, ,177550, ,36.96, ,21.40, ,99.0, 
2015/7/8,23:00,0.1, ,177670, ,45.24, ,21.30, ,99.0, 
2015/7/8,24:00,0.0, ,177720, ,44.72, ,21.50, ,100.0, 
2015/7/9,01:00,0.0, ,177840, ,44.04, ,21.40, ,100.0, 
2015/7/9,02:00,0.0, ,177890, ,46.02, ,18.40, ,100.0, 
2015/7/9,03:00,0.0, ,178010, ,42.21, ,21.20, ,100.0, 
2015/7/9,04:00,0.0, ,178010, ,49.27, ,45.40, ,100.0, 
2015/7/9,05:00,0.0, ,178010, ,45.52, ,45.70, ,100.0, 
2015/7/9,06:00,0.5, ,178010, ,45.61, ,43.00, ,99.9, 
2015/7/9,07:00,0.1, ,178060, ,37.21, ,18.50, ,99.9, 
2015/7/9,08:00,2.2, ,178120, ,39.29, ,21.20, ,99.9, 
2015/7/9,09:00,7.6, ,178290, ,55.93, ,45.50, ,100.0, 
2015/7/9,10:00,2.1, ,178350, ,91.92, ,59.80, ,100.0, 
2015/7/9,11:00,2.5, ,178410, ,73.01, ,59.80, ,100.0, 
2015/7/9,12:00,10.1, ,178520, ,80.39, ,47.20, ,100.0, 
2015/7/9,13:00,6.1, ,178810, ,95.96, ,21.30, ,100.0, 
2015/7/9,14:00,0.9, ,179090, ,103.36, ,24.00, ,100.0, 
2015/7/9,15:00,0.8, ,179320, ,108.27, ,45.40, ,100.0, 
2015/7/9,16:00,0.0, ,179490, ,105.37, ,59.70, ,100.0, 
2015/7/9,17:00,0.0, ,179660, ,109.96, ,59.80, ,100.0, 
2015/7/9,18:00,0.0, ,179780, ,95.45, ,59.50, ,100.0, 
2015/7/9,19:00,0.0, ,179890, ,95.38, ,59.40, ,100.0, 
2015/7/9,20:00,0.4, ,179950, ,83.39, ,59.70, ,100.0, 
2015/7/9,21:00,0.0, ,180060, ,85.10, ,59.40, ,100.0, 
2015/7/9,22:00,0.0, ,180120, ,74.65, ,59.50, ,100.0, 
2015/7/9,23:00,0.0, ,180180, ,77.04, ,59.50, ,100.0, 
2015/7/9,24:00,0.0, ,180230, ,73.56, ,59.60, ,100.0, 
2015/7/10,01:00,0.0, ,180230, ,71.48, ,59.50, ,100.0, 
2015/7/10,02:00,0.0, ,180290, ,65.11, ,59.60, ,99.9, 
2015/7/10,03:00,0.0, ,180290, ,69.91, ,59.60, ,99.9, 
2015/7/10,04:00,0.2, ,180350, ,64.85, ,59.60, ,99.9, 
2015/7/10,05:00,0.2, ,180350, ,70.16, ,59.60, ,99.8, 
2015/7/10,06:00,0.1, ,180350, ,59.57, ,59.60, ,99.8, 
2015/7/10,07:00,0.0, ,180350, ,59.58, ,59.60, ,99.8, 
2015/7/10,08:00,0.0, ,180350, ,59.59, ,59.60, ,99.7, 
2015/7/10,09:00,0.0, ,180350, ,59.57, ,59.60, ,99.7, 
2015/7/10,10:00,0.0, ,180350, ,59.57, ,59.50, ,99.6, 
2015/7/10,11:00,0.6, ,180350, ,59.62, ,59.70, ,99.6, 
2015/7/10,12:00,1.0, ,180350, ,59.61, ,59.70, ,99.5, 
2015/7/10,13:00,2.7, ,180350, ,59.58, ,59.60, ,99.5, 
2015/7/10,14:00,0.5, ,180350, ,59.57, ,59.40, ,99.4, 
2015/7/10,15:00,1.0, ,180350, ,59.51, ,59.70, ,99.4, 
2015/7/10,16:00,5.2, ,180350, ,59.60, ,59.70, ,99.3, 
2015/7/10,17:00,0.8, ,180350, ,59.62, ,59.70, ,99.3, 
2015/7/10,18:00,0.0, ,180410, ,71.83, ,59.60, ,99.3, 
2015/7/10,19:00,0.1, ,180410, ,63.26, ,59.60, ,99.2, 
2015/7/10,20:00,0.1, ,180410, ,59.57, ,59.50, ,99.2, 
2015/7/10,21:00,0.0, ,180410, ,59.56, ,59.40, ,99.2, 
2015/7/10,22:00,0.0, ,180410, ,59.54, ,59.50, ,99.1, 
2015/7/10,23:00,0.0, ,180410, ,59.56, ,59.60, ,99.1, 
2015/7/10,24:00,0.0, ,180410, ,59.54, ,45.80, ,100.0, 
2015/7/11,01:00,0.0, ,180460, ,44.64, ,21.20, ,100.0, 
2015/7/11,02:00,0.0, ,180580, ,45.94, ,18.50, ,100.0, 
2015/7/11,03:00,0.0, ,180690, ,48.76, ,18.60, ,100.0, 
2015/7/11,04:00,0.0, ,180810, ,48.21, ,18.40, ,100.0, 
2015/7/11,05:00,0.0, ,180860, ,46.32, ,18.40, ,100.0, 
2015/7/11,06:00,0.0, ,180980, ,44.68, ,19.50, ,100.0, 
2015/7/11,07:00,0.0, ,180980, ,44.85, ,42.30, ,100.0, 
2015/7/11,08:00,0.0, ,180980, ,47.30, ,52.30, ,100.0, 
2015/7/11,09:00,0.0, ,180980, ,52.32, ,52.10, ,99.9, 
2015/7/11,10:00,0.0, ,180980, ,52.30, ,52.20, ,99.9, 
2015/7/11,11:00,0.0, ,180980, ,52.34, ,52.40, ,99.8, 
2015/7/11,12:00,0.0, ,180920, ,41.70, ,52.50, ,99.8, 
2015/7/11,13:00,0.0, ,180920, ,47.01, ,52.20, ,99.7, 
2015/7/11,14:00,0.0, ,180860, ,40.83, ,52.30, ,99.6, 
2015/7/11,15:00,0.0, ,180860, ,47.76, ,52.30, ,99.6, 
2015/7/11,16:00,0.0, ,180810, ,37.42, ,52.20, ,99.5, 
2015/7/11,17:00,0.0, ,180750, ,44.41, ,55.10, ,99.4, 
2015/7/11,18:00,0.0, ,180690, ,41.59, ,59.40, ,99.4, 
2015/7/11,19:00,0.0, ,180640, ,41.17, ,59.60, ,99.3, 
2015/7/11,20:00,0.0, ,180520, ,39.36, ,59.50, ,99.2, 
2015/7/11,21:00,0.0, ,180520, ,33.24, ,42.40, ,99.1, 
2015/7/11,22:00,0.0, ,180520, ,42.45, ,42.70, ,99.1, 
2015/7/11,23:00,0.0, ,180520, ,42.24, ,42.60, ,99.0, 
2015/7/11,24:00,0.0, ,180460, ,35.54, ,39.40, ,100.0, 
2015/7/12,01:00,0.0, ,180460, ,20.00, ,21.40, ,100.0, 
2015/7/12,02:00,0.0, ,180520, ,30.76, ,18.50, ,99.9, 
2015/7/12,03:00,0.0, ,180580, ,32.29, ,18.40, ,99.9, 
2015/7/12,04:00,0.0, ,180640, ,33.87, ,18.40, ,99.9, 
2015/7/12,05:00,0.0, ,180690, ,33.88, ,18.40, ,99.9, 
2015/7/12,06:00,0.0, ,180750, ,32.52, ,18.30, ,99.9, 
2015/7/12,07:00,0.0, ,180810, ,30.89, ,18.40, ,99.9, 
2015/7/12,08:00,0.0, ,180810, ,32.20, ,18.40, ,99.9, 
2015/7/12,09:00,0.0, ,180860, ,36.02, ,28.40, ,99.8, 
2015/7/12,10:00,0.0, ,180860, ,32.64, ,31.40, ,99.8, 
2015/7/12,11:00,0.3, ,180860, ,34.35, ,38.10, ,99.7, 
2015/7/12,12:00,1.2, ,180860, ,38.13, ,38.10, ,99.7, 
2015/7/12,13:00,2.7, ,180860, ,38.16, ,38.10, ,99.7, 
2015/7/12,14:00,7.2, ,180860, ,38.18, ,38.20, ,99.6, 
2015/7/12,15:00,12.7, ,180860, ,38.20, ,38.30, ,99.6, 
2015/7/12,16:00,9.0, ,180860, ,38.21, ,38.20, ,99.5, 
2015/7/12,17:00,11.8, ,181040, ,66.70, ,49.40, ,99.6, 
2015/7/12,18:00,10.1, ,181210, ,96.48, ,58.10, ,99.6, 
2015/7/12,19:00,6.7, ,181670, ,153.38, ,59.20, ,99.9, 
2015/7/12,20:00,3.5, ,182590, ,241.42, ,59.00, ,100.0, 
2015/7/12,21:00,2.2, ,183810, ,367.00, ,59.10, ,100.0, 
2015/7/12,22:00,6.2, ,184740, ,364.73, ,58.80, ,100.0, 
2015/7/12,23:00,4.4, ,185550, ,305.93, ,58.90, ,100.0, 
2015/7/12,24:00,4.5, ,186370, ,269.13, ,58.60, ,100.0, 
2015/7/13,01:00,2.6, ,187370, ,306.77, ,58.70, ,100.0, 
2015/7/13,02:00,2.8, ,188360, ,333.05, ,58.50, ,100.0, 
2015/7/13,03:00,3.7, ,189300, ,330.60, ,57.90, ,100.0, 
2015/7/13,04:00,5.7, ,190310, ,330.08, ,58.20, ,100.0, 
2015/7/13,05:00,2.8, ,191250, ,335.56, ,57.80, ,100.0, 
2015/7/13,06:00,5.9, ,192320, ,335.19, ,58.00, ,100.0, 
2015/7/13,07:00,3.1, ,193510, ,368.15, ,57.70, ,100.0, 
2015/7/13,08:00,0.4, ,194580, ,360.42, ,57.40, ,100.0, 
2015/7/13,09:00,0.4, ,195420, ,297.41, ,127.52, ,100.0, 
2015/7/13,10:00,0.3, ,195840, ,269.48, ,206.76, ,100.0, 
2015/7/13,11:00,0.3, ,196020, ,225.56, ,172.54, ,100.0, 
2015/7/13,12:00,0.0, ,196140, ,225.09, ,172.96, ,100.0, 
2015/7/13,13:00,0.0, ,196320, ,217.17, ,202.48, ,100.0, 
2015/7/13,14:00,0.0, ,196260, ,173.47, ,202.50, ,100.0, 
2015/7/13,15:00,0.0, ,196200, ,185.27, ,179.64, ,100.0, 
2015/7/13,16:00,0.0, ,196200, ,179.32, ,179.24, ,100.0, 
2015/7/13,17:00,0.8, ,196200, ,179.31, ,179.24, ,100.0, 
2015/7/13,18:00,0.7, ,196140, ,164.86, ,159.64, ,100.0, 
2015/7/13,19:00,0.6, ,196200, ,157.68, ,159.98, ,100.0, 
2015/7/13,20:00,0.2, ,196200, ,174.35, ,159.88, ,100.0, 
2015/7/13,21:00,0.3, ,196260, ,178.36, ,173.16, ,100.0, 
2015/7/13,22:00,0.0, ,196260, ,174.68, ,173.16, ,100.0, 
2015/7/13,23:00,0.0, ,196140, ,150.75, ,148.90, ,100.0, 
2015/7/13,24:00,0.4, ,196080, ,125.16, ,139.66, ,100.0, 
2015/7/14,01:00,0.0, ,196020, ,118.86, ,125.04, ,99.9, 
2015/7/14,02:00,0.2, ,196020, ,115.87, ,114.68, ,99.9, 
2015/7/14,03:00,0.0, ,196020, ,114.65, ,114.68, ,99.8, 
2015/7/14,04:00,0.0, ,196020, ,114.61, ,114.68, ,99.8, 
2015/7/14,05:00,0.0, ,196020, ,114.61, ,114.48, ,99.7, 
2015/7/14,06:00,0.1, ,195960, ,111.25, ,102.78, ,99.7, 
2015/7/14,07:00,0.0, ,195960, ,90.99, ,102.98, ,99.6, 
2015/7/14,08:00,0.0, ,195960, ,102.58, ,94.56, ,99.6, 
2015/7/14,09:00,0.0, ,195960, ,96.44, ,74.26, ,99.5, 
2015/7/14,10:00,0.0, ,195960, ,80.47, ,60.88, ,99.5, 
2015/7/14,11:00,0.0, ,196080, ,88.34, ,61.08, ,99.5, 
2015/7/14,12:00,0.0, ,196200, ,92.72, ,70.98, ,99.5, 
2015/7/14,13:00,0.0, ,196260, ,85.09, ,70.70, ,99.5, 
2015/7/14,14:00,2.2, ,196260, ,83.52, ,70.80, ,99.5, 
2015/7/14,15:00,1.1, ,196320, ,78.14, ,79.14, ,99.5, 
2015/7/14,16:00,0.6, ,196320, ,87.04, ,79.14, ,99.4, 
2015/7/14,17:00,0.0, ,196320, ,79.19, ,79.14, ,99.4, 
2015/7/14,18:00,0.0, ,196380, ,80.88, ,79.46, ,99.4, 
2015/7/14,19:00,0.1, ,196380, ,94.33, ,79.46, ,99.3, 
2015/7/14,20:00,0.5, ,196380, ,79.23, ,73.48, ,99.3, 
2015/7/14,21:00,0.0, ,196380, ,75.48, ,73.28, ,99.3, 
2015/7/14,22:00,0.0, ,196380, ,70.13, ,62.14, ,99.2, 
2015/7/14,23:00,0.0, ,196440, ,65.00, ,62.34, ,99.2, 
2015/7/14,24:00,0.0, ,196440, ,76.42, ,62.14, ,100.0, 
2015/7/15,01:00,0.0, ,196500, ,73.64, ,62.36, ,100.0, 
2015/7/15,02:00,0.2, ,196500, ,67.52, ,62.06, ,100.0, 
2015/7/15,03:00,0.0, ,196560, ,64.71, ,66.90, ,100.0, 
2015/7/15,04:00,0.0, ,196560, ,79.01, ,67.20, ,100.0, 
2015/7/15,05:00,0.0, ,196560, ,67.08, ,67.30, ,100.0, 
2015/7/15,06:00,0.0, ,196560, ,67.14, ,67.00, ,100.0, 
2015/7/15,07:00,0.0, ,196560, ,67.17, ,86.52, ,100.0, 
2015/7/15,08:00,0.0, ,196440, ,61.49, ,86.74, ,100.0, 
2015/7/15,09:00,0.0, ,196380, ,62.04, ,86.30, ,100.0, 
2015/7/15,10:00,0.0, ,196260, ,61.73, ,86.44, ,99.9, 
2015/7/15,11:00,0.0, ,196200, ,59.06, ,72.00, ,99.9, 
2015/7/15,12:00,0.0, ,196140, ,56.88, ,61.00, ,99.8, 
2015/7/15,13:00,0.0, ,196140, ,55.39, ,60.90, ,99.8, 
2015/7/15,14:00,0.0, ,196140, ,60.89, ,60.90, ,99.8, 
2015/7/15,15:00,0.0, ,196080, ,43.65, ,58.94, ,99.8, 
2015/7/15,16:00,0.0, ,196080, ,58.75, ,58.94, ,99.8, 
2015/7/15,17:00,1.9, ,196020, ,49.86, ,59.04, ,99.8, 
2015/7/15,18:00,3.0, ,196020, ,51.38, ,58.33, ,99.8, 
2015/7/15,19:00,0.2, ,195960, ,37.32, ,58.33, ,99.7, 
2015/7/15,20:00,0.0, ,195960, ,59.00, ,59.04, ,99.7, 
2015/7/15,21:00,0.0, ,195960, ,59.06, ,59.04, ,99.7, 
2015/7/15,22:00,0.0, ,195900, ,55.82, ,58.94, ,99.7, 
2015/7/15,23:00,0.0, ,195900, ,59.24, ,59.34, ,99.7, 
2015/7/15,24:00,0.0, ,195840, ,30.33, ,59.23, ,100.0, 
2015/7/16,01:00,0.0, ,195780, ,55.82, ,59.23, ,100.0, 
2015/7/16,02:00,0.0, ,195780, ,59.15, ,59.23, ,100.0, 
2015/7/16,03:00,0.3, ,195720, ,42.52, ,59.13, ,99.9, 
2015/7/16,04:00,0.8, ,195720, ,59.20, ,59.13, ,99.9, 
2015/7/16,05:00,0.4, ,195660, ,49.22, ,59.23, ,99.9, 
2015/7/16,06:00,1.0, ,195660, ,55.85, ,59.23, ,99.9, 
2015/7/16,07:00,0.0, ,195600, ,54.81, ,59.03, ,99.9, 
2015/7/16,08:00,0.1, ,195540, ,38.17, ,59.32, ,99.8, 
2015/7/16,09:00,0.0, ,195540, ,59.24, ,59.32, ,99.8, 
2015/7/16,10:00,0.0, ,195420, ,41.45, ,59.02, ,99.8, 
2015/7/16,11:00,1.0, ,195420, ,39.16, ,58.92, ,99.8, 
2015/7/16,12:00,1.4, ,195360, ,53.66, ,59.12, ,99.7, 
2015/7/16,13:00,0.9, ,195360, ,57.03, ,59.32, ,99.7, 
2015/7/16,14:00,0.8, ,195300, ,51.39, ,59.11, ,99.7, 
2015/7/16,15:00,0.8, ,195300, ,51.35, ,59.01, ,99.7, 
2015/7/16,16:00,0.9, ,195240, ,48.08, ,59.31, ,99.7, 
2015/7/16,17:00,1.3, ,195240, ,46.23, ,59.31, ,99.7, 
2015/7/16,18:00,1.9, ,195300, ,58.18, ,59.01, ,99.7, 
2015/7/16,19:00,1.7, ,195300, ,56.47, ,59.21, ,99.7, 
2015/7/16,20:00,2.7, ,195240, ,63.76, ,59.11, ,99.7, 
2015/7/16,21:00,3.5, ,195300, ,76.07, ,59.11, ,99.7, 
2015/7/16,22:00,3.2, ,195360, ,90.28, ,59.42, ,99.7, 
2015/7/16,23:00,4.5, ,195540, ,95.81, ,59.32, ,99.8, 
2015/7/16,24:00,6.1, ,195720, ,114.00, ,60.96, ,100.0, 
2015/7/17,01:00,11.7, ,196020, ,119.22, ,60.98, ,100.0, 
2015/7/17,02:00,14.3, ,196560, ,253.42, ,134.62, ,100.0, 
2015/7/17,03:00,10.7, ,196920, ,380.38, ,340.00, ,100.0, 
2015/7/17,04:00,5.5, ,197100, ,518.27, ,508.22, ,100.0, 
2015/7/17,05:00,2.5, ,197040, ,546.21, ,538.96, ,100.0, 
2015/7/17,06:00,1.1, ,196980, ,403.30, ,379.08, ,100.0, 
2015/7/17,07:00,1.0, ,196920, ,370.02, ,378.56, ,100.0, 
2015/7/17,08:00,0.6, ,196740, ,280.11, ,299.14, ,100.0, 
2015/7/17,09:00,0.2, ,196680, ,225.68, ,224.22, ,100.0, 
2015/7/17,10:00,0.5, ,196620, ,218.42, ,223.80, ,100.0, 
2015/7/17,11:00,0.3, ,196500, ,170.73, ,173.90, ,100.0, 
2015/7/17,12:00,0.1, ,196440, ,158.03, ,173.74, ,100.0, 
2015/7/17,13:00,1.3, ,196380, ,129.85, ,142.76, ,100.0, 
2015/7/17,14:00,2.7, ,196380, ,142.56, ,142.56, ,100.0, 
2015/7/17,15:00,1.7, ,196380, ,142.55, ,142.36, ,100.0, 
2015/7/17,16:00,1.5, ,196320, ,112.44, ,142.44, ,100.0, 
2015/7/17,17:00,0.3, ,196260, ,118.94, ,121.94, ,100.0, 
2015/7/17,18:00,0.3, ,196260, ,121.80, ,121.64, ,100.0, 
2015/7/17,19:00,0.0, ,196260, ,121.74, ,121.74, ,100.0, 
2015/7/17,20:00,0.0, ,196200, ,114.86, ,110.16, ,100.0, 
2015/7/17,21:00,0.0, ,196200, ,110.10, ,110.06, ,100.0, 
2015/7/17,22:00,0.0, ,196200, ,110.09, ,110.16, ,100.0, 
2015/7/17,23:00,0.0, ,196140, ,87.77, ,88.84, ,100.0, 
2015/7/17,24:00,0.0, ,196140, ,88.80, ,88.84, ,100.0, 
2015/7/18,01:00,0.0, ,196140, ,88.81, ,88.94, ,100.0, 
2015/7/18,02:00,0.0, ,196140, ,79.54, ,79.16, ,100.0, 
2015/7/18,03:00,0.0, ,196140, ,79.28, ,79.26, ,100.0, 
2015/7/18,04:00,0.0, ,196140, ,79.28, ,79.16, ,100.0, 
2015/7/18,05:00,0.0, ,196080, ,65.23, ,69.44, ,100.0, 
2015/7/18,06:00,0.0, ,196080, ,69.50, ,69.44, ,100.0, 
2015/7/18,07:00,0.0, ,196080, ,69.51, ,69.34, ,100.0, 
2015/7/18,08:00,0.0, ,196080, ,66.86, ,60.98, ,100.0, 
2015/7/18,09:00,0.0, ,196020, ,39.61, ,59.04, ,99.9, 
2015/7/18,10:00,0.0, ,196020, ,59.12, ,59.14, ,99.9, 
2015/7/18,11:00,0.1, ,196020, ,59.12, ,59.14, ,99.9, 
2015/7/18,12:00,0.0, ,195960, ,34.72, ,59.14, ,99.9, 
2015/7/18,13:00,0.0, ,195960, ,59.25, ,59.14, ,99.9, 
2015/7/18,14:00,0.0, ,195960, ,57.37, ,57.40, ,99.9, 
2015/7/18,15:00,0.0, ,195900, ,41.51, ,57.40, ,99.9, 
2015/7/18,16:00,0.0, ,195840, ,55.70, ,57.40, ,99.8, 
2015/7/18,17:00,0.0, ,195840, ,41.56, ,57.30, ,99.8, 
2015/7/18,18:00,0.0, ,195780, ,54.88, ,57.20, ,99.8, 
2015/7/18,19:00,0.0, ,195780, ,43.20, ,57.50, ,99.8, 
2015/7/18,20:00,0.0, ,195720, ,51.26, ,57.30, ,99.8, 
2015/7/18,21:00,0.1, ,195660, ,44.78, ,57.20, ,99.7, 
2015/7/18,22:00,0.0, ,195660, ,42.54, ,57.30, ,99.7, 
2015/7/18,23:00,0.0, ,195600, ,42.85, ,57.30, ,99.7, 
2015/7/18,24:00,0.3, ,195540, ,43.73, ,57.30, ,100.0, 
2015/7/19,01:00,0.4, ,195480, ,44.25, ,57.40, ,100.0, 
2015/7/19,02:00,0.5, ,195420, ,39.88, ,57.30, ,99.9, 
2015/7/19,03:00,0.3, ,195360, ,45.70, ,57.40, ,99.9, 
2015/7/19,04:00,4.4, ,195360, ,44.37, ,57.40, ,99.9, 
2015/7/19,05:00,1.1, ,195300, ,40.74, ,57.50, ,99.9, 
2015/7/19,06:00,5.2, ,195240, ,41.29, ,57.40, ,99.8, 
2015/7/19,07:00,9.8, ,195240, ,56.85, ,57.50, ,99.8, 
2015/7/19,08:00,5.3, ,195240, ,57.38, ,57.60, ,99.8, 
2015/7/19,09:00,4.7, ,195420, ,99.50, ,57.60, ,99.9, 
2015/7/19,10:00,1.8, ,195480, ,128.71, ,103.88, ,100.0, 
2015/7/19,11:00,1.1, ,195600, ,161.61, ,154.54, ,100.0, 
2015/7/19,12:00,3.1, ,195660, ,196.51, ,185.02, ,100.0, 
2015/7/19,13:00,4.1, ,195660, ,135.75, ,89.72, ,100.0, 
2015/7/19,14:00,0.7, ,195780, ,132.03, ,90.00, ,100.0, 
2015/7/19,15:00,1.0, ,195960, ,141.02, ,89.82, ,100.0, 
2015/7/19,16:00,0.3, ,196140, ,139.07, ,108.82, ,100.0, 
2015/7/19,17:00,1.3, ,196200, ,131.47, ,118.28, ,100.0, 
2015/7/19,18:00,1.5, ,196260, ,127.12, ,122.78, ,100.0, 
2015/7/19,19:00,1.2, ,196260, ,122.86, ,122.98, ,100.0, 
2015/7/19,20:00,1.1, ,196200, ,88.63, ,112.28, ,100.0, 
2015/7/19,21:00,2.2, ,196200, ,112.41, ,112.38, ,100.0, 
2015/7/19,22:00,0.7, ,196200, ,112.39, ,112.28, ,100.0, 
2015/7/19,23:00,0.6, ,196200, ,112.43, ,112.68, ,100.0, 
2015/7/19,24:00,1.1, ,196200, ,112.40, ,112.68, ,100.0, 
2015/7/20,01:00,1.6, ,196260, ,115.87, ,112.36, ,100.0, 
2015/7/20,02:00,7.2, ,196260, ,111.96, ,112.07, ,100.0, 
2015/7/20,03:00,3.6, ,196320, ,129.89, ,116.02, ,100.0, 
2015/7/20,04:00,4.5, ,196380, ,160.16, ,148.38, ,100.0, 
2015/7/20,05:00,4.1, ,196380, ,150.47, ,158.28, ,100.0, 
2015/7/20,06:00,3.5, ,196500, ,213.72, ,194.90, ,100.0, 
2015/7/20,07:00,2.7, ,196560, ,223.69, ,213.98, ,100.0, 
2015/7/20,08:00,1.9, ,196560, ,217.19, ,224.76, ,100.0, 
2015/7/20,09:00,0.4, ,196560, ,224.78, ,224.76, ,100.0, 
2015/7/20,10:00,2.2, ,196560, ,224.76, ,224.86, ,100.0, 
2015/7/20,11:00,2.0, ,196500, ,201.29, ,224.54, ,100.0, 
2015/7/20,12:00,2.0, ,196500, ,168.05, ,173.90, ,100.0, 
2015/7/20,13:00,2.9, ,196560, ,202.21, ,197.42, ,100.0, 
2015/7/20,14:00,3.8, ,196560, ,197.30, ,197.02, ,100.0, 
2015/7/20,15:00,3.2, ,196560, ,197.28, ,197.22, ,100.0, 
2015/7/20,16:00,1.3, ,196560, ,206.43, ,206.68, ,100.0, 
2015/7/20,17:00,1.7, ,196560, ,213.35, ,229.56, ,100.0, 
2015/7/20,18:00,1.3, ,196560, ,232.94, ,232.78, ,100.0, 
2015/7/20,19:00,1.5, ,196560, ,233.05, ,233.28, ,100.0, 
2015/7/20,20:00,1.4, ,196500, ,232.80, ,232.74, ,100.0, 
2015/7/20,21:00,1.5, ,196440, ,205.92, ,232.62, ,100.0, 
2015/7/20,22:00,2.4, ,196320, ,208.53, ,209.86, ,100.0, 
2015/7/20,23:00,3.6, ,196320, ,209.77, ,209.76, ,100.0, 
2015/7/20,24:00,2.3, ,196320, ,209.75, ,209.76, ,100.0, 
2015/7/21,01:00,2.8, ,196380, ,245.25, ,223.98, ,100.0, 
2015/7/21,02:00,2.2, ,196380, ,228.24, ,234.80, ,100.0, 
2015/7/21,03:00,1.4, ,196440, ,265.18, ,249.92, ,100.0, 
2015/7/21,04:00,1.8, ,196440, ,258.90, ,258.90, ,100.0, 
2015/7/21,05:00,1.7, ,196440, ,259.01, ,258.90, ,100.0, 
2015/7/21,06:00,2.3, ,196380, ,246.51, ,258.74, ,100.0, 
2015/7/21,07:00,3.1, ,196320, ,222.40, ,243.78, ,100.0, 
2015/7/21,08:00,2.5, ,196320, ,243.70, ,243.58, ,100.0, 
2015/7/21,09:00,5.2, ,196320, ,243.54, ,243.78, ,100.0, 
2015/7/21,10:00,2.0, ,196380, ,257.14, ,243.74, ,100.0, 
2015/7/21,11:00,3.6, ,196440, ,302.40, ,298.42, ,100.0, 
2015/7/21,12:00,4.0, ,196440, ,298.50, ,298.52, ,100.0, 
2015/7/21,13:00,3.3, ,196500, ,326.56, ,330.26, ,100.0, 
2015/7/21,14:00,2.9, ,196500, ,330.34, ,330.46, ,100.0, 
2015/7/21,15:00,3.2, ,196500, ,330.31, ,330.56, ,100.0, 
2015/7/21,16:00,3.7, ,196560, ,361.33, ,349.44, ,100.0, 
2015/7/21,17:00,6.1, ,196500, ,330.93, ,359.78, ,100.0, 
2015/7/21,18:00,5.3, ,196500, ,359.66, ,359.68, ,100.0, 
2015/7/21,19:00,3.3, ,196500, ,359.67, ,359.68, ,100.0, 
2015/7/21,20:00,1.6, ,196620, ,475.35, ,449.00, ,100.0, 
2015/7/21,21:00,3.5, ,196440, ,447.20, ,447.16, ,100.0, 
2015/7/21,22:00,6.4, ,196260, ,381.70, ,402.54, ,100.0, 
2015/7/21,23:00,5.9, ,196200, ,383.22, ,389.32, ,99.9, 
2015/7/21,24:00,4.8, ,196440, ,494.17, ,479.68, ,100.0, 
2015/7/22,01:00,2.3, ,196560, ,563.22, ,548.12, ,100.0, 
2015/7/22,02:00,2.2, ,196380, ,492.29, ,513.68, ,100.0, 
2015/7/22,03:00,0.3, ,196320, ,433.30, ,444.24, ,99.9, 
2015/7/22,04:00,0.1, ,196200, ,390.42, ,401.12, ,99.9, 
2015/7/22,05:00,0.9, ,196140, ,354.55, ,359.76, ,99.8, 
2015/7/22,06:00,0.9, ,196080, ,310.85, ,319.50, ,99.8, 
2015/7/22,07:00,1.2, ,196020, ,309.36, ,288.44, ,99.8, 
2015/7/22,08:00,0.0, ,196020, ,288.51, ,288.84, ,99.8, 
2015/7/22,09:00,0.3, ,196020, ,278.33, ,276.98, ,99.8, 
2015/7/22,10:00,0.0, ,195960, ,265.49, ,265.62, ,99.7, 
2015/7/22,11:00,0.1, ,195900, ,262.48, ,260.11, ,99.7, 
2015/7/22,12:00,0.4, ,195900, ,239.02, ,239.01, ,99.7, 
2015/7/22,13:00,5.1, ,195840, ,200.18, ,207.06, ,99.7, 
2015/7/22,14:00,0.9, ,195900, ,213.72, ,207.36, ,99.7, 
2015/7/22,15:00,0.5, ,195900, ,207.29, ,207.36, ,99.7, 
2015/7/22,16:00,0.3, ,195960, ,215.16, ,207.48, ,99.7, 
2015/7/22,17:00,0.2, ,195960, ,207.49, ,207.38, ,99.7, 
2015/7/22,18:00,0.1, ,195960, ,174.48, ,172.38, ,99.7, 
2015/7/22,19:00,0.5, ,196020, ,192.39, ,172.54, ,99.8, 
2015/7/22,20:00,2.6, ,196020, ,172.49, ,172.44, ,99.8, 
2015/7/22,21:00,1.9, ,196080, ,198.08, ,172.60, ,99.8, 
2015/7/22,22:00,1.3, ,196080, ,172.66, ,172.80, ,99.8, 
2015/7/22,23:00,0.7, ,196080, ,172.65, ,172.50, ,99.8, 
2015/7/22,24:00,0.0, ,196140, ,197.31, ,172.86, ,100.0, 
2015/7/23,01:00,0.0, ,196140, ,172.76, ,172.86, ,100.0, 
2015/7/23,02:00,0.1, ,196140, ,172.85, ,172.96, ,100.0, 
2015/7/23,03:00,0.2, ,196140, ,172.82, ,172.76, ,100.0, 
2015/7/23,04:00,0.0, ,196080, ,136.30, ,161.78, ,100.0, 
2015/7/23,05:00,4.3, ,196080, ,160.59, ,149.80, ,100.0, 
2015/7/23,06:00,3.0, ,196080, ,149.77, ,149.70, ,100.0, 
2015/7/23,07:00,0.5, ,196080, ,149.81, ,149.70, ,100.0, 
2015/7/23,08:00,0.5, ,196080, ,149.85, ,149.90, ,100.0, 
2015/7/23,09:00,0.3, ,196080, ,149.80, ,149.90, ,100.0, 
2015/7/23,10:00,0.6, ,196080, ,149.89, ,149.80, ,100.0, 
2015/7/23,11:00,0.9, ,196080, ,149.76, ,149.70, ,100.0, 
2015/7/23,12:00,0.0, ,196080, ,149.72, ,150.00, ,100.0, 
2015/7/23,13:00,0.0, ,196020, ,134.16, ,149.76, ,99.9, 
2015/7/23,14:00,0.0, ,195960, ,119.45, ,124.84, ,99.9, 
2015/7/23,15:00,0.0, ,195960, ,124.79, ,125.04, ,99.9, 
2015/7/23,16:00,0.0, ,195960, ,100.56, ,100.64, ,99.9, 
2015/7/23,17:00,0.0, ,195960, ,100.59, ,100.64, ,99.9, 
2015/7/23,18:00,0.0, ,195960, ,83.99, ,83.86, ,99.9, 
2015/7/23,19:00,0.0, ,196020, ,104.06, ,84.10, ,99.9, 
2015/7/23,20:00,0.0, ,196080, ,109.62, ,83.92, ,100.0, 
2015/7/23,21:00,0.0, ,196140, ,97.37, ,83.96, ,100.0, 
2015/7/23,22:00,0.0, ,196200, ,117.83, ,94.84, ,100.0, 
2015/7/23,23:00,0.0, ,196200, ,94.79, ,95.04, ,100.0, 
2015/7/23,24:00,0.0, ,196200, ,94.76, ,94.84, ,100.0, 
2015/7/24,01:00,0.0, ,196200, ,94.84, ,95.04, ,100.0, 
2015/7/24,02:00,0.0, ,196200, ,94.79, ,94.94, ,100.0, 
2015/7/24,03:00,0.0, ,196200, ,94.70, ,94.54, ,100.0, 
2015/7/24,04:00,0.0, ,196200, ,94.78, ,94.94, ,100.0, 
2015/7/24,05:00,0.0, ,196200, ,94.75, ,94.54, ,100.0, 
2015/7/24,06:00,0.0, ,196140, ,88.08, ,94.90, ,100.0, 
2015/7/24,07:00,0.0, ,196140, ,94.67, ,94.70, ,100.0, 
2015/7/24,08:00,0.0, ,196080, ,70.59, ,90.20, ,99.9, 
2015/7/24,09:00,0.0, ,196080, ,89.98, ,89.80, ,99.9, 
2015/7/24,10:00,0.0, ,196080, ,89.98, ,89.90, ,99.9, 
2015/7/24,11:00,0.2, ,196020, ,57.42, ,69.52, ,99.9, 
2015/7/24,12:00,0.0, ,196020, ,69.45, ,60.88, ,99.9, 
2015/7/24,13:00,0.0, ,196080, ,75.50, ,61.08, ,99.9, 
2015/7/24,14:00,0.0, ,196140, ,93.33, ,61.09, ,100.0, 
2015/7/24,15:00,0.0, ,196200, ,76.63, ,60.79, ,100.0, 
2015/7/24,16:00,0.0, ,196200, ,60.82, ,60.79, ,100.0, 
2015/7/24,17:00,0.0, ,196260, ,85.28, ,60.79, ,100.0, 
2015/7/24,18:00,0.0, ,196260, ,60.81, ,60.79, ,100.0, 
2015/7/24,19:00,0.0, ,196260, ,60.82, ,60.89, ,100.0, 
2015/7/24,20:00,0.0, ,196260, ,60.87, ,61.09, ,100.0, 
2015/7/24,21:00,0.0, ,196260, ,60.81, ,60.89, ,100.0, 
2015/7/24,22:00,0.0, ,196260, ,60.92, ,60.99, ,100.0, 
2015/7/24,23:00,0.0, ,196260, ,60.84, ,60.99, ,100.0, 
2015/7/24,24:00,0.0, ,196260, ,60.94, ,60.79, ,100.0, 
2015/7/25,01:00,0.0, ,196260, ,60.98, ,60.89, ,100.0, 
2015/7/25,02:00,0.0, ,196260, ,60.98, ,61.09, ,100.0, 
2015/7/25,03:00,0.0, ,196260, ,60.93, ,60.89, ,100.0, 
2015/7/25,04:00,0.0, ,196260, ,61.00, ,61.09, ,100.0, 
2015/7/25,05:00,0.0, ,196200, ,28.84, ,59.15, ,100.0, 
2015/7/25,06:00,0.0, ,196200, ,59.12, ,59.15, ,100.0, 
2015/7/25,07:00,0.0, ,196200, ,59.08, ,59.15, ,100.0, 
2015/7/25,08:00,0.0, ,196200, ,59.16, ,59.25, ,100.0, 
2015/7/25,09:00,0.0, ,196140, ,28.72, ,57.30, ,99.9, 
2015/7/25,10:00,0.0, ,196140, ,57.30, ,57.40, ,99.9, 
2015/7/25,11:00,0.0, ,196140, ,57.34, ,57.40, ,99.9, 
2015/7/25,12:00,0.0, ,196080, ,27.34, ,57.50, ,99.9, 
2015/7/25,13:00,0.0, ,196080, ,57.29, ,57.30, ,99.9, 
2015/7/25,14:00,0.0, ,196020, ,32.91, ,57.40, ,99.9, 
2015/7/25,15:00,0.0, ,196020, ,57.37, ,57.50, ,99.9, 
2015/7/25,16:00,0.0, ,195960, ,37.36, ,57.30, ,99.8, 
2015/7/25,17:00,0.0, ,195900, ,37.33, ,57.40, ,99.8, 
2015/7/25,18:00,0.0, ,195900, ,57.35, ,57.40, ,99.8, 
2015/7/25,19:00,0.0, ,195840, ,36.23, ,57.40, ,99.8, 
2015/7/25,20:00,0.0, ,195780, ,34.03, ,57.30, ,99.7, 
2015/7/25,21:00,0.0, ,195720, ,46.20, ,57.30, ,99.7, 
2015/7/25,22:00,0.0, ,195660, ,30.63, ,57.20, ,99.7, 
2015/7/25,23:00,0.0, ,195600, ,29.55, ,57.40, ,99.6, 
2015/7/25,24:00,0.0, ,195540, ,29.56, ,57.30, ,100.0, 
2015/7/26,01:00,0.0, ,195480, ,45.18, ,57.20, ,100.0, 
2015/7/26,02:00,0.0, ,195360, ,39.63, ,57.20, ,99.9, 
2015/7/26,03:00,0.0, ,195300, ,29.65, ,57.30, ,99.9, 
2015/7/26,04:00,0.0, ,195240, ,24.16, ,57.40, ,99.8, 
2015/7/26,05:00,0.0, ,195120, ,39.63, ,57.30, ,99.8, 
2015/7/26,06:00,0.0, ,195060, ,35.19, ,57.30, ,99.7, 
2015/7/26,07:00,0.0, ,195000, ,30.79, ,57.30, ,99.7, 
2015/7/26,08:00,0.0, ,194880, ,39.64, ,57.50, ,99.6, 
2015/7/26,09:00,0.0, ,194820, ,26.42, ,57.30, ,99.6, 
2015/7/26,10:00,0.0, ,194700, ,37.51, ,57.50, ,99.5, 
2015/7/26,11:00,0.0, ,194640, ,33.09, ,57.40, ,99.5, 
2015/7/26,12:00,0.0, ,194520, ,37.51, ,57.70, ,99.4, 
2015/7/26,13:00,0.1, ,194460, ,25.35, ,57.50, ,99.4, 
2015/7/26,14:00,0.0, ,194340, ,39.75, ,57.60, ,99.3, 
2015/7/26,15:00,0.3, ,194280, ,30.91, ,57.60, ,99.3, 
2015/7/26,16:00,0.9, ,194160, ,22.66, ,57.50, ,99.2, 
2015/7/26,17:00,2.8, ,194100, ,29.79, ,57.40, ,99.2, 
2015/7/26,18:00,1.9, ,194040, ,34.27, ,57.70, ,99.1, 
2015/7/26,19:00,3.3, ,193920, ,39.95, ,57.60, ,99.1, 
2015/7/26,20:00,4.0, ,193920, ,57.64, ,57.60, ,99.1, 
2015/7/26,21:00,3.5, ,193860, ,50.98, ,57.60, ,99.0, 
2015/7/26,22:00,0.3, ,193860, ,57.59, ,57.60, ,99.0, 
2015/7/26,23:00,0.0, ,193800, ,32.13, ,57.70, ,99.0, 
2015/7/26,24:00,0.1, ,193800, ,57.58, ,57.60, ,100.0, 
2015/7/27,01:00,0.9, ,193750, ,44.32, ,57.40, ,100.0, 
2015/7/27,02:00,0.5, ,193750, ,57.61, ,57.40, ,100.0, 
2015/7/27,03:00,0.0, ,193690, ,42.06, ,57.60, ,99.9, 
2015/7/27,04:00,0.0, ,193630, ,34.33, ,57.60, ,99.9, 
2015/7/27,05:00,0.0, ,193570, ,44.36, ,57.80, ,99.9, 
2015/7/27,06:00,0.0, ,193510, ,35.56, ,57.80, ,99.8, 
2015/7/27,07:00,0.1, ,193450, ,41.12, ,57.80, ,99.8, 
2015/7/27,08:00,0.8, ,193330, ,43.32, ,57.70, ,99.7, 
2015/7/27,09:00,0.2, ,193270, ,34.46, ,57.70, ,99.7, 
2015/7/27,10:00,0.1, ,193210, ,32.26, ,57.50, ,99.7, 
2015/7/27,11:00,0.3, ,193150, ,49.87, ,57.90, ,99.6, 
2015/7/27,12:00,0.1, ,193030, ,35.71, ,57.80, ,99.6, 
2015/7/27,13:00,0.0, ,192970, ,35.48, ,57.50, ,99.5, 
2015/7/27,14:00,0.0, ,192850, ,32.68, ,57.80, ,99.5, 
2015/7/27,15:00,0.0, ,192790, ,35.24, ,57.90, ,99.4, 
2015/7/27,16:00,0.0, ,192670, ,31.96, ,57.90, ,99.3, 
2015/7/27,17:00,0.0, ,192610, ,33.35, ,57.80, ,99.3, 
2015/7/27,18:00,0.0, ,192550, ,36.33, ,57.70, ,99.3, 
2015/7/27,19:00,0.0, ,192440, ,34.94, ,57.80, ,99.2, 
2015/7/27,20:00,0.0, ,192380, ,35.50, ,57.70, ,99.2, 
2015/7/27,21:00,0.0, ,192260, ,35.49, ,57.80, ,99.1, 
2015/7/27,22:00,0.0, ,192200, ,32.76, ,57.70, ,99.1, 
2015/7/27,23:00,0.0, ,192080, ,35.24, ,57.80, ,99.0, 
2015/7/27,24:00,0.0, ,192020, ,30.31, ,57.90, ,100.0, 
2015/7/28,01:00,0.0, ,191900, ,35.54, ,57.90, ,99.9, 
2015/7/28,02:00,0.0, ,191840, ,30.90, ,58.10, ,99.9, 
2015/7/28,03:00,0.0, ,191720, ,33.14, ,57.80, ,99.8, 
2015/7/28,04:00,0.0, ,191660, ,33.14, ,57.70, ,99.8, 
2015/7/28,05:00,0.0, ,191550, ,30.68, ,57.90, ,99.7, 
2015/7/28,06:00,0.0, ,191490, ,32.63, ,57.80, ,99.7, 
2015/7/28,07:00,0.0, ,191370, ,30.75, ,57.70, ,99.6, 
2015/7/28,08:00,0.0, ,191250, ,31.12, ,58.00, ,99.6, 
2015/7/28,09:00,0.0, ,191190, ,32.52, ,57.90, ,99.5, 
2015/7/28,10:00,0.0, ,191070, ,32.26, ,58.10, ,99.5, 
2015/7/28,11:00,0.0, ,191010, ,32.90, ,58.10, ,99.4, 
2015/7/28,12:00,0.0, ,190900, ,30.45, ,58.20, ,99.4, 
2015/7/28,13:00,0.0, ,190780, ,33.17, ,58.00, ,99.3, 
2015/7/28,14:00,0.0, ,190720, ,29.35, ,58.10, ,99.2, 
2015/7/28,15:00,0.0, ,190600, ,30.49, ,58.10, ,99.2, 
2015/7/28,16:00,0.0, ,190480, ,26.11, ,58.10, ,99.1, 
2015/7/28,17:00,0.0, ,190360, ,30.51, ,58.00, ,99.0, 
2015/7/28,18:00,0.0, ,190310, ,31.00, ,58.00, ,99.0, 
2015/7/28,19:00,0.0, ,190190, ,30.44, ,58.10, ,98.9, 
2015/7/28,20:00,0.0, ,190070, ,31.57, ,57.90, ,98.9, 
2015/7/28,21:00,0.0, ,190010, ,29.35, ,58.00, ,98.8, 
2015/7/28,22:00,0.0, ,189830, ,26.13, ,58.00, ,98.7, 
2015/7/28,23:00,0.0, ,189770, ,25.64, ,58.10, ,98.7, 
2015/7/28,24:00,0.0, ,189660, ,30.29, ,58.00, ,100.0, 
2015/7/29,01:00,0.0, ,189540, ,31.38, ,58.20, ,99.9, 
2015/7/29,02:00,0.0, ,189480, ,29.23, ,58.10, ,99.9, 
2015/7/29,03:00,0.0, ,189300, ,25.44, ,58.10, ,99.8, 
2015/7/29,04:00,0.0, ,189250, ,26.82, ,58.40, ,99.8, 
2015/7/29,05:00,0.0, ,189130, ,30.92, ,58.00, ,99.7, 
2015/7/29,06:00,0.0, ,189010, ,26.83, ,58.20, ,99.6, 
2015/7/29,07:00,0.0, ,188890, ,24.53, ,58.30, ,99.6, 
2015/7/29,08:00,0.0, ,188770, ,30.00, ,58.30, ,99.5, 
2015/7/29,09:00,0.0, ,188660, ,25.67, ,58.30, ,99.4, 
2015/7/29,10:00,0.0, ,188540, ,28.64, ,58.40, ,99.4, 
2015/7/29,11:00,0.0, ,188480, ,27.85, ,58.40, ,99.3, 
2015/7/29,12:00,0.0, ,188360, ,28.44, ,58.40, ,99.2, 
2015/7/29,13:00,0.0, ,188250, ,24.10, ,58.20, ,99.2, 
2015/7/29,14:00,0.0, ,188130, ,28.43, ,58.40, ,99.1, 
2015/7/29,15:00,0.0, ,188010, ,28.43, ,58.30, ,99.0, 
2015/7/29,16:00,0.0, ,187890, ,26.83, ,58.40, ,99.0, 
2015/7/29,17:00,0.0, ,187780, ,27.91, ,58.70, ,98.9, 
2015/7/29,18:00,0.0, ,187660, ,24.12, ,58.30, ,98.8, 
2015/7/29,19:00,0.0, ,187540, ,27.65, ,58.30, ,98.8, 
2015/7/29,20:00,0.0, ,187420, ,22.82, ,45.20, ,98.7, 
2015/7/29,21:00,0.0, ,187420, ,23.91, ,20.80, ,98.7, 
2015/7/29,22:00,0.0, ,187420, ,20.80, ,20.80, ,98.7, 
2015/7/29,23:00,0.0, ,187420, ,20.82, ,21.00, ,98.7, 
2015/7/29,24:00,0.0, ,187420, ,20.95, ,20.90, ,100.0, 
2015/7/30,01:00,0.0, ,187420, ,20.96, ,20.90, ,100.0, 
2015/7/30,02:00,0.0, ,187420, ,19.82, ,18.00, ,100.0, 
2015/7/30,03:00,0.0, ,187370, ,17.47, ,27.90, ,100.0, 
2015/7/30,04:00,0.0, ,187310, ,20.65, ,39.00, ,99.9, 
2015/7/30,05:00,0.0, ,187250, ,22.97, ,38.70, ,99.9, 
2015/7/30,06:00,0.0, ,187250, ,13.89, ,18.30, ,99.9, 
2015/7/30,07:00,0.0, ,187250, ,18.23, ,18.20, ,99.9, 
2015/7/30,08:00,0.0, ,187250, ,18.17, ,21.00, ,99.9, 
2015/7/30,09:00,0.0, ,187190, ,25.29, ,47.20, ,99.9, 
2015/7/30,10:00,0.0, ,187070, ,25.23, ,58.30, ,99.8, 
2015/7/30,11:00,0.0, ,186900, ,19.77, ,58.40, ,99.7, 
2015/7/30,12:00,0.0, ,186780, ,22.69, ,46.40, ,99.6, 
2015/7/30,13:00,0.0, ,186780, ,18.61, ,33.90, ,99.6, 
2015/7/30,14:00,0.0, ,186660, ,20.08, ,58.80, ,99.6, 
2015/7/30,15:00,0.0, ,186490, ,25.16, ,58.40, ,99.5, 
2015/7/30,16:00,0.0, ,186370, ,22.22, ,58.40, ,99.4, 
2015/7/30,17:00,0.0, ,186250, ,18.77, ,58.90, ,99.3, 
2015/7/30,18:00,0.0, ,186140, ,22.39, ,58.80, ,99.3, 
2015/7/30,19:00,0.0, ,185960, ,20.89, ,58.90, ,99.2, 
2015/7/30,20:00,0.0, ,185850, ,21.20, ,58.70, ,99.1, 
2015/7/30,21:00,0.0, ,185730, ,20.94, ,58.80, ,99.0, 
2015/7/30,22:00,0.0, ,185610, ,18.92, ,47.30, ,99.0, 
2015/7/30,23:00,0.0, ,185610, ,24.91, ,21.00, ,99.0, 
2015/7/30,24:00,0.0, ,185550, ,10.15, ,20.90, ,100.0, 
2015/7/31,01:00,0.0, ,185550, ,15.55, ,21.00, ,100.0, 
2015/7/31,02:00,0.0, ,185550, ,19.87, ,18.20, ,100.0, 
2015/7/31,03:00,0.0, ,185550, ,18.22, ,18.40, ,100.0, 
2015/7/31,04:00,0.0, ,185440, ,11.43, ,39.10, ,99.9, 
2015/7/31,05:00,0.0, ,185380, ,14.53, ,39.20, ,99.9, 
2015/7/31,06:00,0.0, ,185320, ,11.69, ,18.20, ,99.9, 
2015/7/31,07:00,0.0, ,185320, ,12.24, ,18.20, ,99.9, 
2015/7/31,08:00,0.0, ,185260, ,7.68, ,18.30, ,99.8, 
2015/7/31,09:00,0.0, ,185150, ,12.78, ,39.00, ,99.8, 
2015/7/31,10:00,0.0, ,185030, ,11.57, ,59.00, ,99.7, 
2015/7/31,11:00,0.0, ,184850, ,18.72, ,59.00, ,99.6, 
2015/7/31,12:00,0.0, ,184740, ,19.01, ,46.10, ,99.5, 
2015/7/31,13:00,0.0, ,184740, ,21.60, ,21.10, ,99.5, 
2015/7/31,14:00,0.0, ,184680, ,4.87, ,21.00, ,99.5, 
2015/7/31,15:00,0.0, ,184680, ,19.93, ,18.40, ,99.5, 
2015/7/31,16:00,0.0, ,184620, ,23.62, ,39.40, ,99.5, 
2015/7/31,17:00,0.0, ,184510, ,20.79, ,58.80, ,99.4, 
2015/7/31,18:00,0.0, ,184330, ,20.31, ,58.80, ,99.3, 
2015/7/31,19:00,0.0, ,184210, ,18.17, ,59.00, ,99.2, 
2015/7/31,20:00,0.0, ,184040, ,19.59, ,58.80, ,99.1, 
2015/7/31,21:00,0.0, ,183920, ,18.81, ,45.50, ,99.1, 
2015/7/31,22:00,0.0, ,183870, ,20.70, ,21.20, ,99.0, 
2015/7/31,23:00,0.0, ,183870, ,5.57, ,21.10, ,99.0, 
2015/7/31,24:00,0.0, ,183870, ,19.97, ,18.10, ,100.0, 
