îCà”ä˙ä‘É_ÉÄèîó åüçıåãâ 
êÖånñº,ãgñÏêÏ
âÕêÏñº,ãgñÏêÏ
äœë™èäñº,ëÅñæâYÉ_ÉÄÅiã@ç\Åj
äœë™èäãLçÜ,1368080700010
#
#îNåéì˙,éûçè,ó¨àÊïΩãœâJó ,ó¨àÊïΩãœâJó ëÆê´,íôêÖó ,íôêÖó ëÆê´,ó¨ì¸ó ,ó¨ì¸ó ëÆê´,ï˙ó¨ó ,ï˙ó¨ó ëÆê´,íôêÖó¶,íôêÖó¶ëÆê´
#ëÆê´Å@$:åáë™ -:ñ¢éÛêM
#
2017/6/1,01:00,0.0, ,151710, ,4.10, ,18.80, ,90.8, 
2017/6/1,02:00,0.0, ,151660, ,5.54, ,40.30, ,90.8, 
2017/6/1,03:00,0.0, ,151500, ,1.56, ,54.50, ,90.7, 
2017/6/1,04:00,0.0, ,151290, ,7.42, ,62.40, ,90.6, 
2017/6/1,05:00,0.0, ,151090, ,5.52, ,62.40, ,90.5, 
2017/6/1,06:00,0.0, ,150880, ,5.31, ,44.20, ,90.4, 
2017/6/1,07:00,0.0, ,150780, ,6.95, ,27.80, ,90.4, 
2017/6/1,08:00,0.0, ,150670, ,4.04, ,23.40, ,90.4, 
2017/6/1,09:00,0.0, ,150570, ,5.38, ,30.10, ,90.3, 
2017/6/1,10:00,0.0, ,150470, ,2.52, ,33.30, ,90.3, 
2017/6/1,11:00,0.0, ,150410, ,6.96, ,31.10, ,90.3, 
2017/6/1,12:00,0.0, ,150310, ,10.54, ,26.50, ,90.3, 
2017/6/1,13:00,0.0, ,150310, ,7.98, ,36.00, ,90.3, 
2017/6/1,14:00,0.0, ,150210, ,8.18, ,38.80, ,90.3, 
2017/6/1,15:00,0.0, ,150050, ,10.71, ,45.70, ,90.2, 
2017/6/1,16:00,0.0, ,149950, ,10.21, ,54.60, ,90.2, 
2017/6/1,17:00,0.0, ,149740, ,11.22, ,62.70, ,90.1, 
2017/6/1,18:00,0.0, ,149590, ,13.47, ,62.70, ,90.1, 
2017/6/1,19:00,0.0, ,149380, ,13.26, ,62.80, ,90.0, 
2017/6/1,20:00,0.0, ,149230, ,12.39, ,62.80, ,89.9, 
2017/6/1,21:00,0.0, ,149020, ,11.04, ,50.10, ,89.8, 
2017/6/1,22:00,0.3, ,148920, ,13.42, ,40.20, ,89.8, 
2017/6/1,23:00,0.0, ,148810, ,9.24, ,28.10, ,89.8, 
2017/6/1,24:00,0.0, ,148760, ,3.40, ,21.10, ,89.8, 
2017/6/2,01:00,0.0, ,148710, ,4.25, ,19.20, ,89.8, 
2017/6/2,02:00,0.0, ,148610, ,6.40, ,40.70, ,89.7, 
2017/6/2,03:00,0.0, ,148450, ,3.46, ,54.10, ,89.7, 
2017/6/2,04:00,0.0, ,148250, ,5.19, ,61.40, ,89.6, 
2017/6/2,05:00,0.0, ,148090, ,5.79, ,61.20, ,89.5, 
2017/6/2,06:00,0.0, ,147890, ,3.81, ,43.70, ,89.4, 
2017/6/2,07:00,0.0, ,147730, ,2.27, ,28.50, ,89.4, 
2017/6/2,08:00,0.0, ,147680, ,5.11, ,24.00, ,89.4, 
2017/6/2,09:00,0.0, ,147580, ,4.02, ,32.20, ,89.3, 
2017/6/2,10:00,0.0, ,147480, ,3.43, ,27.60, ,89.3, 
2017/6/2,11:00,0.0, ,147430, ,7.36, ,20.70, ,89.3, 
2017/6/2,12:00,0.0, ,147370, ,10.46, ,20.50, ,89.3, 
2017/6/2,13:00,0.0, ,147320, ,8.75, ,27.10, ,89.3, 
2017/6/2,14:00,0.0, ,147220, ,6.66, ,37.80, ,89.3, 
2017/6/2,15:00,0.0, ,147070, ,9.04, ,49.00, ,89.2, 
2017/6/2,16:00,0.0, ,146970, ,9.03, ,49.20, ,89.2, 
2017/6/2,17:00,0.0, ,146810, ,10.53, ,55.70, ,89.1, 
2017/6/2,18:00,0.0, ,146610, ,10.05, ,55.90, ,89.1, 
2017/6/2,19:00,0.0, ,146450, ,9.87, ,55.70, ,89.0, 
2017/6/2,20:00,0.0, ,146300, ,13.62, ,58.10, ,88.9, 
2017/6/2,21:00,0.0, ,146150, ,10.79, ,52.50, ,88.9, 
2017/6/2,22:00,0.0, ,145990, ,10.51, ,40.40, ,88.8, 
2017/6/2,23:00,0.0, ,145890, ,8.69, ,28.20, ,88.8, 
2017/6/2,24:00,0.0, ,145840, ,5.38, ,20.90, ,88.8, 
2017/6/3,01:00,0.0, ,145790, ,5.92, ,20.90, ,88.8, 
2017/6/3,02:00,0.0, ,145690, ,3.65, ,40.90, ,88.8, 
2017/6/3,03:00,0.0, ,145540, ,4.40, ,54.30, ,88.7, 
2017/6/3,04:00,0.0, ,145330, ,4.95, ,62.00, ,88.6, 
2017/6/3,05:00,0.0, ,145130, ,5.20, ,61.90, ,88.5, 
2017/6/3,06:00,0.0, ,144930, ,4.77, ,44.40, ,88.4, 
2017/6/3,07:00,0.0, ,144830, ,5.52, ,26.70, ,88.4, 
2017/6/3,08:00,0.0, ,144720, ,3.11, ,25.00, ,88.4, 
2017/6/3,09:00,0.0, ,144620, ,2.61, ,32.20, ,88.3, 
2017/6/3,10:00,0.0, ,144520, ,3.97, ,27.40, ,88.3, 
2017/6/3,11:00,0.0, ,144470, ,9.18, ,19.40, ,88.3, 
2017/6/3,12:00,0.0, ,144420, ,7.67, ,19.40, ,88.3, 
2017/6/3,13:00,0.0, ,144370, ,5.24, ,44.50, ,88.3, 
2017/6/3,14:00,0.0, ,144270, ,8.40, ,50.40, ,88.3, 
2017/6/3,15:00,0.0, ,144070, ,9.33, ,58.10, ,88.2, 
2017/6/3,16:00,0.0, ,143910, ,10.38, ,61.70, ,88.1, 
2017/6/3,17:00,0.0, ,143710, ,8.58, ,63.10, ,88.0, 
2017/6/3,18:00,0.0, ,143510, ,9.97, ,63.00, ,87.9, 
2017/6/3,19:00,0.0, ,143310, ,9.18, ,63.00, ,87.9, 
2017/6/3,20:00,0.0, ,143110, ,10.58, ,62.90, ,87.8, 
2017/6/3,21:00,0.0, ,142910, ,8.14, ,57.70, ,87.7, 
2017/6/3,22:00,0.0, ,142760, ,8.15, ,45.10, ,87.6, 
2017/6/3,23:00,0.0, ,142660, ,6.30, ,26.60, ,87.6, 
2017/6/3,24:00,0.0, ,142610, ,3.51, ,21.30, ,87.6, 
2017/6/4,01:00,0.0, ,142510, ,4.81, ,19.40, ,87.6, 
2017/6/4,02:00,0.0, ,142460, ,3.11, ,41.10, ,87.6, 
2017/6/4,03:00,0.0, ,142310, ,2.09, ,54.90, ,87.5, 
2017/6/4,04:00,0.0, ,142050, ,4.44, ,62.10, ,87.4, 
2017/6/4,05:00,0.0, ,141900, ,5.64, ,62.00, ,87.3, 
2017/6/4,06:00,0.0, ,141650, ,5.14, ,62.00, ,87.2, 
2017/6/4,07:00,0.0, ,141450, ,4.80, ,36.20, ,87.1, 
2017/6/4,08:00,0.0, ,141300, ,3.89, ,35.20, ,87.0, 
2017/6/4,09:00,0.0, ,141210, ,4.56, ,33.50, ,87.0, 
2017/6/4,10:00,0.0, ,141110, ,4.50, ,28.60, ,87.0, 
2017/6/4,11:00,0.0, ,141060, ,8.54, ,19.60, ,87.0, 
2017/6/4,12:00,0.0, ,141010, ,4.58, ,19.60, ,87.0, 
2017/6/4,13:00,0.0, ,141010, ,9.01, ,27.10, ,87.0, 
2017/6/4,14:00,0.0, ,140910, ,8.94, ,43.00, ,87.0, 
2017/6/4,15:00,0.0, ,140760, ,9.92, ,54.30, ,86.9, 
2017/6/4,16:00,0.0, ,140560, ,7.36, ,62.30, ,86.8, 
2017/6/4,17:00,0.0, ,140360, ,11.46, ,62.20, ,86.7, 
2017/6/4,18:00,0.0, ,140160, ,9.43, ,63.10, ,86.6, 
2017/6/4,19:00,0.0, ,139960, ,10.24, ,63.00, ,86.5, 
2017/6/4,20:00,0.0, ,139810, ,9.64, ,63.00, ,86.5, 
2017/6/4,21:00,0.0, ,139560, ,8.56, ,57.70, ,86.4, 
2017/6/4,22:00,0.0, ,139410, ,6.50, ,45.30, ,86.3, 
2017/6/4,23:00,0.0, ,139320, ,6.00, ,28.40, ,86.3, 
2017/6/4,24:00,0.0, ,139220, ,4.20, ,21.50, ,86.2, 
2017/6/5,01:00,0.0, ,139170, ,2.92, ,19.40, ,86.2, 
2017/6/5,02:00,0.0, ,139070, ,3.86, ,41.20, ,86.1, 
2017/6/5,03:00,0.0, ,138920, ,2.30, ,55.00, ,86.0, 
2017/6/5,04:00,0.0, ,138720, ,3.58, ,62.50, ,85.9, 
2017/6/5,05:00,0.0, ,138520, ,5.30, ,62.50, ,85.8, 
2017/6/5,06:00,0.0, ,138280, ,5.28, ,62.50, ,85.6, 
2017/6/5,07:00,0.0, ,138080, ,4.38, ,36.00, ,85.5, 
2017/6/5,08:00,0.0, ,137930, ,3.99, ,35.50, ,85.4, 
2017/6/5,09:00,0.0, ,137830, ,3.11, ,35.60, ,85.3, 
2017/6/5,10:00,0.0, ,137730, ,5.84, ,28.60, ,85.2, 
2017/6/5,11:00,0.0, ,137680, ,5.28, ,19.60, ,85.2, 
2017/6/5,12:00,0.0, ,137630, ,10.01, ,19.60, ,85.2, 
2017/6/5,13:00,0.0, ,137590, ,7.04, ,24.10, ,85.1, 
2017/6/5,14:00,0.0, ,137490, ,7.99, ,37.40, ,85.1, 
2017/6/5,15:00,0.0, ,137390, ,7.96, ,55.40, ,85.0, 
2017/6/5,16:00,0.0, ,137190, ,7.38, ,62.60, ,84.9, 
2017/6/5,17:00,0.0, ,136990, ,8.12, ,62.30, ,84.7, 
2017/6/5,18:00,0.0, ,136800, ,8.13, ,62.40, ,84.6, 
2017/6/5,19:00,0.0, ,136600, ,7.87, ,62.30, ,84.5, 
2017/6/5,20:00,0.0, ,136400, ,7.74, ,63.00, ,84.3, 
2017/6/5,21:00,0.0, ,136160, ,6.32, ,63.00, ,84.2, 
2017/6/5,22:00,0.0, ,135960, ,6.88, ,54.70, ,84.0, 
2017/6/5,23:00,0.0, ,135820, ,5.03, ,26.00, ,83.9, 
2017/6/5,24:00,0.0, ,135720, ,5.14, ,21.40, ,83.9, 
2017/6/6,01:00,0.0, ,135670, ,3.28, ,21.40, ,83.8, 
2017/6/6,02:00,0.0, ,135570, ,3.50, ,35.70, ,83.8, 
2017/6/6,03:00,0.0, ,135430, ,3.78, ,54.70, ,83.7, 
2017/6/6,04:00,0.0, ,135230, ,4.26, ,61.30, ,83.5, 
2017/6/6,05:00,0.0, ,135030, ,4.33, ,61.10, ,83.4, 
2017/6/6,06:00,0.0, ,134790, ,4.69, ,61.10, ,83.2, 
2017/6/6,07:00,0.0, ,134600, ,4.81, ,61.20, ,83.1, 
2017/6/6,08:00,0.0, ,134400, ,5.23, ,38.40, ,83.0, 
2017/6/6,09:00,0.0, ,134260, ,3.31, ,35.70, ,82.9, 
2017/6/6,10:00,0.0, ,134160, ,4.50, ,30.60, ,82.8, 
2017/6/6,11:00,0.0, ,134110, ,4.71, ,19.50, ,82.8, 
2017/6/6,12:00,0.0, ,134060, ,8.73, ,19.50, ,82.7, 
2017/6/6,13:00,0.0, ,134010, ,4.90, ,24.20, ,82.7, 
2017/6/6,14:00,0.0, ,133920, ,6.62, ,55.60, ,82.6, 
2017/6/6,15:00,0.0, ,133720, ,12.45, ,61.50, ,82.5, 
2017/6/6,16:00,0.0, ,133530, ,9.02, ,61.50, ,82.4, 
2017/6/6,17:00,0.0, ,133330, ,8.75, ,61.40, ,82.2, 
2017/6/6,18:00,0.0, ,133140, ,9.77, ,62.90, ,82.1, 
2017/6/6,19:00,0.0, ,132950, ,7.10, ,62.80, ,82.0, 
2017/6/6,20:00,0.0, ,132750, ,7.77, ,62.70, ,81.8, 
2017/6/6,21:00,0.0, ,132560, ,6.24, ,62.80, ,81.7, 
2017/6/6,22:00,0.0, ,132320, ,6.54, ,21.50, ,81.6, 
2017/6/6,23:00,0.0, ,132270, ,3.23, ,21.60, ,81.5, 
2017/6/6,24:00,0.0, ,132180, ,2.82, ,19.50, ,81.5, 
2017/6/7,01:00,1.5, ,132130, ,4.24, ,19.40, ,81.4, 
2017/6/7,02:00,1.3, ,132080, ,5.53, ,24.20, ,81.4, 
2017/6/7,03:00,0.7, ,131930, ,1.45, ,55.90, ,81.3, 
2017/6/7,04:00,0.4, ,131740, ,4.30, ,61.40, ,81.2, 
2017/6/7,05:00,2.3, ,131500, ,5.31, ,49.10, ,81.0, 
2017/6/7,06:00,1.8, ,131410, ,3.99, ,29.90, ,80.9, 
2017/6/7,07:00,2.4, ,131310, ,6.31, ,20.30, ,80.9, 
2017/6/7,08:00,4.8, ,131260, ,3.63, ,44.70, ,80.8, 
2017/6/7,09:00,5.7, ,131120, ,8.49, ,50.50, ,80.7, 
2017/6/7,10:00,3.3, ,130970, ,12.59, ,50.60, ,80.6, 
2017/6/7,11:00,3.1, ,130830, ,12.83, ,50.60, ,80.5, 
2017/6/7,12:00,2.1, ,130730, ,17.56, ,50.50, ,80.5, 
2017/6/7,13:00,3.2, ,130640, ,16.40, ,50.60, ,80.4, 
2017/6/7,14:00,4.2, ,130500, ,18.83, ,50.50, ,80.3, 
2017/6/7,15:00,5.7, ,130400, ,19.06, ,50.60, ,80.2, 
2017/6/7,16:00,9.7, ,130300, ,25.50, ,50.60, ,80.2, 
2017/6/7,17:00,4.8, ,130210, ,29.80, ,50.60, ,80.1, 
2017/6/7,18:00,3.1, ,130160, ,26.66, ,38.90, ,80.1, 
2017/6/7,19:00,2.1, ,130160, ,34.68, ,29.70, ,80.1, 
2017/6/7,20:00,0.5, ,130210, ,27.17, ,19.80, ,80.1, 
2017/6/7,21:00,0.6, ,130260, ,38.75, ,19.70, ,80.1, 
2017/6/7,22:00,0.9, ,130350, ,38.72, ,19.70, ,80.2, 
2017/6/7,23:00,0.7, ,130400, ,39.81, ,19.60, ,80.2, 
2017/6/7,24:00,0.8, ,130450, ,36.09, ,19.70, ,80.3, 
2017/6/8,01:00,0.8, ,130500, ,34.98, ,19.70, ,80.3, 
2017/6/8,02:00,0.3, ,130540, ,28.11, ,19.80, ,80.3, 
2017/6/8,03:00,0.0, ,130540, ,27.48, ,19.80, ,80.3, 
2017/6/8,04:00,0.0, ,130590, ,25.31, ,19.70, ,80.4, 
2017/6/8,05:00,0.0, ,130590, ,27.51, ,19.70, ,80.4, 
2017/6/8,06:00,0.0, ,130590, ,19.74, ,19.70, ,80.4, 
2017/6/8,07:00,0.0, ,130590, ,19.73, ,20.10, ,80.4, 
2017/6/8,08:00,0.0, ,130500, ,10.69, ,44.50, ,80.3, 
2017/6/8,09:00,0.0, ,130400, ,10.72, ,50.60, ,80.2, 
2017/6/8,10:00,0.0, ,130260, ,15.55, ,50.70, ,80.1, 
2017/6/8,11:00,0.0, ,130160, ,18.50, ,50.70, ,80.1, 
2017/6/8,12:00,0.0, ,130020, ,15.86, ,50.70, ,80.0, 
2017/6/8,13:00,0.0, ,129920, ,19.15, ,50.90, ,79.9, 
2017/6/8,14:00,0.0, ,129830, ,20.09, ,50.90, ,79.9, 
2017/6/8,15:00,0.0, ,129680, ,16.62, ,50.70, ,79.8, 
2017/6/8,16:00,0.0, ,129540, ,17.76, ,50.80, ,79.7, 
2017/6/8,17:00,0.0, ,129450, ,15.25, ,50.60, ,79.6, 
2017/6/8,18:00,0.0, ,129300, ,14.77, ,50.60, ,79.5, 
2017/6/8,19:00,0.0, ,129160, ,16.65, ,53.70, ,79.4, 
2017/6/8,20:00,0.0, ,129020, ,16.00, ,48.00, ,79.3, 
2017/6/8,21:00,0.0, ,128930, ,13.80, ,30.80, ,79.2, 
2017/6/8,22:00,0.0, ,128930, ,12.47, ,19.80, ,79.2, 
2017/6/8,23:00,0.0, ,128880, ,12.67, ,19.90, ,79.2, 
2017/6/8,24:00,0.0, ,128880, ,13.99, ,19.80, ,79.2, 
2017/6/9,01:00,0.0, ,128830, ,6.99, ,19.90, ,79.2, 
2017/6/9,02:00,0.0, ,128780, ,14.43, ,19.90, ,79.1, 
2017/6/9,03:00,0.0, ,128740, ,9.15, ,20.00, ,79.1, 
2017/6/9,04:00,0.0, ,128690, ,6.66, ,19.90, ,79.1, 
2017/6/9,05:00,0.0, ,128640, ,5.51, ,19.90, ,79.0, 
2017/6/9,06:00,0.0, ,128590, ,5.04, ,19.80, ,79.0, 
2017/6/9,07:00,0.0, ,128500, ,3.33, ,20.30, ,79.0, 
2017/6/9,08:00,0.0, ,128400, ,4.79, ,44.70, ,78.9, 
2017/6/9,09:00,0.0, ,128260, ,2.21, ,50.90, ,78.8, 
2017/6/9,10:00,0.0, ,128120, ,7.90, ,51.00, ,78.7, 
2017/6/9,11:00,0.0, ,127980, ,10.26, ,50.80, ,78.6, 
2017/6/9,12:00,0.0, ,127840, ,14.21, ,51.00, ,78.5, 
2017/6/9,13:00,0.0, ,127700, ,13.43, ,50.90, ,78.4, 
2017/6/9,14:00,0.0, ,127550, ,11.83, ,51.00, ,78.3, 
2017/6/9,15:00,0.0, ,127410, ,10.65, ,51.00, ,78.2, 
2017/6/9,16:00,0.0, ,127270, ,16.35, ,52.40, ,78.1, 
2017/6/9,17:00,0.0, ,127130, ,12.25, ,52.30, ,78.0, 
2017/6/9,18:00,0.0, ,126990, ,12.83, ,54.50, ,77.9, 
2017/6/9,19:00,0.0, ,126800, ,14.04, ,62.80, ,77.8, 
2017/6/9,20:00,0.0, ,126620, ,13.73, ,62.80, ,77.7, 
2017/6/9,21:00,0.0, ,126470, ,11.99, ,54.40, ,77.6, 
2017/6/9,22:00,0.0, ,126330, ,11.79, ,42.20, ,77.5, 
2017/6/9,23:00,0.0, ,126240, ,12.00, ,29.40, ,77.4, 
2017/6/9,24:00,0.0, ,126240, ,12.41, ,19.90, ,77.4, 
2017/6/10,01:00,0.0, ,126190, ,7.80, ,20.00, ,77.4, 
2017/6/10,02:00,0.0, ,126150, ,11.28, ,19.90, ,77.4, 
2017/6/10,03:00,0.0, ,126100, ,8.89, ,20.00, ,77.3, 
2017/6/10,04:00,0.0, ,126050, ,5.32, ,19.90, ,77.3, 
2017/6/10,05:00,0.0, ,125960, ,5.51, ,19.70, ,77.2, 
2017/6/10,06:00,0.0, ,125910, ,4.22, ,30.90, ,77.2, 
2017/6/10,07:00,0.0, ,125770, ,3.15, ,42.90, ,77.1, 
2017/6/10,08:00,0.0, ,125590, ,4.10, ,51.20, ,77.0, 
2017/6/10,09:00,0.0, ,125450, ,3.26, ,51.20, ,76.9, 
2017/6/10,10:00,0.0, ,125260, ,4.29, ,51.20, ,76.7, 
2017/6/10,11:00,0.0, ,125120, ,9.66, ,51.30, ,76.7, 
2017/6/10,12:00,0.0, ,124980, ,13.48, ,51.20, ,76.6, 
2017/6/10,13:00,0.0, ,124840, ,12.41, ,51.10, ,76.5, 
2017/6/10,14:00,0.0, ,124700, ,12.67, ,51.30, ,76.4, 
2017/6/10,15:00,0.0, ,124560, ,10.59, ,51.20, ,76.3, 
2017/6/10,16:00,0.0, ,124420, ,12.91, ,51.30, ,76.2, 
2017/6/10,17:00,0.0, ,124280, ,13.99, ,51.50, ,76.1, 
2017/6/10,18:00,0.0, ,124100, ,9.97, ,59.60, ,76.0, 
2017/6/10,19:00,0.0, ,123960, ,14.44, ,62.70, ,75.9, 
2017/6/10,20:00,0.0, ,123770, ,9.25, ,26.10, ,75.7, 
2017/6/10,21:00,0.0, ,123680, ,11.05, ,24.80, ,75.7, 
2017/6/10,22:00,0.0, ,123630, ,6.19, ,21.70, ,75.6, 
2017/6/10,23:00,0.0, ,123590, ,11.71, ,21.70, ,75.6, 
2017/6/10,24:00,0.0, ,123540, ,6.82, ,21.90, ,75.6, 
2017/6/11,01:00,0.0, ,123490, ,11.93, ,26.60, ,75.5, 
2017/6/11,02:00,0.0, ,123450, ,9.45, ,25.00, ,75.5, 
2017/6/11,03:00,0.0, ,123350, ,6.50, ,25.10, ,75.4, 
2017/6/11,04:00,0.0, ,123310, ,7.12, ,25.10, ,75.4, 
2017/6/11,05:00,0.0, ,123210, ,3.45, ,24.80, ,75.4, 
2017/6/11,06:00,1.1, ,123120, ,6.86, ,32.20, ,75.3, 
2017/6/11,07:00,0.5, ,122980, ,2.28, ,42.20, ,75.2, 
2017/6/11,08:00,0.1, ,122840, ,2.81, ,51.20, ,75.1, 
2017/6/11,09:00,0.0, ,122660, ,4.65, ,51.40, ,75.0, 
2017/6/11,10:00,0.3, ,122480, ,3.62, ,51.40, ,74.9, 
2017/6/11,11:00,0.7, ,122340, ,10.65, ,51.30, ,74.8, 
2017/6/11,12:00,0.0, ,122200, ,10.23, ,51.40, ,74.7, 
2017/6/11,13:00,0.0, ,122060, ,14.93, ,51.20, ,74.6, 
2017/6/11,14:00,0.0, ,121920, ,11.63, ,54.60, ,74.5, 
2017/6/11,15:00,0.0, ,121740, ,11.52, ,52.10, ,74.4, 
2017/6/11,16:00,0.1, ,121600, ,12.41, ,54.30, ,74.3, 
2017/6/11,17:00,0.0, ,121420, ,11.81, ,62.90, ,74.1, 
2017/6/11,18:00,0.0, ,121230, ,10.95, ,62.70, ,74.0, 
2017/6/11,19:00,0.0, ,121050, ,11.33, ,62.50, ,73.9, 
2017/6/11,20:00,0.0, ,120870, ,9.06, ,62.30, ,73.8, 
2017/6/11,21:00,0.0, ,120680, ,11.04, ,60.10, ,73.6, 
2017/6/11,22:00,0.0, ,120540, ,11.17, ,51.90, ,73.5, 
2017/6/11,23:00,0.0, ,120400, ,11.18, ,28.50, ,73.4, 
2017/6/11,24:00,0.0, ,120360, ,10.29, ,21.80, ,73.4, 
2017/6/12,01:00,0.0, ,120310, ,8.39, ,20.10, ,73.4, 
2017/6/12,02:00,0.0, ,120270, ,9.13, ,41.60, ,73.4, 
2017/6/12,03:00,0.0, ,120130, ,6.70, ,52.80, ,73.3, 
2017/6/12,04:00,0.0, ,119900, ,5.62, ,61.40, ,73.1, 
2017/6/12,05:00,0.0, ,119710, ,4.29, ,38.90, ,73.0, 
2017/6/12,06:00,0.0, ,119580, ,3.94, ,28.40, ,72.9, 
2017/6/12,07:00,0.0, ,119530, ,1.45, ,19.90, ,72.9, 
2017/6/12,08:00,0.0, ,119440, ,5.14, ,19.90, ,72.8, 
2017/6/12,09:00,0.0, ,119390, ,3.11, ,41.30, ,72.8, 
2017/6/12,10:00,0.0, ,119210, ,3.75, ,52.90, ,72.6, 
2017/6/12,11:00,0.0, ,119030, ,5.68, ,39.20, ,72.5, 
2017/6/12,12:00,0.0, ,118930, ,6.82, ,56.50, ,72.4, 
2017/6/12,13:00,0.0, ,118750, ,8.48, ,61.50, ,72.3, 
2017/6/12,14:00,0.0, ,118570, ,11.09, ,62.90, ,72.2, 
2017/6/12,15:00,0.0, ,118380, ,7.91, ,62.00, ,72.1, 
2017/6/12,16:00,0.0, ,118150, ,10.50, ,62.00, ,71.9, 
2017/6/12,17:00,0.0, ,117970, ,9.19, ,61.90, ,71.8, 
2017/6/12,18:00,0.0, ,117790, ,7.66, ,61.90, ,71.7, 
2017/6/12,19:00,0.0, ,117600, ,10.46, ,61.80, ,71.5, 
2017/6/12,20:00,0.0, ,117420, ,9.70, ,57.30, ,71.4, 
2017/6/12,21:00,0.0, ,117240, ,8.83, ,37.90, ,71.3, 
2017/6/12,22:00,0.0, ,117190, ,6.61, ,28.10, ,71.3, 
2017/6/12,23:00,0.0, ,117150, ,8.75, ,20.50, ,71.2, 
2017/6/12,24:00,0.0, ,117100, ,8.89, ,20.50, ,71.2, 
2017/6/13,01:00,0.0, ,117050, ,9.91, ,20.40, ,71.2, 
2017/6/13,02:00,0.0, ,116960, ,5.92, ,41.80, ,71.1, 
2017/6/13,03:00,0.0, ,116830, ,7.67, ,52.90, ,71.0, 
2017/6/13,04:00,0.0, ,116640, ,4.99, ,61.40, ,70.9, 
2017/6/13,05:00,0.0, ,116410, ,3.39, ,39.10, ,70.7, 
2017/6/13,06:00,0.0, ,116280, ,3.03, ,30.20, ,70.6, 
2017/6/13,07:00,0.0, ,116230, ,2.63, ,20.40, ,70.6, 
2017/6/13,08:00,0.0, ,116140, ,2.60, ,31.60, ,70.5, 
2017/6/13,09:00,0.0, ,116010, ,3.56, ,40.90, ,70.5, 
2017/6/13,10:00,0.0, ,115830, ,2.16, ,53.50, ,70.3, 
2017/6/13,11:00,0.0, ,115640, ,6.87, ,61.80, ,70.2, 
2017/6/13,12:00,0.0, ,115460, ,8.04, ,39.20, ,70.1, 
2017/6/13,13:00,0.0, ,115370, ,9.33, ,36.00, ,70.0, 
2017/6/13,14:00,0.0, ,115280, ,8.31, ,54.50, ,70.0, 
2017/6/13,15:00,0.0, ,115060, ,8.00, ,62.50, ,69.8, 
2017/6/13,16:00,0.0, ,114880, ,10.36, ,62.60, ,69.7, 
2017/6/13,17:00,0.0, ,114700, ,8.32, ,62.50, ,69.6, 
2017/6/13,18:00,0.0, ,114470, ,5.81, ,62.50, ,69.4, 
2017/6/13,19:00,0.0, ,114290, ,7.27, ,62.40, ,69.3, 
2017/6/13,20:00,0.0, ,114070, ,6.85, ,62.40, ,69.1, 
2017/6/13,21:00,0.0, ,113890, ,7.70, ,40.20, ,69.0, 
2017/6/13,22:00,0.0, ,113750, ,5.01, ,30.50, ,68.9, 
2017/6/13,23:00,0.0, ,113710, ,6.79, ,22.20, ,68.9, 
2017/6/13,24:00,0.0, ,113660, ,9.80, ,22.30, ,68.9, 
2017/6/14,01:00,0.0, ,113620, ,7.32, ,22.10, ,68.8, 
2017/6/14,02:00,0.0, ,113530, ,6.39, ,36.80, ,68.8, 
2017/6/14,03:00,0.0, ,113400, ,5.08, ,53.50, ,68.7, 
2017/6/14,04:00,0.0, ,113170, ,5.39, ,62.40, ,68.5, 
2017/6/14,05:00,0.0, ,112950, ,2.47, ,39.80, ,68.4, 
2017/6/14,06:00,0.0, ,112860, ,1.76, ,28.90, ,68.3, 
2017/6/14,07:00,0.0, ,112770, ,3.31, ,20.60, ,68.3, 
2017/6/14,08:00,0.0, ,112730, ,2.31, ,20.50, ,68.2, 
2017/6/14,09:00,0.0, ,112590, ,1.52, ,34.90, ,68.1, 
2017/6/14,10:00,0.0, ,112460, ,0.97, ,45.60, ,68.0, 
2017/6/14,11:00,0.0, ,112330, ,7.86, ,45.70, ,68.0, 
2017/6/14,12:00,0.0, ,112190, ,10.09, ,43.60, ,67.9, 
2017/6/14,13:00,0.0, ,112100, ,10.08, ,55.60, ,67.8, 
2017/6/14,14:00,0.0, ,111930, ,6.52, ,62.00, ,67.7, 
2017/6/14,15:00,0.0, ,111700, ,9.92, ,61.90, ,67.5, 
2017/6/14,16:00,0.0, ,111530, ,6.24, ,62.40, ,67.4, 
2017/6/14,17:00,0.0, ,111300, ,5.54, ,62.30, ,67.3, 
2017/6/14,18:00,0.0, ,111080, ,6.77, ,62.50, ,67.1, 
2017/6/14,19:00,0.0, ,110910, ,4.91, ,62.30, ,67.0, 
2017/6/14,20:00,0.0, ,110680, ,5.74, ,44.90, ,66.8, 
2017/6/14,21:00,0.0, ,110550, ,5.93, ,38.80, ,66.7, 
2017/6/14,22:00,0.0, ,110460, ,5.74, ,32.00, ,66.7, 
2017/6/14,23:00,0.0, ,110380, ,7.00, ,22.40, ,66.6, 
2017/6/14,24:00,0.0, ,110330, ,5.80, ,22.40, ,66.6, 
2017/6/15,01:00,0.0, ,110290, ,6.92, ,20.50, ,66.6, 
2017/6/15,02:00,0.0, ,110200, ,5.60, ,39.40, ,66.5, 
2017/6/15,03:00,0.0, ,110070, ,3.66, ,50.60, ,66.4, 
2017/6/15,04:00,0.0, ,109850, ,3.19, ,60.80, ,66.3, 
2017/6/15,05:00,0.0, ,109630, ,1.77, ,56.30, ,66.1, 
2017/6/15,06:00,0.0, ,109490, ,2.54, ,25.00, ,66.0, 
2017/6/15,07:00,0.0, ,109410, ,2.22, ,19.20, ,66.0, 
2017/6/15,08:00,0.0, ,109320, ,2.32, ,26.10, ,65.9, 
2017/6/15,09:00,0.0, ,109190, ,1.87, ,52.00, ,65.8, 
2017/6/15,10:00,0.0, ,108970, ,1.36, ,56.30, ,65.7, 
2017/6/15,11:00,0.0, ,108840, ,4.58, ,25.30, ,65.6, 
2017/6/15,12:00,0.0, ,108790, ,7.21, ,20.60, ,65.5, 
2017/6/15,13:00,0.0, ,108750, ,10.27, ,19.10, ,65.5, 
2017/6/15,14:00,0.0, ,108710, ,8.33, ,39.60, ,65.5, 
2017/6/15,15:00,0.0, ,108570, ,9.24, ,50.70, ,65.4, 
2017/6/15,16:00,0.0, ,108400, ,6.59, ,61.10, ,65.3, 
2017/6/15,17:00,0.0, ,108180, ,5.81, ,61.00, ,65.1, 
2017/6/15,18:00,0.0, ,107960, ,4.20, ,63.10, ,65.0, 
2017/6/15,19:00,0.0, ,107740, ,5.43, ,62.90, ,64.8, 
2017/6/15,20:00,0.0, ,107570, ,5.66, ,62.00, ,64.7, 
2017/6/15,21:00,0.0, ,107350, ,4.34, ,61.80, ,64.6, 
2017/6/15,22:00,0.0, ,107130, ,4.41, ,57.90, ,64.4, 
2017/6/15,23:00,0.0, ,107000, ,4.95, ,26.80, ,64.3, 
2017/6/15,24:00,0.0, ,106920, ,6.02, ,19.30, ,64.3, 
2017/6/16,01:00,0.0, ,106870, ,4.46, ,19.20, ,64.2, 
2017/6/16,02:00,0.0, ,106790, ,5.15, ,39.80, ,64.2, 
2017/6/16,03:00,0.0, ,106660, ,3.51, ,51.20, ,64.1, 
2017/6/16,04:00,0.0, ,106440, ,2.62, ,61.00, ,63.9, 
2017/6/16,05:00,0.0, ,106220, ,1.49, ,56.50, ,63.8, 
2017/6/16,06:00,0.0, ,106050, ,1.52, ,25.30, ,63.7, 
2017/6/16,07:00,0.0, ,105960, ,2.67, ,20.90, ,63.6, 
2017/6/16,08:00,0.0, ,105920, ,2.82, ,26.20, ,63.6, 
2017/6/16,09:00,0.0, ,105750, ,1.37, ,52.20, ,63.5, 
2017/6/16,10:00,0.0, ,105580, ,1.25, ,57.00, ,63.4, 
2017/6/16,11:00,0.0, ,105400, ,4.23, ,25.60, ,63.2, 
2017/6/16,12:00,0.0, ,105360, ,6.61, ,19.20, ,63.2, 
2017/6/16,13:00,0.0, ,105320, ,10.00, ,19.20, ,63.2, 
2017/6/16,14:00,0.0, ,105270, ,9.81, ,35.40, ,63.1, 
2017/6/16,15:00,0.0, ,105150, ,6.66, ,52.60, ,63.1, 
2017/6/16,16:00,0.0, ,104930, ,4.97, ,61.60, ,62.9, 
2017/6/16,17:00,0.0, ,104760, ,6.39, ,61.40, ,62.8, 
2017/6/16,18:00,0.0, ,104540, ,3.90, ,61.60, ,62.7, 
2017/6/16,19:00,0.0, ,104330, ,5.64, ,61.50, ,62.5, 
2017/6/16,20:00,0.0, ,104110, ,4.20, ,62.30, ,62.4, 
2017/6/16,21:00,0.0, ,103900, ,3.70, ,50.40, ,62.2, 
2017/6/16,22:00,0.0, ,103730, ,3.15, ,30.30, ,62.1, 
2017/6/16,23:00,0.0, ,103690, ,3.47, ,21.10, ,62.1, 
2017/6/16,24:00,0.0, ,103600, ,5.37, ,19.10, ,62.0, 
2017/6/17,01:00,0.0, ,103600, ,5.54, ,19.10, ,62.0, 
2017/6/17,02:00,0.0, ,103520, ,6.25, ,19.10, ,62.0, 
2017/6/17,03:00,0.0, ,103430, ,3.99, ,39.40, ,61.9, 
2017/6/17,04:00,0.0, ,103300, ,1.73, ,51.20, ,61.8, 
2017/6/17,05:00,0.0, ,103050, ,1.07, ,39.50, ,61.6, 
2017/6/17,06:00,0.0, ,102920, ,1.65, ,28.40, ,61.6, 
2017/6/17,07:00,0.0, ,102880, ,1.51, ,19.20, ,61.5, 
2017/6/17,08:00,0.0, ,102790, ,2.99, ,39.80, ,61.5, 
2017/6/17,09:00,0.0, ,102620, ,1.82, ,51.30, ,61.3, 
2017/6/17,10:00,0.0, ,102410, ,2.11, ,57.70, ,61.2, 
2017/6/17,11:00,0.0, ,102240, ,2.33, ,28.60, ,61.1, 
2017/6/17,12:00,0.0, ,102200, ,5.79, ,19.30, ,61.1, 
2017/6/17,13:00,0.0, ,102110, ,6.62, ,19.30, ,61.0, 
2017/6/17,14:00,0.0, ,102070, ,4.38, ,19.40, ,61.0, 
2017/6/17,15:00,0.0, ,102030, ,7.67, ,39.80, ,60.9, 
2017/6/17,16:00,0.0, ,101860, ,4.85, ,51.40, ,60.8, 
2017/6/17,17:00,0.0, ,101650, ,5.65, ,62.00, ,60.7, 
2017/6/17,18:00,0.0, ,101480, ,4.37, ,62.00, ,60.6, 
2017/6/17,19:00,0.0, ,101270, ,3.90, ,62.10, ,60.4, 
2017/6/17,20:00,0.0, ,101050, ,3.49, ,62.10, ,60.3, 
2017/6/17,21:00,0.0, ,100840, ,3.86, ,62.00, ,60.1, 
2017/6/17,22:00,0.0, ,100680, ,4.27, ,28.00, ,60.0, 
2017/6/17,23:00,0.0, ,100590, ,4.05, ,21.00, ,60.0, 
2017/6/17,24:00,0.0, ,100550, ,5.77, ,20.90, ,59.9, 
2017/6/18,01:00,0.0, ,100460, ,6.14, ,19.80, ,59.9, 
2017/6/18,02:00,0.0, ,100380, ,2.66, ,27.20, ,59.8, 
2017/6/18,03:00,0.0, ,100250, ,2.89, ,53.80, ,59.7, 
2017/6/18,04:00,0.0, ,100040, ,1.45, ,61.70, ,59.6, 
2017/6/18,05:00,0.0, ,99790, ,2.17, ,56.50, ,59.4, 
2017/6/18,06:00,0.0, ,99630, ,0.55, ,32.30, ,59.3, 
2017/6/18,07:00,0.0, ,99580, ,1.54, ,21.50, ,59.3, 
2017/6/18,08:00,0.0, ,99500, ,3.28, ,19.50, ,59.2, 
2017/6/18,09:00,0.0, ,99420, ,2.09, ,19.50, ,59.2, 
2017/6/18,10:00,0.0, ,99370, ,2.09, ,19.50, ,59.1, 
2017/6/18,11:00,0.0, ,99290, ,1.70, ,19.50, ,59.1, 
2017/6/18,12:00,0.0, ,99250, ,5.52, ,19.50, ,59.1, 
2017/6/18,13:00,0.0, ,99210, ,5.92, ,20.10, ,59.0, 
2017/6/18,14:00,0.0, ,99120, ,7.09, ,36.90, ,59.0, 
2017/6/18,15:00,0.0, ,98960, ,5.65, ,51.70, ,58.9, 
2017/6/18,16:00,0.0, ,98750, ,5.44, ,61.30, ,58.7, 
2017/6/18,17:00,0.0, ,98540, ,3.82, ,61.30, ,58.6, 
2017/6/18,18:00,0.0, ,98330, ,2.86, ,61.30, ,58.4, 
2017/6/18,19:00,0.0, ,98120, ,3.56, ,61.20, ,58.3, 
2017/6/18,20:00,0.0, ,97920, ,3.78, ,60.00, ,58.1, 
2017/6/18,21:00,0.0, ,97750, ,2.76, ,48.20, ,58.0, 
2017/6/18,22:00,0.0, ,97630, ,5.28, ,30.60, ,58.0, 
2017/6/18,23:00,0.0, ,97540, ,6.41, ,19.90, ,57.9, 
2017/6/18,24:00,0.0, ,97500, ,4.65, ,19.90, ,57.9, 
2017/6/19,01:00,0.0, ,97420, ,5.60, ,20.40, ,57.8, 
2017/6/19,02:00,0.0, ,97340, ,2.22, ,27.20, ,57.8, 
2017/6/19,03:00,0.0, ,97210, ,1.84, ,37.20, ,57.7, 
2017/6/19,04:00,0.0, ,97050, ,3.23, ,50.20, ,57.6, 
2017/6/19,05:00,0.0, ,96840, ,1.13, ,50.50, ,57.4, 
2017/6/19,06:00,0.0, ,96720, ,1.00, ,30.90, ,57.3, 
2017/6/19,07:00,0.0, ,96630, ,1.11, ,21.40, ,57.3, 
2017/6/19,08:00,0.0, ,96550, ,1.36, ,19.70, ,57.2, 
2017/6/19,09:00,0.0, ,96470, ,2.17, ,19.60, ,57.2, 
2017/6/19,10:00,0.0, ,96390, ,1.90, ,19.70, ,57.1, 
2017/6/19,11:00,0.0, ,96300, ,0.55, ,19.60, ,57.0, 
2017/6/19,12:00,0.0, ,96260, ,4.64, ,19.70, ,57.0, 
2017/6/19,13:00,0.0, ,96220, ,5.60, ,31.50, ,57.0, 
2017/6/19,14:00,0.0, ,96100, ,5.19, ,50.10, ,56.9, 
2017/6/19,15:00,0.0, ,95890, ,5.44, ,60.70, ,56.8, 
2017/6/19,16:00,0.0, ,95690, ,3.81, ,60.70, ,56.6, 
2017/6/19,17:00,0.0, ,95440, ,2.76, ,60.70, ,56.5, 
2017/6/19,18:00,0.0, ,95240, ,3.05, ,60.60, ,56.3, 
2017/6/19,19:00,0.0, ,95030, ,3.03, ,60.50, ,56.2, 
2017/6/19,20:00,0.0, ,94830, ,3.05, ,60.60, ,56.0, 
2017/6/19,21:00,0.0, ,94620, ,1.15, ,34.10, ,55.9, 
2017/6/19,22:00,0.0, ,94540, ,5.58, ,27.50, ,55.9, 
2017/6/19,23:00,0.0, ,94500, ,7.46, ,21.40, ,55.8, 
2017/6/19,24:00,0.0, ,94420, ,2.87, ,21.40, ,55.8, 
2017/6/20,01:00,0.0, ,94340, ,3.37, ,32.40, ,55.7, 
2017/6/20,02:00,0.0, ,94180, ,3.06, ,42.30, ,55.6, 
2017/6/20,03:00,0.0, ,94050, ,2.27, ,42.40, ,55.5, 
2017/6/20,04:00,0.0, ,93890, ,1.41, ,50.50, ,55.4, 
2017/6/20,05:00,0.0, ,93650, ,0.79, ,55.70, ,55.2, 
2017/6/20,06:00,0.0, ,93490, ,0.99, ,32.10, ,55.1, 
2017/6/20,07:00,0.0, ,93450, ,2.27, ,19.80, ,55.1, 
2017/6/20,08:00,0.0, ,93360, ,1.98, ,19.80, ,55.0, 
2017/6/20,09:00,0.0, ,93240, ,0.85, ,19.80, ,55.0, 
2017/6/20,10:00,0.0, ,93200, ,0.14, ,19.70, ,54.9, 
2017/6/20,11:00,0.0, ,93120, ,2.27, ,19.80, ,54.9, 
2017/6/20,12:00,0.0, ,93080, ,4.56, ,19.80, ,54.9, 
2017/6/20,13:00,0.0, ,93000, ,3.56, ,30.70, ,54.8, 
2017/6/20,14:00,0.0, ,92880, ,9.00, ,38.90, ,54.7, 
2017/6/20,15:00,0.0, ,92760, ,6.75, ,50.30, ,54.6, 
2017/6/20,16:00,0.0, ,92600, ,5.58, ,60.00, ,54.5, 
2017/6/20,17:00,0.0, ,92390, ,7.11, ,59.90, ,54.4, 
2017/6/20,18:00,0.0, ,92190, ,6.83, ,60.10, ,54.3, 
2017/6/20,19:00,2.3, ,91990, ,6.69, ,60.10, ,54.1, 
2017/6/20,20:00,3.3, ,91790, ,5.46, ,60.00, ,54.0, 
2017/6/20,21:00,7.2, ,91630, ,6.46, ,59.80, ,53.9, 
2017/6/20,22:00,9.2, ,91510, ,16.66, ,30.50, ,53.8, 
2017/6/20,23:00,12.4, ,91510, ,18.63, ,21.60, ,53.8, 
2017/6/20,24:00,13.7, ,91550, ,28.87, ,21.60, ,53.8, 
2017/6/21,01:00,15.6, ,91630, ,34.04, ,21.50, ,53.9, 
2017/6/21,02:00,7.7, ,91910, ,72.68, ,19.70, ,54.1, 
2017/6/21,03:00,5.1, ,92560, ,154.83, ,13.10, ,54.5, 
2017/6/21,04:00,2.4, ,93120, ,176.98, ,0.00, ,54.9, 
2017/6/21,05:00,1.4, ,93610, ,148.70, ,0.00, ,55.2, 
2017/6/21,06:00,0.9, ,94010, ,120.56, ,0.00, ,55.5, 
2017/6/21,07:00,0.0, ,94340, ,100.31, ,0.00, ,55.7, 
2017/6/21,08:00,0.7, ,94670, ,93.90, ,0.00, ,55.9, 
2017/6/21,09:00,0.6, ,94990, ,85.75, ,0.00, ,56.2, 
2017/6/21,10:00,0.1, ,95240, ,76.43, ,0.00, ,56.3, 
2017/6/21,11:00,0.6, ,95480, ,67.82, ,0.00, ,56.5, 
2017/6/21,12:00,0.7, ,95690, ,60.70, ,0.00, ,56.6, 
2017/6/21,13:00,0.1, ,95890, ,57.73, ,0.00, ,56.8, 
2017/6/21,14:00,0.0, ,96060, ,55.13, ,0.00, ,56.9, 
2017/6/21,15:00,0.0, ,96220, ,44.72, ,0.00, ,57.0, 
2017/6/21,16:00,0.0, ,96350, ,41.33, ,0.00, ,57.1, 
2017/6/21,17:00,0.0, ,96470, ,36.02, ,0.00, ,57.2, 
2017/6/21,18:00,0.0, ,96590, ,30.32, ,0.00, ,57.2, 
2017/6/21,19:00,0.0, ,96670, ,28.43, ,0.00, ,57.3, 
2017/6/21,20:00,0.0, ,96800, ,30.36, ,0.00, ,57.4, 
2017/6/21,21:00,0.0, ,96880, ,25.21, ,0.00, ,57.4, 
2017/6/21,22:00,0.0, ,96960, ,27.33, ,0.00, ,57.5, 
2017/6/21,23:00,0.0, ,97050, ,24.86, ,0.00, ,57.6, 
2017/6/21,24:00,0.0, ,97130, ,24.87, ,0.00, ,57.6, 
2017/6/22,01:00,0.0, ,97250, ,23.92, ,0.00, ,57.6, 
2017/6/22,02:00,0.0, ,97340, ,23.93, ,0.00, ,57.7, 
2017/6/22,03:00,0.0, ,97380, ,21.07, ,0.00, ,57.7, 
2017/6/22,04:00,0.0, ,97460, ,21.65, ,0.00, ,57.8, 
2017/6/22,05:00,0.0, ,97540, ,16.48, ,0.00, ,57.8, 
2017/6/22,06:00,0.0, ,97580, ,16.30, ,0.00, ,57.9, 
2017/6/22,07:00,0.0, ,97630, ,11.32, ,0.00, ,57.9, 
2017/6/22,08:00,0.0, ,97630, ,9.40, ,0.00, ,57.9, 
2017/6/22,09:00,0.2, ,97710, ,12.28, ,0.00, ,58.0, 
2017/6/22,10:00,0.5, ,97750, ,11.14, ,0.00, ,58.0, 
2017/6/22,11:00,0.0, ,97790, ,15.17, ,0.00, ,58.0, 
2017/6/22,12:00,0.0, ,97870, ,18.24, ,0.00, ,58.1, 
2017/6/22,13:00,0.0, ,97920, ,19.02, ,0.00, ,58.1, 
2017/6/22,14:00,0.0, ,98000, ,18.45, ,0.00, ,58.2, 
2017/6/22,15:00,0.0, ,98080, ,18.07, ,0.00, ,58.2, 
2017/6/22,16:00,0.0, ,98120, ,19.42, ,0.00, ,58.2, 
2017/6/22,17:00,0.0, ,98210, ,18.27, ,0.00, ,58.3, 
2017/6/22,18:00,0.0, ,98250, ,17.32, ,0.00, ,58.3, 
2017/6/22,19:00,0.0, ,98330, ,13.67, ,0.00, ,58.4, 
2017/6/22,20:00,0.0, ,98370, ,19.83, ,0.00, ,58.4, 
2017/6/22,21:00,0.0, ,98460, ,17.14, ,0.00, ,58.5, 
2017/6/22,22:00,0.0, ,98500, ,18.30, ,0.00, ,58.5, 
2017/6/22,23:00,0.0, ,98580, ,18.12, ,0.00, ,58.6, 
2017/6/22,24:00,0.0, ,98620, ,17.35, ,0.00, ,58.4, 
2017/6/23,01:00,0.0, ,98710, ,16.78, ,0.00, ,58.5, 
2017/6/23,02:00,0.0, ,98750, ,14.67, ,0.00, ,58.5, 
2017/6/23,03:00,0.0, ,98790, ,14.67, ,0.00, ,58.5, 
2017/6/23,04:00,0.0, ,98830, ,9.46, ,0.00, ,58.6, 
2017/6/23,05:00,0.0, ,98870, ,8.69, ,0.00, ,58.6, 
2017/6/23,06:00,0.0, ,98870, ,10.43, ,0.00, ,58.6, 
2017/6/23,07:00,0.0, ,98910, ,9.08, ,0.00, ,58.6, 
2017/6/23,08:00,0.0, ,98910, ,2.51, ,0.00, ,58.6, 
2017/6/23,09:00,0.0, ,98960, ,9.47, ,0.00, ,58.7, 
2017/6/23,10:00,0.0, ,99000, ,3.29, ,6.90, ,58.7, 
2017/6/23,11:00,0.0, ,99000, ,19.57, ,29.40, ,58.7, 
2017/6/23,12:00,0.0, ,98910, ,20.51, ,8.50, ,58.6, 
2017/6/23,13:00,0.0, ,98910, ,6.46, ,7.10, ,58.6, 
2017/6/23,14:00,0.0, ,98910, ,9.13, ,18.50, ,58.6, 
2017/6/23,15:00,0.0, ,98870, ,20.60, ,33.90, ,58.6, 
2017/6/23,16:00,0.0, ,98790, ,15.96, ,42.00, ,58.5, 
2017/6/23,17:00,0.0, ,98710, ,12.82, ,41.90, ,58.5, 
2017/6/23,18:00,0.0, ,98580, ,14.14, ,45.40, ,58.4, 
2017/6/23,19:00,0.0, ,98460, ,13.79, ,43.20, ,58.3, 
2017/6/23,20:00,0.0, ,98370, ,12.03, ,31.10, ,58.3, 
2017/6/23,21:00,0.0, ,98330, ,12.32, ,11.50, ,58.2, 
2017/6/23,22:00,0.0, ,98330, ,8.10, ,0.00, ,58.2, 
2017/6/23,23:00,0.0, ,98370, ,0.96, ,0.00, ,58.3, 
2017/6/23,24:00,0.0, ,98410, ,15.22, ,0.00, ,58.3, 
2017/6/24,01:00,0.0, ,98460, ,14.64, ,0.00, ,58.3, 
2017/6/24,02:00,0.0, ,98500, ,11.75, ,0.00, ,58.3, 
2017/6/24,03:00,0.0, ,98540, ,14.27, ,0.00, ,58.4, 
2017/6/24,04:00,0.0, ,98580, ,9.83, ,0.00, ,58.4, 
2017/6/24,05:00,0.0, ,98620, ,7.71, ,0.00, ,58.4, 
2017/6/24,06:00,0.0, ,98620, ,6.56, ,6.90, ,58.4, 
2017/6/24,07:00,0.0, ,98620, ,9.26, ,20.20, ,58.4, 
2017/6/24,08:00,0.0, ,98540, ,13.83, ,30.00, ,58.4, 
2017/6/24,09:00,0.0, ,98410, ,4.92, ,33.50, ,58.3, 
2017/6/24,10:00,0.0, ,98290, ,2.14, ,36.80, ,58.2, 
2017/6/24,11:00,0.0, ,98250, ,6.78, ,29.00, ,58.2, 
2017/6/24,12:00,0.0, ,98210, ,9.50, ,12.80, ,58.1, 
2017/6/24,13:00,0.0, ,98210, ,8.21, ,7.20, ,58.1, 
2017/6/24,14:00,0.0, ,98210, ,9.23, ,22.20, ,58.1, 
2017/6/24,15:00,0.0, ,98120, ,15.52, ,33.50, ,58.1, 
2017/6/24,16:00,0.0, ,98040, ,13.68, ,33.50, ,58.0, 
2017/6/24,17:00,1.2, ,98000, ,14.12, ,36.90, ,58.0, 
2017/6/24,18:00,1.6, ,97870, ,11.09, ,34.90, ,57.9, 
2017/6/24,19:00,3.6, ,97830, ,13.96, ,34.90, ,57.9, 
2017/6/24,20:00,4.2, ,97750, ,15.69, ,34.80, ,57.8, 
2017/6/24,21:00,4.3, ,97710, ,16.06, ,34.80, ,57.8, 
2017/6/24,22:00,3.7, ,97630, ,15.41, ,32.40, ,57.8, 
2017/6/24,23:00,7.4, ,97580, ,16.48, ,25.50, ,57.7, 
2017/6/24,24:00,6.1, ,97580, ,17.65, ,19.50, ,57.7, 
2017/6/25,01:00,3.3, ,97580, ,19.62, ,19.70, ,57.7, 
2017/6/25,02:00,0.9, ,97580, ,19.62, ,12.80, ,57.7, 
2017/6/25,03:00,0.6, ,97710, ,32.01, ,0.00, ,57.8, 
2017/6/25,04:00,0.2, ,97830, ,28.22, ,0.00, ,57.9, 
2017/6/25,05:00,0.1, ,97920, ,33.23, ,0.00, ,58.0, 
2017/6/25,06:00,0.4, ,98040, ,31.33, ,0.00, ,58.0, 
2017/6/25,07:00,0.9, ,98170, ,29.04, ,0.00, ,58.1, 
2017/6/25,08:00,0.5, ,98250, ,26.36, ,0.00, ,58.2, 
2017/6/25,09:00,0.8, ,98330, ,24.64, ,0.00, ,58.2, 
2017/6/25,10:00,1.7, ,98410, ,21.76, ,0.00, ,58.3, 
2017/6/25,11:00,0.9, ,98540, ,29.29, ,0.00, ,58.4, 
2017/6/25,12:00,0.0, ,98580, ,25.64, ,0.00, ,58.4, 
2017/6/25,13:00,0.0, ,98710, ,24.30, ,0.00, ,58.5, 
2017/6/25,14:00,0.0, ,98790, ,25.28, ,0.00, ,58.5, 
2017/6/25,15:00,0.0, ,98870, ,24.52, ,7.00, ,58.6, 
2017/6/25,16:00,0.0, ,98870, ,21.16, ,11.50, ,58.6, 
2017/6/25,17:00,0.0, ,98960, ,24.74, ,0.00, ,58.7, 
2017/6/25,18:00,0.0, ,99040, ,21.83, ,7.40, ,58.7, 
2017/6/25,19:00,0.0, ,99080, ,24.75, ,17.50, ,58.7, 
2017/6/25,20:00,0.0, ,99080, ,22.00, ,11.30, ,58.7, 
2017/6/25,21:00,0.0, ,99120, ,13.36, ,0.00, ,58.8, 
2017/6/25,22:00,0.0, ,99210, ,22.63, ,0.00, ,58.8, 
2017/6/25,23:00,0.0, ,99290, ,22.63, ,0.00, ,58.9, 
2017/6/25,24:00,0.0, ,99370, ,19.35, ,0.00, ,58.9, 
2017/6/26,01:00,0.0, ,99460, ,19.55, ,0.00, ,59.0, 
2017/6/26,02:00,0.0, ,99500, ,20.72, ,0.00, ,59.0, 
2017/6/26,03:00,0.0, ,99580, ,17.24, ,0.00, ,59.1, 
2017/6/26,04:00,0.0, ,99630, ,14.92, ,0.00, ,59.1, 
2017/6/26,05:00,0.0, ,99670, ,13.76, ,0.00, ,59.1, 
2017/6/26,06:00,0.0, ,99710, ,9.89, ,6.90, ,59.2, 
2017/6/26,07:00,0.0, ,99710, ,17.93, ,17.80, ,59.2, 
2017/6/26,08:00,0.0, ,99670, ,10.03, ,17.70, ,59.1, 
2017/6/26,09:00,0.0, ,99630, ,7.89, ,17.80, ,59.1, 
2017/6/26,10:00,0.0, ,99580, ,9.58, ,21.40, ,59.1, 
2017/6/26,11:00,0.0, ,99580, ,13.05, ,19.50, ,59.1, 
2017/6/26,12:00,0.0, ,99540, ,14.68, ,12.60, ,59.1, 
2017/6/26,13:00,0.0, ,99580, ,6.38, ,6.50, ,59.1, 
2017/6/26,14:00,0.0, ,99580, ,17.43, ,17.70, ,59.1, 
2017/6/26,15:00,0.0, ,99580, ,18.63, ,19.60, ,59.1, 
2017/6/26,16:00,0.0, ,99580, ,21.39, ,23.20, ,59.1, 
2017/6/26,17:00,0.0, ,99540, ,13.92, ,27.40, ,59.1, 
2017/6/26,18:00,0.0, ,99500, ,14.62, ,19.80, ,59.0, 
2017/6/26,19:00,0.4, ,99500, ,18.55, ,22.60, ,59.0, 
2017/6/26,20:00,0.3, ,99460, ,12.00, ,19.50, ,59.0, 
2017/6/26,21:00,0.0, ,99460, ,17.24, ,19.50, ,59.0, 
2017/6/26,22:00,0.1, ,99420, ,18.56, ,19.40, ,59.0, 
2017/6/26,23:00,0.2, ,99420, ,8.88, ,19.50, ,59.0, 
2017/6/26,24:00,0.0, ,99420, ,19.53, ,19.50, ,59.0, 
2017/6/27,01:00,0.0, ,99370, ,10.02, ,19.50, ,58.9, 
2017/6/27,02:00,0.0, ,99370, ,17.39, ,19.50, ,58.9, 
2017/6/27,03:00,0.0, ,99330, ,9.05, ,19.60, ,58.9, 
2017/6/27,04:00,0.0, ,99290, ,8.70, ,19.40, ,58.9, 
2017/6/27,05:00,0.0, ,99250, ,10.81, ,19.50, ,58.9, 
2017/6/27,06:00,0.1, ,99170, ,4.60, ,19.50, ,58.8, 
2017/6/27,07:00,0.0, ,99120, ,6.83, ,19.50, ,58.8, 
2017/6/27,08:00,0.0, ,99080, ,5.27, ,19.50, ,58.7, 
2017/6/27,09:00,0.0, ,99040, ,5.43, ,12.80, ,58.7, 
2017/6/27,10:00,0.0, ,99000, ,4.01, ,0.00, ,58.7, 
2017/6/27,11:00,0.0, ,99040, ,6.57, ,0.00, ,58.7, 
2017/6/27,12:00,0.0, ,99120, ,19.52, ,0.00, ,58.8, 
2017/6/27,13:00,0.0, ,99170, ,15.08, ,6.50, ,58.8, 
2017/6/27,14:00,0.0, ,99170, ,12.55, ,17.60, ,58.8, 
2017/6/27,15:00,0.1, ,99170, ,17.56, ,17.50, ,58.8, 
2017/6/27,16:00,2.7, ,99170, ,17.51, ,19.40, ,58.8, 
2017/6/27,17:00,3.1, ,99170, ,22.06, ,25.90, ,58.8, 
2017/6/27,18:00,0.4, ,99120, ,18.30, ,22.90, ,58.8, 
2017/6/27,19:00,0.1, ,99120, ,15.79, ,19.50, ,58.8, 
2017/6/27,20:00,0.6, ,99080, ,15.81, ,19.50, ,58.7, 
2017/6/27,21:00,0.3, ,99080, ,11.53, ,19.30, ,58.7, 
2017/6/27,22:00,0.3, ,99080, ,19.39, ,19.30, ,58.7, 
2017/6/27,23:00,0.2, ,99040, ,7.99, ,19.40, ,58.7, 
2017/6/27,24:00,0.2, ,99040, ,19.20, ,19.40, ,58.7, 
2017/6/28,01:00,0.8, ,99000, ,8.34, ,19.30, ,58.7, 
2017/6/28,02:00,2.0, ,99000, ,18.79, ,19.40, ,58.7, 
2017/6/28,03:00,1.1, ,98960, ,18.63, ,12.90, ,58.7, 
2017/6/28,04:00,1.4, ,98960, ,1.51, ,0.00, ,58.7, 
2017/6/28,05:00,1.3, ,99000, ,7.34, ,0.00, ,58.7, 
2017/6/28,06:00,2.2, ,99040, ,12.37, ,6.80, ,58.7, 
2017/6/28,07:00,1.0, ,99040, ,12.67, ,17.80, ,58.7, 
2017/6/28,08:00,0.4, ,99040, ,17.79, ,17.80, ,58.7, 
2017/6/28,09:00,0.0, ,99000, ,11.18, ,17.80, ,58.7, 
2017/6/28,10:00,0.0, ,98960, ,10.78, ,17.70, ,58.7, 
2017/6/28,11:00,0.0, ,98960, ,9.57, ,14.50, ,58.7, 
2017/6/28,12:00,0.0, ,99000, ,11.23, ,0.00, ,58.7, 
2017/6/28,13:00,0.0, ,99040, ,16.62, ,0.00, ,58.7, 
2017/6/28,14:00,0.3, ,99120, ,21.07, ,6.90, ,58.8, 
2017/6/28,15:00,0.0, ,99120, ,17.04, ,19.60, ,58.8, 
2017/6/28,16:00,0.6, ,99120, ,22.84, ,28.10, ,58.8, 
2017/6/28,17:00,0.1, ,99120, ,29.78, ,29.40, ,58.8, 
2017/6/28,18:00,0.2, ,99080, ,14.95, ,21.30, ,58.7, 
2017/6/28,19:00,0.1, ,99080, ,20.27, ,13.00, ,58.7, 
2017/6/28,20:00,0.0, ,99080, ,9.58, ,0.00, ,58.7, 
2017/6/28,21:00,0.0, ,99170, ,10.83, ,0.00, ,58.8, 
2017/6/28,22:00,0.0, ,99210, ,18.76, ,17.10, ,58.8, 
2017/6/28,23:00,0.0, ,99250, ,25.40, ,17.80, ,58.9, 
2017/6/28,24:00,0.0, ,99250, ,18.54, ,17.70, ,58.9, 
2017/6/29,01:00,0.0, ,99250, ,17.71, ,17.70, ,58.9, 
2017/6/29,02:00,0.3, ,99250, ,17.71, ,17.70, ,58.9, 
2017/6/29,03:00,0.1, ,99210, ,16.24, ,21.30, ,58.8, 
2017/6/29,04:00,0.2, ,99170, ,11.45, ,19.60, ,58.8, 
2017/6/29,05:00,0.3, ,99170, ,8.37, ,19.60, ,58.8, 
2017/6/29,06:00,0.4, ,99080, ,6.91, ,19.50, ,58.7, 
2017/6/29,07:00,0.8, ,99040, ,5.94, ,12.80, ,58.7, 
2017/6/29,08:00,2.4, ,99040, ,2.85, ,0.00, ,58.7, 
2017/6/29,09:00,3.4, ,99040, ,0.00, ,0.00, ,58.7, 
2017/6/29,10:00,1.2, ,99120, ,11.60, ,0.00, ,58.8, 
2017/6/29,11:00,0.2, ,99170, ,17.79, ,0.00, ,58.8, 
2017/6/29,12:00,0.2, ,99250, ,18.76, ,7.10, ,58.9, 
2017/6/29,13:00,0.0, ,99250, ,19.04, ,34.30, ,58.9, 
2017/6/29,14:00,0.0, ,99210, ,28.83, ,44.90, ,58.8, 
2017/6/29,15:00,0.1, ,99120, ,19.26, ,30.10, ,58.8, 
2017/6/29,16:00,0.0, ,99080, ,15.50, ,21.50, ,58.7, 
2017/6/29,17:00,0.3, ,99080, ,18.40, ,19.60, ,58.7, 
2017/6/29,18:00,0.1, ,99080, ,19.58, ,19.60, ,58.7, 
2017/6/29,19:00,0.1, ,99080, ,19.56, ,19.50, ,58.7, 
2017/6/29,20:00,0.1, ,99080, ,19.53, ,19.50, ,58.7, 
2017/6/29,21:00,1.0, ,99040, ,11.40, ,19.50, ,58.7, 
2017/6/29,22:00,0.3, ,99040, ,16.05, ,19.50, ,58.7, 
2017/6/29,23:00,0.1, ,99040, ,19.53, ,19.50, ,58.7, 
2017/6/29,24:00,0.2, ,99040, ,19.54, ,19.50, ,58.7, 
2017/6/30,01:00,0.0, ,99040, ,19.50, ,19.50, ,58.7, 
2017/6/30,02:00,0.0, ,99000, ,11.40, ,19.40, ,58.6, 
2017/6/30,03:00,0.0, ,99000, ,16.03, ,13.00, ,58.6, 
2017/6/30,04:00,0.0, ,99000, ,9.52, ,0.00, ,58.6, 
2017/6/30,05:00,0.0, ,99040, ,0.58, ,0.00, ,58.6, 
2017/6/30,06:00,0.1, ,99080, ,11.99, ,0.00, ,58.6, 
2017/6/30,07:00,8.0, ,99120, ,11.21, ,0.00, ,58.6, 
2017/6/30,08:00,2.5, ,99170, ,12.76, ,7.20, ,58.6, 
2017/6/30,09:00,6.3, ,99170, ,19.02, ,17.70, ,58.5, 
2017/6/30,10:00,0.2, ,99170, ,17.77, ,17.80, ,58.5, 
2017/6/30,11:00,0.0, ,99170, ,17.77, ,17.80, ,58.5, 
2017/6/30,12:00,0.0, ,99210, ,19.47, ,14.40, ,58.5, 
2017/6/30,13:00,0.0, ,99290, ,31.73, ,7.00, ,58.5, 
2017/6/30,14:00,0.0, ,99330, ,24.81, ,17.80, ,58.5, 
2017/6/30,15:00,0.0, ,99330, ,27.08, ,11.30, ,58.5, 
2017/6/30,16:00,0.0, ,99460, ,28.42, ,0.00, ,58.5, 
2017/6/30,17:00,0.0, ,99580, ,26.92, ,0.00, ,58.6, 
2017/6/30,18:00,0.0, ,99630, ,29.07, ,10.40, ,58.6, 
2017/6/30,19:00,0.0, ,99670, ,27.96, ,21.20, ,58.6, 
2017/6/30,20:00,0.0, ,99670, ,22.75, ,24.60, ,58.5, 
2017/6/30,21:00,0.0, ,99670, ,21.99, ,19.40, ,58.5, 
2017/6/30,22:00,0.0, ,99710, ,27.58, ,19.40, ,58.5, 
2017/6/30,23:00,0.0, ,99710, ,22.95, ,19.40, ,58.5, 
2017/6/30,24:00,0.0, ,99710, ,19.46, ,19.40, ,58.5, 
