îCà”ä˙ä‘É_ÉÄèîó åüçıåãâ 
êÖånñº,ãgñÏêÏ
âÕêÏñº,ãgñÏêÏ
äœë™èäñº,ëÅñæâYÉ_ÉÄÅiã@ç\Åj
äœë™èäãLçÜ,1368080700010
#
#îNåéì˙,éûçè,ó¨àÊïΩãœâJó ,ó¨àÊïΩãœâJó ëÆê´,íôêÖó ,íôêÖó ëÆê´,ó¨ì¸ó ,ó¨ì¸ó ëÆê´,ï˙ó¨ó ,ï˙ó¨ó ëÆê´,íôêÖó¶,íôêÖó¶ëÆê´
#ëÆê´Å@$:åáë™ -:ñ¢éÛêM
#
2003/4/1,01:00,0.0, ,151810, ,8.60, ,0.00, ,98.5, 
2003/4/1,02:00,0.0, ,151810, ,6.03, ,0.00, ,98.5, 
2003/4/1,03:00,0.0, ,151810, ,0.00, ,0.00, ,98.5, 
2003/4/1,04:00,0.0, ,151860, ,8.70, ,0.00, ,98.6, 
2003/4/1,05:00,0.8, ,151860, ,5.72, ,0.00, ,98.6, 
2003/4/1,06:00,1.1, ,151920, ,8.97, ,0.00, ,98.6, 
2003/4/1,07:00,1.0, ,151970, ,10.08, ,0.00, ,98.6, 
2003/4/1,08:00,1.9, ,152020, ,9.93, ,0.00, ,98.7, 
2003/4/1,09:00,2.2, ,152020, ,14.32, ,0.00, ,98.7, 
2003/4/1,10:00,1.2, ,152070, ,6.11, ,0.00, ,98.7, 
2003/4/1,11:00,0.0, ,152120, ,14.34, ,0.00, ,98.7, 
2003/4/1,12:00,0.9, ,152180, ,12.71, ,0.00, ,98.8, 
2003/4/1,13:00,0.8, ,152230, ,16.23, ,0.00, ,98.8, 
2003/4/1,14:00,1.8, ,152280, ,15.68, ,0.00, ,98.8, 
2003/4/1,15:00,0.8, ,152330, ,16.34, ,0.00, ,98.9, 
2003/4/1,16:00,0.0, ,152380, ,15.00, ,0.00, ,98.9, 
2003/4/1,17:00,0.6, ,152440, ,16.37, ,0.00, ,99.0, 
2003/4/1,18:00,0.2, ,152490, ,15.97, ,0.00, ,99.0, 
2003/4/1,19:00,0.2, ,152540, ,15.13, ,0.00, ,99.0, 
2003/4/1,20:00,0.0, ,152590, ,13.13, ,0.00, ,99.1, 
2003/4/1,21:00,0.0, ,152650, ,15.72, ,0.00, ,99.1, 
2003/4/1,22:00,0.0, ,152700, ,13.91, ,0.00, ,99.1, 
2003/4/1,23:00,0.0, ,152750, ,14.47, ,0.00, ,99.2, 
2003/4/1,24:00,0.0, ,152800, ,12.11, ,0.00, ,98.5, 
2003/4/2,01:00,0.0, ,152850, ,13.80, ,0.00, ,98.5, 
2003/4/2,02:00,0.0, ,152910, ,7.74, ,0.00, ,98.6, 
2003/4/2,03:00,0.0, ,152910, ,11.29, ,0.00, ,98.6, 
2003/4/2,04:00,0.0, ,152960, ,5.73, ,0.00, ,98.6, 
2003/4/2,05:00,0.0, ,152960, ,8.78, ,0.00, ,98.6, 
2003/4/2,06:00,0.0, ,153010, ,11.70, ,0.00, ,98.6, 
2003/4/2,07:00,0.0, ,153010, ,2.81, ,0.00, ,98.6, 
2003/4/2,08:00,0.0, ,153060, ,10.74, ,0.00, ,98.7, 
2003/4/2,09:00,0.0, ,153060, ,3.78, ,0.00, ,98.7, 
2003/4/2,10:00,0.0, ,153120, ,13.16, ,0.00, ,98.7, 
2003/4/2,11:00,0.0, ,153170, ,10.38, ,0.00, ,98.7, 
2003/4/2,12:00,0.0, ,153220, ,13.15, ,0.00, ,98.8, 
2003/4/2,13:00,0.0, ,153270, ,15.91, ,0.00, ,98.8, 
2003/4/2,14:00,0.0, ,153320, ,14.22, ,0.00, ,98.8, 
2003/4/2,15:00,0.0, ,153380, ,17.11, ,0.00, ,98.9, 
2003/4/2,16:00,0.6, ,153430, ,11.83, ,0.00, ,98.9, 
2003/4/2,17:00,1.4, ,153480, ,13.16, ,22.00, ,99.0, 
2003/4/2,18:00,0.4, ,153480, ,23.76, ,60.80, ,99.0, 
2003/4/2,19:00,0.0, ,153320, ,23.15, ,61.40, ,98.8, 
2003/4/2,20:00,1.1, ,153170, ,18.23, ,38.40, ,98.7, 
2003/4/2,21:00,0.0, ,153060, ,15.52, ,33.90, ,98.7, 
2003/4/2,22:00,0.2, ,153060, ,14.50, ,4.70, ,98.7, 
2003/4/2,23:00,0.0, ,153060, ,14.98, ,0.00, ,98.7, 
2003/4/2,24:00,0.0, ,153060, ,0.00, ,0.00, ,98.0, 
2003/4/3,01:00,0.0, ,153120, ,6.27, ,0.00, ,98.0, 
2003/4/3,02:00,0.0, ,153120, ,8.25, ,0.00, ,98.0, 
2003/4/3,03:00,0.0, ,153170, ,10.82, ,0.00, ,98.1, 
2003/4/3,04:00,0.0, ,153220, ,7.46, ,0.00, ,98.1, 
2003/4/3,05:00,0.0, ,153220, ,10.78, ,0.00, ,98.1, 
2003/4/3,06:00,0.0, ,153270, ,5.50, ,0.00, ,98.1, 
2003/4/3,07:00,0.0, ,153270, ,9.03, ,0.00, ,98.1, 
2003/4/3,08:00,0.0, ,153320, ,7.78, ,0.00, ,98.2, 
2003/4/3,09:00,0.0, ,153320, ,6.76, ,0.00, ,98.2, 
2003/4/3,10:00,0.0, ,153380, ,9.14, ,0.00, ,98.2, 
2003/4/3,11:00,0.0, ,153430, ,14.35, ,0.00, ,98.2, 
2003/4/3,12:00,0.0, ,153480, ,13.96, ,0.00, ,98.3, 
2003/4/3,13:00,0.0, ,153530, ,13.77, ,0.00, ,98.3, 
2003/4/3,14:00,0.0, ,153590, ,14.70, ,0.00, ,98.4, 
2003/4/3,15:00,0.0, ,153640, ,12.91, ,0.00, ,98.4, 
2003/4/3,16:00,0.0, ,153690, ,15.46, ,0.00, ,98.4, 
2003/4/3,17:00,0.0, ,153740, ,13.36, ,20.00, ,98.5, 
2003/4/3,18:00,0.0, ,153740, ,19.77, ,27.40, ,98.5, 
2003/4/3,19:00,0.0, ,153740, ,23.94, ,27.60, ,98.5, 
2003/4/3,20:00,0.0, ,153690, ,18.92, ,20.40, ,98.4, 
2003/4/3,21:00,0.0, ,153690, ,17.57, ,4.30, ,98.4, 
2003/4/3,22:00,0.0, ,153690, ,9.28, ,0.00, ,98.4, 
2003/4/3,23:00,0.0, ,153690, ,0.00, ,0.00, ,98.4, 
2003/4/3,24:00,0.3, ,153740, ,14.18, ,0.00, ,97.8, 
2003/4/4,01:00,0.2, ,153800, ,11.34, ,0.00, ,97.8, 
2003/4/4,02:00,0.0, ,153850, ,8.57, ,0.00, ,97.9, 
2003/4/4,03:00,0.0, ,153850, ,9.62, ,0.00, ,97.9, 
2003/4/4,04:00,0.0, ,153900, ,9.21, ,0.00, ,97.9, 
2003/4/4,05:00,0.0, ,153900, ,5.37, ,0.00, ,97.9, 
2003/4/4,06:00,0.0, ,153950, ,12.78, ,0.00, ,98.0, 
2003/4/4,07:00,0.0, ,153950, ,1.80, ,0.00, ,98.0, 
2003/4/4,08:00,0.0, ,154000, ,12.49, ,0.00, ,98.0, 
2003/4/4,09:00,0.2, ,154060, ,4.04, ,0.00, ,98.0, 
2003/4/4,10:00,0.6, ,154110, ,15.05, ,0.00, ,98.1, 
2003/4/4,11:00,1.8, ,154160, ,17.29, ,0.00, ,98.1, 
2003/4/4,12:00,2.2, ,154210, ,18.83, ,0.00, ,98.1, 
2003/4/4,13:00,0.5, ,154320, ,22.45, ,21.60, ,98.2, 
2003/4/4,14:00,0.8, ,154320, ,23.74, ,0.00, ,98.2, 
2003/4/4,15:00,2.7, ,154420, ,20.36, ,0.00, ,98.3, 
2003/4/4,16:00,3.9, ,154530, ,26.86, ,0.00, ,98.3, 
2003/4/4,17:00,5.0, ,154690, ,35.23, ,0.00, ,98.5, 
2003/4/4,18:00,5.4, ,154850, ,41.89, ,0.00, ,98.6, 
2003/4/4,19:00,5.6, ,155060, ,50.82, ,0.00, ,98.7, 
2003/4/4,20:00,5.6, ,155320, ,63.98, ,0.00, ,98.9, 
2003/4/4,21:00,3.9, ,155580, ,76.84, ,0.00, ,99.1, 
2003/4/4,22:00,1.9, ,155900, ,80.80, ,0.00, ,99.3, 
2003/4/4,23:00,1.3, ,156110, ,76.93, ,0.00, ,99.4, 
2003/4/4,24:00,0.9, ,156430, ,74.89, ,0.00, ,98.9, 
2003/4/5,01:00,0.8, ,156640, ,66.24, ,0.00, ,99.0, 
2003/4/5,02:00,1.0, ,156800, ,57.06, ,0.00, ,99.1, 
2003/4/5,03:00,1.3, ,156960, ,50.88, ,0.00, ,99.3, 
2003/4/5,04:00,1.1, ,157170, ,48.01, ,0.00, ,99.4, 
2003/4/5,05:00,1.7, ,157330, ,41.90, ,0.00, ,99.5, 
2003/4/5,06:00,1.5, ,157440, ,43.80, ,0.00, ,99.6, 
2003/4/5,07:00,0.7, ,157600, ,38.84, ,0.00, ,99.7, 
2003/4/5,08:00,0.7, ,157760, ,41.31, ,0.00, ,99.8, 
2003/4/5,09:00,1.2, ,157860, ,37.06, ,0.00, ,99.9, 
2003/4/5,10:00,1.1, ,158020, ,40.77, ,0.00, ,100.0, 
2003/4/5,11:00,1.0, ,158180, ,46.40, ,0.00, ,100.0, 
2003/4/5,12:00,0.4, ,158340, ,38.77, ,0.00, ,100.0, 
2003/4/5,13:00,0.8, ,158450, ,37.40, ,0.00, ,100.0, 
2003/4/5,14:00,0.4, ,158610, ,37.36, ,0.00, ,100.0, 
2003/4/5,15:00,0.4, ,158720, ,36.39, ,0.00, ,100.0, 
2003/4/5,16:00,0.5, ,158820, ,36.65, ,0.00, ,100.0, 
2003/4/5,17:00,0.0, ,158980, ,37.18, ,0.00, ,100.0, 
2003/4/5,18:00,0.0, ,159090, ,32.76, ,0.00, ,100.0, 
2003/4/5,19:00,0.2, ,159200, ,32.21, ,0.00, ,100.0, 
2003/4/5,20:00,0.0, ,159310, ,29.82, ,0.00, ,100.0, 
2003/4/5,21:00,0.0, ,159470, ,34.10, ,0.00, ,100.0, 
2003/4/5,22:00,0.0, ,159520, ,27.53, ,0.00, ,100.0, 
2003/4/5,23:00,0.0, ,159630, ,26.65, ,0.00, ,100.0, 
2003/4/5,24:00,0.0, ,159730, ,29.48, ,0.00, ,100.0, 
2003/4/6,01:00,0.0, ,159790, ,19.86, ,0.00, ,100.0, 
2003/4/6,02:00,0.0, ,159890, ,19.88, ,0.00, ,100.0, 
2003/4/6,03:00,0.0, ,159950, ,21.20, ,0.00, ,100.0, 
2003/4/6,04:00,0.0, ,160000, ,15.23, ,0.00, ,100.0, 
2003/4/6,05:00,0.0, ,160110, ,23.49, ,0.00, ,100.0, 
2003/4/6,06:00,0.0, ,160160, ,17.60, ,0.00, ,100.0, 
2003/4/6,07:00,0.0, ,160220, ,18.71, ,0.00, ,100.0, 
2003/4/6,08:00,0.0, ,160270, ,14.03, ,0.00, ,100.0, 
2003/4/6,09:00,0.0, ,160320, ,15.90, ,0.00, ,100.0, 
2003/4/6,10:00,0.0, ,160430, ,21.55, ,0.00, ,100.0, 
2003/4/6,11:00,0.0, ,160480, ,24.08, ,0.00, ,100.0, 
2003/4/6,12:00,0.0, ,160590, ,24.84, ,0.00, ,100.0, 
2003/4/6,13:00,0.0, ,160650, ,22.56, ,0.00, ,100.0, 
2003/4/6,14:00,0.0, ,160750, ,26.21, ,0.00, ,100.0, 
2003/4/6,15:00,0.0, ,160860, ,22.40, ,0.00, ,100.0, 
2003/4/6,16:00,0.0, ,160910, ,26.31, ,0.00, ,100.0, 
2003/4/6,17:00,0.0, ,161020, ,22.99, ,0.00, ,100.0, 
2003/4/6,18:00,0.2, ,161070, ,18.31, ,0.00, ,100.0, 
2003/4/6,19:00,0.0, ,161180, ,20.50, ,0.00, ,100.0, 
2003/4/6,20:00,0.0, ,161240, ,24.06, ,0.00, ,100.0, 
2003/4/6,21:00,0.0, ,161340, ,21.53, ,0.00, ,100.0, 
2003/4/6,22:00,0.0, ,161400, ,23.23, ,0.00, ,100.0, 
2003/4/6,23:00,0.0, ,161450, ,16.73, ,0.00, ,100.0, 
2003/4/6,24:00,0.0, ,161500, ,17.98, ,0.00, ,100.0, 
2003/4/7,01:00,0.0, ,161560, ,17.71, ,0.00, ,100.0, 
2003/4/7,02:00,0.0, ,161610, ,11.87, ,0.00, ,100.0, 
2003/4/7,03:00,0.0, ,161670, ,14.43, ,0.00, ,100.0, 
2003/4/7,04:00,0.0, ,161720, ,12.94, ,0.00, ,100.0, 
2003/4/7,05:00,0.0, ,161770, ,13.39, ,0.00, ,100.0, 
2003/4/7,06:00,0.0, ,161830, ,12.03, ,0.00, ,100.0, 
2003/4/7,07:00,0.0, ,161880, ,14.22, ,0.00, ,100.0, 
2003/4/7,08:00,0.0, ,161880, ,11.21, ,0.00, ,100.0, 
2003/4/7,09:00,0.0, ,161940, ,14.60, ,21.40, ,100.0, 
2003/4/7,10:00,0.0, ,161940, ,16.15, ,29.60, ,100.0, 
2003/4/7,11:00,0.0, ,161830, ,36.54, ,56.90, ,100.0, 
2003/4/7,12:00,0.0, ,161720, ,20.77, ,12.10, ,100.0, 
2003/4/7,13:00,0.0, ,161770, ,11.36, ,0.00, ,100.0, 
2003/4/7,14:00,0.0, ,161830, ,15.96, ,0.00, ,100.0, 
2003/4/7,15:00,0.0, ,161880, ,21.30, ,0.00, ,100.0, 
2003/4/7,16:00,0.0, ,161990, ,20.36, ,0.00, ,100.0, 
2003/4/7,17:00,0.0, ,162040, ,17.84, ,0.00, ,100.0, 
2003/4/7,18:00,0.0, ,162100, ,19.59, ,16.90, ,100.0, 
2003/4/7,19:00,0.0, ,162100, ,20.33, ,23.40, ,100.0, 
2003/4/7,20:00,0.0, ,162100, ,22.52, ,4.50, ,100.0, 
2003/4/7,21:00,0.0, ,162150, ,15.33, ,0.00, ,100.0, 
2003/4/7,22:00,0.0, ,162200, ,18.13, ,0.00, ,100.0, 
2003/4/7,23:00,0.0, ,162310, ,21.16, ,0.00, ,100.0, 
2003/4/7,24:00,0.0, ,162370, ,22.86, ,0.00, ,100.0, 
2003/4/8,01:00,1.2, ,162420, ,15.53, ,0.00, ,100.0, 
2003/4/8,02:00,2.0, ,162530, ,19.66, ,0.00, ,100.0, 
2003/4/8,03:00,1.2, ,162530, ,24.93, ,0.00, ,100.0, 
2003/4/8,04:00,1.3, ,162690, ,20.69, ,0.00, ,100.0, 
2003/4/8,05:00,1.6, ,162740, ,24.78, ,0.00, ,100.0, 
2003/4/8,06:00,1.8, ,162910, ,32.67, ,0.00, ,100.0, 
2003/4/8,07:00,6.2, ,163120, ,52.74, ,0.00, ,100.0, 
2003/4/8,08:00,7.3, ,163500, ,74.82, ,0.00, ,100.0, 
2003/4/8,09:00,5.8, ,164040, ,131.19, ,20.90, ,100.0, 
2003/4/8,10:00,14.8, ,164530, ,159.22, ,45.90, ,100.0, 
2003/4/8,11:00,1.4, ,164860, ,160.67, ,56.20, ,100.0, 
2003/4/8,12:00,0.0, ,165240, ,144.90, ,0.00, ,100.0, 
2003/4/8,13:00,0.0, ,165510, ,122.32, ,0.00, ,100.0, 
2003/4/8,14:00,0.0, ,165950, ,101.41, ,0.00, ,100.0, 
2003/4/8,15:00,0.0, ,166170, ,88.57, ,0.00, ,100.0, 
2003/4/8,16:00,0.0, ,166500, ,78.98, ,0.00, ,100.0, 
2003/4/8,17:00,0.0, ,166660, ,65.27, ,0.00, ,100.0, 
2003/4/8,18:00,0.0, ,166880, ,61.74, ,16.90, ,100.0, 
2003/4/8,19:00,0.0, ,167050, ,54.69, ,20.80, ,100.0, 
2003/4/8,20:00,0.0, ,167160, ,55.49, ,4.40, ,100.0, 
2003/4/8,21:00,0.0, ,167320, ,55.54, ,0.00, ,100.0, 
2003/4/8,22:00,0.0, ,167540, ,49.29, ,0.00, ,100.0, 
2003/4/8,23:00,0.0, ,167650, ,48.53, ,0.00, ,100.0, 
2003/4/8,24:00,0.0, ,167870, ,45.19, ,0.00, ,100.0, 
2003/4/9,01:00,0.0, ,167980, ,46.06, ,0.00, ,100.0, 
2003/4/9,02:00,0.0, ,168200, ,46.29, ,0.00, ,100.0, 
2003/4/9,03:00,0.0, ,168310, ,42.61, ,0.00, ,100.0, 
2003/4/9,04:00,0.0, ,168480, ,45.60, ,0.00, ,100.0, 
2003/4/9,05:00,0.0, ,168650, ,41.63, ,0.00, ,100.0, 
2003/4/9,06:00,0.0, ,168810, ,42.24, ,0.00, ,100.0, 
2003/4/9,07:00,0.0, ,168920, ,40.57, ,0.00, ,100.0, 
2003/4/9,08:00,0.0, ,169090, ,41.87, ,0.00, ,100.0, 
2003/4/9,09:00,0.0, ,169250, ,40.89, ,0.00, ,100.0, 
2003/4/9,10:00,0.0, ,169360, ,41.40, ,0.00, ,100.0, 
2003/4/9,11:00,0.0, ,169530, ,40.19, ,0.00, ,100.0, 
2003/4/9,12:00,0.0, ,169640, ,36.34, ,0.00, ,100.0, 
2003/4/9,13:00,0.0, ,169810, ,36.86, ,0.00, ,100.0, 
2003/4/9,14:00,0.0, ,169920, ,37.29, ,0.00, ,100.0, 
2003/4/9,15:00,0.0, ,170030, ,36.82, ,0.00, ,100.0, 
2003/4/9,16:00,0.0, ,170200, ,40.87, ,0.00, ,100.0, 
2003/4/9,17:00,0.2, ,170310, ,37.26, ,21.90, ,100.0, 
2003/4/9,18:00,0.3, ,170360, ,38.21, ,50.60, ,100.0, 
2003/4/9,19:00,0.0, ,170310, ,44.31, ,58.30, ,100.0, 
2003/4/9,20:00,0.2, ,170200, ,34.88, ,36.70, ,100.0, 
2003/4/9,21:00,0.5, ,170200, ,26.25, ,4.30, ,100.0, 
2003/4/9,22:00,0.2, ,170310, ,29.33, ,0.00, ,100.0, 
2003/4/9,23:00,0.2, ,170470, ,33.91, ,0.00, ,100.0, 
2003/4/9,24:00,0.0, ,170580, ,37.83, ,0.00, ,100.0, 
2003/4/10,01:00,0.0, ,170700, ,31.47, ,0.00, ,100.0, 
2003/4/10,02:00,0.0, ,170810, ,31.27, ,0.00, ,100.0, 
2003/4/10,03:00,0.0, ,170920, ,31.26, ,0.00, ,100.0, 
2003/4/10,04:00,0.0, ,170970, ,28.62, ,0.00, ,100.0, 
2003/4/10,05:00,0.0, ,171140, ,33.58, ,0.00, ,100.0, 
2003/4/10,06:00,0.0, ,171250, ,29.85, ,0.00, ,100.0, 
2003/4/10,07:00,0.0, ,171360, ,28.29, ,0.00, ,100.0, 
2003/4/10,08:00,0.0, ,171480, ,34.09, ,21.30, ,100.0, 
2003/4/10,09:00,0.0, ,171480, ,35.12, ,55.50, ,100.0, 
2003/4/10,10:00,0.0, ,171360, ,34.66, ,58.30, ,100.0, 
2003/4/10,11:00,0.0, ,171310, ,30.35, ,30.30, ,100.0, 
2003/4/10,12:00,0.0, ,171250, ,25.76, ,4.20, ,100.0, 
2003/4/10,13:00,0.0, ,171310, ,16.22, ,30.20, ,100.0, 
2003/4/10,14:00,0.0, ,171310, ,22.26, ,45.80, ,100.0, 
2003/4/10,15:00,0.0, ,171310, ,38.60, ,48.50, ,100.0, 
2003/4/10,16:00,0.0, ,171250, ,39.33, ,48.60, ,100.0, 
2003/4/10,17:00,0.0, ,171140, ,23.55, ,8.50, ,100.0, 
2003/4/10,18:00,0.0, ,171200, ,16.01, ,0.00, ,100.0, 
2003/4/10,19:00,0.0, ,171310, ,23.28, ,0.00, ,100.0, 
2003/4/10,20:00,0.0, ,171360, ,25.69, ,0.00, ,100.0, 
2003/4/10,21:00,0.0, ,171480, ,27.43, ,0.00, ,100.0, 
2003/4/10,22:00,0.0, ,171590, ,25.44, ,0.00, ,100.0, 
2003/4/10,23:00,0.0, ,171700, ,31.55, ,0.00, ,100.0, 
2003/4/10,24:00,0.0, ,171750, ,23.39, ,0.00, ,100.0, 
2003/4/11,01:00,0.0, ,171870, ,25.01, ,0.00, ,100.0, 
2003/4/11,02:00,0.0, ,171980, ,24.22, ,0.00, ,100.0, 
2003/4/11,03:00,0.0, ,172030, ,28.17, ,0.00, ,100.0, 
2003/4/11,04:00,0.0, ,172140, ,21.60, ,0.00, ,100.0, 
2003/4/11,05:00,0.0, ,172200, ,25.28, ,0.00, ,100.0, 
2003/4/11,06:00,0.0, ,172310, ,24.04, ,0.00, ,100.0, 
2003/4/11,07:00,0.0, ,172370, ,25.29, ,0.00, ,100.0, 
2003/4/11,08:00,0.0, ,172480, ,25.05, ,21.70, ,100.0, 
2003/4/11,09:00,0.0, ,172480, ,27.34, ,58.10, ,100.0, 
2003/4/11,10:00,0.0, ,172370, ,35.68, ,58.00, ,100.0, 
2003/4/11,11:00,0.2, ,172260, ,22.09, ,30.30, ,100.0, 
2003/4/11,12:00,0.3, ,172260, ,26.72, ,4.40, ,100.0, 
2003/4/11,13:00,0.2, ,172310, ,14.68, ,0.00, ,100.0, 
2003/4/11,14:00,0.0, ,172370, ,22.30, ,0.00, ,100.0, 
2003/4/11,15:00,0.4, ,172480, ,19.73, ,21.90, ,100.0, 
2003/4/11,16:00,0.0, ,172480, ,35.67, ,50.40, ,100.0, 
2003/4/11,17:00,0.6, ,172370, ,30.77, ,58.00, ,100.0, 
2003/4/11,18:00,0.0, ,172260, ,23.36, ,58.30, ,100.0, 
2003/4/11,19:00,0.6, ,172140, ,23.16, ,58.30, ,100.0, 
2003/4/11,20:00,0.2, ,172030, ,26.93, ,37.10, ,100.0, 
2003/4/11,21:00,0.0, ,171980, ,19.49, ,0.00, ,100.0, 
2003/4/11,22:00,0.6, ,172030, ,18.98, ,0.00, ,100.0, 
2003/4/11,23:00,0.0, ,172140, ,23.25, ,0.00, ,100.0, 
2003/4/11,24:00,0.0, ,172200, ,24.92, ,0.00, ,100.0, 
2003/4/12,01:00,0.0, ,172310, ,27.56, ,0.00, ,100.0, 
2003/4/12,02:00,0.0, ,172420, ,24.10, ,0.00, ,100.0, 
2003/4/12,03:00,0.0, ,172540, ,29.60, ,0.00, ,100.0, 
2003/4/12,04:00,0.3, ,172650, ,33.34, ,0.00, ,100.0, 
2003/4/12,05:00,1.2, ,172700, ,27.10, ,0.00, ,100.0, 
2003/4/12,06:00,0.2, ,172870, ,35.97, ,0.00, ,100.0, 
2003/4/12,07:00,0.0, ,172980, ,35.13, ,0.00, ,100.0, 
2003/4/12,08:00,0.0, ,173150, ,39.40, ,0.00, ,100.0, 
2003/4/12,09:00,0.3, ,173320, ,42.50, ,0.00, ,100.0, 
2003/4/12,10:00,0.0, ,173490, ,51.68, ,0.00, ,100.0, 
2003/4/12,11:00,0.0, ,173710, ,51.53, ,0.00, ,100.0, 
2003/4/12,12:00,0.0, ,173880, ,57.14, ,0.00, ,100.0, 
2003/4/12,13:00,0.0, ,174110, ,58.63, ,0.00, ,100.0, 
2003/4/12,14:00,0.0, ,174330, ,53.53, ,0.00, ,100.0, 
2003/4/12,15:00,0.0, ,174500, ,57.68, ,0.00, ,100.0, 
2003/4/12,16:00,0.0, ,174730, ,50.25, ,0.00, ,100.0, 
2003/4/12,17:00,0.0, ,174840, ,50.14, ,22.00, ,100.0, 
2003/4/12,18:00,0.0, ,174890, ,43.98, ,51.70, ,100.0, 
2003/4/12,19:00,0.0, ,174890, ,46.16, ,54.80, ,100.0, 
2003/4/12,20:00,0.0, ,174890, ,56.08, ,57.70, ,100.0, 
2003/4/12,21:00,0.0, ,174780, ,37.88, ,30.30, ,100.0, 
2003/4/12,22:00,0.0, ,174780, ,31.86, ,0.00, ,100.0, 
2003/4/12,23:00,0.0, ,174890, ,29.64, ,0.00, ,100.0, 
2003/4/12,24:00,0.0, ,175010, ,35.52, ,0.00, ,100.0, 
2003/4/13,01:00,0.0, ,175180, ,37.18, ,0.00, ,100.0, 
2003/4/13,02:00,0.0, ,175290, ,32.39, ,0.00, ,100.0, 
2003/4/13,03:00,0.0, ,175400, ,36.03, ,0.00, ,100.0, 
2003/4/13,04:00,0.0, ,175510, ,28.75, ,0.00, ,100.0, 
2003/4/13,05:00,0.0, ,175630, ,33.12, ,0.00, ,100.0, 
2003/4/13,06:00,0.0, ,175740, ,31.72, ,0.00, ,100.0, 
2003/4/13,07:00,0.0, ,175850, ,29.35, ,0.00, ,100.0, 
2003/4/13,08:00,0.0, ,175970, ,32.68, ,0.00, ,100.0, 
2003/4/13,09:00,0.0, ,176080, ,30.65, ,0.00, ,100.0, 
2003/4/13,10:00,0.0, ,176190, ,31.29, ,0.00, ,100.0, 
2003/4/13,12:00,0.0, ,176360, ,30.19, ,0.00, ,100.0, 
2003/4/13,13:00,0.0, ,176480, ,29.46, ,0.00, ,100.0, 
2003/4/13,14:00,0.0, ,176590, ,27.41, ,0.00, ,100.0, 
2003/4/13,15:00,0.0, ,176700, ,29.67, ,0.00, ,100.0, 
2003/4/13,16:00,0.0, ,176820, ,26.45, ,0.00, ,100.0, 
2003/4/13,17:00,0.0, ,176930, ,31.81, ,0.00, ,100.0, 
2003/4/13,18:00,0.0, ,176990, ,27.13, ,30.00, ,100.0, 
2003/4/13,19:00,0.0, ,176990, ,24.82, ,50.50, ,100.0, 
2003/4/13,20:00,0.0, ,176930, ,39.25, ,57.60, ,100.0, 
2003/4/13,21:00,0.0, ,176820, ,31.42, ,30.10, ,100.0, 
2003/4/13,22:00,0.0, ,176820, ,26.57, ,4.30, ,100.0, 
2003/4/13,23:00,0.0, ,176820, ,14.37, ,0.00, ,100.0, 
2003/4/13,24:00,0.0, ,176930, ,17.21, ,0.00, ,100.0, 
2003/4/14,01:00,0.0, ,176990, ,23.87, ,0.00, ,100.0, 
2003/4/14,02:00,0.0, ,177100, ,26.92, ,0.00, ,100.0, 
2003/4/14,03:00,0.0, ,177210, ,26.43, ,0.00, ,100.0, 
2003/4/14,04:00,0.0, ,177270, ,24.76, ,0.00, ,100.0, 
2003/4/14,05:00,0.0, ,177380, ,24.40, ,0.00, ,100.0, 
2003/4/14,06:00,0.0, ,177440, ,23.04, ,0.00, ,100.0, 
2003/4/14,07:00,0.0, ,177550, ,25.68, ,0.00, ,100.0, 
2003/4/14,08:00,0.0, ,177610, ,21.61, ,0.00, ,100.0, 
2003/4/14,09:00,0.0, ,177720, ,25.49, ,28.60, ,100.0, 
2003/4/14,10:00,0.0, ,177720, ,27.65, ,51.90, ,100.0, 
2003/4/14,11:00,0.0, ,177670, ,35.80, ,51.90, ,100.0, 
2003/4/14,12:00,0.0, ,177550, ,28.33, ,31.20, ,100.0, 
2003/4/14,13:00,0.0, ,177550, ,20.82, ,47.80, ,100.0, 
2003/4/14,14:00,0.0, ,177440, ,27.07, ,51.80, ,100.0, 
2003/4/14,15:00,0.0, ,177330, ,19.42, ,51.60, ,100.0, 
2003/4/14,16:00,0.0, ,177270, ,25.84, ,0.00, ,100.0, 
2003/4/14,17:00,0.0, ,177270, ,17.58, ,28.80, ,100.0, 
2003/4/14,18:00,0.0, ,177270, ,16.55, ,50.10, ,100.0, 
2003/4/14,19:00,0.0, ,177160, ,32.52, ,54.30, ,100.0, 
2003/4/14,20:00,0.0, ,177100, ,24.22, ,51.80, ,100.0, 
2003/4/14,21:00,0.0, ,176930, ,20.97, ,54.90, ,100.0, 
2003/4/14,22:00,0.0, ,176820, ,20.82, ,35.00, ,99.9, 
2003/4/14,23:00,0.0, ,176820, ,21.52, ,4.30, ,99.9, 
2003/4/14,24:00,0.0, ,176820, ,13.12, ,0.00, ,100.0, 
2003/4/15,01:00,0.0, ,176930, ,15.29, ,0.00, ,100.0, 
2003/4/15,02:00,0.0, ,176990, ,23.42, ,0.00, ,100.0, 
2003/4/15,03:00,0.0, ,177100, ,21.96, ,0.00, ,100.0, 
2003/4/15,04:00,0.0, ,177160, ,22.05, ,0.00, ,100.0, 
2003/4/15,05:00,0.0, ,177210, ,21.55, ,0.00, ,100.0, 
2003/4/15,06:00,0.0, ,177330, ,23.68, ,0.00, ,100.0, 
2003/4/15,07:00,0.0, ,177380, ,19.38, ,0.00, ,100.0, 
2003/4/15,08:00,0.0, ,177440, ,19.04, ,0.00, ,100.0, 
2003/4/15,09:00,0.0, ,177550, ,22.79, ,28.50, ,100.0, 
2003/4/15,10:00,0.0, ,177550, ,31.17, ,46.90, ,100.0, 
2003/4/15,11:00,0.0, ,177500, ,31.63, ,51.90, ,100.0, 
2003/4/15,12:00,0.0, ,177330, ,20.52, ,31.70, ,100.0, 
2003/4/15,13:00,0.0, ,177270, ,16.24, ,28.70, ,100.0, 
2003/4/15,14:00,0.0, ,177210, ,19.04, ,51.80, ,100.0, 
2003/4/15,15:00,0.0, ,177040, ,15.53, ,32.90, ,100.0, 
2003/4/15,16:00,0.0, ,176990, ,13.93, ,31.00, ,100.0, 
2003/4/15,17:00,0.0, ,176930, ,18.64, ,26.60, ,100.0, 
2003/4/15,18:00,0.0, ,176870, ,14.68, ,54.60, ,100.0, 
2003/4/15,19:00,0.0, ,176760, ,14.55, ,51.70, ,100.0, 
2003/4/15,20:00,0.0, ,176650, ,15.69, ,52.00, ,99.9, 
2003/4/15,21:00,0.0, ,176480, ,13.38, ,54.90, ,99.8, 
2003/4/15,22:00,0.0, ,176360, ,14.50, ,34.90, ,99.7, 
2003/4/15,23:00,0.0, ,176310, ,15.97, ,4.20, ,99.7, 
2003/4/15,24:00,0.0, ,176310, ,9.34, ,0.00, ,100.0, 
2003/4/16,01:00,0.0, ,176310, ,0.00, ,0.00, ,100.0, 
2003/4/16,02:00,0.0, ,176360, ,1.36, ,0.00, ,100.0, 
2003/4/16,03:00,0.0, ,176360, ,14.35, ,0.00, ,100.0, 
2003/4/16,04:00,0.0, ,176420, ,11.83, ,0.00, ,100.0, 
2003/4/16,05:00,0.0, ,176480, ,5.05, ,0.00, ,100.0, 
2003/4/16,06:00,0.0, ,176480, ,14.54, ,0.00, ,100.0, 
2003/4/16,07:00,0.0, ,176530, ,11.55, ,0.00, ,100.0, 
2003/4/16,08:00,0.0, ,176590, ,8.31, ,0.00, ,100.0, 
2003/4/16,09:00,0.0, ,176590, ,11.61, ,21.60, ,100.0, 
2003/4/16,10:00,0.0, ,176590, ,14.60, ,44.40, ,100.0, 
2003/4/16,11:00,0.0, ,176530, ,34.33, ,52.10, ,100.0, 
2003/4/16,12:00,0.0, ,176420, ,22.16, ,31.50, ,100.0, 
2003/4/16,13:00,0.0, ,176360, ,15.78, ,48.40, ,100.0, 
2003/4/16,14:00,0.0, ,176250, ,20.55, ,52.10, ,100.0, 
2003/4/16,15:00,0.0, ,176140, ,19.16, ,29.00, ,99.9, 
2003/4/16,16:00,0.0, ,176080, ,17.60, ,31.40, ,99.9, 
2003/4/16,17:00,0.0, ,176020, ,20.13, ,26.70, ,99.8, 
2003/4/16,18:00,0.0, ,176020, ,15.58, ,52.10, ,99.8, 
2003/4/16,19:00,0.0, ,175910, ,18.81, ,51.80, ,99.7, 
2003/4/16,20:00,0.0, ,175740, ,20.34, ,54.90, ,99.6, 
2003/4/16,21:00,0.0, ,175680, ,20.30, ,52.40, ,99.6, 
2003/4/16,22:00,0.0, ,175510, ,15.44, ,35.00, ,99.5, 
2003/4/16,23:00,0.0, ,175460, ,15.19, ,4.30, ,99.5, 
2003/4/16,24:00,0.0, ,175460, ,7.15, ,0.00, ,100.0, 
2003/4/17,01:00,0.0, ,175460, ,0.00, ,0.00, ,100.0, 
2003/4/17,02:00,0.0, ,175510, ,13.58, ,0.00, ,100.0, 
2003/4/17,03:00,0.0, ,175570, ,7.94, ,0.00, ,100.0, 
2003/4/17,04:00,0.0, ,175570, ,9.83, ,0.00, ,100.0, 
2003/4/17,05:00,0.0, ,175630, ,15.03, ,0.00, ,100.0, 
2003/4/17,06:00,0.0, ,175680, ,11.50, ,0.00, ,100.0, 
2003/4/17,07:00,0.0, ,175680, ,4.83, ,0.00, ,100.0, 
2003/4/17,08:00,0.0, ,175740, ,13.90, ,0.00, ,100.0, 
2003/4/17,09:00,0.0, ,175800, ,6.63, ,21.70, ,100.0, 
2003/4/17,10:00,0.0, ,175800, ,24.95, ,44.20, ,100.0, 
2003/4/17,11:00,0.0, ,175680, ,21.69, ,52.00, ,100.0, 
2003/4/17,12:00,0.0, ,175570, ,19.16, ,51.90, ,100.0, 
2003/4/17,13:00,0.0, ,175510, ,12.93, ,52.00, ,100.0, 
2003/4/17,14:00,0.0, ,175400, ,18.16, ,52.10, ,100.0, 
2003/4/17,15:00,0.0, ,175230, ,16.25, ,31.40, ,99.9, 
2003/4/17,16:00,0.0, ,175230, ,20.67, ,31.20, ,99.9, 
2003/4/17,17:00,0.0, ,175180, ,15.49, ,26.60, ,99.8, 
2003/4/17,18:00,0.0, ,175120, ,25.84, ,52.00, ,99.8, 
2003/4/17,19:00,0.0, ,175010, ,12.41, ,52.00, ,99.7, 
2003/4/17,20:00,0.0, ,174890, ,19.94, ,54.90, ,99.6, 
2003/4/17,21:00,0.0, ,174780, ,19.15, ,52.10, ,99.6, 
2003/4/17,22:00,0.0, ,174610, ,15.26, ,32.90, ,99.5, 
2003/4/17,23:00,0.0, ,174610, ,16.54, ,4.10, ,99.5, 
2003/4/17,24:00,0.0, ,174610, ,13.27, ,0.00, ,100.0, 
2003/4/18,01:00,0.0, ,174610, ,0.00, ,0.00, ,100.0, 
2003/4/18,02:00,0.0, ,174670, ,9.15, ,0.00, ,100.0, 
2003/4/18,03:00,0.0, ,174730, ,13.32, ,0.00, ,100.0, 
2003/4/18,04:00,0.0, ,174780, ,12.23, ,0.00, ,100.0, 
2003/4/18,05:00,0.0, ,174840, ,13.79, ,0.00, ,100.0, 
2003/4/18,06:00,0.0, ,174840, ,14.08, ,0.00, ,100.0, 
2003/4/18,07:00,0.0, ,174950, ,15.42, ,0.00, ,100.0, 
2003/4/18,08:00,0.0, ,175010, ,17.08, ,0.00, ,100.0, 
2003/4/18,09:00,0.0, ,175060, ,16.49, ,20.40, ,100.0, 
2003/4/18,10:00,0.0, ,175060, ,27.81, ,26.40, ,100.0, 
2003/4/18,11:00,0.0, ,175010, ,21.89, ,43.10, ,100.0, 
2003/4/18,12:00,0.0, ,174890, ,10.76, ,0.00, ,100.0, 
2003/4/18,13:00,0.0, ,174890, ,5.90, ,30.20, ,100.0, 
2003/4/18,14:00,0.0, ,174840, ,11.65, ,47.20, ,100.0, 
2003/4/18,15:00,0.0, ,174730, ,14.25, ,46.80, ,100.0, 
2003/4/18,16:00,0.0, ,174610, ,13.69, ,46.70, ,100.0, 
2003/4/18,17:00,0.0, ,174500, ,13.94, ,29.50, ,99.9, 
2003/4/18,18:00,0.0, ,174440, ,13.93, ,29.00, ,99.9, 
2003/4/18,19:00,0.0, ,174390, ,8.60, ,43.20, ,99.9, 
2003/4/18,20:00,0.0, ,174270, ,16.17, ,43.00, ,99.8, 
2003/4/18,21:00,0.0, ,174160, ,12.63, ,6.60, ,99.7, 
2003/4/18,22:00,0.0, ,174160, ,10.65, ,0.00, ,99.7, 
2003/4/18,23:00,0.0, ,174160, ,0.00, ,0.00, ,99.7, 
2003/4/18,24:00,0.0, ,174220, ,6.77, ,0.00, ,100.0, 
2003/4/19,01:00,0.0, ,174270, ,13.30, ,0.00, ,100.0, 
2003/4/19,02:00,0.0, ,174270, ,11.22, ,0.00, ,100.0, 
2003/4/19,03:00,0.0, ,174390, ,18.30, ,0.00, ,100.0, 
2003/4/19,04:00,0.0, ,174440, ,17.92, ,0.00, ,100.0, 
2003/4/19,05:00,0.0, ,174500, ,14.30, ,0.00, ,100.0, 
2003/4/19,06:00,0.0, ,174560, ,18.70, ,0.00, ,100.0, 
2003/4/19,07:00,0.0, ,174610, ,14.30, ,0.00, ,100.0, 
2003/4/19,08:00,0.0, ,174670, ,19.07, ,0.00, ,100.0, 
2003/4/19,09:00,0.0, ,174730, ,12.85, ,0.00, ,100.0, 
2003/4/19,10:00,0.0, ,174730, ,9.54, ,0.00, ,100.0, 
2003/4/19,11:00,0.0, ,174780, ,15.51, ,0.00, ,100.0, 
2003/4/19,12:00,0.0, ,174840, ,10.92, ,0.00, ,100.0, 
2003/4/19,13:00,0.0, ,174840, ,4.88, ,26.40, ,100.0, 
2003/4/19,14:00,0.4, ,174840, ,13.48, ,24.30, ,100.0, 
2003/4/19,15:00,0.4, ,174840, ,25.11, ,26.60, ,100.0, 
2003/4/19,16:00,0.5, ,174780, ,19.62, ,26.50, ,100.0, 
2003/4/19,17:00,0.0, ,174730, ,13.11, ,26.60, ,100.0, 
2003/4/19,18:00,0.3, ,174670, ,14.86, ,26.40, ,100.0, 
2003/4/19,19:00,0.3, ,174670, ,11.49, ,26.50, ,100.0, 
2003/4/19,20:00,0.1, ,174610, ,14.24, ,4.30, ,100.0, 
2003/4/19,21:00,0.6, ,174610, ,8.80, ,0.00, ,100.0, 
2003/4/19,22:00,1.4, ,174670, ,0.44, ,0.00, ,100.0, 
2003/4/19,23:00,3.9, ,174730, ,18.92, ,0.00, ,100.0, 
2003/4/19,24:00,4.3, ,174780, ,16.97, ,0.00, ,100.0, 
2003/4/20,01:00,0.1, ,174840, ,24.59, ,0.00, ,100.0, 
2003/4/20,02:00,0.0, ,174840, ,1.64, ,0.00, ,100.0, 
2003/4/20,03:00,0.1, ,174890, ,13.77, ,0.00, ,100.0, 
2003/4/20,04:00,0.0, ,174950, ,2.66, ,0.00, ,100.0, 
2003/4/20,05:00,0.0, ,174950, ,14.87, ,0.00, ,100.0, 
2003/4/20,06:00,0.6, ,175010, ,8.66, ,0.00, ,100.0, 
2003/4/20,07:00,0.2, ,175010, ,6.99, ,0.00, ,100.0, 
2003/4/20,08:00,0.0, ,175060, ,11.63, ,0.00, ,100.0, 
2003/4/20,09:00,0.1, ,175120, ,9.84, ,0.00, ,100.0, 
2003/4/20,10:00,0.0, ,175180, ,12.87, ,0.00, ,100.0, 
2003/4/20,11:00,0.0, ,175230, ,13.75, ,0.00, ,100.0, 
2003/4/20,12:00,0.1, ,175290, ,17.59, ,0.00, ,100.0, 
2003/4/20,13:00,0.0, ,175350, ,15.48, ,0.00, ,100.0, 
2003/4/20,14:00,0.0, ,175400, ,14.29, ,0.00, ,100.0, 
2003/4/20,15:00,0.0, ,175460, ,15.70, ,0.00, ,100.0, 
2003/4/20,16:00,0.0, ,175510, ,16.74, ,0.00, ,100.0, 
2003/4/20,17:00,0.0, ,175570, ,16.35, ,0.00, ,100.0, 
2003/4/20,18:00,0.1, ,175630, ,17.61, ,0.00, ,100.0, 
2003/4/20,19:00,0.0, ,175680, ,17.17, ,0.00, ,100.0, 
2003/4/20,20:00,0.0, ,175740, ,16.96, ,0.00, ,100.0, 
2003/4/20,21:00,0.0, ,175800, ,14.22, ,0.00, ,100.0, 
2003/4/20,22:00,0.0, ,175850, ,18.72, ,0.00, ,100.0, 
2003/4/20,23:00,0.0, ,175910, ,13.08, ,0.00, ,100.0, 
2003/4/20,24:00,0.0, ,175970, ,9.18, ,0.00, ,100.0, 
2003/4/21,01:00,0.0, ,175970, ,15.27, ,0.00, ,100.0, 
2003/4/21,02:00,0.0, ,176020, ,4.84, ,0.00, ,100.0, 
2003/4/21,03:00,0.0, ,176020, ,10.86, ,0.00, ,100.0, 
2003/4/21,04:00,0.0, ,176080, ,4.87, ,0.00, ,100.0, 
2003/4/21,05:00,0.0, ,176080, ,10.83, ,0.00, ,100.0, 
2003/4/21,06:00,0.0, ,176140, ,15.52, ,0.00, ,100.0, 
2003/4/21,07:00,0.0, ,176140, ,0.18, ,0.00, ,100.0, 
2003/4/21,08:00,0.0, ,176190, ,14.18, ,0.00, ,100.0, 
2003/4/21,09:00,0.0, ,176250, ,6.26, ,21.60, ,100.0, 
2003/4/21,10:00,0.0, ,176190, ,18.17, ,57.20, ,100.0, 
2003/4/21,11:00,0.0, ,176020, ,13.67, ,57.70, ,100.0, 
2003/4/21,12:00,0.0, ,175850, ,14.58, ,0.00, ,99.9, 
2003/4/21,13:00,0.0, ,175910, ,14.85, ,28.80, ,100.0, 
2003/4/21,14:00,0.0, ,175910, ,11.91, ,49.30, ,100.0, 
2003/4/21,15:00,0.0, ,175680, ,11.44, ,57.90, ,99.8, 
2003/4/21,16:00,0.0, ,175570, ,15.13, ,31.50, ,99.8, 
2003/4/21,17:00,0.0, ,175460, ,15.59, ,33.70, ,99.7, 
2003/4/21,18:00,0.0, ,175400, ,12.20, ,4.30, ,99.6, 
2003/4/21,19:00,0.0, ,175460, ,11.89, ,0.00, ,99.7, 
2003/4/21,20:00,0.0, ,175510, ,17.55, ,0.00, ,99.7, 
2003/4/21,21:00,0.0, ,175570, ,15.39, ,0.00, ,99.8, 
2003/4/21,22:00,0.0, ,175630, ,8.99, ,0.00, ,99.8, 
2003/4/21,23:00,0.0, ,175680, ,12.75, ,0.00, ,99.8, 
2003/4/21,24:00,0.0, ,175680, ,15.11, ,0.00, ,100.0, 
2003/4/22,01:00,0.0, ,175680, ,0.00, ,0.00, ,100.0, 
2003/4/22,02:00,0.0, ,175740, ,7.03, ,0.00, ,100.0, 
2003/4/22,03:00,0.0, ,175740, ,8.65, ,0.00, ,100.0, 
2003/4/22,04:00,0.0, ,175800, ,7.19, ,0.00, ,100.0, 
2003/4/22,05:00,0.0, ,175800, ,8.50, ,0.00, ,100.0, 
2003/4/22,06:00,0.0, ,175850, ,7.48, ,0.00, ,100.0, 
2003/4/22,07:00,0.0, ,175850, ,8.21, ,0.00, ,100.0, 
2003/4/22,08:00,0.0, ,175850, ,0.00, ,0.00, ,100.0, 
2003/4/22,09:00,0.0, ,175910, ,8.41, ,21.50, ,100.0, 
2003/4/22,10:00,0.0, ,175910, ,21.59, ,47.30, ,100.0, 
2003/4/22,11:00,0.0, ,175740, ,20.54, ,57.50, ,100.0, 
2003/4/22,12:00,0.0, ,175570, ,13.58, ,0.00, ,99.9, 
2003/4/22,13:00,0.0, ,175570, ,1.50, ,21.40, ,99.9, 
2003/4/22,14:00,0.0, ,175570, ,15.70, ,49.60, ,99.9, 
2003/4/22,15:00,0.0, ,175400, ,23.31, ,57.60, ,99.8, 
2003/4/22,16:00,0.0, ,175290, ,16.28, ,36.30, ,99.8, 
2003/4/22,17:00,0.0, ,175180, ,15.28, ,33.80, ,99.7, 
2003/4/22,18:00,0.0, ,175180, ,14.59, ,4.10, ,99.7, 
2003/4/22,19:00,0.0, ,175180, ,14.51, ,0.00, ,99.7, 
2003/4/22,20:00,0.0, ,175180, ,0.00, ,0.00, ,99.7, 
2003/4/22,21:00,0.0, ,175230, ,15.24, ,0.00, ,99.7, 
2003/4/22,22:00,0.0, ,175290, ,13.02, ,0.00, ,99.8, 
2003/4/22,23:00,0.0, ,175350, ,11.99, ,0.00, ,99.8, 
2003/4/22,24:00,0.0, ,175350, ,6.74, ,0.00, ,100.0, 
2003/4/23,01:00,0.0, ,175400, ,10.55, ,0.00, ,100.0, 
2003/4/23,02:00,0.0, ,175400, ,5.12, ,0.00, ,100.0, 
2003/4/23,03:00,0.0, ,175460, ,4.47, ,0.00, ,100.0, 
2003/4/23,04:00,0.0, ,175460, ,11.20, ,0.00, ,100.0, 
2003/4/23,05:00,0.0, ,175460, ,0.00, ,0.00, ,100.0, 
2003/4/23,06:00,0.0, ,175510, ,14.68, ,0.00, ,100.0, 
2003/4/23,07:00,0.0, ,175510, ,0.99, ,0.00, ,100.0, 
2003/4/23,08:00,0.0, ,175570, ,14.97, ,0.00, ,100.0, 
2003/4/23,09:00,0.0, ,175570, ,0.72, ,21.50, ,100.0, 
2003/4/23,10:00,0.0, ,175570, ,15.13, ,48.80, ,100.0, 
2003/4/23,11:00,0.0, ,175400, ,23.14, ,57.70, ,100.0, 
2003/4/23,12:00,0.0, ,175290, ,13.95, ,12.10, ,100.0, 
2003/4/23,13:00,0.0, ,175290, ,13.48, ,22.00, ,100.0, 
2003/4/23,14:00,0.0, ,175230, ,11.34, ,30.20, ,99.9, 
2003/4/23,15:00,0.0, ,175180, ,18.18, ,30.00, ,99.9, 
2003/4/23,16:00,0.0, ,175120, ,10.67, ,29.90, ,99.9, 
2003/4/23,17:00,0.0, ,175060, ,17.20, ,13.70, ,99.8, 
2003/4/23,18:00,0.0, ,175060, ,3.70, ,30.00, ,99.8, 
2003/4/23,19:00,0.0, ,175060, ,15.89, ,57.50, ,99.8, 
2003/4/23,20:00,0.0, ,174890, ,23.94, ,0.00, ,99.7, 
2003/4/23,21:00,0.0, ,174890, ,2.66, ,0.00, ,99.7, 
2003/4/23,22:00,0.1, ,174950, ,12.55, ,0.00, ,99.7, 
2003/4/23,23:00,1.2, ,175010, ,12.13, ,0.00, ,99.8, 
2003/4/23,24:00,1.1, ,175060, ,11.56, ,0.00, ,99.9, 
2003/4/24,01:00,1.8, ,175060, ,10.72, ,0.00, ,99.9, 
2003/4/24,02:00,2.3, ,175120, ,6.76, ,0.00, ,99.9, 
2003/4/24,03:00,1.9, ,175120, ,8.90, ,0.00, ,99.9, 
2003/4/24,04:00,5.3, ,175180, ,14.22, ,0.00, ,100.0, 
2003/4/24,05:00,4.3, ,175230, ,14.56, ,0.00, ,100.0, 
2003/4/24,06:00,3.0, ,175290, ,10.28, ,0.00, ,100.0, 
2003/4/24,07:00,4.8, ,175350, ,13.97, ,0.00, ,100.0, 
2003/4/24,08:00,1.8, ,175400, ,18.70, ,0.00, ,100.0, 
2003/4/24,09:00,0.6, ,175400, ,6.62, ,21.60, ,100.0, 
2003/4/24,10:00,0.4, ,175400, ,16.16, ,57.90, ,100.0, 
2003/4/24,11:00,0.7, ,175290, ,34.75, ,57.70, ,100.0, 
2003/4/24,12:00,0.9, ,175180, ,23.04, ,12.30, ,100.0, 
2003/4/24,13:00,0.1, ,175180, ,8.98, ,22.10, ,100.0, 
2003/4/24,14:00,0.0, ,175180, ,17.19, ,52.20, ,100.0, 
2003/4/24,15:00,0.1, ,175060, ,28.60, ,57.70, ,99.9, 
2003/4/24,16:00,0.3, ,174890, ,19.65, ,36.80, ,99.8, 
2003/4/24,17:00,0.6, ,174840, ,17.69, ,32.60, ,99.8, 
2003/4/24,18:00,0.7, ,174840, ,19.60, ,0.00, ,99.8, 
2003/4/24,19:00,0.1, ,174840, ,13.84, ,0.00, ,99.8, 
2003/4/24,20:00,0.0, ,174890, ,4.88, ,0.00, ,99.8, 
2003/4/24,21:00,0.0, ,174950, ,13.67, ,0.00, ,99.8, 
2003/4/24,22:00,0.3, ,175010, ,17.79, ,0.00, ,99.9, 
2003/4/24,23:00,0.3, ,175060, ,12.81, ,0.00, ,99.9, 
2003/4/24,24:00,0.0, ,175060, ,13.46, ,0.00, ,100.0, 
2003/4/25,01:00,0.2, ,175120, ,12.63, ,0.00, ,100.0, 
2003/4/25,02:00,0.1, ,175120, ,3.03, ,0.00, ,100.0, 
2003/4/25,03:00,0.6, ,175180, ,15.03, ,0.00, ,100.0, 
2003/4/25,05:00,0.0, ,175230, ,13.99, ,0.00, ,100.0, 
2003/4/25,06:00,0.0, ,175290, ,2.17, ,0.00, ,100.0, 
2003/4/25,07:00,0.0, ,175290, ,13.49, ,0.00, ,100.0, 
2003/4/25,08:00,0.0, ,175350, ,2.51, ,0.00, ,100.0, 
2003/4/25,09:00,0.0, ,175350, ,13.16, ,0.00, ,100.0, 
2003/4/25,10:00,0.0, ,175400, ,9.22, ,0.00, ,100.0, 
2003/4/25,11:00,0.0, ,175460, ,18.65, ,0.00, ,100.0, 
2003/4/25,12:00,0.0, ,175510, ,12.98, ,0.00, ,100.0, 
2003/4/25,13:00,0.0, ,175570, ,19.11, ,21.50, ,100.0, 
2003/4/25,14:00,0.0, ,175570, ,18.39, ,50.10, ,100.0, 
2003/4/25,15:00,0.3, ,175400, ,23.21, ,57.80, ,100.0, 
2003/4/25,16:00,0.0, ,175290, ,14.50, ,30.20, ,100.0, 
2003/4/25,17:00,0.4, ,175230, ,16.98, ,0.00, ,100.0, 
2003/4/25,18:00,5.4, ,175290, ,18.72, ,0.00, ,100.0, 
2003/4/25,19:00,9.3, ,175460, ,28.01, ,0.00, ,100.0, 
2003/4/25,20:00,5.9, ,175630, ,46.94, ,0.00, ,100.0, 
2003/4/25,21:00,2.7, ,175740, ,44.74, ,0.00, ,100.0, 
2003/4/25,22:00,1.1, ,175910, ,43.74, ,0.00, ,100.0, 
2003/4/25,23:00,0.5, ,176080, ,42.82, ,0.00, ,100.0, 
2003/4/25,24:00,0.1, ,176250, ,48.62, ,0.00, ,100.0, 
2003/4/26,01:00,0.1, ,176480, ,48.70, ,0.00, ,100.0, 
2003/4/26,02:00,1.7, ,176590, ,49.22, ,0.00, ,100.0, 
2003/4/26,03:00,0.5, ,176760, ,43.95, ,0.00, ,100.0, 
2003/4/26,04:00,0.1, ,176930, ,43.03, ,0.00, ,100.0, 
2003/4/26,05:00,0.0, ,177040, ,40.26, ,0.00, ,100.0, 
2003/4/26,06:00,0.0, ,177210, ,39.23, ,0.00, ,100.0, 
2003/4/26,07:00,0.2, ,177330, ,33.61, ,0.00, ,100.0, 
2003/4/26,08:00,0.0, ,177440, ,36.19, ,0.00, ,100.0, 
2003/4/26,09:00,0.0, ,177550, ,30.22, ,0.00, ,100.0, 
2003/4/26,10:00,0.0, ,177670, ,34.32, ,0.00, ,100.0, 
2003/4/26,11:00,0.0, ,177780, ,27.18, ,0.00, ,100.0, 
2003/4/26,12:00,0.0, ,177890, ,27.01, ,0.00, ,100.0, 
2003/4/26,13:00,0.0, ,177950, ,28.68, ,0.00, ,100.0, 
2003/4/26,14:00,0.0, ,178060, ,23.23, ,0.00, ,100.0, 
2003/4/26,15:00,0.0, ,178120, ,27.31, ,0.00, ,100.0, 
2003/4/26,16:00,0.0, ,178240, ,23.05, ,0.00, ,100.0, 
2003/4/26,17:00,0.0, ,178290, ,24.00, ,0.00, ,100.0, 
2003/4/26,18:00,0.0, ,178410, ,23.53, ,0.00, ,100.0, 
2003/4/26,19:00,0.0, ,178460, ,22.23, ,0.00, ,100.0, 
2003/4/26,20:00,0.0, ,178520, ,17.34, ,0.00, ,100.0, 
2003/4/26,21:00,0.0, ,178580, ,18.48, ,0.00, ,100.0, 
2003/4/26,22:00,0.0, ,178630, ,11.32, ,0.00, ,100.0, 
2003/4/26,23:00,0.0, ,178690, ,11.88, ,0.00, ,100.0, 
2003/4/26,24:00,0.0, ,178750, ,16.63, ,0.00, ,100.0, 
2003/4/27,01:00,0.0, ,178810, ,12.57, ,0.00, ,100.0, 
2003/4/27,02:00,0.0, ,178810, ,15.52, ,0.00, ,100.0, 
2003/4/27,03:00,0.0, ,178860, ,13.13, ,0.00, ,100.0, 
2003/4/27,04:00,0.0, ,178920, ,8.52, ,0.00, ,100.0, 
2003/4/27,05:00,0.0, ,178980, ,13.87, ,0.00, ,100.0, 
2003/4/27,06:00,0.0, ,179030, ,12.27, ,0.00, ,100.0, 
2003/4/27,07:00,0.0, ,179030, ,15.51, ,0.00, ,100.0, 
2003/4/27,08:00,0.0, ,179090, ,8.24, ,0.00, ,100.0, 
2003/4/27,09:00,0.0, ,179150, ,15.31, ,0.00, ,100.0, 
2003/4/27,10:00,0.0, ,179200, ,16.60, ,20.70, ,100.0, 
2003/4/27,11:00,0.0, ,179200, ,22.01, ,27.60, ,100.0, 
2003/4/27,12:00,0.0, ,179200, ,27.50, ,4.20, ,100.0, 
2003/4/27,13:00,0.0, ,179200, ,12.88, ,0.00, ,100.0, 
2003/4/27,14:00,0.0, ,179320, ,12.13, ,0.00, ,100.0, 
2003/4/27,15:00,0.0, ,179380, ,24.68, ,0.00, ,100.0, 
2003/4/27,16:00,0.0, ,179430, ,18.13, ,0.00, ,100.0, 
2003/4/27,17:00,0.0, ,179490, ,14.38, ,18.30, ,100.0, 
2003/4/27,18:00,0.0, ,179490, ,19.92, ,34.60, ,100.0, 
2003/4/27,19:00,0.0, ,179490, ,27.10, ,34.70, ,100.0, 
2003/4/27,20:00,0.0, ,179430, ,26.63, ,4.40, ,100.0, 
2003/4/27,21:00,0.0, ,179430, ,8.03, ,0.00, ,100.0, 
2003/4/27,22:00,0.0, ,179490, ,8.01, ,0.00, ,100.0, 
2003/4/27,23:00,0.0, ,179550, ,16.98, ,0.00, ,100.0, 
2003/4/27,24:00,0.0, ,179600, ,12.33, ,0.00, ,100.0, 
2003/4/28,01:00,0.0, ,179660, ,10.63, ,0.00, ,100.0, 
2003/4/28,02:00,0.0, ,179660, ,15.54, ,0.00, ,100.0, 
2003/4/28,03:00,0.0, ,179720, ,8.02, ,0.00, ,100.0, 
2003/4/28,04:00,0.0, ,179720, ,7.86, ,0.00, ,100.0, 
2003/4/28,05:00,0.0, ,179780, ,12.84, ,0.00, ,100.0, 
2003/4/28,06:00,0.0, ,179830, ,4.48, ,0.00, ,100.0, 
2003/4/28,07:00,0.0, ,179830, ,14.46, ,0.00, ,100.0, 
2003/4/28,08:00,0.0, ,179890, ,8.05, ,0.00, ,100.0, 
2003/4/28,09:00,0.0, ,179890, ,7.86, ,21.40, ,100.0, 
2003/4/28,10:00,0.0, ,179890, ,15.00, ,28.60, ,100.0, 
2003/4/28,11:00,0.0, ,179780, ,35.17, ,54.30, ,100.0, 
2003/4/28,12:00,0.0, ,179660, ,17.83, ,10.50, ,100.0, 
2003/4/28,13:00,0.0, ,179660, ,6.58, ,28.60, ,100.0, 
2003/4/28,14:00,0.0, ,179660, ,15.07, ,28.60, ,100.0, 
2003/4/28,15:00,0.0, ,179660, ,28.61, ,26.70, ,100.0, 
2003/4/28,16:00,0.0, ,179600, ,20.19, ,26.20, ,100.0, 
2003/4/28,17:00,0.0, ,179600, ,18.54, ,28.70, ,100.0, 
2003/4/28,18:00,0.0, ,179550, ,16.87, ,48.70, ,100.0, 
2003/4/28,19:00,0.0, ,179430, ,17.16, ,54.30, ,99.9, 
2003/4/28,20:00,0.0, ,179260, ,19.16, ,32.50, ,99.8, 
2003/4/28,21:00,0.0, ,179260, ,17.17, ,11.10, ,99.8, 
2003/4/28,22:00,0.0, ,179260, ,12.21, ,0.00, ,99.8, 
2003/4/28,23:00,0.0, ,179320, ,0.29, ,0.00, ,99.8, 
2003/4/28,24:00,0.0, ,179320, ,15.56, ,0.00, ,100.0, 
2003/4/29,01:00,0.0, ,179380, ,4.71, ,0.00, ,100.0, 
2003/4/29,02:00,0.0, ,179380, ,11.15, ,0.00, ,100.0, 
2003/4/29,03:00,0.0, ,179430, ,14.62, ,0.00, ,100.0, 
2003/4/29,04:00,0.0, ,179490, ,2.67, ,0.00, ,100.0, 
2003/4/29,05:00,0.0, ,179490, ,14.44, ,0.00, ,100.0, 
2003/4/29,06:00,0.0, ,179550, ,3.20, ,0.00, ,100.0, 
2003/4/29,07:00,0.0, ,179550, ,12.67, ,0.00, ,100.0, 
2003/4/29,08:00,0.0, ,179600, ,7.27, ,0.00, ,100.0, 
2003/4/29,09:00,0.0, ,179600, ,8.67, ,11.30, ,100.0, 
2003/4/29,10:00,0.0, ,179660, ,10.79, ,11.60, ,100.0, 
2003/4/29,11:00,0.0, ,179660, ,23.29, ,11.50, ,100.0, 
2003/4/29,12:00,0.0, ,179660, ,11.41, ,11.10, ,100.0, 
2003/4/29,13:00,0.0, ,179660, ,11.16, ,11.30, ,100.0, 
2003/4/29,14:00,0.0, ,179720, ,15.63, ,10.90, ,100.0, 
2003/4/29,15:00,0.0, ,179720, ,22.51, ,10.80, ,100.0, 
2003/4/29,16:00,0.0, ,179720, ,10.84, ,10.90, ,100.0, 
2003/4/29,17:00,0.0, ,179720, ,10.77, ,0.00, ,100.0, 
2003/4/29,18:00,0.0, ,179780, ,13.64, ,0.00, ,100.0, 
2003/4/29,19:00,0.0, ,179830, ,16.66, ,0.00, ,100.0, 
2003/4/29,20:00,0.0, ,179890, ,15.39, ,0.00, ,100.0, 
2003/4/29,21:00,0.0, ,179950, ,19.61, ,0.00, ,100.0, 
2003/4/29,22:00,0.0, ,180000, ,12.32, ,0.00, ,100.0, 
2003/4/29,23:00,0.0, ,180060, ,14.71, ,0.00, ,100.0, 
2003/4/29,24:00,0.0, ,180120, ,11.85, ,0.00, ,100.0, 
2003/4/30,01:00,0.3, ,180120, ,11.38, ,0.00, ,100.0, 
2003/4/30,02:00,3.3, ,180230, ,15.38, ,0.00, ,100.0, 
2003/4/30,03:00,5.4, ,180290, ,24.17, ,0.00, ,100.0, 
2003/4/30,04:00,7.4, ,180350, ,14.44, ,0.00, ,100.0, 
2003/4/30,05:00,2.6, ,180410, ,21.45, ,0.00, ,100.0, 
2003/4/30,06:00,0.3, ,180460, ,20.07, ,0.00, ,100.0, 
2003/4/30,07:00,0.1, ,180520, ,12.78, ,0.00, ,100.0, 
2003/4/30,08:00,0.1, ,180580, ,9.74, ,21.50, ,100.0, 
2003/4/30,09:00,0.0, ,180580, ,24.15, ,47.30, ,100.0, 
2003/4/30,10:00,0.0, ,180410, ,24.68, ,57.30, ,100.0, 
2003/4/30,11:00,0.0, ,180290, ,18.17, ,56.90, ,100.0, 
2003/4/30,12:00,0.3, ,180180, ,24.69, ,0.00, ,100.0, 
2003/4/30,13:00,0.1, ,180230, ,23.84, ,29.90, ,100.0, 
2003/4/30,14:00,0.4, ,180230, ,14.41, ,32.10, ,100.0, 
2003/4/30,15:00,0.1, ,180180, ,26.74, ,32.20, ,100.0, 
2003/4/30,16:00,0.0, ,180180, ,16.99, ,4.40, ,100.0, 
2003/4/30,17:00,0.0, ,180180, ,21.63, ,0.00, ,100.0, 
2003/4/30,18:00,0.0, ,180290, ,11.99, ,0.00, ,100.0, 
2003/4/30,19:00,0.0, ,180350, ,22.19, ,0.00, ,100.0, 
2003/4/30,20:00,0.0, ,180410, ,13.09, ,0.00, ,100.0, 
2003/4/30,21:00,0.0, ,180460, ,19.51, ,0.00, ,100.0, 
2003/4/30,22:00,0.0, ,180520, ,14.31, ,0.00, ,100.0, 
2003/4/30,23:00,0.0, ,180580, ,11.85, ,0.00, ,100.0, 
2003/4/30,24:00,0.0, ,180580, ,13.79, ,0.00, ,0.0,-
