îCà”ä˙ä‘É_ÉÄèîó åüçıåãâ 
êÖånñº,ãgñÏêÏ
âÕêÏñº,ãgñÏêÏ
äœë™èäñº,ëÅñæâYÉ_ÉÄÅiã@ç\Åj
äœë™èäãLçÜ,1368080700010
#
#îNåéì˙,éûçè,ó¨àÊïΩãœâJó ,ó¨àÊïΩãœâJó ëÆê´,íôêÖó ,íôêÖó ëÆê´,ó¨ì¸ó ,ó¨ì¸ó ëÆê´,ï˙ó¨ó ,ï˙ó¨ó ëÆê´,íôêÖó¶,íôêÖó¶ëÆê´
#ëÆê´Å@$:åáë™ -:ñ¢éÛêM
#
2005/1/1,01:00,0.0, ,107400, ,14.50, ,0.00, ,100.0, 
2005/1/1,02:00,0.0, ,107400, ,0.00, ,0.00, ,99.6, 
2005/1/1,03:00,0.0, ,107440, ,9.67, ,0.00, ,99.6, 
2005/1/1,04:00,0.0, ,107440, ,0.00, ,0.00, ,99.6, 
2005/1/1,05:00,0.0, ,107440, ,0.00, ,0.00, ,99.6, 
2005/1/1,06:00,0.0, ,107440, ,0.00, ,0.00, ,99.6, 
2005/1/1,07:00,0.0, ,107440, ,0.00, ,0.00, ,99.6, 
2005/1/1,08:00,0.0, ,107480, ,8.09, ,6.00, ,99.6, 
2005/1/1,09:00,0.1, ,107480, ,20.75, ,20.80, ,99.6, 
2005/1/1,10:00,0.2, ,107440, ,5.55, ,9.60, ,99.6, 
2005/1/1,11:00,0.2, ,107440, ,0.01, ,0.00, ,99.6, 
2005/1/1,12:00,0.1, ,107440, ,0.00, ,0.00, ,99.6, 
2005/1/1,13:00,0.6, ,107440, ,0.00, ,0.00, ,99.6, 
2005/1/1,14:00,0.7, ,107440, ,0.00, ,0.00, ,99.6, 
2005/1/1,15:00,0.4, ,107480, ,9.67, ,0.00, ,99.6, 
2005/1/1,16:00,0.1, ,107530, ,14.55, ,6.20, ,99.7, 
2005/1/1,17:00,0.0, ,107530, ,18.23, ,18.10, ,99.7, 
2005/1/1,18:00,0.1, ,107440, ,8.50, ,44.60, ,99.6, 
2005/1/1,19:00,0.0, ,107270, ,11.40, ,44.40, ,99.4, 
2005/1/1,20:00,0.0, ,107130, ,8.07, ,44.50, ,99.3, 
2005/1/1,21:00,0.0, ,107090, ,11.11, ,9.60, ,99.3, 
2005/1/1,22:00,0.0, ,107090, ,0.01, ,0.00, ,99.3, 
2005/1/1,23:00,0.0, ,107090, ,0.00, ,0.00, ,99.3, 
2005/1/1,24:00,0.0, ,107090, ,0.00, ,0.00, ,99.9, 
2005/1/2,01:00,0.0, ,107090, ,0.00, ,0.00, ,99.9, 
2005/1/2,02:00,0.0, ,107090, ,0.00, ,0.00, ,99.9, 
2005/1/2,03:00,0.0, ,107090, ,0.00, ,0.00, ,99.9, 
2005/1/2,04:00,0.0, ,107130, ,6.44, ,0.00, ,99.9, 
2005/1/2,05:00,0.0, ,107130, ,0.00, ,0.00, ,99.9, 
2005/1/2,06:00,0.0, ,107130, ,0.00, ,0.00, ,99.9, 
2005/1/2,07:00,0.0, ,107180, ,0.81, ,0.00, ,100.0, 
2005/1/2,08:00,0.0, ,107180, ,0.00, ,0.00, ,100.0, 
2005/1/2,09:00,0.2, ,107180, ,0.04, ,6.00, ,100.0, 
2005/1/2,10:00,0.3, ,107180, ,20.72, ,20.70, ,100.0, 
2005/1/2,11:00,0.6, ,107130, ,18.66, ,9.50, ,99.9, 
2005/1/2,12:00,0.7, ,107130, ,0.01, ,0.00, ,99.9, 
2005/1/2,13:00,0.8, ,107130, ,0.00, ,0.00, ,99.9, 
2005/1/2,14:00,0.8, ,107180, ,0.81, ,0.00, ,100.0, 
2005/1/2,15:00,0.6, ,107180, ,0.00, ,0.00, ,100.0, 
2005/1/2,16:00,0.2, ,107220, ,20.16, ,6.20, ,100.0, 
2005/1/2,17:00,0.0, ,107220, ,18.20, ,18.00, ,100.0, 
2005/1/2,18:00,0.0, ,107130, ,8.03, ,39.40, ,99.9, 
2005/1/2,19:00,0.0, ,106960, ,12.80, ,57.90, ,99.7, 
2005/1/2,20:00,0.0, ,106740, ,10.16, ,61.90, ,99.5, 
2005/1/2,21:00,0.0, ,106660, ,6.96, ,21.00, ,99.5, 
2005/1/2,22:00,0.0, ,106660, ,0.01, ,0.00, ,99.5, 
2005/1/2,23:00,0.0, ,106660, ,0.00, ,0.00, ,99.5, 
2005/1/2,24:00,0.0, ,106660, ,0.00, ,0.00, ,100.0, 
2005/1/3,01:00,0.0, ,106700, ,12.05, ,0.00, ,100.0, 
2005/1/3,02:00,0.2, ,106700, ,0.00, ,0.00, ,100.0, 
2005/1/3,03:00,0.0, ,106700, ,0.00, ,0.00, ,100.0, 
2005/1/3,04:00,0.0, ,106740, ,8.84, ,0.00, ,100.0, 
2005/1/3,05:00,0.0, ,106740, ,0.00, ,0.00, ,100.0, 
2005/1/3,06:00,0.0, ,106740, ,0.00, ,0.00, ,100.0, 
2005/1/3,07:00,0.0, ,106790, ,14.46, ,0.00, ,100.0, 
2005/1/3,08:00,0.0, ,106790, ,0.00, ,0.00, ,100.0, 
2005/1/3,09:00,0.0, ,106830, ,16.11, ,6.10, ,100.0, 
2005/1/3,10:00,0.0, ,106830, ,18.18, ,18.10, ,100.0, 
2005/1/3,11:00,0.3, ,106790, ,5.40, ,9.60, ,100.0, 
2005/1/3,12:00,0.3, ,106790, ,0.01, ,0.00, ,100.0, 
2005/1/3,13:00,0.5, ,106790, ,0.00, ,0.00, ,100.0, 
2005/1/3,14:00,0.5, ,106790, ,0.00, ,0.00, ,100.0, 
2005/1/3,15:00,0.2, ,106790, ,0.00, ,0.00, ,100.0, 
2005/1/3,16:00,0.2, ,106830, ,10.45, ,0.00, ,100.0, 
2005/1/3,17:00,0.2, ,106830, ,0.04, ,6.00, ,100.0, 
2005/1/3,18:00,0.0, ,106790, ,26.28, ,30.30, ,100.0, 
2005/1/3,19:00,0.3, ,106570, ,6.67, ,59.90, ,99.9, 
2005/1/3,20:00,0.1, ,106400, ,7.32, ,35.40, ,99.8, 
2005/1/3,21:00,0.0, ,106350, ,0.00, ,0.00, ,99.7, 
2005/1/3,22:00,0.1, ,106350, ,0.00, ,0.00, ,99.7, 
2005/1/3,23:00,0.3, ,106400, ,22.46, ,0.00, ,99.8, 
2005/1/3,24:00,0.9, ,106400, ,0.00, ,0.00, ,100.0, 
2005/1/4,01:00,0.1, ,106440, ,11.23, ,0.00, ,100.0, 
2005/1/4,02:00,0.5, ,106440, ,0.00, ,0.00, ,100.0, 
2005/1/4,03:00,0.4, ,106440, ,0.00, ,0.00, ,100.0, 
2005/1/4,04:00,0.6, ,106480, ,4.81, ,0.00, ,100.0, 
2005/1/4,05:00,0.8, ,106480, ,0.00, ,0.00, ,100.0, 
2005/1/4,06:00,1.1, ,106480, ,0.00, ,0.00, ,100.0, 
2005/1/4,07:00,0.1, ,106480, ,0.00, ,0.00, ,100.0, 
2005/1/4,08:00,0.3, ,106530, ,4.01, ,0.00, ,100.0, 
2005/1/4,09:00,0.1, ,106530, ,0.00, ,0.00, ,100.0, 
2005/1/4,10:00,0.2, ,106530, ,0.00, ,0.00, ,100.0, 
2005/1/4,11:00,0.3, ,106570, ,4.82, ,0.00, ,100.0, 
2005/1/4,12:00,0.0, ,106610, ,0.00, ,0.00, ,100.0, 
2005/1/4,13:00,0.2, ,106660, ,8.83, ,0.00, ,100.0, 
2005/1/4,14:00,0.1, ,106660, ,0.00, ,0.00, ,100.0, 
2005/1/4,15:00,0.2, ,106700, ,12.05, ,0.00, ,100.0, 
2005/1/4,16:00,0.0, ,106740, ,17.67, ,0.00, ,100.0, 
2005/1/4,17:00,0.0, ,106740, ,0.06, ,6.30, ,100.0, 
2005/1/4,18:00,0.0, ,106740, ,19.61, ,19.40, ,100.0, 
2005/1/4,19:00,0.0, ,106660, ,14.06, ,42.50, ,100.0, 
2005/1/4,20:00,0.0, ,106530, ,13.60, ,22.70, ,100.0, 
2005/1/4,21:00,0.0, ,106530, ,0.81, ,0.00, ,100.0, 
2005/1/4,22:00,0.0, ,106570, ,12.04, ,0.00, ,100.0, 
2005/1/4,23:00,0.0, ,106570, ,13.65, ,0.00, ,100.0, 
2005/1/4,24:00,0.0, ,106610, ,2.41, ,0.00, ,100.0, 
2005/1/5,01:00,0.0, ,106660, ,4.82, ,0.00, ,100.0, 
2005/1/5,02:00,0.0, ,106660, ,6.42, ,0.00, ,100.0, 
2005/1/5,03:00,0.0, ,106660, ,0.00, ,0.00, ,100.0, 
2005/1/5,04:00,0.0, ,106660, ,0.00, ,0.00, ,100.0, 
2005/1/5,05:00,0.0, ,106660, ,0.00, ,0.00, ,100.0, 
2005/1/5,06:00,0.0, ,106700, ,9.64, ,0.00, ,100.0, 
2005/1/5,07:00,0.0, ,106700, ,0.00, ,0.00, ,100.0, 
2005/1/5,08:00,0.0, ,106740, ,9.64, ,0.00, ,100.0, 
2005/1/5,09:00,0.0, ,106740, ,0.00, ,0.00, ,100.0, 
2005/1/5,10:00,0.0, ,106740, ,0.00, ,0.00, ,100.0, 
2005/1/5,11:00,0.0, ,106740, ,0.00, ,0.00, ,100.0, 
2005/1/5,12:00,0.0, ,106790, ,16.87, ,0.00, ,100.0, 
2005/1/5,13:00,0.0, ,106790, ,0.00, ,0.00, ,100.0, 
2005/1/5,14:00,0.0, ,106830, ,14.47, ,0.00, ,100.0, 
2005/1/5,15:00,0.0, ,106830, ,0.00, ,0.00, ,100.0, 
2005/1/5,16:00,0.0, ,106870, ,1.64, ,6.00, ,100.0, 
2005/1/5,17:00,0.0, ,106870, ,20.83, ,20.70, ,100.0, 
2005/1/5,18:00,0.0, ,106740, ,14.74, ,42.70, ,100.0, 
2005/1/5,19:00,0.0, ,106660, ,13.54, ,24.30, ,100.0, 
2005/1/5,20:00,0.0, ,106660, ,0.26, ,0.00, ,100.0, 
2005/1/5,21:00,0.0, ,106660, ,0.00, ,0.00, ,100.0, 
2005/1/5,22:00,0.0, ,106660, ,0.00, ,0.00, ,100.0, 
2005/1/5,23:00,0.0, ,106660, ,0.00, ,0.00, ,100.0, 
2005/1/5,24:00,0.0, ,106700, ,10.44, ,0.00, ,100.0, 
2005/1/6,01:00,0.0, ,106700, ,0.00, ,0.00, ,100.0, 
2005/1/6,02:00,0.0, ,106700, ,0.00, ,0.00, ,100.0, 
2005/1/6,03:00,0.0, ,106740, ,4.82, ,0.00, ,100.0, 
2005/1/6,04:00,0.0, ,106740, ,0.00, ,0.00, ,100.0, 
2005/1/6,05:00,0.0, ,106740, ,0.00, ,0.00, ,100.0, 
2005/1/6,06:00,0.0, ,106740, ,0.00, ,0.00, ,100.0, 
2005/1/6,07:00,0.0, ,106790, ,14.46, ,0.00, ,100.0, 
2005/1/6,08:00,0.0, ,106790, ,0.04, ,6.20, ,100.0, 
2005/1/6,09:00,0.0, ,106740, ,29.53, ,30.20, ,100.0, 
2005/1/6,10:00,0.5, ,106570, ,9.02, ,38.50, ,99.9, 
2005/1/6,11:00,0.7, ,106530, ,0.00, ,0.00, ,99.8, 
2005/1/6,12:00,0.1, ,106530, ,0.00, ,0.00, ,99.8, 
2005/1/6,13:00,0.7, ,106570, ,24.08, ,0.00, ,99.9, 
2005/1/6,14:00,0.4, ,106570, ,0.00, ,0.00, ,99.9, 
2005/1/6,15:00,0.1, ,106610, ,16.86, ,0.00, ,99.9, 
2005/1/6,16:00,0.1, ,106610, ,0.00, ,0.00, ,99.9, 
2005/1/6,17:00,0.3, ,106660, ,2.45, ,6.00, ,99.6, 
2005/1/6,18:00,0.0, ,106660, ,33.22, ,33.30, ,99.6, 
2005/1/6,19:00,0.1, ,106440, ,7.55, ,60.40, ,99.4, 
2005/1/6,20:00,0.0, ,106350, ,9.54, ,16.60, ,99.3, 
2005/1/6,21:00,0.0, ,106350, ,0.01, ,0.00, ,99.3, 
2005/1/6,22:00,0.1, ,106350, ,0.00, ,0.00, ,99.3, 
2005/1/6,23:00,0.0, ,106350, ,0.00, ,0.00, ,99.3, 
2005/1/6,24:00,0.0, ,106350, ,0.00, ,0.00, ,99.9, 
2005/1/7,01:00,0.0, ,106350, ,0.00, ,0.00, ,99.9, 
2005/1/7,02:00,0.0, ,106400, ,14.44, ,0.00, ,99.9, 
2005/1/7,03:00,0.0, ,106400, ,0.00, ,0.00, ,99.9, 
2005/1/7,04:00,0.0, ,106400, ,0.00, ,0.00, ,99.9, 
2005/1/7,05:00,0.0, ,106440, ,15.24, ,0.00, ,100.0, 
2005/1/7,06:00,0.0, ,106440, ,0.00, ,0.00, ,100.0, 
2005/1/7,07:00,0.0, ,106440, ,0.00, ,0.00, ,100.0, 
2005/1/7,08:00,0.0, ,106480, ,16.10, ,6.10, ,100.0, 
2005/1/7,09:00,0.0, ,106440, ,9.92, ,27.50, ,100.0, 
2005/1/7,10:00,0.0, ,106270, ,4.87, ,31.90, ,99.8, 
2005/1/7,11:00,0.1, ,106220, ,0.00, ,0.00, ,99.7, 
2005/1/7,12:00,0.1, ,106220, ,0.00, ,0.00, ,99.7, 
2005/1/7,13:00,0.1, ,106270, ,19.23, ,0.00, ,99.8, 
2005/1/7,14:00,0.1, ,106310, ,3.21, ,0.00, ,99.8, 
2005/1/7,15:00,0.0, ,106350, ,14.43, ,0.00, ,99.9, 
2005/1/7,16:00,0.0, ,106350, ,0.00, ,0.00, ,99.9, 
2005/1/7,17:00,0.0, ,106440, ,7.24, ,6.00, ,100.0, 
2005/1/7,18:00,0.0, ,106350, ,2.91, ,30.50, ,99.9, 
2005/1/7,19:00,0.0, ,106180, ,10.30, ,60.00, ,99.7, 
2005/1/7,20:00,0.0, ,106140, ,5.21, ,19.40, ,99.7, 
2005/1/7,21:00,0.0, ,106140, ,0.02, ,0.00, ,99.7, 
2005/1/7,22:00,0.0, ,106140, ,0.00, ,0.00, ,99.7, 
2005/1/7,23:00,0.0, ,106140, ,9.61, ,0.00, ,99.7, 
2005/1/7,24:00,0.0, ,106180, ,4.01, ,0.00, ,99.7, 
2005/1/8,01:00,0.0, ,106180, ,0.00, ,0.00, ,99.7, 
2005/1/8,02:00,0.0, ,106180, ,0.00, ,0.00, ,99.7, 
2005/1/8,03:00,0.0, ,106180, ,0.00, ,0.00, ,99.7, 
2005/1/8,04:00,0.0, ,106180, ,0.00, ,0.00, ,99.7, 
2005/1/8,05:00,0.0, ,106220, ,2.40, ,0.00, ,99.7, 
2005/1/8,06:00,0.0, ,106220, ,0.00, ,0.00, ,99.7, 
2005/1/8,07:00,0.0, ,106220, ,0.00, ,0.00, ,99.7, 
2005/1/8,08:00,0.0, ,106270, ,23.24, ,0.00, ,99.8, 
2005/1/8,09:00,0.0, ,106270, ,0.03, ,6.00, ,99.8, 
2005/1/8,10:00,0.0, ,106270, ,19.38, ,19.40, ,99.8, 
2005/1/8,11:00,0.0, ,106180, ,1.95, ,9.80, ,99.7, 
2005/1/8,12:00,0.0, ,106180, ,0.01, ,0.00, ,99.7, 
2005/1/8,13:00,0.0, ,106180, ,0.00, ,0.00, ,99.7, 
2005/1/8,14:00,0.0, ,106220, ,20.03, ,0.00, ,99.7, 
2005/1/8,15:00,0.0, ,106270, ,14.42, ,0.00, ,99.8, 
2005/1/8,16:00,0.0, ,106270, ,0.04, ,6.00, ,99.8, 
2005/1/8,17:00,0.0, ,106270, ,22.02, ,22.20, ,99.8, 
2005/1/8,18:00,0.0, ,106140, ,6.01, ,51.10, ,99.7, 
2005/1/8,19:00,0.0, ,105920, ,10.03, ,60.30, ,99.5, 
2005/1/8,20:00,0.0, ,105880, ,3.90, ,9.70, ,99.4, 
2005/1/8,21:00,0.0, ,105880, ,0.01, ,0.00, ,99.4, 
2005/1/8,22:00,0.0, ,105880, ,0.00, ,0.00, ,99.4, 
2005/1/8,23:00,0.0, ,105880, ,0.00, ,0.00, ,99.4, 
2005/1/8,24:00,0.0, ,105880, ,0.00, ,0.00, ,99.4, 
2005/1/9,01:00,0.0, ,105880, ,0.00, ,0.00, ,99.4, 
2005/1/9,02:00,0.0, ,105880, ,0.00, ,0.00, ,99.4, 
2005/1/9,03:00,0.0, ,105920, ,8.00, ,0.00, ,99.5, 
2005/1/9,04:00,0.0, ,105920, ,0.00, ,0.00, ,99.5, 
2005/1/9,05:00,0.0, ,105920, ,0.00, ,0.00, ,99.5, 
2005/1/9,06:00,0.0, ,105920, ,0.00, ,0.00, ,99.5, 
2005/1/9,07:00,0.0, ,105960, ,17.61, ,0.00, ,99.5, 
2005/1/9,08:00,0.0, ,105960, ,0.00, ,0.00, ,99.5, 
2005/1/9,09:00,0.0, ,105960, ,0.04, ,6.00, ,99.5, 
2005/1/9,10:00,0.0, ,105960, ,19.53, ,19.40, ,99.5, 
2005/1/9,11:00,0.0, ,105920, ,10.38, ,9.30, ,99.5, 
2005/1/9,12:00,0.2, ,105920, ,0.01, ,0.00, ,99.5, 
2005/1/9,13:00,0.0, ,105920, ,0.00, ,0.00, ,99.5, 
2005/1/9,14:00,0.0, ,105920, ,0.00, ,0.00, ,99.5, 
2005/1/9,15:00,0.0, ,105960, ,18.41, ,0.00, ,99.5, 
2005/1/9,16:00,0.0, ,106010, ,7.24, ,6.10, ,99.5, 
2005/1/9,17:00,0.0, ,106010, ,18.34, ,18.10, ,99.5, 
2005/1/9,18:00,0.1, ,105840, ,5.41, ,51.00, ,99.4, 
2005/1/9,19:00,0.0, ,105660, ,8.20, ,60.30, ,99.2, 
2005/1/9,20:00,0.1, ,105580, ,8.46, ,9.40, ,99.1, 
2005/1/9,21:00,0.0, ,105580, ,0.01, ,0.00, ,99.1, 
2005/1/9,22:00,0.0, ,105580, ,0.00, ,0.00, ,99.1, 
2005/1/9,23:00,0.0, ,105580, ,0.00, ,0.00, ,99.1, 
2005/1/9,24:00,0.0, ,105580, ,0.00, ,0.00, ,99.1, 
2005/1/10,01:00,0.0, ,105620, ,6.39, ,0.00, ,99.2, 
2005/1/10,02:00,0.0, ,105620, ,0.00, ,0.00, ,99.2, 
2005/1/10,03:00,0.0, ,105620, ,0.00, ,0.00, ,99.2, 
2005/1/10,04:00,0.0, ,105620, ,0.00, ,0.00, ,99.2, 
2005/1/10,05:00,0.0, ,105660, ,1.60, ,0.00, ,99.2, 
2005/1/10,06:00,0.0, ,105660, ,0.00, ,0.00, ,99.2, 
2005/1/10,07:00,0.0, ,105660, ,0.00, ,0.00, ,99.2, 
2005/1/10,08:00,0.0, ,105660, ,0.00, ,0.00, ,99.2, 
2005/1/10,09:00,0.0, ,105710, ,8.03, ,6.00, ,99.3, 
2005/1/10,10:00,0.0, ,105710, ,19.41, ,19.40, ,99.3, 
2005/1/10,11:00,0.3, ,105660, ,0.64, ,10.00, ,99.2, 
2005/1/10,12:00,0.4, ,105660, ,0.01, ,0.00, ,99.2, 
2005/1/10,13:00,0.0, ,105660, ,0.00, ,0.00, ,99.2, 
2005/1/10,14:00,0.0, ,105660, ,0.00, ,0.00, ,99.2, 
2005/1/10,15:00,0.0, ,105660, ,0.00, ,0.00, ,99.2, 
2005/1/10,16:00,0.0, ,105710, ,9.63, ,5.90, ,99.3, 
2005/1/10,17:00,0.0, ,105710, ,18.41, ,18.30, ,99.3, 
2005/1/10,18:00,0.0, ,105580, ,4.53, ,51.10, ,99.1, 
2005/1/10,19:00,0.0, ,105360, ,9.45, ,60.30, ,98.9, 
2005/1/10,20:00,0.0, ,105270, ,5.86, ,19.50, ,98.8, 
2005/1/10,21:00,0.0, ,105270, ,0.02, ,0.00, ,98.8, 
2005/1/10,22:00,0.0, ,105270, ,0.00, ,0.00, ,98.8, 
2005/1/10,23:00,0.0, ,105270, ,0.00, ,0.00, ,98.8, 
2005/1/10,24:00,0.0, ,105270, ,0.00, ,0.00, ,98.8, 
2005/1/11,01:00,0.0, ,105320, ,1.60, ,0.00, ,98.9, 
2005/1/11,02:00,0.0, ,105320, ,0.00, ,0.00, ,98.9, 
2005/1/11,03:00,0.0, ,105360, ,0.80, ,0.00, ,98.9, 
2005/1/11,04:00,0.0, ,105360, ,0.00, ,0.00, ,98.9, 
2005/1/11,05:00,0.0, ,105400, ,11.17, ,0.00, ,99.0, 
2005/1/11,06:00,0.0, ,105400, ,0.80, ,0.00, ,99.0, 
2005/1/11,07:00,0.0, ,105400, ,0.00, ,0.00, ,99.0, 
2005/1/11,08:00,0.0, ,105400, ,0.00, ,0.00, ,99.0, 
2005/1/11,09:00,0.0, ,105400, ,0.04, ,6.30, ,99.0, 
2005/1/11,10:00,0.0, ,105400, ,17.22, ,19.60, ,99.0, 
2005/1/11,11:00,0.0, ,105320, ,1.98, ,10.40, ,98.9, 
2005/1/11,12:00,0.0, ,105320, ,0.01, ,0.00, ,98.9, 
2005/1/11,13:00,0.0, ,105360, ,20.75, ,0.00, ,98.9, 
2005/1/11,14:00,0.0, ,105400, ,12.77, ,0.00, ,99.0, 
2005/1/11,15:00,0.0, ,105400, ,0.00, ,0.00, ,99.0, 
2005/1/11,16:00,0.0, ,105400, ,0.04, ,5.90, ,99.0, 
2005/1/11,17:00,0.0, ,105400, ,20.72, ,20.90, ,99.0, 
2005/1/11,18:00,0.0, ,105230, ,6.38, ,51.20, ,98.8, 
2005/1/11,19:00,0.0, ,105020, ,9.27, ,60.40, ,98.6, 
2005/1/11,20:00,0.0, ,104970, ,3.25, ,9.90, ,98.5, 
2005/1/11,21:00,0.0, ,104970, ,0.01, ,0.00, ,98.5, 
2005/1/11,22:00,0.0, ,104970, ,0.00, ,0.00, ,98.5, 
2005/1/11,23:00,0.0, ,104970, ,0.00, ,0.00, ,98.5, 
2005/1/11,24:00,0.0, ,104970, ,0.00, ,0.00, ,98.5, 
2005/1/12,01:00,0.0, ,104970, ,0.00, ,0.00, ,98.5, 
2005/1/12,02:00,0.0, ,104970, ,0.00, ,0.00, ,98.5, 
2005/1/12,03:00,0.0, ,104970, ,0.00, ,0.00, ,98.5, 
2005/1/12,04:00,0.0, ,105020, ,22.31, ,0.00, ,98.6, 
2005/1/12,05:00,0.0, ,105020, ,0.00, ,0.00, ,98.6, 
2005/1/12,06:00,0.0, ,105020, ,0.00, ,0.00, ,98.6, 
2005/1/12,07:00,0.0, ,105060, ,0.80, ,0.00, ,98.6, 
2005/1/12,08:00,0.0, ,105060, ,0.02, ,6.00, ,98.6, 
2005/1/12,09:00,0.0, ,105060, ,20.85, ,20.90, ,98.6, 
2005/1/12,10:00,0.0, ,104930, ,7.38, ,35.00, ,98.5, 
2005/1/12,11:00,0.0, ,104720, ,6.74, ,60.30, ,98.3, 
2005/1/12,12:00,0.0, ,104500, ,5.46, ,39.50, ,98.1, 
2005/1/12,13:00,0.0, ,104500, ,6.36, ,0.00, ,98.1, 
2005/1/12,14:00,0.0, ,104500, ,0.00, ,0.00, ,98.1, 
2005/1/12,15:00,0.0, ,104540, ,21.46, ,0.00, ,98.1, 
2005/1/12,16:00,0.0, ,104540, ,0.04, ,6.10, ,98.1, 
2005/1/12,17:00,0.0, ,104500, ,11.90, ,33.70, ,98.1, 
2005/1/12,18:00,0.0, ,104290, ,7.75, ,60.70, ,97.9, 
2005/1/12,19:00,0.0, ,104070, ,6.54, ,63.50, ,97.7, 
2005/1/12,20:00,0.0, ,103990, ,2.72, ,18.20, ,97.6, 
2005/1/12,21:00,0.0, ,103940, ,0.00, ,0.00, ,97.5, 
2005/1/12,22:00,0.0, ,103940, ,0.00, ,0.00, ,97.5, 
2005/1/12,23:00,0.0, ,103940, ,0.00, ,0.00, ,97.5, 
2005/1/12,24:00,0.0, ,103940, ,0.00, ,0.00, ,97.5, 
2005/1/13,01:00,0.0, ,103940, ,0.00, ,0.00, ,97.5, 
2005/1/13,02:00,0.0, ,103990, ,8.72, ,0.00, ,97.6, 
2005/1/13,03:00,0.0, ,103990, ,0.00, ,0.00, ,97.6, 
2005/1/13,04:00,0.0, ,103990, ,0.00, ,0.00, ,97.6, 
2005/1/13,05:00,0.0, ,103990, ,0.00, ,0.00, ,97.6, 
2005/1/13,06:00,0.0, ,104030, ,18.23, ,0.00, ,97.6, 
2005/1/13,07:00,0.0, ,104030, ,0.00, ,0.00, ,97.6, 
2005/1/13,08:00,0.0, ,104030, ,0.03, ,6.30, ,97.6, 
2005/1/13,09:00,0.0, ,104030, ,27.67, ,27.60, ,97.6, 
2005/1/13,10:00,0.0, ,103940, ,5.37, ,17.30, ,97.5, 
2005/1/13,11:00,0.0, ,103900, ,0.00, ,0.00, ,97.5, 
2005/1/13,12:00,0.0, ,103900, ,0.00, ,0.00, ,97.5, 
2005/1/13,13:00,0.0, ,103900, ,0.00, ,0.00, ,97.5, 
2005/1/13,14:00,0.0, ,103900, ,0.00, ,0.00, ,97.5, 
2005/1/13,15:00,0.0, ,103940, ,15.85, ,0.00, ,97.5, 
2005/1/13,16:00,0.0, ,103990, ,4.78, ,6.00, ,97.6, 
2005/1/13,17:00,0.0, ,103940, ,25.75, ,30.80, ,97.5, 
2005/1/13,18:00,0.1, ,103730, ,5.24, ,60.80, ,97.3, 
2005/1/13,19:00,0.0, ,103520, ,7.08, ,63.70, ,97.1, 
2005/1/13,20:00,0.0, ,103430, ,8.79, ,30.80, ,97.1, 
2005/1/13,21:00,0.0, ,103430, ,0.01, ,0.00, ,97.1, 
2005/1/13,22:00,0.0, ,103430, ,0.00, ,0.00, ,97.1, 
2005/1/13,23:00,0.0, ,103430, ,0.00, ,0.00, ,97.1, 
2005/1/13,24:00,0.0, ,103430, ,0.00, ,0.00, ,97.1, 
2005/1/14,01:00,0.0, ,103430, ,0.00, ,0.00, ,97.1, 
2005/1/14,02:00,0.0, ,103430, ,0.00, ,0.00, ,97.1, 
2005/1/14,03:00,0.0, ,103430, ,0.00, ,0.00, ,97.1, 
2005/1/14,04:00,0.0, ,103470, ,3.95, ,0.00, ,97.1, 
2005/1/14,05:00,0.0, ,103470, ,0.00, ,0.00, ,97.1, 
2005/1/14,06:00,0.0, ,103470, ,0.00, ,0.00, ,97.1, 
2005/1/14,07:00,0.0, ,103470, ,0.00, ,0.00, ,97.1, 
2005/1/14,08:00,0.0, ,103470, ,0.04, ,6.10, ,97.1, 
2005/1/14,09:00,0.0, ,103470, ,26.41, ,26.50, ,97.1, 
2005/1/14,10:00,0.0, ,103300, ,3.62, ,51.70, ,96.9, 
2005/1/14,11:00,0.0, ,103170, ,2.07, ,12.90, ,96.8, 
2005/1/14,12:00,0.1, ,103170, ,0.01, ,0.00, ,96.8, 
2005/1/14,13:00,0.1, ,103170, ,0.00, ,0.00, ,96.8, 
2005/1/14,14:00,0.0, ,103170, ,0.00, ,0.00, ,96.8, 
2005/1/14,15:00,0.0, ,103220, ,11.06, ,0.00, ,96.9, 
2005/1/14,16:00,0.1, ,103260, ,21.32, ,0.00, ,96.9, 
2005/1/14,17:00,0.0, ,103300, ,9.52, ,6.10, ,96.9, 
2005/1/14,18:00,0.0, ,103260, ,11.76, ,29.10, ,96.9, 
2005/1/14,19:00,0.1, ,103050, ,7.70, ,57.30, ,96.7, 
2005/1/14,20:00,0.0, ,102960, ,5.19, ,14.20, ,96.6, 
2005/1/14,21:00,0.0, ,102960, ,0.01, ,0.00, ,96.6, 
2005/1/14,22:00,0.0, ,102960, ,0.00, ,0.00, ,96.6, 
2005/1/14,23:00,0.0, ,102960, ,0.00, ,0.00, ,96.6, 
2005/1/14,24:00,0.0, ,102960, ,0.00, ,0.00, ,96.6, 
2005/1/15,01:00,0.0, ,102960, ,0.00, ,0.00, ,96.6, 
2005/1/15,02:00,0.0, ,102960, ,0.00, ,0.00, ,96.6, 
2005/1/15,03:00,0.0, ,103000, ,3.94, ,0.00, ,96.6, 
2005/1/15,04:00,0.1, ,103000, ,0.00, ,0.00, ,96.6, 
2005/1/15,05:00,0.0, ,103000, ,0.00, ,0.00, ,96.6, 
2005/1/15,06:00,0.1, ,103050, ,17.36, ,0.00, ,96.7, 
2005/1/15,07:00,0.3, ,103050, ,0.00, ,0.00, ,96.7, 
2005/1/15,08:00,0.2, ,103090, ,17.40, ,6.10, ,96.7, 
2005/1/15,09:00,0.2, ,103050, ,16.52, ,29.40, ,96.7, 
2005/1/15,10:00,0.0, ,102830, ,8.08, ,56.80, ,96.5, 
2005/1/15,11:00,0.0, ,102660, ,3.54, ,45.00, ,96.3, 
2005/1/15,12:00,0.9, ,102660, ,0.04, ,0.00, ,96.3, 
2005/1/15,13:00,1.4, ,102660, ,0.00, ,0.00, ,96.3, 
2005/1/15,14:00,0.8, ,102660, ,0.00, ,0.00, ,96.3, 
2005/1/15,15:00,0.2, ,102710, ,16.54, ,0.00, ,96.4, 
2005/1/15,16:00,0.0, ,102750, ,6.30, ,0.00, ,96.4, 
2005/1/15,17:00,0.1, ,102750, ,0.04, ,6.00, ,96.4, 
2005/1/15,18:00,0.0, ,102750, ,22.24, ,22.20, ,96.4, 
2005/1/15,19:00,0.0, ,102660, ,6.57, ,22.50, ,96.3, 
2005/1/15,20:00,0.0, ,102620, ,0.00, ,0.00, ,96.3, 
2005/1/15,21:00,0.0, ,102620, ,0.00, ,0.00, ,96.3, 
2005/1/15,22:00,0.0, ,102620, ,0.00, ,0.00, ,96.3, 
2005/1/15,23:00,0.0, ,102660, ,17.32, ,0.00, ,96.3, 
2005/1/15,24:00,0.1, ,102660, ,0.00, ,0.00, ,96.3, 
2005/1/16,01:00,0.0, ,102660, ,0.00, ,0.00, ,96.3, 
2005/1/16,02:00,0.0, ,102660, ,0.00, ,0.00, ,96.3, 
2005/1/16,03:00,0.0, ,102710, ,5.51, ,0.00, ,96.4, 
2005/1/16,04:00,0.0, ,102710, ,0.00, ,0.00, ,96.4, 
2005/1/16,05:00,0.0, ,102710, ,0.00, ,0.00, ,96.4, 
2005/1/16,06:00,0.0, ,102710, ,0.00, ,0.00, ,96.4, 
2005/1/16,07:00,0.0, ,102710, ,0.00, ,0.00, ,96.4, 
2005/1/16,08:00,0.0, ,102750, ,2.36, ,0.00, ,96.4, 
2005/1/16,09:00,0.0, ,102750, ,0.00, ,0.00, ,96.4, 
2005/1/16,10:00,0.2, ,102750, ,0.00, ,0.00, ,96.4, 
2005/1/16,11:00,0.0, ,102790, ,18.91, ,0.00, ,96.4, 
2005/1/16,12:00,0.0, ,102790, ,0.00, ,0.00, ,96.4, 
2005/1/16,13:00,0.0, ,102790, ,0.00, ,0.00, ,96.4, 
2005/1/16,14:00,0.0, ,102830, ,6.30, ,0.00, ,96.5, 
2005/1/16,15:00,0.0, ,102880, ,18.92, ,0.00, ,96.5, 
2005/1/16,16:00,0.0, ,102920, ,17.34, ,0.00, ,96.6, 
2005/1/16,17:00,0.0, ,102960, ,15.02, ,6.20, ,96.6, 
2005/1/16,18:00,0.0, ,102920, ,7.99, ,23.60, ,96.6, 
2005/1/16,19:00,0.0, ,102750, ,6.12, ,55.50, ,96.4, 
2005/1/16,20:00,0.0, ,102620, ,8.78, ,21.10, ,96.3, 
2005/1/16,21:00,0.0, ,102620, ,0.00, ,0.00, ,96.3, 
2005/1/16,22:00,0.0, ,102660, ,7.09, ,0.00, ,96.3, 
2005/1/16,23:00,0.0, ,102660, ,5.51, ,0.00, ,96.3, 
2005/1/16,24:00,0.1, ,102660, ,4.72, ,0.00, ,96.3, 
2005/1/17,01:00,0.2, ,102660, ,3.15, ,0.00, ,96.3, 
2005/1/17,02:00,0.0, ,102660, ,10.24, ,0.00, ,96.3, 
2005/1/17,03:00,0.0, ,102660, ,7.88, ,0.00, ,96.3, 
2005/1/17,04:00,0.0, ,102710, ,10.24, ,0.00, ,96.4, 
2005/1/17,05:00,0.0, ,102660, ,7.09, ,0.00, ,96.3, 
2005/1/17,06:00,0.0, ,102750, ,8.66, ,0.00, ,96.4, 
2005/1/17,07:00,0.0, ,102750, ,3.15, ,0.00, ,96.4, 
2005/1/17,08:00,0.0, ,102750, ,6.34, ,6.20, ,96.4, 
2005/1/17,09:00,0.1, ,102660, ,4.49, ,29.10, ,96.3, 
2005/1/17,10:00,0.1, ,102450, ,12.24, ,57.40, ,96.1, 
2005/1/17,11:00,0.1, ,102370, ,5.75, ,29.20, ,96.0, 
2005/1/17,12:00,0.3, ,102370, ,0.02, ,0.00, ,96.0, 
2005/1/17,13:00,0.0, ,102370, ,0.00, ,0.00, ,96.0, 
2005/1/17,14:00,0.1, ,102410, ,3.93, ,0.00, ,96.1, 
2005/1/17,15:00,0.7, ,102410, ,0.00, ,0.00, ,96.1, 
2005/1/17,16:00,0.3, ,102450, ,11.80, ,0.00, ,96.1, 
2005/1/17,17:00,0.0, ,102490, ,18.13, ,6.00, ,96.2, 
2005/1/17,18:00,0.0, ,102450, ,6.85, ,0.00, ,96.1, 
2005/1/17,19:00,0.0, ,102240, ,0.00, ,0.00, ,95.9, 
2005/1/17,20:00,0.0, ,102110, ,0.00, ,0.00, ,95.8, 
2005/1/17,21:00,0.0, ,102110, ,0.00, ,0.00, ,95.8, 
2005/1/17,22:00,0.0, ,102110, ,0.00, ,0.00, ,95.8, 
2005/1/17,23:00,0.0, ,102110, ,0.00, ,0.00, ,95.8, 
2005/1/17,24:00,0.0, ,102110, ,0.00, ,0.00, ,95.8, 
2005/1/18,01:00,0.0, ,102110, ,0.00, ,0.00, ,95.8, 
2005/1/18,02:00,0.0, ,102110, ,0.00, ,0.00, ,95.8, 
2005/1/18,03:00,0.0, ,102110, ,0.00, ,0.00, ,95.8, 
2005/1/18,04:00,0.0, ,102150, ,17.28, ,0.00, ,95.8, 
2005/1/18,05:00,0.0, ,102150, ,0.00, ,0.00, ,95.8, 
2005/1/18,06:00,0.0, ,102150, ,0.00, ,0.00, ,95.8, 
2005/1/18,07:00,0.0, ,102150, ,0.00, ,0.00, ,95.8, 
2005/1/18,08:00,0.2, ,102200, ,16.54, ,6.10, ,95.9, 
2005/1/18,09:00,0.0, ,102200, ,21.01, ,21.10, ,95.9, 
2005/1/18,10:00,0.1, ,102030, ,2.44, ,50.00, ,95.7, 
2005/1/18,11:00,0.4, ,101940, ,3.51, ,21.00, ,95.6, 
2005/1/18,12:00,0.3, ,101940, ,0.01, ,0.00, ,95.6, 
2005/1/18,13:00,0.3, ,101940, ,0.00, ,0.00, ,95.6, 
2005/1/18,14:00,0.0, ,101940, ,0.00, ,0.00, ,95.6, 
2005/1/18,15:00,0.0, ,101980, ,11.77, ,0.00, ,95.7, 
2005/1/18,16:00,0.0, ,102030, ,3.14, ,0.00, ,95.7, 
2005/1/18,17:00,0.0, ,102030, ,0.04, ,6.10, ,95.7, 
2005/1/18,18:00,0.0, ,102030, ,26.39, ,26.50, ,95.7, 
2005/1/18,19:00,0.0, ,101860, ,2.64, ,50.20, ,95.5, 
2005/1/18,20:00,0.0, ,101770, ,5.82, ,23.90, ,95.5, 
2005/1/18,21:00,0.0, ,101770, ,0.01, ,0.00, ,95.5, 
2005/1/18,22:00,0.0, ,101770, ,0.00, ,0.00, ,95.5, 
2005/1/18,23:00,0.0, ,101770, ,0.00, ,0.00, ,95.5, 
2005/1/18,24:00,0.0, ,101770, ,0.00, ,0.00, ,95.5, 
2005/1/19,01:00,0.0, ,101770, ,0.00, ,0.00, ,95.5, 
2005/1/19,02:00,0.0, ,101770, ,0.00, ,0.00, ,95.5, 
2005/1/19,03:00,0.0, ,101820, ,5.49, ,0.00, ,95.5, 
2005/1/19,04:00,0.0, ,101820, ,0.00, ,0.00, ,95.5, 
2005/1/19,05:00,0.0, ,101820, ,0.00, ,0.00, ,95.5, 
2005/1/19,06:00,0.0, ,101820, ,0.00, ,0.00, ,95.5, 
2005/1/19,07:00,0.0, ,101820, ,0.00, ,0.00, ,95.5, 
2005/1/19,08:00,0.0, ,101860, ,1.61, ,16.60, ,95.5, 
2005/1/19,09:00,0.0, ,101860, ,21.10, ,21.10, ,95.5, 
2005/1/19,10:00,0.0, ,101690, ,6.33, ,50.40, ,95.4, 
2005/1/19,11:00,0.2, ,101560, ,4.21, ,21.00, ,95.3, 
2005/1/19,12:00,0.0, ,101560, ,0.01, ,0.00, ,95.3, 
2005/1/19,13:00,0.0, ,101560, ,0.00, ,0.00, ,95.3, 
2005/1/19,14:00,0.0, ,101600, ,22.72, ,0.00, ,95.3, 
2005/1/19,15:00,0.1, ,101650, ,3.13, ,0.00, ,95.3, 
2005/1/19,16:00,0.0, ,101650, ,0.00, ,0.00, ,95.3, 
2005/1/19,17:00,0.0, ,101690, ,19.63, ,6.10, ,95.4, 
2005/1/19,18:00,0.0, ,101650, ,25.66, ,26.50, ,95.3, 
2005/1/19,19:00,0.0, ,101520, ,5.49, ,50.40, ,95.2, 
2005/1/19,20:00,0.0, ,101480, ,0.00, ,0.00, ,95.2, 
2005/1/19,21:00,0.0, ,101480, ,0.00, ,0.00, ,95.2, 
2005/1/19,22:00,0.0, ,101480, ,0.00, ,0.00, ,95.2, 
2005/1/19,23:00,0.0, ,101480, ,0.00, ,0.00, ,95.2, 
2005/1/19,24:00,0.0, ,101520, ,8.61, ,0.00, ,95.2, 
2005/1/20,01:00,0.0, ,101520, ,0.00, ,0.00, ,95.2, 
2005/1/20,02:00,0.0, ,101520, ,0.00, ,0.00, ,95.2, 
2005/1/20,03:00,0.0, ,101520, ,0.00, ,0.00, ,95.2, 
2005/1/20,04:00,0.0, ,101560, ,17.23, ,0.00, ,95.3, 
2005/1/20,05:00,0.0, ,101560, ,0.00, ,0.00, ,95.3, 
2005/1/20,06:00,0.0, ,101560, ,0.00, ,0.00, ,95.3, 
2005/1/20,07:00,0.0, ,101560, ,0.00, ,0.00, ,95.3, 
2005/1/20,08:00,0.0, ,101560, ,0.04, ,6.10, ,95.3, 
2005/1/20,09:00,0.0, ,101560, ,21.09, ,21.10, ,95.3, 
2005/1/20,10:00,0.0, ,101390, ,2.57, ,49.90, ,95.1, 
2005/1/20,11:00,0.0, ,101310, ,5.62, ,10.80, ,95.0, 
2005/1/20,12:00,0.0, ,101310, ,0.01, ,0.00, ,95.0, 
2005/1/20,13:00,0.0, ,101310, ,0.00, ,0.00, ,95.0, 
2005/1/20,14:00,0.0, ,101350, ,18.78, ,0.00, ,95.1, 
2005/1/20,15:00,0.0, ,101390, ,14.08, ,0.00, ,95.1, 
2005/1/20,16:00,0.0, ,101430, ,7.04, ,0.00, ,95.1, 
2005/1/20,17:00,0.0, ,101430, ,7.86, ,6.40, ,95.1, 
2005/1/20,18:00,0.0, ,101350, ,3.50, ,21.00, ,95.1, 
2005/1/20,19:00,0.0, ,101220, ,14.36, ,50.50, ,94.9, 
2005/1/20,20:00,0.0, ,101140, ,2.71, ,15.00, ,94.9, 
2005/1/20,21:00,0.0, ,101140, ,0.01, ,0.00, ,94.9, 
2005/1/20,22:00,0.0, ,101140, ,0.00, ,0.00, ,94.9, 
2005/1/20,23:00,0.0, ,101140, ,0.00, ,0.00, ,94.9, 
2005/1/20,24:00,0.0, ,101140, ,0.00, ,0.00, ,94.9, 
2005/1/21,01:00,0.0, ,101180, ,22.67, ,0.00, ,94.9, 
2005/1/21,02:00,0.0, ,101180, ,0.00, ,0.00, ,94.9, 
2005/1/21,03:00,0.0, ,101180, ,0.00, ,0.00, ,94.9, 
2005/1/21,04:00,0.0, ,101180, ,0.00, ,0.00, ,94.9, 
2005/1/21,05:00,0.0, ,101180, ,0.00, ,0.00, ,94.9, 
2005/1/21,06:00,0.0, ,101220, ,10.16, ,0.00, ,94.9, 
2005/1/21,07:00,0.0, ,101220, ,0.00, ,0.00, ,94.9, 
2005/1/21,08:00,0.0, ,101220, ,0.04, ,6.10, ,94.9, 
2005/1/21,09:00,0.0, ,101180, ,13.00, ,27.70, ,94.9, 
2005/1/21,10:00,0.0, ,100970, ,3.18, ,57.80, ,94.7, 
2005/1/21,11:00,0.0, ,100890, ,5.98, ,11.70, ,94.6, 
2005/1/21,12:00,0.0, ,100890, ,0.00, ,0.00, ,94.6, 
2005/1/21,13:00,0.0, ,100890, ,0.00, ,0.00, ,94.6, 
2005/1/21,14:00,0.0, ,100930, ,21.08, ,0.00, ,94.7, 
2005/1/21,15:00,0.0, ,100970, ,6.25, ,0.00, ,94.7, 
2005/1/21,16:00,0.0, ,100970, ,0.00, ,0.00, ,94.7, 
2005/1/21,17:00,0.0, ,100970, ,0.04, ,6.30, ,94.7, 
2005/1/21,18:00,0.0, ,100930, ,28.39, ,30.80, ,94.7, 
2005/1/21,19:00,0.0, ,100720, ,4.47, ,36.10, ,94.5, 
2005/1/21,20:00,0.0, ,100630, ,0.00, ,5.30, ,94.4, 
2005/1/21,21:00,0.0, ,100630, ,0.00, ,0.00, ,94.4, 
2005/1/21,22:00,0.0, ,100680, ,2.34, ,0.00, ,94.4, 
2005/1/21,23:00,0.0, ,100680, ,0.00, ,0.00, ,94.4, 
2005/1/21,24:00,0.0, ,100680, ,0.00, ,0.00, ,94.4, 
2005/1/22,01:00,0.0, ,100680, ,0.00, ,0.00, ,94.4, 
2005/1/22,02:00,0.0, ,100680, ,0.00, ,0.00, ,94.4, 
2005/1/22,03:00,0.0, ,100680, ,0.00, ,0.00, ,94.4, 
2005/1/22,04:00,0.0, ,100680, ,0.00, ,0.00, ,94.4, 
2005/1/22,05:00,0.0, ,100720, ,22.61, ,0.00, ,94.5, 
2005/1/22,06:00,0.0, ,100720, ,0.00, ,0.00, ,94.5, 
2005/1/22,07:00,0.0, ,100720, ,0.00, ,0.00, ,94.5, 
2005/1/22,08:00,0.0, ,100720, ,0.03, ,6.30, ,94.5, 
2005/1/22,09:00,0.0, ,100720, ,19.99, ,19.80, ,94.5, 
2005/1/22,10:00,0.0, ,100550, ,2.97, ,50.40, ,94.3, 
2005/1/22,11:00,0.0, ,100460, ,5.99, ,11.70, ,94.2, 
2005/1/22,12:00,0.0, ,100460, ,0.01, ,0.00, ,94.2, 
2005/1/22,13:00,0.0, ,100460, ,0.00, ,0.00, ,94.2, 
2005/1/22,14:00,0.0, ,100460, ,0.00, ,0.00, ,94.2, 
2005/1/22,15:00,0.0, ,100460, ,0.00, ,0.00, ,94.2, 
2005/1/22,16:00,0.0, ,100460, ,0.00, ,0.00, ,94.2, 
2005/1/22,17:00,0.0, ,100510, ,17.18, ,6.10, ,94.3, 
2005/1/22,18:00,0.0, ,100510, ,26.59, ,26.60, ,94.3, 
2005/1/22,19:00,0.0, ,100300, ,8.12, ,58.00, ,94.0, 
2005/1/22,20:00,0.0, ,100090, ,4.42, ,61.40, ,93.8, 
2005/1/22,21:00,0.0, ,100000, ,2.88, ,13.00, ,93.8, 
2005/1/22,22:00,0.0, ,100000, ,0.01, ,0.00, ,93.8, 
2005/1/22,23:00,0.0, ,100000, ,0.00, ,0.00, ,93.8, 
2005/1/22,24:00,0.0, ,100000, ,0.00, ,0.00, ,93.8, 
2005/1/23,01:00,0.0, ,100000, ,0.00, ,0.00, ,93.8, 
2005/1/23,02:00,0.0, ,100000, ,0.00, ,0.00, ,93.8, 
2005/1/23,03:00,0.0, ,100000, ,0.00, ,0.00, ,93.8, 
2005/1/23,04:00,0.0, ,100000, ,0.00, ,0.00, ,93.8, 
2005/1/23,05:00,0.1, ,100040, ,13.99, ,0.00, ,93.8, 
2005/1/23,06:00,0.0, ,100040, ,0.00, ,0.00, ,93.8, 
2005/1/23,07:00,0.1, ,100040, ,0.00, ,0.00, ,93.8, 
2005/1/23,08:00,0.0, ,100040, ,0.02, ,6.00, ,93.8, 
2005/1/23,09:00,0.1, ,100040, ,19.96, ,19.80, ,93.8, 
2005/1/23,10:00,0.3, ,99920, ,6.69, ,52.00, ,93.7, 
2005/1/23,11:00,0.0, ,99710, ,5.15, ,52.30, ,93.5, 
2005/1/23,12:00,0.1, ,99540, ,4.93, ,52.80, ,93.3, 
2005/1/23,13:00,0.2, ,99460, ,3.02, ,11.70, ,93.2, 
2005/1/23,14:00,1.0, ,99460, ,0.02, ,0.00, ,93.2, 
2005/1/23,15:00,1.6, ,99460, ,0.00, ,0.00, ,93.2, 
2005/1/23,16:00,1.2, ,99460, ,0.00, ,0.00, ,93.2, 
2005/1/23,17:00,0.3, ,99500, ,3.91, ,6.20, ,93.3, 
2005/1/23,18:00,0.1, ,99500, ,21.19, ,21.20, ,93.3, 
2005/1/23,19:00,0.0, ,99460, ,12.71, ,21.10, ,93.2, 
2005/1/23,20:00,0.0, ,99420, ,0.70, ,21.10, ,93.2, 
2005/1/23,21:00,0.0, ,99370, ,19.81, ,10.40, ,93.2, 
2005/1/23,22:00,0.0, ,99330, ,0.00, ,0.00, ,93.1, 
2005/1/23,23:00,0.0, ,99330, ,0.00, ,0.00, ,93.1, 
2005/1/23,24:00,0.0, ,99330, ,0.00, ,0.00, ,93.1, 
2005/1/24,01:00,0.0, ,99330, ,0.00, ,0.00, ,93.1, 
2005/1/24,02:00,0.0, ,99330, ,0.00, ,0.00, ,93.1, 
2005/1/24,03:00,0.0, ,99330, ,0.00, ,0.00, ,93.1, 
2005/1/24,04:00,0.0, ,99370, ,13.16, ,0.00, ,93.2, 
2005/1/24,05:00,0.0, ,99420, ,3.87, ,0.00, ,93.2, 
2005/1/24,06:00,0.0, ,99460, ,4.65, ,0.00, ,93.2, 
2005/1/24,07:00,0.0, ,99500, ,4.65, ,0.00, ,93.3, 
2005/1/24,08:00,0.0, ,99500, ,0.04, ,6.20, ,93.3, 
2005/1/24,09:00,0.1, ,99500, ,23.96, ,24.00, ,93.3, 
2005/1/24,10:00,0.0, ,99290, ,2.95, ,39.80, ,93.1, 
2005/1/24,11:00,0.3, ,99290, ,0.06, ,0.00, ,93.1, 
2005/1/24,12:00,0.5, ,99290, ,0.00, ,0.00, ,93.1, 
2005/1/24,13:00,0.4, ,99290, ,0.00, ,0.00, ,93.1, 
2005/1/24,14:00,0.3, ,99330, ,17.04, ,0.00, ,93.1, 
2005/1/24,15:00,0.5, ,99330, ,0.00, ,0.00, ,93.1, 
2005/1/24,16:00,0.1, ,99330, ,0.00, ,0.00, ,93.1, 
2005/1/24,17:00,0.1, ,99330, ,0.04, ,6.20, ,93.1, 
2005/1/24,18:00,0.0, ,99290, ,27.74, ,30.90, ,93.1, 
2005/1/24,19:00,0.3, ,99080, ,4.60, ,62.10, ,92.9, 
2005/1/24,20:00,0.3, ,98830, ,5.14, ,58.50, ,92.6, 
2005/1/24,21:00,0.1, ,98750, ,5.86, ,28.20, ,92.6, 
2005/1/24,22:00,0.1, ,98750, ,0.02, ,0.00, ,92.6, 
2005/1/24,23:00,0.1, ,98750, ,0.00, ,0.00, ,92.6, 
2005/1/24,24:00,0.1, ,98750, ,0.00, ,0.00, ,92.6, 
2005/1/25,01:00,0.0, ,98750, ,0.00, ,0.00, ,92.6, 
2005/1/25,02:00,0.1, ,98790, ,21.62, ,0.00, ,92.6, 
2005/1/25,03:00,0.1, ,98790, ,0.00, ,0.00, ,92.6, 
2005/1/25,04:00,0.3, ,98790, ,0.00, ,0.00, ,92.6, 
2005/1/25,05:00,0.1, ,98790, ,0.00, ,0.00, ,92.6, 
2005/1/25,06:00,0.0, ,98830, ,19.31, ,0.00, ,92.6, 
2005/1/25,07:00,0.0, ,98830, ,0.00, ,0.00, ,92.6, 
2005/1/25,08:00,0.1, ,98830, ,0.04, ,6.20, ,92.6, 
2005/1/25,09:00,0.0, ,98790, ,19.39, ,23.90, ,92.6, 
2005/1/25,10:00,0.0, ,98580, ,4.62, ,58.20, ,92.4, 
2005/1/25,11:00,0.1, ,98500, ,5.92, ,34.30, ,92.3, 
2005/1/25,12:00,0.0, ,98460, ,0.00, ,0.00, ,92.3, 
2005/1/25,13:00,0.1, ,98460, ,0.00, ,0.00, ,92.3, 
2005/1/25,14:00,0.2, ,98460, ,0.00, ,0.00, ,92.3, 
2005/1/25,15:00,0.7, ,98460, ,0.00, ,0.00, ,92.3, 
2005/1/25,16:00,1.2, ,98500, ,13.88, ,0.00, ,92.3, 
2005/1/25,17:00,0.5, ,98540, ,10.84, ,6.30, ,92.4, 
2005/1/25,18:00,0.3, ,98540, ,28.26, ,28.10, ,92.4, 
2005/1/25,19:00,0.1, ,98370, ,8.38, ,49.00, ,92.2, 
2005/1/25,20:00,0.3, ,98330, ,17.90, ,11.00, ,92.2, 
2005/1/25,21:00,0.4, ,98330, ,0.00, ,0.00, ,92.2, 
2005/1/25,22:00,0.0, ,98370, ,5.39, ,0.00, ,92.2, 
2005/1/25,23:00,0.0, ,98370, ,0.00, ,0.00, ,92.2, 
2005/1/25,24:00,0.0, ,98410, ,11.56, ,0.00, ,92.2, 
2005/1/26,01:00,0.0, ,98410, ,0.00, ,0.00, ,92.2, 
2005/1/26,02:00,0.0, ,98410, ,0.00, ,0.00, ,92.2, 
2005/1/26,03:00,0.0, ,98460, ,10.02, ,0.00, ,92.3, 
2005/1/26,04:00,0.0, ,98460, ,0.00, ,0.00, ,92.3, 
2005/1/26,05:00,0.0, ,98500, ,3.08, ,0.00, ,92.3, 
2005/1/26,06:00,0.0, ,98500, ,0.00, ,0.00, ,92.3, 
2005/1/26,07:00,0.0, ,98500, ,0.00, ,0.00, ,92.3, 
2005/1/26,08:00,0.0, ,98500, ,0.00, ,0.00, ,92.3, 
2005/1/26,09:00,0.0, ,98500, ,0.00, ,0.00, ,92.3, 
2005/1/26,10:00,0.0, ,98540, ,7.71, ,0.00, ,92.4, 
2005/1/26,11:00,0.0, ,98540, ,0.00, ,0.00, ,92.4, 
2005/1/26,12:00,0.1, ,98540, ,0.00, ,0.00, ,92.4, 
2005/1/26,13:00,0.0, ,98540, ,0.00, ,0.00, ,92.4, 
2005/1/26,14:00,0.2, ,98580, ,5.40, ,0.00, ,92.4, 
2005/1/26,15:00,0.1, ,98580, ,0.00, ,0.00, ,92.4, 
2005/1/26,16:00,0.0, ,98620, ,0.81, ,6.40, ,92.4, 
2005/1/26,17:00,0.0, ,98620, ,18.74, ,18.70, ,92.4, 
2005/1/26,18:00,0.0, ,98540, ,5.88, ,29.70, ,92.4, 
2005/1/26,19:00,0.0, ,98370, ,10.35, ,58.10, ,92.2, 
2005/1/26,20:00,0.0, ,98210, ,9.95, ,37.40, ,92.0, 
2005/1/26,21:00,0.0, ,98210, ,0.03, ,0.00, ,92.0, 
2005/1/26,22:00,0.0, ,98210, ,0.00, ,0.00, ,92.0, 
2005/1/26,23:00,0.0, ,98250, ,21.56, ,0.00, ,92.1, 
2005/1/26,24:00,0.0, ,98290, ,16.17, ,0.00, ,92.1, 
2005/1/27,01:00,0.0, ,98290, ,0.00, ,0.00, ,92.1, 
2005/1/27,02:00,0.0, ,98290, ,0.00, ,0.00, ,92.1, 
2005/1/27,03:00,0.0, ,98330, ,18.49, ,0.00, ,92.2, 
2005/1/27,04:00,0.0, ,98330, ,0.00, ,0.00, ,92.2, 
2005/1/27,05:00,0.0, ,98330, ,0.00, ,0.00, ,92.2, 
2005/1/27,06:00,0.0, ,98330, ,0.04, ,6.30, ,92.2, 
2005/1/27,07:00,0.0, ,98330, ,22.55, ,22.60, ,92.2, 
2005/1/27,08:00,0.0, ,98250, ,2.15, ,25.60, ,92.1, 
2005/1/27,09:00,0.0, ,98170, ,6.80, ,11.90, ,92.0, 
2005/1/27,10:00,0.0, ,98170, ,0.01, ,0.00, ,92.0, 
2005/1/27,11:00,0.0, ,98170, ,0.00, ,0.00, ,92.0, 
2005/1/27,12:00,0.0, ,98170, ,0.00, ,0.00, ,92.0, 
2005/1/27,13:00,0.0, ,98170, ,0.00, ,0.00, ,92.0, 
2005/1/27,14:00,0.0, ,98170, ,0.00, ,0.00, ,92.0, 
2005/1/27,15:00,0.1, ,98170, ,0.00, ,0.00, ,92.0, 
2005/1/27,16:00,0.0, ,98210, ,15.43, ,6.20, ,92.0, 
2005/1/27,17:00,0.0, ,98210, ,26.88, ,26.80, ,92.0, 
2005/1/27,18:00,0.0, ,98000, ,5.54, ,58.50, ,91.8, 
2005/1/27,19:00,0.0, ,97750, ,6.57, ,58.40, ,91.6, 
2005/1/27,20:00,0.0, ,97630, ,5.34, ,12.70, ,91.5, 
2005/1/27,21:00,0.0, ,97580, ,0.00, ,0.00, ,91.4, 
2005/1/27,22:00,0.0, ,97580, ,0.00, ,0.00, ,91.4, 
2005/1/27,23:00,0.0, ,97580, ,0.00, ,0.00, ,91.4, 
2005/1/27,24:00,0.0, ,97580, ,0.00, ,0.00, ,91.4, 
2005/1/28,01:00,0.0, ,97580, ,0.00, ,0.00, ,91.4, 
2005/1/28,02:00,0.0, ,97580, ,0.00, ,0.00, ,91.4, 
2005/1/28,03:00,0.0, ,97630, ,13.04, ,0.00, ,91.5, 
2005/1/28,04:00,0.0, ,97630, ,0.00, ,0.00, ,91.5, 
2005/1/28,05:00,0.0, ,97630, ,0.00, ,0.00, ,91.5, 
2005/1/28,06:00,0.0, ,97630, ,0.00, ,0.00, ,91.5, 
2005/1/28,07:00,0.0, ,97630, ,0.00, ,0.00, ,91.5, 
2005/1/28,08:00,0.0, ,97670, ,30.86, ,28.30, ,91.5, 
2005/1/28,09:00,0.0, ,97540, ,5.51, ,40.90, ,91.4, 
2005/1/28,11:00,0.0,-,97290, ,0.17, ,0.00, ,91.2, 
2005/1/28,12:00,0.0, ,97290, ,0.00, ,0.00, ,91.2, 
2005/1/28,13:00,0.1, ,97290, ,0.00, ,0.00, ,91.2, 
2005/1/28,14:00,0.0, ,97290, ,0.00, ,0.00, ,91.2, 
2005/1/28,15:00,0.1, ,97290, ,0.00, ,0.00, ,91.2, 
2005/1/28,16:00,0.0, ,97290, ,0.04, ,6.30, ,91.2, 
2005/1/28,17:00,0.0, ,97250, ,12.06, ,29.60, ,91.1, 
2005/1/28,18:00,0.0, ,97050, ,7.47, ,58.80, ,90.9, 
2005/1/28,19:00,0.0, ,96840, ,7.99, ,37.90, ,90.7, 
2005/1/28,20:00,0.0, ,96840, ,0.02, ,0.00, ,90.7, 
2005/1/28,21:00,0.0, ,96880, ,3.06, ,0.00, ,90.8, 
2005/1/28,22:00,0.0, ,96880, ,0.00, ,0.00, ,90.8, 
2005/1/28,23:00,0.0, ,96920, ,5.35, ,0.00, ,90.8, 
2005/1/28,24:00,0.0, ,97010, ,13.77, ,0.00, ,90.9, 
2005/1/29,01:00,0.0, ,97010, ,0.00, ,0.00, ,90.9, 
2005/1/29,02:00,0.0, ,97010, ,0.00, ,0.00, ,90.9, 
2005/1/29,03:00,0.0, ,97050, ,6.89, ,0.00, ,90.9, 
2005/1/29,04:00,0.0, ,97050, ,0.00, ,0.00, ,90.9, 
2005/1/29,05:00,0.0, ,97050, ,0.00, ,0.00, ,90.9, 
2005/1/29,06:00,0.0, ,97050, ,0.00, ,0.00, ,90.9, 
2005/1/29,07:00,0.0, ,97090, ,13.01, ,0.00, ,91.0, 
2005/1/29,08:00,0.0, ,97090, ,0.04, ,6.10, ,91.0, 
2005/1/29,09:00,0.0, ,97050, ,21.31, ,28.30, ,90.9, 
2005/1/29,10:00,0.1, ,96840, ,5.08, ,58.50, ,90.7, 
2005/1/29,11:00,0.1, ,96720, ,3.62, ,18.50, ,90.6, 
2005/1/29,12:00,0.1, ,96720, ,0.00, ,0.00, ,90.6, 
2005/1/29,13:00,0.1, ,96760, ,3.82, ,0.00, ,90.6, 
2005/1/29,14:00,0.0, ,96760, ,0.00, ,0.00, ,90.6, 
2005/1/29,15:00,0.1, ,96800, ,6.88, ,0.00, ,90.7, 
2005/1/29,16:00,0.0, ,96840, ,14.54, ,6.10, ,90.7, 
2005/1/29,17:00,0.0, ,96800, ,22.92, ,30.00, ,90.7, 
2005/1/29,18:00,0.0, ,96590, ,11.04, ,58.70, ,90.5, 
2005/1/29,19:00,0.0, ,96430, ,8.59, ,40.70, ,90.3, 
2005/1/29,20:00,0.0, ,96430, ,0.02, ,0.00, ,90.3, 
2005/1/29,21:00,0.1, ,96430, ,0.00, ,0.00, ,90.3, 
2005/1/29,22:00,0.3, ,96430, ,0.00, ,0.00, ,90.3, 
2005/1/29,23:00,0.1, ,96470, ,0.76, ,0.00, ,90.4, 
2005/1/29,24:00,0.0, ,96470, ,1.53, ,0.00, ,90.4, 
2005/1/30,01:00,0.0, ,96470, ,6.10, ,0.00, ,90.4, 
2005/1/30,02:00,0.1, ,96470, ,7.63, ,0.00, ,90.4, 
2005/1/30,03:00,0.0, ,96470, ,8.39, ,0.00, ,90.4, 
2005/1/30,04:00,0.0, ,96470, ,3.05, ,0.00, ,90.4, 
2005/1/30,05:00,0.0, ,96470, ,4.58, ,0.00, ,90.4, 
2005/1/30,06:00,0.0, ,96470, ,7.63, ,0.00, ,90.4, 
2005/1/30,07:00,0.0, ,96510, ,10.68, ,0.00, ,90.4, 
2005/1/30,08:00,0.0, ,96510, ,8.42, ,6.10, ,90.4, 
2005/1/30,09:00,0.0, ,96390, ,5.14, ,28.40, ,90.3, 
2005/1/30,10:00,0.0, ,96180, ,10.35, ,59.10, ,90.1, 
2005/1/30,11:00,0.0, ,96100, ,5.61, ,14.90, ,90.0, 
2005/1/30,12:00,0.0, ,96100, ,0.01, ,0.00, ,90.0, 
2005/1/30,13:00,0.0, ,96140, ,15.23, ,0.00, ,90.0, 
2005/1/30,14:00,0.0, ,96140, ,0.00, ,0.00, ,90.0, 
2005/1/30,15:00,0.1, ,96180, ,5.33, ,0.00, ,90.1, 
2005/1/30,16:00,0.0, ,96220, ,8.41, ,6.20, ,90.1, 
2005/1/30,17:00,0.0, ,96180, ,13.12, ,28.50, ,90.1, 
2005/1/30,18:00,0.0, ,95980, ,7.93, ,58.70, ,89.9, 
2005/1/30,19:00,0.0, ,95770, ,7.47, ,58.70, ,89.7, 
2005/1/30,20:00,0.0, ,95730, ,7.92, ,16.70, ,89.7, 
2005/1/30,21:00,0.0, ,95730, ,0.01, ,0.00, ,89.7, 
2005/1/30,22:00,0.0, ,95730, ,0.00, ,0.00, ,89.7, 
2005/1/30,23:00,0.0, ,95730, ,0.00, ,0.00, ,89.7, 
2005/1/31,01:00,0.0, ,95770, ,0.00, ,0.00, ,89.7, 
2005/1/31,02:00,0.0, ,95770, ,0.00, ,0.00, ,89.7, 
2005/1/31,03:00,0.0, ,95770, ,0.00, ,0.00, ,89.7, 
2005/1/31,04:00,0.0, ,95770, ,0.00, ,0.00, ,89.7, 
2005/1/31,05:00,0.0, ,95810, ,3.04, ,0.00, ,89.7, 
2005/1/31,06:00,0.0, ,95810, ,0.00, ,0.00, ,89.7, 
2005/1/31,07:00,0.0, ,95810, ,0.00, ,0.00, ,89.7, 
2005/1/31,08:00,0.0, ,95810, ,0.04, ,6.40, ,89.7, 
2005/1/31,09:00,0.0, ,95770, ,12.03, ,24.00, ,89.7, 
2005/1/31,10:00,0.0, ,95560, ,7.19, ,58.80, ,89.5, 
2005/1/31,11:00,0.0, ,95440, ,2.58, ,13.90, ,89.4, 
2005/1/31,12:00,0.0, ,95480, ,9.11, ,0.00, ,89.4, 
2005/1/31,13:00,0.0, ,95520, ,3.04, ,0.00, ,89.5, 
2005/1/31,14:00,0.0, ,95520, ,7.59, ,0.00, ,89.5, 
2005/1/31,15:00,0.0, ,95560, ,16.70, ,0.00, ,89.5, 
2005/1/31,16:00,0.0, ,95560, ,4.59, ,6.10, ,89.5, 
2005/1/31,17:00,0.0, ,95520, ,8.23, ,24.00, ,89.5, 
2005/1/31,18:00,0.0, ,95360, ,10.60, ,53.50, ,89.3, 
2005/1/31,19:00,0.0, ,95200, ,9.41, ,53.70, ,89.1, 
2005/1/31,20:00,0.0, ,95160, ,13.45, ,10.70, ,89.1, 
2005/1/31,21:00,0.0, ,95110, ,0.00, ,0.00, ,89.1, 
2005/1/31,22:00,0.0, ,95110, ,0.00, ,0.00, ,89.1, 
2005/1/31,23:00,0.0, ,95110, ,0.00, ,0.00, ,89.1, 
2005/1/31,24:00,0.0, ,95160, ,19.69, ,0.00, ,89.1, 
