îCà”ä˙ä‘É_ÉÄèîó åüçıåãâ 
êÖånñº,ãgñÏêÏ
âÕêÏñº,ãgñÏêÏ
äœë™èäñº,ëÅñæâYÉ_ÉÄÅiã@ç\Åj
äœë™èäãLçÜ,1368080700010
#
#îNåéì˙,éûçè,ó¨àÊïΩãœâJó ,ó¨àÊïΩãœâJó ëÆê´,íôêÖó ,íôêÖó ëÆê´,ó¨ì¸ó ,ó¨ì¸ó ëÆê´,ï˙ó¨ó ,ï˙ó¨ó ëÆê´,íôêÖó¶,íôêÖó¶ëÆê´
#ëÆê´Å@$:åáë™ -:ñ¢éÛêM
#
2023/7/1,01:00,0.0, ,163070, ,51.40, ,29.10, ,93.4, 
2023/7/1,02:00,0.7, ,163180, ,53.63, ,19.20, ,93.5, 
2023/7/1,03:00,16.2, ,163500, ,72.86, ,0.00, ,93.6, 
2023/7/1,04:00,12.0, ,163770, ,80.52, ,0.00, ,93.8, 
2023/7/1,05:00,14.6, ,164320, ,112.78, ,0.00, ,94.1, 
2023/7/1,06:00,17.4, ,165190, ,194.57, ,0.00, ,94.6, 
2023/7/1,07:00,2.4, ,166500, ,306.63, ,15.60, ,95.4, 
2023/7/1,08:00,3.0, ,167600, ,374.65, ,26.60, ,96.1, 
2023/7/1,09:00,2.9, ,168540, ,302.91, ,32.00, ,96.7, 
2023/7/1,10:00,3.5, ,169090, ,234.54, ,42.70, ,97.0, 
2023/7/1,11:00,5.3, ,169640, ,198.49, ,42.90, ,97.3, 
2023/7/1,12:00,1.0, ,170090, ,177.55, ,37.50, ,97.6, 
2023/7/1,13:00,0.4, ,170580, ,165.57, ,26.50, ,97.9, 
2023/7/1,14:00,1.2, ,171030, ,156.08, ,48.20, ,98.1, 
2023/7/1,15:00,0.5, ,171360, ,151.78, ,57.00, ,98.3, 
2023/7/1,16:00,0.0, ,171590, ,138.72, ,59.00, ,98.4, 
2023/7/1,17:00,0.0, ,171810, ,126.05, ,59.00, ,98.5, 
2023/7/1,18:00,0.0, ,172030, ,119.16, ,59.10, ,98.6, 
2023/7/1,19:00,0.0, ,172200, ,111.48, ,59.10, ,98.6, 
2023/7/1,20:00,0.0, ,172370, ,101.63, ,58.90, ,98.7, 
2023/7/1,21:00,0.0, ,172480, ,98.29, ,58.70, ,98.7, 
2023/7/1,22:00,0.0, ,172650, ,93.90, ,50.60, ,98.8, 
2023/7/1,23:00,0.0, ,172760, ,90.74, ,37.60, ,98.8, 
2023/7/1,24:00,0.0, ,172980, ,82.15, ,31.70, ,100.0, 
2023/7/2,01:00,0.0, ,173040, ,82.81, ,58.60, ,100.0, 
2023/7/2,02:00,0.0, ,173150, ,79.70, ,58.70, ,100.0, 
2023/7/2,03:00,0.0, ,173210, ,77.68, ,58.60, ,100.0, 
2023/7/2,04:00,0.0, ,173260, ,74.84, ,58.70, ,100.0, 
2023/7/2,05:00,0.0, ,173260, ,73.55, ,58.70, ,99.9, 
2023/7/2,06:00,0.0, ,173320, ,70.73, ,58.80, ,99.9, 
2023/7/2,07:00,0.0, ,173380, ,69.42, ,59.00, ,99.9, 
2023/7/2,08:00,0.0, ,173380, ,67.36, ,58.70, ,99.8, 
2023/7/2,09:00,0.0, ,173430, ,63.72, ,58.80, ,99.8, 
2023/7/2,10:00,0.0, ,173430, ,69.40, ,58.90, ,99.8, 
2023/7/2,11:00,0.2, ,173430, ,58.75, ,58.70, ,99.7, 
2023/7/2,12:00,0.0, ,173490, ,59.29, ,58.80, ,99.7, 
2023/7/2,13:00,0.0, ,173490, ,73.85, ,58.80, ,99.7, 
2023/7/2,14:00,0.0, ,173490, ,58.78, ,59.00, ,99.6, 
2023/7/2,15:00,0.0, ,173490, ,58.85, ,58.80, ,99.6, 
2023/7/2,16:00,0.0, ,173490, ,58.84, ,58.80, ,99.5, 
2023/7/2,17:00,0.0, ,173490, ,58.83, ,58.90, ,99.5, 
2023/7/2,18:00,0.0, ,173490, ,58.82, ,58.90, ,99.4, 
2023/7/2,19:00,0.0, ,173490, ,58.79, ,58.80, ,99.3, 
2023/7/2,20:00,0.0, ,173430, ,58.03, ,58.70, ,99.3, 
2023/7/2,21:00,0.0, ,173430, ,43.99, ,58.80, ,99.2, 
2023/7/2,22:00,0.0, ,173380, ,58.25, ,58.60, ,99.1, 
2023/7/2,23:00,0.0, ,173380, ,43.69, ,58.70, ,99.1, 
2023/7/2,24:00,0.0, ,173320, ,56.70, ,58.80, ,100.0, 
2023/7/3,01:00,0.0, ,173320, ,45.24, ,42.20, ,99.9, 
2023/7/3,02:00,0.0, ,173320, ,44.52, ,31.40, ,99.9, 
2023/7/3,03:00,0.0, ,173320, ,32.24, ,51.00, ,99.8, 
2023/7/3,04:00,0.0, ,173320, ,46.60, ,58.50, ,99.8, 
2023/7/3,05:00,0.0, ,173320, ,58.58, ,42.20, ,99.7, 
2023/7/3,06:00,0.0, ,173320, ,45.44, ,33.70, ,99.7, 
2023/7/3,07:00,0.0, ,173380, ,34.05, ,31.40, ,99.7, 
2023/7/3,08:00,0.4, ,173380, ,45.65, ,31.50, ,99.6, 
2023/7/3,09:00,0.7, ,173430, ,42.76, ,31.50, ,99.6, 
2023/7/3,10:00,0.2, ,173490, ,42.78, ,49.60, ,99.6, 
2023/7/3,11:00,0.0, ,173490, ,53.83, ,58.50, ,99.5, 
2023/7/3,12:00,0.1, ,173430, ,47.12, ,42.00, ,99.5, 
2023/7/3,13:00,0.0, ,173430, ,41.29, ,51.40, ,99.4, 
2023/7/3,14:00,0.0, ,173380, ,45.79, ,58.80, ,99.3, 
2023/7/3,15:00,0.0, ,173320, ,40.31, ,58.70, ,99.2, 
2023/7/3,16:00,0.0, ,173260, ,38.50, ,58.80, ,99.1, 
2023/7/3,17:00,0.0, ,173210, ,40.84, ,58.80, ,99.1, 
2023/7/3,18:00,0.0, ,173100, ,40.87, ,59.00, ,98.9, 
2023/7/3,19:00,0.0, ,173040, ,35.44, ,58.80, ,98.8, 
2023/7/3,20:00,0.0, ,172930, ,37.26, ,58.80, ,98.7, 
2023/7/3,21:00,0.0, ,172870, ,33.34, ,58.60, ,98.6, 
2023/7/3,22:00,0.0, ,172760, ,36.97, ,58.70, ,98.5, 
2023/7/3,23:00,0.0, ,172700, ,32.56, ,58.70, ,98.4, 
2023/7/3,24:00,0.0, ,172650, ,39.02, ,41.00, ,100.0, 
2023/7/4,01:00,0.0, ,172590, ,24.91, ,28.80, ,99.9, 
2023/7/4,02:00,0.0, ,172590, ,26.13, ,26.30, ,99.9, 
2023/7/4,03:00,0.0, ,172590, ,26.48, ,26.20, ,99.8, 
2023/7/4,04:00,0.0, ,172650, ,35.79, ,26.50, ,99.8, 
2023/7/4,05:00,0.0, ,172650, ,32.64, ,26.60, ,99.7, 
2023/7/4,06:00,0.0, ,172650, ,26.37, ,26.20, ,99.7, 
2023/7/4,07:00,0.0, ,172700, ,31.79, ,26.70, ,99.7, 
2023/7/4,08:00,0.0, ,172700, ,36.51, ,26.90, ,99.6, 
2023/7/4,09:00,0.0, ,172700, ,26.51, ,0.00,#,99.6, 
2023/7/4,10:00,0.0, ,172700, ,26.49, ,0.00,#,99.5, 
2023/7/4,11:00,0.0, ,172700, ,26.46, ,0.00,#,99.5, 
2023/7/4,12:00,0.0, ,172700, ,26.46, ,0.00,#,99.4, 
2023/7/4,13:00,0.0, ,172760, ,34.25, ,0.00,#,99.4, 
2023/7/4,14:00,0.0, ,172760, ,34.25, ,0.00,#,99.4, 
2023/7/4,15:00,0.0, ,172760, ,26.53, ,0.00,#,99.3, 
2023/7/4,16:00,0.0, ,172760, ,35.83, ,0.00,#,99.3, 
2023/7/4,17:00,0.0, ,172650, ,35.57, ,58.70, ,99.1, 
2023/7/4,18:00,0.0, ,172540, ,31.87, ,58.80, ,99.0, 
2023/7/4,19:00,0.0, ,172420, ,29.29, ,58.80, ,98.9, 
2023/7/4,20:00,0.0, ,172370, ,29.81, ,58.70, ,98.8, 
2023/7/4,21:00,0.0, ,172260, ,31.36, ,56.40, ,98.7, 
2023/7/4,22:00,0.0, ,172140, ,28.12, ,36.00, ,98.6, 
2023/7/4,23:00,0.0, ,172140, ,22.32, ,28.80, ,98.5, 
2023/7/4,24:00,0.0, ,172140, ,28.89, ,28.70, ,100.0, 
2023/7/5,01:00,0.0, ,172140, ,28.97, ,29.10, ,99.9, 
2023/7/5,02:00,0.0, ,172140, ,27.89, ,26.40, ,99.9, 
2023/7/5,03:00,0.0, ,172140, ,26.43, ,26.60, ,99.8, 
2023/7/5,04:00,0.0, ,172140, ,26.49, ,26.70, ,99.8, 
2023/7/5,05:00,0.0, ,172140, ,26.51, ,26.50, ,99.7, 
2023/7/5,06:00,0.0, ,172090, ,18.64, ,18.80, ,99.7, 
2023/7/5,07:00,0.0, ,172140, ,14.03, ,0.00, ,99.6, 
2023/7/5,08:00,0.0, ,172260, ,23.29, ,16.00, ,99.7, 
2023/7/5,09:00,1.4, ,172260, ,28.46, ,26.60, ,99.6, 
2023/7/5,10:00,5.9, ,172310, ,31.89, ,26.50, ,99.6, 
2023/7/5,11:00,0.6, ,172310, ,33.48, ,39.50, ,99.6, 
2023/7/5,12:00,0.7, ,172260, ,36.33, ,36.20, ,99.5, 
2023/7/5,13:00,2.0, ,172260, ,26.74, ,39.00, ,99.4, 
2023/7/5,14:00,0.5, ,172260, ,37.15, ,47.20, ,99.4, 
2023/7/5,15:00,2.3, ,172200, ,31.96, ,34.30, ,99.3, 
2023/7/5,16:00,8.2, ,172200, ,35.79, ,26.30, ,99.2, 
2023/7/5,17:00,9.7, ,172310, ,42.90, ,28.70, ,99.3, 
2023/7/5,18:00,2.1, ,172370, ,45.44, ,26.30, ,99.2, 
2023/7/5,19:00,0.0, ,172480, ,59.55, ,26.40, ,99.3, 
2023/7/5,20:00,0.0, ,172650, ,61.17, ,26.20, ,99.3, 
2023/7/5,21:00,0.0, ,172760, ,61.44, ,26.40, ,99.3, 
2023/7/5,22:00,0.0, ,172870, ,56.82, ,26.20, ,99.4, 
2023/7/5,23:00,0.0, ,172930, ,53.18, ,26.30, ,99.3, 
2023/7/5,24:00,0.0, ,173040, ,47.44, ,26.40, ,100.0, 
2023/7/6,01:00,0.0, ,173040, ,45.61, ,26.70, ,100.0, 
2023/7/6,02:00,0.0, ,173150, ,43.04, ,26.40, ,100.0, 
2023/7/6,03:00,0.0, ,173210, ,41.78, ,26.40, ,100.0, 
2023/7/6,04:00,0.0, ,173210, ,41.22, ,26.30, ,99.9, 
2023/7/6,05:00,0.0, ,173260, ,33.66, ,26.40, ,99.9, 
2023/7/6,06:00,0.0, ,173260, ,34.74, ,18.90, ,99.8, 
2023/7/6,07:00,0.0, ,173430, ,37.41, ,0.00, ,99.9, 
2023/7/6,08:00,0.0, ,173540, ,32.20, ,0.00, ,99.9, 
2023/7/6,09:00,0.0, ,173660, ,30.91, ,0.00, ,99.9, 
2023/7/6,10:00,0.0, ,173770, ,31.70, ,0.00, ,100.0, 
2023/7/6,11:00,0.0, ,173880, ,31.45, ,0.00, ,100.0, 
2023/7/6,12:00,0.0, ,173990, ,31.20, ,0.00, ,100.0, 
2023/7/6,13:00,0.0, ,174050, ,28.35, ,0.00, ,100.0, 
2023/7/6,14:00,0.0, ,174220, ,33.59, ,19.30, ,100.0, 
2023/7/6,15:00,0.0, ,174220, ,36.55, ,46.70, ,100.0, 
2023/7/6,16:00,0.0, ,174160, ,39.55, ,56.30, ,99.9, 
2023/7/6,17:00,0.0, ,174110, ,36.42, ,58.80, ,99.8, 
2023/7/6,18:00,0.0, ,173990, ,29.12, ,58.90, ,99.7, 
2023/7/6,19:00,0.0, ,173880, ,32.51, ,58.80, ,99.6, 
2023/7/6,20:00,0.0, ,173770, ,26.52, ,46.80, ,99.5, 
2023/7/6,21:00,0.0, ,173710, ,24.89, ,35.60, ,99.4, 
2023/7/6,22:00,0.0, ,173660, ,26.29, ,28.80, ,99.3, 
2023/7/6,23:00,0.0, ,173660, ,15.65, ,28.90, ,99.3, 
2023/7/6,24:00,0.0, ,173660, ,28.87, ,29.00, ,100.0, 
2023/7/7,01:00,0.0, ,173660, ,27.86, ,26.40, ,100.0, 
2023/7/7,02:00,0.0, ,173660, ,26.45, ,26.30, ,99.9, 
2023/7/7,03:00,0.0, ,173600, ,13.07, ,26.50, ,99.8, 
2023/7/7,04:00,0.0, ,173600, ,24.03, ,26.50, ,99.8, 
2023/7/7,05:00,0.0, ,173600, ,26.40, ,26.60, ,99.7, 
2023/7/7,06:00,0.0, ,173540, ,24.62, ,18.90, ,99.6, 
2023/7/7,07:00,0.0, ,173600, ,2.85, ,0.00, ,99.6, 
2023/7/7,08:00,0.0, ,173660, ,21.57, ,0.00, ,99.6, 
2023/7/7,09:00,0.0, ,173770, ,22.09, ,0.00, ,99.6, 
2023/7/7,10:00,0.0, ,173830, ,23.40, ,0.00, ,99.6, 
2023/7/7,11:00,0.0, ,173940, ,21.84, ,0.00, ,99.6, 
2023/7/7,12:00,0.0, ,173990, ,21.32, ,0.00, ,99.6, 
2023/7/7,13:00,0.0, ,174050, ,20.57, ,19.60, ,99.6, 
2023/7/7,14:00,0.1, ,174050, ,21.24, ,47.10, ,99.6, 
2023/7/7,15:00,0.9, ,173990, ,39.21, ,56.40, ,99.5, 
2023/7/7,16:00,2.4, ,173880, ,34.87, ,58.50, ,99.4, 
2023/7/7,17:00,0.1, ,173770, ,24.00, ,58.50, ,99.2, 
2023/7/7,18:00,0.6, ,173660, ,28.93, ,58.70, ,99.1, 
2023/7/7,19:00,1.1, ,173540, ,27.38, ,58.50, ,99.0, 
2023/7/7,20:00,0.7, ,173430, ,27.91, ,58.50, ,98.9, 
2023/7/7,21:00,0.0, ,173320, ,26.07, ,41.20, ,98.8, 
2023/7/7,22:00,0.2, ,173320, ,25.35, ,20.80, ,98.7, 
2023/7/7,23:00,0.0, ,173320, ,14.20, ,0.00, ,98.7, 
2023/7/7,24:00,0.0, ,173380, ,10.13, ,0.00, ,99.4, 
2023/7/8,01:00,0.0, ,173490, ,24.93, ,0.00, ,99.5, 
2023/7/8,02:00,0.0, ,173540, ,20.78, ,0.00, ,99.4, 
2023/7/8,03:00,0.0, ,173660, ,25.46, ,0.00, ,99.5, 
2023/7/8,04:00,0.0, ,173710, ,21.57, ,0.00, ,99.4, 
2023/7/8,05:00,0.0, ,173830, ,25.73, ,0.00, ,99.5, 
2023/7/8,06:00,0.0, ,173880, ,20.82, ,19.10, ,99.5, 
2023/7/8,07:00,0.0, ,173880, ,21.70, ,28.90, ,99.4, 
2023/7/8,08:00,0.0, ,173880, ,27.62, ,26.40, ,99.4, 
2023/7/8,09:00,0.0, ,173880, ,26.41, ,43.40, ,99.3, 
2023/7/8,10:00,0.0, ,173830, ,30.34, ,50.40, ,99.2, 
2023/7/8,11:00,0.0, ,173710, ,25.20, ,50.30, ,99.1, 
2023/7/8,12:00,0.0, ,173600, ,27.28, ,50.40, ,99.0, 
2023/7/8,13:00,0.1, ,173490, ,20.42, ,52.60, ,98.9, 
2023/7/8,14:00,0.0, ,173430, ,23.39, ,51.10, ,98.8, 
2023/7/8,15:00,0.0, ,173320, ,25.30, ,51.00, ,98.7, 
2023/7/8,16:00,0.0, ,173210, ,23.39, ,52.60, ,98.6, 
2023/7/8,17:00,0.3, ,173100, ,23.14, ,33.90, ,98.4, 
2023/7/8,18:00,1.2, ,173100, ,19.31, ,26.30, ,98.4, 
2023/7/8,19:00,6.0, ,173100, ,27.48, ,29.00, ,98.4, 
2023/7/8,20:00,0.1, ,173100, ,27.91, ,26.60, ,98.3, 
2023/7/8,21:00,0.0, ,173100, ,26.51, ,18.80, ,98.3, 
2023/7/8,22:00,0.0, ,173100, ,13.06, ,0.00, ,98.2, 
2023/7/8,23:00,0.0, ,173210, ,17.38, ,0.00, ,98.2, 
2023/7/8,24:00,0.4, ,173260, ,22.06, ,0.00, ,98.4, 
2023/7/9,01:00,0.0, ,173380, ,23.10, ,0.00, ,98.4, 
2023/7/9,02:00,0.1, ,173430, ,23.37, ,0.00, ,98.4, 
2023/7/9,03:00,3.6, ,173540, ,24.15, ,0.00, ,98.4, 
2023/7/9,04:00,1.5, ,173600, ,24.42, ,0.00, ,98.4, 
2023/7/9,05:00,1.1, ,173710, ,25.72, ,0.00, ,98.4, 
2023/7/9,06:00,5.5, ,173830, ,21.85, ,15.90, ,98.4, 
2023/7/9,07:00,1.6, ,173830, ,34.41, ,39.40, ,98.4, 
2023/7/9,08:00,1.0, ,173770, ,35.76, ,50.20, ,98.3, 
2023/7/9,09:00,0.1, ,173710, ,36.63, ,50.10, ,98.2, 
2023/7/9,10:00,0.0, ,173660, ,30.34, ,50.20, ,98.1, 
2023/7/9,11:00,0.0, ,173600, ,33.90, ,50.80, ,98.0, 
2023/7/9,12:00,0.0, ,173540, ,34.05, ,51.10, ,98.0, 
2023/7/9,13:00,4.3, ,173430, ,27.40, ,51.10, ,97.9, 
2023/7/9,14:00,1.6, ,173430, ,34.93, ,31.50, ,97.8, 
2023/7/9,15:00,0.6, ,173490, ,28.60, ,0.00, ,97.8, 
2023/7/9,16:00,0.2, ,173600, ,25.19, ,0.00, ,97.8, 
2023/7/9,17:00,0.2, ,173660, ,26.79, ,19.10, ,97.8, 
2023/7/9,18:00,0.0, ,173710, ,36.43, ,31.40, ,97.8, 
2023/7/9,19:00,0.0, ,173710, ,35.07, ,38.30, ,97.7, 
2023/7/9,20:00,0.0, ,173710, ,38.41, ,38.90, ,97.7, 
2023/7/9,21:00,0.0, ,173660, ,35.52, ,36.20, ,97.6, 
2023/7/9,22:00,0.0, ,173660, ,20.35, ,26.40, ,97.6, 
2023/7/9,23:00,0.0, ,173660, ,26.38, ,26.20, ,97.5, 
2023/7/9,24:00,0.0, ,173660, ,26.38, ,26.40, ,98.4, 
2023/7/10,01:00,0.0, ,173660, ,26.40, ,26.40, ,98.4, 
2023/7/10,02:00,0.0, ,173660, ,26.38, ,26.40, ,98.4, 
2023/7/10,03:00,0.0, ,173660, ,26.39, ,26.10, ,98.4, 
2023/7/10,04:00,0.0, ,173660, ,26.44, ,18.80, ,98.4, 
2023/7/10,05:00,0.0, ,173710, ,14.86, ,0.00, ,98.4, 
2023/7/10,06:00,0.9, ,173770, ,20.27, ,0.00, ,98.5, 
2023/7/10,07:00,2.1, ,173880, ,24.18, ,0.00, ,98.5, 
2023/7/10,08:00,0.6, ,173990, ,30.95, ,0.00, ,98.6, 
2023/7/10,09:00,0.8, ,174160, ,37.46, ,0.00, ,98.7, 
2023/7/10,10:00,0.7, ,174270, ,39.56, ,0.00, ,98.8, 
2023/7/10,11:00,0.4, ,174390, ,36.97, ,0.00, ,98.9, 
2023/7/10,12:00,3.1, ,174500, ,31.78, ,0.00, ,98.9, 
2023/7/10,13:00,5.5, ,174670, ,50.04, ,0.00, ,99.0, 
2023/7/10,14:00,0.5, ,174840, ,39.91, ,16.30, ,99.1, 
2023/7/10,15:00,0.3, ,174890, ,39.71, ,26.70, ,99.2, 
2023/7/10,16:00,0.2, ,174950, ,38.36, ,18.80, ,99.2, 
2023/7/10,17:00,0.0, ,175060, ,38.21, ,0.00, ,99.3, 
2023/7/10,18:00,0.2, ,175180, ,32.89, ,0.00, ,99.3, 
2023/7/10,19:00,0.2, ,175350, ,38.91, ,0.00, ,99.4, 
2023/7/10,20:00,0.0, ,175460, ,36.83, ,0.00, ,99.5, 
2023/7/10,21:00,0.2, ,175570, ,35.28, ,0.00, ,99.6, 
2023/7/10,22:00,0.0, ,175680, ,32.42, ,0.00, ,99.6, 
2023/7/10,23:00,0.2, ,175800, ,31.91, ,0.00, ,99.7, 
2023/7/10,24:00,0.0, ,175910, ,30.61, ,0.00, ,99.8, 
2023/7/11,01:00,0.2, ,176020, ,32.72, ,0.00, ,99.8, 
2023/7/11,02:00,0.0, ,176140, ,25.92, ,0.00, ,99.9, 
2023/7/11,03:00,0.0, ,176250, ,35.36, ,0.00, ,100.0, 
2023/7/11,04:00,0.2, ,176360, ,24.89, ,0.00, ,100.0, 
2023/7/11,05:00,0.0, ,176420, ,28.04, ,0.00, ,100.0, 
2023/7/11,06:00,0.0, ,176530, ,24.91, ,0.00, ,100.0, 
2023/7/11,07:00,0.0, ,176650, ,29.89, ,0.00, ,100.0, 
2023/7/11,08:00,0.0, ,176700, ,25.97, ,0.00, ,100.0, 
2023/7/11,09:00,0.0, ,176820, ,30.17, ,0.00, ,100.0, 
2023/7/11,10:00,0.0, ,176930, ,26.00, ,16.10, ,100.0, 
2023/7/11,11:00,0.0, ,176930, ,27.73, ,26.50, ,100.0, 
2023/7/11,12:00,0.0, ,176930, ,26.29, ,18.60, ,100.0, 
2023/7/11,13:00,0.0, ,177040, ,24.98, ,0.00, ,100.0, 
2023/7/11,14:00,0.0, ,177100, ,24.95, ,0.00, ,100.0, 
2023/7/11,15:00,0.0, ,177210, ,24.71, ,16.20, ,100.0, 
2023/7/11,16:00,0.0, ,177210, ,30.94, ,31.40, ,100.0, 
2023/7/11,17:00,0.0, ,177210, ,33.37, ,39.90, ,100.0, 
2023/7/11,18:00,0.0, ,177160, ,26.80, ,40.30, ,100.0, 
2023/7/11,19:00,0.0, ,177100, ,28.51, ,40.30, ,100.0, 
2023/7/11,20:00,0.0, ,177040, ,26.97, ,40.30, ,100.0, 
2023/7/11,21:00,0.0, ,176990, ,24.24, ,24.50, ,100.0, 
2023/7/11,22:00,0.0, ,176990, ,13.51, ,15.90, ,100.0, 
2023/7/11,23:00,0.0, ,176990, ,13.85, ,26.20, ,100.0, 
2023/7/11,24:00,0.0, ,176990, ,26.22, ,18.70, ,100.0, 
2023/7/12,01:00,0.0, ,177100, ,22.13, ,0.00, ,100.0, 
2023/7/12,02:00,0.0, ,177160, ,25.74, ,0.00, ,100.0, 
2023/7/12,03:00,0.0, ,177210, ,21.28, ,0.00, ,100.0, 
2023/7/12,04:00,0.0, ,177270, ,18.66, ,0.00, ,100.0, 
2023/7/12,05:00,0.0, ,177380, ,22.60, ,0.00, ,100.0, 
2023/7/12,06:00,0.0, ,177440, ,21.82, ,0.00, ,100.0, 
2023/7/12,07:00,0.0, ,177550, ,23.92, ,0.00, ,100.0, 
2023/7/12,08:00,0.0, ,177610, ,23.39, ,0.00, ,100.0, 
2023/7/12,09:00,0.0,-,177720, ,22.61, ,0.00, ,100.0, 
2023/7/12,10:00,0.0,-,177780, ,21.85, ,19.50, ,100.0, 
2023/7/12,11:00,0.0,-,177780, ,24.99, ,28.60, ,100.0, 
2023/7/12,12:00,0.0,-,177780, ,27.42, ,18.50, ,100.0, 
2023/7/12,13:00,0.0,-,177840, ,16.87, ,0.00, ,100.0, 
2023/7/12,14:00,0.0,-,177890, ,21.33, ,19.60, ,100.0, 
2023/7/12,15:00,0.0,-,177890, ,21.42, ,31.10, ,100.0, 
2023/7/12,16:00,0.0,-,177890, ,34.22, ,48.50, ,100.0, 
2023/7/12,17:00,0.0, ,177780, ,27.40, ,58.10, ,100.0, 
2023/7/12,18:00,0.0, ,177670, ,25.49, ,57.90, ,100.0, 
2023/7/12,19:00,0.0, ,177500, ,22.85, ,58.00, ,100.0, 
2023/7/12,20:00,0.0, ,177380, ,23.38, ,50.10, ,100.0, 
2023/7/12,21:00,0.0, ,177330, ,20.87, ,37.00, ,100.0, 
2023/7/12,22:00,0.0, ,177270, ,24.34, ,28.70, ,100.0, 
2023/7/12,23:00,0.0, ,177270, ,18.75, ,25.90, ,100.0, 
2023/7/12,24:00,0.0, ,177210, ,24.03, ,20.90, ,100.0, 
2023/7/13,01:00,0.0, ,177270, ,5.16, ,0.00, ,100.0, 
2023/7/13,02:00,0.0, ,177330, ,14.72, ,0.00, ,100.0, 
2023/7/13,03:00,0.0, ,177380, ,19.98, ,0.00, ,100.0, 
2023/7/13,04:00,0.0, ,177500, ,21.56, ,0.00, ,100.0, 
2023/7/13,05:00,0.0, ,177500, ,18.92, ,0.00, ,100.0, 
2023/7/13,06:00,0.0, ,177610, ,17.87, ,0.00, ,100.0, 
2023/7/13,07:00,0.0, ,177670, ,22.08, ,0.00, ,100.0, 
2023/7/13,08:00,0.0, ,177720, ,19.47, ,16.00, ,100.0, 
2023/7/13,09:00,0.0,-,177720, ,17.52, ,31.40, ,100.0, 
2023/7/13,10:00,0.0,-,177720, ,34.11, ,41.40, ,100.0, 
2023/7/13,11:00,0.0,-,177670, ,26.02, ,20.70, ,100.0, 
2023/7/13,12:00,0.0,-,177670, ,16.87, ,0.00, ,100.0, 
2023/7/13,13:00,0.0,-,177720, ,2.13, ,19.60, ,100.0, 
2023/7/13,14:00,0.0,-,177720, ,28.95, ,46.60, ,100.0, 
2023/7/13,15:00,0.0,-,177610, ,29.97, ,55.90, ,100.0, 
2023/7/13,16:00,0.0,-,177440, ,21.06, ,58.30, ,100.0, 
2023/7/13,17:00,0.0, ,177330, ,16.47, ,58.20, ,100.0, 
2023/7/13,18:00,0.0, ,177210, ,23.78, ,58.20, ,100.0, 
2023/7/13,19:00,0.0, ,177100, ,19.33, ,58.30, ,99.9, 
2023/7/13,20:00,0.0, ,176930, ,23.83, ,41.10, ,99.8, 
2023/7/13,21:00,0.0, ,176870, ,14.92, ,32.30, ,99.8, 
2023/7/13,22:00,0.0, ,176820, ,21.84, ,31.90, ,99.8, 
2023/7/13,23:00,0.0, ,176820, ,16.59, ,28.80, ,99.8, 
2023/7/13,24:00,0.0, ,176760, ,22.90, ,20.70, ,100.0, 
2023/7/14,01:00,0.0, ,176820, ,7.27, ,0.00, ,100.0, 
2023/7/14,02:00,0.0, ,176870, ,13.39, ,0.00, ,100.0, 
2023/7/14,03:00,0.0, ,176930, ,20.21, ,0.00, ,100.0, 
2023/7/14,04:00,0.0, ,176990, ,13.65, ,0.00, ,100.0, 
2023/7/14,05:00,0.0, ,177040, ,19.69, ,0.00, ,100.0, 
2023/7/14,06:00,0.0, ,177100, ,19.70, ,0.00, ,100.0, 
2023/7/14,07:00,0.0, ,177160, ,12.87, ,0.00, ,100.0, 
2023/7/14,08:00,0.0, ,177210, ,20.76, ,0.00, ,100.0, 
2023/7/14,09:00,0.0, ,177270, ,13.42, ,15.90, ,100.0, 
2023/7/14,10:00,0.0, ,177330, ,33.56, ,29.20, ,100.0, 
2023/7/14,11:00,0.0, ,177270, ,20.44, ,38.70, ,100.0, 
2023/7/14,12:00,0.0, ,177160, ,23.57, ,21.00, ,100.0, 
2023/7/14,13:00,0.0, ,177160, ,0.00, ,19.20, ,100.0, 
2023/7/14,14:00,0.0, ,177160, ,15.17, ,47.00, ,100.0, 
2023/7/14,15:00,0.0, ,177100, ,35.25, ,56.10, ,100.0, 
2023/7/14,16:00,0.0, ,176930, ,22.75, ,58.30, ,100.0, 
2023/7/14,17:00,0.0, ,176820, ,21.53, ,58.10, ,100.0, 
2023/7/14,18:00,0.0, ,176650, ,18.09, ,58.30, ,99.9, 
2023/7/14,19:00,0.0, ,176530, ,21.82, ,58.20, ,99.9, 
2023/7/14,20:00,0.0, ,176420, ,19.45, ,41.70, ,99.8, 
2023/7/14,21:00,0.0, ,176310, ,19.06, ,34.80, ,99.7, 
2023/7/14,22:00,0.0, ,176250, ,13.06, ,32.90, ,99.7, 
2023/7/14,23:00,0.0, ,176190, ,20.18, ,28.90, ,99.7, 
2023/7/14,24:00,0.0, ,176190, ,12.77, ,26.10, ,100.0, 
2023/7/15,01:00,0.0, ,176140, ,16.10, ,26.00, ,100.0, 
2023/7/15,02:00,0.0, ,176140, ,20.77, ,26.40, ,100.0, 
2023/7/15,03:00,0.0, ,176080, ,14.81, ,26.30, ,99.9, 
2023/7/15,04:00,0.0, ,176020, ,16.13, ,26.40, ,99.9, 
2023/7/15,05:00,0.0, ,176020, ,16.62, ,26.20, ,99.9, 
2023/7/15,06:00,0.3, ,175970, ,18.11, ,18.80, ,99.9, 
2023/7/15,07:00,0.3, ,175970, ,5.32, ,0.00, ,99.9, 
2023/7/15,08:00,0.8, ,176020, ,13.88, ,0.00, ,99.9, 
2023/7/15,09:00,0.3, ,176140, ,19.11, ,0.00, ,100.0, 
2023/7/15,10:00,0.1, ,176190, ,15.19, ,0.00, ,100.0, 
2023/7/15,11:00,0.1, ,176250, ,18.34, ,0.00, ,100.0, 
2023/7/15,12:00,0.1, ,176310, ,12.84, ,0.00, ,100.0, 
2023/7/15,13:00,0.0, ,176360, ,20.44, ,0.00, ,100.0, 
2023/7/15,14:00,0.1, ,176420, ,16.77, ,0.00, ,100.0, 
2023/7/15,15:00,0.0, ,176480, ,16.52, ,0.00, ,100.0, 
2023/7/15,16:00,0.2, ,176530, ,19.14, ,0.00, ,100.0, 
2023/7/15,17:00,0.0, ,176650, ,20.19, ,0.00, ,100.0, 
2023/7/15,18:00,0.4, ,176700, ,16.80, ,16.10, ,100.0, 
2023/7/15,19:00,0.1, ,176700, ,29.14, ,29.20, ,100.0, 
2023/7/15,20:00,0.1, ,176650, ,24.25, ,38.40, ,100.0, 
2023/7/15,21:00,0.0, ,176530, ,18.65, ,35.40, ,100.0, 
2023/7/15,22:00,1.1, ,176530, ,13.77, ,20.70, ,100.0, 
2023/7/15,23:00,0.1, ,176530, ,14.12, ,0.00, ,100.0, 
2023/7/15,24:00,0.3, ,176590, ,3.67, ,0.00, ,100.0, 
2023/7/16,01:00,0.2, ,176650, ,16.78, ,0.00, ,100.0, 
2023/7/16,02:00,0.9, ,176700, ,18.36, ,0.00, ,100.0, 
2023/7/16,03:00,0.0, ,176760, ,14.69, ,0.00, ,100.0, 
2023/7/16,04:00,0.1, ,176820, ,16.01, ,0.00, ,100.0, 
2023/7/16,05:00,0.0, ,176870, ,16.01, ,0.00, ,100.0, 
2023/7/16,06:00,0.0, ,176930, ,13.93, ,16.00, ,100.0, 
2023/7/16,07:00,0.0, ,176930, ,24.66, ,26.20, ,100.0, 
2023/7/16,08:00,0.0, ,176930, ,26.24, ,26.10, ,100.0, 
2023/7/16,09:00,0.1, ,176870, ,12.06, ,18.70, ,100.0, 
2023/7/16,10:00,0.0, ,176870, ,11.35, ,0.00, ,100.0, 
2023/7/16,11:00,0.0, ,176930, ,2.10, ,0.00, ,100.0, 
2023/7/16,12:00,0.0, ,176990, ,19.16, ,0.00, ,100.0, 
2023/7/16,13:00,0.0, ,177040, ,11.83, ,15.90, ,100.0, 
2023/7/16,14:00,0.0, ,177040, ,28.01, ,38.50, ,100.0, 
2023/7/16,15:00,0.0, ,176930, ,20.86, ,47.40, ,100.0, 
2023/7/16,16:00,0.0, ,176820, ,17.71, ,47.50, ,100.0, 
2023/7/16,17:00,0.0, ,176700, ,19.58, ,47.30, ,100.0, 
2023/7/16,18:00,0.0, ,176590, ,17.90, ,50.40, ,100.0, 
2023/7/16,19:00,0.0, ,176480, ,18.33, ,48.60, ,99.9, 
2023/7/16,20:00,0.0, ,176360, ,16.64, ,48.60, ,99.9, 
2023/7/16,21:00,0.0, ,176250, ,17.17, ,48.60, ,99.8, 
2023/7/16,22:00,0.0, ,176140, ,15.18, ,44.30, ,99.7, 
2023/7/16,23:00,0.0, ,176080, ,13.94, ,32.70, ,99.7, 
2023/7/16,24:00,0.0, ,176020, ,18.13, ,18.60, ,100.0, 
2023/7/17,01:00,0.0, ,176020, ,2.45, ,0.00, ,100.0, 
2023/7/17,02:00,0.0, ,176080, ,6.55, ,0.00, ,100.0, 
2023/7/17,03:00,0.0, ,176140, ,14.40, ,0.00, ,100.0, 
2023/7/17,04:00,0.0, ,176190, ,12.57, ,0.00, ,100.0, 
2023/7/17,05:00,0.0, ,176190, ,13.62, ,0.00, ,100.0, 
2023/7/17,06:00,0.0, ,176250, ,13.39, ,15.80, ,100.0, 
2023/7/17,07:00,0.0, ,176250, ,16.35, ,26.50, ,100.0, 
2023/7/17,08:00,0.0, ,176250, ,26.26, ,26.00, ,100.0, 
2023/7/17,09:00,0.0, ,176190, ,14.43, ,18.70, ,100.0, 
2023/7/17,10:00,0.0, ,176190, ,9.04, ,0.00, ,100.0, 
2023/7/17,11:00,0.0, ,176190, ,0.00, ,0.00, ,100.0, 
2023/7/17,12:00,0.0, ,176250, ,15.20, ,0.00, ,100.0, 
2023/7/17,13:00,0.0, ,176310, ,11.79, ,0.00, ,100.0, 
2023/7/17,14:00,0.0, ,176360, ,11.79, ,0.00, ,100.0, 
2023/7/17,15:00,0.0, ,176420, ,18.35, ,0.00, ,100.0, 
2023/7/17,16:00,0.0, ,176480, ,11.82, ,16.30, ,100.0, 
2023/7/17,17:00,0.0, ,176480, ,23.73, ,39.10, ,100.0, 
2023/7/17,18:00,0.0, ,176360, ,23.22, ,48.40, ,100.0, 
2023/7/17,19:00,0.0, ,176250, ,15.30, ,53.60, ,100.0, 
2023/7/17,20:00,0.0, ,176080, ,15.61, ,53.30, ,100.0, 
2023/7/17,21:00,0.0, ,175970, ,15.24, ,49.90, ,100.0, 
2023/7/17,22:00,0.0, ,175850, ,15.06, ,28.80, ,99.9, 
2023/7/17,23:00,0.0, ,175850, ,9.04, ,0.00, ,99.9, 
2023/7/17,24:00,0.0, ,175850, ,0.00, ,0.00, ,100.0, 
2023/7/18,01:00,0.0, ,175910, ,14.65, ,0.00, ,100.0, 
2023/7/18,02:00,0.0, ,175970, ,11.78, ,0.00, ,100.0, 
2023/7/18,03:00,0.0, ,176020, ,10.73, ,0.00, ,100.0, 
2023/7/18,04:00,0.0, ,176080, ,11.78, ,0.00, ,100.0, 
2023/7/18,05:00,0.0, ,176080, ,13.88, ,0.00, ,100.0, 
2023/7/18,06:00,0.0, ,176140, ,12.83, ,0.00, ,100.0, 
2023/7/18,07:00,0.0, ,176190, ,11.26, ,0.00, ,100.0, 
2023/7/18,08:00,0.0, ,176250, ,12.05, ,0.00, ,100.0, 
2023/7/18,09:00,0.0, ,176250, ,11.03, ,15.80, ,100.0, 
2023/7/18,10:00,0.0, ,176310, ,25.27, ,26.20, ,100.0, 
2023/7/18,11:00,0.0, ,176250, ,18.72, ,26.50, ,100.0, 
2023/7/18,12:00,0.0, ,176190, ,15.06, ,19.10, ,100.0, 
2023/7/18,13:00,0.0, ,176190, ,4.81, ,0.00, ,100.0, 
2023/7/18,14:00,0.0, ,176250, ,1.31, ,0.00, ,100.0, 
2023/7/18,15:00,0.0, ,176250, ,14.41, ,0.00, ,100.0, 
2023/7/18,16:00,0.0, ,176310, ,12.60, ,19.20, ,100.0, 
2023/7/18,17:00,0.0, ,176310, ,18.46, ,45.90, ,100.0, 
2023/7/18,18:00,0.0, ,176190, ,24.70, ,52.40, ,100.0, 
2023/7/18,19:00,0.0, ,176080, ,14.50, ,34.60, ,100.0, 
2023/7/18,20:00,0.0, ,176020, ,15.15, ,18.50, ,100.0, 
2023/7/18,21:00,0.0, ,175970, ,0.00, ,0.00, ,100.0, 
2023/7/18,22:00,0.0, ,176020, ,9.43, ,0.00, ,100.0, 
2023/7/18,23:00,0.0, ,176080, ,11.26, ,0.00, ,100.0, 
2023/7/18,24:00,0.0, ,176080, ,9.69, ,0.00, ,100.0, 
2023/7/19,01:00,0.0, ,176140, ,14.40, ,0.00, ,100.0, 
2023/7/19,02:00,0.0, ,176190, ,12.05, ,0.00, ,100.0, 
2023/7/19,03:00,0.0, ,176250, ,8.65, ,0.00, ,100.0, 
2023/7/19,04:00,0.0, ,176250, ,12.05, ,0.00, ,100.0, 
2023/7/19,05:00,0.0, ,176310, ,14.93, ,0.00, ,100.0, 
2023/7/19,06:00,0.0, ,176360, ,11.79, ,0.00, ,100.0, 
2023/7/19,07:00,0.0, ,176420, ,11.53, ,0.00, ,100.0, 
2023/7/19,08:00,0.0, ,176480, ,9.18, ,0.00, ,100.0, 
2023/7/19,09:00,0.0, ,176480, ,15.49, ,16.10, ,100.0, 
2023/7/19,10:00,0.0, ,176480, ,13.99, ,26.20, ,100.0, 
2023/7/19,11:00,0.0, ,176420, ,25.95, ,26.60, ,100.0, 
2023/7/19,12:00,0.0, ,176420, ,10.80, ,19.00, ,100.0, 
2023/7/19,13:00,0.0, ,176420, ,12.94, ,0.00, ,100.0, 
2023/7/19,14:00,0.1, ,176420, ,0.00, ,0.00, ,100.0, 
2023/7/19,15:00,1.8, ,176480, ,7.63, ,16.00, ,100.0, 
2023/7/19,16:00,0.1, ,176480, ,22.15, ,44.00, ,100.0, 
2023/7/19,17:00,0.5, ,176360, ,24.95, ,54.30, ,100.0, 
2023/7/19,18:00,0.5, ,176190, ,19.13, ,58.50, ,100.0, 
2023/7/19,19:00,0.1, ,176020, ,13.21, ,58.20, ,100.0, 
2023/7/19,20:00,0.0, ,175910, ,14.92, ,38.60, ,99.9, 
2023/7/19,21:00,0.0, ,175850, ,14.71, ,21.80, ,99.9, 
2023/7/19,22:00,0.0, ,175850, ,9.27, ,0.00, ,99.9, 
2023/7/19,23:00,0.0, ,175850, ,0.00, ,0.00, ,99.9, 
2023/7/19,24:00,0.0, ,175910, ,11.78, ,0.00, ,99.9, 
2023/7/20,01:00,0.0, ,175970, ,11.78, ,0.00, ,99.9, 
2023/7/20,02:00,0.0, ,176020, ,11.52, ,0.00, ,100.0, 
2023/7/20,03:00,0.0, ,176020, ,12.04, ,0.00, ,100.0, 
2023/7/20,04:00,0.1, ,176080, ,14.66, ,0.00, ,100.0, 
2023/7/20,05:00,0.1, ,176140, ,8.64, ,0.00, ,100.0, 
2023/7/20,06:00,0.1, ,176190, ,12.07, ,15.80, ,100.0, 
2023/7/20,07:00,0.0, ,176190, ,25.75, ,27.20, ,100.0, 
2023/7/20,08:00,0.0, ,176080, ,15.76, ,33.20, ,100.0, 
2023/7/20,09:00,0.0, ,176020, ,11.06, ,38.10, ,100.0, 
2023/7/20,10:00,0.0, ,175910, ,14.43, ,35.60, ,99.9, 
2023/7/20,11:00,0.0, ,175850, ,10.20, ,18.40, ,99.9, 
2023/7/20,12:00,0.0, ,175850, ,2.48, ,0.00, ,99.9, 
2023/7/20,13:00,0.0, ,175910, ,1.83, ,0.00, ,99.9, 
2023/7/20,14:00,0.0, ,175910, ,13.87, ,0.00, ,99.9, 
2023/7/20,15:00,0.0, ,175970, ,13.11, ,16.30, ,99.9, 
2023/7/20,16:00,0.0, ,175970, ,16.69, ,44.00, ,99.9, 
2023/7/20,17:00,0.0, ,175850, ,25.05, ,54.30, ,99.9, 
2023/7/20,18:00,0.0, ,175680, ,15.36, ,58.50, ,99.8, 
2023/7/20,19:00,0.0, ,175510, ,14.40, ,58.60, ,99.7, 
2023/7/20,20:00,0.0, ,175350, ,12.82, ,58.50, ,99.6, 
2023/7/20,21:00,0.0, ,175180, ,14.36, ,58.50, ,99.5, 
2023/7/20,22:00,0.0, ,175060, ,13.10, ,46.60, ,99.4, 
2023/7/20,23:00,0.0, ,174950, ,11.51, ,21.10, ,99.3, 
2023/7/20,24:00,0.0, ,174950, ,8.48, ,0.00, ,99.4, 
2023/7/21,01:00,0.0, ,174950, ,0.00, ,0.00, ,99.4, 
2023/7/21,02:00,0.0, ,175010, ,2.87, ,0.00, ,99.4, 
2023/7/21,03:00,0.0, ,175010, ,12.79, ,0.00, ,99.4, 
2023/7/21,04:00,0.0, ,175060, ,4.96, ,0.00, ,99.5, 
2023/7/21,05:00,0.0, ,175060, ,10.70, ,0.00, ,99.5, 
2023/7/21,06:00,0.0, ,175120, ,15.16, ,15.30, ,99.5, 
2023/7/21,07:00,0.0, ,175120, ,14.56, ,26.30, ,99.5, 
2023/7/21,08:00,0.0, ,175060, ,23.50, ,28.90, ,99.5, 
2023/7/21,09:00,0.0, ,175010, ,11.55, ,38.30, ,99.4, 
2023/7/21,10:00,0.0, ,174890, ,12.94, ,37.30, ,99.4, 
2023/7/21,11:00,0.0, ,174840, ,12.39, ,32.00, ,99.3, 
2023/7/21,12:00,0.0, ,174780, ,9.36, ,18.50, ,99.3, 
2023/7/21,13:00,0.0, ,174780, ,11.15, ,0.00, ,99.3, 
2023/7/21,14:00,0.0, ,174780, ,0.03, ,16.00, ,99.3, 
2023/7/21,15:00,0.0, ,174780, ,13.98, ,26.40, ,99.3, 
2023/7/21,16:00,0.0, ,174730, ,16.43, ,43.00, ,99.3, 
2023/7/21,17:00,0.0, ,174560, ,12.93, ,53.20, ,99.2, 
2023/7/21,18:00,0.0, ,174390, ,12.87, ,58.70, ,99.1, 
2023/7/21,19:00,0.0, ,174220, ,11.76, ,58.60, ,99.0, 
2023/7/21,20:00,0.0, ,174050, ,13.86, ,58.60, ,98.9, 
2023/7/21,21:00,0.0, ,173880, ,10.47, ,58.60, ,98.8, 
2023/7/21,22:00,0.0, ,173710, ,12.06, ,41.30, ,98.7, 
2023/7/21,23:00,0.0, ,173660, ,6.51, ,29.00, ,98.6, 
2023/7/21,24:00,0.0, ,173600, ,12.98, ,20.90, ,98.6, 
2023/7/22,01:00,0.0, ,173600, ,7.98, ,0.00, ,98.6, 
2023/7/22,02:00,0.0, ,173600, ,0.00, ,0.00, ,98.6, 
2023/7/22,03:00,0.0, ,173600, ,0.00, ,0.00, ,98.6, 
2023/7/22,04:00,0.0, ,173660, ,1.30, ,0.00, ,98.6, 
2023/7/22,05:00,0.0, ,173660, ,14.29, ,0.00, ,98.6, 
2023/7/22,06:00,0.0, ,173710, ,11.20, ,19.50, ,98.7, 
2023/7/22,07:00,0.0, ,173710, ,19.81, ,47.10, ,98.7, 
2023/7/22,08:00,0.0, ,173540, ,21.86, ,56.70, ,98.6, 
2023/7/22,09:00,0.0, ,173380, ,11.65, ,58.90, ,98.5, 
2023/7/22,10:00,0.0, ,173210, ,13.37, ,58.90, ,98.4, 
2023/7/22,11:00,0.0, ,173100, ,13.81, ,37.80, ,98.3, 
2023/7/22,12:00,0.0, ,173100, ,12.42, ,0.00, ,98.3, 
2023/7/22,13:00,0.0, ,173100, ,0.00, ,0.00, ,98.3, 
2023/7/22,14:00,0.0, ,173150, ,3.14, ,19.50, ,98.3, 
2023/7/22,15:00,0.0, ,173100, ,23.19, ,28.90, ,98.3, 
2023/7/22,16:00,0.0, ,173040, ,10.74, ,36.60, ,98.3, 
2023/7/22,17:00,0.0, ,172930, ,10.52, ,49.10, ,98.2, 
2023/7/22,18:00,0.0, ,172760, ,14.77, ,58.70, ,98.1, 
2023/7/22,19:00,0.0, ,172590, ,10.57, ,59.00, ,98.0, 
2023/7/22,20:00,0.0, ,172420, ,12.80, ,58.80, ,97.9, 
2023/7/22,21:00,0.0, ,172260, ,10.21, ,58.80, ,97.8, 
2023/7/22,22:00,0.0, ,172030, ,8.70, ,58.50, ,97.7, 
2023/7/22,23:00,0.0, ,171920, ,10.70, ,38.80, ,97.6, 
2023/7/22,24:00,0.0, ,171810, ,4.58, ,28.90, ,97.5, 
2023/7/23,01:00,0.0, ,171750, ,9.80, ,29.00, ,97.5, 
2023/7/23,02:00,0.0, ,171640, ,6.24, ,27.60, ,97.4, 
2023/7/23,03:00,0.0, ,171530, ,9.11, ,38.90, ,97.3, 
2023/7/23,04:00,0.0, ,171420, ,5.34, ,49.70, ,97.3, 
2023/7/23,05:00,0.0, ,171250, ,10.35, ,42.90, ,97.2, 
2023/7/23,06:00,0.0, ,171140, ,3.97, ,32.90, ,97.1, 
2023/7/23,07:00,0.0, ,171030, ,3.06, ,44.60, ,97.0, 
2023/7/23,08:00,0.0, ,170860, ,4.82, ,52.50, ,96.9, 
2023/7/23,09:00,0.0, ,170750, ,7.57, ,27.10, ,96.9, 
2023/7/23,10:00,0.0, ,170700, ,0.54, ,0.00, ,96.8, 
2023/7/23,11:00,0.0, ,170700, ,0.00, ,0.00, ,96.8, 
2023/7/23,12:00,0.0, ,170700, ,0.00, ,0.00, ,96.8, 
2023/7/23,13:00,0.0, ,170750, ,13.39, ,0.00, ,96.9, 
2023/7/23,14:00,0.0, ,170810, ,8.52, ,15.90, ,96.9, 
2023/7/23,15:00,0.0, ,170810, ,23.10, ,28.80, ,96.9, 
2023/7/23,16:00,0.0, ,170700, ,15.00, ,52.00, ,96.8, 
2023/7/23,17:00,0.0, ,170530, ,12.94, ,59.30, ,96.7, 
2023/7/23,18:00,0.0, ,170360, ,14.44, ,59.00, ,96.6, 
2023/7/23,19:00,0.0, ,170250, ,15.44, ,59.10, ,96.6, 
2023/7/23,20:00,0.2, ,170030, ,11.62, ,59.10, ,96.4, 
2023/7/23,21:00,0.0, ,169920, ,13.93, ,59.20, ,96.4, 
2023/7/23,22:00,0.0, ,169750, ,13.96, ,59.00, ,96.3, 
2023/7/23,23:00,0.2, ,169590, ,12.92, ,41.80, ,96.2, 
2023/7/23,24:00,0.3, ,169480, ,12.05, ,29.20, ,96.1, 
2023/7/24,01:00,0.0, ,169420, ,7.80, ,29.60, ,96.1, 
2023/7/24,02:00,0.0, ,169360, ,9.13, ,29.30, ,96.0, 
2023/7/24,03:00,0.0, ,169250, ,10.54, ,39.30, ,96.0, 
2023/7/24,04:00,0.0, ,169140, ,10.56, ,49.80, ,95.9, 
2023/7/24,05:00,0.0, ,168920, ,6.55, ,43.50, ,95.8, 
2023/7/24,06:00,0.2, ,168810, ,6.21, ,33.20, ,95.7, 
2023/7/24,07:00,0.0, ,168760, ,4.46, ,26.90, ,95.7, 
2023/7/24,08:00,0.0, ,168700, ,6.20, ,35.40, ,95.6, 
2023/7/24,09:00,0.0, ,168540, ,4.48, ,46.30, ,95.5, 
2023/7/24,10:00,0.8, ,168420, ,10.44, ,28.80, ,95.5, 
2023/7/24,11:00,0.1, ,168420, ,10.47, ,0.00, ,95.5, 
2023/7/24,12:00,0.1, ,168420, ,0.00, ,0.00, ,95.5, 
2023/7/24,13:00,0.0, ,168420, ,0.00, ,0.00, ,95.5, 
2023/7/24,14:00,0.2, ,168480, ,9.48, ,16.20, ,95.5, 
2023/7/24,15:00,0.2, ,168480, ,20.64, ,46.10, ,95.5, 
2023/7/24,16:00,0.0, ,168370, ,22.66, ,55.80, ,95.4, 
2023/7/24,17:00,1.7, ,168150, ,14.98, ,59.50, ,95.3, 
2023/7/24,18:00,4.2, ,168040, ,16.07, ,59.50, ,95.2, 
2023/7/24,19:00,3.0, ,167870, ,17.35, ,59.50, ,95.1, 
2023/7/24,20:00,3.7, ,167760, ,19.43, ,59.50, ,95.1, 
2023/7/24,21:00,0.8, ,167540, ,16.63, ,59.50, ,94.9, 
2023/7/24,22:00,0.2, ,167430, ,15.62, ,48.50, ,94.9, 
2023/7/24,23:00,0.0, ,167270, ,10.16, ,36.90, ,94.8, 
2023/7/24,24:00,0.0, ,167270, ,10.96, ,30.70, ,94.8, 
2023/7/25,01:00,0.0, ,167160, ,15.78, ,39.00, ,94.7, 
2023/7/25,02:00,0.0, ,167050, ,9.36, ,36.50, ,94.7, 
2023/7/25,03:00,0.0, ,166940, ,8.04, ,34.10, ,94.6, 
2023/7/25,04:00,0.0, ,166880, ,7.20, ,26.90, ,94.5, 
2023/7/25,05:00,0.0, ,166830, ,13.77, ,26.60, ,94.5, 
2023/7/25,06:00,0.0, ,166770, ,7.63, ,26.50, ,94.5, 
2023/7/25,07:00,0.0, ,166720, ,8.37, ,29.40, ,94.5, 
2023/7/25,08:00,0.0, ,166610, ,16.25, ,35.20, ,94.4, 
2023/7/25,09:00,0.0, ,166550, ,8.46, ,19.40, ,94.3, 
2023/7/25,10:00,0.1, ,166550, ,4.81, ,0.00, ,94.3, 
2023/7/25,11:00,0.0, ,166550, ,0.00, ,0.00, ,94.3, 
2023/7/25,12:00,0.0, ,166610, ,14.99, ,0.00, ,94.4, 
2023/7/25,13:00,0.0, ,166660, ,3.81, ,0.00, ,94.4, 
2023/7/25,14:00,0.0, ,166660, ,11.71, ,16.20, ,94.4, 
2023/7/25,15:00,0.6, ,166660, ,14.85, ,46.00, ,94.4, 
2023/7/25,16:00,0.1, ,166500, ,25.15, ,56.10, ,94.3, 
2023/7/25,17:00,0.0, ,166390, ,14.10, ,59.40, ,94.3, 
2023/7/25,18:00,0.4, ,166170, ,13.37, ,59.50, ,94.1, 
2023/7/25,19:00,0.0, ,166010, ,10.90, ,59.50, ,94.0, 
2023/7/25,20:00,0.0, ,165840, ,13.94, ,59.50, ,93.9, 
2023/7/25,21:00,0.0, ,165680, ,12.44, ,59.40, ,93.8, 
2023/7/25,22:00,0.0, ,165510, ,13.23, ,43.80, ,93.7, 
2023/7/25,23:00,0.0, ,165460, ,13.59, ,35.20, ,93.7, 
2023/7/25,24:00,0.0, ,165350, ,7.43, ,46.70, ,93.6, 
2023/7/26,01:00,0.0, ,165190, ,12.80, ,36.40, ,93.5, 
2023/7/26,02:00,0.0, ,165190, ,1.46, ,0.00, ,93.5, 
2023/7/26,03:00,0.1, ,165240, ,0.25, ,0.00, ,93.6, 
2023/7/26,04:00,0.0, ,165240, ,14.90, ,0.00, ,93.6, 
2023/7/26,05:00,0.0, ,165300, ,2.53, ,0.00, ,93.6, 
2023/7/26,06:00,0.0, ,165300, ,12.65, ,15.90, ,93.6, 
2023/7/26,07:00,0.0, ,165300, ,14.28, ,44.90, ,93.6, 
2023/7/26,08:00,0.0, ,165130, ,25.44, ,54.90, ,93.5, 
2023/7/26,09:00,0.0, ,165020, ,10.97, ,54.90, ,93.4, 
2023/7/26,10:00,0.0, ,164860, ,12.55, ,37.20, ,93.3, 
2023/7/26,11:00,0.0, ,164810, ,12.65, ,29.30, ,93.3, 
2023/7/26,12:00,0.0, ,164700, ,7.92, ,29.10, ,93.2, 
2023/7/26,13:00,0.0, ,164640, ,13.68, ,26.80, ,93.2, 
2023/7/26,14:00,0.0, ,164590, ,8.52, ,46.20, ,93.2, 
2023/7/26,15:00,0.0, ,164420, ,13.79, ,56.00, ,93.1, 
2023/7/26,16:00,0.0, ,164260, ,11.88, ,60.00, ,93.0, 
2023/7/26,17:00,0.0, ,164100, ,11.08, ,59.80, ,92.9, 
2023/7/26,18:00,0.0, ,163940, ,10.80, ,59.80, ,92.8, 
2023/7/26,19:00,0.0, ,163770, ,14.33, ,59.70, ,92.7, 
2023/7/26,20:00,0.0, ,163610, ,11.09, ,59.80, ,92.6, 
2023/7/26,21:00,0.0, ,163390, ,12.36, ,59.90, ,92.4, 
2023/7/26,22:00,0.0, ,163230, ,14.12, ,43.40, ,92.3, 
2023/7/26,23:00,0.0, ,163180, ,9.72, ,33.60, ,92.3, 
2023/7/26,24:00,0.0, ,163070, ,9.29, ,29.60, ,92.3, 
2023/7/27,01:00,0.0, ,163010, ,10.05, ,29.30, ,92.2, 
2023/7/27,02:00,0.0, ,162960, ,9.86, ,27.10, ,92.2, 
2023/7/27,03:00,0.0, ,162910, ,10.40, ,39.70, ,92.2, 
2023/7/27,04:00,0.0, ,162740, ,9.09, ,28.40, ,92.1, 
2023/7/27,05:00,0.0, ,162740, ,1.99, ,0.00, ,92.1, 
2023/7/27,06:00,0.0, ,162740, ,0.03, ,16.00, ,92.1, 
2023/7/27,07:00,0.0, ,162740, ,27.83, ,45.00, ,92.1, 
2023/7/27,08:00,0.0, ,162640, ,13.83, ,55.80, ,92.0, 
2023/7/27,09:00,0.0, ,162420, ,11.10, ,59.90, ,91.9, 
2023/7/27,10:00,0.0, ,162260, ,10.65, ,55.60, ,91.8, 
2023/7/27,11:00,0.0, ,162150, ,13.66, ,41.90, ,91.7, 
2023/7/27,12:00,0.0, ,162100, ,10.96, ,31.50, ,91.7, 
2023/7/27,13:00,0.0, ,161990, ,11.09, ,45.60, ,91.6, 
2023/7/27,14:00,0.0, ,161830, ,7.89, ,55.60, ,91.5, 
2023/7/27,15:00,0.0, ,161670, ,12.16, ,60.00, ,91.4, 
2023/7/27,16:00,0.0, ,161500, ,12.31, ,43.50, ,91.3, 
2023/7/27,17:00,0.0, ,161400, ,10.67, ,51.80, ,91.2, 
2023/7/27,18:00,0.0, ,161180, ,3.27, ,60.10, ,91.1, 
2023/7/27,19:00,0.0, ,161020, ,6.59, ,60.10, ,91.0, 
2023/7/27,20:00,0.0, ,160860, ,11.58, ,59.90, ,90.9, 
2023/7/27,21:00,0.0, ,160700, ,15.73, ,43.20, ,90.8, 
2023/7/27,22:00,0.0, ,160700, ,11.36, ,15.90, ,90.8, 
2023/7/27,23:00,0.0, ,160650, ,9.64, ,26.80, ,90.8, 
2023/7/27,24:00,0.0, ,160590, ,8.88, ,30.90, ,90.8, 
2023/7/28,01:00,0.0, ,160480, ,8.32, ,38.40, ,90.7, 
2023/7/28,02:00,0.0, ,160380, ,15.91, ,36.10, ,90.6, 
2023/7/28,03:00,0.0, ,160270, ,7.40, ,18.80, ,90.6, 
2023/7/28,04:00,0.0, ,160270, ,0.00, ,0.00, ,90.6, 
2023/7/28,05:00,0.0, ,160320, ,1.49, ,0.00, ,90.6, 
2023/7/28,06:00,0.0, ,160320, ,13.44, ,16.20, ,90.6, 
2023/7/28,07:00,0.0, ,160320, ,14.37, ,27.90, ,90.6, 
2023/7/28,08:00,0.0, ,160220, ,16.59, ,33.40, ,90.5, 
2023/7/28,09:00,0.0, ,160160, ,10.49, ,33.20, ,90.5, 
2023/7/28,10:00,0.0, ,160050, ,9.66, ,33.50, ,90.4, 
2023/7/28,11:00,0.0, ,160000, ,12.10, ,34.60, ,90.4, 
2023/7/28,12:00,0.0, ,159890, ,9.29, ,32.40, ,90.3, 
2023/7/28,13:00,0.0, ,159840, ,12.25, ,41.00, ,90.3, 
2023/7/28,14:00,0.0, ,159680, ,7.34, ,53.50, ,90.2, 
2023/7/28,15:00,0.4, ,159520, ,12.86, ,60.30, ,90.1, 
2023/7/28,16:00,0.4, ,159360, ,12.43, ,60.40, ,90.0, 
2023/7/28,17:00,0.0, ,159140, ,11.48, ,60.20, ,89.9, 
2023/7/28,18:00,0.0, ,158980, ,8.49, ,60.20, ,89.8, 
2023/7/28,19:00,0.0, ,158770, ,11.46, ,44.00, ,89.7, 
2023/7/28,20:00,0.0, ,158720, ,7.32, ,29.60, ,89.6, 
2023/7/28,21:00,0.0, ,158660, ,11.82, ,29.70, ,89.6, 
2023/7/28,22:00,0.0, ,158560, ,10.35, ,29.70, ,89.5, 
2023/7/28,23:00,0.0, ,158500, ,10.45, ,35.50, ,89.5, 
2023/7/28,24:00,0.0, ,158400, ,8.36, ,33.60, ,89.4, 
2023/7/29,01:00,0.0, ,158290, ,11.87, ,35.80, ,89.4, 
2023/7/29,02:00,0.0, ,158240, ,8.86, ,36.20, ,89.3, 
2023/7/29,03:00,0.0, ,158130, ,10.14, ,36.00, ,89.3, 
2023/7/29,04:00,0.0, ,158020, ,9.92, ,33.70, ,89.2, 
2023/7/29,05:00,0.0, ,157970, ,10.41, ,33.20, ,89.2, 
2023/7/29,06:00,0.0, ,157860, ,7.51, ,33.70, ,89.1, 
2023/7/29,07:00,0.0, ,157760, ,11.95, ,17.50, ,89.1, 
2023/7/29,08:00,0.0, ,157760, ,0.00, ,0.00, ,89.1, 
2023/7/29,09:00,0.0, ,157810, ,5.94, ,16.00, ,89.1, 
2023/7/29,10:00,0.0, ,157760, ,22.55, ,27.80, ,89.1, 
2023/7/29,11:00,0.0, ,157700, ,11.35, ,19.40, ,89.0, 
2023/7/29,12:00,0.0, ,157700, ,8.74, ,16.40, ,89.0, 
2023/7/29,13:00,0.0, ,157650, ,10.14, ,28.60, ,89.0, 
2023/7/29,14:00,0.0, ,157600, ,8.75, ,28.50, ,89.0, 
2023/7/29,15:00,0.0, ,157490, ,5.05, ,28.40, ,88.9, 
2023/7/29,16:00,0.0, ,157440, ,9.19, ,28.60, ,88.9, 
2023/7/29,17:00,0.0, ,157390, ,14.69, ,31.10, ,88.8, 
2023/7/29,18:00,0.0, ,157230, ,9.20, ,51.80, ,88.7, 
2023/7/29,19:00,0.0, ,157070, ,8.45, ,60.40, ,88.6, 
2023/7/29,20:00,0.0, ,156910, ,8.76, ,60.30, ,88.5, 
2023/7/29,21:00,0.0, ,156750, ,9.32, ,58.50, ,88.4, 
2023/7/29,22:00,0.0, ,156540, ,10.61, ,50.50, ,88.3, 
2023/7/29,23:00,0.0, ,156430, ,7.34, ,50.50, ,88.3, 
2023/7/29,24:00,0.0, ,156270, ,11.53, ,47.30, ,88.2, 
2023/7/30,01:00,0.0, ,156160, ,8.73, ,38.50, ,88.1, 
2023/7/30,02:00,0.0, ,156060, ,6.36, ,36.50, ,88.0, 
2023/7/30,03:00,0.0, ,155950, ,9.86, ,36.40, ,88.0, 
2023/7/30,04:00,0.0, ,155850, ,7.71, ,33.50, ,87.9, 
2023/7/30,05:00,0.0, ,155790, ,7.63, ,33.80, ,87.9, 
2023/7/30,06:00,0.0, ,155690, ,5.91, ,34.00, ,87.8, 
2023/7/30,07:00,0.0, ,155580, ,11.35, ,18.10, ,87.7, 
2023/7/30,08:00,0.0, ,155580, ,0.56, ,0.00, ,87.7, 
2023/7/30,09:00,0.0, ,155580, ,0.03, ,16.10, ,87.7, 
2023/7/30,10:00,0.0, ,155580, ,14.51, ,28.00, ,87.7, 
2023/7/30,11:00,0.0, ,155480, ,13.29, ,17.80, ,87.7, 
2023/7/30,12:00,0.0, ,155480, ,4.22, ,16.10, ,87.7, 
2023/7/30,13:00,0.0, ,155420, ,9.58, ,27.70, ,87.6, 
2023/7/30,14:00,0.0, ,155370, ,7.75, ,29.90, ,87.6, 
2023/7/30,15:00,0.0, ,155270, ,7.69, ,50.50, ,87.6, 
2023/7/30,16:00,0.0, ,155060, ,13.34, ,61.00, ,87.4, 
2023/7/30,17:00,0.0, ,154900, ,9.70, ,60.90, ,87.3, 
2023/7/30,18:00,0.0, ,154690, ,10.48, ,60.90, ,87.2, 
2023/7/30,19:00,0.0, ,154530, ,10.25, ,60.80, ,87.1, 
2023/7/30,20:00,0.0, ,154320, ,8.06, ,60.90, ,87.0, 
2023/7/30,21:00,0.0, ,154160, ,9.06, ,60.90, ,86.9, 
2023/7/30,22:00,0.0, ,153950, ,10.57, ,60.80, ,86.8, 
2023/7/30,23:00,0.0, ,153800, ,8.67, ,54.20, ,86.7, 
2023/7/30,24:00,0.0, ,153640, ,9.82, ,39.90, ,86.6, 
2023/7/31,01:00,0.0, ,153590, ,7.58, ,29.70, ,86.5, 
2023/7/31,02:00,0.0, ,153480, ,7.28, ,27.30, ,86.5, 
2023/7/31,03:00,0.0, ,153430, ,5.03, ,27.30, ,86.4, 
2023/7/31,04:00,0.0, ,153320, ,4.75, ,27.40, ,86.4, 
2023/7/31,05:00,0.0, ,153270, ,6.28, ,27.50, ,86.3, 
2023/7/31,06:00,0.0, ,153220, ,10.15, ,27.50, ,86.3, 
2023/7/31,07:00,0.0, ,153120, ,7.75, ,27.40, ,86.3, 
2023/7/31,08:00,0.0, ,153060, ,5.79, ,27.40, ,86.2, 
2023/7/31,09:00,0.0, ,153010, ,10.07, ,27.50, ,86.2, 
2023/7/31,10:00,0.0, ,152910, ,6.55, ,27.40, ,86.1, 
2023/7/31,11:00,0.0, ,152850, ,8.06, ,40.00, ,86.1, 
2023/7/31,12:00,0.0, ,152700, ,7.77, ,36.90, ,86.0, 
2023/7/31,13:00,0.0, ,152650, ,8.44, ,45.30, ,86.0, 
2023/7/31,14:00,0.0, ,152490, ,9.90, ,55.70, ,85.9, 
2023/7/31,15:00,0.0, ,152280, ,11.30, ,61.00, ,85.8, 
2023/7/31,16:00,0.0, ,152120, ,7.54, ,61.10, ,85.7, 
2023/7/31,17:00,0.0, ,151920, ,9.76, ,61.10, ,85.5, 
2023/7/31,18:00,0.0, ,151710, ,6.40, ,61.10, ,85.4, 
2023/7/31,19:00,0.0, ,151500, ,8.14, ,61.20, ,85.3, 
2023/7/31,20:00,0.0, ,151350, ,8.06, ,61.20, ,85.2, 
2023/7/31,21:00,0.0, ,151140, ,8.84, ,61.10, ,85.1, 
2023/7/31,22:00,0.0, ,150980, ,11.22, ,61.00, ,85.0, 
2023/7/31,23:00,0.0, ,150780, ,10.29, ,55.30, ,84.8, 
2023/7/31,24:00,0.0, ,150670, ,8.94, ,40.00, ,84.8, 
