îCà”ä˙ä‘É_ÉÄèîó åüçıåãâ 
êÖånñº,ãgñÏêÏ
âÕêÏñº,ãgñÏêÏ
äœë™èäñº,ëÅñæâYÉ_ÉÄÅiã@ç\Åj
äœë™èäãLçÜ,1368080700010
#
#îNåéì˙,éûçè,ó¨àÊïΩãœâJó ,ó¨àÊïΩãœâJó ëÆê´,íôêÖó ,íôêÖó ëÆê´,ó¨ì¸ó ,ó¨ì¸ó ëÆê´,ï˙ó¨ó ,ï˙ó¨ó ëÆê´,íôêÖó¶,íôêÖó¶ëÆê´
#ëÆê´Å@$:åáë™ -:ñ¢éÛêM
#
2014/6/1,01:00,0.0, ,155270, ,13.97, ,19.60, ,88.9, 
2014/6/1,02:00,0.0, ,155210, ,5.49, ,25.60, ,88.9, 
2014/6/1,03:00,0.0, ,155060, ,8.46, ,52.80, ,88.8, 
2014/6/1,04:00,0.0, ,154850, ,8.81, ,61.70, ,88.7, 
2014/6/1,05:00,0.0, ,154690, ,4.80, ,61.90, ,88.6, 
2014/6/1,06:00,0.0, ,154480, ,5.88, ,34.90, ,88.5, 
2014/6/1,07:00,0.0, ,154420, ,2.34, ,22.60, ,88.5, 
2014/6/1,08:00,0.0, ,154370, ,5.90, ,23.20, ,88.6, 
2014/6/1,09:00,0.0, ,154320, ,5.53, ,19.80, ,88.6, 
2014/6/1,10:00,0.0, ,154270, ,6.88, ,24.00, ,88.6, 
2014/6/1,11:00,0.0, ,154210, ,13.00, ,25.00, ,88.6, 
2014/6/1,12:00,0.0, ,154110, ,13.07, ,51.60, ,88.5, 
2014/6/1,13:00,0.0, ,153950, ,11.34, ,50.10, ,88.5, 
2014/6/1,14:00,0.0, ,153800, ,10.59, ,50.20, ,88.4, 
2014/6/1,15:00,0.0, ,153690, ,14.06, ,50.10, ,88.4, 
2014/6/1,16:00,0.0, ,153530, ,11.18, ,49.80, ,88.3, 
2014/6/1,17:00,0.0, ,153380, ,13.58, ,53.40, ,88.3, 
2014/6/1,18:00,0.0, ,153270, ,12.58, ,49.90, ,88.2, 
2014/6/1,19:00,0.0, ,153060, ,12.17, ,62.80, ,88.1, 
2014/6/1,20:00,0.0, ,152910, ,13.67, ,62.70, ,88.1, 
2014/6/1,21:00,0.0, ,152700, ,11.14, ,62.80, ,88.0, 
2014/6/1,22:00,0.0, ,152540, ,11.52, ,54.10, ,87.9, 
2014/6/1,23:00,0.0, ,152540, ,11.95, ,19.60, ,87.9, 
2014/6/1,24:00,0.0, ,152490, ,5.94, ,19.50, ,87.9, 
2014/6/2,01:00,0.0, ,152440, ,10.73, ,20.00, ,88.0, 
2014/6/2,02:00,0.0, ,152380, ,7.39, ,19.50, ,88.0, 
2014/6/2,03:00,0.0, ,152280, ,6.94, ,30.80, ,87.9, 
2014/6/2,04:00,0.0, ,152120, ,5.79, ,54.60, ,87.9, 
2014/6/2,05:00,0.0, ,151970, ,7.93, ,54.50, ,87.8, 
2014/6/2,06:00,0.0, ,151860, ,5.50, ,33.50, ,87.8, 
2014/6/2,07:00,0.0, ,151760, ,3.27, ,20.60, ,87.7, 
2014/6/2,08:00,0.0, ,151710, ,3.39, ,19.70, ,87.7, 
2014/6/2,09:00,0.0, ,151600, ,5.63, ,30.90, ,87.7, 
2014/6/2,10:00,0.0, ,151450, ,12.15, ,58.30, ,87.7, 
2014/6/2,11:00,0.0, ,151290, ,11.61, ,62.40, ,87.6, 
2014/6/2,12:00,0.0, ,151090, ,9.33, ,52.60, ,87.5, 
2014/6/2,13:00,0.0, ,151030, ,6.91, ,33.10, ,87.5, 
2014/6/2,14:00,0.0, ,150880, ,12.32, ,63.10, ,87.4, 
2014/6/2,15:00,0.0, ,150670, ,15.21, ,63.00, ,87.3, 
2014/6/2,16:00,0.0, ,150520, ,12.39, ,62.90, ,87.3, 
2014/6/2,17:00,0.0, ,150310, ,12.48, ,63.10, ,87.2, 
2014/6/2,18:00,0.0, ,150150, ,11.08, ,63.00, ,87.1, 
2014/6/2,19:00,0.0, ,149950, ,11.80, ,63.00, ,87.0, 
2014/6/2,20:00,0.0, ,149740, ,10.91, ,63.30, ,86.9, 
2014/6/2,21:00,0.0, ,149590, ,10.01, ,62.90, ,86.9, 
2014/6/2,22:00,0.0, ,149430, ,8.96, ,50.20, ,86.8, 
2014/6/2,23:00,0.0, ,149330, ,8.79, ,29.40, ,86.8, 
2014/6/2,24:00,0.0, ,149280, ,10.64, ,21.10, ,86.8, 
2014/6/3,01:00,0.0, ,149230, ,6.68, ,21.40, ,86.8, 
2014/6/3,02:00,0.0, ,149170, ,7.08, ,21.80, ,86.8, 
2014/6/3,03:00,0.0, ,149120, ,6.04, ,26.10, ,86.8, 
2014/6/3,04:00,0.0, ,148970, ,6.29, ,32.20, ,86.7, 
2014/6/3,05:00,0.0, ,148920, ,3.48, ,35.30, ,86.7, 
2014/6/3,06:00,0.0, ,148760, ,6.34, ,34.90, ,86.7, 
2014/6/3,07:00,0.0, ,148710, ,2.96, ,22.90, ,86.7, 
2014/6/3,08:00,0.0, ,148610, ,3.61, ,23.30, ,86.6, 
2014/6/3,09:00,0.0, ,148500, ,7.57, ,37.50, ,86.6, 
2014/6/3,10:00,0.0, ,148350, ,8.66, ,60.00, ,86.5, 
2014/6/3,11:00,0.0, ,148200, ,13.57, ,61.70, ,86.5, 
2014/6/3,12:00,0.0, ,147990, ,12.32, ,52.00, ,86.4, 
2014/6/3,13:00,0.0, ,147940, ,7.51, ,27.20, ,86.4, 
2014/6/3,14:00,0.0, ,147790, ,11.90, ,58.40, ,86.3, 
2014/6/3,15:00,0.0, ,147580, ,15.39, ,62.00, ,86.2, 
2014/6/3,16:00,0.0, ,147430, ,8.08, ,61.90, ,86.2, 
2014/6/3,17:00,0.0, ,147220, ,14.00, ,62.00, ,86.1, 
2014/6/3,18:00,0.0, ,147070, ,8.83, ,61.90, ,86.0, 
2014/6/3,19:00,0.0, ,146860, ,11.12, ,62.10, ,85.9, 
2014/6/3,20:00,0.0, ,146660, ,9.74, ,62.20, ,85.8, 
2014/6/3,21:00,0.0, ,146450, ,10.94, ,61.90, ,85.7, 
2014/6/3,22:00,0.0, ,146350, ,10.73, ,40.10, ,85.7, 
2014/6/3,23:00,0.0, ,146300, ,7.82, ,31.20, ,85.7, 
2014/6/3,24:00,0.0, ,146250, ,9.41, ,22.90, ,85.7, 
2014/6/4,01:00,0.0, ,146200, ,8.34, ,23.50, ,85.7, 
2014/6/4,02:00,0.0, ,146100, ,5.08, ,23.40, ,85.6, 
2014/6/4,03:00,0.2, ,146050, ,7.05, ,23.30, ,85.7, 
2014/6/4,04:00,0.2, ,145940, ,5.22, ,35.40, ,85.6, 
2014/6/4,05:00,0.8, ,145840, ,6.23, ,35.60, ,85.6, 
2014/6/4,06:00,1.2, ,145740, ,2.99, ,30.90, ,85.6, 
2014/6/4,07:00,1.7, ,145690, ,5.52, ,20.10, ,85.6, 
2014/6/4,08:00,2.6, ,145590, ,4.93, ,20.10, ,85.5, 
2014/6/4,09:00,4.5, ,145490, ,4.90, ,34.50, ,85.5, 
2014/6/4,10:00,3.3, ,145330, ,12.64, ,62.00, ,85.4, 
2014/6/4,11:00,2.6, ,145180, ,16.15, ,61.80, ,85.4, 
2014/6/4,12:00,0.9, ,144980, ,12.51, ,52.80, ,85.3, 
2014/6/4,13:00,1.6, ,144980, ,10.55, ,30.60, ,85.3, 
2014/6/4,14:00,4.2, ,144830, ,16.06, ,61.90, ,85.3, 
2014/6/4,15:00,2.2, ,144620, ,21.02, ,61.90, ,85.2, 
2014/6/4,16:00,5.9, ,144520, ,16.91, ,62.20, ,85.1, 
2014/6/4,17:00,5.0, ,144370, ,23.27, ,61.80, ,85.1, 
2014/6/4,18:00,2.8, ,144320, ,27.30, ,46.30, ,85.1, 
2014/6/4,19:00,5.6, ,144170, ,19.58, ,49.00, ,85.0, 
2014/6/4,20:00,5.5, ,144170, ,14.64, ,20.10, ,85.0, 
2014/6/4,21:00,4.1, ,144170, ,20.07, ,20.10, ,85.1, 
2014/6/4,22:00,4.8, ,144220, ,32.92, ,19.90, ,85.2, 
2014/6/4,23:00,4.5, ,144270, ,24.30, ,23.20, ,85.2, 
2014/6/4,24:00,2.9, ,144270, ,34.13, ,20.10, ,85.3, 
2014/6/5,01:00,2.8, ,144320, ,32.74, ,20.30, ,85.3, 
2014/6/5,02:00,2.4, ,144420, ,38.63, ,20.00, ,85.4, 
2014/6/5,03:00,1.6, ,144470, ,35.80, ,19.80, ,85.4, 
2014/6/5,04:00,0.5, ,144570, ,34.75, ,0.00, ,85.5, 
2014/6/5,05:00,0.1, ,144720, ,31.64, ,0.00, ,85.6, 
2014/6/5,06:00,0.2, ,144830, ,36.11, ,0.60, ,85.7, 
2014/6/5,07:00,1.5, ,144880, ,34.85, ,19.90, ,85.7, 
2014/6/5,08:00,5.3, ,144930, ,32.73, ,20.00, ,85.7, 
2014/6/5,09:00,1.9, ,144980, ,36.05, ,19.90, ,85.8, 
2014/6/5,10:00,3.3, ,144980, ,29.57, ,30.90, ,85.8, 
2014/6/5,11:00,3.1, ,145030, ,54.36, ,50.90, ,85.8, 
2014/6/5,12:00,0.4, ,145030, ,25.89, ,20.00, ,85.8, 
2014/6/5,13:00,0.0, ,145080, ,37.41, ,19.90, ,85.8, 
2014/6/5,14:00,0.0, ,145130, ,35.26, ,20.40, ,85.9, 
2014/6/5,15:00,0.1, ,145180, ,40.70, ,20.10, ,85.9, 
2014/6/5,16:00,0.3, ,145280, ,37.99, ,20.20, ,86.0, 
2014/6/5,17:00,0.0, ,145330, ,37.83, ,23.00, ,86.0, 
2014/6/5,18:00,1.6, ,145330, ,38.96, ,36.90, ,86.0, 
2014/6/5,19:00,0.1, ,145330, ,39.36, ,41.60, ,86.0, 
2014/6/5,20:00,0.0, ,145330, ,41.72, ,41.60, ,86.0, 
2014/6/5,21:00,0.0, ,145330, ,32.15, ,23.10, ,86.0, 
2014/6/5,22:00,0.0, ,145330, ,21.94, ,20.00, ,86.0, 
2014/6/5,23:00,0.0, ,145330, ,20.09, ,20.00, ,86.0, 
2014/6/5,24:00,0.2, ,145330, ,21.31, ,23.20, ,86.0, 
2014/6/6,01:00,1.2, ,145380, ,35.86, ,23.10, ,86.0, 
2014/6/6,02:00,1.9, ,145380, ,24.53, ,20.70, ,86.0, 
2014/6/6,03:00,2.5, ,145430, ,33.05, ,21.10, ,86.1, 
2014/6/6,04:00,1.4, ,145430, ,23.69, ,20.70, ,86.1, 
2014/6/6,05:00,0.3, ,145430, ,20.86, ,20.90, ,86.1, 
2014/6/6,06:00,0.2, ,145430, ,20.86, ,21.10, ,86.1, 
2014/6/6,07:00,0.5, ,145430, ,20.87, ,20.90, ,86.1, 
2014/6/6,08:00,0.6, ,145490, ,32.17, ,21.20, ,86.1, 
2014/6/6,09:00,0.2, ,145540, ,24.38, ,20.80, ,86.1, 
2014/6/6,10:00,0.4, ,145540, ,34.27, ,20.80, ,86.1, 
2014/6/6,11:00,0.0, ,145590, ,31.45, ,21.20, ,86.2, 
2014/6/6,12:00,0.0, ,145690, ,30.34, ,0.00, ,86.2, 
2014/6/6,13:00,0.1, ,145790, ,27.36, ,0.00, ,86.3, 
2014/6/6,14:00,0.0, ,145890, ,30.20, ,0.00, ,86.4, 
2014/6/6,15:00,0.1, ,145990, ,26.91, ,0.00, ,86.4, 
2014/6/6,16:00,0.6, ,146150, ,30.93, ,0.00, ,86.6, 
2014/6/6,17:00,2.4, ,146300, ,39.68, ,0.00, ,86.7, 
2014/6/6,18:00,1.9, ,146400, ,41.36, ,0.00, ,86.7, 
2014/6/6,19:00,0.3, ,146610, ,42.80, ,0.00, ,86.9, 
2014/6/6,20:00,1.0, ,146760, ,45.66, ,0.00, ,87.0, 
2014/6/6,21:00,1.2, ,146910, ,46.87, ,0.00, ,87.1, 
2014/6/6,22:00,1.2, ,147070, ,44.29, ,1.10, ,87.2, 
2014/6/6,23:00,0.3, ,147170, ,42.15, ,18.40, ,87.2, 
2014/6/6,24:00,0.0, ,147220, ,40.21, ,18.40, ,87.3, 
2014/6/7,01:00,0.2, ,147320, ,41.62, ,18.50, ,87.3, 
2014/6/7,02:00,0.1, ,147370, ,39.78, ,18.50, ,87.4, 
2014/6/7,03:00,0.0, ,147480, ,39.80, ,18.50, ,87.5, 
2014/6/7,04:00,0.0, ,147530, ,31.77, ,18.50, ,87.5, 
2014/6/7,05:00,0.1, ,147630, ,32.82, ,0.00, ,87.6, 
2014/6/7,06:00,0.0, ,147730, ,29.20, ,0.00, ,87.6, 
2014/6/7,07:00,0.0, ,147790, ,23.99, ,0.00, ,87.7, 
2014/6/7,08:00,0.1, ,147890, ,24.95, ,0.00, ,87.7, 
2014/6/7,09:00,0.0, ,147990, ,26.62, ,1.10, ,87.8, 
2014/6/7,10:00,0.0, ,148040, ,32.22, ,18.60, ,87.8, 
2014/6/7,11:00,0.0, ,148090, ,26.96, ,18.50, ,87.9, 
2014/6/7,12:00,0.1, ,148140, ,30.10, ,18.40, ,87.9, 
2014/6/7,13:00,0.0, ,148140, ,31.05, ,18.40, ,87.9, 
2014/6/7,14:00,0.8, ,148200, ,23.21, ,18.50, ,87.9, 
2014/6/7,15:00,0.1, ,148200, ,34.01, ,30.70, ,87.9, 
2014/6/7,16:00,0.0, ,148200, ,30.69, ,30.80, ,87.9, 
2014/6/7,17:00,0.0, ,148200, ,30.72, ,30.60, ,87.9, 
2014/6/7,18:00,1.0, ,148200, ,31.89, ,33.90, ,87.9, 
2014/6/7,19:00,2.7, ,148200, ,32.54, ,30.70, ,87.9, 
2014/6/7,20:00,3.5, ,148200, ,32.24, ,33.60, ,87.9, 
2014/6/7,21:00,4.4, ,148200, ,33.74, ,33.60, ,87.9, 
2014/6/7,22:00,4.3, ,148200, ,32.27, ,30.70, ,87.9, 
2014/6/7,23:00,2.7, ,148250, ,29.22, ,21.50, ,88.0, 
2014/6/7,24:00,2.0, ,148350, ,44.33, ,18.30, ,88.0, 
2014/6/8,01:00,0.9, ,148450, ,51.25, ,18.20, ,88.1, 
2014/6/8,02:00,0.4, ,148610, ,50.97, ,18.30, ,88.2, 
2014/6/8,03:00,0.3, ,148710, ,52.84, ,18.30, ,88.3, 
2014/6/8,04:00,0.2, ,148810, ,50.73, ,18.40, ,88.4, 
2014/6/8,05:00,0.0, ,148920, ,45.23, ,18.10, ,88.4, 
2014/6/8,06:00,0.0, ,148970, ,40.00, ,21.40, ,88.5, 
2014/6/8,07:00,0.0, ,149020, ,37.82, ,18.20, ,88.5, 
2014/6/8,08:00,0.0, ,149070, ,35.48, ,18.30, ,88.5, 
2014/6/8,09:00,0.0, ,149170, ,34.75, ,18.30, ,88.6, 
2014/6/8,10:00,0.0, ,149280, ,39.06, ,0.00, ,88.7, 
2014/6/8,11:00,0.0, ,149430, ,37.97, ,0.00, ,88.8, 
2014/6/8,12:00,0.0, ,149530, ,35.35, ,0.00, ,88.9, 
2014/6/8,13:00,0.0, ,149690, ,37.04, ,0.00, ,89.0, 
2014/6/8,14:00,0.3, ,149790, ,35.63, ,0.00, ,89.0, 
2014/6/8,15:00,2.6, ,149950, ,37.31, ,0.00, ,89.1, 
2014/6/8,16:00,2.6, ,150050, ,32.07, ,0.00, ,89.2, 
2014/6/8,17:00,4.1, ,150210, ,38.54, ,0.90, ,89.3, 
2014/6/8,18:00,0.2, ,150260, ,33.80, ,18.20, ,89.3, 
2014/6/8,19:00,0.2, ,150360, ,40.07, ,18.40, ,89.4, 
2014/6/8,20:00,0.0, ,150470, ,41.66, ,18.30, ,89.5, 
2014/6/8,21:00,0.0, ,150520, ,42.86, ,18.20, ,89.5, 
2014/6/8,22:00,0.0, ,150620, ,42.44, ,18.30, ,89.6, 
2014/6/8,23:00,0.0, ,150670, ,41.03, ,18.30, ,89.6, 
2014/6/8,24:00,0.0, ,150780, ,40.06, ,18.20, ,89.7, 
2014/6/9,01:00,0.0, ,150830, ,37.67, ,21.10, ,89.7, 
2014/6/9,02:00,0.0, ,150980, ,40.47, ,0.00, ,89.8, 
2014/6/9,03:00,0.0, ,151090, ,35.01, ,0.00, ,89.9, 
2014/6/9,04:00,0.0, ,151190, ,31.43, ,0.00, ,90.0, 
2014/6/9,05:00,0.0, ,151290, ,27.12, ,0.00, ,90.0, 
2014/6/9,06:00,0.0, ,151400, ,28.57, ,0.00, ,90.1, 
2014/6/9,07:00,0.0, ,151450, ,23.30, ,1.20, ,90.2, 
2014/6/9,08:00,0.0, ,151500, ,26.66, ,18.50, ,90.2, 
2014/6/9,09:00,0.0, ,151500, ,19.93, ,18.10, ,90.2, 
2014/6/9,10:00,0.0, ,151550, ,31.62, ,18.40, ,90.2, 
2014/6/9,11:00,0.0, ,151600, ,26.34, ,18.10, ,90.3, 
2014/6/9,12:00,0.0, ,151660, ,31.38, ,18.20, ,90.3, 
2014/6/9,13:00,0.0, ,151660, ,26.60, ,18.10, ,90.3, 
2014/6/9,14:00,0.0, ,151710, ,27.55, ,18.20, ,90.3, 
2014/6/9,15:00,0.0, ,151760, ,29.02, ,18.20, ,90.4, 
2014/6/9,16:00,0.0, ,151760, ,33.59, ,31.90, ,90.4, 
2014/6/9,17:00,0.0, ,151710, ,39.46, ,48.20, ,90.3, 
2014/6/9,18:00,0.0, ,151710, ,28.24, ,21.30, ,90.3, 
2014/6/9,19:00,0.0, ,151710, ,20.14, ,18.30, ,90.3, 
2014/6/9,20:00,0.0, ,151810, ,17.92, ,0.00, ,90.4, 
2014/6/9,21:00,0.0, ,151920, ,31.04, ,0.00, ,90.5, 
2014/6/9,22:00,0.0, ,151970, ,26.47, ,0.60, ,90.5, 
2014/6/9,23:00,0.0, ,152020, ,28.08, ,18.20, ,90.5, 
2014/6/9,24:00,0.0, ,152070, ,23.98, ,18.20, ,90.6, 
2014/6/10,01:00,0.0, ,152070, ,28.36, ,18.00, ,90.6, 
2014/6/10,02:00,0.0, ,152070, ,18.18, ,18.30, ,90.6, 
2014/6/10,03:00,0.0, ,152120, ,31.06, ,18.30, ,90.6, 
2014/6/10,04:00,0.0, ,152120, ,19.98, ,18.30, ,90.6, 
2014/6/10,05:00,0.0, ,152120, ,18.25, ,18.10, ,90.6, 
2014/6/10,06:00,0.0, ,152120, ,18.25, ,18.20, ,90.6, 
2014/6/10,07:00,0.0, ,152120, ,18.27, ,18.30, ,90.6, 
2014/6/10,08:00,0.0, ,152120, ,19.50, ,21.40, ,90.6, 
2014/6/10,09:00,0.0, ,152070, ,7.09, ,18.30, ,90.6, 
2014/6/10,10:00,0.0, ,152070, ,26.68, ,37.80, ,90.6, 
2014/6/10,11:00,0.0, ,152020, ,26.86, ,38.00, ,90.5, 
2014/6/10,12:00,0.0, ,151970, ,26.38, ,38.20, ,90.5, 
2014/6/10,13:00,0.0, ,151970, ,21.85, ,18.80, ,90.5, 
2014/6/10,14:00,0.0, ,151920, ,22.98, ,45.60, ,90.5, 
2014/6/10,15:00,0.0, ,151810, ,25.55, ,48.80, ,90.4, 
2014/6/10,16:00,0.0, ,151760, ,24.38, ,45.60, ,90.4, 
2014/6/10,17:00,0.0, ,151660, ,27.20, ,51.70, ,90.3, 
2014/6/10,18:00,0.0, ,151550, ,22.55, ,54.60, ,90.2, 
2014/6/10,19:00,0.0, ,151450, ,24.96, ,48.00, ,90.2, 
2014/6/10,20:00,0.0, ,151350, ,25.27, ,47.70, ,90.1, 
2014/6/10,21:00,0.1, ,151350, ,19.54, ,30.50, ,90.1, 
2014/6/10,22:00,0.6, ,151350, ,24.44, ,18.10, ,90.1, 
2014/6/10,23:00,0.2, ,151350, ,18.14, ,18.10, ,90.1, 
2014/6/10,24:00,0.6, ,151350, ,18.16, ,18.30, ,90.1, 
2014/6/11,01:00,0.7, ,151350, ,18.22, ,18.20, ,90.1, 
2014/6/11,02:00,0.6, ,151350, ,18.16, ,18.10, ,90.1, 
2014/6/11,03:00,0.0, ,151350, ,18.14, ,18.20, ,90.1, 
2014/6/11,04:00,0.0, ,151350, ,18.19, ,18.20, ,90.1, 
2014/6/11,05:00,0.5, ,151350, ,18.16, ,18.20, ,90.1, 
2014/6/11,06:00,0.0, ,151350, ,18.13, ,18.20, ,90.1, 
2014/6/11,07:00,0.3, ,151350, ,19.39, ,21.30, ,90.1, 
2014/6/11,08:00,0.3, ,151350, ,20.12, ,18.30, ,90.1, 
2014/6/11,09:00,0.0, ,151350, ,24.35, ,30.20, ,90.1, 
2014/6/11,10:00,0.0, ,151290, ,28.70, ,45.80, ,90.0, 
2014/6/11,11:00,0.3, ,151190, ,20.32, ,45.70, ,90.0, 
2014/6/11,12:00,0.0, ,151090, ,24.65, ,44.80, ,89.9, 
2014/6/11,13:00,0.2, ,151090, ,17.03, ,22.00, ,89.9, 
2014/6/11,14:00,0.1, ,150980, ,24.67, ,45.80, ,89.8, 
2014/6/11,15:00,0.0, ,150880, ,18.48, ,60.80, ,89.8, 
2014/6/11,16:00,0.3, ,150720, ,19.40, ,60.80, ,89.7, 
2014/6/11,17:00,0.1, ,150570, ,20.03, ,62.90, ,89.6, 
2014/6/11,18:00,0.0, ,150410, ,17.48, ,62.90, ,89.4, 
2014/6/11,19:00,0.0, ,150210, ,18.22, ,61.10, ,89.3, 
2014/6/11,20:00,0.0, ,150050, ,16.84, ,62.50, ,89.2, 
2014/6/11,21:00,0.0, ,150000, ,14.69, ,36.70, ,89.2, 
2014/6/11,22:00,0.0, ,149950, ,17.08, ,18.50, ,89.1, 
2014/6/11,23:00,0.0, ,149950, ,8.78, ,18.30, ,89.1, 
2014/6/11,24:00,0.0, ,149950, ,18.38, ,18.50, ,89.1, 
2014/6/12,01:00,0.0, ,149900, ,18.11, ,18.30, ,89.1, 
2014/6/12,02:00,0.0, ,149900, ,4.27, ,18.40, ,89.1, 
2014/6/12,03:00,0.0, ,149900, ,18.41, ,18.40, ,89.1, 
2014/6/12,04:00,0.0, ,149840, ,4.51, ,18.30, ,89.1, 
2014/6/12,05:00,0.0, ,149790, ,14.05, ,18.30, ,89.0, 
2014/6/12,06:00,0.0, ,149790, ,7.82, ,18.30, ,89.0, 
2014/6/12,07:00,0.0, ,149740, ,5.17, ,18.40, ,89.0, 
2014/6/12,08:00,0.0, ,149690, ,8.53, ,18.30, ,89.0, 
2014/6/12,09:00,0.0, ,149640, ,9.74, ,22.10, ,88.9, 
2014/6/12,10:00,0.0, ,149590, ,15.96, ,45.90, ,88.9, 
2014/6/12,11:00,0.0, ,149430, ,18.02, ,53.60, ,88.8, 
2014/6/12,12:00,0.0, ,149330, ,19.45, ,53.70, ,88.7, 
2014/6/12,13:00,0.0, ,149280, ,19.25, ,37.60, ,88.7, 
2014/6/12,14:00,0.2, ,149120, ,21.10, ,61.40, ,88.6, 
2014/6/12,15:00,2.3, ,148970, ,28.21, ,61.10, ,88.5, 
2014/6/12,16:00,0.0, ,148860, ,22.33, ,61.40, ,88.4, 
2014/6/12,17:00,0.0, ,148710, ,21.13, ,63.30, ,88.3, 
2014/6/12,18:00,0.0, ,148560, ,17.26, ,61.80, ,88.2, 
2014/6/12,19:00,0.0, ,148400, ,22.02, ,61.50, ,88.1, 
2014/6/12,20:00,0.0, ,148300, ,16.36, ,45.90, ,88.0, 
2014/6/12,21:00,3.7, ,148250, ,23.48, ,43.00, ,88.0, 
2014/6/12,22:00,0.1, ,148200, ,14.83, ,20.00, ,87.9, 
2014/6/12,23:00,0.0, ,148200, ,17.32, ,19.80, ,87.9, 
2014/6/12,24:00,0.0, ,148200, ,19.95, ,19.90, ,87.9, 
2014/6/13,01:00,0.0, ,148200, ,20.00, ,20.10, ,87.9, 
2014/6/13,02:00,0.0, ,148200, ,20.02, ,20.00, ,87.9, 
2014/6/13,03:00,0.0, ,148140, ,19.31, ,20.00, ,87.9, 
2014/6/13,04:00,0.0, ,148140, ,6.49, ,20.00, ,87.9, 
2014/6/13,05:00,0.0, ,148090, ,7.20, ,20.00, ,87.9, 
2014/6/13,06:00,0.0, ,148040, ,9.81, ,19.90, ,87.8, 
2014/6/13,07:00,0.0, ,147990, ,9.54, ,19.90, ,87.8, 
2014/6/13,08:00,0.0, ,147940, ,9.76, ,20.00, ,87.8, 
2014/6/13,09:00,0.0, ,147940, ,6.67, ,20.60, ,87.8, 
2014/6/13,10:00,0.0, ,147840, ,13.75, ,44.50, ,87.7, 
2014/6/13,11:00,0.0, ,147680, ,19.59, ,53.90, ,87.6, 
2014/6/13,12:00,0.0, ,147580, ,17.49, ,52.90, ,87.5, 
2014/6/13,13:00,0.0, ,147530, ,24.01, ,29.20, ,87.5, 
2014/6/13,14:00,0.0, ,147480, ,13.38, ,32.30, ,87.5, 
2014/6/13,15:00,0.0, ,147370, ,17.80, ,46.20, ,87.4, 
2014/6/13,16:00,0.0, ,147220, ,19.90, ,61.40, ,87.3, 
2014/6/13,17:00,0.0, ,147070, ,19.71, ,62.10, ,87.2, 
2014/6/13,18:00,0.0, ,146910, ,18.66, ,62.00, ,87.1, 
2014/6/13,19:00,0.0, ,146760, ,18.93, ,60.10, ,87.0, 
2014/6/13,20:00,0.0, ,146710, ,16.47, ,34.00, ,86.9, 
2014/6/13,21:00,0.0, ,146710, ,19.44, ,21.60, ,86.9, 
2014/6/13,22:00,0.0, ,146660, ,11.89, ,18.50, ,86.9, 
2014/6/13,23:00,0.0, ,146660, ,12.90, ,19.90, ,86.9, 
2014/6/13,24:00,0.0, ,146660, ,19.60, ,20.00, ,86.9, 
2014/6/14,01:00,0.0, ,146610, ,12.27, ,20.10, ,86.9, 
2014/6/14,02:00,0.0, ,146610, ,13.69, ,20.10, ,86.9, 
2014/6/14,03:00,0.0, ,146560, ,12.54, ,20.20, ,86.8, 
2014/6/14,04:00,0.0, ,146510, ,9.56, ,30.20, ,86.8, 
2014/6/14,05:00,0.0, ,146300, ,7.12, ,49.80, ,86.7, 
2014/6/14,06:00,0.0, ,146250, ,9.59, ,18.60, ,86.6, 
2014/6/14,07:00,0.0, ,146250, ,4.85, ,18.40, ,86.6, 
2014/6/14,08:00,0.0, ,146200, ,7.17, ,18.60, ,86.6, 
2014/6/14,09:00,0.0, ,146150, ,3.51, ,18.50, ,86.6, 
2014/6/14,10:00,0.0, ,146050, ,13.54, ,43.20, ,86.5, 
2014/6/14,11:00,0.0, ,145890, ,17.41, ,54.10, ,86.4, 
2014/6/14,12:00,0.0, ,145790, ,16.81, ,54.20, ,86.3, 
2014/6/14,13:00,0.0, ,145740, ,19.48, ,34.80, ,86.3, 
2014/6/14,14:00,0.0, ,145590, ,16.60, ,62.00, ,86.2, 
2014/6/14,15:00,0.0, ,145380, ,15.83, ,62.30, ,86.0, 
2014/6/14,16:00,0.0, ,145230, ,16.60, ,62.40, ,85.9, 
2014/6/14,17:00,0.0, ,145080, ,19.71, ,60.10, ,85.8, 
2014/6/14,18:00,0.0, ,145030, ,16.40, ,34.00, ,85.8, 
2014/6/14,19:00,0.0, ,144930, ,15.27, ,38.00, ,85.7, 
2014/6/14,20:00,0.0, ,144770, ,18.84, ,62.10, ,85.6, 
2014/6/14,21:00,0.0, ,144620, ,16.42, ,61.80, ,85.5, 
2014/6/14,22:00,0.0, ,144520, ,17.40, ,51.20, ,85.4, 
2014/6/14,23:00,0.0, ,144470, ,15.58, ,29.60, ,85.4, 
2014/6/14,24:00,0.0, ,144420, ,14.72, ,21.00, ,85.4, 
2014/6/15,01:00,0.0, ,144320, ,14.87, ,46.30, ,85.3, 
2014/6/15,02:00,0.0, ,144220, ,16.74, ,46.40, ,85.2, 
2014/6/15,03:00,0.0, ,144070, ,14.00, ,46.40, ,85.1, 
2014/6/15,04:00,0.0, ,143910, ,9.40, ,62.00, ,85.0, 
2014/6/15,05:00,0.0, ,143710, ,8.91, ,62.30, ,84.9, 
2014/6/15,06:00,0.0, ,143560, ,7.39, ,48.90, ,84.8, 
2014/6/15,07:00,0.0, ,143510, ,7.40, ,21.60, ,84.8, 
2014/6/15,08:00,0.0, ,143410, ,5.00, ,18.50, ,84.7, 
2014/6/15,09:00,0.0, ,143360, ,4.54, ,18.50, ,84.7, 
2014/6/15,10:00,0.0, ,143360, ,5.10, ,18.40, ,84.7, 
2014/6/15,11:00,0.0, ,143360, ,18.62, ,18.40, ,84.7, 
2014/6/15,12:00,0.0, ,143310, ,12.34, ,20.70, ,84.6, 
2014/6/15,13:00,0.0, ,143260, ,13.02, ,31.70, ,84.6, 
2014/6/15,14:00,0.0, ,143110, ,13.90, ,56.20, ,84.5, 
2014/6/15,15:00,0.0, ,142960, ,16.66, ,62.10, ,84.4, 
2014/6/15,16:00,0.0, ,142810, ,17.32, ,62.70, ,84.3, 
2014/6/15,17:00,0.0, ,142610, ,15.85, ,62.50, ,84.1, 
2014/6/15,18:00,0.0, ,142460, ,17.74, ,62.80, ,84.0, 
2014/6/15,19:00,0.0, ,142310, ,16.67, ,62.80, ,83.9, 
2014/6/15,20:00,0.0, ,142150, ,16.94, ,62.80, ,83.8, 
2014/6/15,21:00,0.0, ,141950, ,14.89, ,62.80, ,83.7, 
2014/6/15,22:00,0.0, ,141850, ,18.89, ,48.90, ,83.6, 
2014/6/15,23:00,0.0, ,141800, ,10.58, ,21.70, ,83.6, 
2014/6/15,24:00,0.0, ,141800, ,15.60, ,18.40, ,83.6, 
2014/6/16,01:00,0.0, ,141750, ,15.80, ,18.50, ,83.6, 
2014/6/16,02:00,0.0, ,141750, ,7.48, ,18.50, ,83.6, 
2014/6/16,03:00,0.0, ,141700, ,11.89, ,19.60, ,83.5, 
2014/6/16,04:00,0.0, ,141550, ,7.15, ,46.70, ,83.4, 
2014/6/16,05:00,0.0, ,141450, ,8.27, ,46.50, ,83.4, 
2014/6/16,06:00,0.0, ,141300, ,6.66, ,45.70, ,83.3, 
2014/6/16,07:00,0.0, ,141210, ,7.85, ,21.60, ,83.2, 
2014/6/16,08:00,0.0, ,141160, ,4.31, ,18.70, ,83.2, 
2014/6/16,09:00,0.0, ,141110, ,6.23, ,19.40, ,83.1, 
2014/6/16,10:00,0.0, ,141010, ,7.22, ,46.70, ,83.1, 
2014/6/16,11:00,0.0, ,140910, ,16.45, ,46.50, ,83.0, 
2014/6/16,12:00,0.0, ,140760, ,13.05, ,49.70, ,82.9, 
2014/6/16,13:00,0.0, ,140710, ,12.54, ,28.60, ,82.9, 
2014/6/16,14:00,0.0, ,140560, ,17.93, ,55.90, ,82.7, 
2014/6/16,15:00,0.0, ,140410, ,15.59, ,62.40, ,82.6, 
2014/6/16,16:00,0.0, ,140260, ,16.44, ,62.70, ,82.5, 
2014/6/16,17:00,0.0, ,140060, ,15.98, ,62.80, ,82.4, 
2014/6/16,18:00,0.0, ,139910, ,16.27, ,62.80, ,82.3, 
2014/6/16,19:00,0.0, ,139710, ,14.32, ,62.80, ,82.2, 
2014/6/16,20:00,0.0, ,139560, ,16.65, ,62.70, ,82.1, 
2014/6/16,21:00,0.0, ,139410, ,15.92, ,58.50, ,82.0, 
2014/6/16,22:00,0.0, ,139320, ,16.40, ,31.10, ,81.9, 
2014/6/16,23:00,0.0, ,139320, ,12.54, ,22.00, ,81.9, 
2014/6/16,24:00,0.0, ,139270, ,10.08, ,18.70, ,81.9, 
2014/6/17,01:00,0.0, ,139220, ,12.40, ,21.90, ,81.9, 
2014/6/17,02:00,0.0, ,139220, ,11.15, ,18.60, ,81.9, 
2014/6/17,03:00,0.0, ,139170, ,11.34, ,19.30, ,81.9, 
2014/6/17,04:00,0.0, ,139020, ,6.32, ,46.90, ,81.8, 
2014/6/17,05:00,0.0, ,138870, ,8.70, ,46.70, ,81.7, 
2014/6/17,06:00,0.0, ,138720, ,5.76, ,46.20, ,81.6, 
2014/6/17,07:00,0.0, ,138670, ,4.15, ,18.80, ,81.5, 
2014/6/17,08:00,0.0, ,138620, ,5.92, ,18.80, ,81.5, 
2014/6/17,09:00,0.0, ,138520, ,3.52, ,35.00, ,81.4, 
2014/6/17,10:00,0.0, ,138330, ,9.23, ,62.50, ,81.3, 
2014/6/17,11:00,0.6, ,138180, ,13.30, ,62.40, ,81.2, 
2014/6/17,12:00,1.3, ,138030, ,16.28, ,61.20, ,81.0, 
2014/6/17,13:00,0.3, ,137930, ,17.31, ,38.30, ,81.0, 
2014/6/17,14:00,0.8, ,137780, ,13.56, ,62.60, ,80.9, 
2014/6/17,15:00,1.6, ,137590, ,16.79, ,63.20, ,80.7, 
2014/6/17,16:00,2.6, ,137440, ,18.34, ,63.10, ,80.6, 
2014/6/17,17:00,1.8, ,137290, ,17.30, ,63.20, ,80.5, 
2014/6/17,18:00,0.9, ,137090, ,17.79, ,62.60, ,80.4, 
2014/6/17,19:00,1.0, ,136950, ,16.56, ,62.50, ,80.3, 
2014/6/17,20:00,0.8, ,136850, ,18.98, ,44.00, ,80.2, 
2014/6/17,21:00,0.4, ,136800, ,12.67, ,18.80, ,80.2, 
2014/6/17,22:00,0.1, ,136800, ,10.40, ,18.70, ,80.2, 
2014/6/17,23:00,0.2, ,136800, ,19.99, ,21.80, ,80.2, 
2014/6/17,24:00,0.8, ,136750, ,17.23, ,18.70, ,80.2, 
2014/6/18,01:00,0.7, ,136750, ,8.55, ,18.70, ,80.2, 
2014/6/18,02:00,0.5, ,136750, ,18.77, ,18.80, ,80.2, 
2014/6/18,03:00,1.2, ,136700, ,12.64, ,18.80, ,80.1, 
2014/6/18,04:00,2.9, ,136700, ,13.54, ,23.60, ,80.1, 
2014/6/18,05:00,1.5, ,136700, ,23.58, ,23.60, ,80.1, 
2014/6/18,06:00,0.9, ,136650, ,11.34, ,23.50, ,80.1, 
2014/6/18,07:00,1.1, ,136650, ,19.85, ,18.80, ,80.1, 
2014/6/18,08:00,3.2, ,136650, ,18.76, ,18.60, ,80.1, 
2014/6/18,09:00,1.6, ,136600, ,12.37, ,18.80, ,80.1, 
2014/6/18,10:00,3.4, ,136600, ,11.54, ,18.90, ,80.1, 
2014/6/18,11:00,0.6, ,136600, ,18.80, ,18.70, ,80.1, 
2014/6/18,12:00,0.1, ,136600, ,24.90, ,31.30, ,80.1, 
2014/6/18,13:00,0.3, ,136550, ,29.27, ,31.20, ,80.0, 
2014/6/18,14:00,0.5, ,136550, ,19.74, ,31.50, ,80.0, 
2014/6/18,15:00,1.0, ,136450, ,20.72, ,33.50, ,80.0, 
2014/6/18,16:00,2.4, ,136360, ,19.11, ,61.20, ,79.9, 
2014/6/18,17:00,0.7, ,136160, ,22.28, ,61.10, ,79.8, 
2014/6/18,18:00,0.0, ,136010, ,17.20, ,63.10, ,79.7, 
2014/6/18,19:00,0.0, ,135870, ,17.91, ,61.20, ,79.6, 
2014/6/18,20:00,0.0, ,135770, ,19.07, ,52.70, ,79.5, 
2014/6/18,21:00,0.0, ,135720, ,12.81, ,18.90, ,79.5, 
2014/6/18,22:00,0.0, ,135720, ,17.55, ,18.80, ,79.5, 
2014/6/18,23:00,0.0, ,135670, ,17.94, ,18.80, ,79.4, 
2014/6/18,24:00,0.0, ,135670, ,7.33, ,21.90, ,79.4, 
2014/6/19,01:00,0.0, ,135620, ,19.30, ,18.80, ,79.4, 
2014/6/19,02:00,0.0, ,135620, ,6.61, ,18.90, ,79.4, 
2014/6/19,03:00,0.0, ,135570, ,13.00, ,19.00, ,79.4, 
2014/6/19,04:00,0.0, ,135520, ,8.70, ,18.80, ,79.3, 
2014/6/19,05:00,0.0, ,135520, ,7.77, ,18.80, ,79.3, 
2014/6/19,06:00,0.0, ,135430, ,5.87, ,18.70, ,79.3, 
2014/6/19,07:00,0.0, ,135430, ,6.18, ,18.90, ,79.3, 
2014/6/19,08:00,0.0, ,135380, ,6.66, ,18.80, ,79.2, 
2014/6/19,09:00,0.0, ,135330, ,8.32, ,22.00, ,79.2, 
2014/6/19,10:00,0.1, ,135280, ,5.26, ,18.80, ,79.2, 
2014/6/19,11:00,0.0, ,135280, ,18.81, ,18.80, ,79.2, 
2014/6/19,12:00,0.0, ,135280, ,20.01, ,21.90, ,79.2, 
2014/6/19,13:00,0.0, ,135230, ,10.18, ,22.60, ,79.1, 
2014/6/19,14:00,0.0, ,135080, ,17.05, ,47.20, ,79.0, 
2014/6/19,15:00,0.0, ,134940, ,12.82, ,61.30, ,78.9, 
2014/6/19,16:00,0.0, ,134790, ,17.75, ,61.50, ,78.8, 
2014/6/19,17:00,0.0, ,134650, ,17.77, ,63.00, ,78.7, 
2014/6/19,18:00,0.0, ,134450, ,17.33, ,61.30, ,78.6, 
2014/6/19,19:00,0.0, ,134300, ,16.12, ,63.20, ,78.5, 
2014/6/19,20:00,0.0, ,134160, ,16.78, ,61.30, ,78.4, 
2014/6/19,21:00,0.0, ,133960, ,15.23, ,63.00, ,78.3, 
2014/6/19,22:00,0.0, ,133820, ,16.97, ,63.30, ,78.2, 
2014/6/19,23:00,0.0, ,133670, ,14.84, ,48.30, ,78.1, 
2014/6/19,24:00,0.0, ,133630, ,12.22, ,22.00, ,78.0, 
2014/6/20,01:00,0.0, ,133630, ,15.01, ,18.90, ,78.0, 
2014/6/20,02:00,0.0, ,133580, ,14.91, ,18.90, ,78.0, 
2014/6/20,03:00,0.0, ,133530, ,9.26, ,18.90, ,78.0, 
2014/6/20,04:00,0.0, ,133530, ,5.66, ,18.90, ,78.0, 
2014/6/20,05:00,0.0, ,133480, ,7.68, ,18.80, ,77.9, 
2014/6/20,06:00,0.0, ,133430, ,6.99, ,18.90, ,77.9, 
2014/6/20,07:00,0.0, ,133330, ,3.59, ,19.00, ,77.8, 
2014/6/20,08:00,0.0, ,133290, ,6.00, ,23.00, ,77.8, 
2014/6/20,09:00,0.0, ,133140, ,4.04, ,47.10, ,77.7, 
2014/6/20,10:00,0.0, ,132950, ,10.02, ,61.40, ,77.6, 
2014/6/20,11:00,0.0, ,132800, ,14.63, ,61.40, ,77.5, 
2014/6/20,12:00,0.0, ,132660, ,16.92, ,50.80, ,77.4, 
2014/6/20,13:00,0.0, ,132610, ,13.76, ,22.70, ,77.3, 
2014/6/20,14:00,0.0, ,132510, ,12.84, ,47.30, ,77.3, 
2014/6/20,15:00,0.0, ,132320, ,14.99, ,61.40, ,77.1, 
2014/6/20,16:00,0.0, ,132180, ,15.53, ,63.00, ,77.0, 
2014/6/20,17:00,0.0, ,131980, ,14.94, ,63.10, ,76.9, 
2014/6/20,18:00,0.0, ,131790, ,14.94, ,63.10, ,76.8, 
2014/6/20,19:00,0.0, ,131650, ,14.71, ,61.70, ,76.7, 
2014/6/20,20:00,0.0, ,131450, ,15.34, ,63.30, ,76.6, 
2014/6/20,21:00,0.0, ,131310, ,15.08, ,62.30, ,76.5, 
2014/6/20,22:00,0.0, ,131210, ,14.23, ,36.20, ,76.4, 
2014/6/20,23:00,0.0, ,131210, ,18.01, ,18.90, ,76.4, 
2014/6/20,24:00,0.0, ,131170, ,7.37, ,18.90, ,76.4, 
2014/6/21,01:00,0.0, ,131170, ,17.10, ,18.90, ,76.4, 
2014/6/21,02:00,0.0, ,131120, ,6.28, ,18.90, ,76.3, 
2014/6/21,03:00,0.0, ,131070, ,9.64, ,19.10, ,76.3, 
2014/6/21,04:00,0.0, ,131020, ,7.67, ,19.00, ,76.3, 
2014/6/21,05:00,0.0, ,130970, ,7.66, ,19.00, ,76.2, 
2014/6/21,06:00,0.0, ,130930, ,4.13, ,19.10, ,76.2, 
2014/6/21,07:00,0.0, ,130780, ,3.90, ,40.90, ,76.1, 
2014/6/21,08:00,0.1, ,130640, ,8.13, ,47.60, ,76.0, 
2014/6/21,09:00,0.0, ,130500, ,6.41, ,44.20, ,75.9, 
2014/6/21,10:00,0.0, ,130300, ,8.34, ,61.80, ,75.8, 
2014/6/21,11:00,0.0, ,130160, ,13.15, ,61.80, ,75.7, 
2014/6/21,12:00,0.0, ,129970, ,12.63, ,52.90, ,75.5, 
2014/6/21,13:00,0.0, ,129920, ,11.87, ,24.40, ,75.5, 
2014/6/21,14:00,0.0, ,129830, ,18.26, ,47.50, ,75.4, 
2014/6/21,15:00,0.2, ,129640, ,14.51, ,61.80, ,75.3, 
2014/6/21,16:00,0.8, ,129490, ,14.16, ,61.90, ,75.2, 
2014/6/21,17:00,2.7, ,129300, ,13.31, ,62.90, ,75.1, 
2014/6/21,18:00,3.4, ,129160, ,19.44, ,63.00, ,75.0, 
2014/6/21,19:00,2.7, ,128970, ,16.61, ,63.00, ,74.9, 
2014/6/21,20:00,4.0, ,128830, ,18.98, ,63.00, ,74.8, 
2014/6/21,21:00,3.7, ,128690, ,20.25, ,62.00, ,74.7, 
2014/6/21,22:00,2.3, ,128590, ,19.55, ,36.70, ,74.6, 
2014/6/21,23:00,2.5, ,128590, ,14.36, ,19.20, ,74.6, 
2014/6/21,24:00,3.2, ,128590, ,19.09, ,19.10, ,74.6, 
2014/6/22,01:00,4.9, ,128590, ,19.10, ,19.20, ,74.6, 
2014/6/22,02:00,6.7, ,128640, ,26.31, ,19.10, ,74.6, 
2014/6/22,03:00,7.4, ,128740, ,35.52, ,19.10, ,74.7, 
2014/6/22,04:00,5.8, ,128880, ,43.38, ,0.00, ,74.8, 
2014/6/22,05:00,5.3, ,129110, ,57.06, ,0.00, ,75.0, 
2014/6/22,06:00,2.4, ,129450, ,75.81, ,0.00, ,75.2, 
2014/6/22,07:00,0.1, ,129780, ,90.00, ,0.00, ,75.4, 
2014/6/22,08:00,0.1, ,130070, ,88.15, ,0.00, ,75.6, 
2014/6/22,09:00,1.3, ,130400, ,89.17, ,0.00, ,75.8, 
2014/6/22,10:00,1.0, ,130640, ,78.06, ,0.00, ,76.0, 
2014/6/22,11:00,1.3, ,130880, ,71.11, ,0.00, ,76.2, 
2014/6/22,12:00,1.3, ,131120, ,62.32, ,0.00, ,76.3, 
2014/6/22,13:00,0.3, ,131310, ,54.61, ,0.00, ,76.5, 
2014/6/22,14:00,0.4, ,131450, ,53.76, ,0.00, ,76.6, 
2014/6/22,15:00,0.0, ,131650, ,46.91, ,0.00, ,76.7, 
2014/6/22,16:00,0.1, ,131790, ,44.94, ,0.00, ,76.8, 
2014/6/22,17:00,0.3, ,131930, ,42.30, ,0.00, ,76.9, 
2014/6/22,18:00,0.1, ,132080, ,40.99, ,0.00, ,77.0, 
2014/6/22,19:00,0.3, ,132220, ,37.68, ,0.00, ,77.1, 
2014/6/22,20:00,0.0, ,132370, ,37.03, ,0.00, ,77.2, 
2014/6/22,21:00,0.0, ,132460, ,35.26, ,0.00, ,77.2, 
2014/6/22,22:00,0.0, ,132560, ,33.27, ,0.70, ,77.3, 
2014/6/22,23:00,0.2, ,132660, ,28.87, ,18.80, ,77.4, 
2014/6/22,24:00,0.0, ,132660, ,32.59, ,19.40, ,77.4, 
2014/6/23,01:00,0.0, ,132710, ,22.52, ,19.40, ,77.4, 
2014/6/23,02:00,0.0, ,132710, ,28.79, ,18.80, ,77.4, 
2014/6/23,03:00,0.1, ,132750, ,23.22, ,19.10, ,77.4, 
2014/6/23,04:00,0.0, ,132800, ,22.77, ,0.00, ,77.5, 
2014/6/23,05:00,0.0, ,132900, ,26.61, ,0.00, ,77.5, 
2014/6/23,06:00,0.0, ,132950, ,18.56, ,0.00, ,77.6, 
2014/6/23,07:00,0.0, ,133040, ,15.44, ,0.00, ,77.6, 
2014/6/23,08:00,0.0, ,133090, ,22.16, ,0.00, ,77.7, 
2014/6/23,09:00,0.0, ,133190, ,27.32, ,0.60, ,77.7, 
2014/6/23,10:00,0.0, ,133240, ,21.26, ,18.90, ,77.8, 
2014/6/23,11:00,0.0, ,133240, ,27.11, ,18.80, ,77.8, 
2014/6/23,12:00,0.0, ,133290, ,23.33, ,19.00, ,77.8, 
2014/6/23,13:00,0.0, ,133290, ,27.87, ,18.90, ,77.8, 
2014/6/23,14:00,0.0, ,133330, ,25.62, ,18.90, ,77.8, 
2014/6/23,15:00,0.0, ,133330, ,29.49, ,27.50, ,77.8, 
2014/6/23,16:00,0.0, ,133240, ,32.35, ,49.40, ,77.8, 
2014/6/23,17:00,0.0, ,133240, ,17.01, ,19.00, ,77.8, 
2014/6/23,18:00,0.0, ,133240, ,21.28, ,23.60, ,77.8, 
2014/6/23,19:00,0.0, ,133240, ,28.69, ,34.60, ,77.8, 
2014/6/23,20:00,0.0, ,133240, ,33.34, ,31.50, ,77.8, 
2014/6/23,21:00,0.0, ,133190, ,20.28, ,31.50, ,77.7, 
2014/6/23,22:00,0.0, ,133190, ,25.45, ,23.60, ,77.7, 
2014/6/23,23:00,0.0, ,133190, ,21.39, ,18.70, ,77.7, 
2014/6/23,24:00,0.0, ,133190, ,18.88, ,18.90, ,77.7, 
2014/6/24,01:00,0.0, ,133190, ,20.13, ,22.00, ,77.7, 
2014/6/24,02:00,0.0, ,133190, ,20.81, ,18.90, ,77.7, 
2014/6/24,03:00,0.0, ,133190, ,18.96, ,18.90, ,77.7, 
2014/6/24,04:00,0.0, ,133190, ,18.91, ,18.80, ,77.7, 
2014/6/24,05:00,0.0, ,133190, ,18.90, ,18.90, ,77.7, 
2014/6/24,06:00,0.0, ,133140, ,9.04, ,18.90, ,77.7, 
2014/6/24,07:00,0.0, ,133140, ,5.94, ,0.00, ,77.7, 
2014/6/24,08:00,0.0, ,133190, ,10.08, ,0.00, ,77.7, 
2014/6/24,09:00,0.0, ,133240, ,10.08, ,0.90, ,77.8, 
2014/6/24,10:00,0.0, ,133240, ,16.12, ,19.00, ,77.8, 
2014/6/24,11:00,0.0, ,133240, ,18.90, ,18.90, ,77.8, 
2014/6/24,12:00,0.0, ,133240, ,18.92, ,18.90, ,77.8, 
2014/6/24,13:00,0.0, ,133240, ,18.92, ,18.80, ,77.8, 
2014/6/24,14:00,0.0, ,133290, ,28.13, ,27.70, ,77.8, 
2014/6/24,15:00,0.0, ,133190, ,35.07, ,53.60, ,77.7, 
2014/6/24,16:00,0.3, ,133040, ,23.42, ,61.40, ,77.6, 
2014/6/24,17:00,0.3, ,132900, ,23.76, ,58.20, ,77.5, 
2014/6/24,18:00,0.0, ,132800, ,18.76, ,55.00, ,77.5, 
2014/6/24,19:00,0.6, ,132710, ,25.89, ,55.20, ,77.4, 
2014/6/24,20:00,0.2, ,132610, ,26.90, ,42.60, ,77.3, 
2014/6/24,21:00,0.0, ,132610, ,18.35, ,25.20, ,77.3, 
2014/6/24,22:00,0.0, ,132610, ,22.13, ,19.00, ,77.3, 
2014/6/24,23:00,0.0, ,132610, ,18.88, ,18.70, ,77.3, 
2014/6/24,24:00,0.0, ,132610, ,20.11, ,21.80, ,77.3, 
2014/6/25,01:00,0.0, ,132610, ,20.82, ,18.90, ,77.3, 
2014/6/25,02:00,0.0, ,132610, ,18.89, ,19.00, ,77.3, 
2014/6/25,03:00,0.0, ,132610, ,18.91, ,18.90, ,77.3, 
2014/6/25,04:00,0.0, ,132610, ,18.89, ,18.90, ,77.3, 
2014/6/25,05:00,0.0, ,132560, ,11.07, ,18.90, ,77.3, 
2014/6/25,06:00,0.0, ,132560, ,13.33, ,19.10, ,77.3, 
2014/6/25,07:00,0.0, ,132510, ,8.69, ,18.80, ,77.3, 
2014/6/25,08:00,0.0, ,132460, ,9.98, ,19.20, ,77.2, 
2014/6/25,09:00,0.0, ,132420, ,10.81, ,21.90, ,77.2, 
2014/6/25,10:00,0.0, ,132420, ,9.23, ,18.90, ,77.2, 
2014/6/25,11:00,0.0, ,132420, ,18.92, ,18.80, ,77.2, 
2014/6/25,12:00,0.0, ,132420, ,18.88, ,19.00, ,77.2, 
2014/6/25,13:00,0.0, ,132420, ,18.85, ,19.10, ,77.2, 
2014/6/25,14:00,0.0, ,132420, ,18.91, ,18.90, ,77.2, 
2014/6/25,15:00,0.0, ,132420, ,20.46, ,22.80, ,77.2, 
2014/6/25,16:00,0.0, ,132320, ,20.80, ,49.00, ,77.1, 
2014/6/25,17:00,0.0, ,132180, ,23.30, ,58.30, ,77.0, 
2014/6/25,18:00,0.0, ,132080, ,20.33, ,55.20, ,77.0, 
2014/6/25,19:00,0.0, ,131930, ,20.49, ,55.20, ,76.9, 
2014/6/25,20:00,0.0, ,131840, ,21.13, ,55.20, ,76.8, 
2014/6/25,21:00,0.0, ,131740, ,20.82, ,34.80, ,76.7, 
2014/6/25,22:00,0.0, ,131740, ,13.90, ,18.90, ,76.7, 
2014/6/25,23:00,0.0, ,131740, ,18.95, ,18.80, ,76.7, 
2014/6/25,24:00,0.0, ,131740, ,20.15, ,22.10, ,76.7, 
2014/6/26,01:00,0.0, ,131740, ,20.85, ,19.10, ,76.7, 
2014/6/26,02:00,0.0, ,131690, ,8.04, ,18.90, ,76.7, 
2014/6/26,03:00,0.0, ,131690, ,16.47, ,18.90, ,76.7, 
2014/6/26,04:00,0.0, ,131650, ,12.46, ,19.00, ,76.7, 
2014/6/26,05:00,0.0, ,131600, ,11.18, ,19.00, ,76.7, 
2014/6/26,06:00,0.0, ,131600, ,6.53, ,18.90, ,76.7, 
2014/6/26,07:00,0.0, ,131550, ,6.03, ,19.00, ,76.6, 
2014/6/26,08:00,0.0, ,131500, ,9.99, ,22.20, ,76.6, 
2014/6/26,09:00,0.0, ,131450, ,5.87, ,18.70, ,76.6, 
2014/6/26,10:00,0.0, ,131410, ,12.98, ,19.40, ,76.5, 
2014/6/26,11:00,0.0, ,131310, ,15.45, ,47.30, ,76.5, 
2014/6/26,12:00,0.0, ,131210, ,19.57, ,47.10, ,76.4, 
2014/6/26,13:00,0.0, ,131210, ,18.43, ,22.80, ,76.4, 
2014/6/26,14:00,0.0, ,131070, ,16.42, ,47.50, ,76.3, 
2014/6/26,15:00,0.0, ,130970, ,19.10, ,55.10, ,76.2, 
2014/6/26,16:00,0.0, ,130830, ,19.39, ,55.50, ,76.1, 
2014/6/26,17:00,0.0, ,130690, ,18.39, ,55.10, ,76.0, 
2014/6/26,18:00,0.0, ,130540, ,18.90, ,58.60, ,75.9, 
2014/6/26,19:00,0.0, ,130450, ,19.23, ,55.40, ,75.9, 
2014/6/26,20:00,0.0, ,130300, ,17.39, ,55.40, ,75.8, 
2014/6/26,21:00,0.0, ,130160, ,19.13, ,58.60, ,75.7, 
2014/6/26,22:00,0.0, ,130110, ,18.51, ,31.60, ,75.6, 
2014/6/26,23:00,0.0, ,130070, ,9.56, ,19.00, ,75.6, 
2014/6/26,24:00,0.3, ,130070, ,18.93, ,22.40, ,75.6, 
2014/6/27,01:00,0.4, ,130070, ,20.93, ,18.90, ,75.6, 
2014/6/27,02:00,0.9, ,130070, ,18.99, ,18.90, ,75.6, 
2014/6/27,03:00,0.6, ,130020, ,8.36, ,18.80, ,75.6, 
2014/6/27,04:00,0.5, ,130020, ,6.91, ,0.00, ,75.6, 
2014/6/27,05:00,0.0, ,130020, ,0.00, ,0.00, ,75.6, 
2014/6/27,06:00,0.0, ,130070, ,12.80, ,0.80, ,75.6, 
2014/6/27,07:00,0.3, ,130070, ,9.92, ,19.00, ,75.6, 
2014/6/27,08:00,0.3, ,130020, ,16.62, ,19.00, ,75.6, 
2014/6/27,09:00,0.3, ,129970, ,6.42, ,24.50, ,75.5, 
2014/6/27,10:00,0.3, ,129830, ,12.26, ,52.30, ,75.4, 
2014/6/27,11:00,0.2, ,129680, ,15.63, ,58.70, ,75.3, 
2014/6/27,12:00,0.5, ,129590, ,17.37, ,47.00, ,75.3, 
2014/6/27,13:00,0.3, ,129590, ,20.35, ,19.40, ,75.3, 
2014/6/27,14:00,0.1, ,129490, ,14.41, ,47.60, ,75.2, 
2014/6/27,15:00,0.0, ,129300, ,18.35, ,58.50, ,75.1, 
2014/6/27,16:00,0.8, ,129210, ,17.79, ,55.60, ,75.0, 
2014/6/27,17:00,0.2, ,129070, ,17.34, ,55.50, ,74.9, 
2014/6/27,18:00,0.5, ,128930, ,18.34, ,58.60, ,74.8, 
2014/6/27,19:00,0.5, ,128780, ,17.55, ,55.60, ,74.7, 
2014/6/27,20:00,0.8, ,128640, ,17.68, ,55.60, ,74.6, 
2014/6/27,21:00,0.3, ,128500, ,18.31, ,58.90, ,74.5, 
2014/6/27,22:00,0.3, ,128400, ,16.69, ,41.20, ,74.5, 
2014/6/27,23:00,0.5, ,128400, ,20.38, ,19.20, ,74.5, 
2014/6/27,24:00,0.3, ,128360, ,7.94, ,18.90, ,74.4, 
2014/6/28,01:00,0.2, ,128360, ,18.33, ,22.20, ,74.4, 
2014/6/28,02:00,0.0, ,128360, ,20.98, ,18.90, ,74.4, 
2014/6/28,03:00,0.1, ,128310, ,6.58, ,19.10, ,74.4, 
2014/6/28,04:00,0.1, ,128260, ,14.92, ,19.00, ,74.4, 
2014/6/28,05:00,0.0, ,128220, ,5.14, ,19.00, ,74.4, 
2014/6/28,06:00,0.1, ,128170, ,8.50, ,19.00, ,74.3, 
2014/6/28,07:00,0.0, ,128120, ,4.89, ,18.90, ,74.3, 
2014/6/28,08:00,0.0, ,128070, ,8.60, ,31.70, ,74.3, 
2014/6/28,09:00,0.0, ,127880, ,8.62, ,50.60, ,74.1, 
2014/6/28,10:00,0.0, ,127790, ,11.05, ,50.70, ,74.1, 
2014/6/28,11:00,0.0, ,127650, ,16.69, ,50.90, ,74.0, 
2014/6/28,12:00,0.0, ,127510, ,17.41, ,51.10, ,73.9, 
2014/6/28,13:00,0.0, ,127410, ,16.51, ,51.20, ,73.8, 
2014/6/28,14:00,0.0, ,127270, ,17.85, ,51.20, ,73.7, 
2014/6/28,15:00,0.0, ,127130, ,15.10, ,50.80, ,73.6, 
2014/6/28,16:00,0.0, ,127040, ,16.87, ,51.20, ,73.6, 
2014/6/28,17:00,0.0, ,126900, ,18.22, ,51.20, ,73.5, 
2014/6/28,18:00,0.0, ,126800, ,17.57, ,51.10, ,73.4, 
2014/6/28,19:00,0.0, ,126660, ,17.16, ,51.00, ,73.3, 
2014/6/28,20:00,0.0, ,126620, ,15.71, ,33.50, ,73.3, 
2014/6/28,21:00,0.0, ,126570, ,15.07, ,22.10, ,73.2, 
2014/6/28,22:00,0.0, ,126570, ,17.03, ,22.30, ,73.2, 
2014/6/28,23:00,0.0, ,126520, ,12.78, ,22.30, ,73.2, 
2014/6/28,24:00,0.0, ,126520, ,17.61, ,19.10, ,73.2, 
2014/6/29,01:00,0.0, ,126470, ,6.82, ,19.30, ,73.2, 
2014/6/29,02:00,0.0, ,126470, ,19.11, ,20.60, ,73.2, 
2014/6/29,03:00,0.0, ,126430, ,10.90, ,20.40, ,73.1, 
2014/6/29,04:00,0.0, ,126380, ,9.87, ,20.70, ,73.1, 
2014/6/29,05:00,0.0, ,126330, ,8.13, ,20.60, ,73.1, 
2014/6/29,06:00,0.0, ,126240, ,5.37, ,20.70, ,73.0, 
2014/6/29,07:00,0.0, ,126190, ,4.18, ,23.10, ,73.0, 
2014/6/29,08:00,0.0, ,126050, ,8.84, ,51.00, ,72.9, 
2014/6/29,09:00,0.0, ,125910, ,14.49, ,50.90, ,72.8, 
2014/6/29,10:00,0.0, ,125820, ,16.06, ,51.70, ,72.7, 
2014/6/29,11:00,0.0, ,125680, ,14.82, ,50.90, ,72.6, 
2014/6/29,12:00,0.0, ,125540, ,14.75, ,51.20, ,72.5, 
2014/6/29,13:00,0.0, ,125400, ,12.87, ,51.40, ,72.4, 
2014/6/29,14:00,0.0, ,125260, ,14.42, ,51.20, ,72.3, 
2014/6/29,15:00,0.0, ,125120, ,12.48, ,51.00, ,72.2, 
2014/6/29,16:00,0.0, ,124980, ,14.19, ,51.00, ,72.1, 
2014/6/29,17:00,0.0, ,124840, ,14.01, ,54.40, ,72.1, 
2014/6/29,18:00,0.0, ,124650, ,11.93, ,62.40, ,71.9, 
2014/6/29,19:00,0.0, ,124470, ,12.08, ,62.80, ,71.8, 
2014/6/29,20:00,0.0, ,124330, ,12.93, ,63.10, ,71.7, 
2014/6/29,21:00,0.0, ,124140, ,11.80, ,62.80, ,71.6, 
2014/6/29,22:00,0.0, ,124000, ,12.66, ,41.90, ,71.5, 
2014/6/29,23:00,0.0, ,123960, ,11.86, ,22.30, ,71.5, 
2014/6/29,24:00,0.0, ,123960, ,9.55, ,19.10, ,71.5, 
2014/6/30,01:00,0.0, ,123910, ,13.83, ,19.10, ,71.4, 
2014/6/30,02:00,0.0, ,123910, ,11.65, ,19.30, ,71.3, 
2014/6/30,03:00,0.0, ,123860, ,13.81, ,19.20, ,71.3, 
2014/6/30,04:00,0.0, ,123820, ,9.73, ,19.00, ,71.2, 
2014/6/30,05:00,0.0, ,123820, ,8.22, ,19.30, ,71.2, 
2014/6/30,06:00,0.0, ,123720, ,6.70, ,18.80, ,71.1, 
2014/6/30,07:00,0.0, ,123680, ,5.96, ,19.40, ,71.0, 
2014/6/30,08:00,0.0, ,123630, ,4.17, ,23.30, ,70.9, 
2014/6/30,09:00,0.0, ,123450, ,6.49, ,47.90, ,70.8, 
2014/6/30,10:00,0.0, ,123310, ,4.82, ,61.10, ,70.7, 
2014/6/30,11:00,0.0, ,123120, ,11.67, ,61.10, ,70.5, 
2014/6/30,12:00,0.0, ,122940, ,16.24, ,60.80, ,70.3, 
2014/6/30,13:00,0.0, ,122800, ,14.29, ,60.80, ,70.2, 
2014/6/30,14:00,0.0, ,122610, ,13.73, ,60.90, ,70.0, 
2014/6/30,15:00,0.0, ,122430, ,12.82, ,63.10, ,69.9, 
2014/6/30,16:00,0.0, ,122250, ,12.97, ,61.30, ,69.7, 
2014/6/30,17:00,0.0, ,122110, ,14.53, ,63.10, ,69.6, 
2014/6/30,18:00,0.0, ,121920, ,15.11, ,61.00, ,69.4, 
2014/6/30,19:00,0.0, ,121740, ,13.77, ,61.00, ,69.3, 
2014/6/30,20:00,0.0, ,121650, ,13.84, ,43.50, ,69.2, 
2014/6/30,21:00,0.0, ,121600, ,12.67, ,22.40, ,69.1, 
2014/6/30,22:00,0.0, ,121600, ,15.92, ,19.40, ,69.1, 
2014/6/30,23:00,0.0, ,121550, ,8.37, ,19.50, ,69.0, 
2014/6/30,24:00,0.0, ,121550, ,17.65, ,19.40, ,69.0, 
