îCà”ä˙ä‘É_ÉÄèîó åüçıåãâ 
êÖånñº,ãgñÏêÏ
âÕêÏñº,ãgñÏêÏ
äœë™èäñº,ëÅñæâYÉ_ÉÄÅiã@ç\Åj
äœë™èäãLçÜ,1368080700010
#
#îNåéì˙,éûçè,ó¨àÊïΩãœâJó ,ó¨àÊïΩãœâJó ëÆê´,íôêÖó ,íôêÖó ëÆê´,ó¨ì¸ó ,ó¨ì¸ó ëÆê´,ï˙ó¨ó ,ï˙ó¨ó ëÆê´,íôêÖó¶,íôêÖó¶ëÆê´
#ëÆê´Å@$:åáë™ -:ñ¢éÛêM
#
2003/3/1,01:00,0.0, ,115280, ,13.78, ,0.00, ,91.5, 
2003/3/1,02:00,0.0, ,115330, ,8.28, ,0.00, ,91.6, 
2003/3/1,03:00,0.0, ,115330, ,9.69, ,0.00, ,91.6, 
2003/3/1,04:00,0.0, ,115370, ,6.39, ,0.00, ,91.6, 
2003/3/1,05:00,0.0, ,115370, ,6.22, ,0.00, ,91.6, 
2003/3/1,06:00,1.4, ,115420, ,6.93, ,15.20, ,91.6, 
2003/3/1,07:00,1.9, ,115420, ,16.15, ,19.10, ,91.6, 
2003/3/1,08:00,3.5, ,115370, ,6.53, ,4.90, ,91.6, 
2003/3/1,09:00,3.9, ,115370, ,8.80, ,0.00, ,91.6, 
2003/3/1,10:00,3.3, ,115420, ,2.31, ,0.00, ,91.6, 
2003/3/1,11:00,4.7, ,115460, ,17.01, ,0.00, ,91.7, 
2003/3/1,12:00,3.5, ,115550, ,20.57, ,0.00, ,91.8, 
2003/3/1,13:00,4.1, ,115640, ,22.44, ,0.00, ,91.8, 
2003/3/1,14:00,5.1, ,115730, ,25.17, ,0.00, ,91.9, 
2003/3/1,15:00,2.4, ,115870, ,31.76, ,0.00, ,92.0, 
2003/3/1,16:00,1.6, ,116010, ,36.95, ,0.00, ,92.2, 
2003/3/1,17:00,1.9, ,116140, ,43.31, ,0.00, ,92.3, 
2003/3/1,18:00,1.3, ,116320, ,42.68, ,0.00, ,92.4, 
2003/3/1,19:00,0.8, ,116510, ,49.14, ,0.00, ,92.6, 
2003/3/1,20:00,0.6, ,116640, ,39.78, ,0.00, ,92.7, 
2003/3/1,21:00,1.1, ,116830, ,48.96, ,0.00, ,92.9, 
2003/3/1,22:00,2.1, ,116920, ,46.42, ,0.00, ,93.0, 
2003/3/1,23:00,0.9, ,117100, ,35.70, ,0.00, ,93.1, 
2003/3/1,24:00,0.8, ,117240, ,40.69, ,0.00, ,92.4, 
2003/3/2,01:00,0.1, ,117370, ,45.61, ,0.00, ,92.5, 
2003/3/2,02:00,0.2, ,117470, ,34.27, ,0.00, ,92.6, 
2003/3/2,03:00,0.0, ,117600, ,31.85, ,0.00, ,92.7, 
2003/3/2,04:00,0.0, ,117700, ,27.48, ,0.00, ,92.8, 
2003/3/2,05:00,0.0, ,117830, ,28.53, ,0.00, ,92.9, 
2003/3/2,06:00,0.0, ,117920, ,29.73, ,0.00, ,93.0, 
2003/3/2,07:00,0.2, ,117970, ,19.86, ,0.00, ,93.0, 
2003/3/2,08:00,0.0, ,118060, ,23.32, ,0.00, ,93.1, 
2003/3/2,09:00,0.0, ,118150, ,19.72, ,0.00, ,93.2, 
2003/3/2,10:00,0.1, ,118250, ,25.52, ,0.00, ,93.3, 
2003/3/2,11:00,0.0, ,118340, ,23.49, ,0.00, ,93.4, 
2003/3/2,12:00,0.0, ,118380, ,22.79, ,0.00, ,93.4, 
2003/3/2,13:00,0.0, ,118470, ,22.51, ,0.00, ,93.5, 
2003/3/2,14:00,0.0, ,118570, ,23.95, ,0.00, ,93.6, 
2003/3/2,15:00,0.0, ,118660, ,25.94, ,0.00, ,93.6, 
2003/3/2,16:00,0.0, ,118750, ,28.02, ,0.00, ,93.7, 
2003/3/2,17:00,0.0, ,118840, ,23.66, ,0.00, ,93.8, 
2003/3/2,18:00,0.0, ,118930, ,24.27, ,0.00, ,93.9, 
2003/3/2,19:00,0.0, ,119030, ,25.67, ,0.00, ,94.0, 
2003/3/2,20:00,0.0, ,119120, ,24.16, ,0.00, ,94.0, 
2003/3/2,21:00,0.0, ,119210, ,22.52, ,0.00, ,94.1, 
2003/3/2,22:00,0.0, ,119300, ,23.84, ,0.00, ,94.2, 
2003/3/2,23:00,0.1, ,119350, ,22.08, ,0.00, ,94.2, 
2003/3/2,24:00,0.0, ,119440, ,19.25, ,0.00, ,93.2, 
2003/3/3,01:00,0.0, ,119480, ,17.98, ,0.00, ,93.2, 
2003/3/3,02:00,0.0, ,119530, ,12.68, ,0.00, ,93.2, 
2003/3/3,03:00,0.0, ,119580, ,12.78, ,0.00, ,93.3, 
2003/3/3,04:00,0.0, ,119620, ,15.92, ,0.00, ,93.3, 
2003/3/3,05:00,0.0, ,119670, ,11.94, ,0.00, ,93.4, 
2003/3/3,06:00,0.0, ,119710, ,12.91, ,0.00, ,93.4, 
2003/3/3,07:00,0.0, ,119760, ,14.84, ,0.00, ,93.4, 
2003/3/3,08:00,0.1, ,119850, ,13.33, ,0.00, ,93.5, 
2003/3/3,09:00,2.1, ,119900, ,18.15, ,0.00, ,93.6, 
2003/3/3,10:00,4.2, ,119990, ,17.87, ,0.00, ,93.6, 
2003/3/3,11:00,4.1, ,120080, ,25.50, ,0.00, ,93.7, 
2003/3/3,12:00,3.6, ,120130, ,22.05, ,0.00, ,93.8, 
2003/3/3,13:00,1.4, ,120220, ,23.62, ,0.00, ,93.8, 
2003/3/3,14:00,0.3, ,120310, ,21.52, ,0.00, ,93.9, 
2003/3/3,15:00,0.1, ,120400, ,22.16, ,0.00, ,94.0, 
2003/3/3,16:00,0.5, ,120500, ,31.81, ,0.00, ,94.1, 
2003/3/3,17:00,0.0, ,120590, ,21.91, ,0.00, ,94.2, 
2003/3/3,18:00,0.0, ,120680, ,21.72, ,0.00, ,94.2, 
2003/3/3,19:00,0.0, ,120770, ,30.95, ,0.00, ,94.3, 
2003/3/3,20:00,0.0, ,120870, ,23.21, ,0.00, ,94.4, 
2003/3/3,21:00,0.0, ,120960, ,28.24, ,0.00, ,94.5, 
2003/3/3,22:00,0.0, ,121050, ,25.43, ,0.00, ,94.6, 
2003/3/3,23:00,0.4, ,121140, ,20.59, ,0.00, ,94.6, 
2003/3/3,24:00,0.4, ,121230, ,28.70, ,0.00, ,93.8, 
2003/3/4,01:00,0.1, ,121330, ,24.48, ,0.00, ,93.9, 
2003/3/4,02:00,0.1, ,121370, ,18.47, ,0.00, ,94.0, 
2003/3/4,03:00,0.0, ,121420, ,17.66, ,0.00, ,94.0, 
2003/3/4,04:00,0.0, ,121510, ,14.55, ,0.00, ,94.1, 
2003/3/4,05:00,0.0, ,121550, ,17.83, ,0.00, ,94.1, 
2003/3/4,06:00,0.0, ,121600, ,10.86, ,0.00, ,94.2, 
2003/3/4,07:00,0.0, ,121600, ,11.69, ,0.00, ,94.2, 
2003/3/4,08:00,0.0, ,121650, ,14.36, ,0.00, ,94.2, 
2003/3/4,09:00,0.0, ,121690, ,10.48, ,0.00, ,94.2, 
2003/3/4,10:00,0.0, ,121740, ,11.93, ,0.00, ,94.3, 
2003/3/4,11:00,0.0, ,121780, ,13.34, ,0.00, ,94.3, 
2003/3/4,12:00,0.0, ,121880, ,11.68, ,0.00, ,94.4, 
2003/3/4,13:00,0.0, ,121970, ,22.93, ,0.00, ,94.5, 
2003/3/4,14:00,0.2, ,122010, ,19.43, ,0.00, ,94.5, 
2003/3/4,15:00,0.0, ,122060, ,19.46, ,0.00, ,94.5, 
2003/3/4,16:00,0.1, ,122110, ,15.76, ,0.00, ,94.6, 
2003/3/4,17:00,0.0, ,122200, ,15.49, ,0.00, ,94.7, 
2003/3/4,18:00,0.0, ,122250, ,18.57, ,0.00, ,94.7, 
2003/3/4,19:00,0.0, ,122340, ,19.25, ,0.00, ,94.8, 
2003/3/4,20:00,0.0, ,122380, ,18.06, ,0.00, ,94.8, 
2003/3/4,21:00,0.1, ,122430, ,15.86, ,0.00, ,94.9, 
2003/3/4,22:00,0.0, ,122520, ,17.35, ,0.00, ,94.9, 
2003/3/4,23:00,0.0, ,122570, ,19.62, ,0.00, ,95.0, 
2003/3/4,24:00,0.0, ,122610, ,17.13, ,0.00, ,94.2, 
2003/3/5,01:00,0.0, ,122660, ,8.77, ,0.00, ,94.3, 
2003/3/5,02:00,0.0, ,122710, ,12.83, ,0.00, ,94.3, 
2003/3/5,03:00,0.0, ,122750, ,9.82, ,0.00, ,94.3, 
2003/3/5,04:00,0.0, ,122750, ,8.34, ,0.00, ,94.3, 
2003/3/5,05:00,0.0, ,122800, ,8.23, ,0.00, ,94.4, 
2003/3/5,06:00,0.0, ,122840, ,9.95, ,0.00, ,94.4, 
2003/3/5,07:00,0.0, ,122890, ,10.04, ,0.00, ,94.5, 
2003/3/5,08:00,0.0, ,122890, ,10.29, ,0.00, ,94.5, 
2003/3/5,09:00,0.0, ,122940, ,12.13, ,0.00, ,94.5, 
2003/3/5,10:00,0.1, ,122980, ,9.37, ,0.00, ,94.5, 
2003/3/5,11:00,0.0, ,123080, ,14.34, ,0.00, ,94.6, 
2003/3/5,12:00,0.3, ,123120, ,16.57, ,0.00, ,94.7, 
2003/3/5,13:00,0.3, ,123170, ,15.93, ,0.00, ,94.7, 
2003/3/5,14:00,0.2, ,123210, ,16.06, ,0.00, ,94.7, 
2003/3/5,15:00,0.2, ,123310, ,17.45, ,0.00, ,94.8, 
2003/3/5,16:00,0.0, ,123350, ,20.11, ,0.00, ,94.9, 
2003/3/5,17:00,0.0, ,123400, ,14.03, ,0.00, ,94.9, 
2003/3/5,18:00,0.2, ,123490, ,18.86, ,0.00, ,95.0, 
2003/3/5,19:00,0.0, ,123540, ,20.45, ,0.00, ,95.0, 
2003/3/5,20:00,0.0, ,123630, ,21.33, ,0.00, ,95.1, 
2003/3/5,21:00,0.0, ,123680, ,17.24, ,0.00, ,95.1, 
2003/3/5,22:00,0.0, ,123770, ,18.92, ,0.00, ,95.2, 
2003/3/5,23:00,0.0, ,123820, ,17.80, ,0.00, ,95.3, 
2003/3/5,24:00,0.0, ,123860, ,16.28, ,0.00, ,94.5, 
2003/3/6,01:00,0.0, ,123910, ,15.96, ,0.00, ,94.5, 
2003/3/6,02:00,0.0, ,123960, ,11.16, ,0.00, ,94.5, 
2003/3/6,03:00,0.0, ,124000, ,10.15, ,0.00, ,94.6, 
2003/3/6,04:00,0.0, ,124050, ,10.26, ,0.00, ,94.6, 
2003/3/6,05:00,0.0, ,124100, ,9.55, ,0.00, ,94.7, 
2003/3/6,06:00,0.0, ,124100, ,10.39, ,0.00, ,94.7, 
2003/3/6,07:00,0.0, ,124140, ,11.44, ,0.00, ,94.7, 
2003/3/6,08:00,0.0, ,124190, ,10.89, ,0.00, ,94.7, 
2003/3/6,09:00,0.0, ,124240, ,11.75, ,0.00, ,94.8, 
2003/3/6,10:00,0.0, ,124280, ,12.68, ,0.00, ,94.8, 
2003/3/6,11:00,0.1, ,124370, ,18.67, ,0.00, ,94.9, 
2003/3/6,12:00,0.8, ,124420, ,18.89, ,0.00, ,94.9, 
2003/3/6,13:00,0.7, ,124510, ,21.58, ,0.00, ,95.0, 
2003/3/6,14:00,1.0, ,124610, ,21.03, ,0.00, ,95.1, 
2003/3/6,15:00,2.4, ,124700, ,25.36, ,0.00, ,95.2, 
2003/3/6,16:00,2.6, ,124750, ,21.99, ,0.00, ,95.2, 
2003/3/6,17:00,3.5, ,124840, ,24.34, ,0.00, ,95.3, 
2003/3/6,18:00,2.3, ,124980, ,23.51, ,0.00, ,95.4, 
2003/3/6,19:00,3.4, ,125030, ,28.62, ,0.00, ,95.4, 
2003/3/6,20:00,2.6, ,125120, ,24.54, ,0.00, ,95.5, 
2003/3/6,21:00,2.9, ,125260, ,33.28, ,0.00, ,95.6, 
2003/3/6,22:00,2.5, ,125350, ,32.73, ,0.00, ,95.7, 
2003/3/6,23:00,3.1, ,125540, ,36.85, ,0.00, ,95.9, 
2003/3/6,24:00,2.4, ,125680, ,38.79, ,0.00, ,95.0, 
2003/3/7,01:00,3.7, ,125820, ,46.41, ,0.00, ,95.2, 
2003/3/7,02:00,2.8, ,126010, ,43.58, ,0.00, ,95.3, 
2003/3/7,03:00,1.9, ,126240, ,60.29, ,0.00, ,95.5, 
2003/3/7,04:00,1.3, ,126520, ,66.21, ,0.00, ,95.8, 
2003/3/7,05:00,0.5, ,126760, ,68.41, ,0.00, ,96.0, 
2003/3/7,06:00,0.9, ,126990, ,66.34, ,0.00, ,96.1, 
2003/3/7,07:00,0.2, ,127230, ,66.72, ,0.00, ,96.4, 
2003/3/7,08:00,0.1, ,127410, ,61.50, ,0.00, ,96.5, 
2003/3/7,09:00,0.1, ,127650, ,58.53, ,0.00, ,96.7, 
2003/3/7,10:00,0.3, ,127840, ,60.26, ,0.00, ,96.9, 
2003/3/7,11:00,0.0, ,128070, ,62.17, ,0.00, ,97.1, 
2003/3/7,12:00,0.1, ,128260, ,58.55, ,0.00, ,97.2, 
2003/3/7,13:00,0.0, ,128450, ,49.88, ,0.00, ,97.4, 
2003/3/7,14:00,0.0, ,128640, ,51.51, ,0.00, ,97.5, 
2003/3/7,15:00,0.0, ,128830, ,47.24, ,0.00, ,97.7, 
2003/3/7,16:00,0.0, ,128970, ,46.98, ,0.00, ,97.8, 
2003/3/7,17:00,0.0, ,129110, ,45.70, ,0.00, ,97.9, 
2003/3/7,18:00,0.3, ,129300, ,47.92, ,0.00, ,98.1, 
2003/3/7,19:00,0.1, ,129490, ,45.36, ,0.00, ,98.3, 
2003/3/7,20:00,0.0, ,129590, ,40.55, ,0.00, ,98.3, 
2003/3/7,21:00,0.0, ,129730, ,37.78, ,0.00, ,98.5, 
2003/3/7,22:00,0.0, ,129880, ,37.59, ,0.00, ,98.6, 
2003/3/7,23:00,0.0, ,130070, ,41.72, ,0.00, ,98.7, 
2003/3/7,24:00,0.0, ,130160, ,39.34, ,0.00, ,97.6, 
2003/3/8,01:00,0.0, ,130260, ,33.95, ,0.00, ,97.6, 
2003/3/8,02:00,0.0, ,130400, ,31.01, ,0.00, ,97.8, 
2003/3/8,03:00,0.0, ,130500, ,28.83, ,0.00, ,97.8, 
2003/3/8,04:00,0.0, ,130590, ,27.66, ,0.00, ,97.9, 
2003/3/8,05:00,0.0, ,130640, ,26.44, ,0.00, ,98.0, 
2003/3/8,06:00,0.0, ,130780, ,25.75, ,0.00, ,98.1, 
2003/3/8,07:00,0.0, ,130830, ,24.85, ,0.00, ,98.1, 
2003/3/8,08:00,0.0, ,130970, ,25.95, ,0.00, ,98.2, 
2003/3/8,09:00,0.0, ,131020, ,23.66, ,0.00, ,98.3, 
2003/3/8,10:00,0.0, ,131120, ,28.97, ,0.00, ,98.4, 
2003/3/8,11:00,0.0, ,131260, ,29.72, ,0.00, ,98.5, 
2003/3/8,12:00,0.0, ,131360, ,29.02, ,0.00, ,98.6, 
2003/3/8,13:00,0.0, ,131500, ,31.57, ,0.00, ,98.7, 
2003/3/8,14:00,0.0, ,131600, ,29.66, ,0.00, ,98.8, 
2003/3/8,15:00,0.0, ,131690, ,31.61, ,0.00, ,98.8, 
2003/3/8,16:00,0.0, ,131790, ,29.81, ,0.00, ,98.9, 
2003/3/8,17:00,0.0, ,131890, ,27.13, ,0.00, ,99.0, 
2003/3/8,18:00,0.0, ,132030, ,26.85, ,0.00, ,99.1, 
2003/3/8,19:00,0.0, ,132080, ,31.46, ,0.00, ,99.2, 
2003/3/8,20:00,0.0, ,132220, ,29.44, ,0.00, ,99.3, 
2003/3/8,21:00,0.0, ,132320, ,25.36, ,0.00, ,99.4, 
2003/3/8,22:00,0.0, ,132370, ,22.74, ,0.00, ,99.4, 
2003/3/8,23:00,0.0, ,132460, ,28.10, ,0.00, ,99.5, 
2003/3/8,24:00,0.0, ,132560, ,20.08, ,0.00, ,98.4, 
2003/3/9,01:00,0.0, ,132610, ,24.51, ,0.00, ,98.5, 
2003/3/9,02:00,0.0, ,132710, ,24.00, ,0.00, ,98.5, 
2003/3/9,03:00,0.0, ,132750, ,11.65, ,0.00, ,98.6, 
2003/3/9,04:00,0.0, ,132850, ,17.69, ,0.00, ,98.7, 
2003/3/9,05:00,0.0, ,132900, ,21.36, ,0.00, ,98.7, 
2003/3/9,06:00,0.0, ,132950, ,12.04, ,0.00, ,98.7, 
2003/3/9,07:00,0.0, ,133000, ,18.06, ,0.00, ,98.8, 
2003/3/9,08:00,0.0, ,133040, ,16.95, ,0.00, ,98.8, 
2003/3/9,09:00,0.0, ,133140, ,17.85, ,0.00, ,98.9, 
2003/3/9,10:00,0.0, ,133190, ,15.97, ,0.00, ,98.9, 
2003/3/9,11:00,0.0, ,133290, ,21.99, ,0.00, ,99.0, 
2003/3/9,12:00,0.0, ,133380, ,26.16, ,0.00, ,99.1, 
2003/3/9,13:00,0.0, ,133480, ,20.48, ,0.00, ,99.2, 
2003/3/9,14:00,0.0, ,133580, ,25.87, ,0.00, ,99.3, 
2003/3/9,15:00,0.0, ,133630, ,23.37, ,0.00, ,99.3, 
2003/3/9,16:00,0.0, ,133720, ,24.37, ,0.00, ,99.4, 
2003/3/9,17:00,0.0, ,133770, ,19.07, ,0.00, ,99.4, 
2003/3/9,18:00,0.0, ,133870, ,23.26, ,0.00, ,99.5, 
2003/3/9,19:00,0.0, ,133920, ,20.73, ,0.00, ,99.5, 
2003/3/9,20:00,0.0, ,134010, ,21.81, ,0.00, ,99.6, 
2003/3/9,21:00,0.0, ,134110, ,20.70, ,0.00, ,99.7, 
2003/3/9,22:00,0.0, ,134160, ,22.44, ,0.00, ,99.7, 
2003/3/9,23:00,0.0, ,134260, ,25.93, ,0.00, ,99.8, 
2003/3/9,24:00,0.0, ,134300, ,17.25, ,0.00, ,98.8, 
2003/3/10,01:00,0.0, ,134400, ,22.28, ,0.00, ,98.9, 
2003/3/10,02:00,0.0, ,134450, ,14.11, ,0.00, ,98.9, 
2003/3/10,03:00,0.0, ,134500, ,8.47, ,0.00, ,99.0, 
2003/3/10,04:00,0.0, ,134500, ,13.37, ,0.00, ,99.0, 
2003/3/10,05:00,0.0, ,134550, ,10.69, ,0.00, ,99.0, 
2003/3/10,06:00,0.0, ,134600, ,11.61, ,0.00, ,99.1, 
2003/3/10,07:00,0.0, ,134650, ,16.55, ,0.00, ,99.1, 
2003/3/10,08:00,0.0, ,134740, ,14.53, ,0.00, ,99.2, 
2003/3/10,09:00,0.0, ,134740, ,14.28, ,0.00, ,99.2, 
2003/3/10,10:00,0.0, ,134840, ,16.45, ,0.00, ,99.3, 
2003/3/10,11:00,0.1, ,134890, ,16.89, ,0.00, ,99.3, 
2003/3/10,12:00,0.0, ,134990, ,24.82, ,0.00, ,99.4, 
2003/3/10,13:00,0.0, ,135030, ,16.22, ,0.00, ,99.4, 
2003/3/10,14:00,0.0, ,135130, ,24.70, ,0.00, ,99.5, 
2003/3/10,15:00,0.1, ,135180, ,16.37, ,0.00, ,99.5, 
2003/3/10,16:00,0.0, ,135280, ,19.37, ,0.00, ,99.6, 
2003/3/10,17:00,0.0, ,135330, ,20.65, ,0.00, ,99.7, 
2003/3/10,18:00,0.0, ,135380, ,17.08, ,0.00, ,99.7, 
2003/3/10,19:00,0.0, ,135470, ,20.54, ,0.00, ,99.8, 
2003/3/10,20:00,0.0, ,135520, ,17.86, ,0.00, ,99.8, 
2003/3/10,21:00,0.0, ,135620, ,22.29, ,0.00, ,99.9, 
2003/3/10,22:00,0.0, ,135670, ,20.40, ,0.00, ,99.9, 
2003/3/10,23:00,0.0, ,135770, ,21.06, ,0.00, ,100.0, 
2003/3/10,24:00,0.0, ,135820, ,19.29, ,0.00, ,99.1, 
2003/3/11,01:00,0.0, ,135870, ,11.55, ,0.00, ,99.1, 
2003/3/11,02:00,0.0, ,135910, ,13.98, ,0.00, ,99.2, 
2003/3/11,03:00,0.0, ,135960, ,12.80, ,0.00, ,99.2, 
2003/3/11,04:00,0.0, ,135960, ,7.73, ,0.00, ,99.2, 
2003/3/11,05:00,0.0, ,136010, ,10.25, ,0.00, ,99.2, 
2003/3/11,06:00,0.0, ,136060, ,9.98, ,0.00, ,99.3, 
2003/3/11,07:00,0.0, ,136110, ,10.91, ,0.00, ,99.3, 
2003/3/11,08:00,0.0, ,136160, ,17.76, ,0.00, ,99.4, 
2003/3/11,09:00,0.0, ,136210, ,9.41, ,0.00, ,99.4, 
2003/3/11,10:00,0.0, ,136260, ,11.37, ,0.00, ,99.5, 
2003/3/11,11:00,0.0, ,136310, ,16.56, ,0.00, ,99.5, 
2003/3/11,12:00,0.0, ,136360, ,17.24, ,0.00,-,99.5, 
2003/3/11,13:00,0.0, ,136450, ,23.50, ,0.00,-,99.6, 
2003/3/11,14:00,0.0, ,136500, ,0.00,-,0.00,-,99.6, 
2003/3/11,15:00,0.0, ,136600, ,16.63, ,0.00, ,99.7, 
2003/3/11,16:00,0.0, ,136650, ,18.96, ,0.00, ,99.8, 
2003/3/11,17:00,0.0, ,136700, ,17.03, ,0.00, ,99.8, 
2003/3/11,18:00,0.0, ,136750, ,18.42, ,0.00, ,99.9, 
2003/3/11,19:00,0.0, ,136800, ,16.14, ,0.00, ,99.9, 
2003/3/11,20:00,0.0, ,136900, ,20.60, ,0.00, ,100.0, 
2003/3/11,21:00,0.0, ,136950, ,16.71, ,0.00, ,100.0, 
2003/3/11,22:00,0.0, ,137040, ,17.56, ,0.00, ,100.0, 
2003/3/11,23:00,0.0, ,137090, ,16.72, ,0.00, ,100.0, 
2003/3/11,24:00,0.0, ,137140, ,15.54, ,0.00, ,99.2, 
2003/3/12,01:00,0.0, ,137140, ,11.32, ,0.00, ,99.2, 
2003/3/12,02:00,0.0, ,137190, ,12.49, ,0.00, ,99.3, 
2003/3/12,03:00,0.0, ,137240, ,5.47, ,0.00, ,99.3, 
2003/3/12,04:00,0.0, ,137240, ,9.39, ,0.00, ,99.3, 
2003/3/12,05:00,0.0, ,137290, ,11.60, ,0.00, ,99.4, 
2003/3/12,06:00,0.0, ,137340, ,9.12, ,0.00, ,99.4, 
2003/3/12,07:00,0.0, ,137390, ,8.23, ,0.00, ,99.4, 
2003/3/12,08:00,0.0, ,137390, ,12.13, ,21.20, ,99.4, 
2003/3/12,09:00,0.0, ,137390, ,16.61, ,60.90, ,99.4, 
2003/3/12,10:00,0.0, ,137240, ,22.73, ,0.00, ,99.3, 
2003/3/12,11:00,0.0, ,137240, ,10.54, ,0.00, ,99.3, 
2003/3/12,12:00,0.0, ,137290, ,3.21, ,0.00, ,99.4, 
2003/3/12,13:00,0.1, ,137340, ,18.07, ,0.00, ,99.4, 
2003/3/12,14:00,0.0, ,137440, ,20.97, ,0.00, ,99.5, 
2003/3/12,15:00,0.0, ,137490, ,20.52, ,0.00, ,99.5, 
2003/3/12,16:00,0.0, ,137540, ,13.02, ,0.00, ,99.6, 
2003/3/12,17:00,0.0, ,137590, ,16.94, ,0.00, ,99.6, 
2003/3/12,18:00,0.0, ,137630, ,11.75, ,0.00, ,99.6, 
2003/3/12,19:00,0.0, ,137730, ,19.48, ,0.00, ,99.7, 
2003/3/12,20:00,0.0, ,137780, ,14.99, ,0.00, ,99.8, 
2003/3/12,21:00,0.0, ,137830, ,17.16, ,0.00, ,99.8, 
2003/3/12,22:00,0.0, ,137880, ,17.25, ,0.00, ,99.8, 
2003/3/12,23:00,0.0, ,137930, ,14.66, ,0.00, ,99.9, 
2003/3/12,24:00,0.0, ,137980, ,16.10, ,0.00, ,99.3, 
2003/3/13,01:00,0.0, ,138030, ,11.71, ,0.00, ,99.3, 
2003/3/13,02:00,0.0, ,138080, ,6.62, ,0.00, ,99.4, 
2003/3/13,03:00,0.0, ,138080, ,10.23, ,0.00, ,99.4, 
2003/3/13,04:00,0.0, ,138130, ,11.46, ,0.00, ,99.4, 
2003/3/13,05:00,0.0, ,138180, ,7.54, ,0.00, ,99.4, 
2003/3/13,06:00,0.0, ,138180, ,8.40, ,0.00, ,99.4, 
2003/3/13,07:00,0.0, ,138230, ,9.64, ,0.00, ,99.5, 
2003/3/13,08:00,0.0, ,138280, ,7.91, ,0.00, ,99.5, 
2003/3/13,09:00,0.0, ,138280, ,9.87, ,0.00, ,99.5, 
2003/3/13,10:00,0.0, ,138330, ,9.78, ,0.00, ,99.6, 
2003/3/13,11:00,0.0, ,138370, ,14.10, ,0.00, ,99.6, 
2003/3/13,12:00,0.0, ,138420, ,14.94, ,0.00, ,99.6, 
2003/3/13,13:00,0.0, ,138520, ,18.11, ,0.00, ,99.7, 
2003/3/13,14:00,0.0, ,138570, ,15.53, ,0.00, ,99.8, 
2003/3/13,15:00,0.0, ,138620, ,17.10, ,0.00, ,99.8, 
2003/3/13,16:00,0.0, ,138670, ,17.01, ,0.00, ,99.8, 
2003/3/13,17:00,0.0, ,138720, ,15.47, ,0.00, ,99.9, 
2003/3/13,18:00,0.0, ,138820, ,17.67, ,0.00, ,100.0, 
2003/3/13,19:00,0.0, ,138870, ,16.82, ,0.00, ,100.0, 
2003/3/13,20:00,0.0, ,138920, ,16.52, ,0.00, ,100.0, 
2003/3/13,21:00,0.0, ,138970, ,14.81, ,0.00, ,100.0, 
2003/3/13,22:00,0.0, ,139020, ,16.65, ,0.00, ,100.0, 
2003/3/13,23:00,0.0, ,139070, ,14.66, ,0.00, ,100.0, 
2003/3/13,24:00,0.0, ,139120, ,12.89, ,0.00, ,99.3, 
2003/3/14,01:00,0.0, ,139170, ,10.05, ,0.00, ,99.3, 
2003/3/14,02:00,0.0, ,139220, ,9.48, ,0.00, ,99.4, 
2003/3/14,03:00,0.0, ,139220, ,9.24, ,0.00, ,99.4, 
2003/3/14,04:00,0.0, ,139270, ,8.04, ,0.00, ,99.4, 
2003/3/14,05:00,0.0, ,139270, ,5.71, ,0.00, ,99.4, 
2003/3/14,06:00,0.0, ,139320, ,9.56, ,0.00, ,99.5, 
2003/3/14,07:00,0.0, ,139320, ,4.19, ,0.00, ,99.5, 
2003/3/14,08:00,0.0, ,139370, ,12.65, ,0.00, ,99.5, 
2003/3/14,09:00,0.0, ,139410, ,7.75, ,0.00, ,99.5, 
2003/3/14,10:00,0.0, ,139460, ,9.38, ,0.00, ,99.6, 
2003/3/14,11:00,0.0, ,139510, ,12.54, ,0.00, ,99.6, 
2003/3/14,12:00,0.0, ,139560, ,18.30, ,0.00, ,99.6, 
2003/3/14,13:00,0.0, ,139610, ,13.55, ,0.00, ,99.7, 
2003/3/14,14:00,0.0, ,139660, ,16.43, ,0.00, ,99.7, 
2003/3/14,15:00,0.0, ,139710, ,17.65, ,0.00, ,99.8, 
2003/3/14,16:00,0.0, ,139760, ,12.99, ,0.00, ,99.8, 
2003/3/14,17:00,0.0, ,139810, ,16.25, ,0.00, ,99.8, 
2003/3/14,18:00,0.0, ,139910, ,16.58, ,0.00, ,99.9, 
2003/3/14,19:00,0.0, ,139960, ,13.30, ,0.00, ,100.0, 
2003/3/14,20:00,0.0, ,140010, ,16.83, ,0.00, ,100.0, 
2003/3/14,21:00,0.1, ,140060, ,12.61, ,0.00, ,100.0, 
2003/3/14,22:00,0.9, ,140110, ,16.91, ,0.00, ,100.0, 
2003/3/14,23:00,2.0, ,140160, ,16.71, ,0.00, ,100.0, 
2003/3/14,24:00,1.8, ,140210, ,14.58, ,0.00, ,99.3, 
2003/3/15,01:00,2.0, ,140260, ,15.05, ,0.00, ,99.3, 
2003/3/15,02:00,1.7, ,140310, ,9.03, ,0.00, ,99.4, 
2003/3/15,03:00,2.7, ,140360, ,12.42, ,0.00, ,99.4, 
2003/3/15,04:00,2.3, ,140410, ,11.92, ,0.00, ,99.5, 
2003/3/15,05:00,2.1, ,140460, ,12.66, ,0.00, ,99.5, 
2003/3/15,06:00,2.4, ,140510, ,13.88, ,0.00, ,99.5, 
2003/3/15,07:00,1.9, ,140560, ,16.27, ,0.00, ,99.6, 
2003/3/15,08:00,1.1, ,140610, ,9.80, ,0.00, ,99.6, 
2003/3/15,09:00,0.8, ,140610, ,11.90, ,0.00, ,99.6, 
2003/3/15,10:00,1.3, ,140710, ,18.51, ,0.00, ,99.7, 
2003/3/15,11:00,0.4, ,140760, ,18.33, ,0.00, ,99.7, 
2003/3/15,12:00,0.0, ,140860, ,24.07, ,0.00, ,99.8, 
2003/3/15,13:00,0.0, ,140960, ,20.31, ,0.00, ,99.9, 
2003/3/15,14:00,0.0, ,141010, ,21.50, ,0.00, ,99.9, 
2003/3/15,15:00,0.0, ,141110, ,18.77, ,0.00, ,100.0, 
2003/3/15,16:00,0.0, ,141160, ,20.78, ,0.00, ,100.0, 
2003/3/15,17:00,0.0, ,141210, ,18.18, ,0.00, ,100.0, 
2003/3/15,18:00,0.0, ,141300, ,20.52, ,0.00, ,100.0, 
2003/3/15,19:00,0.0, ,141350, ,19.54, ,0.00, ,100.0, 
2003/3/15,20:00,0.0, ,141450, ,19.69, ,0.00, ,100.0, 
2003/3/15,21:00,0.0, ,141500, ,20.57, ,0.00, ,100.0, 
2003/3/15,22:00,0.0, ,141550, ,16.89, ,0.00, ,100.0, 
2003/3/15,23:00,0.0, ,141650, ,17.09, ,0.00, ,100.0, 
2003/3/15,24:00,0.0, ,141700, ,18.72, ,0.00, ,99.6, 
2003/3/16,01:00,0.0, ,141700, ,10.73, ,0.00, ,99.6, 
2003/3/16,02:00,0.0, ,141750, ,9.07, ,0.00, ,99.6, 
2003/3/16,03:00,0.0, ,141800, ,9.37, ,0.00, ,99.7, 
2003/3/16,04:00,0.0, ,141850, ,10.11, ,0.00, ,99.7, 
2003/3/16,05:00,0.0, ,141850, ,13.10, ,0.00, ,99.7, 
2003/3/16,06:00,0.1, ,141900, ,11.44, ,0.00, ,99.8, 
2003/3/16,07:00,0.1, ,141950, ,7.73, ,0.00, ,99.8, 
2003/3/16,08:00,0.3, ,142000, ,10.40, ,0.00, ,99.8, 
2003/3/16,09:00,0.7, ,142000, ,12.12, ,0.00, ,99.8, 
2003/3/16,10:00,0.6, ,142050, ,7.99, ,0.00, ,99.9, 
2003/3/16,11:00,0.8, ,142150, ,18.13, ,0.00, ,100.0, 
2003/3/16,12:00,5.6, ,142200, ,22.88, ,0.00, ,100.0, 
2003/3/16,13:00,4.9, ,142360, ,26.84, ,0.00, ,100.0, 
2003/3/16,14:00,4.7, ,142410, ,28.83, ,0.00, ,100.0, 
2003/3/16,15:00,4.2, ,142510, ,23.48, ,0.00, ,100.0, 
2003/3/16,16:00,3.6, ,142660, ,40.48, ,0.00, ,100.0, 
2003/3/16,17:00,1.7, ,142810, ,28.65, ,0.00, ,100.0, 
2003/3/16,18:00,3.2, ,142910, ,39.77, ,0.00, ,100.0, 
2003/3/16,19:00,0.1, ,143110, ,46.83, ,0.00, ,100.0, 
2003/3/16,20:00,0.3, ,143310, ,46.62, ,0.00, ,100.0, 
2003/3/16,21:00,0.3, ,143460, ,53.50, ,0.00, ,100.0, 
2003/3/16,22:00,0.1, ,143660, ,51.73, ,0.00, ,100.0, 
2003/3/16,23:00,0.1, ,143810, ,45.65, ,0.00, ,100.0, 
2003/3/16,24:00,0.5, ,143970, ,47.40, ,0.00, ,100.0, 
2003/3/17,01:00,0.3, ,144120, ,36.01, ,0.00, ,100.0, 
2003/3/17,02:00,0.3, ,144220, ,37.44, ,0.00, ,100.0, 
2003/3/17,03:00,0.0, ,144320, ,31.03, ,0.00, ,100.0, 
2003/3/17,04:00,0.0, ,144420, ,28.89, ,0.00, ,100.0, 
2003/3/17,05:00,0.0, ,144520, ,29.59, ,0.00, ,100.0, 
2003/3/17,06:00,0.2, ,144620, ,26.43, ,0.00, ,100.0, 
2003/3/17,07:00,0.1, ,144720, ,26.07, ,0.00, ,100.0, 
2003/3/17,08:00,0.2, ,144830, ,23.68, ,0.00, ,100.0, 
2003/3/17,09:00,0.3, ,144880, ,23.50, ,0.00, ,100.0, 
2003/3/17,10:00,0.0, ,144980, ,25.72, ,0.00, ,100.0, 
2003/3/17,11:00,0.0, ,145080, ,28.91, ,0.00, ,100.0, 
2003/3/17,12:00,0.0, ,145180, ,25.89, ,0.00, ,100.0, 
2003/3/17,13:00,0.0, ,145280, ,29.05, ,0.00, ,100.0, 
2003/3/17,14:00,0.0, ,145380, ,25.27, ,0.00, ,100.0, 
2003/3/17,15:00,0.0, ,145490, ,25.89, ,0.00, ,100.0, 
2003/3/17,16:00,0.0, ,145590, ,24.85, ,0.00, ,100.0, 
2003/3/17,17:00,0.0, ,145690, ,28.66, ,0.00, ,100.0, 
2003/3/17,18:00,0.0, ,145740, ,24.95, ,0.00, ,100.0, 
2003/3/17,19:00,0.0, ,145840, ,24.10, ,0.00, ,100.0, 
2003/3/17,20:00,0.0, ,145940, ,23.77, ,0.00, ,100.0, 
2003/3/17,21:00,0.0, ,145990, ,23.61, ,0.00, ,100.0, 
2003/3/17,22:00,0.0, ,146100, ,23.57, ,0.00, ,100.0, 
2003/3/17,23:00,0.0, ,146150, ,21.61, ,0.00, ,100.0, 
2003/3/17,24:00,0.0, ,146250, ,23.55, ,0.00, ,100.0, 
2003/3/18,01:00,0.0, ,146300, ,17.13, ,0.00, ,100.0, 
2003/3/18,02:00,0.0, ,146350, ,12.38, ,0.00, ,100.0, 
2003/3/18,03:00,0.0, ,146400, ,16.73, ,0.00, ,100.0, 
2003/3/18,04:00,0.0, ,146450, ,13.07, ,0.00, ,100.0, 
2003/3/18,05:00,0.0, ,146510, ,12.88, ,0.00, ,100.0, 
2003/3/18,06:00,0.0, ,146560, ,17.76, ,0.00, ,100.0, 
2003/3/18,07:00,0.0, ,146610, ,12.22, ,0.00, ,100.0, 
2003/3/18,08:00,0.0, ,146660, ,16.79, ,0.00, ,100.0, 
2003/3/18,09:00,0.0, ,146710, ,13.10, ,0.00, ,100.0, 
2003/3/18,10:00,0.0, ,146810, ,19.78, ,0.00, ,100.0, 
2003/3/18,11:00,0.3, ,146860, ,20.88, ,0.00, ,100.0, 
2003/3/18,12:00,0.1, ,146970, ,21.37, ,0.00, ,100.0, 
2003/3/18,13:00,0.0, ,147020, ,21.28, ,0.00, ,100.0, 
2003/3/18,14:00,0.0, ,147120, ,21.64, ,0.00, ,100.0, 
2003/3/18,15:00,0.0, ,147170, ,23.73, ,0.00, ,100.0, 
2003/3/18,16:00,0.0, ,147270, ,23.12, ,0.00, ,100.0, 
2003/3/18,17:00,0.0, ,147320, ,15.82, ,0.00, ,100.0, 
2003/3/18,18:00,0.0, ,147370, ,17.36, ,0.00, ,100.0, 
2003/3/18,19:00,0.0, ,147480, ,21.92, ,0.00, ,100.0, 
2003/3/18,20:00,0.0, ,147530, ,19.52, ,0.00, ,100.0, 
2003/3/18,21:00,0.0, ,147630, ,22.07, ,0.00, ,100.0, 
2003/3/18,22:00,0.0, ,147680, ,17.18, ,0.00, ,100.0, 
2003/3/18,23:00,0.0, ,147730, ,17.52, ,0.00, ,100.0, 
2003/3/18,24:00,0.0, ,147790, ,18.82, ,0.00, ,100.0, 
2003/3/19,01:00,0.0, ,147840, ,12.28, ,0.00, ,100.0, 
2003/3/19,02:00,0.0, ,147890, ,11.80, ,0.00, ,100.0, 
2003/3/19,03:00,0.0, ,147940, ,17.10, ,0.00, ,100.0, 
2003/3/19,04:00,0.0, ,147990, ,11.04, ,0.00, ,100.0, 
2003/3/19,05:00,0.0, ,148040, ,11.23, ,0.00, ,100.0, 
2003/3/19,06:00,0.0, ,148090, ,11.61, ,0.00, ,100.0, 
2003/3/19,07:00,0.0, ,148090, ,13.32, ,0.00, ,100.0, 
2003/3/19,08:00,0.1, ,148140, ,10.84, ,0.00, ,100.0, 
2003/3/19,09:00,0.0, ,148200, ,10.27, ,0.00, ,100.0, 
2003/3/19,10:00,0.0, ,148250, ,17.92, ,0.00, ,100.0, 
2003/3/19,11:00,0.0, ,148350, ,20.58, ,0.00, ,100.0, 
2003/3/19,12:00,0.0, ,148400, ,19.85, ,0.00, ,100.0, 
2003/3/19,13:00,0.0, ,148500, ,20.54, ,0.00, ,100.0, 
2003/3/19,14:00,0.0, ,148560, ,17.77, ,0.00, ,100.0, 
2003/3/19,15:00,0.0, ,148610, ,18.77, ,0.00, ,100.0, 
2003/3/19,16:00,0.0, ,148710, ,22.48, ,0.00, ,100.0, 
2003/3/19,17:00,0.0, ,148760, ,13.68, ,0.00, ,100.0, 
2003/3/19,18:00,0.0, ,148810, ,19.68, ,0.00, ,100.0, 
2003/3/19,19:00,0.0, ,148860, ,17.49, ,0.00, ,100.0, 
2003/3/19,20:00,0.0, ,148920, ,14.74, ,0.00, ,100.0, 
2003/3/19,21:00,0.0, ,149020, ,22.62, ,0.00, ,100.0, 
2003/3/19,22:00,0.0, ,149120, ,18.17, ,0.00, ,100.0, 
2003/3/19,23:00,0.0, ,149120, ,20.08, ,0.00, ,100.0, 
2003/3/19,24:00,0.0, ,149170, ,11.89, ,0.00, ,100.0, 
2003/3/20,01:00,0.0, ,149230, ,10.75, ,0.00, ,100.0, 
2003/3/20,02:00,0.0, ,149280, ,10.11, ,0.00, ,100.0, 
2003/3/20,03:00,0.0, ,149280, ,10.15, ,0.00, ,100.0, 
2003/3/20,04:00,0.0, ,149330, ,8.51, ,0.00, ,100.0, 
2003/3/20,05:00,0.0, ,149380, ,10.68, ,0.00, ,100.0, 
2003/3/20,06:00,0.0, ,149430, ,10.34, ,0.00, ,100.0, 
2003/3/20,07:00,0.0, ,149430, ,13.38, ,0.00, ,100.0, 
2003/3/20,08:00,0.0, ,149480, ,9.83, ,0.00, ,100.0, 
2003/3/20,09:00,0.0, ,149530, ,13.33, ,0.00, ,100.0, 
2003/3/20,10:00,0.0, ,149590, ,13.43, ,0.00, ,100.0, 
2003/3/20,11:00,0.0, ,149640, ,16.82, ,0.00, ,100.0, 
2003/3/20,12:00,0.0, ,149740, ,18.33, ,0.00, ,100.0, 
2003/3/20,13:00,0.0, ,149790, ,17.64, ,0.00, ,100.0, 
2003/3/20,14:00,0.0, ,149840, ,18.59, ,0.00, ,100.0, 
2003/3/20,15:00,0.0, ,149900, ,17.08, ,0.00, ,100.0, 
2003/3/20,16:00,0.0, ,150000, ,19.32, ,0.00, ,100.0, 
2003/3/20,17:00,0.0, ,150050, ,17.17, ,0.00, ,100.0, 
2003/3/20,18:00,0.0, ,150100, ,15.62, ,0.00, ,100.0, 
2003/3/20,19:00,0.0, ,150150, ,17.04, ,0.00, ,100.0, 
2003/3/20,20:00,0.0, ,150210, ,13.36, ,0.00, ,100.0, 
2003/3/20,21:00,0.0, ,150260, ,17.21, ,0.00, ,100.0, 
2003/3/20,22:00,0.0, ,150310, ,17.00, ,0.00, ,100.0, 
2003/3/20,23:00,0.0, ,150410, ,17.66, ,0.00, ,100.0, 
2003/3/20,24:00,0.0, ,150410, ,12.77, ,0.00, ,100.0, 
2003/3/21,01:00,0.0, ,150470, ,13.11, ,0.00, ,100.0, 
2003/3/21,02:00,0.0, ,150520, ,3.67, ,0.00, ,100.0, 
2003/3/21,03:00,0.0, ,150520, ,11.83, ,0.00, ,100.0, 
2003/3/21,04:00,0.0, ,150570, ,10.21, ,0.00, ,100.0, 
2003/3/21,05:00,0.0, ,150620, ,6.32, ,0.00, ,100.0, 
2003/3/21,06:00,0.0, ,150620, ,12.10, ,0.00, ,100.0, 
2003/3/21,07:00,0.0, ,150670, ,9.74, ,0.00, ,100.0, 
2003/3/21,08:00,0.0, ,150670, ,4.58, ,0.00, ,100.0, 
2003/3/21,09:00,0.0, ,150720, ,15.04, ,14.20, ,100.0, 
2003/3/21,10:00,0.0, ,150720, ,11.91, ,13.90, ,100.0, 
2003/3/21,11:00,0.0, ,150720, ,13.61, ,13.00, ,100.0, 
2003/3/21,12:00,0.0, ,150720, ,13.08, ,12.70, ,100.0, 
2003/3/21,13:00,0.0, ,150780, ,16.24, ,12.10, ,100.0, 
2003/3/21,14:00,0.0, ,150780, ,22.95, ,12.10, ,100.0, 
2003/3/21,15:00,0.0, ,150780, ,12.37, ,12.20, ,100.0, 
2003/3/21,16:00,0.0, ,150780, ,12.21, ,12.00, ,100.0, 
2003/3/21,17:00,0.0, ,150780, ,11.96, ,11.60, ,100.0, 
2003/3/21,18:00,0.0, ,150830, ,16.86, ,0.00, ,100.0, 
2003/3/21,19:00,0.0, ,150880, ,16.21, ,0.00, ,100.0, 
2003/3/21,20:00,0.0, ,150930, ,17.60, ,0.00, ,100.0, 
2003/3/21,21:00,0.0, ,150980, ,18.25, ,0.00, ,100.0, 
2003/3/21,22:00,0.0, ,151090, ,17.92, ,0.00, ,100.0, 
2003/3/21,23:00,0.0, ,151140, ,13.76, ,0.00, ,100.0, 
2003/3/21,24:00,0.0, ,151140, ,12.18, ,0.00, ,100.0, 
2003/3/22,01:00,0.0, ,151190, ,9.27, ,0.00, ,100.0, 
2003/3/22,02:00,0.4, ,151240, ,7.21, ,0.00, ,100.0, 
2003/3/22,03:00,0.8, ,151290, ,18.13, ,0.00, ,100.0, 
2003/3/22,04:00,0.2, ,151290, ,8.51, ,0.00, ,100.0, 
2003/3/22,05:00,0.4, ,151350, ,9.11, ,0.00, ,100.0, 
2003/3/22,06:00,0.8, ,151400, ,10.05, ,0.00, ,100.0, 
2003/3/22,07:00,0.8, ,151450, ,11.30, ,0.00, ,100.0, 
2003/3/22,08:00,1.1, ,151450, ,12.71, ,0.00, ,100.0, 
2003/3/22,09:00,1.3, ,151500, ,12.28, ,0.00, ,100.0, 
2003/3/22,10:00,1.4, ,151550, ,12.02, ,0.00, ,100.0, 
2003/3/22,11:00,0.8, ,151660, ,22.61, ,0.00, ,100.0, 
2003/3/22,12:00,0.7, ,151710, ,20.73, ,0.00, ,100.0, 
2003/3/22,13:00,0.5, ,151760, ,12.85, ,0.00, ,100.0, 
2003/3/22,14:00,0.9, ,151860, ,21.19, ,0.00, ,100.0, 
2003/3/22,15:00,0.4, ,151920, ,15.45, ,0.00, ,100.0, 
2003/3/22,16:00,0.0, ,151970, ,25.59, ,0.00, ,100.0, 
2003/3/22,17:00,0.0, ,152070, ,13.62, ,0.00, ,100.0, 
2003/3/22,18:00,0.1, ,152120, ,22.02, ,0.00, ,100.0, 
2003/3/22,19:00,0.0, ,152180, ,13.50, ,0.00, ,100.0, 
2003/3/22,20:00,0.0, ,152230, ,17.20, ,0.00, ,100.0, 
2003/3/22,21:00,0.0, ,152280, ,12.72, ,0.00, ,100.0, 
2003/3/22,22:00,0.0, ,152330, ,18.51, ,0.00, ,100.0, 
2003/3/22,23:00,0.1, ,152380, ,10.39, ,0.00, ,100.0, 
2003/3/22,24:00,0.0, ,152440, ,12.20, ,0.00, ,100.0, 
2003/3/23,01:00,0.0, ,152440, ,11.31, ,0.00, ,100.0, 
2003/3/23,02:00,0.0, ,152490, ,13.36, ,0.00, ,100.0, 
2003/3/23,03:00,0.0, ,152540, ,2.10, ,0.00, ,100.0, 
2003/3/23,04:00,0.0, ,152540, ,13.49, ,0.00, ,100.0, 
2003/3/23,05:00,0.0, ,152590, ,10.21, ,0.00, ,100.0, 
2003/3/23,06:00,0.0, ,152650, ,5.12, ,0.00, ,100.0, 
2003/3/23,07:00,0.0, ,152650, ,13.64, ,0.00, ,100.0, 
2003/3/23,08:00,0.0, ,152700, ,1.91, ,0.00, ,100.0, 
2003/3/23,09:00,0.3, ,152700, ,12.58, ,0.00, ,100.0, 
2003/3/23,10:00,0.7, ,152750, ,12.22, ,0.00, ,100.0, 
2003/3/23,11:00,0.4, ,152800, ,11.74, ,0.00, ,100.0, 
2003/3/23,12:00,0.1, ,152910, ,21.73, ,0.00, ,100.0, 
2003/3/23,13:00,0.4, ,152960, ,13.61, ,0.00, ,100.0, 
2003/3/23,14:00,0.3, ,153010, ,18.33, ,0.00, ,100.0, 
2003/3/23,15:00,0.1, ,153060, ,13.18, ,0.00, ,100.0, 
2003/3/23,16:00,0.0, ,153120, ,18.25, ,0.00, ,100.0, 
2003/3/23,17:00,0.0, ,153170, ,18.34, ,0.00, ,100.0, 
2003/3/23,18:00,0.0, ,153220, ,12.57, ,0.00, ,100.0, 
2003/3/23,19:00,0.0, ,153270, ,18.33, ,0.00, ,100.0, 
2003/3/23,20:00,0.0, ,153380, ,13.23, ,0.00, ,100.0, 
2003/3/23,21:00,0.0, ,153380, ,17.18, ,0.00, ,100.0, 
2003/3/23,22:00,0.0, ,153480, ,16.58, ,0.00, ,100.0, 
2003/3/23,23:00,0.0, ,153530, ,13.39, ,0.00, ,100.0, 
2003/3/23,24:00,0.0, ,153530, ,13.68, ,0.00, ,100.0, 
2003/3/24,01:00,0.0, ,153590, ,8.88, ,0.00, ,100.0, 
2003/3/24,02:00,0.0, ,153590, ,5.67, ,0.00, ,100.0, 
2003/3/24,03:00,0.0, ,153640, ,14.17, ,0.00, ,100.0, 
2003/3/24,04:00,0.0, ,153690, ,3.37, ,0.00, ,100.0, 
2003/3/24,05:00,0.0, ,153690, ,11.58, ,0.00, ,100.0, 
2003/3/24,06:00,0.0, ,153740, ,8.91, ,0.00, ,100.0, 
2003/3/24,07:00,0.0, ,153740, ,5.66, ,0.00, ,100.0, 
2003/3/24,08:00,0.0, ,153800, ,9.58, ,18.90, ,100.0, 
2003/3/24,09:00,0.0, ,153800, ,15.06, ,25.90, ,100.0, 
2003/3/24,10:00,0.0, ,153740, ,19.89, ,27.50, ,100.0, 
2003/3/24,11:00,0.0, ,153690, ,15.61, ,27.70, ,100.0, 
2003/3/24,12:00,0.0, ,153690, ,13.85, ,4.50, ,100.0, 
2003/3/24,13:00,0.0, ,153690, ,13.25, ,0.00, ,100.0, 
2003/3/24,14:00,0.0, ,153740, ,2.71, ,20.70, ,100.0, 
2003/3/24,15:00,1.0, ,153740, ,27.67, ,30.10, ,100.0, 
2003/3/24,16:00,1.2, ,153690, ,21.75, ,38.50, ,100.0, 
2003/3/24,17:00,0.4, ,153640, ,21.36, ,39.50, ,100.0, 
2003/3/24,18:00,0.7, ,153530, ,16.27, ,39.40, ,100.0, 
2003/3/24,19:00,0.0, ,153430, ,13.54, ,42.30, ,99.9, 
2003/3/24,20:00,0.0, ,153320, ,15.67, ,30.30, ,99.8, 
2003/3/24,21:00,0.0, ,153320, ,15.40, ,4.30, ,99.8, 
2003/3/24,22:00,0.0, ,153320, ,13.78, ,0.00, ,99.8, 
2003/3/24,23:00,0.0, ,153380, ,0.61, ,0.00, ,99.9, 
2003/3/24,24:00,0.0, ,153380, ,13.93, ,0.00, ,100.0, 
2003/3/25,01:00,0.0, ,153430, ,11.95, ,0.00, ,100.0, 
2003/3/25,02:00,0.5, ,153480, ,2.84, ,0.00, ,100.0, 
2003/3/25,03:00,0.3, ,153480, ,14.31, ,0.00, ,100.0, 
2003/3/25,04:00,1.0, ,153530, ,10.33, ,0.00, ,100.0, 
2003/3/25,05:00,0.1, ,153530, ,4.22, ,0.00, ,100.0, 
2003/3/25,06:00,0.0, ,153590, ,13.60, ,0.00, ,100.0, 
2003/3/25,07:00,0.3, ,153640, ,6.60, ,22.50, ,100.0, 
2003/3/25,08:00,0.0, ,153640, ,21.02, ,31.40, ,100.0, 
2003/3/25,09:00,0.0, ,153530, ,10.83, ,31.40, ,100.0, 
2003/3/25,10:00,0.0, ,153480, ,16.32, ,31.30, ,100.0, 
2003/3/25,11:00,0.0, ,153430, ,13.23, ,31.40, ,100.0, 
2003/3/25,12:00,0.0, ,153380, ,19.84, ,4.70, ,100.0, 
2003/3/25,13:00,0.0, ,153380, ,4.26, ,0.00, ,100.0, 
2003/3/25,14:00,0.0, ,153480, ,12.12, ,0.00, ,100.0, 
2003/3/25,15:00,0.0, ,153530, ,21.82, ,0.00, ,100.0, 
2003/3/25,16:00,0.2, ,153590, ,16.48, ,21.40, ,100.0, 
2003/3/25,17:00,0.0, ,153530, ,11.02, ,43.20, ,100.0, 
2003/3/25,18:00,0.0, ,153430, ,22.52, ,43.60, ,100.0, 
2003/3/25,19:00,0.0, ,153320, ,19.44, ,43.50, ,100.0, 
2003/3/25,20:00,0.0, ,153220, ,12.43, ,46.20, ,99.9, 
2003/3/25,21:00,0.0, ,153120, ,18.85, ,31.30, ,99.8, 
2003/3/25,22:00,0.0, ,153060, ,12.12, ,4.70, ,99.8, 
2003/3/25,23:00,0.0, ,153060, ,5.51, ,0.00, ,99.8, 
2003/3/25,24:00,0.0, ,153120, ,10.77, ,0.00, ,100.0, 
2003/3/26,01:00,0.0, ,153170, ,8.28, ,0.00, ,100.0, 
2003/3/26,02:00,0.0, ,153170, ,9.99, ,0.00, ,100.0, 
2003/3/26,03:00,0.0, ,153220, ,0.78, ,0.00, ,100.0, 
2003/3/26,04:00,0.0, ,153220, ,13.76, ,0.00, ,100.0, 
2003/3/26,05:00,0.0, ,153270, ,2.74, ,0.00, ,100.0, 
2003/3/26,06:00,0.0, ,153270, ,11.79, ,0.00, ,100.0, 
2003/3/26,07:00,0.0, ,153320, ,4.05, ,22.60, ,100.0, 
2003/3/26,08:00,0.0, ,153320, ,22.71, ,31.20, ,100.0, 
2003/3/26,09:00,0.0, ,153220, ,12.65, ,52.20, ,100.0, 
2003/3/26,10:00,0.0, ,153060, ,11.02, ,61.20, ,100.0, 
2003/3/26,11:00,0.0, ,152910, ,12.40, ,39.50, ,99.8, 
2003/3/26,12:00,0.0, ,152850, ,16.64, ,4.70, ,99.8, 
2003/3/26,13:00,0.0, ,152850, ,11.88, ,0.00, ,99.8, 
2003/3/26,14:00,0.0, ,152910, ,0.44, ,0.00, ,99.8, 
2003/3/26,15:00,0.0, ,152910, ,14.11, ,31.30, ,99.8, 
2003/3/26,16:00,0.0, ,152910, ,16.87, ,31.50, ,99.8, 
2003/3/26,17:00,0.0, ,152850, ,28.81, ,54.90, ,99.8, 
2003/3/26,18:00,0.0, ,152700, ,15.33, ,61.00, ,99.7, 
2003/3/26,19:00,0.0, ,152540, ,16.48, ,61.30, ,99.6, 
2003/3/26,20:00,0.0, ,152380, ,16.90, ,43.50, ,99.5, 
2003/3/26,21:00,0.0, ,152280, ,14.52, ,6.90, ,99.4, 
2003/3/26,22:00,0.0, ,152280, ,6.49, ,0.00, ,99.4, 
2003/3/26,23:00,0.0, ,152280, ,0.00, ,0.00, ,99.4, 
2003/3/26,24:00,0.0, ,152330, ,11.47, ,0.00, ,99.9, 
2003/3/27,01:00,0.0, ,152380, ,4.48, ,0.00, ,100.0, 
2003/3/27,02:00,0.0, ,152380, ,12.97, ,0.00, ,100.0, 
2003/3/27,03:00,0.0, ,152440, ,3.86, ,0.00, ,100.0, 
2003/3/27,04:00,0.0, ,152440, ,10.61, ,0.00, ,100.0, 
2003/3/27,05:00,0.0, ,152490, ,5.57, ,0.00, ,100.0, 
2003/3/27,06:00,0.0, ,152490, ,8.90, ,0.00, ,100.0, 
2003/3/27,07:00,0.0, ,152540, ,7.67, ,22.40, ,100.0, 
2003/3/27,08:00,0.0, ,152540, ,17.94, ,27.30, ,100.0, 
2003/3/27,09:00,0.0, ,152440, ,13.26, ,52.90, ,100.0, 
2003/3/27,10:00,0.0, ,152280, ,10.66, ,61.30, ,99.9, 
2003/3/27,11:00,0.0, ,152120, ,12.59, ,39.00, ,99.8, 
2003/3/27,12:00,0.0, ,152020, ,14.93, ,4.70, ,99.7, 
2003/3/27,13:00,0.0, ,152020, ,2.02, ,0.00, ,99.7, 
2003/3/27,14:00,0.0, ,152070, ,9.24, ,0.00, ,99.7, 
2003/3/27,15:00,0.0, ,152120, ,15.74, ,31.30, ,99.8, 
2003/3/27,16:00,0.3, ,152120, ,21.49, ,34.00, ,99.8, 
2003/3/27,17:00,0.3, ,152070, ,25.89, ,61.10, ,99.7, 
2003/3/27,18:00,0.6, ,151920, ,14.59, ,61.70, ,99.6, 
2003/3/27,19:00,0.1, ,151710, ,15.86, ,61.30, ,99.5, 
2003/3/27,20:00,0.0, ,151550, ,11.96, ,46.10, ,99.4, 
2003/3/27,21:00,0.0, ,151450, ,14.47, ,6.70, ,99.3, 
2003/3/27,22:00,0.0, ,151450, ,5.41, ,0.00, ,99.3, 
2003/3/27,23:00,0.0, ,151500, ,1.06, ,0.00, ,99.3, 
2003/3/27,24:00,0.0, ,151500, ,13.33, ,0.00, ,99.8, 
2003/3/28,01:00,0.0, ,151550, ,10.82, ,0.00, ,99.9, 
2003/3/28,02:00,0.0, ,151600, ,9.31, ,0.00, ,99.9, 
2003/3/28,03:00,0.0, ,151600, ,8.66, ,0.00, ,99.9, 
2003/3/28,04:00,0.0, ,151600, ,0.00, ,0.00, ,99.9, 
2003/3/28,05:00,0.0, ,151660, ,13.69, ,0.00, ,100.0, 
2003/3/28,06:00,0.0, ,151710, ,8.00, ,0.00, ,100.0, 
2003/3/28,07:00,0.0, ,151710, ,7.16, ,18.10, ,100.0, 
2003/3/28,08:00,0.0, ,151710, ,10.88, ,27.50, ,100.0, 
2003/3/28,09:00,0.0, ,151600, ,13.64, ,52.10, ,99.9, 
2003/3/28,10:00,0.0, ,151450, ,10.96, ,61.60, ,99.8, 
2003/3/28,11:00,0.0, ,151290, ,12.10, ,38.90, ,99.7, 
2003/3/28,12:00,0.0, ,151190, ,13.81, ,4.70, ,99.6, 
2003/3/28,13:00,0.0, ,151190, ,2.94, ,0.00, ,99.6, 
2003/3/28,14:00,0.0, ,151240, ,9.99, ,0.00, ,99.7, 
2003/3/28,15:00,0.0, ,151290, ,12.71, ,21.10, ,99.7, 
2003/3/28,16:00,0.0, ,151290, ,23.82, ,34.10, ,99.7, 
2003/3/28,17:00,0.0, ,151190, ,20.68, ,61.50, ,99.6, 
2003/3/28,18:00,0.0, ,151030, ,17.49, ,61.60, ,99.5, 
2003/3/28,19:00,0.0, ,150880, ,11.06, ,61.70, ,99.4, 
2003/3/28,20:00,0.0, ,150670, ,15.05, ,43.90, ,99.2, 
2003/3/28,21:00,0.0, ,150620, ,12.63, ,6.80, ,99.2, 
2003/3/28,22:00,0.0, ,150570, ,7.38, ,0.00, ,99.2, 
2003/3/28,23:00,0.0, ,150620, ,8.78, ,0.00, ,99.2, 
2003/3/28,24:00,0.0, ,150670, ,9.28, ,0.00, ,99.8, 
2003/3/29,01:00,0.0, ,150670, ,8.50, ,0.00, ,99.8, 
2003/3/29,02:00,0.0, ,150720, ,0.72, ,0.00, ,99.8, 
2003/3/29,03:00,0.0, ,150720, ,13.61, ,0.00, ,99.8, 
2003/3/29,04:00,0.0, ,150780, ,2.53, ,0.00, ,99.8, 
2003/3/29,05:00,0.0, ,150780, ,11.80, ,0.00, ,99.8, 
2003/3/29,06:00,0.0, ,150780, ,0.00, ,0.00, ,99.8, 
2003/3/29,07:00,0.0, ,150830, ,12.36, ,0.00, ,99.9, 
2003/3/29,08:00,0.0, ,150830, ,2.00, ,16.90, ,99.9, 
2003/3/29,09:00,0.0, ,150830, ,11.33, ,34.40, ,99.9, 
2003/3/29,10:00,0.0, ,150780, ,25.42, ,38.30, ,99.8, 
2003/3/29,11:00,0.0, ,150670, ,11.06, ,24.80, ,99.8, 
2003/3/29,12:00,0.0, ,150620, ,11.08, ,0.00, ,99.7, 
2003/3/29,13:00,0.0, ,150620, ,4.02, ,0.00, ,99.7, 
2003/3/29,14:00,0.0, ,150670, ,11.79, ,0.00, ,99.8, 
2003/3/29,15:00,0.0, ,150720, ,13.21, ,0.00, ,99.8, 
2003/3/29,16:00,0.0, ,150780, ,15.98, ,0.00, ,99.8, 
2003/3/29,17:00,0.0, ,150830, ,10.11, ,0.00, ,99.9, 
2003/3/29,18:00,0.0, ,150880, ,10.16, ,0.00, ,99.9, 
2003/3/29,19:00,0.0, ,150930, ,13.10, ,0.00, ,100.0, 
2003/3/29,20:00,0.0, ,150980, ,15.00, ,0.00, ,100.0, 
2003/3/29,21:00,0.0, ,151030, ,12.37, ,0.00, ,100.0, 
2003/3/29,22:00,0.0, ,151030, ,13.01, ,0.00, ,100.0, 
2003/3/29,23:00,0.0, ,151090, ,12.80, ,0.00, ,100.0, 
2003/3/29,24:00,0.0, ,151140, ,11.08, ,0.00, ,99.4, 
2003/3/30,01:00,0.0, ,151140, ,4.83, ,0.00, ,99.4, 
2003/3/30,02:00,0.0, ,151190, ,10.39, ,0.00, ,99.4, 
2003/3/30,03:00,0.0, ,151190, ,3.98, ,0.00, ,99.4, 
2003/3/30,04:00,0.0, ,151240, ,9.92, ,0.00, ,99.5, 
2003/3/30,05:00,0.0, ,151240, ,4.45, ,0.00, ,99.5, 
2003/3/30,06:00,0.0, ,151290, ,3.04, ,0.00, ,99.5, 
2003/3/30,07:00,0.0, ,151290, ,11.34, ,0.00, ,99.5, 
2003/3/30,08:00,0.0, ,151290, ,0.03, ,15.30, ,99.5, 
2003/3/30,09:00,0.0, ,151290, ,10.42, ,22.20, ,99.5, 
2003/3/30,10:00,0.0, ,151290, ,20.95, ,29.10, ,99.5, 
2003/3/30,11:00,0.0, ,151240, ,18.44, ,4.60, ,99.5, 
2003/3/30,12:00,0.0, ,151240, ,8.08, ,0.00, ,99.5, 
2003/3/30,13:00,0.0, ,151240, ,0.00, ,0.00, ,99.5, 
2003/3/30,14:00,0.0, ,151290, ,8.32, ,0.00, ,99.5, 
2003/3/30,15:00,0.0, ,151350, ,12.68, ,0.00, ,99.6, 
2003/3/30,16:00,0.0, ,151400, ,13.40, ,0.00, ,99.6, 
2003/3/30,17:00,0.0, ,151450, ,14.79, ,5.30, ,99.6, 
2003/3/30,18:00,0.0, ,151450, ,20.58, ,22.60, ,99.6, 
2003/3/30,19:00,0.0, ,151450, ,23.56, ,4.40, ,99.6, 
2003/3/30,20:00,0.0, ,151450, ,11.75, ,0.00, ,99.6, 
2003/3/30,21:00,0.0, ,151450, ,0.00, ,0.00, ,99.6, 
2003/3/30,22:00,0.0, ,151500, ,5.71, ,0.00, ,99.7, 
2003/3/30,23:00,0.0, ,151550, ,9.93, ,0.00, ,99.7, 
2003/3/30,24:00,0.0, ,151550, ,13.15, ,0.00, ,99.0, 
2003/3/31,01:00,0.0, ,151600, ,1.75, ,0.00, ,99.1, 
2003/3/31,02:00,0.0, ,151600, ,12.65, ,0.00, ,99.1, 
2003/3/31,03:00,0.0, ,151600, ,0.00, ,0.00, ,99.1, 
2003/3/31,04:00,0.0, ,151660, ,10.09, ,0.00, ,99.1, 
2003/3/31,05:00,0.0, ,151660, ,4.32, ,0.00, ,99.1, 
2003/3/31,06:00,0.0, ,151710, ,4.97, ,0.00, ,99.1, 
2003/3/31,07:00,0.0, ,151710, ,9.44, ,0.00, ,99.1, 
2003/3/31,08:00,0.0, ,151760, ,2.98, ,0.00, ,99.2, 
2003/3/31,09:00,0.0, ,151760, ,11.44, ,0.00, ,99.2, 
2003/3/31,10:00,0.0, ,151810, ,3.41, ,0.00, ,99.2, 
2003/3/31,11:00,0.0, ,151810, ,11.01, ,0.00, ,99.2, 
2003/3/31,12:00,0.0, ,151860, ,8.96, ,0.00, ,99.2, 
2003/3/31,13:00,0.0, ,151920, ,10.99, ,0.00, ,99.3, 
2003/3/31,14:00,0.0, ,151970, ,11.21, ,0.00, ,99.3, 
2003/3/31,15:00,0.0, ,152020, ,15.76, ,0.00, ,99.3, 
2003/3/31,16:00,0.0, ,152070, ,11.99, ,16.00, ,99.4, 
2003/3/31,17:00,0.0, ,152070, ,24.19, ,28.30, ,99.4, 
2003/3/31,18:00,0.0, ,152020, ,20.91, ,41.90, ,99.3, 
2003/3/31,19:00,0.0, ,151920, ,11.37, ,43.60, ,99.3, 
2003/3/31,20:00,0.0, ,151810, ,13.62, ,31.90, ,99.2, 
2003/3/31,21:00,0.0, ,151710, ,11.69, ,0.00, ,99.1, 
2003/3/31,22:00,0.0, ,151710, ,1.16, ,0.00, ,99.1, 
2003/3/31,23:00,0.0, ,151710, ,0.00, ,0.00, ,99.1, 
2003/3/31,24:00,0.0, ,151760, ,14.20, ,0.00, ,98.5, 
