îCà”ä˙ä‘É_ÉÄèîó åüçıåãâ 
êÖånñº,ãgñÏêÏ
âÕêÏñº,ãgñÏêÏ
äœë™èäñº,ëÅñæâYÉ_ÉÄÅiã@ç\Åj
äœë™èäãLçÜ,1368080700010
#
#îNåéì˙,éûçè,ó¨àÊïΩãœâJó ,ó¨àÊïΩãœâJó ëÆê´,íôêÖó ,íôêÖó ëÆê´,ó¨ì¸ó ,ó¨ì¸ó ëÆê´,ï˙ó¨ó ,ï˙ó¨ó ëÆê´,íôêÖó¶,íôêÖó¶ëÆê´
#ëÆê´Å@$:åáë™ -:ñ¢éÛêM
#
2002/8/1,01:00,0.0, ,184800, ,13.78, ,0.00, ,99.1, 
2002/8/1,02:00,0.0, ,184850, ,20.09, ,0.00, ,99.1, 
2002/8/1,03:00,0.0, ,184850, ,5.50, ,0.00, ,99.1, 
2002/8/1,04:00,0.0, ,184910, ,15.69, ,0.00, ,99.1, 
2002/8/1,05:00,0.0, ,184970, ,1.21, ,0.00, ,99.2, 
2002/8/1,06:00,0.0, ,184970, ,15.49, ,29.30, ,99.2, 
2002/8/1,07:00,0.0, ,184970, ,15.68, ,56.00, ,99.2, 
2002/8/1,08:00,0.0, ,184800, ,21.16, ,56.50, ,99.1, 
2002/8/1,09:00,0.0, ,184620, ,9.63, ,56.80, ,99.0, 
2002/8/1,10:00,0.0, ,184510, ,15.22, ,56.20, ,98.9, 
2002/8/1,11:00,0.0, ,184330, ,16.33, ,56.40, ,98.8, 
2002/8/1,12:00,0.0, ,184210, ,15.66, ,56.40, ,98.7, 
2002/8/1,13:00,0.0, ,184160, ,16.18, ,52.60, ,98.7, 
2002/8/1,14:00,0.0, ,184040, ,16.97, ,56.40, ,98.6, 
2002/8/1,15:00,0.0, ,183810, ,13.19, ,56.40, ,98.5, 
2002/8/1,16:00,0.0, ,183690, ,15.48, ,56.50, ,98.4, 
2002/8/1,17:00,0.0, ,183520, ,14.61, ,57.20, ,98.3, 
2002/8/1,18:00,0.0, ,183400, ,16.64, ,56.70, ,98.2, 
2002/8/1,19:00,0.0, ,183290, ,18.44, ,56.40, ,98.2, 
2002/8/1,20:00,0.0, ,183110, ,15.73, ,56.60, ,98.1, 
2002/8/1,21:00,0.0, ,183000, ,16.10, ,56.60, ,98.0, 
2002/8/1,22:00,0.0, ,182820, ,13.04, ,47.60, ,97.9, 
2002/8/1,23:00,0.0, ,182710, ,14.00, ,26.90, ,97.8, 
2002/8/1,24:00,0.0, ,182650, ,17.38, ,18.60, ,97.8, 
2002/8/2,01:00,0.0, ,182650, ,4.29, ,18.30, ,97.8, 
2002/8/2,02:00,0.0, ,182590, ,11.61, ,18.30, ,97.8, 
2002/8/2,03:00,0.0, ,182590, ,8.95, ,18.20, ,97.8, 
2002/8/2,04:00,0.0, ,182530, ,2.71, ,0.00, ,97.7, 
2002/8/2,05:00,0.0, ,182530, ,1.32, ,0.00, ,97.7, 
2002/8/2,06:00,0.0, ,182530, ,0.04, ,29.70, ,97.7, 
2002/8/2,07:00,0.0, ,182530, ,15.21, ,46.60, ,97.7, 
2002/8/2,08:00,0.0, ,182360, ,19.65, ,55.20, ,97.6, 
2002/8/2,09:00,0.0, ,182190, ,10.26, ,55.30, ,97.5, 
2002/8/2,10:00,0.0, ,182070, ,11.53, ,55.40, ,97.5, 
2002/8/2,11:00,0.0, ,181900, ,15.94, ,55.50, ,97.4, 
2002/8/2,12:00,0.0, ,181780, ,14.85, ,35.40, ,97.3, 
2002/8/2,13:00,0.0, ,181730, ,12.37, ,55.40, ,97.3, 
2002/8/2,14:00,0.0, ,181610, ,18.43, ,55.50, ,97.2, 
2002/8/2,15:00,0.0, ,181440, ,15.82, ,55.40, ,97.1, 
2002/8/2,16:00,0.0, ,181320, ,15.41, ,55.50, ,97.0, 
2002/8/2,17:00,0.0, ,181150, ,12.75, ,55.30, ,96.9, 
2002/8/2,18:00,0.0, ,180980, ,15.09, ,55.40, ,96.8, 
2002/8/2,19:00,0.0, ,180860, ,14.72, ,55.30, ,96.8, 
2002/8/2,20:00,0.0, ,180690, ,14.93, ,55.70, ,96.7, 
2002/8/2,21:00,0.0, ,180580, ,15.55, ,55.70, ,96.6, 
2002/8/2,22:00,0.0, ,180410, ,12.45, ,55.70, ,96.5, 
2002/8/2,23:00,0.0, ,180290, ,16.65, ,36.80, ,96.5, 
2002/8/2,24:00,0.0, ,180180, ,12.07, ,29.00, ,96.4, 
2002/8/3,01:00,0.0, ,180120, ,7.95, ,28.40, ,96.4, 
2002/8/3,02:00,0.0, ,180060, ,9.18, ,18.50, ,96.3, 
2002/8/3,03:00,0.0, ,180000, ,9.07, ,18.30, ,96.3, 
2002/8/3,04:00,0.0, ,179950, ,9.80, ,18.20, ,96.3, 
2002/8/3,05:00,0.0, ,179950, ,6.40, ,18.10, ,96.3, 
2002/8/3,06:00,0.0, ,179890, ,9.89, ,26.90, ,96.2, 
2002/8/3,07:00,0.0, ,179830, ,8.97, ,48.50, ,96.2, 
2002/8/3,08:00,0.0, ,179660, ,5.40, ,54.30, ,96.1, 
2002/8/3,09:00,0.0, ,179490, ,11.13, ,57.00, ,96.0, 
2002/8/3,10:00,0.0, ,179320, ,10.32, ,56.90, ,95.9, 
2002/8/3,11:00,0.0, ,179150, ,11.62, ,54.40, ,95.8, 
2002/8/3,12:00,0.0, ,179030, ,14.67, ,54.30, ,95.7, 
2002/8/3,13:00,0.0, ,178860, ,13.93, ,57.10, ,95.6, 
2002/8/3,14:00,0.0, ,178750, ,18.14, ,57.30, ,95.6, 
2002/8/3,15:00,0.0, ,178580, ,15.27, ,54.20, ,95.5, 
2002/8/3,16:00,0.0, ,178460, ,13.67, ,54.30, ,95.4, 
2002/8/3,17:00,0.0, ,178290, ,12.77, ,57.30, ,95.3, 
2002/8/3,18:00,0.0, ,178120, ,13.21, ,57.10, ,95.2, 
2002/8/3,19:00,0.0, ,178010, ,14.75, ,54.60, ,95.1, 
2002/8/3,20:00,0.0, ,177840, ,13.42, ,31.40, ,95.0, 
2002/8/3,21:00,0.0, ,177780, ,15.80, ,26.40, ,95.0, 
2002/8/3,22:00,0.0, ,177780, ,13.92, ,26.40, ,95.0, 
2002/8/3,23:00,0.0, ,177670, ,11.70, ,43.80, ,94.9, 
2002/8/3,24:00,0.0, ,177610, ,11.09, ,40.90, ,94.9, 
2002/8/4,01:00,0.0, ,177440, ,14.08, ,41.30, ,94.8, 
2002/8/4,02:00,0.0, ,177330, ,5.79, ,41.20, ,94.7, 
2002/8/4,03:00,0.0, ,177210, ,10.08, ,23.60, ,94.7, 
2002/8/4,04:00,0.0, ,177160, ,6.88, ,20.70, ,94.6, 
2002/8/4,05:00,0.0, ,177160, ,5.23, ,18.50, ,94.6, 
2002/8/4,06:00,0.0, ,177100, ,6.09, ,27.10, ,94.6, 
2002/8/4,07:00,0.0, ,176990, ,10.73, ,48.00, ,94.5, 
2002/8/4,08:00,0.0, ,176820, ,4.93, ,54.80, ,94.4, 
2002/8/4,09:00,0.0, ,176650, ,7.66, ,57.40, ,94.3, 
2002/8/4,10:00,0.0, ,176530, ,13.01, ,54.50, ,94.3, 
2002/8/4,11:00,0.0, ,176360, ,13.11, ,57.80, ,94.2, 
2002/8/4,12:00,0.0, ,176250, ,15.67, ,54.40, ,94.1, 
2002/8/4,13:00,0.0, ,176020, ,11.63, ,57.40, ,94.0, 
2002/8/4,14:00,0.0, ,175910, ,12.11, ,54.90, ,93.9, 
2002/8/4,15:00,0.0, ,175740, ,12.75, ,57.60, ,93.8, 
2002/8/4,16:00,0.0, ,175570, ,14.73, ,54.90, ,93.7, 
2002/8/4,17:00,0.0, ,175460, ,15.33, ,54.70, ,93.7, 
2002/8/4,18:00,0.0, ,175290, ,11.58, ,54.70, ,93.6, 
2002/8/4,19:00,0.0, ,175120, ,10.26, ,57.40, ,93.5, 
2002/8/4,20:00,0.0, ,175010, ,19.91, ,54.60, ,93.4, 
2002/8/4,21:00,0.0, ,174840, ,12.97, ,57.50, ,93.3, 
2002/8/4,22:00,0.0, ,174730, ,16.20, ,29.00, ,93.2, 
2002/8/4,23:00,0.0, ,174670, ,15.19, ,31.30, ,93.2, 
2002/8/4,24:00,0.0, ,174610, ,11.84, ,29.00, ,93.2, 
2002/8/5,01:00,0.0, ,174560, ,14.19, ,28.80, ,93.1, 
2002/8/5,02:00,0.0, ,174440, ,6.44, ,20.40, ,93.1, 
2002/8/5,03:00,0.0, ,174390, ,9.78, ,18.60, ,93.0, 
2002/8/5,04:00,0.0, ,174390, ,3.99, ,18.60, ,93.0, 
2002/8/5,05:00,0.0, ,174330, ,5.80, ,18.60, ,93.0, 
2002/8/5,06:00,0.0, ,174270, ,7.71, ,27.70, ,93.0, 
2002/8/5,07:00,0.0, ,174160, ,4.52, ,30.30, ,92.9, 
2002/8/5,08:00,0.0, ,174050, ,4.61, ,51.50, ,92.8, 
2002/8/5,09:00,0.0, ,173940, ,6.83, ,55.90, ,92.8, 
2002/8/5,10:00,0.0, ,173770, ,13.51, ,56.50, ,92.7, 
2002/8/5,11:00,0.0, ,173600, ,12.04, ,56.30, ,92.6, 
2002/8/5,12:00,0.0, ,173430, ,14.83, ,56.50, ,92.5, 
2002/8/5,13:00,0.0, ,173260, ,12.96, ,56.60, ,92.4, 
2002/8/5,14:00,0.0, ,173150, ,14.55, ,56.70, ,92.3, 
2002/8/5,15:00,0.0, ,172980, ,13.88, ,56.60, ,92.2, 
2002/8/5,16:00,0.0, ,172820, ,12.57, ,56.60, ,92.1, 
2002/8/5,17:00,0.0, ,172650, ,15.95, ,56.40, ,92.0, 
2002/8/5,18:00,0.0, ,172540, ,11.54, ,56.70, ,92.0, 
2002/8/5,19:00,0.0, ,172370, ,13.30, ,56.60, ,91.9, 
2002/8/5,20:00,0.0, ,172200, ,12.59, ,52.20, ,91.8, 
2002/8/5,21:00,0.0, ,172090, ,15.56, ,31.40, ,91.7, 
2002/8/5,22:00,0.0, ,171980, ,14.34, ,31.70, ,91.6, 
2002/8/5,23:00,0.0, ,171920, ,10.69, ,31.60, ,91.6, 
2002/8/5,24:00,0.0, ,171870, ,13.31, ,40.30, ,91.6, 
2002/8/6,01:00,0.0, ,171750, ,11.80, ,41.80, ,91.5, 
2002/8/6,02:00,0.0, ,171640, ,10.50, ,41.70, ,91.5, 
2002/8/6,03:00,0.0, ,171590, ,3.92, ,20.80, ,91.4, 
2002/8/6,04:00,0.0, ,171530, ,7.33, ,18.50, ,91.4, 
2002/8/6,05:00,0.0, ,171480, ,2.45, ,18.50, ,91.4, 
2002/8/6,06:00,0.0, ,171420, ,6.99, ,28.20, ,91.3, 
2002/8/6,07:00,0.0, ,171310, ,7.71, ,30.40, ,91.3, 
2002/8/6,08:00,0.0, ,171200, ,1.35, ,50.70, ,91.2, 
2002/8/6,09:00,0.0, ,171090, ,5.52, ,56.90, ,91.1, 
2002/8/6,10:00,0.0, ,170920, ,13.02, ,56.50, ,91.0, 
2002/8/6,11:00,0.0, ,170750, ,11.81, ,56.80, ,90.9, 
2002/8/6,12:00,0.0, ,170580, ,15.21, ,56.70, ,90.8, 
2002/8/6,13:00,0.0, ,170420, ,11.79, ,56.90, ,90.7, 
2002/8/6,14:00,0.0, ,170250, ,10.70, ,56.50, ,90.6, 
2002/8/6,15:00,0.0, ,170090, ,15.60, ,56.90, ,90.6, 
2002/8/6,16:00,0.0, ,169970, ,11.50, ,56.80, ,90.5, 
2002/8/6,17:00,0.0, ,169810, ,15.21, ,56.80, ,90.4, 
2002/8/6,18:00,0.0, ,169640, ,13.83, ,57.10, ,90.3, 
2002/8/6,19:00,0.0, ,169480, ,15.52, ,57.10, ,90.2, 
2002/8/6,20:00,0.0, ,169360, ,13.64, ,56.80, ,90.1, 
2002/8/6,21:00,0.0, ,169200, ,12.98, ,57.30, ,90.0, 
2002/8/6,22:00,0.0, ,169030, ,11.38, ,57.20, ,89.9, 
2002/8/6,23:00,0.0, ,168870, ,12.85, ,51.70, ,89.8, 
2002/8/6,24:00,0.0, ,168700, ,14.00, ,58.30, ,89.8, 
2002/8/7,01:00,0.0, ,168540, ,10.52, ,58.80, ,89.7, 
2002/8/7,02:00,0.0, ,168370, ,8.68, ,58.60, ,89.6, 
2002/8/7,03:00,0.0, ,168150, ,8.08, ,58.40, ,89.4, 
2002/8/7,04:00,0.0, ,167980, ,4.45, ,34.60, ,89.3, 
2002/8/7,05:00,0.0, ,167870, ,6.33, ,40.40, ,89.3, 
2002/8/7,06:00,0.0, ,167760, ,3.51, ,57.60, ,89.2, 
2002/8/7,07:00,0.0, ,167540, ,5.94, ,34.80, ,89.1, 
2002/8/7,08:00,0.0, ,167540, ,2.25, ,0.00, ,89.1, 
2002/8/7,09:00,0.0, ,167540, ,0.05, ,0.00, ,89.1, 
2002/8/7,10:00,0.0, ,167540, ,0.00, ,11.50, ,89.1, 
2002/8/7,11:00,0.0, ,167540, ,14.94, ,59.10, ,89.1, 
2002/8/7,12:00,0.0, ,167380, ,28.04, ,58.90, ,89.0, 
2002/8/7,13:00,0.0, ,167210, ,13.49, ,58.90, ,88.9, 
2002/8/7,14:00,0.0, ,167050, ,12.69, ,58.80, ,88.8, 
2002/8/7,15:00,0.0, ,166880, ,11.95, ,58.90, ,88.7, 
2002/8/7,16:00,0.0, ,166720, ,12.57, ,59.00, ,88.6, 
2002/8/7,17:00,0.0, ,166550, ,15.41, ,58.90, ,88.5, 
2002/8/7,18:00,0.0, ,166390, ,14.50, ,58.70, ,88.4, 
2002/8/7,19:00,0.0, ,166230, ,13.52, ,59.60, ,88.3, 
2002/8/7,20:00,0.0, ,166060, ,13.01, ,60.40, ,88.2, 
2002/8/7,21:00,0.0, ,165900, ,13.40, ,60.50, ,88.1, 
2002/8/7,22:00,0.0, ,165730, ,13.66, ,60.50, ,88.0, 
2002/8/7,23:00,0.0, ,165570, ,13.39, ,60.70, ,87.9, 
2002/8/7,24:00,0.0, ,165510, ,19.43, ,29.50, ,87.9, 
2002/8/8,01:00,0.3, ,165460, ,12.85, ,30.60, ,87.9, 
2002/8/8,02:00,0.7, ,165410, ,10.03, ,25.40, ,87.8, 
2002/8/8,03:00,0.0, ,165300, ,5.41, ,19.70, ,87.8, 
2002/8/8,04:00,0.3, ,165240, ,7.33, ,18.50, ,87.8, 
2002/8/8,05:00,0.0, ,165240, ,4.66, ,18.70, ,87.8, 
2002/8/8,06:00,0.0, ,165130, ,6.17, ,29.00, ,87.7, 
2002/8/8,07:00,0.0, ,165080, ,3.67, ,29.30, ,87.7, 
2002/8/8,08:00,0.2, ,164970, ,6.41, ,38.50, ,87.6, 
2002/8/8,09:00,0.0, ,164860, ,5.03, ,57.70, ,87.5, 
2002/8/8,10:00,0.3, ,164700, ,9.26, ,57.60, ,87.4, 
2002/8/8,11:00,0.0, ,164590, ,22.60, ,57.80, ,87.4, 
2002/8/8,12:00,0.9, ,164420, ,10.85, ,34.10, ,87.3, 
2002/8/8,13:00,0.3, ,164370, ,15.19, ,38.30, ,87.2, 
2002/8/8,14:00,0.2, ,164260, ,19.10, ,57.80, ,87.2, 
2002/8/8,15:00,0.7, ,164040, ,16.02, ,58.20, ,87.1, 
2002/8/8,16:00,0.0, ,163990, ,16.54, ,56.40, ,87.0, 
2002/8/8,17:00,0.0, ,163830, ,20.00, ,27.20, ,86.9, 
2002/8/8,18:00,0.3, ,163770, ,17.14, ,23.60, ,86.9, 
2002/8/8,19:00,0.3, ,163770, ,18.05, ,23.30, ,86.9, 
2002/8/8,20:00,0.6, ,163770, ,23.35, ,23.20, ,86.9, 
2002/8/8,21:00,0.7, ,163830, ,31.86, ,23.20, ,86.9, 
2002/8/8,22:00,0.0, ,163830, ,29.84, ,10.00, ,86.9, 
2002/8/8,23:00,0.6, ,163940, ,25.02, ,0.00, ,87.0, 
2002/8/8,24:00,2.1, ,163990, ,25.39, ,0.00, ,87.0, 
2002/8/9,01:00,0.2, ,164100, ,25.42, ,0.00, ,87.1, 
2002/8/9,02:00,0.6, ,164210, ,22.34, ,0.00, ,87.2, 
2002/8/9,03:00,2.4, ,164320, ,30.17, ,0.00, ,87.2, 
2002/8/9,04:00,4.8, ,164420, ,30.49, ,0.00, ,87.3, 
2002/8/9,05:00,1.3, ,164480, ,25.72, ,0.00, ,87.3, 
2002/8/9,06:00,0.6, ,164590, ,24.06, ,0.00, ,87.4, 
2002/8/9,07:00,0.1, ,164640, ,22.76, ,0.00, ,87.4, 
2002/8/9,08:00,0.1, ,164750, ,24.20, ,0.00, ,87.5, 
2002/8/9,09:00,0.0, ,164810, ,20.68, ,0.00, ,87.5, 
2002/8/9,10:00,0.0, ,164860, ,20.08, ,0.00, ,87.5, 
2002/8/9,11:00,0.2, ,164970, ,19.15, ,0.00, ,87.6, 
2002/8/9,12:00,0.4, ,165020, ,22.89, ,0.00, ,87.6, 
2002/8/9,13:00,0.7, ,165130, ,24.12, ,0.00, ,87.7, 
2002/8/9,14:00,0.5, ,165190, ,21.14, ,0.00, ,87.7, 
2002/8/9,15:00,2.1, ,165350, ,31.44, ,0.00, ,87.8, 
2002/8/9,16:00,1.5, ,165460, ,32.56, ,0.00, ,87.9, 
2002/8/9,17:00,0.9, ,165570, ,32.12, ,0.00, ,87.9, 
2002/8/9,18:00,2.2, ,165790, ,47.65, ,0.00, ,88.1, 
2002/8/9,19:00,2.8, ,166010, ,64.23, ,0.00, ,88.2, 
2002/8/9,20:00,1.3, ,166230, ,62.71, ,0.00, ,88.3, 
2002/8/9,21:00,0.6, ,166440, ,59.13, ,0.00, ,88.4, 
2002/8/9,22:00,0.8, ,166720, ,68.49, ,0.00, ,88.6, 
2002/8/9,23:00,0.4, ,167050, ,74.14, ,0.00, ,88.8, 
2002/8/9,24:00,0.3, ,167270, ,84.41, ,0.00, ,88.8, 
2002/8/10,01:00,0.0, ,167600, ,78.66, ,0.00, ,89.0, 
2002/8/10,02:00,0.6, ,167870, ,79.73, ,0.00, ,89.1, 
2002/8/10,03:00,0.0, ,168310, ,95.45, ,0.00, ,89.4, 
2002/8/10,04:00,0.6, ,168700, ,116.29, ,0.00, ,89.6, 
2002/8/10,05:00,0.5, ,169090, ,112.73, ,0.00, ,89.8, 
2002/8/10,06:00,0.5, ,169480, ,106.81, ,0.00, ,90.0, 
2002/8/10,07:00,0.9, ,169810, ,105.30, ,0.00, ,90.2, 
2002/8/10,08:00,0.6, ,170200, ,96.44, ,0.00, ,90.5, 
2002/8/10,09:00,1.2, ,170470, ,90.76, ,0.00, ,90.6, 
2002/8/10,10:00,0.8, ,170810, ,84.81, ,0.00, ,90.8, 
2002/8/10,11:00,2.8, ,171140, ,83.43, ,0.00, ,91.0, 
2002/8/10,12:00,1.2, ,171530, ,97.08, ,0.00, ,91.2, 
2002/8/10,13:00,1.9, ,171920, ,112.63, ,0.00, ,91.5, 
2002/8/10,14:00,1.1, ,172420, ,121.82, ,0.00, ,91.7, 
2002/8/10,15:00,0.6, ,173040, ,155.97, ,0.00, ,92.1, 
2002/8/10,16:00,2.0, ,173880, ,212.63, ,0.00, ,92.6, 
2002/8/10,17:00,0.8, ,174560, ,205.08, ,0.00, ,93.0, 
2002/8/10,18:00,0.2, ,175120, ,179.13, ,29.90, ,93.3, 
2002/8/10,19:00,0.0, ,175740, ,180.98, ,30.00, ,93.7, 
2002/8/10,20:00,0.3, ,176360, ,194.96, ,29.90, ,94.0, 
2002/8/10,21:00,0.1, ,177040, ,214.75, ,29.80, ,94.4, 
2002/8/10,22:00,0.2, ,177670, ,210.43, ,32.40, ,94.8, 
2002/8/10,23:00,0.2, ,178180, ,189.07, ,29.70, ,95.1, 
2002/8/10,24:00,0.3, ,178690, ,175.08, ,30.00, ,95.6, 
2002/8/11,01:00,0.0, ,179260, ,161.12, ,0.00, ,96.0, 
2002/8/11,02:00,0.0, ,179720, ,142.66, ,0.00, ,96.2, 
2002/8/11,03:00,0.9, ,180120, ,127.70, ,0.00, ,96.5, 
2002/8/11,04:00,0.7, ,180520, ,110.17, ,0.00, ,96.7, 
2002/8/11,05:00,0.6, ,180920, ,106.93, ,0.00, ,96.9, 
2002/8/11,06:00,0.0, ,181270, ,99.78, ,0.00, ,97.1, 
2002/8/11,07:00,0.0, ,181610, ,96.75, ,0.00, ,97.3, 
2002/8/11,08:00,0.0, ,181960, ,92.66, ,0.00, ,97.5, 
2002/8/11,09:00,0.0, ,182250, ,86.99, ,21.20, ,97.7, 
2002/8/11,10:00,0.3, ,182480, ,88.35, ,27.30, ,97.8, 
2002/8/11,11:00,0.1, ,182650, ,83.15, ,41.90, ,97.9, 
2002/8/11,12:00,0.0, ,182710, ,74.14, ,56.70, ,97.9, 
2002/8/11,13:00,0.9, ,182820, ,71.20, ,56.40, ,98.0, 
2002/8/11,14:00,0.0, ,182820, ,75.83, ,57.00, ,98.0, 
2002/8/11,15:00,0.1, ,182880, ,57.55, ,56.70, ,98.0, 
2002/8/11,16:00,0.0, ,182880, ,71.46, ,56.80, ,98.0, 
2002/8/11,17:00,0.0, ,182880, ,56.09, ,56.50, ,98.0, 
2002/8/11,18:00,0.0, ,182880, ,56.57, ,56.30, ,98.0, 
2002/8/11,19:00,2.4, ,182880, ,56.60, ,56.70, ,98.0, 
2002/8/11,20:00,0.2, ,182940, ,59.44, ,36.30, ,98.1, 
2002/8/11,21:00,0.0, ,183050, ,70.85, ,13.20, ,98.1, 
2002/8/11,22:00,0.0, ,183400, ,86.70, ,0.00, ,98.3, 
2002/8/11,23:00,0.5, ,183690, ,88.28, ,0.00, ,98.5, 
2002/8/11,24:00,0.2, ,183980, ,82.75, ,0.00, ,99.6, 
2002/8/12,01:00,0.0, ,184270, ,74.36, ,0.00, ,99.8, 
2002/8/12,02:00,0.0, ,184510, ,66.03, ,0.00, ,99.9, 
2002/8/12,03:00,0.0, ,184680, ,60.85, ,0.00, ,100.0, 
2002/8/12,04:00,0.0, ,184910, ,59.03, ,0.00, ,100.0, 
2002/8/12,05:00,0.0, ,185150, ,57.67, ,0.00, ,100.0, 
2002/8/12,06:00,0.0, ,185320, ,57.69, ,0.00, ,100.0, 
2002/8/12,07:00,0.0, ,185500, ,53.69, ,0.00, ,100.0, 
2002/8/12,08:00,0.0, ,185730, ,52.54, ,0.00, ,100.0, 
2002/8/12,09:00,0.0, ,185850, ,51.27, ,21.60, ,100.0, 
2002/8/12,10:00,0.0, ,185960, ,48.32, ,56.50, ,100.0, 
2002/8/12,11:00,0.0, ,185960, ,59.87, ,55.90, ,100.0, 
2002/8/12,12:00,0.0, ,185960, ,56.24, ,29.40, ,100.0, 
2002/8/12,13:00,0.0, ,185960, ,43.57, ,53.50, ,100.0, 
2002/8/12,14:00,0.0, ,185960, ,42.07, ,50.90, ,100.0, 
2002/8/12,15:00,0.0, ,185960, ,51.04, ,52.20, ,100.0, 
2002/8/12,16:00,0.0, ,185900, ,44.14, ,52.30, ,100.0, 
2002/8/12,17:00,0.0, ,185900, ,43.95, ,52.20, ,100.0, 
2002/8/12,18:00,0.0, ,185850, ,48.85, ,52.20, ,100.0, 
2002/8/12,19:00,0.0, ,185850, ,39.33, ,52.30, ,100.0, 
2002/8/12,20:00,0.0, ,185790, ,37.91, ,52.10, ,100.0, 
2002/8/12,21:00,0.0, ,185790, ,33.05, ,18.20, ,100.0, 
2002/8/12,22:00,0.0, ,185900, ,31.87, ,18.40, ,100.0, 
2002/8/12,23:00,0.0, ,185900, ,37.94, ,20.60, ,100.0, 
2002/8/12,24:00,0.0, ,186020, ,37.08, ,6.00, ,100.0, 
2002/8/13,01:00,0.0, ,186140, ,33.40, ,0.00, ,100.0, 
2002/8/13,02:00,0.0, ,186250, ,33.27, ,0.00, ,100.0, 
2002/8/13,03:00,0.0, ,186370, ,36.01, ,0.00, ,100.0, 
2002/8/13,04:00,0.0, ,186490, ,39.21, ,0.00, ,100.0, 
2002/8/13,05:00,0.0, ,186600, ,29.91, ,0.00, ,100.0, 
2002/8/13,06:00,0.0, ,186720, ,33.11, ,0.00, ,100.0, 
2002/8/13,07:00,0.0, ,186840, ,34.20, ,0.00, ,100.0, 
2002/8/13,08:00,0.0, ,186960, ,31.23, ,0.00, ,100.0, 
2002/8/13,09:00,0.0, ,187070, ,34.61, ,20.80, ,100.0, 
2002/8/13,10:00,0.0, ,187130, ,27.11, ,46.50, ,100.0, 
2002/8/13,11:00,0.0, ,187070, ,50.94, ,51.80, ,100.0, 
2002/8/13,12:00,0.0, ,187010, ,31.65, ,28.30, ,100.0, 
2002/8/13,13:00,0.0, ,187010, ,31.18, ,55.90, ,100.0, 
2002/8/13,14:00,0.0, ,186960, ,33.35, ,56.20, ,100.0, 
2002/8/13,15:00,0.0, ,186840, ,29.62, ,56.60, ,100.0, 
2002/8/13,16:00,0.0, ,186780, ,33.25, ,53.60, ,100.0, 
2002/8/13,17:00,0.0, ,186660, ,28.41, ,53.40, ,100.0, 
2002/8/13,18:00,0.0, ,186600, ,31.06, ,53.40, ,100.0, 
2002/8/13,19:00,0.0, ,186490, ,26.67, ,49.60, ,100.0, 
2002/8/13,20:00,0.0, ,186430, ,30.62, ,25.80, ,100.0, 
2002/8/13,21:00,0.0, ,186430, ,24.75, ,20.20, ,100.0, 
2002/8/13,22:00,0.0, ,186430, ,19.51, ,18.20, ,100.0, 
2002/8/13,23:00,0.0, ,186490, ,28.61, ,18.30, ,100.0, 
2002/8/13,24:00,0.0, ,186490, ,24.16, ,6.20, ,100.0, 
2002/8/14,01:00,0.0, ,186600, ,30.41, ,0.00, ,100.0, 
2002/8/14,02:00,0.0, ,186720, ,24.48, ,0.00, ,100.0, 
2002/8/14,03:00,0.0, ,186840, ,29.17, ,0.00, ,100.0, 
2002/8/14,04:00,0.0, ,186900, ,28.42, ,0.00, ,100.0, 
2002/8/14,05:00,0.0, ,187010, ,28.10, ,0.00, ,100.0, 
2002/8/14,06:00,0.0, ,187130, ,24.64, ,0.00, ,100.0, 
2002/8/14,07:00,0.0, ,187190, ,28.38, ,0.00, ,100.0, 
2002/8/14,08:00,0.0, ,187310, ,25.08, ,0.00, ,100.0, 
2002/8/14,09:00,0.0, ,187370, ,25.72, ,28.30, ,100.0, 
2002/8/14,10:00,0.0, ,187420, ,23.56, ,47.80, ,100.0, 
2002/8/14,11:00,0.0, ,187370, ,49.42, ,52.10, ,100.0, 
2002/8/14,12:00,0.2, ,187310, ,29.64, ,28.40, ,100.0, 
2002/8/14,13:00,1.5, ,187310, ,32.37, ,48.00, ,100.0, 
2002/8/14,14:00,2.3, ,187190, ,23.36, ,55.80, ,100.0, 
2002/8/14,15:00,0.0, ,187070, ,29.54, ,56.10, ,100.0, 
2002/8/14,16:00,0.0, ,187010, ,28.79, ,53.50, ,100.0, 
2002/8/14,17:00,0.0, ,186900, ,27.57, ,53.30, ,100.0, 
2002/8/14,18:00,0.0, ,186780, ,23.11, ,53.40, ,100.0, 
2002/8/14,19:00,0.0, ,186720, ,26.69, ,46.60, ,100.0, 
2002/8/14,20:00,0.0, ,186600, ,28.28, ,20.60, ,100.0, 
2002/8/14,21:00,0.0, ,186600, ,16.69, ,20.40, ,100.0, 
2002/8/14,22:00,0.0, ,186600, ,19.56, ,18.10, ,100.0, 
2002/8/14,23:00,0.0, ,186660, ,23.82, ,18.30, ,100.0, 
2002/8/14,24:00,0.0, ,186660, ,28.90, ,0.00, ,100.0, 
2002/8/15,01:00,0.5, ,186780, ,26.00, ,0.00, ,100.0, 
2002/8/15,02:00,0.2, ,186840, ,24.22, ,0.00, ,100.0, 
2002/8/15,03:00,0.1, ,186960, ,26.28, ,0.00, ,100.0, 
2002/8/15,04:00,0.0, ,187010, ,23.60, ,0.00, ,100.0, 
2002/8/15,05:00,0.5, ,187130, ,28.13, ,0.00, ,100.0, 
2002/8/15,06:00,0.1, ,187250, ,29.09, ,0.00, ,100.0, 
2002/8/15,07:00,0.1, ,187370, ,34.70, ,0.00, ,100.0, 
2002/8/15,08:00,0.0, ,187480, ,28.67, ,0.00, ,100.0, 
2002/8/15,09:00,0.0, ,187600, ,34.14, ,28.20, ,100.0, 
2002/8/15,10:00,0.0, ,187660, ,39.62, ,46.90, ,100.0, 
2002/8/15,11:00,0.0, ,187660, ,45.43, ,50.60, ,100.0, 
2002/8/15,12:00,0.0, ,187600, ,40.11, ,32.30, ,100.0, 
2002/8/15,13:00,0.0, ,187600, ,34.27, ,48.20, ,100.0, 
2002/8/15,14:00,0.0, ,187540, ,32.87, ,56.10, ,100.0, 
2002/8/15,15:00,0.0, ,187420, ,33.63, ,56.00, ,100.0, 
2002/8/15,16:00,0.0, ,187370, ,30.81, ,53.50, ,100.0, 
2002/8/15,17:00,0.0, ,187250, ,31.33, ,53.20, ,100.0, 
2002/8/15,18:00,0.0, ,187190, ,29.04, ,53.30, ,100.0, 
2002/8/15,19:00,0.0, ,187070, ,28.33, ,49.30, ,100.0, 
2002/8/15,20:00,0.0, ,187010, ,27.97, ,26.10, ,100.0, 
2002/8/15,21:00,0.0, ,187010, ,22.11, ,20.30, ,100.0, 
2002/8/15,22:00,0.0, ,187010, ,19.60, ,18.30, ,100.0, 
2002/8/15,23:00,0.0, ,187070, ,24.22, ,18.40, ,100.0, 
2002/8/15,24:00,0.0, ,187070, ,28.60, ,18.10, ,100.0, 
2002/8/16,01:00,0.0, ,187130, ,24.92, ,18.70, ,100.0, 
2002/8/16,02:00,0.0, ,187130, ,28.29, ,6.70, ,100.0, 
2002/8/16,03:00,0.0, ,187250, ,29.17, ,0.00, ,100.0, 
2002/8/16,04:00,0.0, ,187310, ,21.10, ,0.00, ,100.0, 
2002/8/16,05:00,0.0, ,187420, ,25.95, ,0.00, ,100.0, 
2002/8/16,06:00,0.0, ,187480, ,24.36, ,0.00, ,100.0, 
2002/8/16,07:00,0.0, ,187600, ,27.34, ,28.10, ,100.0, 
2002/8/16,08:00,0.0, ,187600, ,26.02, ,56.00, ,100.0, 
2002/8/16,09:00,0.0, ,187540, ,37.59, ,56.80, ,100.0, 
2002/8/16,10:00,0.0, ,187420, ,26.72, ,56.60, ,100.0, 
2002/8/16,11:00,0.0, ,187310, ,23.11, ,56.60, ,100.0, 
2002/8/16,12:00,0.0, ,187190, ,25.39, ,56.90, ,100.0, 
2002/8/16,13:00,0.0, ,187070, ,25.19, ,56.90, ,100.0, 
2002/8/16,14:00,0.0, ,186960, ,20.03, ,56.60, ,99.9, 
2002/8/16,15:00,0.0, ,186840, ,31.62, ,56.80, ,99.9, 
2002/8/16,16:00,0.0, ,186780, ,29.51, ,56.70, ,99.8, 
2002/8/16,17:00,0.0, ,186660, ,25.25, ,56.70, ,99.8, 
2002/8/16,18:00,0.0, ,186550, ,30.64, ,56.60, ,99.7, 
2002/8/16,19:00,0.0, ,186430, ,31.57, ,56.90, ,99.6, 
2002/8/16,20:00,0.0, ,186310, ,24.70, ,57.00, ,99.6, 
2002/8/16,21:00,0.0, ,186250, ,25.30, ,57.00, ,99.5, 
2002/8/16,22:00,0.0, ,186140, ,28.56, ,56.90, ,99.5, 
2002/8/16,23:00,0.0, ,186020, ,30.42, ,56.70, ,99.4, 
2002/8/16,24:00,0.0, ,185900, ,21.84, ,34.60, ,100.0, 
2002/8/17,01:00,0.0, ,185900, ,28.65, ,20.00, ,100.0, 
2002/8/17,02:00,0.0, ,185900, ,23.16, ,6.00, ,100.0, 
2002/8/17,03:00,0.0, ,185900, ,9.10, ,0.00, ,100.0, 
2002/8/17,04:00,0.0, ,186020, ,18.94, ,0.00, ,100.0, 
2002/8/17,05:00,0.0, ,186080, ,23.81, ,0.00, ,100.0, 
2002/8/17,06:00,0.0, ,186140, ,21.06, ,0.00, ,100.0, 
2002/8/17,07:00,0.0, ,186250, ,19.02, ,28.40, ,100.0, 
2002/8/17,08:00,0.0, ,186250, ,28.53, ,45.80, ,100.0, 
2002/8/17,09:00,0.0, ,186200, ,32.62, ,56.20, ,100.0, 
2002/8/17,10:00,0.0, ,186020, ,20.95, ,56.40, ,100.0, 
2002/8/17,11:00,0.0, ,185900, ,22.62, ,56.10, ,100.0, 
2002/8/17,12:00,0.0, ,185790, ,20.08, ,56.40, ,99.9, 
2002/8/17,13:00,0.0, ,185670, ,22.52, ,56.30, ,99.9, 
2002/8/17,14:00,0.0, ,185500, ,15.10, ,56.50, ,99.8, 
2002/8/17,15:00,0.0, ,185320, ,16.45, ,56.50, ,99.7, 
2002/8/17,16:00,0.0, ,185200, ,12.79, ,56.50, ,99.6, 
2002/8/17,17:00,0.0, ,185030, ,11.92, ,56.70, ,99.5, 
2002/8/17,18:00,0.0, ,184850, ,15.07, ,56.40, ,99.4, 
2002/8/17,19:00,0.0, ,184740, ,11.99, ,56.20, ,99.3, 
2002/8/17,20:00,0.0, ,184560, ,13.77, ,56.20, ,99.2, 
2002/8/17,21:00,0.0, ,184390, ,13.18, ,56.20, ,99.1, 
2002/8/17,22:00,0.0, ,184270, ,11.27, ,56.40, ,99.0, 
2002/8/17,23:00,0.0, ,184100, ,13.87, ,56.50, ,98.9, 
2002/8/17,24:00,0.0, ,183920, ,10.95, ,32.30, ,100.0, 
2002/8/18,01:00,0.0, ,183920, ,3.12, ,0.00, ,100.0, 
2002/8/18,02:00,0.0, ,183920, ,0.00, ,0.00, ,100.0, 
2002/8/18,03:00,0.0, ,183920, ,0.00, ,0.00, ,100.0, 
2002/8/18,04:00,0.0, ,183980, ,13.61, ,0.00, ,100.0, 
2002/8/18,05:00,0.0, ,184040, ,4.96, ,0.00, ,100.0, 
2002/8/18,06:00,0.0, ,184040, ,13.77, ,0.00, ,100.0, 
2002/8/18,07:00,0.0, ,184040, ,0.01, ,20.80, ,100.0, 
2002/8/18,08:00,0.0, ,184040, ,27.62, ,26.10, ,100.0, 
2002/8/18,09:00,0.1, ,183920, ,8.88, ,56.20, ,100.0, 
2002/8/18,10:00,0.0, ,183750, ,17.80, ,56.20, ,99.9, 
2002/8/18,11:00,0.2, ,183630, ,17.64, ,56.40, ,99.8, 
2002/8/18,12:00,0.0, ,183460, ,15.72, ,56.50, ,99.7, 
2002/8/18,13:00,0.0, ,183290, ,16.59, ,56.70, ,99.6, 
2002/8/18,14:00,0.0, ,183230, ,16.12, ,56.80, ,99.6, 
2002/8/18,15:00,0.0, ,183050, ,15.80, ,56.80, ,99.5, 
2002/8/18,16:00,0.0, ,182880, ,19.82, ,56.50, ,99.4, 
2002/8/18,17:00,0.0, ,182770, ,13.39, ,56.30, ,99.3, 
2002/8/18,18:00,0.2, ,182590, ,20.86, ,56.50, ,99.2, 
2002/8/18,19:00,0.0, ,182480, ,10.07, ,56.60, ,99.1, 
2002/8/18,20:00,0.0, ,182300, ,14.93, ,56.90, ,99.0, 
2002/8/18,21:00,0.0, ,182190, ,20.90, ,57.10, ,99.0, 
2002/8/18,22:00,0.0, ,182020, ,12.34, ,55.80, ,98.9, 
2002/8/18,23:00,0.0, ,181900, ,18.02, ,56.80, ,98.8, 
2002/8/18,24:00,0.0, ,181730, ,15.09, ,31.50, ,100.0, 
2002/8/19,01:00,0.0, ,181730, ,15.77, ,22.80, ,100.0, 
2002/8/19,02:00,0.0, ,181670, ,13.55, ,0.00, ,100.0, 
2002/8/19,03:00,0.0, ,181670, ,8.61, ,0.00, ,100.0, 
2002/8/19,04:00,0.0, ,181730, ,9.47, ,0.00, ,100.0, 
2002/8/19,05:00,0.0, ,181730, ,3.10, ,0.00, ,100.0, 
2002/8/19,06:00,0.0, ,181780, ,2.91, ,0.00, ,100.0, 
2002/8/19,07:00,0.0, ,181780, ,11.59, ,15.40, ,100.0, 
2002/8/19,08:00,0.3, ,181730, ,4.88, ,24.00, ,100.0, 
2002/8/19,09:00,0.0, ,181670, ,9.47, ,48.80, ,100.0, 
2002/8/19,10:00,0.0, ,181550, ,17.50, ,57.40, ,99.9, 
2002/8/19,11:00,0.0, ,181380, ,19.95, ,57.30, ,99.8, 
2002/8/19,12:00,0.0, ,181270, ,14.65, ,57.40, ,99.7, 
2002/8/19,13:00,0.0, ,181090, ,12.74, ,57.90, ,99.6, 
2002/8/19,14:00,0.0, ,180920, ,15.34, ,57.40, ,99.5, 
2002/8/19,15:00,0.0, ,180810, ,19.64, ,57.40, ,99.4, 
2002/8/19,16:00,0.0, ,180640, ,13.28, ,57.50, ,99.3, 
2002/8/19,17:00,0.0, ,180520, ,18.30, ,58.10, ,99.3, 
2002/8/19,18:00,0.0, ,180350, ,14.38, ,57.60, ,99.2, 
2002/8/19,19:00,0.0, ,180230, ,20.28, ,57.80, ,99.1, 
2002/8/19,20:00,0.0, ,180060, ,12.42, ,57.40, ,99.0, 
2002/8/19,21:00,0.0, ,179890, ,22.12, ,57.40, ,98.9, 
2002/8/19,22:00,0.0, ,179830, ,14.45, ,21.80, ,98.9, 
2002/8/19,23:00,0.0, ,179830, ,10.57, ,20.90, ,98.9, 
2002/8/19,24:00,0.0, ,179830, ,19.76, ,18.40, ,99.8, 
2002/8/20,01:00,0.0, ,179780, ,11.21, ,18.40, ,99.8, 
2002/8/20,02:00,0.0, ,179780, ,9.63, ,6.40, ,99.8, 
2002/8/20,03:00,0.0, ,179780, ,9.04, ,0.00, ,99.8, 
2002/8/20,04:00,0.0, ,179780, ,0.00, ,0.00, ,99.8, 
2002/8/20,05:00,0.0, ,179830, ,1.24, ,0.00, ,99.8, 
2002/8/20,06:00,0.0, ,179830, ,14.65, ,0.00, ,99.8, 
2002/8/20,07:00,0.0, ,179830, ,0.02, ,18.70, ,99.8, 
2002/8/20,08:00,0.0, ,179830, ,12.14, ,28.00, ,99.8, 
2002/8/20,09:00,0.0, ,179720, ,14.48, ,48.90, ,99.8, 
2002/8/20,10:00,0.0, ,179600, ,10.99, ,57.50, ,99.7, 
2002/8/20,11:00,0.0, ,179430, ,14.37, ,58.40, ,99.6, 
2002/8/20,12:00,0.0, ,179260, ,12.90, ,58.40, ,99.5, 
2002/8/20,13:00,0.0, ,179150, ,15.22, ,58.70, ,99.4, 
2002/8/20,14:00,0.0, ,178980, ,11.53, ,58.50, ,99.3, 
2002/8/20,15:00,0.0, ,178810, ,17.83, ,58.30, ,99.2, 
2002/8/20,16:00,0.0, ,178630, ,16.62, ,58.50, ,99.1, 
2002/8/20,17:00,0.0, ,178520, ,16.45, ,58.00, ,99.0, 
2002/8/20,18:00,0.0, ,178350, ,16.32, ,58.10, ,98.9, 
2002/8/20,19:00,0.0, ,178180, ,15.16, ,57.60, ,98.8, 
2002/8/20,20:00,0.0, ,178010, ,12.79, ,47.20, ,98.7, 
2002/8/20,21:00,0.0, ,177890, ,13.94, ,46.20, ,98.7, 
2002/8/20,22:00,0.0, ,177780, ,14.47, ,46.50, ,98.6, 
2002/8/20,23:00,0.0, ,177670, ,12.42, ,27.70, ,98.5, 
2002/8/20,24:00,0.0, ,177670, ,18.18, ,19.80, ,99.5, 
2002/8/21,01:00,0.0, ,177610, ,7.30, ,19.50, ,99.5, 
2002/8/21,02:00,0.0, ,177550, ,10.12, ,19.50, ,99.4, 
2002/8/21,03:00,0.0, ,177500, ,7.81, ,0.00, ,99.4, 
2002/8/21,04:00,0.0, ,177500, ,0.93, ,0.00, ,99.4, 
2002/8/21,05:00,0.0, ,177500, ,0.00, ,0.00, ,99.4, 
2002/8/21,06:00,0.0, ,177550, ,6.04, ,15.20, ,99.4, 
2002/8/21,07:00,0.0, ,177550, ,19.45, ,26.80, ,99.4, 
2002/8/21,08:00,0.0, ,177440, ,5.54, ,28.80, ,99.4, 
2002/8/21,09:00,0.0, ,177270, ,5.78, ,53.20, ,99.3, 
2002/8/21,10:00,0.0, ,177100, ,16.29, ,58.00, ,99.2, 
2002/8/21,11:00,0.0, ,176990, ,12.76, ,58.10, ,99.1, 
2002/8/21,12:00,0.0, ,176820, ,15.65, ,57.90, ,99.0, 
2002/8/21,13:00,0.0, ,176650, ,13.72, ,58.20, ,98.9, 
2002/8/21,14:00,0.0, ,176480, ,14.49, ,58.40, ,98.8, 
2002/8/21,15:00,0.0, ,176360, ,14.95, ,58.60, ,98.7, 
2002/8/21,16:00,0.0, ,176190, ,13.39, ,58.00, ,98.6, 
2002/8/21,17:00,0.0, ,176020, ,15.11, ,59.10, ,98.5, 
2002/8/21,18:00,0.0, ,175850, ,13.51, ,59.20, ,98.4, 
2002/8/21,19:00,0.0, ,175680, ,13.94, ,59.20, ,98.3, 
2002/8/21,20:00,0.0, ,175510, ,13.17, ,59.00, ,98.2, 
2002/8/21,21:00,0.0, ,175400, ,16.39, ,59.10, ,98.1, 
2002/8/21,22:00,0.0, ,175230, ,12.97, ,59.00, ,98.0, 
2002/8/21,23:00,0.0, ,175060, ,14.89, ,45.20, ,97.9, 
2002/8/21,24:00,0.0, ,174950, ,15.14, ,24.20, ,98.8, 
2002/8/22,01:00,0.0, ,174890, ,12.70, ,18.50, ,98.8, 
2002/8/22,02:00,0.0, ,174890, ,4.02, ,18.50, ,98.8, 
2002/8/22,03:00,0.0, ,174840, ,14.29, ,6.80, ,98.8, 
2002/8/22,04:00,0.0, ,174840, ,0.59, ,0.00, ,98.8, 
2002/8/22,05:00,0.0, ,174840, ,0.00, ,0.00, ,98.8, 
2002/8/22,06:00,0.0, ,174840, ,0.00, ,0.00, ,98.8, 
2002/8/22,07:00,0.0, ,174840, ,0.03, ,21.70, ,98.8, 
2002/8/22,08:00,0.0, ,174840, ,16.23, ,30.30, ,98.8, 
2002/8/22,09:00,0.0, ,174730, ,18.31, ,57.60, ,98.7, 
2002/8/22,10:00,0.0, ,174610, ,10.29, ,57.90, ,98.6, 
2002/8/22,11:00,0.0, ,174440, ,12.33, ,58.10, ,98.5, 
2002/8/22,12:00,0.0, ,174270, ,13.26, ,58.20, ,98.4, 
2002/8/22,13:00,0.0, ,174110, ,16.05, ,58.00, ,98.3, 
2002/8/22,14:00,0.0, ,173940, ,14.85, ,58.10, ,98.2, 
2002/8/22,15:00,0.0, ,173830, ,15.24, ,58.30, ,98.1, 
2002/8/22,16:00,0.0, ,173660, ,12.83, ,58.40, ,98.0, 
2002/8/22,17:00,0.0, ,173490, ,12.51, ,58.30, ,97.9, 
2002/8/22,18:00,0.0, ,173320, ,15.88, ,58.10, ,97.8, 
2002/8/22,19:00,0.0, ,173150, ,12.26, ,58.40, ,97.7, 
2002/8/22,20:00,0.0, ,172980, ,15.00, ,58.60, ,97.6, 
2002/8/22,21:00,0.0, ,172820, ,14.09, ,58.80, ,97.5, 
2002/8/22,22:00,0.0, ,172700, ,14.86, ,58.90, ,97.4, 
2002/8/22,23:00,0.0, ,172650, ,14.70, ,23.10, ,97.4, 
2002/8/22,24:00,0.0, ,172590, ,8.10, ,30.30, ,98.4, 
2002/8/23,01:00,0.0, ,172540, ,15.63, ,31.90, ,98.3, 
2002/8/23,02:00,0.0, ,172420, ,7.14, ,20.90, ,98.2, 
2002/8/23,03:00,0.0, ,172370, ,8.78, ,18.90, ,98.2, 
2002/8/23,04:00,0.0, ,172310, ,6.39, ,19.00, ,98.2, 
2002/8/23,05:00,0.0, ,172260, ,4.84, ,19.20, ,98.1, 
2002/8/23,06:00,0.0, ,172200, ,4.33, ,18.90, ,98.1, 
2002/8/23,07:00,0.0, ,172140, ,3.80, ,44.20, ,98.1, 
2002/8/23,08:00,0.0, ,172030, ,6.41, ,58.40, ,98.0, 
2002/8/23,09:00,0.0, ,171870, ,5.98, ,58.90, ,97.9, 
2002/8/23,10:00,0.0, ,171700, ,13.83, ,59.00, ,97.8, 
2002/8/23,11:00,0.0, ,171530, ,13.11, ,59.00, ,97.7, 
2002/8/23,12:00,0.0, ,171360, ,13.78, ,59.10, ,97.6, 
2002/8/23,13:00,0.0, ,171200, ,11.89, ,59.00, ,97.5, 
2002/8/23,14:00,0.0, ,171030, ,14.50, ,59.20, ,97.4, 
2002/8/23,15:00,0.0, ,170860, ,15.14, ,58.90, ,97.3, 
2002/8/23,16:00,0.0, ,170700, ,15.41, ,58.70, ,97.2, 
2002/8/23,17:00,0.0, ,170580, ,13.70, ,58.90, ,97.1, 
2002/8/23,18:00,0.0, ,170420, ,14.37, ,59.10, ,97.0, 
2002/8/23,19:00,0.0, ,170200, ,12.30, ,59.20, ,96.9, 
2002/8/23,20:00,0.0, ,170090, ,12.84, ,59.30, ,96.8, 
2002/8/23,21:00,0.0, ,169920, ,13.94, ,59.10, ,96.7, 
2002/8/23,22:00,0.0, ,169750, ,13.89, ,52.90, ,96.6, 
2002/8/23,23:00,0.0, ,169590, ,14.41, ,35.50, ,96.5, 
2002/8/23,24:00,0.0, ,169530, ,13.60, ,30.30, ,0.0,-
2002/8/24,01:00,0.0, ,169420, ,11.57, ,29.40, ,0.0,-
2002/8/24,02:00,0.0, ,169360, ,11.23, ,20.80, ,0.0,-
2002/8/24,03:00,0.0, ,169310, ,6.87, ,18.50, ,0.0,-
2002/8/24,04:00,0.0, ,169250, ,7.14, ,18.40, ,0.0,-
2002/8/24,05:00,0.0, ,169200, ,4.31, ,18.40, ,0.0,-
2002/8/24,06:00,0.0, ,169200, ,5.76, ,19.70, ,0.0,-
2002/8/24,07:00,0.0, ,169090, ,4.84, ,29.00, ,0.0,-
2002/8/24,08:00,0.0, ,169030, ,4.21, ,29.30, ,97.1, 
2002/8/24,09:00,0.0, ,168920, ,7.93, ,49.90, ,97.0, 
2002/8/24,10:00,0.0, ,168810, ,11.26, ,58.50, ,97.0, 
2002/8/24,11:00,0.0, ,168590, ,14.86, ,58.40, ,96.8, 
2002/8/24,12:00,0.0, ,168480, ,12.92, ,58.90, ,96.8, 
2002/8/24,13:00,0.0, ,168370, ,15.60, ,52.50, ,96.7, 
2002/8/24,14:00,0.0, ,168260, ,13.82, ,58.60, ,96.6, 
2002/8/24,15:00,2.3, ,168090, ,14.26, ,58.50, ,96.5, 
2002/8/24,16:00,0.0, ,167930, ,12.29, ,58.70, ,96.4, 
2002/8/24,17:00,0.0, ,167760, ,11.61, ,58.90, ,96.3, 
2002/8/24,18:00,0.0, ,167600, ,17.60, ,59.10, ,96.2, 
2002/8/24,19:00,0.2, ,167430, ,13.27, ,58.80, ,96.1, 
2002/8/24,20:00,0.0, ,167270, ,14.96, ,58.70, ,96.0, 
2002/8/24,21:00,0.0, ,167100, ,17.40, ,58.70, ,95.9, 
2002/8/24,22:00,0.0, ,166940, ,10.65, ,58.70, ,95.8, 
2002/8/24,23:00,0.0, ,166770, ,12.75, ,37.30, ,95.7, 
2002/8/24,24:00,0.0, ,166720, ,13.54, ,29.20, ,96.6, 
2002/8/25,01:00,0.0, ,166660, ,9.94, ,29.20, ,96.6, 
2002/8/25,02:00,0.0, ,166550, ,5.81, ,20.40, ,96.5, 
2002/8/25,03:00,0.0, ,166500, ,11.19, ,19.30, ,96.5, 
2002/8/25,04:00,0.0, ,166500, ,5.40, ,19.10, ,96.5, 
2002/8/25,05:00,0.0, ,166390, ,5.62, ,19.20, ,96.4, 
2002/8/25,06:00,0.0, ,166390, ,4.74, ,29.20, ,96.4, 
2002/8/25,07:00,0.0, ,166280, ,6.54, ,40.70, ,96.4, 
2002/8/25,08:00,0.0, ,166120, ,6.89, ,57.40, ,96.3, 
2002/8/25,09:00,0.0, ,165950, ,3.83, ,59.50, ,96.2, 
2002/8/25,10:00,0.0, ,165790, ,12.03, ,48.40, ,96.1, 
2002/8/25,11:00,0.0, ,165680, ,12.02, ,47.50, ,96.0, 
2002/8/25,12:00,0.0, ,165510, ,11.17, ,47.90, ,95.9, 
2002/8/25,13:00,0.0, ,165410, ,15.75, ,44.90, ,95.8, 
2002/8/25,14:00,0.0, ,165300, ,10.92, ,45.10, ,95.7, 
2002/8/25,15:00,0.0, ,165190, ,16.05, ,48.10, ,95.7, 
2002/8/25,16:00,0.0, ,165080, ,11.47, ,45.00, ,95.6, 
2002/8/25,17:00,0.0, ,164910, ,14.22, ,59.10, ,95.5, 
2002/8/25,18:00,0.0, ,164750, ,9.93, ,59.30, ,95.4, 
2002/8/25,19:00,0.0, ,164590, ,12.56, ,59.40, ,95.3, 
2002/8/25,20:00,0.0, ,164420, ,11.91, ,59.30, ,95.2, 
2002/8/25,21:00,0.0, ,164260, ,12.82, ,59.40, ,95.1, 
2002/8/25,22:00,0.0, ,164100, ,12.06, ,59.30, ,95.0, 
2002/8/25,23:00,0.0, ,163940, ,10.86, ,41.70, ,94.9, 
2002/8/25,24:00,0.0, ,163830, ,11.10, ,35.80, ,95.8, 
2002/8/26,01:00,0.0, ,163770, ,11.28, ,18.80, ,95.8, 
2002/8/26,02:00,0.0, ,163720, ,7.60, ,18.60, ,95.7, 
2002/8/26,03:00,0.0, ,163720, ,6.35, ,18.90, ,95.7, 
2002/8/26,04:00,0.0, ,163660, ,4.22, ,18.60, ,95.7, 
2002/8/26,05:00,0.0, ,163610, ,5.55, ,18.60, ,95.6, 
2002/8/26,06:00,0.0, ,163560, ,6.20, ,27.40, ,95.6, 
2002/8/26,07:00,0.0, ,163450, ,4.16, ,29.70, ,95.5, 
2002/8/26,08:00,0.0, ,163340, ,5.80, ,59.20, ,95.5, 
2002/8/26,09:00,0.0, ,163180, ,4.14, ,59.40, ,95.4, 
2002/8/26,10:00,0.0, ,162960, ,12.01, ,59.60, ,95.2, 
2002/8/26,11:00,0.0, ,162850, ,12.66, ,59.50, ,95.2, 
2002/8/26,12:00,0.0, ,162640, ,13.73, ,59.40, ,95.0, 
2002/8/26,13:00,0.0, ,162470, ,12.44, ,59.30, ,94.9, 
2002/8/26,14:00,0.0, ,162310, ,10.86, ,59.40, ,94.8, 
2002/8/26,15:00,0.0, ,162150, ,13.34, ,59.50, ,94.7, 
2002/8/26,16:00,0.0, ,161990, ,11.58, ,59.70, ,94.6, 
2002/8/26,17:00,0.0, ,161830, ,14.46, ,59.60, ,94.5, 
2002/8/26,18:00,0.0, ,161670, ,11.34, ,59.80, ,94.4, 
2002/8/26,19:00,0.0, ,161450, ,13.38, ,59.80, ,94.3, 
2002/8/26,20:00,0.0, ,161290, ,13.04, ,59.50, ,94.2, 
2002/8/26,21:00,0.0, ,161130, ,10.79, ,59.80, ,94.1, 
2002/8/26,22:00,0.0, ,160970, ,13.78, ,60.00, ,93.9, 
2002/8/26,23:00,0.0, ,160750, ,8.86, ,44.90, ,93.8, 
2002/8/26,24:00,0.0, ,160650, ,7.86, ,30.80, ,94.7, 
2002/8/27,01:00,0.0, ,160590, ,9.13, ,30.00, ,94.7, 
2002/8/27,02:00,0.0, ,160430, ,0.52, ,18.70, ,94.6, 
2002/8/27,03:00,0.0, ,160430, ,6.29, ,18.80, ,94.6, 
2002/8/27,04:00,0.0, ,160380, ,4.00, ,18.70, ,94.6, 
2002/8/27,05:00,0.0, ,160320, ,6.90, ,18.60, ,94.5, 
2002/8/27,06:00,0.0, ,160270, ,3.64, ,27.50, ,94.5, 
2002/8/27,07:00,0.0, ,160160, ,5.16, ,29.60, ,94.4, 
2002/8/27,08:00,0.0, ,160000, ,5.16, ,58.70, ,94.3, 
2002/8/27,09:00,0.0, ,159840, ,5.15, ,60.20, ,94.2, 
2002/8/27,10:00,0.0, ,159630, ,12.58, ,61.00, ,94.1, 
2002/8/27,11:00,0.0, ,159470, ,11.75, ,60.80, ,94.0, 
2002/8/27,12:00,0.4, ,159310, ,11.86, ,60.50, ,93.9, 
2002/8/27,13:00,0.3, ,159140, ,12.36, ,60.80, ,93.8, 
2002/8/27,14:00,0.3, ,158980, ,12.38, ,61.00, ,93.6, 
2002/8/27,15:00,0.0, ,158770, ,15.71, ,60.90, ,93.5, 
2002/8/27,16:00,0.0, ,158610, ,12.44, ,61.10, ,93.4, 
2002/8/27,17:00,0.0, ,158450, ,14.98, ,60.90, ,93.3, 
2002/8/27,18:00,0.0, ,158290, ,13.21, ,61.40, ,93.2, 
2002/8/27,19:00,0.0, ,158080, ,12.92, ,60.70, ,93.1, 
2002/8/27,20:00,0.0, ,157920, ,11.83, ,61.10, ,93.0, 
2002/8/27,21:00,0.0, ,157760, ,13.87, ,61.20, ,92.9, 
2002/8/27,22:00,0.0, ,157600, ,12.04, ,48.40, ,92.7, 
2002/8/27,23:00,0.1, ,157440, ,12.26, ,34.50, ,92.6, 
2002/8/27,24:00,1.7, ,157390, ,7.67, ,31.00, ,93.6, 
2002/8/28,01:00,0.5, ,157280, ,3.79, ,31.20, ,93.5, 
2002/8/28,02:00,0.0, ,157170, ,5.95, ,21.80, ,93.5, 
2002/8/28,03:00,0.6, ,157120, ,6.27, ,19.90, ,93.4, 
2002/8/28,04:00,0.3, ,157010, ,3.36, ,22.50, ,93.4, 
2002/8/28,05:00,2.6, ,157010, ,7.47, ,19.80, ,93.4, 
2002/8/28,06:00,0.3, ,156910, ,3.98, ,28.90, ,93.3, 
2002/8/28,07:00,0.0, ,156800, ,8.36, ,44.00, ,93.2, 
2002/8/28,08:00,3.5, ,156690, ,4.74, ,59.10, ,93.1, 
2002/8/28,09:00,1.7, ,156480, ,4.12, ,60.50, ,93.0, 
2002/8/28,10:00,1.5, ,156320, ,15.26, ,60.70, ,92.9, 
2002/8/28,11:00,1.0, ,156160, ,10.15, ,60.80, ,92.8, 
2002/8/28,12:00,0.0, ,155950, ,11.47, ,60.40, ,92.7, 
2002/8/28,13:00,0.2, ,155790, ,12.72, ,61.10, ,92.5, 
2002/8/28,14:00,0.0, ,155640, ,17.66, ,60.60, ,92.4, 
2002/8/28,15:00,0.0, ,155480, ,14.13, ,60.80, ,92.3, 
2002/8/28,16:00,0.1, ,155320, ,10.96, ,60.90, ,92.2, 
2002/8/28,17:00,0.0, ,155110, ,14.22, ,60.80, ,92.1, 
2002/8/28,18:00,0.3, ,154950, ,12.35, ,61.10, ,92.0, 
2002/8/28,19:00,4.4, ,154790, ,11.57, ,37.20, ,91.9, 
2002/8/28,20:00,10.1, ,154740, ,16.36, ,28.90, ,91.9, 
2002/8/28,21:00,8.8, ,154690, ,10.81, ,28.80, ,91.8, 
2002/8/28,22:00,1.1, ,154630, ,18.85, ,26.10, ,91.8, 
2002/8/28,23:00,2.6, ,154580, ,13.31, ,26.30, ,91.8, 
2002/8/28,24:00,2.3, ,154530, ,8.12, ,30.60, ,92.7, 
2002/8/29,01:00,2.3, ,154480, ,14.62, ,19.20, ,92.7, 
2002/8/29,02:00,0.4, ,154370, ,4.86, ,0.00, ,92.6, 
2002/8/29,03:00,1.5, ,154370, ,0.44, ,0.00, ,92.6, 
2002/8/29,04:00,7.4, ,154370, ,0.00, ,0.00, ,92.6, 
2002/8/29,05:00,0.0, ,154420, ,13.68, ,0.00, ,92.6, 
2002/8/29,06:00,0.0, ,154420, ,0.94, ,21.10, ,92.6, 
2002/8/29,07:00,0.1, ,154420, ,15.80, ,35.80, ,92.6, 
2002/8/29,08:00,0.0, ,154320, ,16.20, ,57.20, ,92.6, 
2002/8/29,09:00,0.0, ,154110, ,5.54, ,60.70, ,92.4, 
2002/8/29,10:00,0.0, ,153900, ,9.97, ,60.60, ,92.3, 
2002/8/29,11:00,0.3, ,153740, ,9.29, ,60.80, ,92.2, 
2002/8/29,12:00,0.0, ,153530, ,12.05, ,61.20, ,92.0, 
2002/8/29,13:00,0.1, ,153430, ,12.05, ,55.00, ,92.0, 
2002/8/29,14:00,0.0, ,153270, ,13.04, ,52.10, ,91.9, 
2002/8/29,15:00,0.0, ,153170, ,19.86, ,55.40, ,91.8, 
2002/8/29,16:00,0.3, ,153010, ,23.16, ,30.50, ,91.7, 
2002/8/29,17:00,0.3, ,153010, ,18.21, ,21.70, ,91.7, 
2002/8/29,18:00,0.1, ,153010, ,16.88, ,18.90, ,91.7, 
2002/8/29,19:00,0.4, ,153010, ,19.00, ,7.40, ,91.7, 
2002/8/29,20:00,0.4, ,153010, ,9.15, ,0.00, ,91.7, 
2002/8/29,21:00,0.8, ,153060, ,13.09, ,0.00, ,91.7, 
2002/8/29,22:00,0.6, ,153120, ,12.85, ,15.40, ,91.8, 
2002/8/29,23:00,1.1, ,153120, ,13.39, ,18.80, ,91.8, 
2002/8/29,24:00,0.8, ,153120, ,18.98, ,28.60, ,92.8, 
2002/8/30,01:00,0.1, ,153120, ,25.55, ,19.10, ,92.8, 
2002/8/30,02:00,0.8, ,153060, ,15.09, ,0.00, ,92.7, 
2002/8/30,03:00,0.6, ,153120, ,7.26, ,0.00, ,92.8, 
2002/8/30,04:00,0.3, ,153170, ,17.16, ,0.00, ,92.8, 
2002/8/30,05:00,1.2, ,153220, ,19.22, ,0.00, ,92.8, 
2002/8/30,06:00,1.1, ,153270, ,12.59, ,21.10, ,92.9, 
2002/8/30,07:00,1.2, ,153270, ,21.39, ,27.50, ,92.9, 
2002/8/30,08:00,2.4, ,153220, ,23.77, ,56.50, ,92.8, 
2002/8/30,09:00,2.1, ,153060, ,20.49, ,61.40, ,92.7, 
2002/8/30,10:00,4.3, ,152960, ,32.13, ,60.90, ,92.7, 
2002/8/30,11:00,3.0, ,152960, ,41.28, ,61.20, ,92.7, 
2002/8/30,12:00,7.4, ,153170, ,87.63, ,61.00, ,92.8, 
2002/8/30,13:00,1.7, ,153380, ,121.58, ,61.20, ,92.9, 
2002/8/30,14:00,4.1, ,153690, ,133.86, ,60.90, ,93.2, 
2002/8/30,15:00,7.8, ,153950, ,142.56, ,60.50, ,93.3, 
2002/8/30,16:00,2.5, ,154370, ,149.32, ,61.00, ,93.6, 
2002/8/30,17:00,1.7, ,154900, ,230.63, ,61.20, ,94.0, 
2002/8/30,18:00,5.1, ,155900, ,393.29, ,60.80, ,94.6, 
2002/8/30,19:00,2.7, ,156910, ,261.48, ,60.90, ,95.3, 
2002/8/30,20:00,3.2, ,158020, ,428.40, ,60.70, ,96.1, 
2002/8/30,21:00,2.2, ,159040, ,331.23, ,60.80, ,96.8, 
2002/8/30,22:00,1.9, ,160220, ,351.70, ,61.10, ,97.6, 
2002/8/30,23:00,2.2, ,161400, ,387.87, ,60.70, ,98.3, 
2002/8/30,24:00,2.2, ,162640, ,445.23, ,60.70, ,100.0, 
2002/8/31,01:00,0.5, ,163880, ,443.36, ,60.20, ,100.0, 
2002/8/31,02:00,2.2, ,165130, ,401.73, ,59.90, ,100.0, 
2002/8/31,03:00,2.7, ,166440, ,448.94, ,60.00, ,100.0, 
2002/8/31,04:00,2.8, ,167870, ,432.13, ,59.70, ,100.0, 
2002/8/31,05:00,1.1, ,169310, ,478.80, ,59.30, ,100.0, 
2002/8/31,06:00,1.4, ,170580, ,397.91, ,58.90, ,100.0, 
2002/8/31,07:00,3.0, ,171920, ,402.18, ,58.80, ,100.0, 
2002/8/31,08:00,1.2, ,173600, ,588.06, ,58.60, ,100.0, 
2002/8/31,09:00,1.0, ,175510, ,565.68, ,58.20, ,100.0, 
2002/8/31,10:00,1.5, ,177210, ,554.05, ,57.70, ,100.0, 
2002/8/31,11:00,1.0, ,178980, ,591.92, ,57.70, ,100.0, 
2002/8/31,12:00,0.4, ,181150, ,658.82, ,57.60, ,100.0, 
2002/8/31,13:00,0.1, ,183630, ,761.30, ,57.10, ,100.0, 
2002/8/31,14:00,1.9, ,186020, ,676.79, ,105.72, ,100.0, 
2002/8/31,15:00,3.5, ,188130, ,775.86, ,265.00, ,100.0, 
2002/8/31,16:00,1.8, ,189360, ,811.92, ,510.22, ,100.0, 
2002/8/31,17:00,1.9, ,190360, ,786.48, ,528.60, ,100.0, 
2002/8/31,18:00,1.9, ,191430, ,870.95, ,546.60, ,100.0, 
2002/8/31,19:00,1.8, ,192670, ,901.90, ,640.94, ,100.0, 
2002/8/31,20:00,2.7, ,193630, ,937.03, ,741.44, ,100.0, 
2002/8/31,21:00,1.9, ,194280, ,951.95, ,757.14, ,100.0, 
2002/8/31,22:00,2.2, ,194940, ,903.23, ,772.88, ,100.0, 
2002/8/31,23:00,2.5, ,195480, ,958.16, ,796.86, ,100.0, 
2002/8/31,24:00,9.6, ,196200, ,1087.22, ,889.34, ,100.0, 
