îCà”ä˙ä‘É_ÉÄèîó åüçıåãâ 
êÖånñº,ãgñÏêÏ
âÕêÏñº,ãgñÏêÏ
äœë™èäñº,ëÅñæâYÉ_ÉÄÅiã@ç\Åj
äœë™èäãLçÜ,1368080700010
#
#îNåéì˙,éûçè,ó¨àÊïΩãœâJó ,ó¨àÊïΩãœâJó ëÆê´,íôêÖó ,íôêÖó ëÆê´,ó¨ì¸ó ,ó¨ì¸ó ëÆê´,ï˙ó¨ó ,ï˙ó¨ó ëÆê´,íôêÖó¶,íôêÖó¶ëÆê´
#ëÆê´Å@$:åáë™ -:ñ¢éÛêM
#
2003/1/1,01:00,0.0, ,107220, ,0.00, ,0.00, ,92.1, 
2003/1/1,02:00,0.0, ,107220, ,0.00, ,0.00, ,92.1, 
2003/1/1,03:00,0.0, ,107270, ,4.95, ,0.00, ,92.1, 
2003/1/1,04:00,0.0, ,107270, ,7.13, ,0.00, ,92.1, 
2003/1/1,05:00,0.0, ,107270, ,0.00, ,0.00, ,92.1, 
2003/1/1,06:00,0.0, ,107270, ,0.00, ,0.00, ,92.1, 
2003/1/1,07:00,0.0, ,107270, ,0.00, ,0.00, ,92.1, 
2003/1/1,08:00,0.0, ,107270, ,0.00, ,0.00, ,92.1, 
2003/1/1,09:00,0.0, ,107310, ,12.01, ,19.20, ,92.2, 
2003/1/1,10:00,0.2, ,107270, ,6.67, ,19.40, ,92.1, 
2003/1/1,11:00,0.0, ,107220, ,7.17, ,5.10, ,92.1, 
2003/1/1,12:00,0.0, ,107220, ,2.09, ,0.00, ,92.1, 
2003/1/1,13:00,0.0, ,107220, ,0.00, ,0.00, ,92.1, 
2003/1/1,14:00,0.0, ,107270, ,7.79, ,0.00, ,92.1, 
2003/1/1,15:00,0.0, ,107310, ,9.28, ,0.00, ,92.2, 
2003/1/1,16:00,0.0, ,107350, ,9.23, ,20.20, ,92.2, 
2003/1/1,17:00,0.0, ,107310, ,20.79, ,56.40, ,92.2, 
2003/1/1,18:00,0.0, ,107090, ,4.49, ,59.70, ,91.9, 
2003/1/1,19:00,0.0, ,106920, ,8.34, ,59.90, ,91.8, 
2003/1/1,20:00,0.0, ,106700, ,7.56, ,46.00, ,91.6, 
2003/1/1,21:00,0.0, ,106570, ,7.88, ,22.40, ,91.4, 
2003/1/1,22:00,0.0, ,106530, ,5.90, ,4.60, ,91.4, 
2003/1/1,23:00,0.0, ,106570, ,6.68, ,0.00, ,91.4, 
2003/1/1,24:00,0.0, ,106570, ,8.81, ,0.00, ,91.4, 
2003/1/2,01:00,0.0, ,106570, ,0.00, ,0.00, ,91.4, 
2003/1/2,02:00,0.0, ,106570, ,0.32, ,0.00, ,91.4, 
2003/1/2,03:00,0.0, ,106610, ,4.70, ,0.00, ,91.5, 
2003/1/2,04:00,0.0, ,106610, ,5.80, ,0.00, ,91.5, 
2003/1/2,05:00,0.0, ,106610, ,2.39, ,0.00, ,91.5, 
2003/1/2,06:00,0.0, ,106610, ,1.51, ,0.00, ,91.5, 
2003/1/2,07:00,0.0, ,106610, ,1.99, ,0.00, ,91.5, 
2003/1/2,08:00,0.0, ,106610, ,0.36, ,0.00, ,91.5, 
2003/1/2,09:00,0.0, ,106610, ,0.02, ,20.40, ,91.5, 
2003/1/2,10:00,0.0, ,106570, ,6.84, ,5.30, ,91.4, 
2003/1/2,11:00,0.0, ,106570, ,2.71, ,0.00, ,91.4, 
2003/1/2,12:00,0.0, ,106570, ,0.00, ,0.00, ,91.4, 
2003/1/2,13:00,0.0, ,106610, ,6.80, ,0.00, ,91.5, 
2003/1/2,14:00,0.0, ,106660, ,7.67, ,0.00, ,91.5, 
2003/1/2,15:00,0.0, ,106660, ,9.61, ,0.00, ,91.5, 
2003/1/2,16:00,0.0, ,106700, ,6.19, ,27.30, ,91.6, 
2003/1/2,17:00,0.0, ,106660, ,16.58, ,59.60, ,91.5, 
2003/1/2,18:00,0.0, ,106480, ,13.39, ,60.20, ,91.4, 
2003/1/2,19:00,0.0, ,106270, ,8.30, ,59.90, ,91.2, 
2003/1/2,20:00,0.0, ,106090, ,3.30, ,41.50, ,91.0, 
2003/1/2,21:00,0.0, ,105960, ,7.26, ,25.50, ,90.9, 
2003/1/2,22:00,0.0, ,105920, ,8.62, ,5.30, ,90.8, 
2003/1/2,23:00,0.0, ,105920, ,4.71, ,0.00, ,90.8, 
2003/1/2,24:00,0.0, ,105920, ,0.00, ,0.00, ,90.8, 
2003/1/3,01:00,0.0, ,105920, ,0.00, ,0.00, ,90.8, 
2003/1/3,02:00,0.0, ,105920, ,0.00, ,0.00, ,90.8, 
2003/1/3,03:00,0.0, ,105920, ,0.00, ,0.00, ,90.8, 
2003/1/3,04:00,0.0, ,105920, ,0.00, ,0.00, ,90.8, 
2003/1/3,05:00,0.0, ,105920, ,0.00, ,0.00, ,90.8, 
2003/1/3,06:00,0.0, ,105920, ,0.00, ,0.00, ,90.8, 
2003/1/3,07:00,0.5, ,105960, ,10.20, ,0.00, ,90.9, 
2003/1/3,08:00,0.7, ,105960, ,1.80, ,0.00, ,90.9, 
2003/1/3,09:00,1.1, ,105960, ,0.03, ,16.10, ,90.9, 
2003/1/3,10:00,0.4, ,105960, ,11.20, ,20.70, ,90.9, 
2003/1/3,12:00,1.1, ,105840, ,7.89, ,4.60, ,90.7, 
2003/1/3,13:00,1.1, ,105840, ,1.61, ,0.00, ,90.7, 
2003/1/3,14:00,1.6, ,105880, ,8.90, ,0.00, ,90.8, 
2003/1/3,15:00,3.1, ,105920, ,14.04, ,0.00, ,90.8, 
2003/1/3,16:00,1.0, ,106010, ,14.48, ,18.60, ,90.9, 
2003/1/3,17:00,0.2, ,105960, ,20.19, ,34.70, ,90.9, 
2003/1/3,18:00,0.4, ,105880, ,11.18, ,39.00, ,90.8, 
2003/1/3,19:00,0.3, ,105840, ,12.65, ,0.00, ,90.7, 
2003/1/3,20:00,0.3, ,105880, ,1.75, ,0.00, ,90.8, 
2003/1/3,21:00,0.3, ,105880, ,11.82, ,0.00, ,90.8, 
2003/1/3,22:00,0.3, ,105920, ,9.24, ,0.00, ,90.8, 
2003/1/3,23:00,0.1, ,105960, ,10.90, ,0.00, ,90.9, 
2003/1/3,24:00,0.0, ,105960, ,3.86, ,0.00, ,90.9, 
2003/1/4,01:00,0.0, ,106010, ,11.33, ,0.00, ,90.9, 
2003/1/4,02:00,0.0, ,106050, ,8.81, ,0.00, ,90.9, 
2003/1/4,03:00,0.0, ,106050, ,3.88, ,0.00, ,90.9, 
2003/1/4,04:00,0.0, ,106090, ,9.49, ,0.00, ,91.0, 
2003/1/4,05:00,0.0, ,106090, ,2.52, ,0.00, ,91.0, 
2003/1/4,06:00,0.0, ,106090, ,0.00, ,0.00, ,91.0, 
2003/1/4,07:00,0.0, ,106140, ,10.73, ,0.00, ,91.0, 
2003/1/4,08:00,0.0, ,106140, ,1.28, ,0.00, ,91.0, 
2003/1/4,09:00,0.1, ,106140, ,0.00, ,0.00, ,91.0, 
2003/1/4,10:00,0.2, ,106180, ,9.38, ,0.00, ,91.1, 
2003/1/4,11:00,0.0, ,106220, ,3.73, ,0.00, ,91.1, 
2003/1/4,12:00,0.0, ,106220, ,10.94, ,0.00, ,91.1, 
2003/1/4,13:00,0.1, ,106310, ,13.34, ,0.00, ,91.2, 
2003/1/4,14:00,0.0, ,106350, ,16.29, ,0.00, ,91.2, 
2003/1/4,15:00,0.0, ,106400, ,10.19, ,0.00, ,91.3, 
2003/1/4,16:00,0.1, ,106440, ,11.17, ,0.00, ,91.3, 
2003/1/4,17:00,0.0, ,106480, ,15.55, ,15.00, ,91.4, 
2003/1/4,18:00,0.1, ,106480, ,16.16, ,37.70, ,91.4, 
2003/1/4,19:00,0.0, ,106400, ,18.64, ,38.10, ,91.3, 
2003/1/4,20:00,0.1, ,106310, ,11.36, ,8.40, ,91.2, 
2003/1/4,21:00,0.1, ,106310, ,6.51, ,0.00, ,91.2, 
2003/1/4,22:00,0.1, ,106350, ,0.74, ,0.00, ,91.2, 
2003/1/4,23:00,0.1, ,106350, ,11.29, ,0.00, ,91.2, 
2003/1/4,24:00,0.0, ,106400, ,10.99, ,0.00, ,91.3, 
2003/1/5,01:00,0.0, ,106440, ,2.87, ,0.00, ,91.3, 
2003/1/5,02:00,0.0, ,106440, ,10.21, ,0.00, ,91.3, 
2003/1/5,03:00,0.0, ,106480, ,4.05, ,0.00, ,91.4, 
2003/1/5,04:00,0.0, ,106480, ,7.98, ,0.00, ,91.4, 
2003/1/5,05:00,0.0, ,106530, ,2.51, ,0.00, ,91.4, 
2003/1/5,06:00,0.0, ,106530, ,9.67, ,0.00, ,91.4, 
2003/1/5,07:00,0.0, ,106570, ,5.02, ,0.00, ,91.4, 
2003/1/5,08:00,0.0, ,106570, ,5.60, ,0.00, ,91.4, 
2003/1/5,09:00,0.0, ,106610, ,2.29, ,0.00, ,91.5, 
2003/1/5,10:00,0.0, ,106610, ,8.91, ,17.80, ,91.5, 
2003/1/5,11:00,0.2, ,106570, ,5.01, ,39.10, ,91.4, 
2003/1/5,12:00,0.0, ,106440, ,5.64, ,11.20, ,91.3, 
2003/1/5,13:00,0.0, ,106440, ,7.18, ,0.00, ,91.3, 
2003/1/5,14:00,0.0, ,106440, ,10.45, ,0.00, ,91.3, 
2003/1/5,15:00,0.0, ,106480, ,8.90, ,0.00, ,91.4, 
2003/1/5,16:00,0.0, ,106530, ,9.81, ,24.60, ,91.4, 
2003/1/5,17:00,0.0, ,106440, ,7.08, ,33.30, ,91.3, 
2003/1/5,18:00,0.0, ,106350, ,6.49, ,33.20, ,91.2, 
2003/1/5,19:00,0.0, ,106270, ,10.98, ,31.30, ,91.2, 
2003/1/5,20:00,0.0, ,106220, ,9.61, ,5.90, ,91.1, 
2003/1/5,21:00,0.0, ,106220, ,4.79, ,0.00, ,91.1, 
2003/1/5,22:00,0.0, ,106270, ,9.50, ,0.00, ,91.2, 
2003/1/5,23:00,0.0, ,106270, ,7.09, ,0.00, ,91.2, 
2003/1/5,24:00,0.0, ,106270, ,0.00, ,0.00, ,91.2, 
2003/1/6,01:00,0.0, ,106310, ,9.86, ,0.00, ,91.2, 
2003/1/6,02:00,0.0, ,106310, ,2.16, ,0.00, ,91.2, 
2003/1/6,03:00,0.0, ,106310, ,0.00, ,0.00, ,91.2, 
2003/1/6,04:00,0.0, ,106310, ,0.00, ,0.00, ,91.2, 
2003/1/6,05:00,0.0, ,106310, ,0.00, ,0.00, ,91.2, 
2003/1/6,06:00,0.0, ,106310, ,0.02, ,16.30, ,91.2, 
2003/1/6,07:00,0.0, ,106270, ,11.42, ,22.20, ,91.2, 
2003/1/6,08:00,0.0, ,106140, ,5.81, ,11.60, ,91.0, 
2003/1/6,09:00,0.0, ,106090, ,2.45, ,0.00, ,91.0, 
2003/1/6,10:00,0.2, ,106090, ,0.00, ,0.00, ,91.0, 
2003/1/6,11:00,0.0, ,106090, ,0.00, ,0.00, ,91.0, 
2003/1/6,12:00,0.2, ,106140, ,11.15, ,0.00, ,91.0, 
2003/1/6,13:00,0.2, ,106180, ,9.35, ,0.00, ,91.1, 
2003/1/6,14:00,0.1, ,106220, ,9.80, ,0.00, ,91.1, 
2003/1/6,15:00,0.0, ,106270, ,8.99, ,0.00, ,91.2, 
2003/1/6,16:00,0.0, ,106310, ,9.16, ,0.00, ,91.2, 
2003/1/6,17:00,0.0, ,106310, ,11.66, ,18.70, ,91.2, 
2003/1/6,18:00,0.0, ,106270, ,12.85, ,43.10, ,91.2, 
2003/1/6,19:00,0.0, ,106140, ,10.96, ,53.00, ,91.0, 
2003/1/6,20:00,0.0, ,105960, ,10.23, ,56.50, ,90.9, 
2003/1/6,21:00,0.0, ,105790, ,7.02, ,52.60, ,90.7, 
2003/1/6,22:00,0.0, ,105710, ,7.76, ,21.90, ,90.6, 
2003/1/6,23:00,0.0, ,105660, ,4.48, ,0.00, ,90.6, 
2003/1/6,24:00,0.0, ,105660, ,0.00, ,0.00, ,90.6, 
2003/1/7,01:00,0.0, ,105660, ,0.00, ,0.00, ,90.6, 
2003/1/7,02:00,0.0, ,105710, ,3.96, ,0.00, ,90.6, 
2003/1/7,03:00,0.0, ,105710, ,8.03, ,0.00, ,90.6, 
2003/1/7,04:00,0.0, ,105710, ,0.00, ,0.00, ,90.6, 
2003/1/7,05:00,0.0, ,105710, ,0.00, ,0.00, ,90.6, 
2003/1/7,06:00,0.0, ,105710, ,0.03, ,19.30, ,90.6, 
2003/1/7,07:00,0.0, ,105660, ,12.32, ,37.70, ,90.6, 
2003/1/7,08:00,0.0, ,105530, ,5.93, ,25.20, ,90.4, 
2003/1/7,09:00,0.0, ,105490, ,0.93, ,0.00, ,90.4, 
2003/1/7,10:00,0.1, ,105490, ,0.00, ,0.00, ,90.4, 
2003/1/7,11:00,0.0, ,105490, ,0.00, ,0.00, ,90.4, 
2003/1/7,12:00,0.2, ,105490, ,0.00, ,0.00, ,90.4, 
2003/1/7,13:00,0.0, ,105530, ,8.89, ,0.00, ,90.4, 
2003/1/7,14:00,0.0, ,105580, ,9.80, ,0.00, ,90.5, 
2003/1/7,15:00,0.0, ,105580, ,5.27, ,0.00, ,90.5, 
2003/1/7,16:00,0.0, ,105620, ,9.64, ,0.00, ,90.5, 
2003/1/7,17:00,0.0, ,105660, ,9.78, ,19.00, ,90.6, 
2003/1/7,18:00,0.0, ,105620, ,17.39, ,41.10, ,90.5, 
2003/1/7,19:00,0.0, ,105490, ,11.97, ,58.40, ,90.4, 
2003/1/7,20:00,0.0, ,105270, ,7.11, ,53.90, ,90.2, 
2003/1/7,21:00,0.0, ,105150, ,8.80, ,33.10, ,90.1, 
2003/1/7,22:00,0.0, ,105100, ,8.79, ,0.00, ,90.0, 
2003/1/7,23:00,0.0, ,105100, ,9.25, ,0.00, ,90.0, 
2003/1/7,24:00,0.0, ,105100, ,0.00, ,0.00, ,90.0, 
2003/1/8,01:00,0.0, ,105100, ,0.00, ,0.00, ,90.0, 
2003/1/8,02:00,0.0, ,105100, ,0.00, ,0.00, ,90.0, 
2003/1/8,03:00,0.0, ,105100, ,0.00, ,0.00, ,90.0, 
2003/1/8,04:00,0.0, ,105100, ,0.00, ,0.00, ,90.0, 
2003/1/8,05:00,0.0, ,105150, ,3.63, ,0.00, ,90.1, 
2003/1/8,06:00,0.0, ,105150, ,8.35, ,16.00, ,90.1, 
2003/1/8,07:00,0.0, ,105150, ,9.76, ,27.00, ,90.1, 
2003/1/8,08:00,0.0, ,105020, ,3.81, ,18.60, ,90.0, 
2003/1/8,09:00,0.0, ,105020, ,3.84, ,0.00, ,90.0, 
2003/1/8,10:00,0.0, ,105020, ,0.00, ,0.00, ,90.0, 
2003/1/8,11:00,0.3, ,105020, ,0.00, ,0.00, ,90.0, 
2003/1/8,12:00,0.1, ,105020, ,0.00, ,0.00, ,90.0, 
2003/1/8,13:00,0.1, ,105020, ,0.00, ,0.00, ,90.0, 
2003/1/8,14:00,0.2, ,105060, ,6.23, ,0.00, ,90.0, 
2003/1/8,15:00,0.1, ,105100, ,6.79, ,0.00, ,90.0, 
2003/1/8,16:00,0.3, ,105100, ,10.87, ,0.00, ,90.0, 
2003/1/8,17:00,0.0, ,105150, ,10.88, ,19.90, ,90.1, 
2003/1/8,18:00,0.0, ,105150, ,16.02, ,45.00, ,90.1, 
2003/1/8,19:00,0.0, ,104970, ,11.86, ,52.90, ,89.9, 
2003/1/8,20:00,0.0, ,104800, ,10.35, ,53.40, ,89.7, 
2003/1/8,21:00,0.0, ,104630, ,6.30, ,34.10, ,89.6, 
2003/1/8,22:00,0.0, ,104540, ,5.00, ,0.00, ,89.5, 
2003/1/8,23:00,0.0, ,104540, ,0.67, ,0.00, ,89.5, 
2003/1/8,24:00,0.0, ,104540, ,0.00, ,0.00, ,89.5, 
2003/1/9,01:00,0.0, ,104540, ,0.00, ,0.00, ,89.5, 
2003/1/9,02:00,0.0, ,104540, ,0.00, ,0.00, ,89.5, 
2003/1/9,03:00,0.0, ,104540, ,0.00, ,0.00, ,89.5, 
2003/1/9,04:00,0.0, ,104590, ,0.91, ,0.00, ,89.5, 
2003/1/9,05:00,0.0, ,104590, ,11.01, ,0.00, ,89.5, 
2003/1/9,06:00,0.0, ,104590, ,0.03, ,19.10, ,89.5, 
2003/1/9,07:00,0.0, ,104540, ,12.03, ,42.60, ,89.5, 
2003/1/9,08:00,0.2, ,104410, ,5.06, ,24.00, ,89.4, 
2003/1/9,09:00,0.0, ,104370, ,2.12, ,0.00, ,89.3, 
2003/1/9,10:00,0.0, ,104370, ,0.00, ,0.00, ,89.3, 
2003/1/9,11:00,0.0, ,104370, ,0.00, ,0.00, ,89.3, 
2003/1/9,12:00,0.3, ,104370, ,0.00, ,0.00, ,89.3, 
2003/1/9,13:00,0.0, ,104410, ,6.59, ,0.00, ,89.4, 
2003/1/9,14:00,0.2, ,104410, ,5.40, ,0.00, ,89.4, 
2003/1/9,15:00,0.2, ,104460, ,11.84, ,0.00, ,89.4, 
2003/1/9,16:00,0.0, ,104500, ,9.64, ,0.00, ,89.5, 
2003/1/9,17:00,0.3, ,104540, ,9.02, ,20.10, ,89.5, 
2003/1/9,18:00,0.0, ,104500, ,20.26, ,58.30, ,89.5, 
2003/1/9,19:00,0.0, ,104330, ,12.25, ,59.10, ,89.3, 
2003/1/9,20:00,0.0, ,104160, ,9.52, ,36.20, ,89.1, 
2003/1/9,21:00,0.0, ,104160, ,6.51, ,0.00, ,89.1, 
2003/1/9,22:00,0.0, ,104160, ,0.25, ,0.00, ,89.1, 
2003/1/9,23:00,0.0, ,104160, ,0.00, ,0.00, ,89.1, 
2003/1/9,24:00,0.0, ,104200, ,8.75, ,0.00, ,89.2, 
2003/1/10,01:00,0.0, ,104200, ,3.15, ,0.00, ,89.2, 
2003/1/10,02:00,0.0, ,104200, ,0.00, ,0.00, ,89.2, 
2003/1/10,03:00,0.0, ,104200, ,0.00, ,0.00, ,89.2, 
2003/1/10,04:00,0.0, ,104200, ,0.00, ,0.00, ,89.2, 
2003/1/10,05:00,0.0, ,104240, ,9.08, ,0.00, ,89.2, 
2003/1/10,06:00,0.0, ,104240, ,2.82, ,0.00, ,89.2, 
2003/1/10,07:00,0.0, ,104240, ,0.00, ,0.00, ,89.2, 
2003/1/10,08:00,0.0, ,104240, ,0.03, ,28.90, ,89.2, 
2003/1/10,09:00,0.0, ,104200, ,14.10, ,54.90, ,89.2, 
2003/1/10,10:00,0.0, ,103990, ,4.92, ,58.60, ,89.0, 
2003/1/10,11:00,0.0, ,103770, ,4.33, ,47.70, ,88.7, 
2003/1/10,12:00,0.0, ,103690, ,5.10, ,26.20, ,88.7, 
2003/1/10,13:00,0.0, ,103640, ,2.84, ,0.00, ,88.6, 
2003/1/10,14:00,0.0, ,103690, ,3.22, ,0.00, ,88.7, 
2003/1/10,15:00,0.2, ,103690, ,8.65, ,0.00, ,88.7, 
2003/1/10,16:00,0.0, ,103730, ,5.99, ,0.00, ,88.7, 
2003/1/10,17:00,0.0, ,103770, ,8.82, ,29.00, ,88.7, 
2003/1/10,18:00,0.0, ,103730, ,22.21, ,52.20, ,88.7, 
2003/1/10,19:00,0.0, ,103560, ,8.82, ,37.60, ,88.5, 
2003/1/10,20:00,0.0, ,103470, ,12.02, ,0.00, ,88.5, 
2003/1/10,21:00,0.0, ,103470, ,3.76, ,0.00, ,88.5, 
2003/1/10,22:00,0.0, ,103470, ,0.00, ,0.00, ,88.5, 
2003/1/10,23:00,0.0, ,103470, ,0.00, ,0.00, ,88.5, 
2003/1/10,24:00,0.0, ,103520, ,3.50, ,0.00, ,88.5, 
2003/1/11,01:00,0.0, ,103520, ,8.36, ,0.00, ,88.5, 
2003/1/11,02:00,0.0, ,103520, ,0.00, ,0.00, ,88.5, 
2003/1/11,03:00,0.0, ,103520, ,0.00, ,0.00, ,88.5, 
2003/1/11,04:00,0.0, ,103520, ,0.00, ,0.00, ,88.5, 
2003/1/11,05:00,0.0, ,103520, ,0.00, ,0.00, ,88.5, 
2003/1/11,06:00,0.0, ,103560, ,4.01, ,0.00, ,88.5, 
2003/1/11,07:00,0.0, ,103560, ,7.85, ,0.00, ,88.5, 
2003/1/11,08:00,0.0, ,103560, ,0.02, ,20.40, ,88.5, 
2003/1/11,09:00,0.0, ,103520, ,9.90, ,48.30, ,88.5, 
2003/1/11,10:00,0.0, ,103260, ,4.55, ,58.90, ,88.3, 
2003/1/11,11:00,0.0, ,103090, ,3.19, ,48.60, ,88.1, 
2003/1/11,12:00,0.1, ,102960, ,6.63, ,25.50, ,88.0, 
2003/1/11,13:00,0.0, ,102960, ,6.27, ,0.00, ,88.0, 
2003/1/11,14:00,0.0, ,102960, ,0.00, ,0.00, ,88.0, 
2003/1/11,15:00,0.2, ,102960, ,0.00, ,0.00, ,88.0, 
2003/1/11,16:00,0.0, ,103000, ,11.06, ,0.00, ,88.0, 
2003/1/11,17:00,0.0, ,103050, ,8.65, ,28.90, ,88.1, 
2003/1/11,18:00,0.0, ,103000, ,19.35, ,59.00, ,88.0, 
2003/1/11,19:00,0.0, ,102830, ,12.91, ,29.50, ,87.8, 
2003/1/11,20:00,0.0, ,102750, ,6.90, ,0.00, ,87.8, 
2003/1/11,21:00,0.0, ,102750, ,1.98, ,0.00, ,87.8, 
2003/1/11,22:00,0.0, ,102750, ,0.00, ,0.00, ,87.8, 
2003/1/11,23:00,0.0, ,102790, ,7.35, ,0.00, ,87.8, 
2003/1/11,24:00,0.0, ,102790, ,4.47, ,0.00, ,87.8, 
2003/1/12,01:00,0.0, ,102790, ,0.00, ,0.00, ,87.8, 
2003/1/12,02:00,0.0, ,102790, ,0.00, ,0.00, ,87.8, 
2003/1/12,03:00,0.0, ,102830, ,9.42, ,0.00, ,87.8, 
2003/1/12,04:00,0.0, ,102830, ,2.40, ,0.00, ,87.8, 
2003/1/12,05:00,0.0, ,102830, ,0.00, ,0.00, ,87.8, 
2003/1/12,06:00,0.0, ,102830, ,0.00, ,0.00, ,87.8, 
2003/1/12,07:00,0.0, ,102830, ,0.00, ,0.00, ,87.8, 
2003/1/12,08:00,0.0, ,102830, ,0.00, ,0.00, ,87.8, 
2003/1/12,09:00,0.0, ,102880, ,7.87, ,20.10, ,87.9, 
2003/1/12,10:00,0.0, ,102790, ,13.83, ,41.20, ,87.8, 
2003/1/12,11:00,0.0, ,102660, ,2.80, ,26.20, ,87.7, 
2003/1/12,12:00,0.0, ,102660, ,4.80, ,0.00, ,87.7, 
2003/1/12,13:00,0.0, ,102660, ,0.00, ,0.00, ,87.7, 
2003/1/12,14:00,0.0, ,102710, ,5.69, ,0.00, ,87.7, 
2003/1/12,15:00,0.0, ,102710, ,6.12, ,0.00, ,87.7, 
2003/1/12,16:00,0.0, ,102750, ,9.40, ,29.00, ,87.8, 
2003/1/12,17:00,0.0, ,102710, ,17.39, ,59.10, ,87.7, 
2003/1/12,18:00,0.0, ,102540, ,13.10, ,59.00, ,87.6, 
2003/1/12,19:00,0.0, ,102370, ,7.63, ,58.30, ,87.4, 
2003/1/12,20:00,0.0, ,102150, ,5.18, ,40.70, ,87.2, 
2003/1/12,21:00,0.0, ,102070, ,7.66, ,15.30, ,87.1, 
2003/1/12,22:00,0.0, ,102070, ,2.53, ,0.00, ,87.1, 
2003/1/12,23:00,0.0, ,102070, ,0.00, ,0.00, ,87.1, 
2003/1/12,24:00,0.0, ,102070, ,0.00, ,0.00, ,87.1, 
2003/1/13,01:00,0.0, ,102070, ,0.00, ,0.00, ,87.1, 
2003/1/13,02:00,0.0, ,102070, ,0.00, ,0.00, ,87.1, 
2003/1/13,03:00,0.0, ,102070, ,0.00, ,0.00, ,87.1, 
2003/1/13,04:00,0.0, ,102110, ,2.38, ,0.00, ,87.2, 
2003/1/13,05:00,0.0, ,102110, ,9.40, ,0.00, ,87.2, 
2003/1/13,06:00,0.0, ,102110, ,0.00, ,0.00, ,87.2, 
2003/1/13,07:00,0.0, ,102110, ,0.00, ,0.00, ,87.2, 
2003/1/13,08:00,0.0, ,102110, ,0.00, ,0.00, ,87.2, 
2003/1/13,09:00,0.0, ,102110, ,0.03, ,20.20, ,87.2, 
2003/1/13,10:00,0.0, ,102070, ,12.68, ,41.40, ,87.1, 
2003/1/13,11:00,0.0, ,101940, ,8.28, ,25.40, ,87.0, 
2003/1/13,12:00,0.0, ,101900, ,3.12, ,0.00, ,87.0, 
2003/1/13,13:00,0.0, ,101940, ,0.84, ,0.00, ,87.0, 
2003/1/13,14:00,0.0, ,101940, ,10.93, ,0.00, ,87.0, 
2003/1/13,15:00,0.0, ,101980, ,4.39, ,0.00, ,87.0, 
2003/1/13,16:00,0.1, ,102030, ,8.94, ,29.40, ,87.1, 
2003/1/13,17:00,0.0, ,101980, ,22.21, ,58.80, ,87.0, 
2003/1/13,18:00,0.0, ,101770, ,5.73, ,59.00, ,86.8, 
2003/1/13,19:00,0.0, ,101560, ,7.97, ,62.90, ,86.6, 
2003/1/13,20:00,0.0, ,101390, ,5.56, ,37.90, ,86.5, 
2003/1/13,21:00,0.0, ,101310, ,8.73, ,17.10, ,86.4, 
2003/1/13,22:00,0.0, ,101310, ,2.50, ,0.00, ,86.4, 
2003/1/13,23:00,0.0, ,101310, ,0.00, ,0.00, ,86.4, 
2003/1/13,24:00,0.0, ,101310, ,0.00, ,0.00, ,86.4, 
2003/1/14,01:00,0.0, ,101310, ,0.00, ,0.00, ,86.4, 
2003/1/14,02:00,0.0, ,101310, ,0.00, ,0.00, ,86.4, 
2003/1/14,03:00,0.0, ,101350, ,6.37, ,0.00, ,86.4, 
2003/1/14,04:00,0.0, ,101350, ,5.36, ,0.00, ,86.4, 
2003/1/14,05:00,0.0, ,101350, ,0.00, ,0.00, ,86.4, 
2003/1/14,06:00,0.0, ,101350, ,0.00, ,0.00, ,86.4, 
2003/1/14,07:00,0.0, ,101350, ,0.00, ,0.00, ,86.4, 
2003/1/14,08:00,0.0, ,101390, ,6.55, ,0.00, ,86.5, 
2003/1/14,09:00,0.0, ,101390, ,5.20, ,16.10, ,86.5, 
2003/1/14,10:00,0.0, ,101350, ,5.96, ,32.60, ,86.4, 
2003/1/14,11:00,0.1, ,101220, ,2.15, ,20.60, ,86.3, 
2003/1/14,12:00,0.0, ,101220, ,5.96, ,0.00, ,86.3, 
2003/1/14,13:00,0.0, ,101220, ,0.00, ,0.00, ,86.3, 
2003/1/14,14:00,0.0, ,101270, ,7.19, ,0.00, ,86.3, 
2003/1/14,15:00,0.0, ,101310, ,16.93, ,0.00, ,86.4, 
2003/1/14,16:00,0.0, ,101390, ,8.87, ,29.00, ,86.5, 
2003/1/14,17:00,0.0, ,101270, ,6.80, ,48.40, ,86.3, 
2003/1/14,18:00,0.0, ,101050, ,6.46, ,59.60, ,86.1, 
2003/1/14,19:00,0.0, ,100890, ,8.23, ,62.50, ,86.0, 
2003/1/14,20:00,0.0, ,100760, ,7.14, ,24.40, ,85.9, 
2003/1/14,21:00,0.0, ,100720, ,4.74, ,10.70, ,85.8, 
2003/1/14,22:00,0.0, ,100720, ,3.12, ,0.00, ,85.8, 
2003/1/14,23:00,0.0, ,100760, ,3.69, ,0.00, ,85.9, 
2003/1/14,24:00,0.0, ,100760, ,8.01, ,0.00, ,85.9, 
2003/1/15,01:00,0.0, ,100760, ,0.00, ,0.00, ,85.9, 
2003/1/15,02:00,0.0, ,100760, ,0.00, ,0.00, ,85.9, 
2003/1/15,03:00,0.0, ,100760, ,0.00, ,0.00, ,85.9, 
2003/1/15,04:00,0.0, ,100760, ,0.00, ,0.00, ,85.9, 
2003/1/15,05:00,0.0, ,100800, ,8.01, ,0.00, ,85.9, 
2003/1/15,06:00,0.0, ,100800, ,3.69, ,0.00, ,85.9, 
2003/1/15,07:00,0.0, ,100800, ,0.00, ,0.00, ,85.9, 
2003/1/15,08:00,0.0, ,100800, ,0.03, ,20.30, ,85.9, 
2003/1/15,09:00,0.0, ,100720, ,6.48, ,49.40, ,85.8, 
2003/1/15,10:00,0.0, ,100510, ,2.33, ,37.20, ,85.6, 
2003/1/15,11:00,0.0, ,100380, ,2.96, ,37.20, ,85.5, 
2003/1/15,12:00,0.0, ,100250, ,2.42, ,19.80, ,85.4, 
2003/1/15,13:00,0.0, ,100250, ,3.61, ,0.00, ,85.4, 
2003/1/15,14:00,0.2, ,100300, ,8.79, ,0.00, ,85.4, 
2003/1/15,15:00,0.2, ,100300, ,2.88, ,0.00, ,85.4, 
2003/1/15,16:00,0.0, ,100340, ,6.19, ,16.10, ,85.5, 
2003/1/15,17:00,0.0, ,100340, ,16.70, ,21.00, ,85.5, 
2003/1/15,18:00,0.0, ,100250, ,13.39, ,34.10, ,85.4, 
2003/1/15,19:00,0.0, ,100130, ,6.53, ,33.90, ,85.3, 
2003/1/15,20:00,0.0, ,100040, ,10.47, ,19.30, ,85.2, 
2003/1/15,21:00,0.0, ,100040, ,2.18, ,0.00, ,85.2, 
2003/1/15,22:00,0.0, ,100040, ,0.00, ,0.00, ,85.2, 
2003/1/15,23:00,0.0, ,100040, ,0.00, ,0.00, ,85.2, 
2003/1/15,24:00,0.0, ,100040, ,0.00, ,0.00, ,85.2, 
2003/1/16,01:00,0.0, ,100040, ,0.00, ,0.00, ,85.2, 
2003/1/16,02:00,0.0, ,100090, ,8.16, ,0.00, ,85.2, 
2003/1/16,03:00,0.0, ,100090, ,3.50, ,0.00, ,85.2, 
2003/1/16,04:00,0.0, ,100090, ,0.00, ,0.00, ,85.2, 
2003/1/16,05:00,0.0, ,100090, ,0.00, ,0.00, ,85.2, 
2003/1/16,06:00,0.0, ,100090, ,0.00, ,0.00, ,85.2, 
2003/1/16,07:00,0.0, ,100090, ,0.00, ,0.00, ,85.2, 
2003/1/16,08:00,0.0, ,100090, ,0.03, ,20.00, ,85.2, 
2003/1/16,09:00,0.0, ,100040, ,15.36, ,33.90, ,85.2, 
2003/1/16,10:00,0.0, ,99920, ,8.08, ,34.00, ,85.0, 
2003/1/16,11:00,0.0, ,99830, ,2.25, ,0.00, ,85.0, 
2003/1/16,12:00,0.2, ,99830, ,4.65, ,0.00, ,85.0, 
2003/1/16,13:00,0.0, ,99830, ,0.00, ,0.00, ,85.0, 
2003/1/16,14:00,0.1, ,99830, ,0.00, ,0.00, ,85.0, 
2003/1/16,15:00,0.1, ,99880, ,0.50, ,16.30, ,85.0, 
2003/1/16,16:00,0.0, ,99880, ,21.76, ,33.90, ,85.0, 
2003/1/16,17:00,0.1, ,99710, ,13.11, ,57.20, ,84.8, 
2003/1/16,18:00,0.0, ,99500, ,5.35, ,59.70, ,84.6, 
2003/1/16,19:00,0.0, ,99330, ,3.38, ,52.70, ,84.5, 
2003/1/16,20:00,0.0, ,99170, ,6.27, ,27.10, ,84.3, 
2003/1/16,21:00,0.0, ,99080, ,6.96, ,13.60, ,84.2, 
2003/1/16,22:00,0.0, ,99080, ,0.91, ,0.00, ,84.2, 
2003/1/16,23:00,0.0, ,99080, ,0.00, ,0.00, ,84.2, 
2003/1/16,24:00,0.0, ,99080, ,0.00, ,0.00, ,84.2, 
2003/1/17,01:00,0.0, ,99080, ,0.00, ,0.00, ,84.2, 
2003/1/17,02:00,0.0, ,99080, ,0.00, ,0.00, ,84.2, 
2003/1/17,03:00,0.0, ,99080, ,0.00, ,0.00, ,84.2, 
2003/1/17,04:00,0.0, ,99120, ,9.03, ,0.00, ,84.3, 
2003/1/17,05:00,0.0, ,99120, ,2.57, ,0.00, ,84.3, 
2003/1/17,06:00,0.0, ,99120, ,0.00, ,0.00, ,84.3, 
2003/1/17,07:00,0.0, ,99120, ,0.00, ,0.00, ,84.3, 
2003/1/17,08:00,0.0, ,99120, ,0.03, ,27.80, ,84.3, 
2003/1/17,09:00,0.0, ,99080, ,13.40, ,31.00, ,84.2, 
2003/1/17,10:00,0.0, ,98960, ,4.93, ,52.80, ,84.1, 
2003/1/17,11:00,0.0, ,98750, ,1.05, ,37.30, ,83.9, 
2003/1/17,12:00,0.0, ,98750, ,3.28, ,0.00, ,83.9, 
2003/1/17,13:00,0.0, ,98750, ,0.12, ,0.00, ,83.9, 
2003/1/17,14:00,0.0, ,98790, ,6.10, ,0.00, ,84.0, 
2003/1/17,15:00,0.0, ,98790, ,5.51, ,16.30, ,84.0, 
2003/1/17,16:00,0.0, ,98790, ,11.42, ,32.40, ,84.0, 
2003/1/17,17:00,0.1, ,98660, ,15.74, ,53.20, ,83.8, 
2003/1/17,18:00,0.0, ,98500, ,6.92, ,58.20, ,83.7, 
2003/1/17,19:00,0.0, ,98330, ,5.86, ,40.90, ,83.5, 
2003/1/17,20:00,0.0, ,98210, ,6.81, ,0.00, ,83.4, 
2003/1/17,21:00,0.0, ,98210, ,5.12, ,0.00, ,83.4, 
2003/1/17,22:00,0.0, ,98210, ,0.00, ,0.00, ,83.4, 
2003/1/17,23:00,0.0, ,98210, ,0.00, ,0.00, ,83.4, 
2003/1/17,24:00,0.0, ,98210, ,0.00, ,0.00, ,83.4, 
2003/1/18,01:00,0.0, ,98210, ,0.00, ,0.00, ,83.4, 
2003/1/18,02:00,0.0, ,98210, ,0.00, ,0.00, ,83.4, 
2003/1/18,03:00,0.0, ,98210, ,0.00, ,0.00, ,83.4, 
2003/1/18,04:00,0.0, ,98250, ,7.85, ,0.00, ,83.4, 
2003/1/18,05:00,0.0, ,98250, ,3.70, ,0.00, ,83.4, 
2003/1/18,06:00,0.3, ,98250, ,0.00, ,0.00, ,83.4, 
2003/1/18,07:00,0.3, ,98250, ,0.00, ,0.00, ,83.4, 
2003/1/18,08:00,0.3, ,98250, ,0.05, ,19.70, ,83.4, 
2003/1/18,09:00,0.0, ,98170, ,9.85, ,58.10, ,83.4, 
2003/1/18,10:00,0.1, ,97960, ,4.01, ,58.70, ,83.2, 
2003/1/18,11:00,0.0, ,97790, ,1.15, ,13.00, ,83.0, 
2003/1/18,12:00,0.1, ,97750, ,2.11, ,0.00, ,83.0, 
2003/1/18,13:00,0.0, ,97790, ,8.94, ,0.00, ,83.0, 
2003/1/18,14:00,0.0, ,97790, ,2.63, ,0.00, ,83.0, 
2003/1/18,15:00,0.0, ,97830, ,8.77, ,0.00, ,83.0, 
2003/1/18,16:00,0.0, ,97830, ,2.77, ,19.50, ,83.0, 
2003/1/18,17:00,0.0, ,97830, ,13.74, ,25.40, ,83.0, 
2003/1/18,18:00,0.0, ,97630, ,12.62, ,61.40, ,82.8, 
2003/1/18,19:00,0.0, ,97420, ,7.35, ,44.40, ,82.6, 
2003/1/18,20:00,0.0, ,97290, ,5.78, ,28.70, ,82.5, 
2003/1/18,21:00,0.0, ,97250, ,8.08, ,4.20, ,82.5, 
2003/1/18,22:00,0.0, ,97210, ,2.16, ,0.00, ,82.4, 
2003/1/18,23:00,0.0, ,97250, ,0.54, ,0.00, ,82.5, 
2003/1/18,24:00,0.0, ,97250, ,10.95, ,0.00, ,82.5, 
2003/1/19,01:00,0.0, ,97250, ,0.00, ,0.00, ,82.5, 
2003/1/19,02:00,0.0, ,97250, ,0.00, ,0.00, ,82.5, 
2003/1/19,03:00,0.0, ,97250, ,0.00, ,0.00, ,82.5, 
2003/1/19,04:00,0.0, ,97250, ,0.00, ,0.00, ,82.5, 
2003/1/19,05:00,0.0, ,97250, ,0.00, ,0.00, ,82.5, 
2003/1/19,06:00,0.0, ,97250, ,0.00, ,0.00, ,82.5, 
2003/1/19,07:00,0.0, ,97290, ,7.10, ,0.00, ,82.5, 
2003/1/19,08:00,0.0, ,97290, ,4.42, ,20.40, ,82.5, 
2003/1/19,09:00,0.1, ,97210, ,8.74, ,58.40, ,82.4, 
2003/1/19,10:00,0.1, ,97010, ,0.95, ,58.60, ,82.3, 
2003/1/19,11:00,0.0, ,96800, ,2.78, ,38.10, ,82.0, 
2003/1/19,12:00,0.0, ,96800, ,3.69, ,0.00, ,82.0, 
2003/1/19,13:00,0.1, ,96800, ,0.08, ,0.00, ,82.0, 
2003/1/19,14:00,0.0, ,96800, ,0.00, ,0.00, ,82.0, 
2003/1/19,15:00,0.0, ,96840, ,11.36, ,0.00, ,82.1, 
2003/1/19,16:00,0.0, ,96880, ,8.71, ,29.20, ,82.1, 
2003/1/19,17:00,0.0, ,96840, ,15.21, ,58.60, ,82.1, 
2003/1/19,18:00,0.0, ,96630, ,12.47, ,58.30, ,81.9, 
2003/1/19,19:00,0.2, ,96470, ,5.04, ,44.80, ,81.7, 
2003/1/19,20:00,0.6, ,96350, ,6.67, ,0.00, ,81.6, 
2003/1/19,21:00,0.4, ,96350, ,5.08, ,0.00, ,81.6, 
2003/1/19,22:00,0.1, ,96350, ,0.00, ,0.00, ,81.6, 
2003/1/19,23:00,0.2, ,96350, ,0.00, ,0.00, ,81.6, 
2003/1/19,24:00,0.0, ,96350, ,0.00, ,0.00, ,81.6, 
2003/1/20,01:00,0.0, ,96390, ,9.17, ,0.00, ,81.7, 
2003/1/20,02:00,0.0, ,96390, ,2.27, ,0.00, ,81.7, 
2003/1/20,03:00,0.0, ,96390, ,0.00, ,0.00, ,81.7, 
2003/1/20,04:00,0.0, ,96390, ,0.00, ,0.00, ,81.7, 
2003/1/20,05:00,0.0, ,96390, ,0.00, ,0.00, ,81.7, 
2003/1/20,06:00,0.0, ,96430, ,3.09, ,0.00, ,81.7, 
2003/1/20,07:00,0.0, ,96430, ,8.35, ,0.00, ,81.7, 
2003/1/20,08:00,0.0, ,96430, ,0.02, ,20.50, ,81.7, 
2003/1/20,09:00,0.0, ,96350, ,9.68, ,28.80, ,81.6, 
2003/1/20,10:00,0.5, ,96260, ,2.44, ,28.40, ,81.5, 
2003/1/20,11:00,0.0, ,96180, ,4.32, ,23.30, ,81.5, 
2003/1/20,12:00,0.0, ,96140, ,8.26, ,12.30, ,81.4, 
2003/1/20,13:00,0.0, ,96100, ,2.62, ,0.00, ,81.4, 
2003/1/20,14:00,0.0, ,96100, ,0.00, ,0.00, ,81.4, 
2003/1/20,15:00,0.0, ,96140, ,1.03, ,0.00, ,81.4, 
2003/1/20,16:00,0.0, ,96140, ,10.42, ,29.50, ,81.4, 
2003/1/20,17:00,0.0, ,96140, ,15.91, ,49.60, ,81.4, 
2003/1/20,18:00,0.0, ,95980, ,12.97, ,49.50, ,81.3, 
2003/1/20,19:00,0.0, ,95810, ,5.45, ,32.30, ,81.1, 
2003/1/20,20:00,0.0, ,95730, ,6.35, ,0.00, ,81.0, 
2003/1/20,21:00,0.0, ,95730, ,2.83, ,0.00, ,81.0, 
2003/1/20,22:00,0.0, ,95730, ,0.00, ,0.00, ,81.0, 
2003/1/20,23:00,0.0, ,95730, ,0.00, ,0.00, ,81.0, 
2003/1/20,24:00,0.0, ,95770, ,9.10, ,0.00, ,81.1, 
2003/1/21,01:00,0.0, ,95770, ,2.30, ,0.00, ,81.1, 
2003/1/21,02:00,0.0, ,95810, ,10.22, ,0.00, ,81.1, 
2003/1/21,03:00,0.0, ,95810, ,1.18, ,0.00, ,81.1, 
2003/1/21,04:00,0.0, ,95810, ,0.00, ,0.00, ,81.1, 
2003/1/21,05:00,0.0, ,95810, ,0.00, ,0.00, ,81.1, 
2003/1/21,06:00,0.0, ,95810, ,0.00, ,0.00, ,81.1, 
2003/1/21,07:00,0.1, ,95850, ,2.00, ,0.00, ,81.1, 
2003/1/21,08:00,0.0, ,95850, ,9.43, ,20.00, ,81.1, 
2003/1/21,09:00,0.0, ,95730, ,3.02, ,45.40, ,81.0, 
2003/1/21,10:00,0.1, ,95560, ,2.61, ,59.00, ,80.9, 
2003/1/21,11:00,0.4, ,95360, ,1.17, ,59.30, ,80.7, 
2003/1/21,12:00,0.2, ,95160, ,3.76, ,37.20, ,80.5, 
2003/1/21,13:00,0.0, ,95110, ,4.29, ,0.00, ,80.4, 
2003/1/21,14:00,0.2, ,95160, ,6.06, ,0.00, ,80.5, 
2003/1/21,15:00,0.0, ,95160, ,2.84, ,0.00, ,80.5, 
2003/1/21,16:00,0.0, ,95200, ,8.67, ,19.80, ,80.5, 
2003/1/21,17:00,0.0, ,95160, ,14.58, ,55.40, ,80.5, 
2003/1/21,18:00,0.0, ,94990, ,9.67, ,51.40, ,80.3, 
2003/1/21,19:00,0.0, ,94790, ,7.00, ,35.10, ,80.1, 
2003/1/21,20:00,0.0, ,94790, ,8.15, ,10.50, ,80.1, 
2003/1/21,21:00,0.0, ,94750, ,1.96, ,0.00, ,80.1, 
2003/1/21,22:00,0.0, ,94750, ,0.00, ,0.00, ,80.1, 
2003/1/21,23:00,0.0, ,94750, ,0.00, ,0.00, ,80.1, 
2003/1/21,24:00,0.0, ,94790, ,8.94, ,0.00, ,80.1, 
2003/1/22,01:00,0.0, ,94790, ,2.40, ,0.00, ,80.1, 
2003/1/22,02:00,0.0, ,94790, ,0.00, ,0.00, ,80.1, 
2003/1/22,03:00,0.0, ,94790, ,0.00, ,0.00, ,80.1, 
2003/1/22,04:00,0.0, ,94790, ,0.00, ,0.00, ,80.1, 
2003/1/22,05:00,0.0, ,94790, ,0.00, ,0.00, ,80.1, 
2003/1/22,06:00,0.0, ,94830, ,3.50, ,0.00, ,80.2, 
2003/1/22,07:00,0.0, ,94830, ,7.84, ,0.00, ,80.2, 
2003/1/22,08:00,0.0, ,94830, ,0.03, ,20.30, ,80.2, 
2003/1/22,09:00,0.0, ,94750, ,11.16, ,50.10, ,80.1, 
2003/1/22,10:00,0.0, ,94540, ,3.17, ,59.40, ,79.9, 
2003/1/22,11:00,0.0, ,94340, ,1.61, ,48.50, ,79.7, 
2003/1/22,12:00,0.0, ,94180, ,4.49, ,0.00, ,79.5, 
2003/1/22,13:00,0.1, ,94180, ,0.91, ,0.00, ,79.5, 
2003/1/22,14:00,0.1, ,94180, ,0.00, ,0.00, ,79.5, 
2003/1/22,15:00,0.3, ,94220, ,4.07, ,0.00, ,79.6, 
2003/1/22,16:00,0.0, ,94220, ,7.27, ,16.30, ,79.6, 
2003/1/22,17:00,0.0, ,94220, ,12.73, ,40.40, ,79.6, 
2003/1/22,18:00,0.0, ,94050, ,16.06, ,48.20, ,79.4, 
2003/1/22,19:00,0.0, ,93890, ,4.63, ,27.00, ,79.2, 
2003/1/22,20:00,0.0, ,93890, ,0.84, ,0.00, ,79.2, 
2003/1/22,21:00,0.0, ,93930, ,1.09, ,0.00, ,79.3, 
2003/1/22,22:00,0.0, ,93930, ,10.26, ,0.00, ,79.3, 
2003/1/22,23:00,0.0, ,93970, ,4.27, ,0.00, ,79.3, 
2003/1/22,24:00,0.1, ,93970, ,7.02, ,0.00, ,79.3, 
2003/1/23,01:00,0.4, ,93970, ,0.00, ,0.00, ,79.3, 
2003/1/23,02:00,0.4, ,94010, ,4.70, ,0.00, ,79.4, 
2003/1/23,03:00,1.1, ,94010, ,6.59, ,0.00, ,79.4, 
2003/1/23,04:00,2.6, ,94050, ,1.49, ,0.00, ,79.4, 
2003/1/23,05:00,3.2, ,94050, ,9.80, ,0.00, ,79.4, 
2003/1/23,06:00,1.3, ,94050, ,0.00, ,0.00, ,79.4, 
2003/1/23,07:00,0.7, ,94090, ,1.56, ,0.00, ,79.4, 
2003/1/23,08:00,1.1, ,94090, ,9.75, ,6.30, ,79.4, 
2003/1/23,09:00,1.0, ,94010, ,8.61, ,44.10, ,79.4, 
2003/1/23,10:00,0.3, ,93810, ,2.41, ,49.90, ,79.2, 
2003/1/23,11:00,0.7, ,93690, ,2.53, ,23.30, ,79.1, 
2003/1/23,12:00,0.1, ,93610, ,9.02, ,12.10, ,79.0, 
2003/1/23,13:00,0.0, ,93650, ,3.03, ,0.00, ,79.0, 
2003/1/23,14:00,0.1, ,93690, ,14.28, ,0.00, ,79.1, 
2003/1/23,15:00,0.1, ,93730, ,8.68, ,0.00, ,79.1, 
2003/1/23,16:00,0.0, ,93770, ,10.88, ,0.00, ,79.1, 
2003/1/23,17:00,0.0, ,93810, ,13.83, ,6.40, ,79.2, 
2003/1/23,18:00,0.1, ,93810, ,14.37, ,24.30, ,79.2, 
2003/1/23,19:00,0.0, ,93770, ,11.13, ,11.50, ,79.1, 
2003/1/23,20:00,0.0, ,93730, ,15.51, ,0.00, ,79.1, 
2003/1/23,21:00,0.0, ,93850, ,12.63, ,0.00, ,79.2, 
2003/1/23,22:00,0.2, ,93890, ,14.66, ,0.00, ,79.2, 
2003/1/23,23:00,0.0, ,93890, ,11.28, ,0.00, ,79.2, 
2003/1/23,24:00,0.0, ,93970, ,13.07, ,0.00, ,79.3, 
2003/1/24,01:00,0.0, ,94010, ,12.12, ,0.00, ,79.4, 
2003/1/24,02:00,0.0, ,94050, ,9.67, ,0.00, ,79.4, 
2003/1/24,03:00,0.0, ,94050, ,6.06, ,0.00, ,79.4, 
2003/1/24,04:00,0.0, ,94090, ,0.85, ,0.00, ,79.4, 
2003/1/24,05:00,0.0, ,94090, ,10.45, ,0.00, ,79.4, 
2003/1/24,06:00,0.0, ,94090, ,0.00, ,0.00, ,79.4, 
2003/1/24,07:00,0.0, ,94140, ,1.07, ,0.00, ,79.5, 
2003/1/24,08:00,0.0, ,94140, ,10.25, ,15.70, ,79.5, 
2003/1/24,09:00,0.0, ,94090, ,10.70, ,30.10, ,79.4, 
2003/1/24,10:00,0.0, ,94010, ,8.51, ,35.00, ,79.4, 
2003/1/24,11:00,0.2, ,93930, ,8.22, ,0.00, ,79.3, 
2003/1/24,12:00,0.0, ,93930, ,6.42, ,0.00, ,79.3, 
2003/1/24,13:00,0.0, ,93930, ,0.00, ,0.00, ,79.3, 
2003/1/24,14:00,0.0, ,93970, ,5.80, ,0.00, ,79.3, 
2003/1/24,15:00,0.0, ,94010, ,10.73, ,0.00, ,79.4, 
2003/1/24,16:00,0.0, ,94050, ,14.04, ,15.20, ,79.4, 
2003/1/24,17:00,0.0, ,94010, ,9.97, ,33.60, ,79.4, 
2003/1/24,18:00,0.0, ,93890, ,8.49, ,38.50, ,79.2, 
2003/1/24,19:00,0.0, ,93810, ,8.82, ,8.80, ,79.2, 
2003/1/24,20:00,0.0, ,93810, ,8.60, ,0.00, ,79.2, 
2003/1/24,21:00,0.0, ,93850, ,7.39, ,0.00, ,79.2, 
2003/1/24,22:00,0.0, ,93890, ,9.42, ,0.00, ,79.2, 
2003/1/24,23:00,0.0, ,93890, ,6.86, ,0.00, ,79.2, 
2003/1/24,24:00,0.0, ,93930, ,2.62, ,0.00, ,79.3, 
2003/1/25,01:00,0.0, ,93930, ,8.67, ,0.00, ,79.3, 
2003/1/25,02:00,0.0, ,93930, ,0.00, ,0.00, ,79.3, 
2003/1/25,03:00,0.0, ,93930, ,0.00, ,0.00, ,79.3, 
2003/1/25,04:00,0.0, ,93930, ,0.00, ,0.00, ,79.3, 
2003/1/25,05:00,0.0, ,93930, ,3.42, ,0.00, ,79.3, 
2003/1/25,06:00,0.0, ,93930, ,0.00, ,0.00, ,79.3, 
2003/1/25,07:00,0.0, ,93930, ,0.00, ,0.00, ,79.3, 
2003/1/25,08:00,0.0, ,93970, ,2.97, ,25.40, ,79.3, 
2003/1/25,09:00,0.0, ,93930, ,15.68, ,36.40, ,79.3, 
2003/1/25,10:00,0.0, ,93730, ,1.13, ,48.30, ,79.1, 
2003/1/25,11:00,0.0, ,93570, ,2.20, ,37.40, ,78.9, 
2003/1/25,12:00,0.1, ,93490, ,5.75, ,7.70, ,78.9, 
2003/1/25,13:00,0.0, ,93450, ,1.74, ,0.00, ,78.8, 
2003/1/25,14:00,0.0, ,93490, ,3.94, ,0.00, ,78.9, 
2003/1/25,15:00,0.0, ,93490, ,7.32, ,0.00, ,78.9, 
2003/1/25,16:00,0.0, ,93530, ,9.49, ,19.60, ,78.9, 
2003/1/25,17:00,0.0, ,93490, ,14.08, ,46.00, ,78.9, 
2003/1/25,18:00,0.0, ,93320, ,10.39, ,56.10, ,78.7, 
2003/1/25,19:00,0.0, ,93120, ,6.14, ,55.80, ,78.5, 
2003/1/25,20:00,0.0, ,92960, ,6.16, ,29.10, ,78.4, 
2003/1/25,21:00,0.0, ,92880, ,7.01, ,6.60, ,78.3, 
2003/1/25,22:00,0.0, ,92880, ,4.03, ,0.00, ,78.3, 
2003/1/25,23:00,0.0, ,92880, ,0.00, ,0.00, ,78.3, 
2003/1/25,24:00,0.0, ,92880, ,0.00, ,0.00, ,78.3, 
2003/1/26,01:00,0.0, ,92920, ,3.48, ,0.00, ,78.3, 
2003/1/26,02:00,0.0, ,92920, ,7.74, ,0.00, ,78.3, 
2003/1/26,03:00,0.0, ,92920, ,0.00, ,0.00, ,78.3, 
2003/1/26,04:00,0.0, ,92920, ,0.00, ,0.00, ,78.3, 
2003/1/26,05:00,0.0, ,92920, ,0.00, ,0.00, ,78.3, 
2003/1/26,06:00,0.0, ,92920, ,0.00, ,0.00, ,78.3, 
2003/1/26,07:00,0.0, ,92920, ,0.00, ,0.00, ,78.3, 
2003/1/26,08:00,0.0, ,92960, ,8.89, ,0.00, ,78.4, 
2003/1/26,09:00,0.0, ,92960, ,2.37, ,24.00, ,78.4, 
2003/1/26,10:00,0.0, ,92880, ,9.10, ,46.70, ,78.3, 
2003/1/26,11:00,0.0, ,92760, ,3.83, ,35.00, ,78.2, 
2003/1/26,12:00,0.1, ,92640, ,6.36, ,8.30, ,78.0, 
2003/1/26,13:00,0.1, ,92640, ,0.81, ,0.00, ,78.0, 
2003/1/26,14:00,0.3, ,92640, ,0.00, ,0.00, ,78.0, 
2003/1/26,15:00,0.1, ,92680, ,6.17, ,0.00, ,78.1, 
2003/1/26,16:00,0.8, ,92720, ,8.87, ,16.80, ,78.1, 
2003/1/26,17:00,0.7, ,92680, ,17.11, ,40.10, ,78.1, 
2003/1/26,18:00,0.9, ,92560, ,10.76, ,43.10, ,78.0, 
2003/1/26,19:00,1.2, ,92430, ,11.76, ,28.60, ,77.8, 
2003/1/26,20:00,1.7, ,92390, ,8.09, ,0.00, ,77.8, 
2003/1/26,21:00,1.8, ,92390, ,6.18, ,0.00, ,77.8, 
2003/1/26,22:00,1.3, ,92390, ,0.00, ,0.00, ,77.8, 
2003/1/26,23:00,1.3, ,92430, ,9.66, ,0.00, ,77.8, 
2003/1/26,24:00,1.4, ,92480, ,10.15, ,0.00, ,77.9, 
2003/1/27,01:00,1.9, ,92520, ,8.62, ,0.00, ,77.9, 
2003/1/27,02:00,4.6, ,92520, ,5.15, ,0.00, ,77.9, 
2003/1/27,03:00,2.5, ,92560, ,9.93, ,0.00, ,78.0, 
2003/1/27,04:00,1.2, ,92600, ,2.91, ,0.00, ,78.0, 
2003/1/27,05:00,0.5, ,92600, ,9.56, ,0.00, ,78.0, 
2003/1/27,06:00,0.8, ,92640, ,4.90, ,0.00, ,78.0, 
2003/1/27,07:00,2.1, ,92680, ,6.54, ,0.00, ,78.1, 
2003/1/27,08:00,6.5, ,92680, ,11.00, ,28.50, ,78.1, 
2003/1/27,09:00,4.3, ,92720, ,26.12, ,0.00, ,78.1, 
2003/1/27,10:00,3.0, ,92800, ,21.00, ,0.00, ,78.2, 
2003/1/27,11:00,3.0, ,92960, ,40.52, ,0.00, ,78.4, 
2003/1/27,12:00,0.4, ,93160, ,50.02, ,0.00, ,78.5, 
2003/1/27,13:00,0.2, ,93400, ,55.83, ,0.00, ,78.8, 
2003/1/27,14:00,0.0, ,93610, ,60.33, ,0.00, ,79.0, 
2003/1/27,15:00,0.0, ,93810, ,61.38, ,0.00, ,79.2, 
2003/1/27,16:00,0.1, ,94010, ,55.36, ,0.00, ,79.4, 
2003/1/27,17:00,0.3, ,94180, ,50.49, ,0.00, ,79.5, 
2003/1/27,18:00,0.3, ,94340, ,44.91, ,0.00, ,79.7, 
2003/1/27,19:00,0.1, ,94460, ,41.83, ,0.00, ,79.8, 
2003/1/27,20:00,0.0, ,94620, ,38.81, ,0.00, ,80.0, 
2003/1/27,21:00,0.0, ,94750, ,37.78, ,0.00, ,80.1, 
2003/1/27,22:00,0.0, ,94870, ,38.02, ,0.00, ,80.2, 
2003/1/27,23:00,0.0, ,94990, ,30.17, ,0.00, ,80.3, 
2003/1/27,24:00,0.0, ,95070, ,26.71, ,0.00, ,80.2, 
2003/1/28,01:00,0.0, ,95160, ,22.03, ,0.00, ,80.2, 
2003/1/28,02:00,0.0, ,95240, ,25.33, ,0.00, ,80.3, 
2003/1/28,03:00,0.0, ,95280, ,18.07, ,0.00, ,80.4, 
2003/1/28,04:00,0.0, ,95360, ,21.24, ,0.00, ,80.4, 
2003/1/28,05:00,0.0, ,95440, ,18.56, ,0.00, ,80.5, 
2003/1/28,06:00,0.0, ,95480, ,15.61, ,0.00, ,80.6, 
2003/1/28,07:00,0.0, ,95520, ,12.90, ,0.00, ,80.6, 
2003/1/28,08:00,0.0, ,95610, ,16.22, ,0.00, ,80.7, 
2003/1/28,09:00,0.1, ,95610, ,13.04, ,0.00, ,80.7, 
2003/1/28,10:00,0.0, ,95690, ,7.27, ,0.00, ,80.8, 
2003/1/28,11:00,0.0, ,95730, ,23.53, ,0.00, ,80.8, 
2003/1/28,12:00,0.0, ,95810, ,19.76, ,0.00, ,80.9, 
2003/1/28,13:00,0.0, ,95890, ,16.80, ,0.00, ,81.0, 
2003/1/28,14:00,0.0, ,95930, ,18.76, ,0.00, ,81.0, 
2003/1/28,15:00,0.0, ,96020, ,21.15, ,0.00, ,81.1, 
2003/1/28,16:00,0.0, ,96100, ,16.93, ,0.00, ,81.2, 
2003/1/28,17:00,0.0, ,96140, ,18.50, ,0.00, ,81.2, 
2003/1/28,18:00,0.0, ,96180, ,14.83, ,0.00, ,81.2, 
2003/1/28,19:00,0.0, ,96260, ,13.75, ,0.00, ,81.3, 
2003/1/28,20:00,0.0, ,96300, ,16.42, ,0.00, ,81.3, 
2003/1/28,21:00,0.0, ,96390, ,17.93, ,0.00, ,81.4, 
2003/1/28,22:00,0.0, ,96430, ,13.50, ,0.00, ,81.5, 
2003/1/28,23:00,0.0, ,96470, ,14.95, ,0.00, ,81.5, 
2003/1/28,24:00,0.0, ,96510, ,12.36, ,0.00, ,81.2, 
2003/1/29,01:00,0.1, ,96590, ,17.09, ,0.00, ,81.3, 
2003/1/29,02:00,0.0, ,96630, ,17.67, ,0.00, ,81.3, 
2003/1/29,03:00,0.1, ,96670, ,9.03, ,0.00, ,81.4, 
2003/1/29,04:00,0.0, ,96720, ,10.35, ,0.00, ,81.4, 
2003/1/29,05:00,0.1, ,96760, ,14.72, ,0.00, ,81.5, 
2003/1/29,06:00,0.1, ,96800, ,9.09, ,0.00, ,81.5, 
2003/1/29,07:00,0.1, ,96840, ,14.12, ,0.00, ,81.5, 
2003/1/29,08:00,0.0, ,96880, ,8.41, ,0.00, ,81.6, 
2003/1/29,09:00,0.0, ,96880, ,10.40, ,0.00, ,81.6, 
2003/1/29,10:00,0.0, ,96960, ,9.27, ,0.00, ,81.7, 
2003/1/29,11:00,0.0, ,97050, ,12.43, ,0.00, ,81.8, 
2003/1/29,12:00,0.0, ,97050, ,16.96, ,0.00, ,81.8, 
2003/1/29,13:00,0.0, ,97130, ,14.54, ,0.00, ,81.8, 
2003/1/29,14:00,0.0, ,97130, ,13.91, ,0.00, ,81.8, 
2003/1/29,15:00,0.0, ,97170, ,17.34, ,0.00, ,81.9, 
2003/1/29,16:00,0.0, ,97290, ,14.65, ,0.00, ,82.0, 
2003/1/29,17:00,0.0, ,97290, ,11.32, ,0.00, ,82.0, 
2003/1/29,18:00,0.0, ,97340, ,17.58, ,0.00, ,82.0, 
2003/1/29,19:00,0.0, ,97460, ,11.96, ,0.00, ,82.1, 
2003/1/29,20:00,0.0, ,97460, ,15.79, ,0.00, ,82.1, 
2003/1/29,21:00,0.0, ,97500, ,12.69, ,0.00, ,82.2, 
2003/1/29,22:00,0.0, ,97580, ,13.39, ,0.00, ,82.3, 
2003/1/29,23:00,0.0, ,97580, ,12.58, ,0.00, ,82.3, 
2003/1/29,24:00,0.0, ,97670, ,12.87, ,0.00, ,82.2, 
2003/1/30,01:00,0.0, ,97710, ,11.66, ,0.00, ,82.3, 
2003/1/30,02:00,0.0, ,97710, ,9.89, ,0.00, ,82.3, 
2003/1/30,03:00,0.0, ,97750, ,9.98, ,0.00, ,82.3, 
2003/1/30,04:00,0.0, ,97750, ,2.15, ,0.00, ,82.3, 
2003/1/30,05:00,0.0, ,97790, ,5.01, ,0.00, ,82.3, 
2003/1/30,06:00,0.0, ,97790, ,6.51, ,0.00, ,82.3, 
2003/1/30,07:00,0.0, ,97830, ,5.61, ,0.00, ,82.4, 
2003/1/30,08:00,0.0, ,97830, ,5.91, ,0.00, ,82.4, 
2003/1/30,09:00,0.0, ,97870, ,8.88, ,0.00, ,82.4, 
2003/1/30,10:00,0.0, ,97920, ,3.06, ,0.00, ,82.5, 
2003/1/30,11:00,0.0, ,97960, ,14.43, ,0.00, ,82.5, 
2003/1/30,12:00,0.9, ,98000, ,10.90, ,0.00, ,82.5, 
2003/1/30,13:00,0.4, ,98040, ,14.84, ,0.00, ,82.6, 
2003/1/30,14:00,0.7, ,98080, ,14.42, ,0.00, ,82.6, 
2003/1/30,15:00,0.2, ,98170, ,13.17, ,0.00, ,82.7, 
2003/1/30,16:00,0.1, ,98210, ,16.62, ,0.00, ,82.8, 
2003/1/30,17:00,0.0, ,98250, ,15.69, ,0.00, ,82.8, 
2003/1/30,18:00,0.0, ,98290, ,11.67, ,0.00, ,82.8, 
2003/1/30,19:00,0.0, ,98370, ,15.32, ,0.00, ,82.9, 
2003/1/30,20:00,0.0, ,98410, ,12.23, ,0.00, ,82.9, 
2003/1/30,21:00,0.0, ,98460, ,14.22, ,0.00, ,83.0, 
2003/1/30,22:00,0.0, ,98500, ,14.12, ,0.00, ,83.0, 
2003/1/30,23:00,0.0, ,98540, ,11.06, ,0.00, ,83.1, 
2003/1/30,24:00,0.0, ,98580, ,10.59, ,0.00, ,83.0, 
2003/1/31,01:00,0.0, ,98620, ,13.19, ,0.00, ,83.1, 
2003/1/31,02:00,0.0, ,98620, ,5.01, ,0.00, ,83.1, 
2003/1/31,03:00,0.0, ,98660, ,9.08, ,0.00, ,83.1, 
2003/1/31,04:00,0.0, ,98710, ,4.44, ,0.00, ,83.2, 
2003/1/31,05:00,0.0, ,98710, ,9.63, ,0.00, ,83.2, 
2003/1/31,06:00,0.0, ,98750, ,5.10, ,0.00, ,83.2, 
2003/1/31,07:00,0.0, ,98750, ,6.48, ,0.00, ,83.2, 
2003/1/31,08:00,0.0, ,98790, ,10.89, ,0.00, ,83.2, 
2003/1/31,09:00,0.0, ,98790, ,0.69, ,0.00, ,83.2, 
2003/1/31,10:00,0.2, ,98830, ,7.89, ,0.00, ,83.3, 
2003/1/31,11:00,0.1, ,98870, ,8.86, ,0.00, ,83.3, 
2003/1/31,12:00,0.2, ,98910, ,12.01, ,0.00, ,83.4, 
2003/1/31,13:00,0.0, ,98960, ,13.54, ,0.00, ,83.4, 
2003/1/31,14:00,0.0, ,99040, ,17.75, ,0.00, ,83.5, 
2003/1/31,15:00,0.1, ,99080, ,14.63, ,0.00, ,83.5, 
2003/1/31,16:00,0.0, ,99120, ,11.27, ,0.00, ,83.6, 
2003/1/31,17:00,0.0, ,99170, ,13.90, ,0.00, ,83.6, 
2003/1/31,18:00,0.0, ,99210, ,9.28, ,0.00, ,83.6, 
2003/1/31,19:00,0.0, ,99250, ,10.84, ,0.00, ,83.7, 
2003/1/31,20:00,0.0, ,99290, ,14.53, ,0.00, ,83.7, 
2003/1/31,21:00,0.0, ,99330, ,10.06, ,0.00, ,83.8, 
2003/1/31,22:00,0.0, ,99370, ,10.98, ,0.00, ,83.8, 
2003/1/31,23:00,0.0, ,99420, ,9.37, ,0.00, ,83.8, 
2003/1/31,24:00,0.0, ,99460, ,11.62, ,0.00, ,83.8, 
