îCà”ä˙ä‘É_ÉÄèîó åüçıåãâ 
êÖånñº,ãgñÏêÏ
âÕêÏñº,ãgñÏêÏ
äœë™èäñº,ëÅñæâYÉ_ÉÄÅiã@ç\Åj
äœë™èäãLçÜ,1368080700010
#
#îNåéì˙,éûçè,ó¨àÊïΩãœâJó ,ó¨àÊïΩãœâJó ëÆê´,íôêÖó ,íôêÖó ëÆê´,ó¨ì¸ó ,ó¨ì¸ó ëÆê´,ï˙ó¨ó ,ï˙ó¨ó ëÆê´,íôêÖó¶,íôêÖó¶ëÆê´
#ëÆê´Å@$:åáë™ -:ñ¢éÛêM
#
2014/7/1,01:00,0.0, ,121510, ,7.03, ,19.50, ,68.9, 
2014/7/1,02:00,0.0, ,121460, ,16.41, ,19.40, ,68.8, 
2014/7/1,03:00,0.0, ,121460, ,9.19, ,19.40, ,68.8, 
2014/7/1,04:00,0.0, ,121370, ,5.70, ,19.10, ,68.7, 
2014/7/1,05:00,0.0, ,121330, ,7.76, ,19.50, ,68.7, 
2014/7/1,06:00,0.0, ,121280, ,4.82, ,19.20, ,68.6, 
2014/7/1,07:00,0.0, ,121230, ,4.63, ,19.20, ,68.5, 
2014/7/1,08:00,0.0, ,121140, ,4.14, ,22.70, ,68.4, 
2014/7/1,09:00,0.0, ,121050, ,6.22, ,26.50, ,68.3, 
2014/7/1,10:00,0.0, ,120910, ,2.90, ,54.80, ,68.2, 
2014/7/1,11:00,0.0, ,120680, ,7.06, ,61.20, ,68.0, 
2014/7/1,12:00,0.0, ,120540, ,12.68, ,60.80, ,67.9, 
2014/7/1,13:00,0.0, ,120450, ,12.80, ,36.40, ,67.8, 
2014/7/1,14:00,0.0, ,120270, ,13.25, ,61.30, ,67.6, 
2014/7/1,15:00,0.0, ,120080, ,13.30, ,61.20, ,67.5, 
2014/7/1,16:00,0.0, ,119940, ,11.72, ,61.40, ,67.3, 
2014/7/1,17:00,0.0, ,119760, ,12.45, ,62.80, ,67.2, 
2014/7/1,18:00,0.0, ,119580, ,14.52, ,63.10, ,67.0, 
2014/7/1,19:00,0.0, ,119390, ,12.18, ,58.10, ,66.9, 
2014/7/1,20:00,0.0, ,119260, ,13.69, ,58.00, ,66.8, 
2014/7/1,21:00,0.0, ,119160, ,12.67, ,38.70, ,66.7, 
2014/7/1,22:00,0.0, ,119120, ,13.48, ,19.30, ,66.6, 
2014/7/1,23:00,0.0, ,119120, ,11.96, ,19.30, ,66.6, 
2014/7/1,24:00,0.0, ,119070, ,9.80, ,22.70, ,66.5, 
2014/7/2,01:00,0.0, ,119030, ,11.60, ,19.40, ,66.4, 
2014/7/2,02:00,0.0, ,118980, ,11.59, ,19.50, ,66.4, 
2014/7/2,03:00,0.0, ,118930, ,6.17, ,19.50, ,66.3, 
2014/7/2,04:00,0.0, ,118890, ,6.86, ,19.30, ,66.2, 
2014/7/2,05:00,0.0, ,118840, ,6.12, ,19.30, ,66.2, 
2014/7/2,06:00,0.0, ,118800, ,6.54, ,19.60, ,66.1, 
2014/7/2,07:00,0.0, ,118750, ,5.34, ,19.20, ,66.1, 
2014/7/2,08:00,0.0, ,118700, ,6.87, ,22.70, ,66.0, 
2014/7/2,09:00,0.0, ,118610, ,3.63, ,19.90, ,65.9, 
2014/7/2,10:00,0.0, ,118470, ,4.02, ,47.20, ,65.8, 
2014/7/2,11:00,0.0, ,118250, ,4.80, ,61.50, ,65.6, 
2014/7/2,12:00,0.0, ,118110, ,11.33, ,61.10, ,65.5, 
2014/7/2,13:00,0.0, ,117970, ,10.70, ,36.30, ,65.3, 
2014/7/2,14:00,0.0, ,117830, ,10.58, ,61.60, ,65.2, 
2014/7/2,15:00,0.0, ,117650, ,12.37, ,61.60, ,65.1, 
2014/7/2,16:00,0.0, ,117470, ,12.34, ,62.80, ,64.9, 
2014/7/2,17:00,0.0, ,117280, ,11.68, ,62.80, ,64.8, 
2014/7/2,18:00,0.0, ,117100, ,12.47, ,63.10, ,64.6, 
2014/7/2,19:00,0.0, ,116920, ,11.76, ,61.70, ,64.5, 
2014/7/2,20:00,0.0, ,116730, ,11.74, ,63.00, ,64.3, 
2014/7/2,21:00,0.0, ,116640, ,12.59, ,40.60, ,64.2, 
2014/7/2,22:00,0.0, ,116600, ,9.90, ,19.40, ,64.2, 
2014/7/2,23:00,0.2, ,116550, ,13.57, ,19.50, ,64.1, 
2014/7/2,24:00,0.5, ,116550, ,12.70, ,22.70, ,64.1, 
2014/7/3,01:00,0.0, ,116510, ,8.74, ,19.30, ,64.0, 
2014/7/3,02:00,1.5, ,116460, ,10.23, ,19.60, ,63.9, 
2014/7/3,03:00,0.5, ,116410, ,9.82, ,19.40, ,63.9, 
2014/7/3,04:00,1.9, ,116370, ,5.18, ,19.80, ,63.8, 
2014/7/3,05:00,2.0, ,116320, ,7.72, ,19.70, ,63.8, 
2014/7/3,06:00,1.6, ,116280, ,9.31, ,19.60, ,63.7, 
2014/7/3,07:00,1.8, ,116230, ,6.13, ,19.50, ,63.6, 
2014/7/3,08:00,5.0, ,116190, ,6.79, ,19.50, ,63.6, 
2014/7/3,09:00,6.1, ,116140, ,10.28, ,19.60, ,63.5, 
2014/7/3,10:00,7.9, ,116100, ,9.67, ,19.50, ,63.5, 
2014/7/3,11:00,7.5, ,116100, ,10.98, ,24.40, ,63.4, 
2014/7/3,12:00,7.9, ,116100, ,22.05, ,19.50, ,63.4, 
2014/7/3,13:00,4.3, ,116140, ,21.68, ,19.60, ,63.4, 
2014/7/3,14:00,4.4, ,116190, ,32.35, ,19.60, ,63.4, 
2014/7/3,15:00,5.0, ,116280, ,41.40, ,19.60, ,63.4, 
2014/7/3,16:00,1.0, ,116410, ,54.42, ,19.60, ,63.5, 
2014/7/3,17:00,3.5, ,116550, ,54.32, ,19.60, ,63.5, 
2014/7/3,18:00,1.3, ,116780, ,63.87, ,0.00, ,63.6, 
2014/7/3,19:00,0.2, ,117010, ,59.91, ,0.00, ,63.8, 
2014/7/3,20:00,0.0, ,117190, ,54.64, ,0.00, ,63.9, 
2014/7/3,21:00,0.0, ,117370, ,51.06, ,0.00, ,63.9, 
2014/7/3,22:00,0.0, ,117510, ,45.99, ,1.60, ,64.0, 
2014/7/3,23:00,0.0, ,117560, ,39.62, ,19.30, ,64.0, 
2014/7/3,24:00,0.0, ,117650, ,35.62, ,19.50, ,64.0, 
2014/7/4,01:00,0.0, ,117700, ,34.14, ,19.70, ,64.0, 
2014/7/4,02:00,0.0, ,117700, ,30.94, ,19.50, ,64.0, 
2014/7/4,03:00,0.0, ,117740, ,29.05, ,19.50, ,64.0, 
2014/7/4,04:00,0.0, ,117830, ,27.05, ,0.00, ,64.0, 
2014/7/4,05:00,0.1, ,117920, ,26.52, ,0.00, ,64.0, 
2014/7/4,06:00,0.0, ,118020, ,28.64, ,1.10, ,64.1, 
2014/7/4,07:00,0.0, ,118020, ,21.81, ,29.40, ,64.0, 
2014/7/4,08:00,0.0, ,117970, ,35.65, ,50.90, ,64.0, 
2014/7/4,09:00,0.0, ,117830, ,25.19, ,49.90, ,63.9, 
2014/7/4,10:00,0.0, ,117830, ,14.60, ,20.20, ,63.8, 
2014/7/4,11:00,0.0, ,117830, ,19.49, ,19.50, ,63.8, 
2014/7/4,12:00,0.0, ,117830, ,20.77, ,22.40, ,63.8, 
2014/7/4,13:00,0.0, ,117790, ,23.68, ,32.50, ,63.7, 
2014/7/4,14:00,0.0, ,117700, ,19.61, ,54.00, ,63.6, 
2014/7/4,15:00,0.0, ,117560, ,16.24, ,53.60, ,63.5, 
2014/7/4,16:00,0.0, ,117370, ,15.20, ,53.70, ,63.4, 
2014/7/4,17:00,0.0, ,117240, ,13.10, ,56.60, ,63.2, 
2014/7/4,18:00,0.0, ,117100, ,16.74, ,53.50, ,63.1, 
2014/7/4,19:00,0.0, ,116960, ,16.54, ,53.70, ,63.0, 
2014/7/4,20:00,0.3, ,116830, ,15.28, ,56.80, ,62.9, 
2014/7/4,21:00,0.3, ,116690, ,15.82, ,48.40, ,62.8, 
2014/7/4,22:00,0.3, ,116690, ,13.38, ,19.60, ,62.7, 
2014/7/4,23:00,0.0, ,116640, ,14.21, ,23.10, ,62.7, 
2014/7/4,24:00,0.0, ,116600, ,12.40, ,19.50, ,62.6, 
2014/7/5,01:00,0.0, ,116600, ,9.81, ,19.30, ,62.6, 
2014/7/5,02:00,0.0, ,116550, ,13.17, ,19.50, ,62.5, 
2014/7/5,03:00,0.0, ,116510, ,10.84, ,19.40, ,62.5, 
2014/7/5,04:00,0.0, ,116510, ,9.15, ,20.10, ,62.5, 
2014/7/5,05:00,0.0, ,116460, ,15.52, ,19.50, ,62.4, 
2014/7/5,06:00,0.0, ,116460, ,10.86, ,19.50, ,62.4, 
2014/7/5,07:00,0.0, ,116410, ,12.83, ,19.40, ,62.3, 
2014/7/5,08:00,0.0, ,116370, ,11.37, ,22.90, ,62.3, 
2014/7/5,09:00,0.0, ,116320, ,10.43, ,29.30, ,62.2, 
2014/7/5,10:00,0.0, ,116230, ,13.06, ,33.10, ,62.1, 
2014/7/5,11:00,0.0, ,116190, ,12.81, ,32.40, ,62.1, 
2014/7/5,12:00,0.0, ,116140, ,17.86, ,32.80, ,62.0, 
2014/7/5,13:00,0.0, ,116050, ,10.55, ,33.40, ,61.9, 
2014/7/5,14:00,0.0, ,115870, ,10.49, ,61.90, ,61.8, 
2014/7/5,15:00,0.0, ,115640, ,11.61, ,63.30, ,61.6, 
2014/7/5,16:00,0.0, ,115460, ,10.24, ,62.80, ,61.5, 
2014/7/5,17:00,0.0, ,115280, ,11.17, ,63.90, ,61.3, 
2014/7/5,18:00,0.0, ,115100, ,10.41, ,62.60, ,61.2, 
2014/7/5,19:00,0.0, ,114920, ,11.04, ,63.40, ,61.0, 
2014/7/5,20:00,0.0, ,114740, ,11.71, ,63.60, ,60.9, 
2014/7/5,21:00,0.0, ,114610, ,12.78, ,51.70, ,60.8, 
2014/7/5,22:00,0.0, ,114560, ,12.36, ,19.40, ,60.7, 
2014/7/5,23:00,0.0, ,114520, ,14.40, ,22.70, ,60.7, 
2014/7/5,24:00,0.0, ,114520, ,10.75, ,19.90, ,60.7, 
2014/7/6,01:00,0.0, ,114520, ,19.61, ,19.70, ,60.6, 
2014/7/6,02:00,0.0, ,114470, ,8.14, ,19.30, ,60.6, 
2014/7/6,03:00,0.0, ,114430, ,12.34, ,20.50, ,60.5, 
2014/7/6,04:00,0.0, ,114380, ,8.62, ,19.10, ,60.5, 
2014/7/6,05:00,0.0, ,114340, ,6.07, ,19.80, ,60.4, 
2014/7/6,06:00,0.0, ,114290, ,6.53, ,19.40, ,60.4, 
2014/7/6,07:00,0.0, ,114250, ,6.03, ,20.30, ,60.3, 
2014/7/6,08:00,0.0, ,114160, ,3.70, ,22.60, ,60.2, 
2014/7/6,09:00,0.0, ,114110, ,6.56, ,19.50, ,60.2, 
2014/7/6,10:00,0.0, ,114070, ,5.26, ,20.20, ,60.1, 
2014/7/6,11:00,0.0, ,114020, ,8.19, ,19.50, ,60.1, 
2014/7/6,12:00,0.3, ,114020, ,16.92, ,19.70, ,60.0, 
2014/7/6,13:00,1.1, ,113930, ,9.87, ,33.20, ,60.0, 
2014/7/6,14:00,0.9, ,113750, ,16.71, ,61.90, ,59.8, 
2014/7/6,15:00,1.8, ,113570, ,12.90, ,62.10, ,59.7, 
2014/7/6,16:00,6.2, ,113440, ,14.17, ,63.20, ,59.6, 
2014/7/6,17:00,10.8, ,113310, ,25.43, ,61.80, ,59.5, 
2014/7/6,18:00,2.4, ,113170, ,25.19, ,53.90, ,59.4, 
2014/7/6,19:00,1.5, ,113130, ,16.88, ,23.10, ,59.3, 
2014/7/6,20:00,2.0, ,113260, ,21.56, ,0.00, ,59.4, 
2014/7/6,21:00,0.0, ,113350, ,30.41, ,0.00, ,59.4, 
2014/7/6,22:00,0.3, ,113490, ,36.85, ,0.60, ,59.5, 
2014/7/6,23:00,0.3, ,113570, ,35.81, ,19.30, ,59.5, 
2014/7/6,24:00,1.4, ,113620, ,39.63, ,19.50, ,59.5, 
2014/7/7,01:00,2.3, ,113660, ,30.16, ,19.50, ,59.5, 
2014/7/7,02:00,1.8, ,113710, ,35.70, ,20.00, ,59.5, 
2014/7/7,03:00,0.7, ,113840, ,36.22, ,0.00, ,59.5, 
2014/7/7,04:00,1.8, ,113980, ,31.13, ,0.00, ,59.6, 
2014/7/7,05:00,5.1, ,114070, ,37.58, ,0.00, ,59.6, 
2014/7/7,06:00,2.5, ,114250, ,41.97, ,0.00, ,59.7, 
2014/7/7,07:00,2.0, ,114380, ,38.67, ,0.70, ,59.8, 
2014/7/7,08:00,0.3, ,114470, ,43.02, ,19.90, ,59.8, 
2014/7/7,09:00,0.7, ,114610, ,45.60, ,19.40, ,59.9, 
2014/7/7,10:00,0.3, ,114790, ,57.41, ,0.00, ,60.0, 
2014/7/7,11:00,0.5, ,115010, ,55.04, ,0.70, ,60.1, 
2014/7/7,12:00,0.0, ,115100, ,51.62, ,19.40, ,60.1, 
2014/7/7,13:00,0.0, ,115280, ,48.47, ,0.00, ,60.2, 
2014/7/7,14:00,0.1, ,115460, ,48.27, ,0.00, ,60.3, 
2014/7/7,15:00,0.0, ,115600, ,43.71, ,0.00, ,60.3, 
2014/7/7,16:00,1.3, ,115730, ,44.79, ,0.00, ,60.4, 
2014/7/7,17:00,0.3, ,115920, ,40.22, ,0.00, ,60.5, 
2014/7/7,18:00,0.5, ,116050, ,45.70, ,0.00, ,60.6, 
2014/7/7,19:00,0.9, ,116230, ,37.97, ,0.00, ,60.6, 
2014/7/7,20:00,0.7, ,116320, ,39.47, ,0.00, ,60.7, 
2014/7/7,21:00,0.0, ,116460, ,38.02, ,0.00, ,60.7, 
2014/7/7,22:00,0.0, ,116600, ,40.11, ,1.30, ,60.8, 
2014/7/7,23:00,0.0, ,116640, ,36.05, ,27.50, ,60.8, 
2014/7/7,24:00,0.0, ,116690, ,33.19, ,19.40, ,60.8, 
2014/7/8,01:00,0.0, ,116730, ,36.42, ,19.30, ,60.8, 
2014/7/8,02:00,4.6, ,116830, ,30.50, ,19.40, ,60.8, 
2014/7/8,03:00,9.7, ,116920, ,42.34, ,19.40, ,60.9, 
2014/7/8,04:00,0.9, ,117050, ,54.42, ,19.40, ,60.9, 
2014/7/8,05:00,0.3, ,117280, ,58.36, ,0.00, ,61.0, 
2014/7/8,06:00,0.2, ,117510, ,68.87, ,0.00, ,61.2, 
2014/7/8,07:00,0.3, ,117740, ,64.66, ,0.00, ,61.3, 
2014/7/8,08:00,0.0, ,117970, ,62.78, ,0.00, ,61.4, 
2014/7/8,09:00,0.0, ,118150, ,57.71, ,0.00, ,61.5, 
2014/7/8,10:00,0.7, ,118340, ,54.76, ,0.00, ,61.6, 
2014/7/8,11:00,0.0, ,118520, ,52.02, ,0.00, ,61.7, 
2014/7/8,12:00,0.2, ,118700, ,49.70, ,0.00, ,61.7, 
2014/7/8,13:00,0.0, ,118890, ,46.32, ,0.00, ,61.8, 
2014/7/8,14:00,0.0, ,119030, ,45.06, ,0.00, ,61.9, 
2014/7/8,15:00,0.0, ,119210, ,45.29, ,0.00, ,62.0, 
2014/7/8,16:00,0.0, ,119350, ,42.75, ,0.00, ,62.0, 
2014/7/8,17:00,0.0, ,119480, ,42.12, ,0.00, ,62.1, 
2014/7/8,18:00,0.0, ,119670, ,40.43, ,0.00, ,62.2, 
2014/7/8,19:00,0.0, ,119810, ,40.66, ,0.00, ,62.3, 
2014/7/8,20:00,0.0, ,119940, ,39.82, ,0.00, ,62.3, 
2014/7/8,21:00,0.0, ,120080, ,38.55, ,0.00, ,62.4, 
2014/7/8,22:00,0.0, ,120220, ,38.99, ,0.20, ,62.4, 
2014/7/8,23:00,0.0, ,120270, ,37.09, ,19.30, ,62.4, 
2014/7/8,24:00,0.0, ,120310, ,33.32, ,22.60, ,62.4, 
2014/7/9,01:00,0.0, ,120360, ,33.61, ,19.40, ,62.4, 
2014/7/9,02:00,0.0, ,120400, ,33.44, ,19.20, ,62.4, 
2014/7/9,03:00,0.0, ,120450, ,34.63, ,19.30, ,62.4, 
2014/7/9,04:00,0.0, ,120590, ,32.76, ,0.00, ,62.5, 
2014/7/9,05:00,0.0, ,120680, ,33.69, ,0.00, ,62.5, 
2014/7/9,06:00,0.7, ,120820, ,33.06, ,0.00, ,62.6, 
2014/7/9,07:00,0.3, ,120910, ,33.49, ,0.00, ,62.6, 
2014/7/9,08:00,0.7, ,121050, ,34.14, ,0.00, ,62.7, 
2014/7/9,09:00,0.0, ,121190, ,31.92, ,0.00, ,62.7, 
2014/7/9,10:00,1.8, ,121280, ,33.56, ,0.00, ,62.8, 
2014/7/9,11:00,1.7, ,121420, ,37.83, ,0.00, ,62.8, 
2014/7/9,12:00,0.6, ,121550, ,33.59, ,0.00, ,62.9, 
2014/7/9,13:00,1.1, ,121690, ,34.04, ,0.00, ,62.9, 
2014/7/9,14:00,1.4, ,121780, ,36.18, ,0.00, ,63.0, 
2014/7/9,15:00,1.4, ,121920, ,35.56, ,0.00, ,63.0, 
2014/7/9,16:00,3.6, ,122110, ,41.76, ,0.00, ,63.1, 
2014/7/9,17:00,6.6, ,122290, ,42.86, ,0.00, ,63.2, 
2014/7/9,18:00,6.4, ,122430, ,48.00, ,0.00, ,63.3, 
2014/7/9,19:00,6.9, ,122660, ,51.67, ,0.00, ,63.4, 
2014/7/9,20:00,8.7, ,122940, ,66.04, ,0.00, ,63.5, 
2014/7/9,21:00,10.5, ,123350, ,101.44, ,0.00, ,63.8, 
2014/7/9,22:00,9.2, ,124190, ,172.86, ,0.00, ,64.2, 
2014/7/9,23:00,6.3, ,125540, ,303.72, ,0.00, ,65.0, 
2014/7/9,24:00,6.1, ,127080, ,405.81, ,0.00, ,65.9, 
2014/7/10,01:00,8.9, ,128780, ,450.79, ,0.00, ,66.9, 
2014/7/10,02:00,11.9, ,130640, ,492.09, ,0.00, ,68.0, 
2014/7/10,03:00,6.6, ,132950, ,566.95, ,0.00, ,69.3, 
2014/7/10,04:00,9.1, ,135430, ,675.39, ,0.00, ,70.8, 
2014/7/10,05:00,9.1, ,138030, ,720.59, ,0.00, ,72.4, 
2014/7/10,06:00,26.8, ,140610, ,711.92, ,0.00, ,73.9, 
2014/7/10,07:00,11.1, ,144670, ,891.90, ,0.00, ,76.3, 
2014/7/10,08:00,10.0, ,149280, ,1255.85, ,0.00, ,79.1, 
2014/7/10,09:00,12.4, ,153480, ,1203.04, ,0.80, ,81.6, 
2014/7/10,10:00,11.1, ,157650, ,1172.68, ,29.10, ,84.1, 
2014/7/10,11:00,4.1, ,161830, ,1211.14, ,54.80, ,86.6, 
2014/7/10,12:00,2.1, ,165570, ,1163.44, ,61.80, ,88.8, 
2014/7/10,13:00,0.5, ,168650, ,1022.98, ,61.50, ,90.7, 
2014/7/10,14:00,0.7, ,171030, ,809.97, ,61.00, ,92.1, 
2014/7/10,15:00,0.0, ,173100, ,671.62, ,60.70, ,93.3, 
2014/7/10,16:00,0.4, ,174780, ,572.62, ,60.50, ,94.3, 
2014/7/10,17:00,2.0, ,176310, ,512.86, ,60.40, ,95.1, 
2014/7/10,18:00,3.4, ,177610, ,445.62, ,60.00, ,95.9, 
2014/7/10,19:00,5.9, ,178810, ,399.99, ,59.70, ,96.6, 
2014/7/10,20:00,3.4, ,179890, ,378.10, ,59.60, ,97.2, 
2014/7/10,21:00,0.2, ,181150, ,385.00, ,59.40, ,97.9, 
2014/7/10,22:00,0.0, ,182300, ,397.06, ,59.30, ,98.5, 
2014/7/10,23:00,0.0, ,183290, ,357.86, ,58.90, ,99.1, 
2014/7/10,24:00,0.0, ,184160, ,316.86, ,59.00, ,100.0, 
2014/7/11,01:00,0.0, ,184970, ,288.98, ,59.10, ,100.0, 
2014/7/11,02:00,0.0, ,185670, ,269.46, ,58.90, ,100.0, 
2014/7/11,03:00,0.0, ,186310, ,245.16, ,58.80, ,100.0, 
2014/7/11,04:00,0.0, ,186900, ,233.51, ,58.50, ,100.0, 
2014/7/11,05:00,0.6, ,187480, ,223.59, ,58.50, ,100.0, 
2014/7/11,06:00,0.1, ,188010, ,208.62, ,58.60, ,100.0, 
2014/7/11,07:00,0.0, ,188480, ,200.08, ,58.30, ,100.0, 
2014/7/11,08:00,0.0, ,188950, ,188.69, ,58.50, ,100.0, 
2014/7/11,09:00,0.0, ,189360, ,179.21, ,58.30, ,100.0, 
2014/7/11,10:00,0.0, ,189770, ,169.70, ,58.50, ,100.0, 
2014/7/11,11:00,0.0, ,190130, ,162.61, ,58.20, ,100.0, 
2014/7/11,12:00,0.0, ,190420, ,153.96, ,58.20, ,100.0, 
2014/7/11,13:00,0.0, ,190840, ,153.53, ,58.00, ,100.0, 
2014/7/11,14:00,0.0, ,191070, ,148.86, ,58.10, ,100.0, 
2014/7/11,15:00,0.0, ,191430, ,142.36, ,58.00, ,100.0, 
2014/7/11,16:00,0.0, ,191660, ,135.83, ,58.00, ,100.0, 
2014/7/11,17:00,0.0, ,191900, ,123.59, ,58.10, ,100.0, 
2014/7/11,18:00,0.0, ,192080, ,117.79, ,57.90, ,100.0, 
2014/7/11,19:00,0.0, ,192320, ,116.71, ,58.00, ,100.0, 
2014/7/11,20:00,0.0, ,192500, ,109.56, ,57.70, ,100.0, 
2014/7/11,21:00,0.0, ,192670, ,111.13, ,57.70, ,100.0, 
2014/7/11,22:00,0.0, ,192850, ,103.49, ,57.70, ,100.0, 
2014/7/11,23:00,0.0, ,192970, ,102.92, ,57.70, ,100.0, 
2014/7/11,24:00,0.0, ,193150, ,99.06, ,57.60, ,100.0, 
2014/7/12,01:00,0.0, ,193330, ,101.03, ,57.80, ,100.0, 
2014/7/12,02:00,0.0, ,193510, ,108.43, ,57.80, ,100.0, 
2014/7/12,03:00,0.0, ,193690, ,109.58, ,57.90, ,100.0, 
2014/7/12,04:00,0.0, ,193800, ,105.17, ,57.60, ,100.0, 
2014/7/12,05:00,0.0, ,193920, ,94.94, ,57.80, ,100.0, 
2014/7/12,06:00,0.0, ,194040, ,83.35, ,57.60, ,100.0, 
2014/7/12,07:00,0.0, ,194100, ,82.21, ,57.50, ,100.0, 
2014/7/12,08:00,0.0, ,194220, ,78.33, ,57.70, ,100.0, 
2014/7/12,09:00,0.0, ,194220, ,77.74, ,57.40, ,100.0, 
2014/7/12,10:00,0.0, ,194340, ,72.79, ,57.50, ,100.0, 
2014/7/12,11:00,0.0, ,194340, ,75.56, ,57.60, ,100.0, 
2014/7/12,12:00,0.0, ,194400, ,71.41, ,57.70, ,100.0, 
2014/7/12,13:00,0.0, ,194460, ,71.16, ,57.70, ,100.0, 
2014/7/12,14:00,0.0, ,194520, ,70.06, ,57.70, ,100.0, 
2014/7/12,15:00,0.0, ,194520, ,67.54, ,57.70, ,100.0, 
2014/7/12,16:00,0.0, ,194580, ,65.08, ,57.80, ,100.0, 
2014/7/12,17:00,0.0, ,194580, ,66.66, ,57.50, ,100.0, 
2014/7/12,18:00,0.0, ,194580, ,57.55, ,57.40, ,100.0, 
2014/7/12,19:00,0.0, ,194640, ,60.26, ,57.50, ,100.0, 
2014/7/12,20:00,0.0, ,194640, ,71.35, ,57.40, ,100.0, 
2014/7/12,21:00,0.0, ,194640, ,57.55, ,57.30, ,99.9, 
2014/7/12,22:00,0.0, ,194640, ,57.51, ,57.60, ,99.9, 
2014/7/12,23:00,2.1, ,194640, ,57.51, ,57.40, ,99.9, 
2014/7/12,24:00,1.2, ,194640, ,57.52, ,57.30, ,100.0, 
2014/7/13,01:00,0.0, ,194640, ,57.49, ,57.30, ,100.0, 
2014/7/13,02:00,0.0, ,194640, ,57.52, ,57.50, ,99.9, 
2014/7/13,03:00,0.1, ,194640, ,57.53, ,57.70, ,99.9, 
2014/7/13,04:00,0.3, ,194640, ,57.58, ,57.80, ,99.8, 
2014/7/13,05:00,0.0, ,194580, ,46.24, ,57.40, ,99.7, 
2014/7/13,06:00,0.0, ,194580, ,52.30, ,57.50, ,99.7, 
2014/7/13,07:00,0.0, ,194580, ,57.57, ,57.70, ,99.7, 
2014/7/13,08:00,0.3, ,194520, ,45.97, ,57.40, ,99.6, 
2014/7/13,09:00,0.2, ,194520, ,52.57, ,57.40, ,99.5, 
2014/7/13,10:00,0.0, ,194460, ,44.25, ,57.50, ,99.5, 
2014/7/13,11:00,0.0, ,194400, ,50.05, ,57.70, ,99.4, 
2014/7/13,12:00,0.0, ,194400, ,45.10, ,57.50, ,99.3, 
2014/7/13,13:00,0.0, ,194340, ,48.98, ,57.70, ,99.3, 
2014/7/13,14:00,0.0, ,194280, ,47.61, ,58.10, ,99.2, 
2014/7/13,15:00,0.0, ,194280, ,42.92, ,57.60, ,99.1, 
2014/7/13,16:00,0.0, ,194220, ,46.78, ,57.50, ,99.1, 
2014/7/13,17:00,0.0, ,194160, ,48.95, ,57.60, ,99.0, 
2014/7/13,18:00,0.0, ,194160, ,43.73, ,57.60, ,98.9, 
2014/7/13,19:00,0.0, ,194100, ,44.85, ,57.50, ,98.8, 
2014/7/13,20:00,0.0, ,194040, ,44.86, ,57.90, ,98.8, 
2014/7/13,21:00,0.0, ,193980, ,39.32, ,57.40, ,98.7, 
2014/7/13,22:00,0.0, ,193860, ,34.95, ,57.60, ,98.6, 
2014/7/13,23:00,0.0, ,193800, ,32.21, ,57.70, ,98.5, 
2014/7/13,24:00,0.0, ,193690, ,34.74, ,57.60, ,100.0, 
2014/7/14,01:00,0.0, ,193630, ,33.92, ,57.50, ,99.9, 
2014/7/14,02:00,1.1, ,193510, ,35.60, ,57.50, ,99.8, 
2014/7/14,03:00,0.0, ,193450, ,30.65, ,57.60, ,99.7, 
2014/7/14,04:00,0.1, ,193390, ,35.36, ,58.00, ,99.7, 
2014/7/14,05:00,0.1, ,193270, ,29.87, ,57.60, ,99.5, 
2014/7/14,06:00,0.0, ,193210, ,35.93, ,57.70, ,99.5, 
2014/7/14,07:00,1.2, ,193090, ,30.99, ,57.50, ,99.3, 
2014/7/14,08:00,0.8, ,192970, ,32.38, ,57.80, ,99.2, 
2014/7/14,09:00,0.1, ,192910, ,31.58, ,57.90, ,99.2, 
2014/7/14,10:00,0.0, ,192790, ,31.64, ,57.60, ,99.0, 
2014/7/14,11:00,0.0, ,192730, ,37.66, ,58.00, ,99.0, 
2014/7/14,12:00,0.0, ,192670, ,36.60, ,57.90, ,98.9, 
2014/7/14,13:00,0.0, ,192550, ,34.95, ,57.80, ,98.8, 
2014/7/14,14:00,0.0, ,192500, ,33.58, ,57.70, ,98.7, 
2014/7/14,15:00,0.0, ,192440, ,37.15, ,57.60, ,98.6, 
2014/7/14,16:00,0.0, ,192320, ,31.12, ,57.80, ,98.5, 
2014/7/14,17:00,0.0, ,192260, ,36.62, ,58.00, ,98.4, 
2014/7/14,18:00,0.0, ,192140, ,32.55, ,57.80, ,98.3, 
2014/7/14,19:00,0.0, ,192080, ,29.80, ,57.80, ,98.2, 
2014/7/14,20:00,0.0, ,191960, ,32.56, ,58.20, ,98.1, 
2014/7/14,21:00,0.0, ,191900, ,39.22, ,57.90, ,98.1, 
2014/7/14,22:00,0.0, ,191780, ,36.22, ,57.80, ,97.9, 
2014/7/14,23:00,0.0, ,191720, ,29.39, ,57.80, ,97.9, 
2014/7/14,24:00,0.0, ,191610, ,32.97, ,57.90, ,100.0, 
2014/7/15,01:00,0.0, ,191550, ,31.90, ,58.00, ,100.0, 
2014/7/15,02:00,0.0, ,191430, ,31.65, ,58.20, ,99.9, 
2014/7/15,03:00,0.0, ,191370, ,33.33, ,58.20, ,99.9, 
2014/7/15,04:00,0.0, ,191190, ,22.96, ,57.90, ,99.8, 
2014/7/15,05:00,0.0, ,191130, ,29.51, ,58.20, ,99.7, 
2014/7/15,06:00,0.1, ,191010, ,33.88, ,57.80, ,99.7, 
2014/7/15,07:00,0.3, ,190950, ,33.09, ,58.30, ,99.6, 
2014/7/15,08:00,0.1, ,190840, ,29.33, ,58.50, ,99.6, 
2014/7/15,09:00,0.0, ,190720, ,32.60, ,57.90, ,99.5, 
2014/7/15,10:00,0.0, ,190660, ,30.69, ,58.10, ,99.5, 
2014/7/15,11:00,0.0, ,190540, ,31.01, ,58.20, ,99.4, 
2014/7/15,12:00,0.0, ,190420, ,32.10, ,57.90, ,99.3, 
2014/7/15,13:00,0.0, ,190360, ,29.69, ,57.90, ,99.3, 
2014/7/15,14:00,0.0, ,190250, ,31.87, ,58.00, ,99.2, 
2014/7/15,15:00,0.0, ,190130, ,27.76, ,58.00, ,99.1, 
2014/7/15,16:00,0.1, ,190010, ,25.85, ,58.10, ,99.1, 
2014/7/15,17:00,0.0, ,189950, ,30.53, ,58.10, ,99.0, 
2014/7/15,18:00,0.0, ,189830, ,31.11, ,58.20, ,99.0, 
2014/7/15,19:00,0.0, ,189720, ,31.94, ,58.10, ,98.9, 
2014/7/15,20:00,0.0, ,189660, ,30.34, ,58.40, ,98.9, 
2014/7/15,21:00,0.0, ,189540, ,27.71, ,58.20, ,98.8, 
2014/7/15,22:00,0.0, ,189420, ,24.22, ,58.30, ,98.7, 
2014/7/15,23:00,0.0, ,189300, ,28.64, ,58.20, ,98.7, 
2014/7/15,24:00,0.0, ,189190, ,29.74, ,54.40, ,100.0, 
2014/7/16,01:00,0.0, ,189190, ,27.31, ,30.60, ,100.0, 
2014/7/16,02:00,0.0, ,189190, ,29.47, ,27.70, ,100.0, 
2014/7/16,03:00,0.0, ,189130, ,19.64, ,27.90, ,100.0, 
2014/7/16,04:00,0.0, ,189130, ,19.64, ,27.90, ,100.0, 
2014/7/16,05:00,0.0, ,189130, ,27.80, ,27.90, ,100.0, 
2014/7/16,06:00,0.0, ,189130, ,27.83, ,27.80, ,100.0, 
2014/7/16,07:00,0.0, ,189130, ,27.79, ,27.60, ,100.0, 
2014/7/16,08:00,0.0, ,189130, ,27.72, ,27.80, ,100.0, 
2014/7/16,09:00,0.0, ,189070, ,28.67, ,41.50, ,99.9, 
2014/7/16,10:00,0.0, ,188950, ,26.55, ,58.50, ,99.9, 
2014/7/16,11:00,0.0, ,188830, ,27.25, ,58.20, ,99.8, 
2014/7/16,12:00,0.0, ,188720, ,24.15, ,54.90, ,99.7, 
2014/7/16,13:00,0.0, ,188720, ,21.88, ,27.80, ,99.7, 
2014/7/16,14:00,0.0, ,188720, ,27.86, ,28.00, ,99.7, 
2014/7/16,15:00,0.0, ,188720, ,28.89, ,30.50, ,99.7, 
2014/7/16,16:00,0.0, ,188660, ,21.83, ,27.80, ,99.7, 
2014/7/16,17:00,0.0, ,188600, ,9.81, ,27.80, ,99.7, 
2014/7/16,18:00,0.0, ,188600, ,32.04, ,48.70, ,99.7, 
2014/7/16,19:00,0.0, ,188480, ,30.73, ,48.70, ,99.6, 
2014/7/16,20:00,0.0, ,188420, ,26.39, ,51.40, ,99.6, 
2014/7/16,21:00,0.0, ,188360, ,18.69, ,27.90, ,99.5, 
2014/7/16,22:00,0.0, ,188360, ,24.89, ,27.80, ,99.5, 
2014/7/16,23:00,0.0, ,188360, ,27.82, ,27.80, ,99.5, 
2014/7/16,24:00,0.0, ,188300, ,15.31, ,30.50, ,100.0, 
2014/7/17,01:00,0.0, ,188300, ,21.69, ,18.00, ,100.0, 
2014/7/17,02:00,0.0, ,188300, ,17.98, ,18.00, ,100.0, 
2014/7/17,03:00,0.0, ,188300, ,18.00, ,17.90, ,100.0, 
2014/7/17,04:00,0.0, ,188250, ,11.44, ,18.00, ,100.0, 
2014/7/17,05:00,0.0, ,188250, ,8.23, ,18.10, ,100.0, 
2014/7/17,06:00,0.0, ,188250, ,18.11, ,18.20, ,100.0, 
2014/7/17,07:00,0.0, ,188190, ,5.93, ,21.00, ,99.9, 
2014/7/17,08:00,0.0, ,188190, ,16.82, ,18.00, ,99.9, 
2014/7/17,09:00,0.0, ,188130, ,3.64, ,17.90, ,99.9, 
2014/7/17,10:00,0.0, ,188130, ,16.09, ,18.00, ,99.9, 
2014/7/17,11:00,0.0, ,188130, ,17.99, ,18.00, ,99.9, 
2014/7/17,12:00,0.0, ,188130, ,17.99, ,18.00, ,99.9, 
2014/7/17,13:00,0.0, ,188130, ,18.00, ,18.00, ,99.9, 
2014/7/17,14:00,0.0, ,188130, ,19.09, ,20.80, ,99.9, 
2014/7/17,15:00,0.0, ,188130, ,19.72, ,18.00, ,99.9, 
2014/7/17,16:00,0.0, ,188130, ,18.09, ,18.00, ,99.9, 
2014/7/17,17:00,0.0, ,188130, ,18.06, ,18.00, ,99.9, 
2014/7/17,18:00,0.0, ,188070, ,5.01, ,18.00, ,99.9, 
2014/7/17,19:00,0.0, ,188070, ,14.76, ,18.00, ,99.9, 
2014/7/17,20:00,0.0, ,188070, ,18.00, ,18.00, ,99.9, 
2014/7/17,21:00,0.0, ,188070, ,19.09, ,20.80, ,99.9, 
2014/7/17,22:00,0.0, ,188070, ,19.70, ,18.10, ,99.9, 
2014/7/17,23:00,0.0, ,188070, ,18.12, ,17.90, ,99.9, 
2014/7/17,24:00,0.0, ,188070, ,18.10, ,18.10, ,99.9, 
2014/7/18,01:00,0.0, ,188070, ,18.07, ,18.10, ,99.9, 
2014/7/18,02:00,0.0, ,188010, ,5.86, ,20.00, ,99.8, 
2014/7/18,03:00,0.0, ,187890, ,15.18, ,47.20, ,99.8, 
2014/7/18,04:00,0.0, ,187720, ,13.42, ,58.60, ,99.7, 
2014/7/18,05:00,0.0, ,187600, ,12.97, ,58.40, ,99.6, 
2014/7/18,06:00,0.0, ,187420, ,14.32, ,58.50, ,99.5, 
2014/7/18,07:00,0.0, ,187310, ,12.59, ,41.70, ,99.4, 
2014/7/18,08:00,0.0, ,187250, ,10.48, ,21.10, ,99.4, 
2014/7/18,09:00,0.0, ,187250, ,2.25, ,0.00, ,99.4, 
2014/7/18,10:00,0.0, ,187310, ,1.63, ,0.00, ,99.4, 
2014/7/18,11:00,0.0, ,187370, ,20.34, ,0.90, ,99.5, 
2014/7/18,12:00,0.0, ,187370, ,19.60, ,18.00, ,99.5, 
2014/7/18,13:00,0.0, ,187310, ,23.05, ,31.40, ,99.4, 
2014/7/18,14:00,0.0, ,187250, ,19.71, ,58.80, ,99.4, 
2014/7/18,15:00,0.0, ,187070, ,17.66, ,58.60, ,99.3, 
2014/7/18,16:00,0.0, ,186900, ,20.94, ,58.80, ,99.2, 
2014/7/18,17:00,0.0, ,186780, ,18.27, ,58.80, ,99.1, 
2014/7/18,18:00,0.0, ,186600, ,19.90, ,58.30, ,99.0, 
2014/7/18,19:00,0.0, ,186550, ,15.82, ,37.60, ,99.0, 
2014/7/18,20:00,0.0, ,186550, ,17.78, ,23.80, ,99.0, 
2014/7/18,21:00,0.0, ,186550, ,21.03, ,18.10, ,99.0, 
2014/7/18,22:00,0.0, ,186490, ,5.71, ,17.90, ,99.0, 
2014/7/18,23:00,0.0, ,186490, ,15.45, ,20.80, ,99.0, 
2014/7/18,24:00,0.0, ,186490, ,19.81, ,18.30, ,99.0, 
2014/7/19,01:00,0.0, ,186490, ,18.18, ,18.00, ,99.0, 
2014/7/19,02:00,0.0, ,186430, ,4.33, ,18.10, ,98.9, 
2014/7/19,03:00,0.0, ,186430, ,15.71, ,18.20, ,98.9, 
2014/7/19,04:00,0.0, ,186370, ,2.99, ,17.90, ,98.9, 
2014/7/19,05:00,0.0, ,186310, ,14.92, ,18.10, ,98.8, 
2014/7/19,06:00,0.0, ,186310, ,4.06, ,18.20, ,98.8, 
2014/7/19,07:00,0.0, ,186250, ,4.91, ,18.00, ,98.8, 
2014/7/19,08:00,0.0, ,186200, ,13.56, ,30.70, ,98.8, 
2014/7/19,09:00,0.0, ,186020, ,6.00, ,51.70, ,98.7, 
2014/7/19,10:00,0.0, ,185850, ,15.02, ,51.80, ,98.6, 
2014/7/19,11:00,0.0, ,185790, ,12.64, ,51.70, ,98.5, 
2014/7/19,12:00,0.0, ,185610, ,22.87, ,51.80, ,98.4, 
2014/7/19,13:00,0.0, ,185550, ,13.95, ,52.20, ,98.4, 
2014/7/19,14:00,0.0, ,185380, ,21.30, ,51.70, ,98.3, 
2014/7/19,15:00,0.0, ,185260, ,15.11, ,52.00, ,98.2, 
2014/7/19,16:00,0.0, ,185150, ,16.77, ,51.80, ,98.2, 
2014/7/19,17:00,1.2, ,185030, ,20.53, ,52.00, ,98.1, 
2014/7/19,18:00,0.4, ,185030, ,22.43, ,33.70, ,98.1, 
2014/7/19,19:00,0.6, ,184910, ,22.56, ,52.10, ,98.0, 
2014/7/19,20:00,0.0, ,184850, ,20.58, ,35.10, ,98.0, 
2014/7/19,21:00,0.0, ,184800, ,7.70, ,21.00, ,98.0, 
2014/7/19,22:00,0.0, ,184800, ,18.51, ,18.10, ,98.0, 
2014/7/19,23:00,0.0, ,184800, ,18.20, ,18.10, ,98.0, 
2014/7/19,24:00,0.0, ,184740, ,6.88, ,18.20, ,97.9, 
2014/7/20,01:00,0.0, ,184740, ,13.36, ,18.30, ,97.9, 
2014/7/20,02:00,0.0, ,184680, ,17.16, ,18.10, ,97.9, 
2014/7/20,03:00,0.0, ,184680, ,3.13, ,18.30, ,97.9, 
2014/7/20,04:00,0.0, ,184620, ,14.20, ,18.10, ,97.9, 
2014/7/20,05:00,0.0, ,184620, ,6.12, ,18.10, ,97.9, 
2014/7/20,06:00,0.0, ,184560, ,12.01, ,18.10, ,97.8, 
2014/7/20,07:00,0.0, ,184510, ,9.92, ,30.80, ,97.8, 
2014/7/20,08:00,0.0, ,184330, ,5.49, ,52.00, ,97.7, 
2014/7/20,09:00,0.0, ,184160, ,9.47, ,51.90, ,97.6, 
2014/7/20,10:00,0.0, ,184040, ,11.63, ,52.00, ,97.5, 
2014/7/20,11:00,0.0, ,183920, ,14.05, ,52.00, ,97.5, 
2014/7/20,12:00,0.0, ,183810, ,20.87, ,51.80, ,97.4, 
2014/7/20,13:00,0.0, ,183630, ,13.61, ,52.00, ,97.3, 
2014/7/20,14:00,0.0, ,183520, ,13.89, ,52.20, ,97.2, 
2014/7/20,15:00,0.0, ,183400, ,22.28, ,52.10, ,97.2, 
2014/7/20,16:00,0.0, ,183290, ,16.37, ,52.20, ,97.1, 
2014/7/20,17:00,0.0, ,183230, ,15.07, ,36.50, ,97.1, 
2014/7/20,18:00,0.0, ,183110, ,15.01, ,38.10, ,97.0, 
2014/7/20,19:00,0.0, ,183050, ,16.81, ,45.20, ,97.0, 
2014/7/20,20:00,0.0, ,182940, ,15.86, ,45.10, ,96.9, 
2014/7/20,21:00,0.0, ,182880, ,21.56, ,41.80, ,96.9, 
2014/7/20,22:00,0.0, ,182820, ,11.04, ,21.20, ,96.8, 
2014/7/20,23:00,0.0, ,182820, ,19.51, ,18.20, ,96.8, 
2014/7/20,24:00,0.0, ,182820, ,18.32, ,18.30, ,96.8, 
2014/7/21,01:00,0.0, ,182770, ,7.85, ,18.30, ,96.8, 
2014/7/21,02:00,0.0, ,182770, ,12.71, ,18.20, ,96.8, 
2014/7/21,03:00,0.0, ,182710, ,8.39, ,18.20, ,96.8, 
2014/7/21,04:00,0.0, ,182650, ,7.09, ,18.20, ,96.7, 
2014/7/21,05:00,0.0, ,182590, ,5.51, ,18.30, ,96.7, 
2014/7/21,06:00,0.0, ,182590, ,4.13, ,18.50, ,96.7, 
2014/7/21,07:00,0.0, ,182530, ,17.26, ,18.20, ,96.7, 
2014/7/21,08:00,0.0, ,182530, ,4.49, ,21.10, ,96.7, 
2014/7/21,09:00,0.0, ,182530, ,20.03, ,18.10, ,96.7, 
2014/7/21,10:00,0.0, ,182420, ,10.17, ,33.10, ,96.6, 
2014/7/21,11:00,0.0, ,182300, ,13.73, ,58.00, ,96.5, 
2014/7/21,12:00,0.0, ,182130, ,17.95, ,59.70, ,96.4, 
2014/7/21,13:00,0.0, ,181960, ,12.70, ,59.40, ,96.3, 
2014/7/21,14:00,0.0, ,181780, ,12.93, ,59.40, ,96.2, 
2014/7/21,15:00,0.0, ,181670, ,13.75, ,59.10, ,96.2, 
2014/7/21,16:00,0.0, ,181500, ,15.63, ,59.70, ,96.1, 
2014/7/21,17:00,0.0, ,181320, ,13.39, ,59.20, ,96.0, 
2014/7/21,18:00,0.0, ,181150, ,12.80, ,59.80, ,95.9, 
2014/7/21,19:00,0.0, ,180980, ,14.18, ,59.40, ,95.8, 
2014/7/21,20:00,0.0, ,180810, ,14.21, ,59.40, ,95.7, 
2014/7/21,21:00,0.0, ,180640, ,13.49, ,59.70, ,95.6, 
2014/7/21,22:00,0.0, ,180520, ,16.25, ,57.00, ,95.5, 
2014/7/21,23:00,0.0, ,180460, ,15.40, ,31.40, ,95.5, 
2014/7/21,24:00,0.0, ,180410, ,8.77, ,21.50, ,95.4, 
2014/7/22,01:00,0.0, ,180410, ,19.37, ,21.40, ,95.4, 
2014/7/22,02:00,0.0, ,180350, ,6.07, ,18.60, ,95.4, 
2014/7/22,03:00,0.0, ,180290, ,13.68, ,18.30, ,95.4, 
2014/7/22,04:00,0.0, ,180290, ,5.49, ,18.60, ,95.4, 
2014/7/22,05:00,0.0, ,180230, ,4.12, ,18.20, ,95.3, 
2014/7/22,06:00,0.0, ,180180, ,4.86, ,18.30, ,95.3, 
2014/7/22,07:00,0.0, ,180120, ,2.09, ,18.40, ,95.3, 
2014/7/22,08:00,0.0, ,180060, ,5.71, ,18.50, ,95.2, 
2014/7/22,09:00,0.0, ,180000, ,4.70, ,26.10, ,95.2, 
2014/7/22,10:00,0.0, ,179830, ,8.78, ,51.10, ,95.1, 
2014/7/22,11:00,0.0, ,179660, ,17.43, ,59.60, ,95.0, 
2014/7/22,12:00,0.0, ,179550, ,15.71, ,59.60, ,94.9, 
2014/7/22,13:00,0.0, ,179380, ,14.18, ,59.60, ,94.8, 
2014/7/22,14:00,0.0, ,179200, ,15.77, ,60.00, ,94.7, 
2014/7/22,15:00,0.0, ,179030, ,15.80, ,59.60, ,94.6, 
2014/7/22,16:00,0.0, ,178920, ,15.81, ,59.70, ,94.6, 
2014/7/22,17:00,0.0, ,178750, ,15.92, ,59.60, ,94.5, 
2014/7/22,18:00,0.0, ,178580, ,14.98, ,59.60, ,94.4, 
2014/7/22,19:00,0.0, ,178410, ,18.56, ,60.00, ,94.3, 
2014/7/22,20:00,0.0, ,178290, ,16.36, ,59.80, ,94.2, 
2014/7/22,21:00,0.0, ,178120, ,13.79, ,59.90, ,94.1, 
2014/7/22,22:00,0.0, ,177950, ,15.39, ,59.90, ,94.0, 
2014/7/22,23:00,0.0, ,177840, ,16.98, ,44.00, ,94.0, 
2014/7/22,24:00,0.0, ,177840, ,15.81, ,21.30, ,94.0, 
2014/7/23,01:00,0.0, ,177780, ,6.61, ,20.50, ,93.9, 
2014/7/23,02:00,0.0, ,177720, ,13.47, ,20.60, ,93.9, 
2014/7/23,03:00,0.0, ,177670, ,9.09, ,21.00, ,93.9, 
2014/7/23,04:00,0.0, ,177610, ,5.11, ,24.30, ,93.8, 
2014/7/23,05:00,0.0, ,177550, ,10.62, ,24.60, ,93.8, 
2014/7/23,06:00,0.0, ,177500, ,6.67, ,24.40, ,93.8, 
2014/7/23,07:00,0.0, ,177440, ,7.59, ,18.70, ,93.7, 
2014/7/23,08:00,0.0, ,177380, ,3.15, ,23.00, ,93.7, 
2014/7/23,09:00,0.0, ,177210, ,4.27, ,47.10, ,93.6, 
2014/7/23,10:00,0.0, ,177040, ,9.00, ,60.10, ,93.5, 
2014/7/23,11:00,0.0, ,176870, ,14.10, ,60.10, ,93.4, 
2014/7/23,12:00,0.0, ,176760, ,15.21, ,60.00, ,93.3, 
2014/7/23,13:00,0.0, ,176590, ,17.06, ,60.10, ,93.2, 
2014/7/23,14:00,0.0, ,176420, ,15.00, ,60.10, ,93.1, 
2014/7/23,15:00,0.0, ,176250, ,15.27, ,59.90, ,93.0, 
2014/7/23,16:00,0.0, ,176080, ,15.03, ,60.00, ,92.9, 
2014/7/23,17:00,0.0, ,175910, ,13.50, ,60.00, ,92.8, 
2014/7/23,18:00,0.0, ,175740, ,14.83, ,60.20, ,92.7, 
2014/7/23,19:00,0.0, ,175630, ,15.29, ,60.10, ,92.7, 
2014/7/23,20:00,0.0, ,175460, ,14.10, ,60.40, ,92.6, 
2014/7/23,21:00,0.0, ,175290, ,12.78, ,60.30, ,92.5, 
2014/7/23,22:00,0.0, ,175120, ,13.01, ,50.60, ,92.4, 
2014/7/23,23:00,0.0, ,175060, ,9.78, ,21.50, ,92.3, 
2014/7/23,24:00,0.0, ,175060, ,14.73, ,21.50, ,92.3, 
2014/7/24,01:00,0.0, ,175010, ,10.48, ,20.10, ,92.3, 
2014/7/24,02:00,0.0, ,174950, ,9.39, ,20.30, ,92.3, 
2014/7/24,03:00,0.0, ,174890, ,3.82, ,20.00, ,92.2, 
2014/7/24,04:00,0.0, ,174840, ,10.27, ,30.30, ,92.2, 
2014/7/24,05:00,0.0, ,174730, ,8.96, ,30.20, ,92.2, 
2014/7/24,06:00,0.0, ,174670, ,5.35, ,30.30, ,92.1, 
2014/7/24,07:00,0.0, ,174560, ,9.07, ,37.90, ,92.1, 
2014/7/24,08:00,0.0, ,174390, ,7.41, ,60.70, ,92.0, 
2014/7/24,09:00,0.0, ,174160, ,8.34, ,60.60, ,91.8, 
2014/7/24,10:00,0.0, ,173990, ,8.17, ,60.60, ,91.7, 
2014/7/24,11:00,0.0, ,173830, ,14.25, ,60.50, ,91.6, 
2014/7/24,12:00,0.0, ,173660, ,16.06, ,60.50, ,91.5, 
2014/7/24,13:00,0.0, ,173490, ,14.40, ,60.60, ,91.4, 
2014/7/24,14:00,0.0, ,173320, ,13.62, ,60.50, ,91.3, 
2014/7/24,15:00,0.0, ,173150, ,12.45, ,60.40, ,91.2, 
2014/7/24,16:00,0.0, ,172980, ,14.90, ,60.60, ,91.1, 
2014/7/24,17:00,0.0, ,172820, ,14.70, ,60.50, ,91.1, 
2014/7/24,18:00,0.0, ,172650, ,12.07, ,60.70, ,91.0, 
2014/7/24,19:00,0.0, ,172480, ,14.44, ,60.80, ,90.9, 
2014/7/24,20:00,0.0, ,172310, ,12.53, ,60.70, ,90.8, 
2014/7/24,21:00,0.0, ,172140, ,12.72, ,60.60, ,90.7, 
2014/7/24,22:00,0.0, ,171980, ,12.84, ,59.40, ,90.6, 
2014/7/24,23:00,0.0, ,171810, ,12.83, ,56.00, ,90.5, 
2014/7/24,24:00,0.0, ,171700, ,13.21, ,35.00, ,90.4, 
2014/7/25,01:00,0.0, ,171700, ,6.58, ,18.80, ,90.4, 
2014/7/25,02:00,0.0, ,171640, ,6.15, ,18.90, ,90.4, 
2014/7/25,03:00,0.0, ,171590, ,7.99, ,19.50, ,90.3, 
2014/7/25,04:00,0.0, ,171480, ,8.12, ,43.30, ,90.3, 
2014/7/25,05:00,0.0, ,171360, ,11.02, ,43.50, ,90.2, 
2014/7/25,06:00,0.0, ,171250, ,8.55, ,39.00, ,90.1, 
2014/7/25,07:00,0.0, ,171090, ,7.22, ,41.90, ,90.1, 
2014/7/25,08:00,0.0, ,170970, ,7.38, ,39.30, ,90.0, 
2014/7/25,09:00,0.0, ,170810, ,6.00, ,57.90, ,89.9, 
2014/7/25,10:00,0.0, ,170580, ,8.27, ,59.40, ,89.8, 
2014/7/25,11:00,0.0, ,170470, ,12.77, ,59.60, ,89.7, 
2014/7/25,12:00,0.0, ,170310, ,14.33, ,59.60, ,89.6, 
2014/7/25,13:00,0.0, ,170140, ,13.16, ,59.70, ,89.5, 
2014/7/25,14:00,0.0, ,169920, ,13.46, ,61.00, ,89.4, 
2014/7/25,15:00,0.0, ,169750, ,12.34, ,61.00, ,89.3, 
2014/7/25,16:00,0.0, ,169590, ,12.64, ,61.10, ,89.2, 
2014/7/25,17:00,0.0, ,169420, ,13.88, ,59.80, ,89.1, 
2014/7/25,18:00,0.0, ,169250, ,12.42, ,61.00, ,89.0, 
2014/7/25,19:00,0.0, ,169090, ,11.99, ,61.40, ,88.9, 
2014/7/25,20:00,0.0, ,168870, ,12.17, ,59.70, ,88.8, 
2014/7/25,21:00,0.0, ,168700, ,11.69, ,61.20, ,88.7, 
2014/7/25,22:00,0.0, ,168590, ,12.72, ,53.90, ,88.6, 
2014/7/25,23:00,0.0, ,168480, ,10.01, ,40.70, ,88.5, 
2014/7/25,24:00,0.0, ,168420, ,8.62, ,19.70, ,88.5, 
2014/7/26,01:00,0.0, ,168310, ,10.26, ,43.10, ,88.4, 
2014/7/26,02:00,0.0, ,168260, ,9.48, ,19.00, ,88.4, 
2014/7/26,03:00,0.0, ,168200, ,7.51, ,19.60, ,88.4, 
2014/7/26,04:00,0.0, ,168090, ,6.64, ,43.60, ,88.3, 
2014/7/26,05:00,0.0, ,167930, ,9.45, ,44.00, ,88.2, 
2014/7/26,06:00,0.0, ,167820, ,7.37, ,46.10, ,88.2, 
2014/7/26,07:00,0.0, ,167760, ,6.45, ,18.90, ,88.1, 
2014/7/26,08:00,0.0, ,167650, ,3.42, ,31.40, ,88.1, 
2014/7/26,09:00,0.0, ,167490, ,8.32, ,58.30, ,88.0, 
2014/7/26,10:00,0.0, ,167270, ,7.30, ,61.60, ,87.8, 
2014/7/26,11:00,0.0, ,167100, ,11.15, ,60.10, ,87.7, 
2014/7/26,12:00,0.0, ,166940, ,15.65, ,61.70, ,87.7, 
2014/7/26,13:00,0.0, ,166770, ,12.64, ,61.30, ,87.6, 
2014/7/26,14:00,0.0, ,166610, ,14.77, ,61.80, ,87.5, 
2014/7/26,15:00,0.0, ,166440, ,13.35, ,60.10, ,87.4, 
2014/7/26,16:00,0.0, ,166280, ,15.31, ,61.60, ,87.3, 
2014/7/26,17:00,0.0, ,166120, ,12.41, ,61.60, ,87.2, 
2014/7/26,18:00,0.0, ,165900, ,15.22, ,61.60, ,87.1, 
2014/7/26,19:00,0.0, ,165790, ,14.23, ,60.20, ,87.0, 
2014/7/26,20:00,0.0, ,165570, ,11.98, ,61.80, ,86.9, 
2014/7/26,21:00,0.0, ,165410, ,15.38, ,61.90, ,86.8, 
2014/7/26,22:00,0.0, ,165240, ,11.89, ,60.30, ,86.7, 
2014/7/26,23:00,0.0, ,165130, ,13.68, ,47.80, ,86.6, 
2014/7/26,24:00,0.0, ,165080, ,9.95, ,19.90, ,86.6, 
2014/7/27,01:00,0.0, ,164970, ,12.77, ,44.00, ,86.5, 
2014/7/27,02:00,0.0, ,164860, ,10.87, ,29.40, ,86.5, 
2014/7/27,03:00,0.0, ,164810, ,8.41, ,37.00, ,86.4, 
2014/7/27,04:00,0.0, ,164640, ,7.38, ,44.20, ,86.3, 
2014/7/27,05:00,0.0, ,164530, ,8.74, ,47.10, ,86.3, 
2014/7/27,06:00,0.0, ,164370, ,7.05, ,43.60, ,86.2, 
2014/7/27,07:00,0.0, ,164320, ,6.14, ,19.10, ,86.1, 
2014/7/27,08:00,0.0, ,164260, ,3.84, ,21.00, ,86.1, 
2014/7/27,09:00,0.0, ,164100, ,4.41, ,48.60, ,86.0, 
2014/7/27,10:00,0.0, ,163880, ,6.71, ,60.50, ,85.9, 
2014/7/27,11:00,0.0, ,163720, ,10.28, ,61.90, ,85.8, 
2014/7/27,12:00,0.0, ,163560, ,11.20, ,62.30, ,85.7, 
2014/7/27,13:00,0.0, ,163340, ,11.91, ,62.20, ,85.6, 
2014/7/27,14:00,0.0, ,163180, ,14.24, ,62.20, ,85.5, 
2014/7/27,15:00,0.0, ,163010, ,12.42, ,60.50, ,85.4, 
2014/7/27,16:00,0.0, ,162850, ,15.86, ,62.20, ,85.3, 
2014/7/27,17:00,0.0, ,162690, ,14.75, ,60.60, ,85.2, 
2014/7/27,18:00,0.0, ,162530, ,15.67, ,60.80, ,85.1, 
2014/7/27,19:00,0.0, ,162370, ,14.36, ,62.00, ,85.0, 
2014/7/27,20:00,0.0, ,162200, ,14.95, ,60.70, ,84.9, 
2014/7/27,21:00,0.0, ,162040, ,14.18, ,54.60, ,84.8, 
2014/7/27,22:00,0.0, ,161940, ,12.22, ,28.20, ,84.8, 
2014/7/27,23:00,0.0, ,161940, ,9.29, ,19.50, ,84.8, 
2014/7/27,24:00,0.0, ,161880, ,8.32, ,19.30, ,84.7, 
2014/7/28,01:00,0.0, ,161880, ,15.33, ,19.30, ,84.7, 
2014/7/28,02:00,0.0, ,161770, ,5.22, ,19.10, ,84.7, 
2014/7/28,03:00,0.0, ,161770, ,4.56, ,20.00, ,84.7, 
2014/7/28,04:00,0.0, ,161610, ,7.31, ,44.30, ,84.6, 
2014/7/28,05:00,0.0, ,161500, ,8.78, ,44.60, ,84.5, 
2014/7/28,06:00,0.0, ,161400, ,6.28, ,30.00, ,84.5, 
2014/7/28,07:00,0.0, ,161290, ,7.50, ,32.70, ,84.4, 
2014/7/28,08:00,0.0, ,161130, ,5.87, ,47.50, ,84.3, 
2014/7/28,09:00,0.0, ,160970, ,4.63, ,60.80, ,84.2, 
2014/7/28,10:00,0.0, ,160750, ,6.22, ,60.80, ,84.1, 
2014/7/28,11:00,0.0, ,160590, ,9.82, ,62.30, ,84.0, 
2014/7/28,12:00,0.0, ,160430, ,15.18, ,62.40, ,83.9, 
2014/7/28,13:00,0.0, ,160220, ,11.03, ,62.40, ,83.8, 
2014/7/28,14:00,0.0, ,160050, ,14.06, ,62.30, ,83.7, 
2014/7/28,15:00,0.0, ,159890, ,12.22, ,62.80, ,83.6, 
2014/7/28,16:00,0.0, ,159680, ,12.00, ,61.00, ,83.5, 
2014/7/28,17:00,0.0, ,159520, ,13.88, ,62.70, ,83.4, 
2014/7/28,18:00,0.0, ,159310, ,13.62, ,62.50, ,83.2, 
2014/7/28,19:00,0.0, ,159140, ,12.89, ,62.70, ,83.1, 
2014/7/28,20:00,0.0, ,158980, ,12.83, ,61.40, ,83.1, 
2014/7/28,21:00,0.0, ,158820, ,12.86, ,62.70, ,83.0, 
2014/7/28,22:00,0.0, ,158660, ,12.82, ,55.10, ,82.9, 
2014/7/28,23:00,0.0, ,158560, ,12.81, ,44.10, ,82.8, 
2014/7/28,24:00,0.0, ,158500, ,10.75, ,22.30, ,82.8, 
2014/7/29,01:00,0.0, ,158450, ,10.33, ,19.30, ,82.7, 
2014/7/29,02:00,0.0, ,158400, ,8.73, ,19.30, ,82.7, 
2014/7/29,03:00,0.0, ,158340, ,4.34, ,21.40, ,82.7, 
2014/7/29,04:00,0.0, ,158180, ,6.75, ,47.80, ,82.6, 
2014/7/29,05:00,0.0, ,158020, ,6.90, ,59.70, ,82.5, 
2014/7/29,06:00,0.0, ,157860, ,8.60, ,47.10, ,82.4, 
2014/7/29,07:00,0.0, ,157810, ,5.99, ,22.30, ,82.4, 
2014/7/29,08:00,0.0, ,157700, ,4.85, ,21.60, ,82.3, 
2014/7/29,09:00,0.0, ,157540, ,4.29, ,48.20, ,82.2, 
2014/7/29,10:00,0.0, ,157390, ,4.49, ,61.50, ,82.1, 
2014/7/29,11:00,0.0, ,157170, ,9.31, ,61.50, ,82.0, 
2014/7/29,12:00,0.0, ,157010, ,13.12, ,63.10, ,81.9, 
2014/7/29,13:00,0.0, ,156850, ,13.13, ,63.00, ,81.8, 
2014/7/29,14:00,0.0, ,156640, ,10.25, ,63.10, ,81.7, 
2014/7/29,15:00,0.0, ,156480, ,13.83, ,61.40, ,81.6, 
2014/7/29,16:00,0.0, ,156270, ,11.54, ,62.90, ,81.5, 
2014/7/29,17:00,0.0, ,156110, ,10.89, ,63.20, ,81.4, 
2014/7/29,18:00,0.0, ,155900, ,13.43, ,61.80, ,81.3, 
2014/7/29,19:00,0.0, ,155740, ,10.19, ,63.30, ,81.2, 
2014/7/29,20:00,0.0, ,155580, ,13.68, ,61.60, ,81.1, 
2014/7/29,21:00,0.0, ,155370, ,10.62, ,63.20, ,81.0, 
2014/7/29,22:00,0.0, ,155210, ,11.86, ,63.20, ,80.9, 
2014/7/29,23:00,0.1, ,155060, ,11.17, ,47.80, ,80.8, 
2014/7/29,24:00,0.0, ,155000, ,8.36, ,19.70, ,80.8, 
2014/7/30,01:00,1.5, ,154950, ,12.31, ,19.20, ,80.7, 
2014/7/30,02:00,1.4, ,154950, ,4.83, ,19.50, ,80.7, 
2014/7/30,03:00,0.3, ,154900, ,8.08, ,21.30, ,80.7, 
2014/7/30,04:00,0.2, ,154740, ,7.69, ,46.70, ,80.6, 
2014/7/30,05:00,0.2, ,154530, ,10.85, ,63.30, ,80.5, 
2014/7/30,06:00,0.0, ,154420, ,7.10, ,47.70, ,80.4, 
2014/7/30,07:00,0.0, ,154320, ,7.10, ,21.20, ,80.4, 
2014/7/30,08:00,0.0, ,154270, ,3.98, ,23.20, ,80.3, 
2014/7/30,09:00,0.0, ,154110, ,5.49, ,46.80, ,80.2, 
2014/7/30,10:00,0.0, ,153900, ,6.79, ,61.90, ,80.1, 
2014/7/30,11:00,0.0, ,153740, ,9.00, ,62.00, ,80.0, 
2014/7/30,12:00,0.0, ,153590, ,12.54, ,61.90, ,79.9, 
2014/7/30,13:00,0.0, ,153380, ,13.52, ,62.00, ,79.8, 
2014/7/30,14:00,0.3, ,153220, ,13.11, ,62.00, ,79.7, 
2014/7/30,15:00,0.2, ,153010, ,12.89, ,62.00, ,79.6, 
2014/7/30,16:00,0.2, ,152850, ,15.69, ,62.30, ,79.5, 
2014/7/30,17:00,0.0, ,152700, ,13.83, ,63.20, ,79.4, 
2014/7/30,18:00,0.0, ,152540, ,13.98, ,63.20, ,79.3, 
2014/7/30,19:00,0.3, ,152330, ,14.49, ,63.20, ,79.2, 
2014/7/30,20:00,0.1, ,152180, ,14.03, ,63.10, ,79.1, 
2014/7/30,21:00,0.0, ,151970, ,14.04, ,63.20, ,79.0, 
2014/7/30,22:00,0.0, ,151810, ,12.63, ,63.00, ,78.9, 
2014/7/30,23:00,0.0, ,151660, ,12.07, ,47.90, ,78.8, 
2014/7/30,24:00,0.0, ,151660, ,14.18, ,18.20, ,78.8, 
2014/7/31,01:00,0.0, ,151600, ,5.50, ,18.20, ,78.8, 
2014/7/31,02:00,0.3, ,151550, ,8.57, ,18.20, ,78.8, 
2014/7/31,03:00,0.0, ,151500, ,7.14, ,20.10, ,78.7, 
2014/7/31,04:00,0.0, ,151350, ,7.17, ,47.20, ,78.6, 
2014/7/31,05:00,0.0, ,151190, ,7.17, ,61.10, ,78.5, 
2014/7/31,06:00,0.0, ,151030, ,8.64, ,51.00, ,78.5, 
2014/7/31,07:00,0.3, ,150930, ,5.12, ,18.20, ,78.4, 
2014/7/31,08:00,0.0, ,150830, ,4.73, ,36.70, ,78.3, 
2014/7/31,09:00,0.0, ,150620, ,5.05, ,60.80, ,78.2, 
2014/7/31,10:00,0.0, ,150470, ,5.40, ,63.10, ,78.1, 
2014/7/31,11:00,0.0, ,150260, ,8.80, ,63.20, ,78.0, 
2014/7/31,12:00,0.0, ,150050, ,11.91, ,61.30, ,77.9, 
2014/7/31,13:00,0.0, ,149900, ,12.46, ,63.20, ,77.8, 
2014/7/31,14:00,0.0, ,149740, ,14.07, ,61.30, ,77.7, 
2014/7/31,15:00,0.1, ,149530, ,12.28, ,63.20, ,77.6, 
2014/7/31,16:00,0.0, ,149380, ,14.34, ,61.20, ,77.5, 
2014/7/31,17:00,0.0, ,149170, ,11.81, ,63.30, ,77.4, 
2014/7/31,18:00,0.0, ,149020, ,13.95, ,61.10, ,77.3, 
2014/7/31,19:00,0.0, ,148810, ,12.64, ,63.30, ,77.2, 
2014/7/31,20:00,0.0, ,148660, ,13.67, ,61.50, ,77.1, 
2014/7/31,21:00,0.0, ,148500, ,13.74, ,63.10, ,77.0, 
2014/7/31,22:00,0.0, ,148300, ,13.17, ,61.30, ,76.9, 
2014/7/31,23:00,0.0, ,148200, ,12.80, ,48.30, ,76.8, 
2014/7/31,24:00,0.0, ,148140, ,9.01, ,18.40, ,76.8, 
