îCà”ä˙ä‘É_ÉÄèîó åüçıåãâ 
êÖånñº,ãgñÏêÏ
âÕêÏñº,ãgñÏêÏ
äœë™èäñº,ëÅñæâYÉ_ÉÄÅiã@ç\Åj
äœë™èäãLçÜ,1368080700010
#
#îNåéì˙,éûçè,ó¨àÊïΩãœâJó ,ó¨àÊïΩãœâJó ëÆê´,íôêÖó ,íôêÖó ëÆê´,ó¨ì¸ó ,ó¨ì¸ó ëÆê´,ï˙ó¨ó ,ï˙ó¨ó ëÆê´,íôêÖó¶,íôêÖó¶ëÆê´
#ëÆê´Å@$:åáë™ -:ñ¢éÛêM
#
2015/9/1,01:00,12.6, ,176990, ,109.35, ,59.90, ,100.0, 
2015/9/1,02:00,4.1, ,177500, ,168.78, ,60.00, ,100.0, 
2015/9/1,03:00,6.2, ,178350, ,262.43, ,59.80, ,100.0, 
2015/9/1,04:00,6.0, ,179090, ,274.99, ,59.70, ,100.0, 
2015/9/1,05:00,3.2, ,180120, ,298.59, ,59.70, ,100.0, 
2015/9/1,06:00,1.8, ,181270, ,365.83, ,59.40, ,100.0, 
2015/9/1,07:00,0.9, ,182300, ,370.99, ,59.20, ,100.0, 
2015/9/1,08:00,1.2, ,183230, ,323.58, ,59.00, ,100.0, 
2015/9/1,09:00,0.2, ,184040, ,294.44, ,58.70, ,100.0, 
2015/9/1,10:00,0.0, ,184800, ,278.92, ,58.80, ,100.0, 
2015/9/1,11:00,0.1, ,185440, ,252.78, ,58.90, ,100.0, 
2015/9/1,12:00,2.4, ,186020, ,235.31, ,58.90, ,100.0, 
2015/9/1,13:00,15.5, ,186660, ,224.13, ,58.70, ,100.0, 
2015/9/1,14:00,1.9, ,187480, ,255.76, ,58.30, ,100.0, 
2015/9/1,15:00,0.0, ,188420, ,315.98, ,128.04, ,100.0, 
2015/9/1,16:00,0.0, ,189190, ,314.56, ,77.74, ,100.0, 
2015/9/1,17:00,0.0, ,189830, ,268.98, ,61.18, ,100.0, 
2015/9/1,18:00,0.0, ,190420, ,242.85, ,61.34, ,100.0, 
2015/9/1,19:00,0.0, ,191010, ,219.80, ,61.28, ,100.0, 
2015/9/1,20:00,0.0, ,191490, ,210.48, ,61.52, ,100.0, 
2015/9/1,21:00,0.1, ,192020, ,200.74, ,60.96, ,100.0, 
2015/9/1,22:00,0.5, ,192380, ,183.87, ,61.30, ,100.0, 
2015/9/1,23:00,0.6, ,192730, ,164.78, ,60.65, ,100.0, 
2015/9/1,24:00,1.1, ,193090, ,154.26, ,60.78, ,100.0, 
2015/9/2,01:00,0.8, ,193390, ,155.32, ,60.60, ,100.0, 
2015/9/2,02:00,0.2, ,193750, ,152.63, ,60.42, ,100.0, 
2015/9/2,03:00,0.0, ,194040, ,150.74, ,60.45, ,100.0, 
2015/9/2,04:00,0.0, ,194340, ,144.21, ,60.57, ,100.0, 
2015/9/2,05:00,0.0, ,194580, ,134.65, ,60.28, ,100.0, 
2015/9/2,06:00,0.0, ,194820, ,126.66, ,60.40, ,100.0, 
2015/9/2,07:00,0.0, ,195060, ,125.30, ,60.41, ,100.0, 
2015/9/2,08:00,0.0, ,195240, ,118.10, ,61.22, ,100.0, 
2015/9/2,09:00,0.0, ,195480, ,119.27, ,60.33, ,100.0, 
2015/9/2,10:00,0.0, ,195600, ,110.85, ,61.16, ,100.0, 
2015/9/2,11:00,0.0, ,195780, ,106.54, ,60.86, ,100.0, 
2015/9/2,12:00,0.0, ,195960, ,102.86, ,61.08, ,100.0, 
2015/9/2,13:00,0.0, ,196080, ,101.20, ,60.78, ,100.0, 
2015/9/2,14:00,0.5, ,196200, ,99.26, ,61.00, ,100.0, 
2015/9/2,15:00,0.1, ,196320, ,89.57, ,60.90, ,100.0, 
2015/9/2,16:00,0.1, ,196380, ,90.47, ,70.84, ,100.0, 
2015/9/2,17:00,0.0, ,196440, ,89.17, ,70.96, ,100.0, 
2015/9/2,18:00,0.0, ,196500, ,82.15, ,70.68, ,100.0, 
2015/9/2,19:00,0.0, ,196560, ,84.76, ,80.76, ,100.0, 
2015/9/2,20:00,0.0, ,196560, ,90.69, ,80.46, ,100.0, 
2015/9/2,21:00,0.0, ,196560, ,80.54, ,80.66, ,100.0, 
2015/9/2,22:00,0.0, ,196560, ,80.61, ,80.86, ,100.0, 
2015/9/2,23:00,0.0, ,196560, ,80.57, ,80.76, ,100.0, 
2015/9/2,24:00,0.0, ,196560, ,80.60, ,80.56, ,100.0, 
2015/9/3,01:00,0.1, ,196500, ,60.78, ,64.72, ,100.0, 
2015/9/3,02:00,0.0, ,196560, ,66.03, ,64.54, ,100.0, 
2015/9/3,03:00,1.3, ,196620, ,77.65, ,64.44, ,100.0, 
2015/9/3,04:00,0.2, ,196620, ,86.52, ,79.36, ,100.0, 
2015/9/3,05:00,0.1, ,196620, ,81.72, ,85.44, ,100.0, 
2015/9/3,06:00,0.6, ,196500, ,68.67, ,85.26, ,100.0, 
2015/9/3,07:00,5.0, ,196500, ,68.62, ,85.26, ,100.0, 
2015/9/3,08:00,4.3, ,196440, ,78.07, ,85.44, ,100.0, 
2015/9/3,09:00,1.8, ,196380, ,72.83, ,85.40, ,100.0, 
2015/9/3,10:00,1.5, ,196380, ,71.75, ,85.50, ,100.0, 
2015/9/3,11:00,2.3, ,196380, ,85.33, ,85.30, ,100.0, 
2015/9/3,12:00,0.6, ,196380, ,85.23, ,85.60, ,100.0, 
2015/9/3,13:00,0.0, ,196320, ,83.36, ,79.24, ,100.0, 
2015/9/3,14:00,0.0, ,196320, ,67.07, ,79.24, ,100.0, 
2015/9/3,15:00,0.0, ,196320, ,79.22, ,79.24, ,100.0, 
2015/9/3,16:00,0.0, ,196320, ,79.28, ,79.34, ,100.0, 
2015/9/3,17:00,0.0, ,196320, ,79.33, ,79.34, ,100.0, 
2015/9/3,18:00,0.0, ,196320, ,79.33, ,79.34, ,100.0, 
2015/9/3,19:00,0.0, ,196260, ,68.26, ,68.36, ,100.0, 
2015/9/3,20:00,0.0, ,196260, ,62.18, ,68.36, ,100.0, 
2015/9/3,21:00,0.0, ,196200, ,56.07, ,61.00, ,100.0, 
2015/9/3,22:00,0.0, ,196200, ,54.94, ,59.05, ,100.0, 
2015/9/3,23:00,0.0, ,196200, ,59.08, ,59.05, ,100.0, 
2015/9/3,24:00,0.0, ,196200, ,59.08, ,59.05, ,100.0, 
2015/9/4,01:00,0.0, ,196200, ,59.12, ,59.25, ,100.0, 
2015/9/4,02:00,0.0, ,196200, ,59.15, ,58.95, ,100.0, 
2015/9/4,03:00,0.0, ,196200, ,59.07, ,59.25, ,100.0, 
2015/9/4,04:00,0.0, ,196200, ,59.12, ,59.15, ,100.0, 
2015/9/4,05:00,0.0, ,196200, ,59.09, ,58.95, ,100.0, 
2015/9/4,06:00,0.0, ,196140, ,43.50, ,59.25, ,100.0, 
2015/9/4,07:00,0.0, ,196140, ,58.00, ,59.15, ,100.0, 
2015/9/4,08:00,0.0, ,196140, ,59.10, ,58.95, ,100.0, 
2015/9/4,09:00,0.0, ,196080, ,45.84, ,57.30, ,100.0, 
2015/9/4,10:00,0.0, ,196080, ,53.94, ,57.50, ,100.0, 
2015/9/4,11:00,0.0, ,196020, ,53.45, ,57.50, ,100.0, 
2015/9/4,12:00,0.0, ,196020, ,44.57, ,57.50, ,100.0, 
2015/9/4,13:00,0.0, ,195960, ,51.24, ,57.50, ,100.0, 
2015/9/4,14:00,0.0, ,195960, ,46.78, ,57.40, ,100.0, 
2015/9/4,15:00,0.0, ,195900, ,47.92, ,57.40, ,100.0, 
2015/9/4,16:00,0.0, ,195840, ,45.11, ,57.40, ,100.0, 
2015/9/4,17:00,0.0, ,195780, ,44.00, ,57.20, ,100.0, 
2015/9/4,18:00,0.0, ,195720, ,36.75, ,57.20, ,100.0, 
2015/9/4,19:00,0.0, ,195660, ,43.40, ,57.30, ,100.0, 
2015/9/4,20:00,0.0, ,195600, ,36.45, ,57.30, ,100.0, 
2015/9/4,21:00,0.0, ,195540, ,41.99, ,57.30, ,100.0, 
2015/9/4,22:00,0.0, ,195480, ,35.10, ,57.30, ,100.0, 
2015/9/4,23:00,0.0, ,195360, ,30.37, ,57.40, ,100.0, 
2015/9/4,24:00,0.0, ,195300, ,36.24, ,57.30, ,100.0, 
2015/9/5,01:00,0.0, ,195240, ,41.00, ,57.40, ,100.0, 
2015/9/5,02:00,0.0, ,195120, ,30.51, ,57.10, ,100.0, 
2015/9/5,03:00,0.0, ,195060, ,34.09, ,57.30, ,100.0, 
2015/9/5,04:00,0.0, ,194940, ,34.06, ,57.40, ,100.0, 
2015/9/5,05:00,0.0, ,194880, ,36.33, ,57.40, ,100.0, 
2015/9/5,06:00,0.0, ,194820, ,34.70, ,57.20, ,100.0, 
2015/9/5,07:00,0.0, ,194700, ,32.21, ,57.40, ,100.0, 
2015/9/5,08:00,0.0, ,194640, ,33.32, ,57.30, ,100.0, 
2015/9/5,09:00,0.0, ,194520, ,30.01, ,57.60, ,100.0, 
2015/9/5,10:00,0.0, ,194460, ,33.91, ,57.20, ,100.0, 
2015/9/5,11:00,0.0, ,194340, ,29.80, ,57.60, ,100.0, 
2015/9/5,12:00,0.0, ,194280, ,35.36, ,57.50, ,100.0, 
2015/9/5,13:00,0.0, ,194160, ,28.15, ,57.50, ,100.0, 
2015/9/5,14:00,0.0, ,194040, ,32.88, ,57.40, ,100.0, 
2015/9/5,15:00,0.0, ,193980, ,31.51, ,57.50, ,100.0, 
2015/9/5,16:00,0.0, ,193860, ,29.87, ,57.40, ,100.0, 
2015/9/5,17:00,0.0, ,193800, ,32.10, ,57.40, ,100.0, 
2015/9/5,18:00,0.0, ,193690, ,30.17, ,57.40, ,100.0, 
2015/9/5,19:00,0.0, ,193570, ,31.01, ,57.40, ,100.0, 
2015/9/5,20:00,0.0, ,193510, ,30.18, ,57.50, ,100.0, 
2015/9/5,21:00,0.0, ,193390, ,30.58, ,57.50, ,100.0, 
2015/9/5,22:00,0.0, ,193270, ,31.44, ,57.60, ,100.0, 
2015/9/5,23:00,0.0, ,193210, ,29.77, ,57.70, ,100.0, 
2015/9/5,24:00,0.0, ,193090, ,30.61, ,57.70, ,100.0, 
2015/9/6,01:00,0.8, ,193030, ,32.06, ,57.70, ,100.0, 
2015/9/6,02:00,0.0, ,192850, ,22.18, ,57.90, ,100.0, 
2015/9/6,03:00,0.3, ,192790, ,29.05, ,57.60, ,100.0, 
2015/9/6,04:00,0.9, ,192670, ,28.76, ,57.60, ,100.0, 
2015/9/6,05:00,1.4, ,192550, ,31.83, ,57.90, ,100.0, 
2015/9/6,06:00,1.7, ,192500, ,29.11, ,57.80, ,100.0, 
2015/9/6,07:00,0.7, ,192380, ,32.16, ,57.70, ,100.0, 
2015/9/6,08:00,2.4, ,192320, ,32.73, ,58.00, ,100.0, 
2015/9/6,09:00,1.2, ,192200, ,31.10, ,57.80, ,100.0, 
2015/9/6,10:00,0.9, ,192080, ,34.15, ,57.70, ,100.0, 
2015/9/6,11:00,0.5, ,192020, ,30.59, ,57.80, ,100.0, 
2015/9/6,12:00,1.9, ,191960, ,36.42, ,58.20, ,100.0, 
2015/9/6,13:00,0.7, ,191840, ,29.57, ,57.90, ,100.0, 
2015/9/6,14:00,1.6, ,191780, ,33.97, ,57.40, ,100.0, 
2015/9/6,15:00,0.5, ,191720, ,44.71, ,57.80, ,100.0, 
2015/9/6,16:00,0.0, ,191610, ,31.27, ,58.20, ,100.0, 
2015/9/6,17:00,0.1, ,191550, ,34.28, ,57.80, ,100.0, 
2015/9/6,18:00,0.0, ,191430, ,30.99, ,57.70, ,100.0, 
2015/9/6,19:00,0.0, ,191370, ,35.12, ,57.70, ,100.0, 
2015/9/6,20:00,0.0, ,191250, ,31.33, ,58.10, ,100.0, 
2015/9/6,21:00,0.0, ,191130, ,34.44, ,58.00, ,100.0, 
2015/9/6,22:00,0.0, ,191070, ,30.61, ,58.10, ,100.0, 
2015/9/6,23:00,0.0, ,190950, ,33.87, ,58.10, ,100.0, 
2015/9/6,24:00,0.0, ,190900, ,29.77, ,57.90, ,100.0, 
2015/9/7,01:00,0.0, ,190780, ,31.46, ,58.00, ,100.0, 
2015/9/7,02:00,0.2, ,190660, ,31.48, ,57.90, ,100.0, 
2015/9/7,03:00,0.9, ,190600, ,30.40, ,57.90, ,100.0, 
2015/9/7,04:00,0.0, ,190420, ,20.63, ,58.10, ,100.0, 
2015/9/7,05:00,0.1, ,190360, ,29.38, ,58.00, ,100.0, 
2015/9/7,06:00,0.3, ,190250, ,30.74, ,58.10, ,100.0, 
2015/9/7,07:00,0.1, ,190130, ,33.78, ,58.10, ,100.0, 
2015/9/7,08:00,0.0, ,190070, ,28.88, ,58.20, ,100.0, 
2015/9/7,09:00,0.0, ,189950, ,31.36, ,58.00, ,100.0, 
2015/9/7,10:00,0.0, ,189830, ,19.93, ,58.20, ,100.0, 
2015/9/7,11:00,0.0, ,189720, ,31.41, ,58.10, ,100.0, 
2015/9/7,12:00,0.2, ,189600, ,31.39, ,58.00, ,100.0, 
2015/9/7,13:00,0.0, ,189480, ,21.33, ,58.20, ,100.0, 
2015/9/7,14:00,0.0, ,189360, ,30.88, ,58.00, ,100.0, 
2015/9/7,15:00,0.0, ,189300, ,28.73, ,58.40, ,100.0, 
2015/9/7,16:00,0.0, ,189190, ,25.77, ,58.30, ,100.0, 
2015/9/7,17:00,0.0, ,189070, ,26.04, ,58.20, ,100.0, 
2015/9/7,18:00,0.0, ,188950, ,27.55, ,58.40, ,100.0, 
2015/9/7,19:00,0.0, ,188830, ,22.66, ,58.20, ,100.0, 
2015/9/7,20:00,0.0, ,188720, ,26.40, ,58.20, ,100.0, 
2015/9/7,21:00,0.0, ,188600, ,22.89, ,58.50, ,100.0, 
2015/9/7,22:00,0.0, ,188480, ,27.31, ,58.30, ,100.0, 
2015/9/7,23:00,0.0, ,188300, ,25.93, ,58.30, ,100.0, 
2015/9/7,24:00,0.0, ,188250, ,24.61, ,58.30, ,100.0, 
2015/9/8,01:00,0.0, ,188070, ,24.39, ,58.50, ,100.0, 
2015/9/8,02:00,0.0, ,188010, ,26.30, ,58.30, ,100.0, 
2015/9/8,03:00,0.0, ,187830, ,26.58, ,58.50, ,100.0, 
2015/9/8,04:00,0.0, ,187720, ,23.92, ,58.50, ,100.0, 
2015/9/8,05:00,0.0, ,187600, ,24.47, ,58.20, ,100.0, 
2015/9/8,06:00,0.0, ,187480, ,24.26, ,58.60, ,100.0, 
2015/9/8,07:00,0.0, ,187370, ,24.08, ,58.30, ,100.0, 
2015/9/8,08:00,0.0, ,187250, ,26.21, ,58.80, ,100.0, 
2015/9/8,09:00,0.0, ,187130, ,24.34, ,58.40, ,100.0, 
2015/9/8,10:00,0.0, ,187010, ,25.14, ,58.50, ,100.0, 
2015/9/8,11:00,0.0, ,186900, ,24.64, ,58.30, ,100.0, 
2015/9/8,12:00,0.0, ,186780, ,26.27, ,58.40, ,100.0, 
2015/9/8,13:00,0.0, ,186660, ,21.93, ,58.60, ,100.0, 
2015/9/8,14:00,0.0, ,186490, ,22.82, ,58.80, ,100.0, 
2015/9/8,15:00,0.0, ,186370, ,24.70, ,58.40, ,100.0, 
2015/9/8,16:00,0.0, ,186250, ,23.62, ,58.50, ,100.0, 
2015/9/8,17:00,0.0, ,186140, ,23.66, ,58.80, ,100.0, 
2015/9/8,18:00,0.2, ,186020, ,24.06, ,58.80, ,100.0, 
2015/9/8,19:00,0.0, ,185900, ,22.75, ,58.80, ,100.0, 
2015/9/8,20:00,0.2, ,185790, ,25.79, ,58.70, ,100.0, 
2015/9/8,21:00,0.2, ,185610, ,21.24, ,58.60, ,100.0, 
2015/9/8,22:00,0.5, ,185500, ,23.66, ,58.60, ,100.0, 
2015/9/8,23:00,0.9, ,185380, ,22.85, ,58.90, ,100.0, 
2015/9/8,24:00,0.5, ,185260, ,26.43, ,59.00, ,100.0, 
2015/9/9,01:00,0.3, ,185150, ,25.89, ,58.60, ,100.0, 
2015/9/9,02:00,0.8, ,185030, ,26.43, ,58.80, ,100.0, 
2015/9/9,03:00,0.8, ,184910, ,32.94, ,58.90, ,100.0, 
2015/9/9,04:00,0.3, ,184800, ,20.55, ,58.80, ,100.0, 
2015/9/9,05:00,0.0, ,184680, ,31.86, ,59.00, ,100.0, 
2015/9/9,06:00,0.0, ,184560, ,24.31, ,58.80, ,100.0, 
2015/9/9,07:00,0.4, ,184450, ,25.18, ,58.80, ,100.0, 
2015/9/9,08:00,0.1, ,184330, ,18.51, ,59.00, ,100.0, 
2015/9/9,09:00,0.0, ,184160, ,30.99, ,59.10, ,100.0, 
2015/9/9,10:00,0.1, ,184100, ,21.32, ,58.80, ,100.0, 
2015/9/9,11:00,0.8, ,183920, ,23.74, ,58.90, ,100.0, 
2015/9/9,12:00,0.6, ,183810, ,27.53, ,59.00, ,100.0, 
2015/9/9,13:00,0.3, ,183690, ,21.32, ,58.90, ,100.0, 
2015/9/9,14:00,0.3, ,183580, ,28.32, ,59.00, ,100.0, 
2015/9/9,15:00,0.1, ,183460, ,20.55, ,59.00, ,100.0, 
2015/9/9,16:00,0.0, ,183340, ,28.11, ,58.90, ,100.0, 
2015/9/9,17:00,0.0, ,183230, ,22.24, ,59.00, ,100.0, 
2015/9/9,18:00,0.0, ,183050, ,20.64, ,58.90, ,100.0, 
2015/9/9,19:00,0.0, ,182940, ,22.60, ,59.30, ,100.0, 
2015/9/9,20:00,0.0, ,182770, ,22.98, ,59.40, ,100.0, 
2015/9/9,21:00,0.3, ,182650, ,20.32, ,59.10, ,100.0, 
2015/9/9,22:00,0.3, ,182530, ,21.17, ,59.30, ,100.0, 
2015/9/9,23:00,0.1, ,182360, ,20.91, ,59.10, ,100.0, 
2015/9/9,24:00,0.4, ,182250, ,20.39, ,59.40, ,100.0, 
2015/9/10,01:00,0.1, ,182070, ,18.82, ,59.30, ,100.0, 
2015/9/10,02:00,0.4, ,181900, ,13.35, ,59.20, ,100.0, 
2015/9/10,03:00,0.3, ,181730, ,13.36, ,59.10, ,100.0, 
2015/9/10,04:00,0.3, ,181610, ,14.46, ,59.40, ,100.0, 
2015/9/10,05:00,0.4, ,181440, ,12.90, ,59.30, ,100.0, 
2015/9/10,06:00,0.3, ,181270, ,13.51, ,59.00, ,100.0, 
2015/9/10,07:00,0.3, ,181090, ,11.88, ,59.40, ,100.0, 
2015/9/10,08:00,0.6, ,180920, ,11.49, ,59.70, ,100.0, 
2015/9/10,09:00,0.0, ,180750, ,10.61, ,59.40, ,100.0, 
2015/9/10,10:00,0.1, ,180580, ,15.92, ,59.30, ,100.0, 
2015/9/10,11:00,0.0, ,180460, ,18.87, ,59.50, ,100.0, 
2015/9/10,12:00,0.0, ,180290, ,18.87, ,59.40, ,100.0, 
2015/9/10,13:00,0.0, ,180180, ,21.52, ,59.80, ,100.0, 
2015/9/10,14:00,0.0, ,180000, ,22.90, ,59.70, ,100.0, 
2015/9/10,15:00,0.0, ,179890, ,23.52, ,59.60, ,100.0, 
2015/9/10,16:00,0.0, ,179780, ,21.94, ,59.60, ,100.0, 
2015/9/10,17:00,0.0, ,179600, ,21.17, ,59.50, ,100.0, 
2015/9/10,18:00,0.0, ,179490, ,22.49, ,59.40, ,100.0, 
2015/9/10,19:00,0.0, ,179380, ,25.95, ,59.50, ,100.0, 
2015/9/10,20:00,0.0, ,179260, ,21.23, ,59.80, ,100.0, 
2015/9/10,21:00,0.0, ,179090, ,21.09, ,59.70, ,100.0, 
2015/9/10,22:00,0.0, ,178980, ,20.58, ,59.80, ,100.0, 
2015/9/10,23:00,0.0, ,178810, ,19.84, ,59.80, ,100.0, 
2015/9/10,24:00,0.0, ,178690, ,21.40, ,59.60, ,100.0, 
2015/9/11,01:00,0.0, ,178520, ,22.46, ,59.60, ,100.0, 
2015/9/11,02:00,0.0, ,178350, ,16.42, ,59.70, ,100.0, 
2015/9/11,03:00,0.0, ,178240, ,14.89, ,59.60, ,100.0, 
2015/9/11,04:00,0.0, ,178060, ,18.34, ,59.70, ,100.0, 
2015/9/11,05:00,0.0, ,177890, ,17.60, ,59.90, ,100.0, 
2015/9/11,06:00,0.0, ,177720, ,15.28, ,60.00, ,100.0, 
2015/9/11,07:00,0.0, ,177610, ,12.71, ,59.90, ,100.0, 
2015/9/11,08:00,0.0, ,177440, ,14.16, ,59.90, ,100.0, 
2015/9/11,09:00,0.0, ,177210, ,9.95, ,60.00, ,100.0, 
2015/9/11,10:00,0.0, ,177100, ,16.42, ,60.00, ,100.0, 
2015/9/11,11:00,0.0, ,176990, ,22.34, ,60.00, ,100.0, 
2015/9/11,12:00,0.0, ,176820, ,20.04, ,59.90, ,100.0, 
2015/9/11,13:00,0.0, ,176700, ,22.13, ,60.00, ,100.0, 
2015/9/11,14:00,0.0, ,176530, ,20.06, ,60.00, ,100.0, 
2015/9/11,15:00,0.0, ,176420, ,20.36, ,59.90, ,100.0, 
2015/9/11,16:00,0.0, ,176250, ,19.84, ,60.10, ,100.0, 
2015/9/11,17:00,0.0, ,176080, ,20.69, ,60.10, ,100.0, 
2015/9/11,18:00,0.0, ,175970, ,22.13, ,60.20, ,100.0, 
2015/9/11,19:00,0.0, ,175800, ,21.96, ,60.20, ,100.0, 
2015/9/11,20:00,0.0, ,175680, ,19.58, ,60.00, ,100.0, 
2015/9/11,21:00,0.0, ,175510, ,21.64, ,60.30, ,100.0, 
2015/9/11,22:00,0.0, ,175400, ,18.31, ,60.10, ,100.0, 
2015/9/11,23:00,0.0, ,175230, ,21.71, ,60.20, ,100.0, 
2015/9/11,24:00,0.0, ,175120, ,20.20, ,47.30, ,100.0, 
2015/9/12,01:00,0.0, ,175060, ,22.82, ,21.50, ,100.0, 
2015/9/12,02:00,0.0, ,175060, ,5.01, ,18.60, ,100.0, 
2015/9/12,03:00,0.0, ,175060, ,18.70, ,18.60, ,100.0, 
2015/9/12,04:00,0.0, ,175010, ,3.25, ,18.60, ,100.0, 
2015/9/12,05:00,0.0, ,175010, ,18.35, ,18.60, ,100.0, 
2015/9/12,06:00,0.0, ,174950, ,5.01, ,18.60, ,100.0, 
2015/9/12,07:00,0.0, ,174890, ,14.64, ,18.60, ,100.0, 
2015/9/12,08:00,0.0, ,174890, ,4.75, ,18.80, ,100.0, 
2015/9/12,09:00,0.0, ,174840, ,6.55, ,24.30, ,100.0, 
2015/9/12,10:00,0.0, ,174730, ,19.38, ,50.00, ,100.0, 
2015/9/12,11:00,0.0, ,174610, ,17.85, ,50.50, ,100.0, 
2015/9/12,12:00,0.0, ,174500, ,17.38, ,50.40, ,100.0, 
2015/9/12,13:00,0.0, ,174390, ,23.45, ,53.30, ,100.0, 
2015/9/12,14:00,0.0, ,174270, ,21.51, ,50.80, ,100.0, 
2015/9/12,15:00,0.0, ,174160, ,18.84, ,50.30, ,100.0, 
2015/9/12,16:00,0.0, ,174050, ,19.95, ,53.30, ,100.0, 
2015/9/12,17:00,0.0, ,173940, ,20.59, ,45.90, ,100.0, 
2015/9/12,18:00,0.0, ,173940, ,18.02, ,21.60, ,100.0, 
2015/9/12,19:00,0.0, ,173940, ,20.50, ,18.70, ,100.0, 
2015/9/12,20:00,0.0, ,173940, ,18.73, ,18.70, ,100.0, 
2015/9/12,21:00,0.0, ,173880, ,4.92, ,18.70, ,100.0, 
2015/9/12,22:00,0.0, ,173880, ,16.87, ,18.70, ,100.0, 
2015/9/12,23:00,0.0, ,173880, ,18.68, ,18.50, ,100.0, 
2015/9/12,24:00,0.0, ,173880, ,18.68, ,18.80, ,100.0, 
2015/9/13,01:00,0.0, ,173880, ,9.40, ,0.00, ,100.0, 
2015/9/13,02:00,0.0, ,173940, ,6.24, ,0.00, ,100.0, 
2015/9/13,03:00,0.0, ,173990, ,10.40, ,0.00, ,100.0, 
2015/9/13,04:00,0.0, ,173990, ,14.57, ,0.00, ,100.0, 
2015/9/13,05:00,0.0, ,174050, ,4.68, ,0.00, ,100.0, 
2015/9/13,06:00,0.0, ,174050, ,10.93, ,1.00, ,100.0, 
2015/9/13,07:00,0.0, ,174050, ,10.85, ,24.30, ,100.0, 
2015/9/13,08:00,0.0, ,173940, ,18.94, ,51.20, ,100.0, 
2015/9/13,09:00,0.0, ,173770, ,9.24, ,50.50, ,100.0, 
2015/9/13,10:00,0.0, ,173660, ,15.29, ,50.40, ,100.0, 
2015/9/13,11:00,0.0, ,173540, ,22.08, ,50.30, ,100.0, 
2015/9/13,12:00,0.0, ,173430, ,17.24, ,53.50, ,100.0, 
2015/9/13,13:00,0.0, ,173320, ,22.29, ,50.30, ,100.0, 
2015/9/13,14:00,0.0, ,173210, ,16.19, ,50.60, ,100.0, 
2015/9/13,15:00,0.0, ,173100, ,19.43, ,53.40, ,100.0, 
2015/9/13,16:00,0.0, ,172980, ,16.43, ,51.20, ,100.0, 
2015/9/13,17:00,0.0, ,172820, ,19.41, ,45.70, ,99.9, 
2015/9/13,18:00,0.0, ,172820, ,11.94, ,21.50, ,99.9, 
2015/9/13,19:00,0.0, ,172820, ,20.48, ,18.70, ,99.9, 
2015/9/13,20:00,0.0, ,172820, ,9.44, ,0.00, ,99.9, 
2015/9/13,21:00,0.0, ,172870, ,7.78, ,0.00, ,99.9, 
2015/9/13,22:00,0.0, ,172930, ,13.22, ,0.00, ,100.0, 
2015/9/13,23:00,0.0, ,172980, ,18.15, ,0.00, ,100.0, 
2015/9/13,24:00,0.0, ,173040, ,13.74, ,0.00, ,100.0, 
2015/9/14,01:00,0.0, ,173100, ,11.67, ,0.00, ,100.0, 
2015/9/14,02:00,0.0, ,173150, ,14.26, ,0.00, ,100.0, 
2015/9/14,03:00,0.0, ,173150, ,14.53, ,0.00, ,100.0, 
2015/9/14,04:00,0.0, ,173210, ,6.75, ,0.00, ,100.0, 
2015/9/14,05:00,0.0, ,173210, ,8.82, ,0.00, ,100.0, 
2015/9/14,06:00,0.0, ,173260, ,5.97, ,0.90, ,100.0, 
2015/9/14,07:00,0.0, ,173260, ,18.94, ,19.90, ,100.0, 
2015/9/14,08:00,0.0, ,173100, ,12.39, ,43.30, ,100.0, 
2015/9/14,09:00,0.0, ,172980, ,8.60, ,46.50, ,100.0, 
2015/9/14,10:00,0.0, ,172980, ,14.30, ,0.00, ,100.0, 
2015/9/14,11:00,0.0, ,173040, ,0.78, ,0.00, ,100.0, 
2015/9/14,12:00,0.0, ,173100, ,18.15, ,0.00, ,100.0, 
2015/9/14,13:00,0.0, ,173150, ,12.97, ,0.70, ,100.0, 
2015/9/14,14:00,0.0, ,173150, ,24.15, ,18.60, ,100.0, 
2015/9/14,15:00,0.0, ,173150, ,18.62, ,18.70, ,100.0, 
2015/9/14,16:00,0.0, ,173150, ,18.71, ,18.90, ,100.0, 
2015/9/14,17:00,0.0, ,173100, ,12.97, ,25.90, ,100.0, 
2015/9/14,18:00,0.0, ,173100, ,19.71, ,26.00, ,100.0, 
2015/9/14,19:00,0.0, ,173040, ,10.42, ,25.90, ,100.0, 
2015/9/14,20:00,0.0, ,172980, ,17.91, ,25.10, ,100.0, 
2015/9/14,21:00,0.0, ,172980, ,5.49, ,0.00, ,100.0, 
2015/9/14,22:00,0.0, ,173040, ,7.78, ,0.00, ,100.0, 
2015/9/14,23:00,0.0, ,173100, ,14.00, ,0.00, ,100.0, 
2015/9/14,24:00,0.0, ,173150, ,11.41, ,0.00, ,100.0, 
2015/9/15,01:00,0.0, ,173210, ,18.16, ,0.00, ,100.0, 
2015/9/15,02:00,0.0, ,173210, ,10.90, ,0.00, ,100.0, 
2015/9/15,03:00,0.0, ,173260, ,15.31, ,0.00, ,100.0, 
2015/9/15,04:00,0.0, ,173260, ,0.26, ,0.00, ,100.0, 
2015/9/15,05:00,0.0, ,173320, ,15.57, ,0.00, ,100.0, 
2015/9/15,06:00,0.0, ,173320, ,0.00, ,0.00, ,100.0, 
2015/9/15,07:00,0.0, ,173380, ,6.75, ,0.20, ,100.0, 
2015/9/15,08:00,0.0, ,173380, ,18.17, ,18.80, ,100.0, 
2015/9/15,09:00,0.0, ,173260, ,8.65, ,28.30, ,100.0, 
2015/9/15,10:00,0.0, ,173260, ,2.17, ,0.00, ,100.0, 
2015/9/15,11:00,0.0, ,173320, ,11.42, ,0.00, ,100.0, 
2015/9/15,12:00,0.0, ,173380, ,19.73, ,0.00, ,100.0, 
2015/9/15,13:00,0.0, ,173430, ,11.69, ,0.00, ,100.0, 
2015/9/15,14:00,0.0, ,173490, ,18.96, ,0.00, ,100.0, 
2015/9/15,15:00,0.0, ,173540, ,12.99, ,1.20, ,100.0, 
2015/9/15,16:00,0.0, ,173540, ,12.48, ,18.60, ,100.0, 
2015/9/15,17:00,0.0, ,173540, ,22.25, ,25.90, ,100.0, 
2015/9/15,18:00,0.0, ,173490, ,25.26, ,34.50, ,100.0, 
2015/9/15,19:00,0.0, ,173430, ,14.76, ,36.10, ,100.0, 
2015/9/15,20:00,0.0, ,173380, ,12.68, ,26.00, ,100.0, 
2015/9/15,21:00,0.0, ,173320, ,14.60, ,25.00, ,100.0, 
2015/9/15,22:00,0.0, ,173320, ,5.99, ,0.00, ,100.0, 
2015/9/15,23:00,0.3, ,173380, ,7.01, ,0.00, ,100.0, 
2015/9/15,24:00,1.1, ,173430, ,15.58, ,0.00, ,100.0, 
2015/9/16,01:00,0.1, ,173490, ,15.32, ,0.00, ,100.0, 
2015/9/16,02:00,0.3, ,173540, ,11.69, ,0.00, ,100.0, 
2015/9/16,03:00,0.3, ,173540, ,12.72, ,0.00, ,100.0, 
2015/9/16,04:00,0.0, ,173600, ,4.16, ,0.00, ,100.0, 
2015/9/16,05:00,0.4, ,173600, ,11.43, ,0.00, ,100.0, 
2015/9/16,06:00,0.3, ,173660, ,1.82, ,0.00, ,100.0, 
2015/9/16,07:00,0.8, ,173660, ,13.77, ,0.00, ,100.0, 
2015/9/16,08:00,0.1, ,173660, ,0.00, ,0.00, ,100.0, 
2015/9/16,09:00,0.3, ,173710, ,7.02, ,0.00, ,100.0, 
2015/9/16,10:00,0.9, ,173770, ,14.04, ,0.80, ,100.0, 
2015/9/16,11:00,0.2, ,173770, ,19.46, ,18.60, ,100.0, 
2015/9/16,12:00,0.3, ,173710, ,25.49, ,26.90, ,100.0, 
2015/9/16,13:00,0.0, ,173710, ,5.11, ,0.90, ,100.0, 
2015/9/16,14:00,0.0, ,173710, ,9.35, ,18.60, ,100.0, 
2015/9/16,15:00,0.3, ,173710, ,25.84, ,33.20, ,100.0, 
2015/9/16,16:00,0.0, ,173660, ,27.68, ,33.10, ,100.0, 
2015/9/16,17:00,0.0, ,173600, ,14.17, ,33.10, ,100.0, 
2015/9/16,18:00,0.0, ,173540, ,14.37, ,33.10, ,100.0, 
2015/9/16,19:00,0.0, ,173490, ,19.74, ,31.60, ,100.0, 
2015/9/16,20:00,0.4, ,173490, ,13.18, ,0.00, ,100.0, 
2015/9/16,21:00,0.3, ,173490, ,0.00, ,0.00, ,100.0, 
2015/9/16,22:00,0.1, ,173540, ,9.09, ,0.00, ,100.0, 
2015/9/16,23:00,0.2, ,173600, ,15.33, ,0.00, ,100.0, 
2015/9/16,24:00,0.0, ,173660, ,15.85, ,0.00, ,100.0, 
2015/9/17,01:00,1.3, ,173710, ,10.91, ,0.00, ,100.0, 
2015/9/17,02:00,4.0, ,173770, ,16.63, ,0.00, ,100.0, 
2015/9/17,03:00,5.1, ,173830, ,11.96, ,0.00, ,100.0, 
2015/9/17,04:00,9.0, ,173880, ,16.90, ,0.00, ,100.0, 
2015/9/17,05:00,6.8, ,173940, ,20.28, ,0.00, ,100.0, 
2015/9/17,06:00,3.5, ,174050, ,23.15, ,0.00, ,100.0, 
2015/9/17,07:00,2.2, ,174110, ,26.54, ,0.00, ,100.0, 
2015/9/17,08:00,0.3, ,174220, ,30.19, ,0.00, ,100.0, 
2015/9/17,09:00,0.0, ,174330, ,25.51, ,0.00, ,100.0, 
2015/9/17,10:00,0.0, ,174440, ,25.52, ,0.00, ,100.0, 
2015/9/17,11:00,0.0, ,174500, ,25.53, ,0.00, ,100.0, 
2015/9/17,12:00,0.0, ,174610, ,27.36, ,0.00, ,100.0, 
2015/9/17,13:00,0.0, ,174730, ,34.41, ,3.80, ,100.0, 
2015/9/17,14:00,0.0, ,174730, ,22.86, ,28.60, ,100.0, 
2015/9/17,15:00,0.0, ,174730, ,30.77, ,33.00, ,100.0, 
2015/9/17,16:00,0.0, ,174670, ,24.39, ,33.00, ,100.0, 
2015/9/17,17:00,0.4, ,174610, ,25.57, ,37.10, ,100.0, 
2015/9/17,18:00,1.4, ,174500, ,23.69, ,60.10, ,100.0, 
2015/9/17,19:00,1.0, ,174390, ,21.17, ,59.70, ,100.0, 
2015/9/17,20:00,0.0, ,174330, ,23.15, ,29.70, ,100.0, 
2015/9/17,21:00,0.0, ,174330, ,15.30, ,0.00, ,100.0, 
2015/9/17,22:00,0.0, ,174390, ,7.56, ,0.00, ,100.0, 
2015/9/17,23:00,0.0, ,174440, ,14.85, ,0.00, ,100.0, 
2015/9/17,24:00,0.0, ,174500, ,20.06, ,0.00, ,100.0, 
2015/9/18,01:00,0.0, ,174610, ,22.15, ,0.00, ,100.0, 
2015/9/18,02:00,0.2, ,174610, ,13.55, ,0.00, ,100.0, 
2015/9/18,03:00,0.3, ,174670, ,15.64, ,0.00, ,100.0, 
2015/9/18,04:00,0.0, ,174730, ,9.12, ,0.00, ,100.0, 
2015/9/18,05:00,0.0, ,174730, ,6.52, ,0.00, ,100.0, 
2015/9/18,06:00,0.0, ,174780, ,11.74, ,0.00, ,100.0, 
2015/9/18,07:00,0.0, ,174780, ,3.91, ,0.00, ,100.0, 
2015/9/18,08:00,0.0, ,174840, ,12.78, ,0.00, ,100.0, 
2015/9/18,09:00,0.0, ,174890, ,9.13, ,0.00, ,100.0, 
2015/9/18,10:00,0.0, ,174950, ,14.35, ,0.00, ,100.0, 
2015/9/18,11:00,0.0, ,175010, ,19.83, ,0.00, ,100.0, 
2015/9/18,12:00,0.0, ,175060, ,16.18, ,0.00, ,100.0, 
2015/9/18,13:00,0.0, ,175120, ,15.40, ,0.00, ,100.0, 
2015/9/18,14:00,0.0, ,175180, ,14.88, ,0.00, ,100.0, 
2015/9/18,15:00,0.0, ,175230, ,16.71, ,0.00, ,100.0, 
2015/9/18,16:00,0.0, ,175290, ,18.28, ,0.00, ,100.0, 
2015/9/18,17:00,0.0, ,175350, ,13.58, ,0.00, ,100.0, 
2015/9/18,18:00,0.0, ,175400, ,13.06, ,0.00, ,100.0, 
2015/9/18,19:00,0.0, ,175460, ,17.51, ,0.00, ,100.0, 
2015/9/18,20:00,0.0, ,175510, ,14.37, ,0.00, ,100.0, 
2015/9/18,21:00,0.0, ,175570, ,16.46, ,0.00, ,100.0, 
2015/9/18,22:00,0.0, ,175630, ,15.16, ,0.00, ,100.0, 
2015/9/18,23:00,0.0, ,175680, ,11.77, ,0.00, ,100.0, 
2015/9/18,24:00,0.0, ,175740, ,20.14, ,0.00, ,100.0, 
2015/9/19,01:00,0.0, ,175800, ,11.51, ,0.00, ,100.0, 
2015/9/19,02:00,0.0, ,175800, ,10.99, ,0.00, ,100.0, 
2015/9/19,03:00,0.0, ,175850, ,15.18, ,0.00, ,100.0, 
2015/9/19,04:00,0.0, ,175910, ,8.90, ,0.00, ,100.0, 
2015/9/19,05:00,0.0, ,175910, ,7.33, ,0.00, ,100.0, 
2015/9/19,06:00,0.0, ,175910, ,0.00, ,0.00, ,100.0, 
2015/9/19,07:00,0.0, ,175970, ,15.70, ,0.00, ,100.0, 
2015/9/19,08:00,0.0, ,175970, ,0.00, ,0.00, ,100.0, 
2015/9/19,09:00,0.0, ,176020, ,14.66, ,0.00, ,100.0, 
2015/9/19,10:00,0.0, ,176080, ,10.21, ,0.00, ,100.0, 
2015/9/19,11:00,0.0, ,176140, ,13.09, ,0.00, ,100.0, 
2015/9/19,12:00,0.0, ,176190, ,13.62, ,0.00, ,100.0, 
2015/9/19,13:00,0.0, ,176250, ,16.51, ,0.00, ,100.0, 
2015/9/19,14:00,0.0, ,176310, ,12.84, ,0.00, ,100.0, 
2015/9/19,15:00,0.0, ,176360, ,16.51, ,0.00, ,100.0, 
2015/9/19,16:00,0.0, ,176420, ,13.89, ,0.00, ,100.0, 
2015/9/19,17:00,0.0, ,176420, ,14.42, ,0.70, ,100.0, 
2015/9/19,18:00,0.0, ,176420, ,9.30, ,18.50, ,100.0, 
2015/9/19,19:00,0.0, ,176420, ,26.40, ,34.30, ,100.0, 
2015/9/19,20:00,0.0, ,176420, ,26.52, ,18.50, ,100.0, 
2015/9/19,21:00,0.0, ,176420, ,9.35, ,0.00, ,100.0, 
2015/9/19,22:00,0.0, ,176420, ,0.00, ,0.00, ,100.0, 
2015/9/19,23:00,0.0, ,176480, ,12.06, ,0.00, ,100.0, 
2015/9/19,24:00,0.0, ,176530, ,13.63, ,0.00, ,100.0, 
2015/9/20,01:00,0.0, ,176590, ,14.94, ,0.00, ,100.0, 
2015/9/20,02:00,0.0, ,176650, ,8.65, ,0.00, ,100.0, 
2015/9/20,03:00,0.0, ,176650, ,13.64, ,0.00, ,100.0, 
2015/9/20,04:00,0.0, ,176700, ,2.10, ,0.00, ,100.0, 
2015/9/20,05:00,0.0, ,176700, ,13.64, ,0.00, ,100.0, 
2015/9/20,06:00,0.0, ,176700, ,0.00, ,0.00, ,100.0, 
2015/9/20,07:00,0.0, ,176760, ,1.57, ,0.00, ,100.0, 
2015/9/20,08:00,0.0, ,176760, ,14.17, ,0.00, ,100.0, 
2015/9/20,09:00,0.0, ,176760, ,0.00, ,0.00, ,100.0, 
2015/9/20,10:00,0.0, ,176820, ,14.18, ,0.00, ,100.0, 
2015/9/20,11:00,0.0, ,176870, ,12.08, ,0.00, ,100.0, 
2015/9/20,12:00,0.0, ,176930, ,19.16, ,0.00, ,100.0, 
2015/9/20,13:00,0.0, ,176990, ,11.81, ,0.00, ,100.0, 
2015/9/20,14:00,0.0, ,177040, ,11.29, ,0.00, ,100.0, 
2015/9/20,15:00,0.0, ,177100, ,12.61, ,0.00, ,100.0, 
2015/9/20,16:00,0.0, ,177160, ,14.71, ,0.00, ,100.0, 
2015/9/20,17:00,0.0, ,177160, ,14.45, ,0.50, ,100.0, 
2015/9/20,18:00,0.0, ,177160, ,10.70, ,24.10, ,100.0, 
2015/9/20,19:00,0.0, ,177100, ,31.87, ,50.00, ,100.0, 
2015/9/20,20:00,0.0, ,176990, ,21.28, ,50.10, ,100.0, 
2015/9/20,21:00,0.0, ,176870, ,14.53, ,33.10, ,100.0, 
2015/9/20,22:00,0.0, ,176870, ,9.60, ,0.00, ,100.0, 
2015/9/20,23:00,0.0, ,176930, ,0.53, ,0.00, ,100.0, 
2015/9/20,24:00,0.0, ,176930, ,15.23, ,0.00, ,100.0, 
2015/9/21,01:00,0.0, ,176990, ,11.81, ,0.00, ,100.0, 
2015/9/21,02:00,0.0, ,177040, ,11.29, ,0.00, ,100.0, 
2015/9/21,03:00,0.0, ,177040, ,8.41, ,0.00, ,100.0, 
2015/9/21,04:00,0.0, ,177100, ,8.14, ,0.00, ,100.0, 
2015/9/21,05:00,0.0, ,177100, ,7.62, ,0.00, ,100.0, 
2015/9/21,06:00,0.0, ,177100, ,0.00, ,0.00, ,100.0, 
2015/9/21,07:00,0.0, ,177160, ,5.78, ,0.00, ,100.0, 
2015/9/21,08:00,0.0, ,177160, ,9.98, ,0.00, ,100.0, 
2015/9/21,09:00,0.0, ,177160, ,0.00, ,0.00, ,100.0, 
2015/9/21,10:00,0.0, ,177210, ,11.56, ,0.00, ,100.0, 
2015/9/21,11:00,0.0, ,177270, ,11.56, ,0.00, ,100.0, 
2015/9/21,12:00,0.0, ,177330, ,11.56, ,0.00, ,100.0, 
2015/9/21,13:00,0.0, ,177380, ,14.46, ,0.00, ,100.0, 
2015/9/21,14:00,0.0, ,177440, ,16.82, ,0.00, ,100.0, 
2015/9/21,15:00,0.0, ,177440, ,12.89, ,0.00, ,100.0, 
2015/9/21,16:00,0.0, ,177550, ,16.03, ,0.00, ,100.0, 
2015/9/21,17:00,0.0, ,177550, ,15.51, ,3.40, ,100.0, 
2015/9/21,18:00,0.0, ,177550, ,14.41, ,31.50, ,100.0, 
2015/9/21,19:00,0.0, ,177440, ,25.60, ,56.90, ,100.0, 
2015/9/21,20:00,0.0, ,177270, ,15.79, ,60.00, ,100.0, 
2015/9/21,21:00,0.0, ,177100, ,13.36, ,57.60, ,100.0, 
2015/9/21,22:00,0.0, ,176990, ,15.58, ,30.20, ,100.0, 
2015/9/21,23:00,0.0, ,176990, ,1.73, ,0.00, ,100.0, 
2015/9/21,24:00,0.0, ,177040, ,15.76, ,0.00, ,100.0, 
2015/9/22,01:00,0.0, ,177100, ,4.99, ,0.00, ,100.0, 
2015/9/22,02:00,0.0, ,177100, ,10.77, ,0.00, ,100.0, 
2015/9/22,03:00,0.0, ,177160, ,14.97, ,0.00, ,100.0, 
2015/9/22,04:00,0.0, ,177160, ,0.79, ,0.00, ,100.0, 
2015/9/22,05:00,0.0, ,177210, ,5.26, ,0.00, ,100.0, 
2015/9/22,06:00,0.0, ,177210, ,10.51, ,0.00, ,100.0, 
2015/9/22,07:00,0.0, ,177210, ,0.00, ,0.00, ,100.0, 
2015/9/22,08:00,0.0, ,177210, ,3.66, ,28.40, ,100.0, 
2015/9/22,09:00,0.0, ,177160, ,21.37, ,26.00, ,100.0, 
2015/9/22,10:00,0.0, ,177160, ,3.56, ,0.00, ,100.0, 
2015/9/22,11:00,0.0, ,177210, ,7.89, ,0.00, ,100.0, 
2015/9/22,12:00,0.0, ,177270, ,11.83, ,0.00, ,100.0, 
2015/9/22,13:00,0.0, ,177270, ,11.83, ,0.00, ,100.0, 
2015/9/22,14:00,0.0, ,177330, ,15.51, ,0.00, ,100.0, 
2015/9/22,15:00,0.0, ,177380, ,11.30, ,0.00, ,100.0, 
2015/9/22,16:00,0.0, ,177440, ,11.57, ,0.00, ,100.0, 
2015/9/22,17:00,0.0, ,177500, ,11.84, ,3.70, ,100.0, 
2015/9/22,18:00,0.0, ,177500, ,27.34, ,31.40, ,100.0, 
2015/9/22,19:00,0.0, ,177330, ,15.10, ,57.20, ,100.0, 
2015/9/22,20:00,0.0, ,177160, ,17.17, ,59.90, ,100.0, 
2015/9/22,21:00,0.0, ,177040, ,14.25, ,36.80, ,100.0, 
2015/9/22,22:00,0.0, ,177040, ,8.40, ,0.00, ,100.0, 
2015/9/22,23:00,0.0, ,177100, ,0.79, ,0.00, ,100.0, 
2015/9/22,24:00,0.0, ,177100, ,14.97, ,0.00, ,100.0, 
2015/9/23,01:00,0.0, ,177160, ,9.72, ,0.00, ,100.0, 
2015/9/23,02:00,0.0, ,177210, ,6.83, ,0.00, ,100.0, 
2015/9/23,03:00,0.0, ,177210, ,14.98, ,0.00, ,100.0, 
2015/9/23,04:00,0.0, ,177210, ,0.00, ,0.00, ,100.0, 
2015/9/23,05:00,0.0, ,177270, ,9.72, ,0.00, ,100.0, 
2015/9/23,06:00,0.0, ,177270, ,6.05, ,0.00, ,100.0, 
2015/9/23,07:00,0.0, ,177270, ,0.00, ,1.40, ,100.0, 
2015/9/23,08:00,0.0, ,177270, ,12.93, ,25.60, ,100.0, 
2015/9/23,09:00,0.0, ,177210, ,12.28, ,24.60, ,100.0, 
2015/9/23,10:00,0.0, ,177210, ,10.43, ,0.00, ,100.0, 
2015/9/23,11:00,0.0, ,177210, ,0.00, ,0.00, ,100.0, 
2015/9/23,12:00,0.0, ,177270, ,7.62, ,0.00, ,100.0, 
2015/9/23,13:00,0.0, ,177330, ,10.25, ,0.00, ,100.0, 
2015/9/23,14:00,0.0, ,177330, ,13.67, ,0.00, ,100.0, 
2015/9/23,15:00,0.0, ,177380, ,13.93, ,3.80, ,100.0, 
2015/9/23,16:00,0.0, ,177380, ,16.25, ,31.30, ,100.0, 
2015/9/23,17:00,0.0, ,177270, ,23.67, ,57.20, ,100.0, 
2015/9/23,18:00,0.0, ,177040, ,14.34, ,59.70, ,100.0, 
2015/9/23,19:00,0.0, ,176930, ,13.52, ,60.10, ,100.0, 
2015/9/23,20:00,0.0, ,176760, ,14.20, ,47.30, ,100.0, 
2015/9/23,21:00,0.0, ,176700, ,12.57, ,31.50, ,100.0, 
2015/9/23,22:00,0.1, ,176700, ,15.23, ,0.00, ,100.0, 
2015/9/23,23:00,0.0, ,176700, ,0.00, ,0.00, ,100.0, 
2015/9/23,24:00,1.3, ,176760, ,3.94, ,0.00, ,100.0, 
2015/9/24,01:00,2.6, ,176820, ,12.07, ,0.00, ,100.0, 
2015/9/24,02:00,6.2, ,176820, ,15.49, ,0.00, ,100.0, 
2015/9/24,03:00,9.5, ,176930, ,15.49, ,0.00, ,100.0, 
2015/9/24,04:00,12.4, ,176990, ,24.42, ,0.00, ,100.0, 
2015/9/24,05:00,14.7, ,177100, ,23.11, ,0.00, ,100.0, 
2015/9/24,06:00,19.4, ,177270, ,41.25, ,0.00, ,100.0, 
2015/9/24,07:00,16.2, ,177670, ,76.75, ,0.00, ,100.0, 
2015/9/24,08:00,11.6, ,178410, ,158.89, ,0.00, ,100.0, 
2015/9/24,09:00,11.7, ,179430, ,251.04, ,0.00, ,100.0, 
2015/9/24,10:00,11.7, ,180520, ,289.94, ,0.00, ,100.0, 
2015/9/24,11:00,19.3, ,181610, ,304.53, ,3.40, ,100.0, 
2015/9/24,12:00,7.1, ,183400, ,401.68, ,31.10, ,100.0, 
2015/9/24,13:00,4.1, ,184970, ,527.78, ,56.00, ,100.0, 
2015/9/24,14:00,3.5, ,186140, ,435.78, ,58.50, ,100.0, 
2015/9/24,15:00,3.5, ,187010, ,336.36, ,58.50, ,100.0, 
2015/9/24,16:00,0.6, ,187830, ,301.11, ,58.40, ,100.0, 
2015/9/24,17:00,3.0, ,188480, ,256.15, ,58.50, ,100.0, 
2015/9/24,18:00,3.2, ,189070, ,234.12, ,58.10, ,100.0, 
2015/9/24,19:00,6.3, ,189660, ,208.79, ,58.20, ,100.0, 
2015/9/24,20:00,7.3, ,190250, ,222.28, ,57.90, ,100.0, 
2015/9/24,21:00,7.2, ,191250, ,281.76, ,57.90, ,100.0, 
2015/9/24,22:00,3.1, ,192260, ,346.60, ,57.60, ,100.0, 
2015/9/24,23:00,1.9, ,193150, ,323.20, ,57.60, ,100.0, 
2015/9/24,24:00,0.9, ,193800, ,276.30, ,127.38, ,100.0, 
2015/9/25,01:00,0.3, ,194220, ,246.56, ,119.04, ,100.0, 
2015/9/25,02:00,0.0, ,194580, ,216.10, ,119.46, ,100.0, 
2015/9/25,03:00,0.0, ,194760, ,195.92, ,120.22, ,100.0, 
2015/9/25,04:00,0.0, ,195060, ,184.46, ,110.10, ,100.0, 
2015/9/25,05:00,0.1, ,195180, ,166.87, ,110.34, ,100.0, 
2015/9/25,06:00,0.0, ,195420, ,155.10, ,89.34, ,100.0, 
2015/9/25,07:00,0.0, ,195600, ,143.49, ,89.98, ,100.0, 
2015/9/25,08:00,0.0, ,195720, ,135.22, ,89.66, ,100.0, 
2015/9/25,09:00,0.0, ,195840, ,128.38, ,89.84, ,100.0, 
2015/9/25,10:00,0.0, ,195960, ,122.89, ,89.82, ,100.0, 
2015/9/25,11:00,0.0, ,196020, ,113.46, ,89.96, ,100.0, 
2015/9/25,12:00,0.0, ,196080, ,108.78, ,90.10, ,100.0, 
2015/9/25,13:00,0.0, ,196140, ,105.80, ,90.04, ,100.0, 
2015/9/25,14:00,0.0, ,196200, ,101.14, ,90.18, ,100.0, 
2015/9/25,15:00,0.0, ,196200, ,98.42, ,90.08, ,100.0, 
2015/9/25,16:00,0.0, ,196260, ,83.27, ,69.68, ,100.0, 
2015/9/25,17:00,0.0, ,196260, ,86.31, ,69.58, ,100.0, 
2015/9/25,18:00,0.0, ,196320, ,81.00, ,69.60, ,100.0, 
2015/9/25,19:00,0.0, ,196380, ,81.29, ,69.62, ,100.0, 
2015/9/25,20:00,0.0, ,196380, ,79.87, ,69.52, ,100.0, 
2015/9/25,21:00,0.0, ,196380, ,69.55, ,69.32, ,100.0, 
2015/9/25,22:00,0.0, ,196380, ,69.52, ,69.52, ,100.0, 
2015/9/25,23:00,0.0, ,196380, ,69.54, ,69.82, ,100.0, 
2015/9/25,24:00,0.2, ,196380, ,69.49, ,69.11, ,100.0, 
2015/9/26,01:00,0.0, ,196380, ,69.13, ,69.52, ,100.0, 
2015/9/26,02:00,1.0, ,196380, ,69.48, ,69.42, ,100.0, 
2015/9/26,03:00,1.5, ,196380, ,69.50, ,69.32, ,100.0, 
2015/9/26,04:00,0.6, ,196380, ,69.48, ,69.21, ,100.0, 
2015/9/26,05:00,0.1, ,196380, ,69.01, ,69.11, ,100.0, 
2015/9/26,06:00,0.1, ,196320, ,59.73, ,60.90, ,100.0, 
2015/9/26,07:00,0.2, ,196320, ,53.76, ,60.90, ,100.0, 
2015/9/26,08:00,0.0, ,196320, ,60.90, ,61.30, ,100.0, 
2015/9/26,09:00,0.0, ,196320, ,60.91, ,61.00, ,100.0, 
2015/9/26,10:00,0.0, ,196320, ,60.98, ,61.10, ,100.0, 
2015/9/26,11:00,0.0, ,196320, ,60.90, ,60.80, ,100.0, 
2015/9/26,12:00,0.0, ,196320, ,60.87, ,61.10, ,100.0, 
2015/9/26,13:00,0.0, ,196260, ,54.92, ,59.45, ,100.0, 
2015/9/26,14:00,0.0, ,196260, ,48.61, ,59.55, ,100.0, 
2015/9/26,15:00,0.1, ,196260, ,59.11, ,59.25, ,100.0, 
2015/9/26,16:00,0.6, ,196200, ,42.18, ,57.10, ,100.0, 
2015/9/26,17:00,0.8, ,196200, ,56.75, ,57.40, ,100.0, 
2015/9/26,18:00,2.4, ,196200, ,57.30, ,57.00, ,100.0, 
2015/9/26,19:00,0.3, ,196200, ,57.26, ,57.40, ,100.0, 
2015/9/26,20:00,0.2, ,196140, ,44.27, ,57.50, ,100.0, 
2015/9/26,21:00,0.2, ,196140, ,53.69, ,57.30, ,100.0, 
2015/9/26,22:00,0.0, ,196080, ,43.38, ,57.30, ,100.0, 
2015/9/26,23:00,0.2, ,196080, ,54.47, ,57.30, ,100.0, 
2015/9/26,24:00,0.3, ,196020, ,48.67, ,57.30, ,100.0, 
2015/9/27,01:00,0.1, ,195960, ,48.72, ,57.50, ,100.0, 
2015/9/27,02:00,0.1, ,195960, ,41.19, ,57.20, ,100.0, 
2015/9/27,03:00,0.2, ,195900, ,52.83, ,57.50, ,100.0, 
2015/9/27,04:00,0.0, ,195900, ,45.05, ,57.40, ,100.0, 
2015/9/27,05:00,0.0, ,195840, ,49.74, ,57.40, ,100.0, 
2015/9/27,06:00,0.0, ,195780, ,44.24, ,57.10, ,100.0, 
2015/9/27,07:00,0.1, ,195780, ,44.51, ,57.10, ,100.0, 
2015/9/27,08:00,0.0, ,195660, ,40.36, ,57.20, ,100.0, 
2015/9/27,09:00,0.0, ,195660, ,40.95, ,57.50, ,100.0, 
2015/9/27,10:00,0.0, ,195540, ,38.74, ,57.30, ,100.0, 
2015/9/27,11:00,0.0, ,195540, ,42.65, ,57.50, ,100.0, 
2015/9/27,12:00,0.0, ,195480, ,40.72, ,57.50, ,100.0, 
2015/9/27,13:00,0.0, ,195360, ,42.43, ,57.50, ,100.0, 
2015/9/27,14:00,0.0, ,195360, ,39.08, ,57.50, ,100.0, 
2015/9/27,15:00,0.0, ,195240, ,39.65, ,58.00, ,100.0, 
2015/9/27,16:00,0.0, ,195180, ,41.05, ,57.30, ,100.0, 
2015/9/27,17:00,0.0, ,195120, ,37.73, ,57.40, ,100.0, 
2015/9/27,18:00,0.0, ,195060, ,40.75, ,57.40, ,100.0, 
2015/9/27,19:00,0.0, ,195000, ,36.59, ,57.50, ,100.0, 
2015/9/27,20:00,0.0, ,194940, ,38.03, ,57.30, ,100.0, 
2015/9/27,21:00,0.0, ,194820, ,32.77, ,57.30, ,100.0, 
2015/9/27,22:00,0.0, ,194760, ,37.27, ,57.60, ,100.0, 
2015/9/27,23:00,0.0, ,194700, ,36.20, ,57.30, ,100.0, 
2015/9/27,24:00,0.0, ,194580, ,32.29, ,57.50, ,100.0, 
2015/9/28,01:00,0.0, ,194520, ,32.86, ,57.30, ,100.0, 
2015/9/28,02:00,0.0, ,194460, ,36.19, ,57.50, ,100.0, 
2015/9/28,03:00,0.0, ,194340, ,35.41, ,57.40, ,100.0, 
2015/9/28,04:00,0.0, ,194280, ,36.24, ,57.60, ,100.0, 
2015/9/28,05:00,0.0, ,194160, ,31.31, ,57.30, ,100.0, 
2015/9/28,06:00,0.0, ,194100, ,33.51, ,57.80, ,100.0, 
2015/9/28,07:00,0.0, ,193980, ,33.21, ,57.50, ,100.0, 
2015/9/28,08:00,0.0, ,193920, ,31.01, ,57.50, ,100.0, 
2015/9/28,09:00,0.0, ,193800, ,30.20, ,57.50, ,100.0, 
2015/9/28,10:00,0.0, ,193750, ,33.80, ,57.60, ,100.0, 
2015/9/28,11:00,0.0, ,193630, ,29.42, ,57.60, ,100.0, 
2015/9/28,12:00,0.0, ,193510, ,34.96, ,57.60, ,100.0, 
2015/9/28,13:00,0.0, ,193450, ,32.49, ,57.40, ,100.0, 
2015/9/28,14:00,0.0, ,193390, ,36.06, ,57.70, ,100.0, 
2015/9/28,15:00,0.0, ,193270, ,28.13, ,57.70, ,100.0, 
2015/9/28,16:00,0.0, ,193210, ,36.17, ,57.70, ,100.0, 
2015/9/28,17:00,0.0, ,193090, ,28.20, ,57.60, ,100.0, 
2015/9/28,18:00,0.0, ,192970, ,30.94, ,57.70, ,100.0, 
2015/9/28,19:00,0.0, ,192850, ,30.92, ,57.70, ,100.0, 
2015/9/28,20:00,0.0, ,192790, ,28.44, ,57.80, ,100.0, 
2015/9/28,21:00,0.0, ,192670, ,29.62, ,57.50, ,100.0, 
2015/9/28,22:00,0.0, ,192550, ,29.65, ,57.80, ,100.0, 
2015/9/28,23:00,0.0, ,192440, ,27.23, ,57.90, ,100.0, 
2015/9/28,24:00,0.0, ,192320, ,27.81, ,57.80, ,100.0, 
2015/9/29,01:00,0.0, ,192260, ,24.81, ,57.90, ,100.0, 
2015/9/29,02:00,0.0, ,192140, ,29.25, ,57.70, ,100.0, 
2015/9/29,03:00,0.0, ,192020, ,27.59, ,57.70, ,100.0, 
2015/9/29,04:00,0.0, ,191900, ,28.46, ,57.60, ,100.0, 
2015/9/29,05:00,0.0, ,191780, ,27.98, ,57.90, ,100.0, 
2015/9/29,06:00,0.0, ,191660, ,26.88, ,57.70, ,100.0, 
2015/9/29,07:00,0.0, ,191610, ,26.33, ,57.60, ,100.0, 
2015/9/29,08:00,0.0, ,191490, ,31.02, ,58.00, ,100.0, 
2015/9/29,09:00,0.0, ,191370, ,24.73, ,57.70, ,100.0, 
2015/9/29,10:00,0.0, ,191250, ,26.38, ,58.10, ,100.0, 
2015/9/29,11:00,0.0, ,191130, ,28.93, ,58.20, ,100.0, 
2015/9/29,12:00,0.0, ,191010, ,26.44, ,58.00, ,100.0, 
2015/9/29,13:00,0.0, ,190900, ,25.67, ,57.90, ,100.0, 
2015/9/29,14:00,0.0, ,190840, ,27.92, ,58.40, ,100.0, 
2015/9/29,15:00,0.0, ,190720, ,28.22, ,58.10, ,100.0, 
2015/9/29,16:00,0.0, ,190600, ,23.86, ,58.20, ,100.0, 
2015/9/29,17:00,0.0, ,190480, ,28.21, ,58.20, ,100.0, 
2015/9/29,18:00,0.0, ,190360, ,24.76, ,57.80, ,100.0, 
2015/9/29,19:00,0.0, ,190250, ,26.67, ,58.30, ,100.0, 
2015/9/29,20:00,0.0, ,190130, ,24.50, ,58.20, ,100.0, 
2015/9/29,21:00,0.0, ,190010, ,25.37, ,58.10, ,100.0, 
2015/9/29,22:00,0.0, ,189830, ,21.53, ,58.30, ,100.0, 
2015/9/29,23:00,0.0, ,189720, ,25.66, ,57.80, ,100.0, 
2015/9/29,24:00,0.0, ,189660, ,25.70, ,58.20, ,100.0, 
2015/9/30,01:00,0.0, ,189480, ,23.80, ,58.00, ,100.0, 
2015/9/30,02:00,0.0, ,189360, ,24.67, ,58.10, ,100.0, 
2015/9/30,03:00,0.0, ,189250, ,25.28, ,58.30, ,100.0, 
2015/9/30,04:00,0.0, ,189130, ,25.86, ,58.20, ,100.0, 
2015/9/30,05:00,0.0, ,189010, ,24.45, ,58.20, ,100.0, 
2015/9/30,06:00,0.0, ,188890, ,25.56, ,45.10, ,100.0, 
2015/9/30,07:00,0.0, ,188950, ,12.15, ,0.00, ,100.0, 
2015/9/30,08:00,0.0, ,189010, ,20.16, ,0.00, ,100.0, 
2015/9/30,09:00,0.0, ,189070, ,17.15, ,0.00, ,100.0, 
2015/9/30,10:00,0.0, ,189190, ,25.30, ,1.20, ,100.0, 
2015/9/30,11:00,0.0, ,189190, ,23.19, ,18.00, ,100.0, 
2015/9/30,12:00,0.0, ,189250, ,22.03, ,17.80, ,100.0, 
2015/9/30,13:00,0.0, ,189250, ,30.23, ,18.50, ,100.0, 
2015/9/30,14:00,0.0, ,189250, ,18.00, ,18.00, ,100.0, 
2015/9/30,15:00,0.0, ,189250, ,17.99, ,18.00, ,100.0, 
2015/9/30,16:00,0.0, ,189250, ,18.02, ,20.60, ,100.0, 
2015/9/30,17:00,0.0, ,189250, ,32.72, ,47.00, ,100.0, 
2015/9/30,18:00,0.0, ,189070, ,30.26, ,58.00, ,100.0, 
2015/9/30,19:00,0.0, ,189010, ,22.05, ,58.40, ,100.0, 
2015/9/30,20:00,0.0, ,188830, ,23.15, ,57.30, ,100.0, 
2015/9/30,21:00,0.0, ,188770, ,16.68, ,37.40, ,100.0, 
2015/9/30,22:00,0.0, ,188770, ,22.58, ,20.70, ,100.0, 
2015/9/30,23:00,0.0, ,188770, ,20.78, ,21.10, ,100.0, 
2015/9/30,24:00,0.0, ,188770, ,20.79, ,20.90, ,100.0, 
