îCà”ä˙ä‘É_ÉÄèîó åüçıåãâ 
êÖånñº,ãgñÏêÏ
âÕêÏñº,ãgñÏêÏ
äœë™èäñº,ëÅñæâYÉ_ÉÄÅiã@ç\Åj
äœë™èäãLçÜ,1368080700010
#
#îNåéì˙,éûçè,ó¨àÊïΩãœâJó ,ó¨àÊïΩãœâJó ëÆê´,íôêÖó ,íôêÖó ëÆê´,ó¨ì¸ó ,ó¨ì¸ó ëÆê´,ï˙ó¨ó ,ï˙ó¨ó ëÆê´,íôêÖó¶,íôêÖó¶ëÆê´
#ëÆê´Å@$:åáë™ -:ñ¢éÛêM
#
2021/12/1,01:00,0.2, ,135620, ,76.02, ,0.00, ,99.8, 
2021/12/1,02:00,0.3, ,135870, ,61.15, ,0.00, ,100.0, 
2021/12/1,03:00,0.6, ,136010, ,57.12, ,0.00, ,100.0, 
2021/12/1,04:00,0.0, ,136210, ,54.22, ,0.00, ,100.0, 
2021/12/1,05:00,0.0, ,136400, ,45.63, ,0.00, ,100.0, 
2021/12/1,06:00,0.0, ,136500, ,38.16, ,0.00, ,100.0, 
2021/12/1,07:00,0.0, ,136600, ,32.27, ,0.00, ,100.0, 
2021/12/1,08:00,0.0, ,136700, ,28.64, ,0.00, ,100.0, 
2021/12/1,09:00,0.0, ,136800, ,30.93, ,0.00, ,100.0, 
2021/12/1,10:00,0.0, ,136900, ,28.44, ,0.00, ,100.0, 
2021/12/1,11:00,0.0, ,136990, ,26.40, ,0.00, ,100.0, 
2021/12/1,12:00,0.0, ,137140, ,29.37, ,0.00, ,100.0, 
2021/12/1,13:00,0.0, ,137240, ,28.93, ,0.00, ,100.0, 
2021/12/1,14:00,0.0, ,137340, ,32.13, ,0.00, ,100.0, 
2021/12/1,15:00,0.0, ,137440, ,26.90, ,0.00, ,100.0, 
2021/12/1,16:00,0.0, ,137540, ,25.99, ,0.00, ,100.0, 
2021/12/1,17:00,0.0, ,137590, ,21.67, ,0.00, ,100.0, 
2021/12/1,18:00,0.0, ,137680, ,20.76, ,0.00, ,100.0, 
2021/12/1,19:00,0.0, ,137730, ,20.77, ,0.00, ,100.0, 
2021/12/1,20:00,0.0, ,137830, ,22.60, ,0.00, ,100.0, 
2021/12/1,21:00,0.0, ,137880, ,20.09, ,0.00, ,100.0, 
2021/12/1,22:00,0.0, ,137980, ,23.53, ,0.00, ,100.0, 
2021/12/1,23:00,0.0, ,138080, ,20.11, ,0.00, ,100.0, 
2021/12/1,24:00,0.0, ,138130, ,20.80, ,0.00, ,100.0, 
2021/12/2,01:00,0.0, ,138230, ,18.75, ,0.00, ,100.0, 
2021/12/2,02:00,0.0, ,138280, ,21.27, ,0.00, ,100.0, 
2021/12/2,03:00,0.0, ,138330, ,17.16, ,0.00, ,100.0, 
2021/12/2,04:00,0.0, ,138370, ,12.81, ,0.00, ,100.0, 
2021/12/2,05:00,0.0, ,138420, ,9.84, ,0.00, ,100.0, 
2021/12/2,06:00,0.0, ,138420, ,11.44, ,0.00, ,100.0, 
2021/12/2,07:00,0.0, ,138470, ,7.78, ,0.00, ,100.0, 
2021/12/2,08:00,0.0, ,138470, ,5.95, ,0.00, ,100.0, 
2021/12/2,09:00,0.0, ,138520, ,13.74, ,0.00, ,100.0, 
2021/12/2,10:00,0.0, ,138620, ,13.28, ,0.00, ,100.0, 
2021/12/2,11:00,0.0, ,138670, ,18.78, ,0.00, ,100.0, 
2021/12/2,12:00,0.0, ,138720, ,13.51, ,0.00, ,100.0, 
2021/12/2,13:00,0.0, ,138770, ,17.19, ,0.00, ,100.0, 
2021/12/2,14:00,0.0, ,138820, ,16.96, ,0.00, ,100.0, 
2021/12/2,15:00,0.0, ,138920, ,18.33, ,0.00, ,100.0, 
2021/12/2,16:00,0.0, ,138970, ,17.20, ,0.00, ,100.0, 
2021/12/2,17:00,0.0, ,139020, ,17.20, ,0.00, ,100.0, 
2021/12/2,18:00,0.0, ,139070, ,16.28, ,0.00, ,100.0, 
2021/12/2,19:00,0.0, ,139170, ,19.73, ,0.00, ,100.0, 
2021/12/2,20:00,0.0, ,139220, ,13.54, ,0.00, ,100.0, 
2021/12/2,21:00,0.0, ,139270, ,16.98, ,0.00, ,100.0, 
2021/12/2,22:00,0.0, ,139320, ,16.99, ,0.00, ,100.0, 
2021/12/2,23:00,0.0, ,139370, ,13.09, ,0.00, ,100.0, 
2021/12/2,24:00,0.0, ,139410, ,17.45, ,0.00, ,100.0, 
2021/12/3,01:00,0.0, ,139510, ,17.00, ,0.00, ,100.0, 
2021/12/3,02:00,0.0, ,139560, ,17.24, ,0.00, ,100.0, 
2021/12/3,03:00,0.0, ,139610, ,10.34, ,0.00, ,100.0, 
2021/12/3,04:00,0.0, ,139610, ,11.72, ,0.00, ,100.0, 
2021/12/3,05:00,0.0, ,139660, ,9.88, ,0.00, ,100.0, 
2021/12/3,06:00,0.0, ,139660, ,3.91, ,0.00, ,100.0, 
2021/12/3,07:00,0.0, ,139710, ,11.96, ,0.00, ,100.0, 
2021/12/3,08:00,0.0, ,139710, ,1.84, ,0.00, ,100.0, 
2021/12/3,09:00,0.0, ,139760, ,11.50, ,0.00, ,100.0, 
2021/12/3,10:00,0.0, ,139810, ,9.20, ,0.00, ,100.0, 
2021/12/3,11:00,0.0, ,139860, ,11.27, ,0.00, ,100.0, 
2021/12/3,12:00,0.0, ,139910, ,16.10, ,0.00, ,100.0, 
2021/12/3,13:00,0.0, ,139960, ,16.57, ,0.00, ,100.0, 
2021/12/3,14:00,0.0, ,140010, ,15.65, ,0.00, ,100.0, 
2021/12/3,15:00,0.1, ,140060, ,15.19, ,0.00, ,100.0, 
2021/12/3,16:00,0.0, ,140110, ,27.37, ,6.61, ,100.0, 
2021/12/3,17:00,0.0, ,140110, ,16.12, ,6.61, ,100.0, 
2021/12/3,18:00,0.1, ,140110, ,6.61, ,6.61, ,100.0, 
2021/12/3,19:00,0.0, ,140160, ,19.97, ,6.61, ,100.0, 
2021/12/3,20:00,0.0, ,140210, ,10.98, ,6.61, ,100.0, 
2021/12/3,21:00,0.1, ,140210, ,16.49, ,6.61, ,100.0, 
2021/12/3,22:00,0.1, ,140260, ,17.42, ,6.61, ,100.0, 
2021/12/3,23:00,0.1, ,140310, ,12.59, ,6.61, ,100.0, 
2021/12/3,24:00,0.1, ,140310, ,17.42, ,6.61, ,100.0, 
2021/12/4,01:00,0.0, ,140360, ,19.72, ,6.61, ,100.0, 
2021/12/4,02:00,0.1, ,140410, ,15.13, ,6.61, ,100.0, 
2021/12/4,03:00,0.2, ,140410, ,12.59, ,6.61, ,100.0, 
2021/12/4,04:00,0.0, ,140410, ,6.61, ,6.61, ,100.0, 
2021/12/4,05:00,0.0, ,140410, ,6.61, ,6.61, ,100.0, 
2021/12/4,06:00,0.0, ,140410, ,6.61, ,6.61, ,100.0, 
2021/12/4,07:00,0.0, ,140410, ,6.61, ,6.61, ,100.0, 
2021/12/4,08:00,0.0, ,140460, ,6.84, ,6.61, ,100.0, 
2021/12/4,09:00,0.2, ,140460, ,20.19, ,6.61, ,100.0, 
2021/12/4,10:00,0.0, ,140460, ,6.61, ,6.61, ,100.0, 
2021/12/4,11:00,0.0, ,140510, ,13.95, ,0.00, ,100.0, 
2021/12/4,12:00,0.0, ,140560, ,15.19, ,0.00, ,100.0, 
2021/12/4,13:00,0.0, ,140660, ,14.28, ,0.00, ,100.0, 
2021/12/4,14:00,0.0, ,140710, ,16.35, ,0.00, ,100.0, 
2021/12/4,15:00,0.0, ,140710, ,12.67, ,0.00, ,100.0, 
2021/12/4,16:00,0.0, ,140810, ,15.44, ,0.00, ,100.0, 
2021/12/4,17:00,0.0, ,140860, ,12.45, ,0.00, ,100.0, 
2021/12/4,18:00,0.0, ,140860, ,13.60, ,0.00, ,100.0, 
2021/12/4,19:00,0.0, ,140910, ,11.76, ,0.00, ,100.0, 
2021/12/4,20:00,0.0, ,140960, ,14.30, ,0.00, ,100.0, 
2021/12/4,21:00,0.0, ,141060, ,14.99, ,0.00, ,100.0, 
2021/12/4,22:00,0.0, ,141060, ,14.31, ,0.00, ,100.0, 
2021/12/4,23:00,0.0, ,141110, ,11.08, ,0.00, ,100.0, 
2021/12/4,24:00,0.0, ,141160, ,10.85, ,0.00, ,100.0, 
2021/12/5,01:00,0.0, ,141210, ,15.01, ,0.00, ,100.0, 
2021/12/5,02:00,0.0, ,141250, ,14.09, ,0.00, ,100.0, 
2021/12/5,03:00,0.0, ,141300, ,7.85, ,0.00, ,100.0, 
2021/12/5,04:00,0.0, ,141300, ,10.40, ,0.00, ,100.0, 
2021/12/5,05:00,0.0, ,141300, ,0.00, ,0.00, ,100.0, 
2021/12/5,06:00,0.0, ,141350, ,13.17, ,0.00, ,100.0, 
2021/12/5,07:00,0.0, ,141350, ,0.69, ,0.00, ,100.0, 
2021/12/5,08:00,0.0, ,141350, ,0.00, ,0.00, ,100.0, 
2021/12/5,09:00,0.0, ,141400, ,12.25, ,0.00, ,100.0, 
2021/12/5,10:00,0.0, ,141400, ,15.40, ,6.62, ,100.0, 
2021/12/5,11:00,0.1, ,141400, ,14.81, ,6.62, ,100.0, 
2021/12/5,12:00,0.0, ,141400, ,6.62, ,6.62, ,100.0, 
2021/12/5,13:00,0.1, ,141450, ,11.71, ,6.62, ,100.0, 
2021/12/5,14:00,0.0, ,141450, ,15.40, ,6.62, ,100.0, 
2021/12/5,15:00,0.0, ,141500, ,13.32, ,6.63, ,100.0, 
2021/12/5,16:00,0.0, ,141500, ,13.80, ,6.63, ,100.0, 
2021/12/5,17:00,0.0, ,141550, ,16.35, ,6.63, ,100.0, 
2021/12/5,18:00,0.0, ,141550, ,10.79, ,6.63, ,100.0, 
2021/12/5,19:00,0.0, ,141600, ,16.11, ,6.63, ,100.0, 
2021/12/5,20:00,0.0, ,141600, ,11.03, ,6.63, ,100.0, 
2021/12/5,21:00,0.0, ,141650, ,12.88, ,6.63, ,100.0, 
2021/12/5,22:00,0.0, ,141650, ,14.26, ,6.63, ,100.0, 
2021/12/5,23:00,0.0, ,141700, ,15.19, ,6.63, ,100.0, 
2021/12/5,24:00,0.0, ,141750, ,13.34, ,6.63, ,100.0, 
2021/12/6,01:00,0.0, ,141750, ,19.13, ,6.63, ,100.0, 
2021/12/6,02:00,0.0, ,141800, ,10.10, ,6.63, ,100.0, 
2021/12/6,03:00,0.0, ,141800, ,17.05, ,6.63, ,100.0, 
2021/12/6,04:00,0.0, ,141800, ,6.63, ,6.63, ,100.0, 
2021/12/6,05:00,0.0, ,141800, ,6.63, ,6.63, ,100.0, 
2021/12/6,06:00,0.0, ,141800, ,6.63, ,6.63, ,100.0, 
2021/12/6,07:00,0.0, ,141800, ,6.63, ,6.63, ,100.0, 
2021/12/6,08:00,0.0, ,141800, ,6.63, ,6.63, ,100.0, 
2021/12/6,09:00,0.0, ,141800, ,6.63, ,6.63, ,100.0, 
2021/12/6,10:00,0.0, ,141800, ,6.63, ,6.63, ,100.0, 
2021/12/6,11:00,0.1, ,141850, ,4.26, ,0.00, ,100.0, 
2021/12/6,12:00,0.0, ,141900, ,14.35, ,0.00, ,100.0, 
2021/12/6,13:00,0.0, ,141900, ,12.51, ,0.00, ,100.0, 
2021/12/6,14:00,0.0, ,141950, ,13.44, ,0.00, ,100.0, 
2021/12/6,15:00,0.0, ,142000, ,12.97, ,0.00, ,100.0, 
2021/12/6,16:00,0.0, ,142050, ,14.60, ,0.00, ,100.0, 
2021/12/6,17:00,0.0, ,142100, ,9.51, ,0.00, ,100.0, 
2021/12/6,18:00,0.0, ,142150, ,13.45, ,0.00, ,100.0, 
2021/12/6,19:00,0.0, ,142150, ,5.56, ,0.00, ,100.0, 
2021/12/6,20:00,0.0, ,142200, ,10.67, ,0.00, ,100.0, 
2021/12/6,21:00,0.0, ,142260, ,14.85, ,0.00, ,100.0, 
2021/12/6,22:00,0.0, ,142310, ,12.30, ,0.00, ,100.0, 
2021/12/6,23:00,0.0, ,142360, ,12.53, ,0.00, ,100.0, 
2021/12/6,24:00,0.0, ,142410, ,12.77, ,0.00, ,100.0, 
2021/12/7,01:00,0.0, ,142460, ,12.54, ,0.00, ,100.0, 
2021/12/7,02:00,0.0, ,142510, ,10.45, ,0.00, ,100.0, 
2021/12/7,03:00,0.0, ,142510, ,11.38, ,0.00, ,100.0, 
2021/12/7,04:00,0.0, ,142560, ,5.34, ,0.00, ,100.0, 
2021/12/7,05:00,0.0, ,142560, ,8.60, ,0.00, ,100.0, 
2021/12/7,06:00,0.0, ,142560, ,0.00, ,0.00, ,100.0, 
2021/12/7,07:00,0.0, ,142560, ,0.00, ,0.00, ,100.0, 
2021/12/7,08:00,0.0, ,142610, ,8.60, ,0.00, ,100.0, 
2021/12/7,09:00,0.0, ,142610, ,5.34, ,0.00, ,100.0, 
2021/12/7,10:00,0.0,-,142660, ,1.86, ,0.00, ,100.0, 
2021/12/7,11:00,0.0,-,142710, ,16.03, ,0.00, ,100.0, 
2021/12/7,12:00,0.0,-,142760, ,11.39, ,0.00, ,100.0, 
2021/12/7,13:00,0.0,-,142810, ,15.81, ,0.00, ,100.0, 
2021/12/7,14:00,0.0,-,142860, ,14.19, ,0.00, ,100.0, 
2021/12/7,15:00,0.0,-,142910, ,13.96, ,0.00, ,100.0, 
2021/12/7,16:00,0.0, ,142910, ,10.47, ,0.00, ,100.0, 
2021/12/7,17:00,0.0, ,142960, ,5.58, ,0.00, ,100.0, 
2021/12/7,18:00,0.0, ,142960, ,22.06, ,6.64, ,100.0, 
2021/12/7,19:00,0.0, ,142960, ,15.22, ,6.64, ,100.0, 
2021/12/7,20:00,0.0, ,142960, ,6.64, ,6.64, ,100.0, 
2021/12/7,21:00,0.4, ,142960, ,6.64, ,6.64, ,100.0, 
2021/12/7,22:00,1.5, ,142960, ,6.64, ,6.64, ,100.0, 
2021/12/7,23:00,0.9, ,143010, ,20.37, ,6.64, ,100.0, 
2021/12/7,24:00,0.1, ,143010, ,6.87, ,6.64, ,100.0, 
2021/12/8,01:00,0.1, ,143060, ,19.68, ,6.64, ,100.0, 
2021/12/8,02:00,0.0, ,143060, ,7.57, ,6.64, ,100.0, 
2021/12/8,03:00,0.0, ,143110, ,10.60, ,6.64, ,100.0, 
2021/12/8,04:00,0.0, ,143110, ,15.25, ,6.64, ,100.0, 
2021/12/8,05:00,0.0, ,143110, ,8.04, ,6.64, ,100.0, 
2021/12/8,06:00,0.0, ,143110, ,6.64, ,6.64, ,100.0, 
2021/12/8,07:00,0.0, ,143060, ,0.00, ,6.64, ,100.0, 
2021/12/8,08:00,0.4, ,143060, ,4.78, ,6.64, ,100.0, 
2021/12/8,09:00,0.1, ,143060, ,6.64, ,6.64, ,100.0, 
2021/12/8,10:00,0.0, ,143110, ,6.87, ,0.00,#,100.0, 
2021/12/8,11:00,0.0, ,143110, ,11.99, ,0.00,#,100.0, 
2021/12/8,12:00,0.0, ,143160, ,15.83, ,0.00,#,100.0, 
2021/12/8,13:00,0.0, ,143210, ,11.41, ,0.00,#,100.0, 
2021/12/8,14:00,0.0, ,143260, ,9.55, ,0.00,#,100.0, 
2021/12/8,15:00,0.0, ,143310, ,13.98, ,0.00,#,100.0, 
2021/12/8,16:00,0.0, ,143310, ,10.72, ,0.00,#,100.0, 
2021/12/8,17:00,0.0, ,143360, ,12.59, ,0.00, ,100.0, 
2021/12/8,18:00,0.0, ,143360, ,4.18, ,6.65, ,100.0, 
2021/12/8,19:00,0.0, ,143360, ,6.65, ,6.65, ,100.0, 
2021/12/8,20:00,0.0, ,143410, ,12.71, ,6.65, ,100.0, 
2021/12/8,21:00,0.0, ,143410, ,14.58, ,6.65, ,100.0, 
2021/12/8,22:00,0.0, ,143410, ,6.65, ,6.65, ,100.0, 
2021/12/8,23:00,0.0, ,143410, ,6.65, ,6.65, ,100.0, 
2021/12/8,24:00,0.0, ,143460, ,19.01, ,6.65, ,100.0, 
2021/12/9,01:00,0.0, ,143460, ,8.28, ,6.65, ,100.0, 
2021/12/9,02:00,0.0, ,143460, ,6.65, ,6.65, ,100.0, 
2021/12/9,03:00,0.0, ,143460, ,6.65, ,6.65, ,100.0, 
2021/12/9,04:00,0.0, ,143460, ,6.65, ,6.65, ,100.0, 
2021/12/9,05:00,0.0, ,143460, ,6.65, ,6.65, ,100.0, 
2021/12/9,06:00,0.0, ,143460, ,6.65, ,6.65, ,100.0, 
2021/12/9,07:00,0.0, ,143460, ,6.65, ,6.65, ,100.0, 
2021/12/9,08:00,0.0, ,143460, ,6.65, ,6.65, ,100.0, 
2021/12/9,09:00,0.0, ,143460, ,6.65, ,6.65, ,100.0, 
2021/12/9,10:00,0.0, ,143460, ,6.65, ,6.65, ,100.0, 
2021/12/9,11:00,0.0, ,143460, ,3.41, ,0.00, ,100.0, 
2021/12/9,12:00,0.0, ,143510, ,8.86, ,0.00, ,100.0, 
2021/12/9,13:00,0.0, ,143560, ,10.26, ,0.00, ,100.0, 
2021/12/9,14:00,0.0, ,143560, ,12.12, ,6.65, ,100.0, 
2021/12/9,15:00,0.0, ,143610, ,12.25, ,6.65, ,100.0, 
2021/12/9,16:00,0.0, ,143610, ,15.05, ,6.65, ,100.0, 
2021/12/9,17:00,0.0, ,143610, ,6.65, ,6.65, ,100.0, 
2021/12/9,18:00,0.0, ,143660, ,16.22, ,6.65, ,100.0, 
2021/12/9,19:00,0.0, ,143660, ,11.08, ,6.65, ,100.0, 
2021/12/9,20:00,0.0, ,143660, ,6.65, ,6.65, ,100.0, 
2021/12/9,21:00,0.0, ,143660, ,6.65, ,6.65, ,100.0, 
2021/12/9,22:00,0.0, ,143710, ,8.75, ,6.65, ,100.0, 
2021/12/9,23:00,0.0, ,143710, ,18.56, ,6.65, ,100.0, 
2021/12/9,24:00,0.0, ,143710, ,6.65, ,6.65, ,100.0, 
2021/12/10,01:00,0.0, ,143710, ,6.65, ,6.65, ,100.0, 
2021/12/10,02:00,0.0, ,143710, ,6.65, ,6.65, ,100.0, 
2021/12/10,03:00,0.0, ,143710, ,6.65, ,6.65, ,100.0, 
2021/12/10,04:00,0.0, ,143710, ,6.65, ,6.65, ,100.0, 
2021/12/10,05:00,0.0, ,143710, ,6.65, ,6.65, ,100.0, 
2021/12/10,06:00,0.0, ,143710, ,6.65, ,6.65, ,100.0, 
2021/12/10,07:00,0.0, ,143710, ,6.65, ,6.65, ,100.0, 
2021/12/10,08:00,0.0, ,143710, ,6.65, ,6.65, ,100.0, 
2021/12/10,09:00,0.0, ,143710, ,6.65, ,6.65, ,100.0, 
2021/12/10,10:00,0.0, ,143710, ,6.65, ,6.65, ,100.0, 
2021/12/10,11:00,0.0, ,143710, ,6.65, ,6.65, ,100.0, 
2021/12/10,12:00,0.0, ,143710, ,6.65, ,6.65, ,100.0, 
2021/12/10,13:00,0.0, ,143760, ,9.45, ,6.65, ,100.0, 
2021/12/10,14:00,0.0, ,143760, ,17.86, ,6.65, ,100.0, 
2021/12/10,15:00,0.0, ,143760, ,6.65, ,6.65, ,100.0, 
2021/12/10,16:00,0.0, ,143810, ,15.99, ,6.65, ,100.0, 
2021/12/10,17:00,0.0, ,143810, ,11.32, ,6.65, ,100.0, 
2021/12/10,18:00,0.0, ,143810, ,6.65, ,6.65, ,100.0, 
2021/12/10,19:00,0.0, ,143810, ,6.65, ,6.65, ,100.0, 
2021/12/10,20:00,0.0, ,143810, ,6.65, ,6.65, ,100.0, 
2021/12/10,21:00,0.0, ,143860, ,7.12, ,6.65, ,100.0, 
2021/12/10,22:00,0.0, ,143860, ,20.20, ,6.65, ,100.0, 
2021/12/10,23:00,0.0, ,143860, ,6.65, ,6.65, ,100.0, 
2021/12/10,24:00,0.0, ,143860, ,6.65, ,6.65, ,100.0, 
2021/12/11,01:00,0.0, ,143860, ,6.65, ,6.65, ,100.0, 
2021/12/11,02:00,0.0, ,143860, ,6.65, ,6.65, ,100.0, 
2021/12/11,03:00,0.0, ,143860, ,6.65, ,6.65, ,100.0, 
2021/12/11,04:00,0.0, ,143860, ,6.65, ,6.65, ,100.0, 
2021/12/11,05:00,0.0, ,143860, ,6.65, ,6.65, ,100.0, 
2021/12/11,06:00,0.0, ,143860, ,6.65, ,6.65, ,100.0, 
2021/12/11,07:00,0.0, ,143860, ,6.65, ,6.65, ,100.0, 
2021/12/11,08:00,0.0, ,143860, ,6.65, ,6.65, ,100.0, 
2021/12/11,09:00,0.0, ,143860, ,6.65, ,6.65, ,100.0, 
2021/12/11,10:00,0.0, ,143860, ,6.65, ,6.65, ,100.0, 
2021/12/11,11:00,0.0, ,143860, ,6.65, ,6.65, ,100.0, 
2021/12/11,12:00,0.0, ,143860, ,6.65, ,6.65, ,100.0, 
2021/12/11,13:00,0.0, ,143860, ,6.65, ,6.65, ,100.0, 
2021/12/11,14:00,0.0, ,143860, ,6.65, ,6.65, ,100.0, 
2021/12/11,15:00,0.0, ,143910, ,17.87, ,6.65, ,100.0, 
2021/12/11,16:00,0.0, ,143910, ,9.45, ,6.65, ,100.0, 
2021/12/11,17:00,0.0, ,143910, ,7.38, ,7.75, ,100.0, 
2021/12/11,18:00,0.0, ,143910, ,7.75, ,7.75, ,100.0, 
2021/12/11,19:00,0.0, ,143910, ,7.75, ,7.75, ,100.0, 
2021/12/11,20:00,0.0, ,143910, ,7.75, ,7.75, ,100.0, 
2021/12/11,21:00,0.0, ,143910, ,7.75, ,7.75, ,100.0, 
2021/12/11,22:00,0.0, ,143910, ,7.75, ,7.75, ,100.0, 
2021/12/11,23:00,0.0, ,143970, ,17.56, ,7.75, ,100.0, 
2021/12/11,24:00,0.0, ,143970, ,11.96, ,7.75, ,100.0, 
2021/12/12,01:00,0.0, ,143970, ,7.75, ,7.75, ,100.0, 
2021/12/12,02:00,0.0, ,143970, ,7.75, ,7.75, ,100.0, 
2021/12/12,03:00,0.0, ,143970, ,7.75, ,7.75, ,100.0, 
2021/12/12,04:00,0.0, ,143970, ,7.75, ,7.75, ,100.0, 
2021/12/12,05:00,0.0, ,143970, ,7.75, ,7.75, ,100.0, 
2021/12/12,06:00,0.0, ,143910, ,5.88, ,7.75, ,100.0, 
2021/12/12,07:00,0.0, ,143910, ,0.00, ,7.75, ,100.0, 
2021/12/12,08:00,0.0, ,143910, ,7.75, ,7.75, ,100.0, 
2021/12/12,09:00,0.0, ,143910, ,7.75, ,7.75, ,100.0, 
2021/12/12,10:00,0.0, ,143860, ,0.00, ,8.82, ,100.0, 
2021/12/12,11:00,0.0, ,143860, ,8.36, ,8.82, ,100.0, 
2021/12/12,12:00,0.0, ,143860, ,8.82, ,8.82, ,100.0, 
2021/12/12,13:00,0.0, ,143860, ,8.82, ,8.82, ,100.0, 
2021/12/12,14:00,0.0, ,143910, ,13.03, ,8.83, ,100.0, 
2021/12/12,15:00,0.0, ,143910, ,18.64, ,8.83, ,100.0, 
2021/12/12,16:00,0.0, ,143910, ,8.83, ,8.83, ,100.0, 
2021/12/12,17:00,0.0, ,143910, ,8.83, ,8.83, ,100.0, 
2021/12/12,18:00,0.0, ,143910, ,8.83, ,8.83, ,100.0, 
2021/12/12,19:00,0.0, ,143910, ,8.83, ,8.83, ,100.0, 
2021/12/12,20:00,0.0, ,143910, ,8.83, ,8.83, ,100.0, 
2021/12/12,21:00,0.0, ,143910, ,8.83, ,8.83, ,100.0, 
2021/12/12,22:00,0.0, ,143910, ,8.83, ,8.83, ,100.0, 
2021/12/12,23:00,0.0, ,143910, ,8.83, ,8.83, ,100.0, 
2021/12/12,24:00,0.0, ,143910, ,8.83, ,8.83, ,100.0, 
2021/12/13,01:00,0.0, ,143910, ,8.83, ,8.83, ,100.0, 
2021/12/13,02:00,0.0, ,143910, ,8.83, ,8.83, ,100.0, 
2021/12/13,03:00,0.0, ,143910, ,8.83, ,8.83, ,100.0, 
2021/12/13,04:00,0.0, ,143910, ,8.83, ,8.83, ,100.0, 
2021/12/13,05:00,0.0, ,143860, ,0.65, ,8.82, ,100.0, 
2021/12/13,06:00,0.0, ,143860, ,2.98, ,8.82, ,100.0, 
2021/12/13,07:00,0.1, ,143860, ,8.82, ,8.82, ,100.0, 
2021/12/13,08:00,0.0, ,143810, ,6.25, ,8.82, ,100.0, 
2021/12/13,09:00,0.0, ,143810, ,0.00, ,8.82, ,100.0, 
2021/12/13,10:00,0.0, ,143810, ,9.96, ,10.90, ,100.0, 
2021/12/13,11:00,0.0, ,143810, ,10.90, ,10.90, ,100.0, 
2021/12/13,12:00,0.0, ,143810, ,10.90, ,10.90, ,100.0, 
2021/12/13,13:00,0.0, ,143810, ,10.90, ,10.90, ,100.0, 
2021/12/13,14:00,0.0, ,143810, ,10.90, ,10.90, ,100.0, 
2021/12/13,15:00,0.0, ,143810, ,10.90, ,10.90, ,100.0, 
2021/12/13,16:00,0.0, ,143810, ,10.90, ,10.90, ,100.0, 
2021/12/13,17:00,0.0, ,143810, ,10.90, ,10.90, ,100.0, 
2021/12/13,18:00,0.0, ,143810, ,10.90, ,10.90, ,100.0, 
2021/12/13,19:00,0.0, ,143810, ,10.90, ,10.90, ,100.0, 
2021/12/13,20:00,0.0, ,143810, ,10.90, ,10.90, ,100.0, 
2021/12/13,21:00,0.0, ,143760, ,0.39, ,10.90, ,100.0, 
2021/12/13,22:00,0.0, ,143760, ,7.40, ,10.90, ,100.0, 
2021/12/13,23:00,0.0, ,143760, ,10.90, ,10.90, ,100.0, 
2021/12/13,24:00,0.0, ,143760, ,10.90, ,10.90, ,100.0, 
2021/12/14,01:00,0.0, ,143710, ,2.26, ,10.90, ,100.0, 
2021/12/14,02:00,0.0, ,143710, ,5.53, ,10.90, ,100.0, 
2021/12/14,03:00,0.0, ,143660, ,3.19, ,10.90, ,100.0, 
2021/12/14,04:00,0.0, ,143660, ,4.60, ,10.90, ,100.0, 
2021/12/14,05:00,0.0, ,143610, ,0.86, ,10.89, ,100.0, 
2021/12/14,06:00,0.0, ,143610, ,6.92, ,10.89, ,100.0, 
2021/12/14,07:00,0.0, ,143560, ,4.12, ,10.89, ,100.0, 
2021/12/14,08:00,0.0, ,143560, ,3.66, ,10.89, ,100.0, 
2021/12/14,09:00,0.0, ,143510, ,1.09, ,10.89, ,100.0, 
2021/12/14,10:00,0.0, ,143510, ,6.69, ,10.89, ,100.0, 
2021/12/14,11:00,0.0, ,143510, ,11.47, ,11.90, ,100.0, 
2021/12/14,12:00,0.0, ,143510, ,11.90, ,11.90, ,100.0, 
2021/12/14,13:00,0.0, ,143510, ,11.90, ,11.90, ,100.0, 
2021/12/14,14:00,0.0, ,143510, ,11.90, ,11.90, ,100.0, 
2021/12/14,15:00,0.0, ,143510, ,11.90, ,11.90, ,100.0, 
2021/12/14,16:00,0.0, ,143510, ,11.90, ,11.90, ,100.0, 
2021/12/14,17:00,0.0, ,143510, ,11.90, ,11.90, ,100.0, 
2021/12/14,18:00,0.0, ,143510, ,11.90, ,11.90, ,100.0, 
2021/12/14,19:00,0.0, ,143460, ,2.57, ,11.90, ,100.0, 
2021/12/14,20:00,0.0, ,143460, ,7.24, ,11.90, ,100.0, 
2021/12/14,21:00,0.0, ,143410, ,10.50, ,11.90, ,100.0, 
2021/12/14,22:00,0.0, ,143410, ,0.00, ,11.90, ,100.0, 
2021/12/14,23:00,0.0, ,143410, ,11.90, ,11.90, ,100.0, 
2021/12/14,24:00,0.0, ,143360, ,7.00, ,11.90, ,100.0, 
2021/12/15,01:00,0.0, ,143360, ,2.81, ,11.90, ,100.0, 
2021/12/15,02:00,0.0, ,143360, ,11.90, ,11.90, ,100.0, 
2021/12/15,03:00,0.0, ,143310, ,0.00, ,11.90, ,100.0, 
2021/12/15,04:00,0.0, ,143260, ,5.38, ,11.90, ,100.0, 
2021/12/15,05:00,0.0, ,143260, ,4.44, ,11.90, ,100.0, 
2021/12/15,06:00,0.0, ,143210, ,1.41, ,11.89, ,100.0, 
2021/12/15,07:00,0.0, ,143210, ,8.40, ,11.89, ,100.0, 
2021/12/15,08:00,0.0, ,143160, ,0.47, ,11.89, ,100.0, 
2021/12/15,09:00,0.0, ,143110, ,3.97, ,11.89, ,100.0, 
2021/12/15,10:00,0.0, ,143110, ,3.28, ,11.89, ,100.0, 
2021/12/15,11:00,0.0, ,143110, ,11.05, ,9.86, ,100.0, 
2021/12/15,12:00,0.0, ,143110, ,9.86, ,9.86, ,100.0, 
2021/12/15,13:00,0.0, ,143110, ,9.86, ,9.86, ,100.0, 
2021/12/15,14:00,0.0, ,143110, ,9.86, ,9.86, ,100.0, 
2021/12/15,15:00,0.0, ,143110, ,9.86, ,9.86, ,100.0, 
2021/12/15,16:00,0.0, ,143110, ,9.86, ,9.86, ,100.0, 
2021/12/15,17:00,0.0, ,143110, ,9.86, ,9.86, ,100.0, 
2021/12/15,18:00,0.0, ,143110, ,9.86, ,9.86, ,100.0, 
2021/12/15,19:00,0.0, ,143110, ,9.86, ,9.86, ,100.0, 
2021/12/15,20:00,0.0, ,143110, ,9.86, ,9.86, ,100.0, 
2021/12/15,21:00,0.0, ,143110, ,9.86, ,9.86, ,100.0, 
2021/12/15,22:00,0.0, ,143110, ,9.86, ,9.86, ,100.0, 
2021/12/15,23:00,0.0, ,143060, ,5.20, ,9.86, ,100.0, 
2021/12/15,24:00,0.0, ,143060, ,0.55, ,9.86, ,100.0, 
2021/12/16,01:00,0.0, ,143060, ,9.86, ,9.86, ,100.0, 
2021/12/16,02:00,0.0, ,143010, ,0.00, ,9.86, ,100.0, 
2021/12/16,03:00,0.0, ,143010, ,8.70, ,9.86, ,100.0, 
2021/12/16,04:00,0.0, ,142960, ,0.00, ,9.86, ,100.0, 
2021/12/16,05:00,0.0, ,142960, ,8.70, ,9.86, ,100.0, 
2021/12/16,06:00,0.0, ,142910, ,0.79, ,9.86, ,100.0, 
2021/12/16,07:00,0.0, ,142910, ,4.97, ,9.86, ,100.0, 
2021/12/16,08:00,0.0, ,142860, ,3.35, ,9.86, ,100.0, 
2021/12/16,09:00,0.0, ,142810, ,0.09, ,9.85, ,100.0, 
2021/12/16,10:00,0.0, ,142810, ,0.00, ,9.85, ,100.0, 
2021/12/16,11:00,0.0, ,142810, ,9.85, ,9.85, ,100.0, 
2021/12/16,12:00,0.0, ,142810, ,9.85, ,9.85, ,100.0, 
2021/12/16,13:00,0.0, ,142810, ,9.85, ,9.85, ,100.0, 
2021/12/16,14:00,0.0, ,142810, ,9.85, ,9.85, ,100.0, 
2021/12/16,15:00,0.0, ,142810, ,9.85, ,9.85, ,100.0, 
2021/12/16,16:00,0.0, ,142810, ,9.85, ,9.85, ,100.0, 
2021/12/16,17:00,0.0, ,142810, ,9.85, ,9.85, ,100.0, 
2021/12/16,18:00,0.1, ,142810, ,9.85, ,9.85, ,100.0, 
2021/12/16,19:00,2.2, ,142810, ,9.85, ,9.85, ,100.0, 
2021/12/16,20:00,4.1, ,142810, ,9.85, ,9.85, ,100.0, 
2021/12/16,21:00,4.7, ,142860, ,18.69, ,9.86, ,100.0, 
2021/12/16,22:00,3.7, ,142860, ,14.98, ,9.86, ,100.0, 
2021/12/16,23:00,4.4, ,142860, ,9.86, ,9.86, ,100.0, 
2021/12/16,24:00,2.9, ,142860, ,9.86, ,9.86, ,100.0, 
2021/12/17,01:00,2.1, ,142860, ,9.86, ,9.86, ,100.0, 
2021/12/17,02:00,0.0, ,142910, ,14.08, ,6.64, ,100.0, 
2021/12/17,03:00,0.1, ,142910, ,15.02, ,6.64, ,100.0, 
2021/12/17,04:00,0.5, ,142910, ,6.64, ,6.64, ,100.0, 
2021/12/17,05:00,0.4, ,142910, ,6.64, ,6.64, ,100.0, 
2021/12/17,06:00,0.7, ,142910, ,6.64, ,6.64, ,100.0, 
2021/12/17,07:00,1.6, ,142910, ,6.64, ,6.64, ,100.0, 
2021/12/17,08:00,0.7, ,142910, ,6.64, ,6.64, ,100.0, 
2021/12/17,09:00,0.1, ,142910, ,6.64, ,6.64, ,100.0, 
2021/12/17,10:00,0.1, ,142910, ,6.64, ,6.64, ,100.0, 
2021/12/17,11:00,0.0, ,143010, ,22.92, ,0.00, ,100.0, 
2021/12/17,12:00,0.0, ,143060, ,16.53, ,0.00, ,100.0, 
2021/12/17,13:00,0.1, ,143110, ,17.70, ,0.00, ,100.0, 
2021/12/17,14:00,0.1, ,143160, ,12.34, ,0.00, ,100.0, 
2021/12/17,15:00,0.5, ,143210, ,12.35, ,0.00, ,100.0, 
2021/12/17,16:00,0.3, ,143260, ,16.08, ,6.65, ,100.0, 
2021/12/17,17:00,0.0, ,143310, ,22.96, ,6.65, ,100.0, 
2021/12/17,18:00,0.0, ,143360, ,11.54, ,6.65, ,100.0, 
2021/12/17,19:00,0.0, ,143310, ,16.67, ,6.65, ,100.0, 
2021/12/17,20:00,0.0, ,143360, ,8.28, ,6.65, ,100.0, 
2021/12/17,21:00,0.0, ,143360, ,13.41, ,6.65, ,100.0, 
2021/12/17,22:00,0.0, ,143410, ,13.18, ,6.65, ,100.0, 
2021/12/17,23:00,0.0, ,143410, ,15.51, ,6.65, ,100.0, 
2021/12/17,24:00,0.0, ,143460, ,12.25, ,6.65, ,100.0, 
2021/12/18,01:00,0.0, ,143460, ,8.98, ,6.65, ,100.0, 
2021/12/18,02:00,0.0, ,143510, ,19.01, ,6.65, ,100.0, 
2021/12/18,03:00,0.0, ,143510, ,7.82, ,6.65, ,100.0, 
2021/12/18,04:00,0.0, ,143510, ,6.65, ,6.65, ,100.0, 
2021/12/18,05:00,0.0, ,143510, ,6.65, ,6.65, ,100.0, 
2021/12/18,06:00,0.0, ,143510, ,6.65, ,6.65, ,100.0, 
2021/12/18,07:00,0.0, ,143460, ,6.42, ,6.65, ,100.0, 
2021/12/18,08:00,0.0, ,143460, ,0.00, ,6.65, ,100.0, 
2021/12/18,09:00,0.0, ,143460, ,6.65, ,6.65, ,100.0, 
2021/12/18,10:00,0.0, ,143460, ,8.40, ,9.87, ,100.0, 
2021/12/18,11:00,0.0, ,143460, ,9.87, ,9.87, ,100.0, 
2021/12/18,12:00,0.0, ,143460, ,9.87, ,9.87, ,100.0, 
2021/12/18,13:00,0.0, ,143460, ,9.87, ,9.87, ,100.0, 
2021/12/18,14:00,0.0, ,143460, ,9.87, ,9.87, ,100.0, 
2021/12/18,15:00,0.0, ,143460, ,9.87, ,9.87, ,100.0, 
2021/12/18,16:00,0.0, ,143510, ,22.69, ,9.87, ,100.0, 
2021/12/18,17:00,0.0, ,143510, ,11.04, ,9.87, ,100.0, 
2021/12/18,18:00,0.0, ,143510, ,9.87, ,9.87, ,100.0, 
2021/12/18,19:00,0.0, ,143510, ,9.87, ,9.87, ,100.0, 
2021/12/18,20:00,0.0, ,143510, ,9.87, ,9.87, ,100.0, 
2021/12/18,21:00,0.0, ,143510, ,9.87, ,9.87, ,100.0, 
2021/12/18,22:00,0.0, ,143510, ,9.87, ,9.87, ,100.0, 
2021/12/18,23:00,0.0, ,143560, ,12.67, ,9.87, ,100.0, 
2021/12/18,24:00,0.0, ,143560, ,21.07, ,9.87, ,100.0, 
2021/12/19,01:00,0.0, ,143560, ,9.87, ,9.87, ,100.0, 
2021/12/19,02:00,0.0, ,143560, ,9.87, ,9.87, ,100.0, 
2021/12/19,03:00,0.0, ,143560, ,9.87, ,9.87, ,100.0, 
2021/12/19,04:00,0.0, ,143560, ,9.87, ,9.87, ,100.0, 
2021/12/19,05:00,0.0, ,143560, ,9.87, ,9.87, ,100.0, 
2021/12/19,06:00,0.0, ,143560, ,9.87, ,9.87, ,100.0, 
2021/12/19,07:00,0.0, ,143510, ,0.77, ,9.87, ,100.0, 
2021/12/19,08:00,0.0, ,143510, ,4.97, ,9.87, ,100.0, 
2021/12/19,09:00,0.0, ,143460, ,4.74, ,9.87, ,100.0, 
2021/12/19,10:00,0.0, ,143460, ,2.12, ,11.90, ,100.0, 
2021/12/19,11:00,0.0, ,143460, ,11.90, ,11.90, ,100.0, 
2021/12/19,12:00,0.0, ,143460, ,11.90, ,11.90, ,100.0, 
2021/12/19,13:00,0.0, ,143460, ,13.07, ,11.90, ,100.0, 
2021/12/19,14:00,0.0, ,143460, ,10.73, ,11.90, ,100.0, 
2021/12/19,15:00,0.0, ,143460, ,11.90, ,11.90, ,100.0, 
2021/12/19,16:00,0.0, ,143460, ,11.90, ,11.90, ,100.0, 
2021/12/19,17:00,0.0, ,143460, ,11.90, ,11.90, ,100.0, 
2021/12/19,18:00,0.0, ,143460, ,11.90, ,11.90, ,100.0, 
2021/12/19,19:00,0.0, ,143460, ,11.90, ,11.90, ,100.0, 
2021/12/19,20:00,0.0, ,143460, ,11.90, ,11.90, ,100.0, 
2021/12/19,21:00,0.0, ,143460, ,11.90, ,11.90, ,100.0, 
2021/12/19,22:00,0.0, ,143410, ,4.91, ,11.90, ,100.0, 
2021/12/19,23:00,0.0, ,143410, ,4.91, ,11.90, ,100.0, 
2021/12/19,24:00,0.0, ,143410, ,11.90, ,11.90, ,100.0, 
2021/12/20,01:00,0.0, ,143410, ,11.90, ,11.90, ,100.0, 
2021/12/20,02:00,0.0, ,143410, ,11.90, ,11.90, ,100.0, 
2021/12/20,03:00,0.0, ,143410, ,11.90, ,11.90, ,100.0, 
2021/12/20,04:00,0.0, ,143360, ,0.00, ,11.90, ,100.0, 
2021/12/20,05:00,0.0, ,143310, ,11.67, ,11.90, ,100.0, 
2021/12/20,06:00,0.0, ,143310, ,0.00, ,11.90, ,100.0, 
2021/12/20,07:00,0.0, ,143260, ,8.87, ,11.90, ,100.0, 
2021/12/20,08:00,0.0, ,143260, ,0.95, ,11.90, ,100.0, 
2021/12/20,09:00,0.0, ,143210, ,2.81, ,11.89, ,100.0, 
2021/12/20,10:00,0.0, ,143210, ,7.00, ,11.89, ,100.0, 
2021/12/20,11:00,0.0, ,143210, ,12.28, ,12.89, ,100.0, 
2021/12/20,12:00,0.0, ,143210, ,12.89, ,12.89, ,100.0, 
2021/12/20,13:00,0.0, ,143210, ,12.89, ,12.89, ,100.0, 
2021/12/20,14:00,0.0, ,143210, ,12.89, ,12.89, ,100.0, 
2021/12/20,15:00,0.0, ,143160, ,1.70, ,12.88, ,100.0, 
2021/12/20,16:00,0.0, ,143160, ,10.08, ,12.88, ,100.0, 
2021/12/20,17:00,0.0, ,143160, ,12.88, ,12.88, ,100.0, 
2021/12/20,18:00,0.0, ,143160, ,12.88, ,12.88, ,100.0, 
2021/12/20,19:00,0.0, ,143160, ,12.88, ,12.88, ,100.0, 
2021/12/20,20:00,0.0, ,143110, ,3.57, ,12.88, ,100.0, 
2021/12/20,21:00,0.0, ,143110, ,8.22, ,12.88, ,100.0, 
2021/12/20,22:00,0.0, ,143110, ,12.88, ,12.88, ,100.0, 
2021/12/20,23:00,0.0, ,143110, ,12.88, ,12.88, ,100.0, 
2021/12/20,24:00,0.0, ,143060, ,2.17, ,12.88, ,100.0, 
2021/12/21,01:00,0.0, ,143060, ,9.62, ,12.88, ,100.0, 
2021/12/21,02:00,0.0, ,143010, ,1.70, ,12.88, ,100.0, 
2021/12/21,03:00,0.0, ,143010, ,10.09, ,12.88, ,100.0, 
2021/12/21,04:00,0.0, ,142960, ,0.55, ,12.88, ,100.0, 
2021/12/21,05:00,0.0, ,142910, ,3.34, ,12.88, ,100.0, 
2021/12/21,06:00,0.1, ,142860, ,3.11, ,12.88, ,100.0, 
2021/12/21,07:00,0.1, ,142860, ,2.64, ,12.88, ,100.0, 
2021/12/21,08:00,0.0, ,142810, ,2.64, ,12.88, ,100.0, 
2021/12/21,09:00,0.0, ,142760, ,6.83, ,12.88, ,100.0, 
2021/12/21,10:00,0.1, ,142760, ,1.26, ,12.88, ,100.0, 
2021/12/21,11:00,0.3, ,142760, ,12.88, ,12.88, ,100.0, 
2021/12/21,12:00,0.1, ,142760, ,12.88, ,12.88, ,100.0, 
2021/12/21,13:00,0.3, ,142760, ,12.88, ,12.88, ,100.0, 
2021/12/21,14:00,0.1, ,142760, ,12.88, ,12.88, ,100.0, 
2021/12/21,15:00,0.1, ,142760, ,12.88, ,12.88, ,100.0, 
2021/12/21,16:00,0.1, ,142760, ,12.88, ,12.88, ,100.0, 
2021/12/21,17:00,0.0, ,142760, ,12.88, ,12.88, ,100.0, 
2021/12/21,18:00,0.1, ,142710, ,0.00, ,12.87, ,100.0, 
2021/12/21,19:00,0.0, ,142710, ,12.64, ,12.87, ,100.0, 
2021/12/21,20:00,0.0, ,142660, ,11.24, ,12.87, ,100.0, 
2021/12/21,21:00,0.0, ,142660, ,0.55, ,12.87, ,100.0, 
2021/12/21,22:00,0.0, ,142660, ,12.87, ,12.87, ,100.0, 
2021/12/21,23:00,0.0, ,142660, ,12.87, ,12.87, ,100.0, 
2021/12/21,24:00,0.0, ,142610, ,9.15, ,12.87, ,100.0, 
2021/12/22,01:00,0.0, ,142610, ,2.65, ,12.87, ,100.0, 
2021/12/22,02:00,0.0, ,142560, ,4.27, ,12.87, ,100.0, 
2021/12/22,03:00,0.0, ,142560, ,7.53, ,12.87, ,100.0, 
2021/12/22,04:00,0.0, ,142510, ,3.11, ,12.87, ,100.0, 
2021/12/22,05:00,0.0, ,142460, ,4.04, ,12.87, ,100.0, 
2021/12/22,06:00,0.0, ,142460, ,3.58, ,12.87, ,100.0, 
2021/12/22,07:00,0.0, ,142410, ,1.03, ,12.87, ,100.0, 
2021/12/22,08:00,0.0, ,142360, ,0.33, ,12.87, ,100.0, 
2021/12/22,09:00,0.0, ,142310, ,7.53, ,12.87, ,100.0, 
2021/12/22,10:00,0.0, ,142310, ,0.81, ,12.87, ,100.0, 
2021/12/22,11:00,0.0, ,142310, ,12.87, ,12.87, ,100.0, 
2021/12/22,12:00,0.0, ,142310, ,12.87, ,12.87, ,100.0, 
2021/12/22,13:00,0.0, ,142310, ,12.87, ,12.87, ,100.0, 
2021/12/22,14:00,0.0, ,142310, ,12.87, ,12.87, ,100.0, 
2021/12/22,15:00,0.0, ,142310, ,12.87, ,12.87, ,100.0, 
2021/12/22,16:00,0.0, ,142310, ,12.87, ,12.87, ,100.0, 
2021/12/22,17:00,0.0, ,142260, ,6.14, ,12.86, ,100.0, 
2021/12/22,18:00,0.0, ,142260, ,5.67, ,12.86, ,100.0, 
2021/12/22,19:00,0.0, ,142260, ,12.86, ,12.86, ,100.0, 
2021/12/22,20:00,0.0, ,142260, ,12.86, ,12.86, ,100.0, 
2021/12/22,21:00,0.0, ,142200, ,7.29, ,12.86, ,100.0, 
2021/12/22,22:00,0.0, ,142200, ,4.51, ,12.86, ,100.0, 
2021/12/22,23:00,0.0, ,142200, ,12.86, ,12.86, ,100.0, 
2021/12/22,24:00,0.0, ,142200, ,12.86, ,12.86, ,100.0, 
2021/12/23,01:00,0.0, ,142150, ,0.00, ,12.86, ,100.0, 
2021/12/23,02:00,0.0, ,142100, ,7.30, ,12.86, ,100.0, 
2021/12/23,03:00,0.0, ,142050, ,3.35, ,12.86, ,100.0, 
2021/12/23,04:00,0.0, ,142050, ,0.00, ,12.86, ,100.0, 
2021/12/23,05:00,0.0, ,142000, ,9.38, ,12.86, ,100.0, 
2021/12/23,06:00,0.0, ,142000, ,2.43, ,12.86, ,100.0, 
2021/12/23,07:00,0.0, ,141950, ,2.44, ,12.86, ,100.0, 
2021/12/23,08:00,0.0, ,141900, ,4.98, ,12.86, ,100.0, 
2021/12/23,09:00,0.0, ,141900, ,3.36, ,12.86, ,100.0, 
2021/12/23,10:00,0.0, ,141850, ,0.00, ,12.86, ,100.0, 
2021/12/23,11:00,0.0, ,141850, ,13.01, ,13.83, ,100.0, 
2021/12/23,12:00,0.0, ,141850, ,13.83, ,13.83, ,100.0, 
2021/12/23,13:00,0.0, ,141850, ,13.83, ,13.83, ,100.0, 
2021/12/23,14:00,0.0, ,141800, ,5.73, ,13.83, ,100.0, 
2021/12/23,15:00,0.0, ,141800, ,8.04, ,13.83, ,100.0, 
2021/12/23,16:00,0.0, ,141800, ,13.83, ,13.83, ,100.0, 
2021/12/23,17:00,0.0, ,141800, ,13.83, ,13.83, ,100.0, 
2021/12/23,18:00,0.0, ,141750, ,4.80, ,13.83, ,100.0, 
2021/12/23,19:00,0.0, ,141750, ,8.97, ,13.83, ,100.0, 
2021/12/23,20:00,0.0, ,141700, ,8.04, ,13.83, ,100.0, 
2021/12/23,21:00,0.0, ,141700, ,5.73, ,13.83, ,100.0, 
2021/12/23,22:00,0.0, ,141700, ,13.83, ,13.83, ,100.0, 
2021/12/23,23:00,0.0, ,141700, ,13.83, ,13.83, ,100.0, 
2021/12/23,24:00,0.0, ,141650, ,1.34, ,13.83, ,100.0, 
2021/12/24,01:00,0.0, ,141600, ,8.28, ,13.82, ,100.0, 
2021/12/24,02:00,0.0, ,141550, ,3.64, ,13.82, ,100.0, 
2021/12/24,03:00,0.0, ,141550, ,0.40, ,13.82, ,100.0, 
2021/12/24,04:00,0.0, ,141500, ,3.64, ,13.82, ,100.0, 
2021/12/24,05:00,0.0, ,141450, ,5.96, ,13.82, ,100.0, 
2021/12/24,06:00,0.0, ,141450, ,4.11, ,13.82, ,100.0, 
2021/12/24,07:00,0.0, ,141400, ,0.00, ,13.82, ,100.0, 
2021/12/24,08:00,0.0, ,141350, ,3.88, ,13.82, ,100.0, 
2021/12/24,09:00,0.0, ,141300, ,4.81, ,13.82, ,100.0, 
2021/12/24,10:00,0.0, ,141300, ,5.04, ,13.82, ,100.0, 
2021/12/24,11:00,0.0, ,141250, ,0.76, ,11.85, ,100.0, 
2021/12/24,12:00,0.0, ,141250, ,10.00, ,11.85, ,100.0, 
2021/12/24,13:00,0.0, ,141250, ,11.85, ,11.85, ,100.0, 
2021/12/24,14:00,0.0, ,141250, ,11.85, ,11.85, ,100.0, 
2021/12/24,15:00,0.0, ,141250, ,11.85, ,11.85, ,100.0, 
2021/12/24,16:00,0.0, ,141250, ,11.85, ,11.85, ,100.0, 
2021/12/24,17:00,0.0, ,141250, ,11.85, ,11.85, ,100.0, 
2021/12/24,18:00,0.0, ,141250, ,12.70, ,13.82, ,100.0, 
2021/12/24,19:00,0.0, ,141210, ,1.34, ,13.81, ,100.0, 
2021/12/24,20:00,0.0, ,141210, ,12.42, ,13.81, ,100.0, 
2021/12/24,21:00,0.0, ,141160, ,1.58, ,13.81, ,100.0, 
2021/12/24,22:00,0.0, ,141160, ,12.19, ,13.81, ,100.0, 
2021/12/24,23:00,0.1, ,141110, ,9.89, ,13.81, ,100.0, 
2021/12/24,24:00,0.0, ,141110, ,3.88, ,13.81, ,100.0, 
2021/12/25,01:00,0.0, ,141060, ,0.65, ,13.81, ,100.0, 
2021/12/25,02:00,0.0, ,141010, ,5.27, ,13.81, ,100.0, 
2021/12/25,03:00,0.0, ,140960, ,2.50, ,13.81, ,100.0, 
2021/12/25,04:00,0.2, ,140910, ,4.12, ,13.81, ,100.0, 
2021/12/25,05:00,0.0, ,140910, ,1.12, ,13.81, ,100.0, 
2021/12/25,06:00,0.0, ,140860, ,4.35, ,13.81, ,100.0, 
2021/12/25,07:00,0.0, ,140810, ,3.43, ,13.80, ,100.0, 
2021/12/25,08:00,0.0, ,140760, ,3.89, ,13.80, ,100.0, 
2021/12/25,09:00,0.0, ,140760, ,2.04, ,13.80, ,100.0, 
2021/12/25,10:00,0.0, ,140710, ,4.12, ,13.80, ,100.0, 
2021/12/25,11:00,0.0, ,140710, ,9.65, ,13.80, ,100.0, 
2021/12/25,12:00,0.0, ,140710, ,13.80, ,13.80, ,100.0, 
2021/12/25,13:00,0.0, ,140710, ,11.04, ,13.80, ,100.0, 
2021/12/25,14:00,0.0, ,140660, ,6.89, ,13.80, ,100.0, 
2021/12/25,15:00,0.0, ,140660, ,9.65, ,13.80, ,100.0, 
2021/12/25,16:00,0.0, ,140610, ,13.11, ,13.80, ,100.0, 
2021/12/25,17:00,0.0, ,140610, ,3.90, ,13.80, ,100.0, 
2021/12/25,18:00,0.0, ,140610, ,10.58, ,13.80, ,100.0, 
2021/12/25,19:00,0.0, ,140560, ,4.13, ,13.80, ,100.0, 
2021/12/25,20:00,0.0, ,140560, ,9.65, ,13.80, ,100.0, 
2021/12/25,21:00,0.0, ,140510, ,1.14, ,13.80, ,100.0, 
2021/12/25,22:00,0.0, ,140510, ,12.65, ,13.80, ,100.0, 
2021/12/25,23:00,0.0, ,140460, ,11.50, ,13.80, ,100.0, 
2021/12/25,24:00,0.0, ,140460, ,3.67, ,13.80, ,100.0, 
2021/12/26,01:00,0.0, ,140410, ,2.98, ,13.80, ,100.0, 
2021/12/26,02:00,0.0, ,140360, ,0.68, ,13.79, ,100.0, 
2021/12/26,03:00,0.0, ,140310, ,2.98, ,13.79, ,100.0, 
2021/12/26,04:00,0.0, ,140260, ,5.05, ,13.79, ,100.0, 
2021/12/26,05:00,0.0, ,140260, ,1.37, ,13.79, ,100.0, 
2021/12/26,06:00,0.0, ,140210, ,1.37, ,13.79, ,100.0, 
2021/12/26,07:00,0.0, ,140160, ,0.92, ,13.79, ,100.0, 
2021/12/26,08:00,0.0, ,140110, ,0.67, ,13.79, ,100.0, 
2021/12/26,09:00,0.0, ,140060, ,2.96, ,13.79, ,100.0, 
2021/12/26,10:00,0.0, ,140010, ,5.73, ,13.79, ,100.0, 
2021/12/26,11:00,0.0, ,140010, ,1.36, ,13.79, ,100.0, 
2021/12/26,12:00,0.0, ,140010, ,14.02, ,13.79, ,100.0, 
2021/12/26,13:00,0.0, ,140010, ,13.56, ,13.79, ,100.0, 
2021/12/26,14:00,0.0, ,140010, ,14.25, ,13.79, ,100.0, 
2021/12/26,15:00,0.0, ,140010, ,11.72, ,13.79, ,100.0, 
2021/12/26,16:00,0.0, ,139960, ,7.34, ,13.78, ,100.0, 
2021/12/26,17:00,0.0, ,139960, ,6.64, ,13.78, ,100.0, 
2021/12/26,18:00,0.0, ,139910, ,10.33, ,13.78, ,100.0, 
2021/12/26,19:00,0.0, ,139860, ,3.65, ,13.78, ,100.0, 
2021/12/26,20:00,0.0, ,139860, ,1.12, ,13.78, ,100.0, 
2021/12/26,21:00,0.0, ,139810, ,10.10, ,13.78, ,100.0, 
2021/12/26,22:00,0.0, ,139810, ,3.66, ,13.78, ,100.0, 
2021/12/26,23:00,0.0, ,139760, ,2.74, ,13.78, ,100.0, 
2021/12/26,24:00,0.0, ,139710, ,3.89, ,13.78, ,100.0, 
2021/12/27,01:00,0.0, ,139660, ,5.04, ,13.78, ,100.0, 
2021/12/27,02:00,0.0, ,139660, ,2.05, ,13.78, ,100.0, 
2021/12/27,03:00,0.0, ,139610, ,0.91, ,13.78, ,100.0, 
2021/12/27,04:00,0.0, ,139560, ,3.67, ,13.77, ,100.0, 
2021/12/27,05:00,0.0, ,139510, ,0.00, ,13.77, ,100.0, 
2021/12/27,06:00,0.0, ,139460, ,7.56, ,13.77, ,100.0, 
2021/12/27,07:00,0.0, ,139460, ,1.59, ,13.77, ,100.0, 
2021/12/27,08:00,0.0, ,139410, ,2.06, ,13.77, ,100.0, 
2021/12/27,09:00,0.0, ,139370, ,4.12, ,13.77, ,100.0, 
2021/12/27,10:00,0.0, ,139370, ,7.57, ,13.77, ,100.0, 
2021/12/27,11:00,0.0, ,139320, ,4.58, ,13.77, ,100.0, 
2021/12/27,12:00,0.0, ,139320, ,9.18, ,13.77, ,100.0, 
2021/12/27,13:00,0.0, ,139320, ,13.77, ,13.77, ,100.0, 
2021/12/27,14:00,0.0, ,139320, ,13.77, ,13.77, ,100.0, 
2021/12/27,15:00,0.0, ,139320, ,13.77, ,13.77, ,100.0, 
2021/12/27,16:00,0.0, ,139270, ,5.50, ,13.77, ,100.0, 
2021/12/27,17:00,0.0, ,139270, ,8.26, ,13.77, ,100.0, 
2021/12/27,18:00,0.0, ,139220, ,6.66, ,13.77, ,100.0, 
2021/12/27,19:00,0.0, ,139170, ,6.89, ,13.76, ,100.0, 
2021/12/27,20:00,0.0, ,139170, ,0.22, ,13.76, ,100.0, 
2021/12/27,21:00,0.0, ,139120, ,9.63, ,13.76, ,100.0, 
2021/12/27,22:00,0.0, ,139120, ,4.12, ,13.76, ,100.0, 
2021/12/27,23:00,0.0, ,139070, ,0.00, ,13.76, ,100.0, 
2021/12/27,24:00,0.0, ,139020, ,3.90, ,13.76, ,100.0, 
2021/12/28,01:00,0.0, ,138970, ,0.00, ,13.76, ,100.0, 
2021/12/28,02:00,0.0, ,138920, ,3.21, ,13.76, ,100.0, 
2021/12/28,03:00,0.0, ,138870, ,4.36, ,13.76, ,100.0, 
2021/12/28,04:00,0.0, ,138820, ,2.98, ,13.76, ,100.0, 
2021/12/28,05:00,0.0, ,138770, ,0.00, ,13.76, ,100.0, 
2021/12/28,06:00,0.0, ,138770, ,3.22, ,13.76, ,100.0, 
2021/12/28,07:00,0.0, ,138720, ,6.89, ,13.75, ,100.0, 
2021/12/28,08:00,0.0, ,138670, ,3.21, ,13.75, ,100.0, 
2021/12/28,09:00,0.0, ,138670, ,3.67, ,13.75, ,100.0, 
2021/12/28,10:00,0.0, ,138620, ,2.30, ,13.75, ,100.0, 
2021/12/28,11:00,0.0, ,138620, ,11.75, ,14.71, ,100.0, 
2021/12/28,12:00,0.0, ,138620, ,14.71, ,14.71, ,100.0, 
2021/12/28,13:00,0.0, ,138570, ,13.34, ,14.71, ,100.0, 
2021/12/28,14:00,0.0, ,138570, ,2.34, ,14.71, ,100.0, 
2021/12/28,15:00,0.0, ,138570, ,14.71, ,14.71, ,100.0, 
2021/12/28,16:00,0.0, ,138520, ,10.13, ,14.71, ,100.0, 
2021/12/28,17:00,0.0, ,138520, ,5.55, ,14.71, ,100.0, 
2021/12/28,18:00,0.0, ,138520, ,14.71, ,14.71, ,100.0, 
2021/12/28,19:00,0.0, ,138470, ,1.42, ,14.70, ,100.0, 
2021/12/28,20:00,0.0, ,138420, ,8.06, ,14.70, ,100.0, 
2021/12/28,21:00,0.0, ,138370, ,6.00, ,14.70, ,100.0, 
2021/12/28,22:00,0.0, ,138370, ,2.11, ,14.70, ,100.0, 
2021/12/28,23:00,0.0, ,138330, ,1.66, ,14.70, ,100.0, 
2021/12/28,24:00,0.0, ,138280, ,3.26, ,14.70, ,100.0, 
2021/12/29,01:00,0.0, ,138230, ,3.26, ,14.70, ,100.0, 
2021/12/29,02:00,0.0, ,138180, ,0.00, ,14.70, ,100.0, 
2021/12/29,03:00,0.0, ,138130, ,5.78, ,14.70, ,100.0, 
2021/12/29,04:00,0.0, ,138080, ,1.67, ,14.69, ,100.0, 
2021/12/29,05:00,0.0, ,138030, ,1.43, ,14.69, ,100.0, 
2021/12/29,06:00,0.0, ,137980, ,0.98, ,14.69, ,100.0, 
2021/12/29,07:00,0.0, ,137930, ,3.27, ,14.69, ,100.0, 
2021/12/29,08:00,0.0, ,137930, ,2.35, ,14.69, ,100.0, 
2021/12/29,09:00,0.0, ,137880, ,2.81, ,14.69, ,100.0, 
2021/12/29,10:00,0.0, ,137830, ,0.91, ,13.73, ,100.0, 
2021/12/29,11:00,0.0, ,137830, ,11.45, ,13.73, ,100.0, 
2021/12/29,12:00,0.0, ,137830, ,13.73, ,13.73, ,100.0, 
2021/12/29,13:00,0.0, ,137830, ,13.73, ,13.73, ,100.0, 
2021/12/29,14:00,0.1, ,137830, ,13.73, ,13.73, ,100.0, 
2021/12/29,15:00,0.1, ,137780, ,7.11, ,13.73, ,100.0, 
2021/12/29,16:00,0.1, ,137780, ,6.65, ,13.73, ,100.0, 
2021/12/29,17:00,0.1, ,137780, ,13.73, ,13.73, ,100.0, 
2021/12/29,18:00,0.1, ,137730, ,4.83, ,13.73, ,100.0, 
2021/12/29,19:00,0.1, ,137730, ,8.94, ,13.73, ,100.0, 
2021/12/29,20:00,0.3, ,137680, ,4.37, ,13.73, ,100.0, 
2021/12/29,21:00,0.0, ,137630, ,5.74, ,13.73, ,100.0, 
2021/12/29,22:00,0.0, ,137590, ,2.78, ,13.73, ,100.0, 
2021/12/29,23:00,0.0, ,137590, ,0.95, ,13.73, ,100.0, 
2021/12/29,24:00,0.3, ,137540, ,4.37, ,13.72, ,100.0, 
2021/12/30,01:00,0.0, ,137490, ,0.00, ,13.72, ,100.0, 
2021/12/30,02:00,0.0, ,137440, ,5.74, ,13.72, ,100.0, 
2021/12/30,03:00,0.0, ,137390, ,2.32, ,13.72, ,100.0, 
2021/12/30,04:00,0.0, ,137340, ,1.64, ,13.72, ,100.0, 
2021/12/30,05:00,0.0, ,137340, ,0.95, ,13.72, ,100.0, 
2021/12/30,06:00,0.1, ,137290, ,3.00, ,13.72, ,100.0, 
2021/12/30,07:00,0.0, ,137240, ,0.00, ,13.72, ,100.0, 
2021/12/30,08:00,0.0, ,137190, ,6.20, ,13.72, ,100.0, 
2021/12/30,09:00,0.0, ,137190, ,4.38, ,13.72, ,100.0, 
2021/12/30,10:00,0.0, ,137140, ,2.93, ,14.67, ,100.0, 
2021/12/30,11:00,0.0, ,137140, ,14.44, ,14.67, ,100.0, 
2021/12/30,12:00,0.0, ,137090, ,4.42, ,14.67, ,100.0, 
2021/12/30,13:00,0.0, ,137090, ,13.99, ,14.67, ,100.0, 
2021/12/30,14:00,0.0, ,137090, ,13.30, ,14.67, ,100.0, 
2021/12/30,15:00,0.0, ,137090, ,9.20, ,14.67, ,100.0, 
2021/12/30,16:00,0.0, ,137090, ,9.89, ,14.67, ,100.0, 
2021/12/30,17:00,0.0, ,136990, ,4.20, ,14.67, ,100.0, 
2021/12/30,18:00,0.0, ,136990, ,6.70, ,14.67, ,100.0, 
2021/12/30,19:00,0.0, ,136990, ,10.34, ,14.67, ,100.0, 
2021/12/30,20:00,0.0, ,136950, ,5.33, ,14.66, ,100.0, 
2021/12/30,21:00,0.0, ,136900, ,1.00, ,14.66, ,100.0, 
2021/12/30,22:00,0.0, ,136850, ,7.38, ,14.66, ,100.0, 
2021/12/30,23:00,0.0, ,136850, ,8.29, ,14.66, ,100.0, 
2021/12/30,24:00,0.0, ,136750, ,0.00, ,14.66, ,100.0, 
2021/12/31,01:00,0.0, ,136700, ,0.00, ,14.66, ,100.0, 
2021/12/31,02:00,0.0, ,136700, ,3.97, ,14.66, ,100.0, 
2021/12/31,03:00,0.0, ,136650, ,3.75, ,14.66, ,99.9, 
2021/12/31,04:00,0.0, ,136600, ,1.70, ,14.65, ,99.9, 
2021/12/31,05:00,0.0, ,136550, ,0.33, ,14.65, ,99.8, 
2021/12/31,06:00,0.0, ,136500, ,3.74, ,14.65, ,99.8, 
2021/12/31,07:00,0.0, ,136450, ,2.61, ,14.65, ,99.7, 
2021/12/31,08:00,0.0, ,136400, ,0.00, ,14.65, ,99.7, 
2021/12/31,09:00,0.0, ,136400, ,9.65, ,14.65, ,99.7, 
2021/12/31,10:00,0.0, ,136360, ,1.93, ,14.65, ,99.6, 
2021/12/31,11:00,0.2, ,136310, ,9.88, ,14.65, ,99.6, 
2021/12/31,12:00,0.0, ,136360, ,8.97, ,14.65, ,99.6, 
2021/12/31,13:00,0.0, ,136310, ,11.02, ,14.65, ,99.6, 
2021/12/31,14:00,0.0, ,136310, ,13.51, ,14.65, ,99.6, 
2021/12/31,15:00,0.0, ,136260, ,10.34, ,14.65, ,99.5, 
2021/12/31,16:00,0.0, ,136260, ,6.02, ,14.65, ,99.5, 
2021/12/31,17:00,0.0, ,136210, ,4.66, ,14.64, ,99.5, 
2021/12/31,18:00,0.0, ,136210, ,11.46, ,14.64, ,99.5, 
2021/12/31,19:00,0.0, ,136160, ,1.02, ,14.64, ,99.4, 
2021/12/31,20:00,0.0, ,136110, ,8.06, ,14.64, ,99.4, 
2021/12/31,21:00,0.0, ,136110, ,2.39, ,14.64, ,99.4, 
2021/12/31,22:00,0.0, ,136010, ,3.07, ,14.64, ,99.3, 
2021/12/31,23:00,0.0, ,136010, ,1.26, ,14.64, ,99.3, 
2021/12/31,24:00,0.0, ,135910, ,1.03, ,14.64, ,99.2, 
