îCà”ä˙ä‘É_ÉÄèîó åüçıåãâ 
êÖånñº,ãgñÏêÏ
âÕêÏñº,ãgñÏêÏ
äœë™èäñº,ëÅñæâYÉ_ÉÄÅiã@ç\Åj
äœë™èäãLçÜ,1368080700010
#
#îNåéì˙,éûçè,ó¨àÊïΩãœâJó ,ó¨àÊïΩãœâJó ëÆê´,íôêÖó ,íôêÖó ëÆê´,ó¨ì¸ó ,ó¨ì¸ó ëÆê´,ï˙ó¨ó ,ï˙ó¨ó ëÆê´,íôêÖó¶,íôêÖó¶ëÆê´
#ëÆê´Å@$:åáë™ -:ñ¢éÛêM
#
2022/9/1,01:00,0.0, ,85270, ,4.11, ,27.20, ,44.5, 
2022/9/1,02:00,0.1, ,85230, ,6.18, ,17.70, ,44.4, 
2022/9/1,03:00,0.0, ,85200, ,0.00, ,0.00, ,44.4, 
2022/9/1,04:00,0.0, ,85230, ,7.00, ,0.00, ,44.4, 
2022/9/1,05:00,0.1, ,85270, ,3.59, ,0.00, ,44.5, 
2022/9/1,06:00,0.1, ,85270, ,10.41, ,0.00, ,44.5, 
2022/9/1,07:00,0.5, ,85310, ,8.44, ,0.00, ,44.5, 
2022/9/1,08:00,0.3, ,85350, ,3.42, ,10.80, ,44.5, 
2022/9/1,09:00,0.1, ,85310, ,19.22, ,30.20, ,44.5, 
2022/9/1,10:00,0.2, ,85160, ,4.01, ,43.50, ,44.4, 
2022/9/1,11:00,0.1, ,85000, ,6.07, ,47.50, ,44.3, 
2022/9/1,12:00,0.0, ,84890, ,12.50, ,47.80, ,44.2, 
2022/9/1,13:00,0.0, ,84770, ,8.99, ,33.40, ,44.1, 
2022/9/1,14:00,0.7, ,84690, ,12.42, ,44.80, ,44.1, 
2022/9/1,15:00,0.0, ,84540, ,12.80, ,54.60, ,44.0, 
2022/9/1,16:00,2.5, ,84380, ,12.56, ,56.10, ,43.9, 
2022/9/1,17:00,5.8, ,84230, ,12.42, ,56.10, ,43.8, 
2022/9/1,18:00,5.8, ,84080, ,12.97, ,56.50, ,43.7, 
2022/9/1,19:00,1.8, ,83920, ,21.08, ,56.50, ,43.6, 
2022/9/1,20:00,0.0, ,83810, ,17.86, ,56.30, ,43.5, 
2022/9/1,21:00,0.0, ,83650, ,17.21, ,48.40, ,43.4, 
2022/9/1,22:00,0.0, ,83610, ,17.43, ,30.70, ,43.3, 
2022/9/1,23:00,0.0, ,83580, ,14.53, ,26.70, ,43.3, 
2022/9/1,24:00,0.0, ,83540, ,13.45, ,17.60, ,44.9, 
2022/9/2,01:00,0.0, ,83580, ,13.42, ,0.00, ,44.9, 
2022/9/2,02:00,0.0, ,83650, ,17.06, ,0.00, ,44.9, 
2022/9/2,03:00,0.1, ,83690, ,18.31, ,0.00, ,45.0, 
2022/9/2,04:00,0.6, ,83770, ,16.54, ,0.00, ,45.0, 
2022/9/2,05:00,4.7, ,83810, ,11.74, ,0.00, ,45.1, 
2022/9/2,06:00,0.5, ,83850, ,17.44, ,0.00, ,45.1, 
2022/9/2,07:00,0.4, ,83880, ,10.50, ,0.00, ,45.1, 
2022/9/2,08:00,0.2, ,83920, ,10.15, ,0.00, ,45.1, 
2022/9/2,09:00,0.0, ,83960, ,6.41, ,11.30, ,45.2, 
2022/9/2,10:00,0.0, ,83920, ,15.96, ,28.10, ,45.1, 
2022/9/2,11:00,0.0, ,83850, ,12.36, ,14.60, ,45.1, 
2022/9/2,12:00,0.0, ,83850, ,7.97, ,0.00, ,45.1, 
2022/9/2,13:00,1.6, ,83920, ,8.72, ,0.00, ,45.1, 
2022/9/2,14:00,0.4, ,83960, ,16.74, ,0.00, ,45.2, 
2022/9/2,15:00,1.0, ,84040, ,14.43, ,10.90, ,45.2, 
2022/9/2,16:00,0.0, ,84000, ,23.50, ,33.80, ,45.2, 
2022/9/2,17:00,0.3, ,83880, ,15.49, ,49.50, ,45.1, 
2022/9/2,18:00,0.1, ,83770, ,17.03, ,53.00, ,45.0, 
2022/9/2,19:00,0.4, ,83610, ,14.20, ,51.10, ,44.9, 
2022/9/2,20:00,1.5, ,83500, ,15.38, ,46.70, ,44.8, 
2022/9/2,21:00,0.6, ,83420, ,9.67, ,29.00, ,44.8, 
2022/9/2,22:00,1.1, ,83350, ,11.06, ,31.00, ,44.7, 
2022/9/2,23:00,0.0, ,83270, ,9.90, ,17.30, ,44.7, 
2022/9/2,24:00,0.0, ,83270, ,2.80, ,0.00, ,45.4, 
2022/9/3,01:00,0.9, ,83350, ,8.34, ,0.00, ,45.5, 
2022/9/3,02:00,5.3, ,83380, ,16.85, ,0.00, ,45.5, 
2022/9/3,03:00,2.5, ,83460, ,14.38, ,0.00, ,45.5, 
2022/9/3,04:00,1.7, ,83500, ,17.93, ,0.00, ,45.6, 
2022/9/3,05:00,0.0, ,83500, ,6.39, ,0.00, ,45.6, 
2022/9/3,06:00,0.2, ,83540, ,9.42, ,0.00, ,45.6, 
2022/9/3,07:00,0.1, ,83580, ,7.28, ,0.00, ,45.6, 
2022/9/3,08:00,0.4, ,83580, ,4.62, ,0.00, ,45.6, 
2022/9/3,09:00,4.4, ,83610, ,8.71, ,0.00, ,45.6, 
2022/9/3,10:00,4.5, ,83650, ,9.24, ,0.00, ,45.7, 
2022/9/3,11:00,0.0, ,83690, ,10.49, ,0.00, ,45.7, 
2022/9/3,12:00,0.0, ,83770, ,14.05, ,0.00, ,45.7, 
2022/9/3,13:00,0.2, ,83810, ,14.23, ,0.00, ,45.8, 
2022/9/3,14:00,0.9, ,83850, ,14.59, ,0.00, ,45.8, 
2022/9/3,15:00,1.2, ,83920, ,18.16, ,0.00, ,45.9, 
2022/9/3,16:00,0.2, ,84000, ,14.43, ,10.90, ,45.9, 
2022/9/3,17:00,0.0, ,83960, ,23.36, ,28.40, ,45.9, 
2022/9/3,18:00,0.0, ,83880, ,14.86, ,35.20, ,45.8, 
2022/9/3,19:00,0.0, ,83810, ,16.46, ,35.20, ,45.8, 
2022/9/3,20:00,0.2, ,83730, ,11.17, ,35.90, ,45.7, 
2022/9/3,21:00,0.9, ,83650, ,14.25, ,18.00, ,45.7, 
2022/9/3,22:00,0.3, ,83690, ,2.08, ,0.00, ,45.7, 
2022/9/3,23:00,0.1, ,83730, ,14.05, ,0.00, ,45.7, 
2022/9/3,24:00,0.3, ,83770, ,13.69, ,0.00, ,46.0, 
2022/9/4,01:00,0.1, ,83850, ,12.63, ,0.00, ,46.0, 
2022/9/4,02:00,0.1, ,83880, ,15.31, ,0.00, ,46.1, 
2022/9/4,03:00,0.3, ,83960, ,14.42, ,0.00, ,46.1, 
2022/9/4,04:00,0.6, ,84000, ,15.85, ,0.00, ,46.1, 
2022/9/4,05:00,0.1, ,84040, ,13.18, ,0.00, ,46.2, 
2022/9/4,06:00,0.1, ,84080, ,12.83, ,0.00, ,46.2, 
2022/9/4,07:00,0.4, ,84150, ,16.75, ,0.00, ,46.2, 
2022/9/4,08:00,0.0, ,84190, ,13.55, ,0.00, ,46.3, 
2022/9/4,09:00,0.1, ,84270, ,16.59, ,0.00, ,46.3, 
2022/9/4,10:00,0.3, ,84310, ,15.17, ,0.00, ,46.3, 
2022/9/4,11:00,0.2, ,84380, ,14.64, ,0.00, ,46.4, 
2022/9/4,12:00,0.2, ,84420, ,14.82, ,0.00, ,46.4, 
2022/9/4,13:00,0.5, ,84460, ,13.75, ,0.00, ,46.4, 
2022/9/4,14:00,0.1, ,84540, ,14.11, ,0.00, ,46.5, 
2022/9/4,15:00,0.0, ,84580, ,13.94, ,0.00, ,46.5, 
2022/9/4,16:00,0.0, ,84620, ,12.87, ,11.60, ,46.6, 
2022/9/4,17:00,0.0, ,84620, ,19.92, ,37.10, ,46.6, 
2022/9/4,18:00,0.0, ,84460, ,13.63, ,53.30, ,46.4, 
2022/9/4,19:00,0.0, ,84310, ,12.36, ,53.20, ,46.3, 
2022/9/4,20:00,0.0, ,84150, ,12.30, ,56.30, ,46.2, 
2022/9/4,21:00,0.0, ,84000, ,11.93, ,46.90, ,46.1, 
2022/9/4,22:00,0.0, ,83920, ,11.67, ,26.80, ,46.1, 
2022/9/4,23:00,0.0, ,83880, ,9.21, ,30.60, ,46.1, 
2022/9/4,24:00,0.3, ,83810, ,7.75, ,17.40, ,46.5, 
2022/9/5,01:00,0.3, ,83810, ,7.68, ,0.00, ,46.5, 
2022/9/5,02:00,0.0, ,83850, ,1.96, ,0.00, ,46.5, 
2022/9/5,03:00,0.0, ,83880, ,13.88, ,0.00, ,46.5, 
2022/9/5,04:00,0.3, ,83920, ,9.43, ,0.00, ,46.6, 
2022/9/5,05:00,0.1, ,83960, ,14.07, ,0.00, ,46.6, 
2022/9/5,06:00,0.3, ,84000, ,13.90, ,11.10, ,46.6, 
2022/9/5,07:00,0.3, ,84000, ,14.08, ,27.10, ,46.6, 
2022/9/5,08:00,0.1, ,83920, ,14.85, ,17.00, ,46.6, 
2022/9/5,09:00,0.1, ,83920, ,4.18, ,0.00, ,46.6, 
2022/9/5,10:00,0.3, ,83960, ,7.83, ,0.00, ,46.6, 
2022/9/5,11:00,0.0, ,84000, ,8.91, ,0.00, ,46.6, 
2022/9/5,12:00,0.5, ,84080, ,17.28, ,0.00, ,46.7, 
2022/9/5,13:00,0.1, ,84110, ,9.63, ,11.20, ,46.7, 
2022/9/5,14:00,0.1, ,84080, ,18.82, ,27.30, ,46.7, 
2022/9/5,15:00,0.7, ,84000, ,7.75, ,36.90, ,46.6, 
2022/9/5,16:00,0.4, ,83880, ,13.23, ,51.60, ,46.5, 
2022/9/5,17:00,1.3, ,83730, ,15.92, ,53.00, ,46.4, 
2022/9/5,18:00,2.5, ,83580, ,13.97, ,56.30, ,46.3, 
2022/9/5,19:00,2.6, ,83420, ,14.14, ,56.20, ,46.2, 
2022/9/5,20:00,5.1, ,83310, ,16.15, ,48.00, ,46.2, 
2022/9/5,21:00,6.0, ,83230, ,12.45, ,27.40, ,46.1, 
2022/9/5,22:00,7.8, ,83190, ,18.46, ,27.40, ,46.1, 
2022/9/5,23:00,5.9, ,83230, ,25.21, ,27.30, ,46.1, 
2022/9/5,24:00,6.5, ,83420, ,53.56, ,27.60, ,46.2, 
2022/9/6,01:00,5.0, ,83610, ,84.68, ,31.00, ,46.4, 
2022/9/6,02:00,1.2, ,83810, ,86.67, ,17.80, ,46.5, 
2022/9/6,03:00,2.8, ,84080, ,79.74, ,0.00, ,46.7, 
2022/9/6,04:00,3.3, ,84350, ,71.11, ,0.00, ,46.9, 
2022/9/6,05:00,8.6, ,84580, ,66.58, ,0.00, ,47.0, 
2022/9/6,06:00,8.4, ,84850, ,72.76, ,0.00, ,47.2, 
2022/9/6,07:00,14.1, ,85230, ,87.57, ,0.00, ,47.5, 
2022/9/6,08:00,19.8, ,86010, ,153.53, ,0.00, ,48.0, 
2022/9/6,09:00,25.9, ,87150, ,257.75, ,0.00, ,48.8, 
2022/9/6,10:00,11.9, ,89990, ,508.70, ,0.00, ,50.7, 
2022/9/6,11:00,4.3, ,93200, ,940.36, ,0.00, ,52.9, 
2022/9/6,12:00,1.6, ,95440, ,741.83, ,0.00, ,54.4, 
2022/9/6,13:00,0.9, ,97090, ,525.89, ,0.00, ,55.5, 
2022/9/6,14:00,0.8, ,98460, ,416.19, ,0.00, ,56.5, 
2022/9/6,15:00,0.6, ,99790, ,378.88, ,0.00, ,57.4, 
2022/9/6,16:00,0.1, ,100930, ,340.48, ,10.60, ,58.1, 
2022/9/6,17:00,0.3, ,101860, ,301.07, ,37.10, ,58.8, 
2022/9/6,18:00,0.0, ,102580, ,265.01, ,51.60, ,59.3, 
2022/9/6,19:00,0.0, ,103220, ,241.26, ,51.60, ,59.7, 
2022/9/6,20:00,0.0, ,103770, ,212.35, ,54.40, ,60.1, 
2022/9/6,21:00,0.0, ,104240, ,195.06, ,37.40, ,60.4, 
2022/9/6,22:00,0.0, ,104890, ,185.78, ,0.00, ,60.8, 
2022/9/6,23:00,0.0, ,105490, ,168.77, ,0.00, ,61.2, 
2022/9/6,24:00,0.0, ,106010, ,160.27, ,0.00, ,62.1, 
2022/9/7,01:00,0.0, ,106570, ,151.70, ,0.00, ,62.4, 
2022/9/7,02:00,0.0, ,107050, ,140.65, ,0.00, ,62.8, 
2022/9/7,03:00,0.0, ,107530, ,133.34, ,0.00, ,63.1, 
2022/9/7,04:00,0.0, ,107960, ,125.78, ,0.00, ,63.4, 
2022/9/7,05:00,0.0, ,108400, ,122.20, ,0.00, ,63.7, 
2022/9/7,06:00,0.0, ,108790, ,118.00, ,0.00, ,64.0, 
2022/9/7,07:00,0.0, ,109190, ,110.32, ,0.00, ,64.2, 
2022/9/7,08:00,0.0, ,109580, ,107.07, ,0.00, ,64.5, 
2022/9/7,09:00,0.0, ,109930, ,101.76, ,0.00, ,64.7, 
2022/9/7,10:00,0.0, ,110290, ,100.71, ,0.00, ,65.0, 
2022/9/7,11:00,0.0, ,110600, ,97.41, ,0.00, ,65.2, 
2022/9/7,12:00,0.0, ,110910, ,85.28, ,0.00, ,65.4, 
2022/9/7,13:00,0.0, ,111220, ,83.76, ,0.00, ,65.6, 
2022/9/7,14:00,0.0, ,111480, ,78.34, ,0.00, ,65.8, 
2022/9/7,15:00,0.0, ,111750, ,79.26, ,0.00, ,66.0, 
2022/9/7,16:00,0.0, ,112010, ,69.91, ,11.00, ,66.1, 
2022/9/7,17:00,0.0, ,112150, ,62.72, ,27.00, ,66.2, 
2022/9/7,18:00,0.0, ,112240, ,62.61, ,31.30, ,66.3, 
2022/9/7,19:00,0.0, ,112370, ,66.99, ,30.90, ,66.4, 
2022/9/7,20:00,0.0, ,112500, ,63.12, ,17.40, ,66.5, 
2022/9/7,21:00,0.0, ,112730, ,62.61, ,0.00, ,66.6, 
2022/9/7,22:00,0.0, ,112950, ,58.19, ,0.00, ,66.8, 
2022/9/7,23:00,0.0, ,113130, ,58.87, ,0.00, ,66.9, 
2022/9/7,24:00,0.0, ,113350, ,54.79, ,0.00, ,67.1, 
2022/9/8,01:00,0.0, ,113530, ,54.23, ,0.00, ,67.2, 
2022/9/8,02:00,0.0, ,113710, ,51.79, ,0.00, ,67.4, 
2022/9/8,03:00,0.0, ,113890, ,52.47, ,0.00, ,67.5, 
2022/9/8,04:00,0.0, ,114070, ,50.44, ,0.00, ,67.6, 
2022/9/8,05:00,0.0, ,114250, ,48.61, ,0.00, ,67.7, 
2022/9/8,06:00,0.0, ,114430, ,49.07, ,0.00, ,67.8, 
2022/9/8,07:00,0.0, ,114610, ,46.82, ,0.00, ,68.0, 
2022/9/8,08:00,0.0, ,114740, ,45.41, ,0.00, ,68.1, 
2022/9/8,09:00,0.0, ,114920, ,47.32, ,0.00, ,68.2, 
2022/9/8,10:00,0.0,-,115100, ,44.02, ,0.00, ,68.3, 
2022/9/8,11:00,0.0,-,115240, ,45.72, ,0.00, ,68.4, 
2022/9/8,12:00,0.0,-,115420, ,43.67, ,0.00, ,68.5, 
2022/9/8,13:00,0.0,-,115550, ,42.24, ,0.00, ,68.6, 
2022/9/8,14:00,0.0,-,115690, ,40.39, ,0.00, ,68.7, 
2022/9/8,15:00,0.0,-,115830, ,41.25, ,0.00, ,68.8, 
2022/9/8,16:00,0.0,-,116010, ,41.28, ,0.00, ,68.9, 
2022/9/8,17:00,0.0, ,116140, ,39.22, ,0.00, ,69.0, 
2022/9/8,18:00,0.0, ,116280, ,39.87, ,0.00, ,69.1, 
2022/9/8,19:00,0.0, ,116410, ,37.38, ,0.00, ,69.2, 
2022/9/8,20:00,0.0, ,116550, ,35.13, ,0.00, ,69.3, 
2022/9/8,21:00,0.0, ,116690, ,38.70, ,0.00, ,69.4, 
2022/9/8,22:00,0.0, ,116780, ,34.93, ,0.00, ,69.4, 
2022/9/8,23:00,0.0, ,116920, ,30.49, ,0.00, ,69.5, 
2022/9/8,24:00,0.0, ,117010, ,30.49, ,0.00, ,69.4, 
2022/9/9,01:00,0.0, ,117100, ,28.17, ,0.00, ,69.4, 
2022/9/9,02:00,0.0, ,117190, ,26.27, ,0.00, ,69.5, 
2022/9/9,03:00,0.0, ,117280, ,29.45, ,0.00, ,69.6, 
2022/9/9,04:00,0.0, ,117420, ,30.52, ,0.00, ,69.7, 
2022/9/9,05:00,0.0, ,117510, ,28.40, ,0.00, ,69.7, 
2022/9/9,06:00,0.0, ,117650, ,30.74, ,0.00, ,69.8, 
2022/9/9,07:00,0.0, ,117740, ,28.20, ,0.00, ,69.9, 
2022/9/9,08:00,0.0, ,117830, ,28.84, ,0.00, ,69.9, 
2022/9/9,09:00,0.0, ,117920, ,26.09, ,0.00, ,70.0, 
2022/9/9,10:00,0.0, ,118020, ,29.70, ,0.00, ,70.1, 
2022/9/9,11:00,0.0, ,118150, ,25.46, ,0.00, ,70.2, 
2022/9/9,12:00,0.0, ,118250, ,29.93, ,0.00, ,70.2, 
2022/9/9,13:00,0.0, ,118340, ,27.17, ,0.00, ,70.3, 
2022/9/9,14:00,0.0, ,118430, ,27.18, ,0.00, ,70.3, 
2022/9/9,15:00,0.0, ,118520, ,27.61, ,0.00, ,70.4, 
2022/9/9,16:00,0.0, ,118610, ,27.41, ,13.90, ,70.5, 
2022/9/9,17:00,0.0, ,118610, ,23.40, ,33.20, ,70.5, 
2022/9/9,18:00,0.0, ,118610, ,35.76, ,22.50, ,70.5, 
2022/9/9,19:00,0.0, ,118610, ,21.21, ,0.00, ,70.5, 
2022/9/9,20:00,0.0, ,118750, ,19.55, ,0.00, ,70.6, 
2022/9/9,21:00,0.0, ,118800, ,24.01, ,0.00, ,70.6, 
2022/9/9,22:00,0.0, ,118890, ,22.32, ,14.00, ,70.7, 
2022/9/9,23:00,0.0, ,118890, ,24.59, ,33.40, ,70.7, 
2022/9/9,24:00,0.0, ,118840, ,32.51, ,43.70, ,70.6, 
2022/9/10,01:00,0.1, ,118750, ,23.55, ,30.10, ,70.6, 
2022/9/10,02:00,0.5, ,118750, ,12.51, ,0.00, ,70.6, 
2022/9/10,03:00,1.9, ,118840, ,17.21, ,0.00, ,70.6, 
2022/9/10,04:00,0.6, ,118930, ,25.08, ,0.00, ,70.7, 
2022/9/10,05:00,0.6, ,119030, ,19.56, ,0.00, ,70.8, 
2022/9/10,06:00,0.4, ,119070, ,20.84, ,0.00, ,70.8, 
2022/9/10,07:00,0.3, ,119160, ,24.88, ,0.00, ,70.8, 
2022/9/10,08:00,0.5, ,119260, ,24.46, ,0.00, ,70.9, 
2022/9/10,09:00,0.1, ,119350, ,19.35, ,0.00, ,71.0, 
2022/9/10,10:00,0.4, ,119390, ,20.85, ,0.00, ,71.0, 
2022/9/10,11:00,0.1, ,119480, ,21.70, ,0.00, ,71.1, 
2022/9/10,12:00,0.2, ,119580, ,20.01, ,0.00, ,71.1, 
2022/9/10,13:00,0.7, ,119620, ,22.13, ,0.00, ,71.2, 
2022/9/10,14:00,0.0, ,119710, ,20.22, ,0.00, ,71.2, 
2022/9/10,15:00,0.3, ,119810, ,21.50, ,0.00, ,71.3, 
2022/9/10,16:00,0.5, ,119850, ,23.00, ,14.30, ,71.3, 
2022/9/10,17:00,0.3, ,119850, ,19.56, ,27.10, ,71.3, 
2022/9/10,18:00,0.3, ,119850, ,27.09, ,27.20, ,71.3, 
2022/9/10,19:00,1.7, ,119850, ,27.77, ,28.40, ,71.3, 
2022/9/10,20:00,2.9, ,119850, ,27.83, ,26.90, ,71.3, 
2022/9/10,21:00,3.5, ,119850, ,27.15, ,13.40, ,71.3, 
2022/9/10,22:00,2.4, ,119940, ,25.06, ,0.00, ,71.4, 
2022/9/10,23:00,1.8, ,120080, ,36.21, ,0.00, ,71.5, 
2022/9/10,24:00,1.3, ,120170, ,33.02, ,0.00, ,71.5, 
2022/9/11,01:00,0.3, ,120310, ,30.90, ,0.00, ,71.6, 
2022/9/11,02:00,0.3, ,120400, ,30.27, ,0.00, ,71.7, 
2022/9/11,03:00,0.7, ,120540, ,28.99, ,0.00, ,71.8, 
2022/9/11,04:00,0.7, ,120640, ,30.06, ,0.00, ,71.9, 
2022/9/11,05:00,0.5, ,120730, ,30.50, ,0.00, ,71.9, 
2022/9/11,06:00,0.1, ,120820, ,25.38, ,0.00, ,72.0, 
2022/9/11,07:00,0.0, ,120910, ,27.31, ,0.00, ,72.0, 
2022/9/11,08:00,0.0, ,121000, ,24.32, ,0.00, ,72.1, 
2022/9/11,09:00,0.1, ,121100, ,25.58, ,0.00, ,72.2, 
2022/9/11,10:00,0.1, ,121190, ,27.83, ,0.00, ,72.2, 
2022/9/11,11:00,0.0, ,121280, ,25.70, ,0.00, ,72.3, 
2022/9/11,12:00,0.0, ,121370, ,22.31, ,0.00, ,72.3, 
2022/9/11,13:00,0.0, ,121460, ,21.68, ,0.00, ,72.4, 
2022/9/11,14:00,0.0, ,121550, ,23.60, ,0.00, ,72.5, 
2022/9/11,15:00,0.0, ,121650, ,24.25, ,0.00, ,72.5, 
2022/9/11,16:00,0.0, ,121690, ,24.05, ,0.00, ,72.6, 
2022/9/11,17:00,0.0, ,121780, ,22.78, ,0.00, ,72.6, 
2022/9/11,18:00,0.0, ,121880, ,23.64, ,14.00, ,72.7, 
2022/9/11,19:00,0.0, ,121880, ,25.86, ,37.90, ,72.7, 
2022/9/11,20:00,0.0, ,121780, ,26.72, ,32.20, ,72.6, 
2022/9/11,21:00,0.0, ,121830, ,15.11, ,0.00, ,72.7, 
2022/9/11,22:00,0.0, ,121880, ,16.61, ,0.00, ,72.7, 
2022/9/11,23:00,0.0, ,121970, ,22.16, ,0.00, ,72.8, 
2022/9/11,24:00,0.0, ,122060, ,17.90, ,0.00, ,72.8, 
2022/9/12,01:00,0.0, ,122110, ,22.60, ,0.00, ,72.8, 
2022/9/12,02:00,0.0, ,122200, ,20.05, ,0.00, ,72.9, 
2022/9/12,03:00,0.0, ,122250, ,20.26, ,0.00, ,72.9, 
2022/9/12,04:00,0.0, ,122340, ,21.12, ,0.00, ,73.0, 
2022/9/12,05:00,0.0, ,122430, ,19.00, ,0.00, ,73.0, 
2022/9/12,06:00,0.0, ,122520, ,26.69, ,0.00, ,73.1, 
2022/9/12,07:00,0.0, ,122570, ,22.00, ,0.00, ,73.1, 
2022/9/12,08:00,0.0, ,122660, ,20.73, ,0.00, ,73.2, 
2022/9/12,09:00,0.0, ,122710, ,18.81, ,0.00, ,73.2, 
2022/9/12,10:00,0.0, ,122800, ,21.59, ,0.00,#,73.3, 
2022/9/12,11:00,0.0, ,122890, ,19.03, ,0.00,#,73.4, 
2022/9/12,12:00,0.0, ,122940, ,20.97, ,0.00,#,73.4, 
2022/9/12,13:00,0.0, ,123030, ,19.05, ,0.00,#,73.5, 
2022/9/12,14:00,0.0, ,123080, ,20.55, ,0.00,#,73.5, 
2022/9/12,15:00,0.0, ,123170, ,21.63, ,0.00,#,73.6, 
2022/9/12,16:00,0.0, ,123210, ,19.71, ,0.00,#,73.6, 
2022/9/12,17:00,0.0, ,123210, ,17.90, ,27.00, ,73.6, 
2022/9/12,18:00,0.0, ,123170, ,28.75, ,31.60, ,73.6, 
2022/9/12,19:00,0.0, ,123170, ,19.19, ,31.40, ,73.6, 
2022/9/12,20:00,0.0, ,123080, ,15.30, ,15.80, ,73.5, 
2022/9/12,21:00,0.0, ,123120, ,7.79, ,0.00, ,73.5, 
2022/9/12,22:00,0.0, ,123170, ,16.71, ,0.00, ,73.6, 
2022/9/12,23:00,0.0, ,123210, ,15.42, ,0.00, ,73.6, 
2022/9/12,24:00,0.0, ,123310, ,17.57, ,0.00, ,73.7, 
2022/9/13,01:00,0.0, ,123350, ,18.00, ,0.00, ,73.7, 
2022/9/13,02:00,0.0, ,123450, ,19.51, ,0.00, ,73.8, 
2022/9/13,03:00,0.0, ,123490, ,19.51, ,0.00, ,73.8, 
2022/9/13,04:00,0.0, ,123590, ,20.16, ,0.00, ,73.9, 
2022/9/13,05:00,0.0, ,123630, ,18.67, ,0.00, ,73.9, 
2022/9/13,06:00,0.0, ,123720, ,20.60, ,0.00, ,74.0, 
2022/9/13,07:00,0.0, ,123770, ,16.96, ,0.00, ,74.0, 
2022/9/13,08:00,0.0, ,123820, ,18.26, ,0.00, ,74.0, 
2022/9/13,09:00,0.0, ,123910, ,15.04, ,0.00, ,74.1, 
2022/9/13,10:00,0.0, ,123960, ,18.91, ,0.00, ,74.1, 
2022/9/13,11:00,0.0, ,124050, ,20.20, ,0.00, ,74.2, 
2022/9/13,12:00,0.0, ,124100, ,18.49, ,0.00, ,74.2, 
2022/9/13,13:00,0.0, ,124190, ,19.35, ,0.00, ,74.3, 
2022/9/13,14:00,0.0, ,124240, ,18.50, ,0.00, ,74.3, 
2022/9/13,15:00,0.8, ,124280, ,16.57, ,0.00, ,74.4, 
2022/9/13,16:00,1.1, ,124370, ,18.51, ,13.80, ,74.4, 
2022/9/13,17:00,0.2, ,124370, ,24.38, ,42.30, ,74.4, 
2022/9/13,18:00,0.0, ,124240, ,24.16, ,55.20, ,74.3, 
2022/9/13,19:00,1.2, ,124100, ,18.38, ,60.20, ,74.2, 
2022/9/13,20:00,0.0, ,123960, ,21.19, ,51.50, ,74.1, 
2022/9/13,21:00,0.0, ,123910, ,19.88, ,15.60, ,74.1, 
2022/9/13,22:00,0.0, ,123910, ,13.39, ,0.00, ,74.1, 
2022/9/13,23:00,0.0, ,123960, ,2.79, ,0.00, ,74.1, 
2022/9/13,24:00,0.0, ,124000, ,18.48, ,0.00, ,74.5, 
2022/9/14,01:00,0.0, ,124100, ,19.13, ,0.00, ,74.5, 
2022/9/14,02:00,0.0, ,124140, ,18.06, ,0.00, ,74.6, 
2022/9/14,03:00,0.0, ,124240, ,16.78, ,0.00, ,74.6, 
2022/9/14,04:00,0.0, ,124240, ,15.06, ,0.00, ,74.6, 
2022/9/14,05:00,0.0, ,124280, ,12.48, ,0.00, ,74.6, 
2022/9/14,06:00,0.0, ,124330, ,10.11, ,0.00, ,74.7, 
2022/9/14,07:00,0.0, ,124370, ,8.18, ,0.00, ,74.7, 
2022/9/14,08:00,0.0, ,124370, ,7.97, ,0.00, ,74.7, 
2022/9/14,09:00,0.0, ,124420, ,12.27, ,0.00, ,74.7, 
2022/9/14,10:00,0.0, ,124470, ,7.75, ,0.00, ,74.8, 
2022/9/14,11:00,0.0, ,124510, ,14.86, ,0.00, ,74.8, 
2022/9/14,12:00,0.0, ,124610, ,17.45, ,0.00, ,74.9, 
2022/9/14,13:00,0.0, ,124650, ,17.24, ,0.00, ,74.9, 
2022/9/14,14:00,0.0, ,124700, ,16.16, ,0.00, ,74.9, 
2022/9/14,15:00,0.0, ,124790, ,14.88, ,0.00, ,75.0, 
2022/9/14,16:00,0.0, ,124840, ,19.20, ,13.60, ,75.0, 
2022/9/14,17:00,0.0, ,124840, ,23.25, ,42.10, ,75.0, 
2022/9/14,18:00,0.0, ,124700, ,19.66, ,54.80, ,74.9, 
2022/9/14,19:00,0.0, ,124560, ,19.23, ,58.40, ,74.8, 
2022/9/14,20:00,0.0, ,124420, ,19.20, ,29.10, ,74.7, 
2022/9/14,21:00,0.0, ,124470, ,4.93, ,0.00, ,74.8, 
2022/9/14,22:00,0.0, ,124510, ,11.84, ,0.00, ,74.8, 
2022/9/14,23:00,0.0, ,124560, ,15.29, ,0.00, ,74.8, 
2022/9/14,24:00,0.0, ,124610, ,16.59, ,0.00, ,75.0, 
2022/9/15,01:00,0.0, ,124650, ,15.95, ,0.00, ,75.0, 
2022/9/15,02:00,0.0, ,124700, ,13.36, ,0.00, ,75.0, 
2022/9/15,03:00,0.0, ,124750, ,14.88, ,0.00, ,75.1, 
2022/9/15,04:00,0.0, ,124790, ,11.86, ,0.00, ,75.1, 
2022/9/15,05:00,0.0, ,124840, ,9.49, ,0.00, ,75.1, 
2022/9/15,06:00,0.0, ,124840, ,4.53, ,0.00, ,75.1, 
2022/9/15,07:00,0.0, ,124890, ,9.06, ,0.00, ,75.2, 
2022/9/15,08:00,0.2, ,124930, ,9.71, ,0.00, ,75.2, 
2022/9/15,09:00,0.0, ,124930, ,7.12, ,0.00, ,75.2, 
2022/9/15,10:00,0.0, ,124980, ,8.42, ,13.80, ,75.2, 
2022/9/15,11:00,0.0, ,124980, ,19.23, ,14.50, ,75.2, 
2022/9/15,12:00,0.5, ,124980, ,13.80, ,0.00, ,75.2, 
2022/9/15,13:00,0.1, ,125070, ,9.50, ,0.00, ,75.3, 
2022/9/15,14:00,0.9, ,125120, ,19.21, ,0.00, ,75.3, 
2022/9/15,15:00,2.0, ,125170, ,11.88, ,0.00, ,75.4, 
2022/9/15,16:00,0.3, ,125210, ,17.07, ,13.50, ,75.4, 
2022/9/15,17:00,0.7, ,125210, ,20.93, ,42.20, ,75.4, 
2022/9/15,18:00,0.1, ,125070, ,22.54, ,45.80, ,75.3, 
2022/9/15,19:00,0.0, ,125030, ,15.88, ,13.10, ,75.3, 
2022/9/15,20:00,0.1, ,125030, ,10.33, ,0.00, ,75.3, 
2022/9/15,21:00,0.0, ,125070, ,8.63, ,0.00, ,75.3, 
2022/9/15,22:00,0.0, ,125120, ,12.09, ,0.00, ,75.3, 
2022/9/15,23:00,0.0, ,125210, ,17.71, ,0.00, ,75.4, 
2022/9/15,24:00,0.0, ,125260, ,17.50, ,0.00, ,75.4, 
2022/9/16,01:00,0.0, ,125310, ,14.48, ,0.00, ,75.5, 
2022/9/16,02:00,0.0, ,125350, ,15.78, ,0.00, ,75.5, 
2022/9/16,03:00,0.2, ,125400, ,10.38, ,0.00, ,75.5, 
2022/9/16,04:00,0.0, ,125450, ,8.86, ,0.00, ,75.6, 
2022/9/16,05:00,0.0, ,125450, ,11.24, ,0.00, ,75.6, 
2022/9/16,06:00,0.0, ,125490, ,9.52, ,0.00, ,75.6, 
2022/9/16,07:00,0.0, ,125490, ,3.46, ,0.00, ,75.6, 
2022/9/16,08:00,0.0, ,125540, ,8.65, ,0.00, ,75.6, 
2022/9/16,09:00,0.0, ,125540, ,4.33, ,0.00, ,75.6, 
2022/9/16,10:00,0.0, ,125590, ,9.95, ,0.00, ,75.6, 
2022/9/16,11:00,0.0, ,125630, ,11.90, ,0.00, ,75.7, 
2022/9/16,12:00,0.0, ,125730, ,16.23, ,0.00, ,75.7, 
2022/9/16,13:00,0.0, ,125770, ,16.42, ,13.60, ,75.8, 
2022/9/16,14:00,0.0, ,125770, ,24.20, ,26.90, ,75.8, 
2022/9/16,15:00,0.0, ,125680, ,14.95, ,11.80, ,75.7, 
2022/9/16,16:00,0.0, ,125680, ,3.20, ,13.50, ,75.7, 
2022/9/16,17:00,0.0, ,125680, ,13.80, ,41.90, ,75.7, 
2022/9/16,18:00,0.0, ,125540, ,21.17, ,53.00, ,75.6, 
2022/9/16,19:00,0.0, ,125450, ,17.70, ,33.60, ,75.6, 
2022/9/16,20:00,0.0, ,125450, ,14.73, ,0.00, ,75.6, 
2022/9/16,21:00,0.0, ,125490, ,0.65, ,0.00, ,75.6, 
2022/9/16,22:00,0.0, ,125540, ,16.01, ,0.00, ,75.6, 
2022/9/16,23:00,0.0, ,125590, ,11.03, ,0.00, ,75.6, 
2022/9/16,24:00,0.0, ,125630, ,16.23, ,0.00, ,75.7, 
2022/9/17,01:00,0.0, ,125680, ,14.50, ,0.00, ,75.8, 
2022/9/17,02:00,0.0, ,125730, ,12.33, ,0.00, ,75.8, 
2022/9/17,03:00,0.0, ,125770, ,16.20, ,0.00, ,75.8, 
2022/9/17,04:00,0.0, ,125820, ,15.78, ,0.00, ,75.9, 
2022/9/17,05:00,0.0, ,125910, ,14.05, ,0.00, ,75.9, 
2022/9/17,06:00,0.5, ,125960, ,17.30, ,0.00, ,75.9, 
2022/9/17,07:00,0.1, ,126010, ,16.22, ,0.00, ,76.0, 
2022/9/17,08:00,0.1, ,126050, ,12.33, ,0.00, ,76.0, 
2022/9/17,09:00,0.3, ,126100, ,15.79, ,0.00, ,76.0, 
2022/9/17,10:00,0.0, ,126150, ,14.50, ,0.00, ,76.1, 
2022/9/17,11:00,0.0, ,126240, ,17.32, ,0.00, ,76.1, 
2022/9/17,12:00,0.0, ,126290, ,16.46, ,0.00, ,76.2, 
2022/9/17,13:00,0.0, ,126330, ,15.60, ,0.00, ,76.2, 
2022/9/17,14:00,0.0, ,126380, ,13.43, ,0.00, ,76.2, 
2022/9/17,15:00,0.0, ,126470, ,15.39, ,0.00, ,76.3, 
2022/9/17,16:00,0.0, ,126520, ,15.62, ,14.00, ,76.3, 
2022/9/17,17:00,0.0, ,126470, ,25.01, ,33.30, ,76.3, 
2022/9/17,18:00,0.0, ,126380, ,16.42, ,46.10, ,76.2, 
2022/9/17,19:00,0.5, ,126290, ,15.03, ,45.90, ,76.2, 
2022/9/17,20:00,0.8, ,126150, ,17.12, ,28.30, ,76.1, 
2022/9/17,21:00,0.1, ,126190, ,4.50, ,0.00, ,76.1, 
2022/9/17,22:00,0.3, ,126240, ,11.47, ,0.00, ,76.1, 
2022/9/17,23:00,0.0, ,126290, ,16.24, ,0.00, ,76.2, 
2022/9/17,24:00,0.0, ,126330, ,15.82, ,0.00, ,76.5, 
2022/9/18,01:00,0.1, ,126380, ,12.78, ,0.00, ,76.5, 
2022/9/18,02:00,0.0, ,126470, ,17.56, ,0.00, ,76.6, 
2022/9/18,03:00,0.1, ,126520, ,19.08, ,0.00, ,76.6, 
2022/9/18,04:00,0.2, ,126570, ,13.01, ,0.00, ,76.6, 
2022/9/18,05:00,0.4, ,126620, ,15.83, ,0.00, ,76.7, 
2022/9/18,06:00,0.7, ,126710, ,17.14, ,0.00, ,76.7, 
2022/9/18,07:00,0.3, ,126760, ,18.88, ,0.00, ,76.8, 
2022/9/18,08:00,0.8, ,126800, ,16.50, ,0.00, ,76.8, 
2022/9/18,09:00,2.8, ,126900, ,16.51, ,0.00, ,76.9, 
2022/9/18,10:00,0.6, ,126940, ,18.04, ,13.80, ,76.9, 
2022/9/18,11:00,0.4, ,126900, ,17.86, ,26.40, ,76.9, 
2022/9/18,12:00,1.5, ,126850, ,15.46, ,27.10, ,76.8, 
2022/9/18,13:00,0.6, ,126760, ,5.93, ,26.90, ,76.8, 
2022/9/18,14:00,5.6, ,126710, ,9.66, ,26.20, ,76.7, 
2022/9/18,15:00,13.6, ,126710, ,33.52, ,27.10, ,76.7, 
2022/9/18,16:00,13.8, ,126760, ,32.86, ,26.60, ,76.8, 
2022/9/18,17:00,15.8, ,126760, ,28.48, ,26.70, ,76.8, 
2022/9/18,18:00,16.0, ,126850, ,68.76, ,34.10, ,76.8, 
2022/9/18,19:00,8.2, ,127270, ,193.65, ,61.50, ,77.1, 
2022/9/18,20:00,7.5, ,128070, ,294.47, ,80.58, ,77.7, 
2022/9/18,21:00,8.8, ,129110, ,373.01, ,90.10, ,78.4, 
2022/9/18,22:00,15.9, ,130400, ,452.57, ,100.96, ,79.2, 
2022/9/18,23:00,26.2, ,132610, ,696.78, ,101.22, ,80.7, 
2022/9/18,24:00,27.0, ,136990, ,1318.08, ,101.74, ,85.1, 
2022/9/19,01:00,19.3, ,143010, ,1985.63, ,160.56, ,89.2, 
2022/9/19,02:00,12.7, ,148300, ,1652.60, ,226.10, ,92.8, 
2022/9/19,03:00,16.1, ,152910, ,1371.76, ,226.76, ,96.0, 
2022/9/19,04:00,24.7, ,158180, ,1851.10, ,79.22, ,99.6, 
2022/9/19,05:00,17.2, ,165130, ,1959.53, ,68.51, ,100.0, 
2022/9/19,06:00,25.0, ,171200, ,1705.39, ,67.70, ,100.0, 
2022/9/19,07:00,19.3, ,178010, ,2015.40, ,130.74, ,100.0, 
2022/9/19,08:00,31.9, ,184450, ,2120.09, ,333.34, ,100.0, 
2022/9/19,09:00,18.6, ,192080, ,2516.03, ,686.36, ,100.0, 
2022/9/19,10:00,9.8, ,197400, ,2230.10, ,1007.04, ,100.0, 
2022/9/19,11:00,7.6, ,200130, ,1808.06, ,1211.93, ,100.0, 
2022/9/19,12:00,10.9, ,201410, ,1602.18, ,1256.28, ,100.0, 
2022/9/19,13:00,11.9, ,202390, ,1541.04, ,1315.98, ,100.0, 
2022/9/19,14:00,6.8, ,202820, ,1451.21, ,1357.82, ,100.0, 
2022/9/19,15:00,4.4, ,202750, ,1325.18, ,1299.88, ,100.0, 
2022/9/19,16:00,6.4, ,202820, ,1168.76, ,1048.74, ,100.0, 
2022/9/19,17:00,5.6, ,202880, ,1008.27, ,901.48, ,100.0, 
2022/9/19,18:00,4.3, ,203060, ,974.21, ,904.70, ,100.0, 
2022/9/19,19:00,3.1, ,203120, ,912.54, ,840.30, ,100.0, 
2022/9/19,20:00,2.4, ,203120, ,857.10, ,810.82, ,100.0, 
2022/9/19,21:00,4.2, ,202940, ,789.66, ,778.76, ,100.0, 
2022/9/19,22:00,2.5, ,202570, ,702.46, ,747.55, ,100.0, 
2022/9/19,23:00,4.5, ,202260, ,644.37, ,709.64, ,100.0, 
2022/9/19,24:00,6.5, ,201840, ,621.53, ,691.08, ,100.0, 
2022/9/20,01:00,0.9, ,201590, ,598.88, ,676.38, ,100.0, 
2022/9/20,02:00,0.6, ,201220, ,591.58, ,671.90, ,100.0, 
2022/9/20,03:00,0.0, ,200740, ,563.60, ,653.21, ,100.0, 
2022/9/20,04:00,1.0, ,200310, ,517.68, ,594.90, ,100.0, 
2022/9/20,05:00,2.3, ,199820, ,474.01, ,556.46, ,100.0, 
2022/9/20,06:00,0.4, ,199460, ,421.97, ,486.17, ,100.0, 
2022/9/20,07:00,0.4, ,199100, ,398.78, ,483.00, ,100.0, 
2022/9/20,08:00,0.0, ,198730, ,383.17, ,448.74, ,100.0, 
2022/9/20,09:00,0.4, ,198310, ,354.83, ,445.42, ,100.0, 
2022/9/20,10:00,0.3, ,198010, ,329.67, ,411.74, ,100.0, 
2022/9/20,11:00,0.2, ,197640, ,311.78, ,378.01, ,100.0, 
2022/9/20,12:00,0.0, ,197340, ,300.76, ,376.16, ,100.0, 
2022/9/20,13:00,0.0, ,196980, ,278.82, ,373.60, ,100.0, 
2022/9/20,14:00,0.0, ,196620, ,266.03, ,341.12, ,100.0, 
2022/9/20,15:00,0.0, ,196320, ,249.38, ,339.16, ,100.0, 
2022/9/20,16:00,0.0, ,196020, ,249.13, ,307.08, ,100.0, 
2022/9/20,17:00,0.0, ,195720, ,226.40, ,304.55, ,100.0, 
2022/9/20,18:00,0.0, ,195360, ,216.48, ,302.57, ,100.0, 
2022/9/20,19:00,0.0, ,195000, ,206.45, ,300.33, ,100.0, 
2022/9/20,20:00,0.0, ,194760, ,200.90, ,268.04, ,100.0, 
2022/9/20,21:00,0.0, ,194400, ,189.06, ,266.34, ,100.0, 
2022/9/20,22:00,0.0, ,194100, ,180.87, ,264.68, ,100.0, 
2022/9/20,23:00,0.0, ,193800, ,176.10, ,263.18, ,100.0, 
2022/9/20,24:00,0.0, ,193450, ,169.55, ,261.56, ,100.0, 
2022/9/21,01:00,0.0, ,193210, ,164.00, ,223.64, ,100.0, 
2022/9/21,02:00,0.0, ,192910, ,156.33, ,221.90, ,100.0, 
2022/9/21,03:00,0.0, ,192670, ,152.81, ,220.90, ,100.0, 
2022/9/21,04:00,0.0, ,192440, ,148.36, ,219.90, ,100.0, 
2022/9/21,05:00,0.0, ,192140, ,140.65, ,218.42, ,100.0, 
2022/9/21,06:00,0.0, ,191840, ,142.24, ,216.86, ,100.0, 
2022/9/21,07:00,0.0, ,191550, ,137.01, ,215.63, ,100.0, 
2022/9/21,08:00,0.0, ,191250, ,134.21, ,214.57, ,100.0, 
2022/9/21,09:00,0.0, ,191010, ,128.70, ,183.09, ,100.0, 
2022/9/21,10:00,0.0, ,190840, ,126.35, ,152.74, ,100.0, 
2022/9/21,11:00,0.0, ,190720, ,116.00, ,152.34, ,100.0, 
2022/9/21,12:00,0.0, ,190720, ,124.58, ,125.43, ,100.0, 
2022/9/21,13:00,0.0, ,190660, ,109.48, ,125.32, ,100.0, 
2022/9/21,14:00,0.0, ,190600, ,112.95, ,125.30, ,100.0, 
2022/9/21,15:00,0.0, ,190540, ,106.87, ,114.79, ,100.0, 
2022/9/21,16:00,0.0, ,190480, ,102.48, ,114.78, ,100.0, 
2022/9/21,17:00,0.0, ,190420, ,93.34, ,114.51, ,100.0, 
2022/9/21,18:00,0.0, ,190360, ,95.97, ,114.40, ,100.0, 
2022/9/21,19:00,0.0, ,190310, ,82.20, ,91.43, ,100.0, 
2022/9/21,20:00,0.0, ,190310, ,91.39, ,90.73, ,100.0, 
2022/9/21,21:00,0.0, ,190250, ,78.95, ,73.81, ,100.0, 
2022/9/21,22:00,0.0, ,190250, ,69.54, ,67.16, ,100.0, 
2022/9/21,23:00,0.0, ,190250, ,68.65, ,67.06, ,100.0, 
2022/9/21,24:00,0.0, ,190310, ,80.53, ,67.06, ,100.0, 
2022/9/22,01:00,0.0, ,190310, ,70.13, ,66.86, ,100.0, 
2022/9/22,02:00,0.0, ,190310, ,67.11, ,67.26, ,100.0, 
2022/9/22,03:00,0.0, ,190310, ,67.18, ,67.16, ,100.0, 
2022/9/22,04:00,0.0, ,190310, ,67.20, ,67.16, ,100.0, 
2022/9/22,05:00,0.0, ,190310, ,67.20, ,67.16, ,100.0, 
2022/9/22,06:00,0.0, ,190310, ,67.18, ,67.16, ,100.0, 
2022/9/22,07:00,0.0, ,190310, ,67.07, ,67.26, ,100.0, 
2022/9/22,08:00,0.0, ,190310, ,67.11, ,66.96, ,100.0, 
2022/9/22,09:00,0.0, ,190310, ,67.11, ,67.16, ,100.0, 
2022/9/22,10:00,0.0, ,190310, ,67.09, ,67.06, ,100.0, 
2022/9/22,11:00,0.0, ,190250, ,65.69, ,67.06, ,100.0, 
2022/9/22,12:00,0.0, ,190250, ,51.42, ,64.02, ,100.0, 
2022/9/22,13:00,0.1, ,190190, ,58.41, ,59.21, ,100.0, 
2022/9/22,14:00,0.7, ,190190, ,48.73, ,57.50, ,100.0, 
2022/9/22,15:00,1.4, ,190190, ,57.54, ,57.60, ,100.0, 
2022/9/22,16:00,1.5, ,190190, ,57.55, ,57.80, ,100.0, 
2022/9/22,17:00,7.3, ,190190, ,57.61, ,57.70, ,100.0, 
2022/9/22,18:00,2.5, ,190190, ,57.63, ,57.70, ,100.0, 
2022/9/22,19:00,1.0, ,190190, ,57.63, ,57.60, ,100.0, 
2022/9/22,20:00,0.0, ,190190, ,57.60, ,57.60, ,100.0, 
2022/9/22,21:00,0.7, ,190310, ,76.42, ,57.60, ,100.0, 
2022/9/22,22:00,0.8, ,190360, ,76.71, ,57.60, ,100.0, 
2022/9/22,23:00,4.4, ,190420, ,81.09, ,57.40, ,100.0, 
2022/9/22,24:00,5.8, ,190540, ,81.37, ,57.50, ,100.0, 
2022/9/23,01:00,3.8, ,190600, ,78.39, ,57.50, ,100.0, 
2022/9/23,02:00,0.3, ,190720, ,85.76, ,57.60, ,100.0, 
2022/9/23,03:00,5.5, ,190950, ,110.20, ,56.60, ,100.0, 
2022/9/23,04:00,8.4, ,191250, ,145.46, ,126.66, ,100.0, 
2022/9/23,05:00,2.4, ,191430, ,170.77, ,150.15, ,100.0, 
2022/9/23,06:00,5.3, ,191550, ,243.61, ,237.38, ,100.0, 
2022/9/23,07:00,1.7, ,191370, ,215.01, ,236.42, ,100.0, 
2022/9/23,08:00,0.9, ,191190, ,182.13, ,235.94, ,100.0, 
2022/9/23,09:00,0.5, ,190900, ,172.25, ,234.44, ,100.0, 
2022/9/23,10:00,0.1, ,190660, ,157.67, ,233.36, ,100.0, 
2022/9/23,11:00,0.0, ,190480, ,155.54, ,168.64, ,100.0, 
2022/9/23,12:00,0.0, ,190480, ,143.72, ,145.70, ,100.0, 
2022/9/23,13:00,0.0, ,190420, ,133.25, ,138.50, ,100.0, 
2022/9/23,14:00,0.0, ,190360, ,120.50, ,119.14, ,100.0, 
2022/9/23,15:00,0.0, ,190360, ,106.64, ,99.97, ,100.0, 
2022/9/23,16:00,0.0, ,190360, ,100.26, ,98.97, ,100.0, 
2022/9/23,17:00,0.0, ,190360, ,98.97, ,98.97, ,100.0, 
2022/9/23,18:00,0.0, ,190360, ,96.03, ,92.81, ,100.0, 
2022/9/23,19:00,0.0, ,190360, ,92.67, ,92.61, ,100.0, 
2022/9/23,20:00,0.0, ,190360, ,92.58, ,92.51, ,100.0, 
2022/9/23,21:00,0.0, ,190360, ,90.81, ,88.37, ,100.0, 
2022/9/23,22:00,0.0, ,190360, ,87.29, ,86.34, ,100.0, 
2022/9/23,23:00,0.0, ,190310, ,77.74, ,81.12, ,100.0, 
2022/9/23,24:00,0.0, ,190310, ,71.65, ,70.23, ,100.0, 
2022/9/24,01:00,0.0, ,190310, ,70.90, ,70.53, ,100.0, 
2022/9/24,02:00,0.0, ,190310, ,70.37, ,70.43, ,100.0, 
2022/9/24,03:00,0.0, ,190310, ,70.43, ,70.43, ,100.0, 
2022/9/24,04:00,0.0, ,190310, ,70.41, ,70.43, ,100.0, 
2022/9/24,05:00,0.0, ,190310, ,70.38, ,70.33, ,100.0, 
2022/9/24,06:00,0.0, ,190310, ,70.38, ,70.33, ,100.0, 
2022/9/24,07:00,0.0, ,190310, ,70.36, ,70.43, ,100.0, 
2022/9/24,08:00,0.0, ,190310, ,70.35, ,70.43, ,100.0, 
2022/9/24,09:00,0.0, ,190310, ,70.41, ,70.53, ,100.0, 
2022/9/24,10:00,0.2, ,190310, ,70.40, ,70.23, ,100.0, 
2022/9/24,11:00,0.0, ,190250, ,59.44, ,62.36, ,100.0, 
2022/9/24,12:00,0.0, ,190250, ,55.46, ,62.56, ,100.0, 
2022/9/24,13:00,0.0, ,190250, ,62.60, ,62.56, ,100.0, 
2022/9/24,14:00,0.0, ,190250, ,62.60, ,62.66, ,100.0, 
2022/9/24,15:00,0.0, ,190190, ,46.26, ,58.91, ,100.0, 
2022/9/24,16:00,0.0, ,190190, ,57.96, ,57.30, ,100.0, 
2022/9/24,17:00,0.0, ,190190, ,57.31, ,57.30, ,100.0, 
2022/9/24,18:00,0.0, ,190190, ,57.30, ,57.30, ,100.0, 
2022/9/24,19:00,0.0, ,190190, ,57.31, ,57.30, ,100.0, 
2022/9/24,20:00,0.0, ,190190, ,57.31, ,57.40, ,100.0, 
2022/9/24,21:00,0.0, ,190190, ,57.34, ,57.30, ,100.0, 
2022/9/24,22:00,0.0, ,190130, ,50.99, ,57.20, ,100.0, 
2022/9/24,23:00,0.0, ,190130, ,47.09, ,57.00, ,100.0, 
2022/9/24,24:00,0.0, ,190070, ,53.13, ,57.20, ,100.0, 
2022/9/25,01:00,0.0, ,190070, ,44.92, ,57.40, ,100.0, 
2022/9/25,02:00,0.0, ,190070, ,57.24, ,57.40, ,100.0, 
2022/9/25,03:00,0.0, ,190010, ,42.04, ,57.40, ,100.0, 
2022/9/25,04:00,0.0, ,189950, ,46.38, ,57.40, ,100.0, 
2022/9/25,05:00,0.0, ,189890, ,46.11, ,57.40, ,100.0, 
2022/9/25,06:00,0.0, ,189890, ,45.56, ,57.20, ,100.0, 
2022/9/25,07:00,0.0, ,189830, ,43.07, ,57.10, ,100.0, 
2022/9/25,08:00,0.0, ,189770, ,44.10, ,57.10, ,100.0, 
2022/9/25,09:00,0.0, ,189720, ,44.39, ,57.20, ,100.0, 
2022/9/25,10:00,0.0, ,189660, ,37.85, ,57.10, ,100.0, 
2022/9/25,11:00,0.0, ,189600, ,43.30, ,57.20, ,100.0, 
2022/9/25,12:00,0.0, ,189480, ,32.93, ,57.30, ,100.0, 
2022/9/25,13:00,0.0, ,189420, ,32.12, ,57.10, ,100.0, 
2022/9/25,14:00,0.0, ,189360, ,39.26, ,57.30, ,100.0, 
2022/9/25,15:00,0.0, ,189250, ,36.62, ,57.40, ,100.0, 
2022/9/25,16:00,0.0, ,189190, ,32.29, ,57.40, ,100.0, 
2022/9/25,17:00,0.0, ,189070, ,35.80, ,57.20, ,100.0, 
2022/9/25,18:00,0.0, ,189010, ,30.60, ,57.30, ,100.0, 
2022/9/25,19:00,0.0, ,188950, ,40.65, ,57.00, ,100.0, 
2022/9/25,20:00,0.0, ,188890, ,35.66, ,57.10, ,100.0, 
2022/9/25,21:00,0.0, ,188770, ,34.33, ,57.30, ,100.0, 
2022/9/25,22:00,0.0, ,188720, ,35.98, ,57.00, ,100.0, 
2022/9/25,23:00,0.0, ,188660, ,35.65, ,57.20, ,100.0, 
2022/9/25,24:00,0.0, ,188600, ,37.59, ,36.70, ,100.0, 
2022/9/26,01:00,0.0, ,188540, ,25.42, ,27.60, ,100.0, 
2022/9/26,02:00,0.0, ,188540, ,25.82, ,27.30, ,100.0, 
2022/9/26,03:00,0.0, ,188540, ,27.50, ,27.40, ,100.0, 
2022/9/26,04:00,0.0, ,188540, ,27.46, ,27.80, ,100.0, 
2022/9/26,05:00,0.0, ,188540, ,27.49, ,27.60, ,100.0, 
2022/9/26,06:00,0.0, ,188540, ,27.54, ,27.60, ,100.0, 
2022/9/26,07:00,0.0, ,188540, ,27.54, ,47.50, ,100.0, 
2022/9/26,08:00,0.0, ,188540, ,41.48, ,54.40, ,100.0, 
2022/9/26,09:00,0.0, ,188420, ,39.12, ,57.40, ,100.0, 
2022/9/26,10:00,0.0, ,188360, ,32.54, ,57.30, ,100.0, 
2022/9/26,11:00,0.0, ,188250, ,31.47, ,37.00, ,100.0, 
2022/9/26,12:00,0.0, ,188250, ,27.43, ,27.80, ,100.0, 
2022/9/26,13:00,0.0, ,188250, ,27.61, ,27.90, ,100.0, 
2022/9/26,14:00,0.0, ,188250, ,27.54, ,27.50, ,100.0, 
2022/9/26,15:00,0.0, ,188250, ,27.42, ,27.40, ,100.0, 
2022/9/26,16:00,0.0, ,188250, ,27.49, ,47.60, ,100.0, 
2022/9/26,17:00,0.0, ,188190, ,28.69, ,54.60, ,100.0, 
2022/9/26,18:00,0.0, ,188070, ,33.08, ,56.80, ,100.0, 
2022/9/26,19:00,0.0, ,188010, ,32.59, ,56.70, ,100.0, 
2022/9/26,20:00,0.6, ,187890, ,31.48, ,57.00, ,100.0, 
2022/9/26,21:00,0.5, ,187830, ,34.42, ,37.10, ,100.0, 
2022/9/26,22:00,0.0, ,187780, ,22.76, ,27.50, ,100.0, 
2022/9/26,23:00,0.0, ,187780, ,23.50, ,27.40, ,100.0, 
2022/9/26,24:00,0.0, ,187780, ,27.50, ,27.80, ,100.0, 
2022/9/27,01:00,0.0, ,187780, ,26.84, ,11.80, ,100.0, 
2022/9/27,02:00,0.0, ,187830, ,15.37, ,0.00, ,100.0, 
2022/9/27,03:00,0.0, ,187950, ,21.73, ,0.00, ,100.0, 
2022/9/27,04:00,0.0, ,188010, ,31.24, ,0.00, ,100.0, 
2022/9/27,05:00,0.0, ,188130, ,26.09, ,0.00, ,100.0, 
2022/9/27,06:00,0.0, ,188250, ,25.55, ,0.00, ,100.0, 
2022/9/27,07:00,0.0, ,188300, ,29.09, ,14.00, ,100.0, 
2022/9/27,08:00,0.0, ,188360, ,33.05, ,25.80, ,100.0, 
2022/9/27,09:00,0.0, ,188360, ,33.14, ,25.90, ,100.0, 
2022/9/27,10:00,0.0, ,188360, ,26.05, ,25.90, ,100.0, 
2022/9/27,11:00,0.7, ,188360, ,26.11, ,26.00, ,100.0, 
2022/9/27,12:00,7.3, ,188360, ,20.37, ,26.10, ,100.0, 
2022/9/27,13:00,2.9, ,188360, ,31.84, ,26.10, ,100.0, 
2022/9/27,14:00,0.5, ,188360, ,26.13, ,27.20, ,100.0, 
2022/9/27,15:00,0.0, ,188360, ,30.26, ,48.30, ,100.0, 
2022/9/27,16:00,0.0, ,188300, ,37.16, ,57.30, ,100.0, 
2022/9/27,17:00,0.0, ,188250, ,42.12, ,57.00, ,100.0, 
2022/9/27,18:00,0.0, ,188130, ,32.28, ,57.20, ,100.0, 
2022/9/27,19:00,0.0, ,188070, ,32.04, ,56.90, ,100.0, 
2022/9/27,20:00,0.0, ,187950, ,32.25, ,57.00, ,100.0, 
2022/9/27,21:00,0.0, ,187890, ,32.00, ,57.10, ,100.0, 
2022/9/27,22:00,0.0, ,187780, ,28.24, ,56.90, ,100.0, 
2022/9/27,23:00,0.0, ,187660, ,28.78, ,57.00, ,100.0, 
2022/9/27,24:00,0.0, ,187540, ,22.79, ,57.00, ,100.0, 
2022/9/28,01:00,0.0, ,187420, ,27.94, ,34.00, ,100.0, 
2022/9/28,02:00,0.0, ,187480, ,13.09, ,0.00, ,100.0, 
2022/9/28,03:00,0.0, ,187540, ,22.25, ,0.00, ,100.0, 
2022/9/28,04:00,0.0, ,187600, ,14.93, ,0.00, ,100.0, 
2022/9/28,05:00,0.0, ,187720, ,24.97, ,0.00, ,100.0, 
2022/9/28,06:00,0.0, ,187780, ,24.17, ,17.80, ,100.0, 
2022/9/28,07:00,0.0, ,187780, ,23.96, ,29.30, ,100.0, 
2022/9/28,08:00,0.0, ,187780, ,31.56, ,34.20, ,100.0, 
2022/9/28,09:00,0.0, ,187720, ,25.67, ,34.30, ,100.0, 
2022/9/28,10:00,0.0, ,187660, ,21.89, ,34.40, ,100.0, 
2022/9/28,11:00,0.0, ,187600, ,14.51, ,34.60, ,100.0, 
2022/9/28,12:00,0.0, ,187540, ,21.85, ,34.20, ,100.0, 
2022/9/28,13:00,0.0, ,187480, ,22.47, ,34.40, ,100.0, 
2022/9/28,14:00,0.0, ,187420, ,14.36, ,34.90, ,100.0, 
2022/9/28,15:00,0.0, ,187420, ,22.41, ,49.00, ,100.0, 
2022/9/28,16:00,0.0, ,187310, ,24.77, ,57.10, ,100.0, 
2022/9/28,17:00,0.0, ,187190, ,28.31, ,57.10, ,100.0, 
2022/9/28,18:00,0.5, ,187070, ,21.27, ,57.10, ,100.0, 
2022/9/28,19:00,1.0, ,186960, ,28.56, ,57.00, ,100.0, 
2022/9/28,20:00,0.3, ,186840, ,19.34, ,57.00, ,100.0, 
2022/9/28,21:00,0.1, ,186720, ,28.82, ,56.90, ,100.0, 
2022/9/28,22:00,0.0, ,186600, ,25.32, ,57.00, ,100.0, 
2022/9/28,23:00,0.0, ,186490, ,19.89, ,56.90, ,100.0, 
2022/9/28,24:00,0.1, ,186370, ,26.38, ,34.90, ,100.0, 
2022/9/29,01:00,0.0, ,186370, ,14.76, ,0.00, ,100.0, 
2022/9/29,02:00,0.0, ,186430, ,8.93, ,0.00, ,100.0, 
2022/9/29,03:00,0.0, ,186490, ,15.16, ,0.00, ,100.0, 
2022/9/29,04:00,0.0, ,186550, ,19.49, ,0.00, ,100.0, 
2022/9/29,05:00,0.0, ,186600, ,10.83, ,0.00, ,100.0, 
2022/9/29,06:00,0.0, ,186600, ,10.56, ,14.30, ,100.0, 
2022/9/29,07:00,0.0, ,186600, ,13.55, ,25.90, ,100.0, 
2022/9/29,08:00,0.0, ,186550, ,20.25, ,25.90, ,100.0, 
2022/9/29,09:00,0.0, ,186490, ,10.02, ,26.40, ,100.0, 
2022/9/29,10:00,0.0, ,186490, ,15.93, ,13.00, ,100.0, 
2022/9/29,11:00,0.0, ,186490, ,12.66, ,0.00, ,100.0, 
2022/9/29,12:00,0.0, ,186550, ,1.89, ,0.00, ,100.0, 
2022/9/29,13:00,0.0, ,186600, ,21.92, ,0.00, ,100.0, 
2022/9/29,14:00,0.0, ,186660, ,21.12, ,0.00, ,100.0, 
2022/9/29,15:00,0.0, ,186720, ,13.28, ,14.00, ,100.0, 
2022/9/29,16:00,0.0, ,186720, ,20.38, ,47.00, ,100.0, 
2022/9/29,17:00,0.2, ,186660, ,36.91, ,54.80, ,100.0, 
2022/9/29,18:00,0.7, ,186550, ,27.12, ,56.90, ,100.0, 
2022/9/29,19:00,0.0, ,186430, ,23.72, ,57.10, ,100.0, 
2022/9/29,20:00,0.0, ,186310, ,21.43, ,57.10, ,100.0, 
2022/9/29,21:00,0.0, ,186140, ,20.36, ,54.70, ,100.0, 
2022/9/29,22:00,0.0, ,186080, ,21.23, ,26.40, ,100.0, 
2022/9/29,23:00,0.0, ,186080, ,15.29, ,0.00, ,100.0, 
2022/9/29,24:00,0.0, ,186140, ,0.81, ,0.00, ,100.0, 
2022/9/30,01:00,0.0, ,186200, ,20.55, ,0.00, ,100.0, 
2022/9/30,02:00,0.0, ,186250, ,12.98, ,0.00, ,100.0, 
2022/9/30,03:00,0.0, ,186250, ,14.34, ,0.00, ,100.0, 
2022/9/30,04:00,0.0, ,186310, ,13.80, ,0.00, ,100.0, 
2022/9/30,05:00,0.0, ,186370, ,10.28, ,0.00, ,100.0, 
2022/9/30,06:00,0.0, ,186370, ,8.39, ,13.80, ,100.0, 
2022/9/30,07:00,0.0, ,186370, ,13.55, ,26.10, ,100.0, 
2022/9/30,08:00,0.0, ,186310, ,15.70, ,26.00, ,100.0, 
2022/9/30,09:00,0.0, ,186250, ,4.81, ,26.50, ,100.0, 
2022/9/30,10:00,0.0, ,186200, ,13.76, ,12.30, ,100.0, 
2022/9/30,11:00,0.0, ,186200, ,8.37, ,0.00, ,100.0, 
2022/9/30,12:00,0.0, ,186250, ,8.12, ,0.00, ,100.0, 
2022/9/30,13:00,0.0, ,186310, ,15.42, ,0.00, ,100.0, 
2022/9/30,14:00,0.0, ,186370, ,20.56, ,0.00, ,100.0, 
2022/9/30,15:00,0.0, ,186430, ,17.87, ,13.40, ,100.0, 
2022/9/30,16:00,0.0, ,186430, ,16.55, ,40.60, ,100.0, 
2022/9/30,17:00,0.0, ,186370, ,33.75, ,50.30, ,100.0, 
2022/9/30,18:00,0.0, ,186250, ,22.72, ,57.50, ,100.0, 
2022/9/30,19:00,0.0, ,186080, ,20.42, ,57.40, ,100.0, 
2022/9/30,20:00,0.0, ,185960, ,19.83, ,37.10, ,100.0, 
2022/9/30,21:00,0.0, ,185900, ,16.38, ,26.30, ,100.0, 
2022/9/30,22:00,0.0, ,185850, ,10.84, ,12.10, ,100.0, 
2022/9/30,23:00,0.0, ,185850, ,0.22, ,0.00, ,100.0, 
2022/9/30,24:00,0.0, ,185960, ,13.51, ,0.00, ,100.0, 
