îCà”ä˙ä‘É_ÉÄèîó åüçıåãâ 
êÖånñº,ãgñÏêÏ
âÕêÏñº,ãgñÏêÏ
äœë™èäñº,ëÅñæâYÉ_ÉÄÅiã@ç\Åj
äœë™èäãLçÜ,1368080700010
#
#îNåéì˙,éûçè,ó¨àÊïΩãœâJó ,ó¨àÊïΩãœâJó ëÆê´,íôêÖó ,íôêÖó ëÆê´,ó¨ì¸ó ,ó¨ì¸ó ëÆê´,ï˙ó¨ó ,ï˙ó¨ó ëÆê´,íôêÖó¶,íôêÖó¶ëÆê´
#ëÆê´Å@$:åáë™ -:ñ¢éÛêM
#
2017/7/1,01:00,0.1, ,99710, ,19.42, ,19.40, ,58.4, 
2017/7/1,02:00,3.0, ,99750, ,24.26, ,19.40, ,58.4, 
2017/7/1,03:00,1.1, ,99790, ,33.37, ,19.40, ,58.4, 
2017/7/1,04:00,2.5, ,99790, ,23.87, ,19.40, ,58.4, 
2017/7/1,05:00,0.1, ,99790, ,19.40, ,12.70, ,58.4, 
2017/7/1,06:00,0.6, ,99830, ,14.14, ,0.00, ,58.4, 
2017/7/1,07:00,0.8, ,99960, ,20.57, ,0.00, ,58.4, 
2017/7/1,08:00,0.8, ,100000, ,26.99, ,0.00, ,58.4, 
2017/7/1,09:00,1.0, ,100090, ,21.56, ,0.00, ,58.4, 
2017/7/1,10:00,0.0, ,100210, ,29.54, ,0.00, ,58.5, 
2017/7/1,11:00,0.0, ,100340, ,32.09, ,0.00, ,58.6, 
2017/7/1,12:00,0.0, ,100460, ,33.66, ,0.00, ,58.6, 
2017/7/1,13:00,0.0, ,100590, ,30.18, ,0.00, ,58.7, 
2017/7/1,14:00,0.0, ,100680, ,32.92, ,0.00, ,58.7, 
2017/7/1,15:00,0.0, ,100800, ,33.33, ,0.00, ,58.7, 
2017/7/1,16:00,0.0, ,100930, ,30.23, ,0.00, ,58.8, 
2017/7/1,17:00,0.0, ,101010, ,30.83, ,0.00, ,58.8, 
2017/7/1,18:00,0.0, ,101140, ,27.73, ,0.00, ,58.9, 
2017/7/1,19:00,0.0, ,101220, ,29.30, ,0.00, ,58.9, 
2017/7/1,20:00,0.0, ,101310, ,27.36, ,0.00, ,58.9, 
2017/7/1,21:00,0.0, ,101430, ,27.96, ,0.00, ,59.0, 
2017/7/1,22:00,0.0, ,101520, ,27.19, ,0.00, ,59.0, 
2017/7/1,23:00,0.0, ,101600, ,25.64, ,0.00, ,59.0, 
2017/7/1,24:00,0.0, ,101690, ,26.24, ,0.00, ,59.1, 
2017/7/2,01:00,0.0, ,101770, ,24.49, ,0.00, ,59.1, 
2017/7/2,02:00,0.0, ,101860, ,25.28, ,0.00, ,59.1, 
2017/7/2,03:00,0.0, ,101940, ,23.14, ,0.00, ,59.1, 
2017/7/2,04:00,0.0, ,102030, ,19.81, ,0.00, ,59.2, 
2017/7/2,05:00,0.0, ,102070, ,16.68, ,0.00, ,59.2, 
2017/7/2,06:00,0.0, ,102110, ,13.35, ,0.00, ,59.2, 
2017/7/2,07:00,0.0, ,102200, ,16.69, ,0.00, ,59.2, 
2017/7/2,08:00,0.0, ,102240, ,11.78, ,0.00, ,59.2, 
2017/7/2,09:00,0.0, ,102280, ,14.54, ,0.00, ,59.2, 
2017/7/2,10:00,0.0, ,102370, ,15.52, ,0.00, ,59.2, 
2017/7/2,11:00,0.0, ,102410, ,21.03, ,0.00, ,59.2, 
2017/7/2,12:00,0.0, ,102490, ,22.02, ,0.00, ,59.2, 
2017/7/2,13:00,0.1, ,102580, ,23.80, ,0.00, ,59.3, 
2017/7/2,14:00,0.0, ,102660, ,19.88, ,0.00, ,59.3, 
2017/7/2,15:00,0.0, ,102750, ,22.24, ,0.00, ,59.3, 
2017/7/2,16:00,0.0, ,102830, ,23.63, ,0.00, ,59.4, 
2017/7/2,17:00,0.0, ,102920, ,20.29, ,0.00, ,59.4, 
2017/7/2,18:00,0.0, ,102960, ,21.09, ,0.00, ,59.4, 
2017/7/2,19:00,0.0, ,103050, ,20.90, ,0.00, ,59.4, 
2017/7/2,20:00,0.0, ,103130, ,19.92, ,0.00, ,59.4, 
2017/7/2,21:00,0.0, ,103220, ,21.70, ,0.00, ,59.5, 
2017/7/2,22:00,0.0, ,103300, ,20.72, ,0.00, ,59.5, 
2017/7/2,23:00,0.0, ,103350, ,22.71, ,0.00, ,59.5, 
2017/7/2,24:00,0.0, ,103430, ,19.75, ,0.00, ,59.4, 
2017/7/3,01:00,0.0, ,103470, ,17.98, ,0.00, ,59.4, 
2017/7/3,02:00,0.0, ,103560, ,21.15, ,0.00, ,59.4, 
2017/7/3,03:00,0.0, ,103600, ,16.02, ,0.00, ,59.4, 
2017/7/3,04:00,0.0, ,103640, ,15.23, ,0.00, ,59.4, 
2017/7/3,05:00,0.0, ,103730, ,12.86, ,0.00, ,59.4, 
2017/7/3,06:00,0.0, ,103730, ,11.28, ,0.00, ,59.4, 
2017/7/3,07:00,0.0, ,103770, ,10.49, ,0.00, ,59.4, 
2017/7/3,08:00,0.0, ,103820, ,9.31, ,0.00, ,59.4, 
2017/7/3,09:00,0.0, ,103860, ,8.71, ,0.00, ,59.4, 
2017/7/3,10:00,0.0, ,103900, ,11.29, ,0.00, ,59.4, 
2017/7/3,11:00,0.0, ,103990, ,17.04, ,0.00, ,59.4, 
2017/7/3,12:00,0.0, ,104030, ,20.01, ,0.00, ,59.4, 
2017/7/3,13:00,0.0, ,104110, ,19.03, ,0.00, ,59.4, 
2017/7/3,14:00,0.0, ,104160, ,18.24, ,0.00, ,59.4, 
2017/7/3,15:00,0.0, ,104240, ,20.23, ,0.00, ,59.5, 
2017/7/3,16:00,0.0, ,104330, ,17.66, ,0.00, ,59.5, 
2017/7/3,17:00,0.0, ,104370, ,20.84, ,0.00, ,59.5, 
2017/7/3,18:00,0.0, ,104460, ,18.26, ,0.00, ,59.5, 
2017/7/3,19:00,0.0, ,104500, ,18.27, ,0.00, ,59.5, 
2017/7/3,20:00,0.0, ,104590, ,19.67, ,0.00, ,59.5, 
2017/7/3,21:00,0.0, ,104670, ,17.69, ,0.00, ,59.6, 
2017/7/3,22:00,0.0, ,104720, ,19.68, ,0.00, ,59.6, 
2017/7/3,23:00,0.0, ,104800, ,17.50, ,0.00, ,59.6, 
2017/7/3,24:00,0.5, ,104840, ,19.30, ,0.00, ,59.5, 
2017/7/4,01:00,0.1, ,104930, ,17.91, ,0.00, ,59.5, 
2017/7/4,02:00,0.0, ,104970, ,16.52, ,0.00, ,59.5, 
2017/7/4,03:00,0.0, ,105020, ,15.33, ,0.00, ,59.5, 
2017/7/4,04:00,0.0, ,105060, ,14.94, ,0.00, ,59.5, 
2017/7/4,05:00,0.0, ,105100, ,10.76, ,0.00, ,59.5, 
2017/7/4,06:00,0.2, ,105150, ,9.57, ,0.00, ,59.5, 
2017/7/4,07:00,0.0, ,105190, ,6.58, ,0.00, ,59.5, 
2017/7/4,08:00,0.0, ,105190, ,10.37, ,0.00, ,59.5, 
2017/7/4,09:00,1.2, ,105270, ,11.76, ,0.00, ,59.5, 
2017/7/4,10:00,8.0, ,105320, ,18.14, ,0.00, ,59.5, 
2017/7/4,11:00,17.1, ,105580, ,38.71, ,0.00, ,59.6, 
2017/7/4,12:00,12.4, ,106010, ,91.08, ,0.00, ,59.9, 
2017/7/4,13:00,18.3, ,106530, ,133.68, ,0.00, ,60.2, 
2017/7/4,14:00,31.5, ,107660, ,199.75, ,0.00, ,60.9, 
2017/7/4,15:00,5.3, ,110820, ,632.37, ,0.00, ,62.9, 
2017/7/4,16:00,0.7, ,112950, ,759.69, ,0.00, ,64.2, 
2017/7/4,17:00,0.0, ,114340, ,476.64, ,0.00, ,65.1, 
2017/7/4,18:00,0.0, ,115370, ,331.85, ,0.00, ,65.7, 
2017/7/4,19:00,0.0, ,116230, ,264.02, ,0.00, ,66.2, 
2017/7/4,20:00,0.0, ,116960, ,215.70, ,0.00, ,66.7, 
2017/7/4,21:00,0.2, ,117560, ,182.06, ,0.00, ,67.0, 
2017/7/4,22:00,0.0, ,118110, ,160.71, ,0.00, ,67.3, 
2017/7/4,23:00,0.1, ,118610, ,143.90, ,0.00, ,67.6, 
2017/7/4,24:00,0.3, ,119070, ,130.22, ,0.00, ,67.8, 
2017/7/5,01:00,0.2, ,119480, ,121.20, ,0.00, ,68.0, 
2017/7/5,02:00,0.0, ,119850, ,113.21, ,0.00, ,68.2, 
2017/7/5,03:00,0.0, ,120270, ,106.48, ,0.00, ,68.4, 
2017/7/5,04:00,0.0, ,120590, ,100.16, ,0.00, ,68.6, 
2017/7/5,05:00,0.0, ,120910, ,95.32, ,0.00, ,68.8, 
2017/7/5,06:00,0.0, ,121230, ,89.11, ,0.00, ,69.0, 
2017/7/5,07:00,0.0, ,121550, ,86.29, ,0.00, ,69.1, 
2017/7/5,08:00,0.0, ,121830, ,82.96, ,0.00, ,69.3, 
2017/7/5,09:00,0.0, ,122110, ,79.66, ,0.00, ,69.4, 
2017/7/5,10:00,0.0, ,122380, ,76.98, ,0.00, ,69.6, 
2017/7/5,11:00,0.1, ,122660, ,74.72, ,0.00, ,69.7, 
2017/7/5,12:00,3.5, ,122940, ,74.59, ,0.00, ,69.9, 
2017/7/5,13:00,6.8, ,123260, ,81.96, ,0.00, ,70.1, 
2017/7/5,14:00,0.1, ,123450, ,72.41, ,0.00, ,70.2, 
2017/7/5,15:00,0.0, ,123720, ,70.34, ,0.00, ,70.3, 
2017/7/5,16:00,0.0, ,123960, ,66.12, ,0.00, ,70.4, 
2017/7/5,17:00,0.2, ,124240, ,70.92, ,0.00, ,70.6, 
2017/7/5,18:00,0.0, ,124470, ,67.76, ,0.00, ,70.7, 
2017/7/5,19:00,0.0, ,124700, ,66.11, ,0.00, ,70.8, 
2017/7/5,20:00,0.2, ,124930, ,62.51, ,0.00, ,70.9, 
2017/7/5,21:00,0.0, ,125120, ,61.70, ,0.00, ,71.0, 
2017/7/5,22:00,0.0, ,125350, ,57.22, ,0.00, ,71.1, 
2017/7/5,23:00,0.0, ,125540, ,56.84, ,0.00, ,71.2, 
2017/7/5,24:00,0.0, ,125730, ,53.64, ,0.00, ,71.2, 
2017/7/6,01:00,0.0, ,125910, ,55.12, ,0.00, ,71.2, 
2017/7/6,02:00,0.0, ,126100, ,53.19, ,0.00, ,71.3, 
2017/7/6,03:00,0.0, ,126290, ,51.95, ,0.00, ,71.4, 
2017/7/6,04:00,0.0, ,126470, ,50.04, ,0.00, ,71.5, 
2017/7/6,05:00,0.0, ,126660, ,50.74, ,0.00, ,71.6, 
2017/7/6,06:00,0.0, ,126800, ,47.31, ,0.00, ,71.7, 
2017/7/6,07:00,0.0, ,126990, ,49.31, ,0.00, ,71.7, 
2017/7/6,08:00,0.0, ,127180, ,46.31, ,0.00, ,71.8, 
2017/7/6,09:00,0.1, ,127320, ,46.56, ,0.00, ,71.9, 
2017/7/6,10:00,0.3, ,127510, ,44.42, ,0.00, ,72.0, 
2017/7/6,11:00,0.0, ,127650, ,45.77, ,0.00, ,72.0, 
2017/7/6,12:00,0.0, ,127840, ,41.88, ,0.00, ,72.1, 
2017/7/6,13:00,0.0, ,127980, ,44.09, ,0.00, ,72.2, 
2017/7/6,14:00,0.0, ,128120, ,44.35, ,0.00, ,72.2, 
2017/7/6,15:00,0.0, ,128260, ,41.32, ,0.00, ,72.3, 
2017/7/6,16:00,0.0, ,128400, ,41.57, ,0.00, ,72.4, 
2017/7/6,17:00,0.0, ,128550, ,40.94, ,0.00, ,72.4, 
2017/7/6,18:00,0.0, ,128690, ,39.44, ,0.00, ,72.5, 
2017/7/6,19:00,0.0, ,128830, ,39.91, ,0.00, ,72.5, 
2017/7/6,20:00,0.0, ,128970, ,39.05, ,0.00, ,72.6, 
2017/7/6,21:00,0.0, ,129110, ,37.10, ,0.00, ,72.7, 
2017/7/6,22:00,0.0, ,129260, ,33.17, ,0.00, ,72.7, 
2017/7/6,23:00,0.0, ,129350, ,34.07, ,0.00, ,72.8, 
2017/7/6,24:00,0.2, ,129490, ,32.33, ,0.00, ,72.6, 
2017/7/7,01:00,0.6, ,129590, ,33.67, ,0.00, ,72.6, 
2017/7/7,02:00,0.8, ,129730, ,33.03, ,0.00, ,72.7, 
2017/7/7,03:00,0.5, ,129830, ,33.49, ,0.00, ,72.7, 
2017/7/7,04:00,1.8, ,129970, ,31.97, ,0.00, ,72.8, 
2017/7/7,05:00,3.7, ,130070, ,35.51, ,0.00, ,72.8, 
2017/7/7,06:00,1.8, ,130210, ,34.87, ,0.00, ,72.9, 
2017/7/7,07:00,0.5, ,130300, ,32.69, ,0.00, ,72.9, 
2017/7/7,08:00,1.9, ,130450, ,33.15, ,0.00, ,73.0, 
2017/7/7,09:00,1.2, ,130590, ,34.96, ,0.00, ,73.0, 
2017/7/7,10:00,1.2, ,130690, ,35.65, ,0.00, ,73.1, 
2017/7/7,11:00,0.0, ,130780, ,32.13, ,0.00, ,73.1, 
2017/7/7,12:00,0.0, ,130930, ,32.81, ,0.00, ,73.2, 
2017/7/7,13:00,0.0, ,131020, ,32.61, ,0.00, ,73.2, 
2017/7/7,14:00,0.0, ,131170, ,31.51, ,0.00, ,73.2, 
2017/7/7,15:00,0.1, ,131260, ,33.08, ,0.00, ,73.3, 
2017/7/7,16:00,0.0, ,131410, ,32.21, ,0.00, ,73.3, 
2017/7/7,17:00,0.5, ,131500, ,29.78, ,0.00, ,73.4, 
2017/7/7,18:00,0.1, ,131600, ,31.57, ,0.00, ,73.4, 
2017/7/7,19:00,0.0, ,131690, ,27.81, ,0.00, ,73.4, 
2017/7/7,20:00,0.0, ,131790, ,30.71, ,0.00, ,73.4, 
2017/7/7,21:00,0.0, ,131930, ,26.72, ,0.00, ,73.5, 
2017/7/7,22:00,0.0, ,131980, ,27.84, ,0.00, ,73.5, 
2017/7/7,23:00,0.0, ,132130, ,29.19, ,0.00, ,73.6, 
2017/7/7,24:00,0.0, ,132180, ,25.19, ,0.00, ,73.4, 
2017/7/8,01:00,0.0, ,132320, ,31.23, ,0.00, ,73.4, 
2017/7/8,02:00,0.0, ,132420, ,24.55, ,0.00, ,73.5, 
2017/7/8,03:00,0.0, ,132510, ,29.91, ,0.00, ,73.5, 
2017/7/8,04:00,0.0, ,132610, ,24.34, ,0.00, ,73.5, 
2017/7/8,05:00,0.0, ,132710, ,27.03, ,0.00, ,73.5, 
2017/7/8,06:00,0.0, ,132800, ,25.93, ,0.00, ,73.6, 
2017/7/8,07:00,0.0, ,132900, ,26.83, ,0.00, ,73.6, 
2017/7/8,08:00,0.0, ,133000, ,25.05, ,0.00, ,73.6, 
2017/7/8,09:00,0.0, ,133040, ,25.51, ,0.00, ,73.6, 
2017/7/8,10:00,0.1, ,133140, ,25.07, ,0.00, ,73.7, 
2017/7/8,11:00,0.8, ,133240, ,27.10, ,0.00, ,73.7, 
2017/7/8,12:00,2.6, ,133330, ,26.21, ,0.00, ,73.7, 
2017/7/8,13:00,2.3, ,133430, ,21.07, ,0.00, ,73.8, 
2017/7/8,14:00,18.3, ,133630, ,31.17, ,0.00, ,73.8, 
2017/7/8,15:00,6.9, ,133770, ,57.89, ,0.00, ,73.9, 
2017/7/8,16:00,2.2, ,134060, ,58.84, ,0.00, ,74.0, 
2017/7/8,17:00,0.3, ,134350, ,76.88, ,0.00, ,74.2, 
2017/7/8,18:00,0.1, ,134650, ,85.98, ,0.00, ,74.4, 
2017/7/8,19:00,0.0, ,134890, ,75.72, ,0.00, ,74.5, 
2017/7/8,20:00,0.0, ,135130, ,67.91, ,0.00, ,74.6, 
2017/7/8,21:00,0.0, ,135330, ,59.85, ,0.00, ,74.7, 
2017/7/8,22:00,0.0, ,135520, ,56.33, ,0.00, ,74.8, 
2017/7/8,23:00,0.0, ,135720, ,52.53, ,0.00, ,74.9, 
2017/7/8,24:00,0.0, ,135870, ,48.71, ,0.00, ,74.7, 
2017/7/9,01:00,0.0, ,136060, ,46.70, ,0.00, ,74.8, 
2017/7/9,02:00,0.0, ,136210, ,45.14, ,0.00, ,74.9, 
2017/7/9,03:00,0.0, ,136360, ,44.72, ,0.00, ,74.9, 
2017/7/9,04:00,0.0, ,136500, ,42.70, ,0.00, ,75.0, 
2017/7/9,05:00,0.0, ,136650, ,41.36, ,0.00, ,75.0, 
2017/7/9,06:00,0.0, ,136800, ,40.47, ,0.00, ,75.1, 
2017/7/9,07:00,0.0, ,136950, ,39.13, ,0.00, ,75.2, 
2017/7/9,08:00,0.0, ,137090, ,38.24, ,0.00, ,75.2, 
2017/7/9,09:00,0.1, ,137240, ,37.35, ,0.00, ,75.3, 
2017/7/9,10:00,0.5, ,137340, ,38.05, ,0.00, ,75.3, 
2017/7/9,11:00,0.2, ,137490, ,37.16, ,0.00, ,75.4, 
2017/7/9,12:00,0.4, ,137590, ,34.89, ,0.00, ,75.4, 
2017/7/9,13:00,4.0, ,137780, ,39.70, ,0.00, ,75.5, 
2017/7/9,14:00,2.1, ,137930, ,41.32, ,0.00, ,75.6, 
2017/7/9,15:00,0.3, ,138080, ,42.03, ,0.00, ,75.6, 
2017/7/9,16:00,0.0, ,138180, ,38.17, ,0.00, ,75.6, 
2017/7/9,17:00,0.0, ,138330, ,40.93, ,0.00, ,75.7, 
2017/7/9,18:00,0.0, ,138470, ,40.95, ,0.00, ,75.8, 
2017/7/9,19:00,0.0, ,138620, ,41.44, ,0.00, ,75.8, 
2017/7/9,20:00,0.0, ,138770, ,38.94, ,0.00, ,75.9, 
2017/7/9,21:00,0.0, ,138920, ,37.58, ,0.00, ,75.9, 
2017/7/9,22:00,0.0, ,139070, ,41.50, ,0.00, ,76.0, 
2017/7/9,23:00,0.0, ,139220, ,42.44, ,0.00, ,76.1, 
2017/7/9,24:00,0.0, ,139370, ,40.40, ,0.00, ,75.9, 
2017/7/10,01:00,0.0, ,139510, ,40.19, ,0.00, ,76.0, 
2017/7/10,02:00,0.0, ,139660, ,39.98, ,0.00, ,76.0, 
2017/7/10,03:00,0.0, ,139810, ,39.31, ,0.00, ,76.1, 
2017/7/10,04:00,0.0, ,139910, ,38.18, ,0.00, ,76.1, 
2017/7/10,05:00,0.0, ,140060, ,38.43, ,0.00, ,76.2, 
2017/7/10,06:00,0.0, ,140210, ,38.22, ,0.00, ,76.2, 
2017/7/10,07:00,0.7, ,140360, ,37.73, ,0.00, ,76.3, 
2017/7/10,08:00,0.0, ,140460, ,37.96, ,0.00, ,76.3, 
2017/7/10,09:00,0.0, ,140610, ,36.60, ,0.00, ,76.4, 
2017/7/10,10:00,0.0, ,140760, ,35.70, ,0.00, ,76.4, 
2017/7/10,11:00,0.0, ,140860, ,36.64, ,0.00, ,76.4, 
2017/7/10,12:00,0.0, ,141010, ,33.44, ,0.00, ,76.5, 
2017/7/10,13:00,0.0, ,141110, ,37.38, ,0.00, ,76.5, 
2017/7/10,14:00,0.9, ,141250, ,36.70, ,0.00, ,76.6, 
2017/7/10,15:00,2.9, ,141400, ,39.50, ,0.00, ,76.6, 
2017/7/10,16:00,1.9, ,141550, ,38.60, ,0.00, ,76.7, 
2017/7/10,17:00,0.1, ,141650, ,36.54, ,0.00, ,76.7, 
2017/7/10,18:00,0.0, ,141800, ,37.02, ,0.00, ,76.8, 
2017/7/10,19:00,0.0, ,141950, ,37.74, ,0.00, ,76.8, 
2017/7/10,20:00,0.0, ,142100, ,40.54, ,0.00, ,76.9, 
2017/7/10,21:00,0.0, ,142200, ,36.86, ,0.00, ,76.9, 
2017/7/10,22:00,0.0, ,142360, ,36.65, ,0.00, ,77.0, 
2017/7/10,23:00,0.0, ,142460, ,33.65, ,0.00, ,77.0, 
2017/7/10,24:00,0.0, ,142610, ,36.22, ,0.00, ,76.8, 
2017/7/11,01:00,0.0, ,142710, ,34.62, ,0.00, ,76.9, 
2017/7/11,02:00,0.0, ,142810, ,34.18, ,0.00, ,76.9, 
2017/7/11,03:00,0.0, ,142960, ,34.42, ,0.00, ,76.9, 
2017/7/11,04:00,0.0, ,143060, ,33.74, ,0.00, ,77.0, 
2017/7/11,05:00,0.0, ,143210, ,33.76, ,0.00, ,77.0, 
2017/7/11,06:00,0.0, ,143310, ,32.62, ,0.00, ,77.1, 
2017/7/11,07:00,0.0, ,143460, ,32.40, ,0.00, ,77.1, 
2017/7/11,08:00,0.0, ,143560, ,32.18, ,0.00, ,77.1, 
2017/7/11,09:00,0.0, ,143660, ,34.30, ,0.00, ,77.2, 
2017/7/11,10:00,0.0, ,143760, ,28.71, ,0.00, ,77.2, 
2017/7/11,11:00,0.0, ,143860, ,31.76, ,0.00, ,77.2, 
2017/7/11,12:00,0.0, ,144020, ,30.61, ,0.00, ,77.3, 
2017/7/11,13:00,0.0, ,144120, ,32.03, ,0.00, ,77.3, 
2017/7/11,14:00,0.0, ,144220, ,29.00, ,0.00, ,77.3, 
2017/7/11,15:00,0.0, ,144320, ,31.82, ,0.00, ,77.3, 
2017/7/11,16:00,0.0, ,144420, ,28.33, ,0.00, ,77.4, 
2017/7/11,17:00,0.0, ,144520, ,30.92, ,0.00, ,77.4, 
2017/7/11,18:00,0.2, ,144670, ,31.64, ,0.00, ,77.5, 
2017/7/11,19:00,0.0, ,144770, ,28.84, ,0.00, ,77.5, 
2017/7/11,20:00,0.0, ,144880, ,29.55, ,0.00, ,77.5, 
2017/7/11,21:00,0.0, ,144980, ,31.68, ,0.00, ,77.5, 
2017/7/11,22:00,0.0, ,145080, ,27.47, ,0.00, ,77.6, 
2017/7/11,23:00,0.0, ,145180, ,27.95, ,0.00, ,77.6, 
2017/7/11,24:00,0.0, ,145280, ,25.87, ,0.00, ,77.4, 
2017/7/12,01:00,0.0, ,145380, ,27.79, ,0.00, ,77.4, 
2017/7/12,02:00,0.0, ,145430, ,23.79, ,0.00, ,77.4, 
2017/7/12,03:00,0.0, ,145540, ,25.45, ,0.00, ,77.5, 
2017/7/12,04:00,0.0, ,145640, ,25.70, ,0.00, ,77.5, 
2017/7/12,05:00,0.0, ,145740, ,26.18, ,0.00, ,77.5, 
2017/7/12,06:00,0.0, ,145840, ,23.82, ,0.00, ,77.5, 
2017/7/12,07:00,0.0, ,145890, ,25.48, ,0.00, ,77.5, 
2017/7/12,08:00,0.1, ,145990, ,23.60, ,0.00, ,77.6, 
2017/7/12,09:00,0.0, ,146100, ,23.37, ,0.00, ,77.6, 
2017/7/12,10:00,3.6, ,146200, ,26.69, ,0.00, ,77.6, 
2017/7/12,11:00,1.7, ,146250, ,25.51, ,0.00, ,77.6, 
2017/7/12,12:00,0.0, ,146350, ,26.00, ,0.00, ,77.6, 
2017/7/12,13:00,0.0, ,146450, ,26.48, ,0.00, ,77.7, 
2017/7/12,14:00,0.0, ,146560, ,23.65, ,0.00, ,77.7, 
2017/7/12,15:00,0.0, ,146660, ,24.84, ,0.00, ,77.7, 
2017/7/12,16:00,0.0, ,146710, ,24.85, ,0.00, ,77.7, 
2017/7/12,17:00,0.0, ,146810, ,24.85, ,0.00, ,77.7, 
2017/7/12,18:00,0.0, ,146910, ,24.39, ,0.00, ,77.8, 
2017/7/12,19:00,0.0, ,146970, ,22.97, ,0.00, ,77.8, 
2017/7/12,20:00,0.0, ,147070, ,25.82, ,0.00, ,77.8, 
2017/7/12,21:00,0.0, ,147170, ,23.23, ,0.00, ,77.8, 
2017/7/12,22:00,0.0, ,147220, ,24.18, ,0.00, ,77.8, 
2017/7/12,23:00,0.0, ,147320, ,23.95, ,0.00, ,77.8, 
2017/7/12,24:00,0.0, ,147430, ,21.58, ,0.00, ,77.7, 
2017/7/13,01:00,0.0, ,147480, ,24.44, ,0.00, ,77.7, 
2017/7/13,02:00,0.0, ,147580, ,23.97, ,0.00, ,77.7, 
2017/7/13,03:00,0.0, ,147680, ,21.13, ,0.00, ,77.7, 
2017/7/13,04:00,0.0, ,147730, ,23.98, ,0.00, ,77.7, 
2017/7/13,05:00,0.0, ,147840, ,22.80, ,0.00, ,77.7, 
2017/7/13,06:00,0.0, ,147890, ,22.09, ,0.00, ,77.7, 
2017/7/13,07:00,0.0, ,147990, ,23.29, ,0.00, ,77.8, 
2017/7/13,08:00,0.0, ,148090, ,21.39, ,0.00, ,77.8, 
2017/7/13,09:00,0.0, ,148140, ,23.78, ,0.00, ,77.8, 
2017/7/13,10:00,0.0, ,148250, ,19.74, ,0.00, ,77.8, 
2017/7/13,11:00,0.0, ,148300, ,23.79, ,0.00, ,77.8, 
2017/7/13,12:00,0.0, ,148400, ,21.18, ,0.00, ,77.8, 
2017/7/13,13:00,0.0, ,148450, ,22.61, ,0.00, ,77.8, 
2017/7/13,14:00,0.0, ,148560, ,19.52, ,0.00, ,77.9, 
2017/7/13,15:00,0.0, ,148610, ,23.58, ,0.00, ,77.8, 
2017/7/13,16:00,0.0, ,148710, ,21.44, ,0.00, ,77.9, 
2017/7/13,17:00,0.0, ,148760, ,22.64, ,0.00, ,77.9, 
2017/7/13,18:00,0.0, ,148860, ,22.17, ,0.00, ,77.9, 
2017/7/13,19:00,0.0, ,148920, ,20.98, ,0.00, ,77.9, 
2017/7/13,20:00,0.0, ,149020, ,22.18, ,0.00, ,77.9, 
2017/7/13,21:00,0.0, ,149070, ,21.23, ,0.00, ,77.9, 
2017/7/13,22:00,0.0, ,149170, ,22.19, ,0.00, ,77.9, 
2017/7/13,23:00,0.0, ,149230, ,20.53, ,0.00, ,77.9, 
2017/7/13,24:00,0.0, ,149330, ,19.10, ,0.00, ,77.8, 
2017/7/14,01:00,0.0, ,149380, ,23.64, ,0.00, ,77.8, 
2017/7/14,02:00,0.0, ,149430, ,16.96, ,0.00, ,77.8, 
2017/7/14,03:00,0.0, ,149530, ,20.54, ,0.00, ,77.8, 
2017/7/14,04:00,0.0, ,149590, ,19.60, ,0.00, ,77.8, 
2017/7/14,05:00,0.0, ,149640, ,17.45, ,0.00, ,77.8, 
2017/7/14,06:00,0.0, ,149690, ,10.52, ,10.60, ,77.8, 
2017/7/14,07:00,0.0, ,149690, ,16.27, ,39.50, ,77.8, 
2017/7/14,08:00,0.0, ,149590, ,25.04, ,47.90, ,77.7, 
2017/7/14,09:00,0.0, ,149480, ,13.45, ,55.40, ,77.6, 
2017/7/14,10:00,0.0, ,149330, ,18.37, ,53.00, ,77.4, 
2017/7/14,11:00,0.0, ,149230, ,22.34, ,46.10, ,77.4, 
2017/7/14,12:00,0.0, ,149170, ,19.74, ,25.50, ,77.3, 
2017/7/14,13:00,0.0, ,149170, ,17.82, ,18.80, ,77.3, 
2017/7/14,14:00,0.0, ,149170, ,18.86, ,18.90, ,77.2, 
2017/7/14,15:00,0.0, ,149170, ,18.91, ,18.90, ,77.2, 
2017/7/14,16:00,0.0, ,149170, ,18.96, ,8.60, ,77.2, 
2017/7/14,17:00,0.0, ,149170, ,9.17, ,0.00, ,77.1, 
2017/7/14,18:00,0.0, ,149230, ,9.55, ,0.00, ,77.1, 
2017/7/14,19:00,0.0, ,149330, ,18.62, ,0.00, ,77.1, 
2017/7/14,20:00,0.0, ,149380, ,20.78, ,10.50, ,77.1, 
2017/7/14,21:00,0.0, ,149380, ,17.58, ,17.60, ,77.1, 
2017/7/14,22:00,0.0, ,149380, ,17.74, ,17.80, ,77.1, 
2017/7/14,23:00,0.0, ,149380, ,17.78, ,17.70, ,77.0, 
2017/7/14,24:00,0.0, ,149380, ,17.78, ,17.80, ,77.0, 
2017/7/15,01:00,0.0, ,149380, ,19.10, ,21.00, ,77.0, 
2017/7/15,02:00,0.0, ,149380, ,20.12, ,18.80, ,77.0, 
2017/7/15,03:00,0.0, ,149380, ,18.87, ,18.80, ,77.0, 
2017/7/15,04:00,0.0, ,149380, ,18.88, ,18.80, ,77.0, 
2017/7/15,05:00,0.0, ,149330, ,8.36, ,18.70, ,77.0, 
2017/7/15,06:00,0.0, ,149280, ,10.00, ,8.30, ,76.9, 
2017/7/15,07:00,0.0, ,149280, ,1.50, ,0.00, ,76.9, 
2017/7/15,08:00,0.0, ,149280, ,0.00, ,11.60, ,76.9, 
2017/7/15,09:00,0.0, ,149280, ,10.84, ,47.00, ,76.9, 
2017/7/15,10:00,0.0, ,149230, ,30.66, ,50.50, ,76.9, 
2017/7/15,11:00,0.0, ,149070, ,21.03, ,50.40, ,76.8, 
2017/7/15,12:00,0.0, ,149020, ,21.32, ,50.40, ,76.8, 
2017/7/15,13:00,0.0, ,148860, ,18.70, ,50.50, ,76.7, 
2017/7/15,14:00,0.0, ,148760, ,20.38, ,50.60, ,76.6, 
2017/7/15,15:00,0.0, ,148660, ,19.29, ,50.50, ,76.6, 
2017/7/15,16:00,0.4, ,148560, ,23.40, ,50.50, ,76.5, 
2017/7/15,17:00,1.6, ,148450, ,21.72, ,24.70, ,76.5, 
2017/7/15,18:00,0.3, ,148450, ,19.82, ,10.50, ,76.5, 
2017/7/15,19:00,0.0, ,148450, ,10.63, ,0.00, ,76.5, 
2017/7/15,20:00,0.0, ,148500, ,3.81, ,0.00, ,76.5, 
2017/7/15,21:00,0.0, ,148560, ,17.39, ,0.00, ,76.5, 
2017/7/15,22:00,0.0, ,148610, ,17.15, ,10.70, ,76.6, 
2017/7/15,23:00,0.0, ,148610, ,13.80, ,17.80, ,76.6, 
2017/7/15,24:00,0.0, ,148610, ,19.11, ,21.00, ,76.7, 
2017/7/16,01:00,0.0, ,148610, ,20.94, ,20.90, ,76.7, 
2017/7/16,02:00,0.0, ,148610, ,20.27, ,19.30, ,76.7, 
2017/7/16,03:00,0.0, ,148610, ,19.33, ,19.30, ,76.7, 
2017/7/16,04:00,0.0, ,148610, ,19.33, ,19.30, ,76.7, 
2017/7/16,05:00,0.0, ,148560, ,5.75, ,19.30, ,76.7, 
2017/7/16,06:00,0.0, ,148500, ,9.05, ,19.40, ,76.7, 
2017/7/16,07:00,0.0, ,148450, ,6.51, ,46.60, ,76.7, 
2017/7/16,08:00,0.0, ,148300, ,8.52, ,50.40, ,76.6, 
2017/7/16,09:00,0.0, ,148140, ,12.20, ,50.90, ,76.5, 
2017/7/16,10:00,0.0, ,148040, ,13.77, ,50.80, ,76.4, 
2017/7/16,11:00,0.0, ,147940, ,20.21, ,50.60, ,76.4, 
2017/7/16,12:00,0.0, ,147840, ,17.82, ,50.60, ,76.3, 
2017/7/16,13:00,0.0, ,147680, ,21.46, ,50.60, ,76.2, 
2017/7/16,14:00,0.0, ,147580, ,18.82, ,50.80, ,76.2, 
2017/7/16,15:00,0.0, ,147480, ,17.18, ,24.80, ,76.1, 
2017/7/16,16:00,0.0, ,147480, ,20.57, ,22.30, ,76.1, 
2017/7/16,17:00,0.0, ,147430, ,10.20, ,21.20, ,76.1, 
2017/7/16,18:00,0.0, ,147430, ,18.38, ,21.20, ,76.1, 
2017/7/16,19:00,0.0, ,147430, ,21.21, ,21.20, ,76.1, 
2017/7/16,20:00,0.0, ,147370, ,10.00, ,19.30, ,76.0, 
2017/7/16,21:00,0.0, ,147370, ,15.54, ,19.30, ,76.0, 
2017/7/16,22:00,0.0, ,147370, ,19.31, ,19.30, ,76.0, 
2017/7/16,23:00,0.0, ,147320, ,11.93, ,19.30, ,76.0, 
2017/7/16,24:00,0.0, ,147320, ,12.38, ,19.20, ,76.0, 
2017/7/17,01:00,0.0, ,147320, ,19.25, ,19.20, ,76.0, 
2017/7/17,02:00,0.0, ,147270, ,8.81, ,19.30, ,76.0, 
2017/7/17,03:00,0.0, ,147270, ,15.46, ,19.20, ,76.0, 
2017/7/17,04:00,0.0, ,147220, ,5.96, ,21.30, ,75.9, 
2017/7/17,05:00,0.0, ,147120, ,5.91, ,29.00, ,75.9, 
2017/7/17,06:00,0.0, ,147070, ,10.17, ,30.20, ,75.9, 
2017/7/17,07:00,0.0, ,146970, ,6.73, ,26.00, ,75.8, 
2017/7/17,08:00,0.0, ,146910, ,6.92, ,19.30, ,75.8, 
2017/7/17,09:00,0.0, ,146860, ,6.95, ,19.30, ,75.7, 
2017/7/17,10:00,0.0, ,146860, ,11.70, ,19.30, ,75.7, 
2017/7/17,11:00,0.0, ,146860, ,19.30, ,19.30, ,75.7, 
2017/7/17,12:00,0.0, ,146810, ,6.77, ,19.30, ,75.7, 
2017/7/17,13:00,0.0, ,146810, ,17.66, ,19.50, ,75.7, 
2017/7/17,14:00,0.0, ,146760, ,17.23, ,30.20, ,75.7, 
2017/7/17,15:00,0.0, ,146710, ,10.79, ,44.80, ,75.6, 
2017/7/17,16:00,0.0, ,146560, ,19.87, ,52.40, ,75.6, 
2017/7/17,17:00,0.0, ,146450, ,17.55, ,52.30, ,75.5, 
2017/7/17,18:00,0.0, ,146350, ,17.79, ,52.40, ,75.4, 
2017/7/17,19:00,0.0, ,146200, ,18.29, ,52.40, ,75.4, 
2017/7/17,20:00,0.0, ,146100, ,16.62, ,52.30, ,75.3, 
2017/7/17,21:00,0.0, ,145940, ,18.07, ,55.30, ,75.2, 
2017/7/17,22:00,0.0, ,145840, ,15.92, ,40.60, ,75.1, 
2017/7/17,23:00,0.0, ,145740, ,17.30, ,34.30, ,75.1, 
2017/7/17,24:00,0.0, ,145690, ,14.41, ,26.90, ,75.1, 
2017/7/18,01:00,0.0, ,145690, ,15.63, ,19.40, ,75.1, 
2017/7/18,02:00,0.0, ,145640, ,12.31, ,19.40, ,75.0, 
2017/7/18,03:00,0.0, ,145590, ,11.13, ,19.40, ,75.0, 
2017/7/18,04:00,0.0, ,145590, ,6.43, ,19.40, ,75.0, 
2017/7/18,05:00,0.0, ,145540, ,8.34, ,19.40, ,75.0, 
2017/7/18,06:00,0.0, ,145490, ,4.65, ,19.40, ,74.9, 
2017/7/18,07:00,0.0, ,145430, ,6.43, ,19.40, ,74.9, 
2017/7/18,08:00,4.3, ,145380, ,5.01, ,19.40, ,74.9, 
2017/7/18,09:00,5.7, ,145330, ,12.36, ,19.50, ,74.8, 
2017/7/18,10:00,0.2, ,145330, ,10.46, ,19.40, ,74.8, 
2017/7/18,11:00,0.1, ,145330, ,19.37, ,19.40, ,74.8, 
2017/7/18,12:00,0.0, ,145280, ,18.40, ,19.30, ,74.8, 
2017/7/18,13:00,0.0, ,145280, ,6.17, ,19.40, ,74.8, 
2017/7/18,14:00,0.0, ,145280, ,19.38, ,19.40, ,74.8, 
2017/7/18,15:00,0.0, ,145280, ,19.40, ,19.80, ,74.8, 
2017/7/18,16:00,0.0, ,145230, ,10.81, ,40.00, ,74.8, 
2017/7/18,17:00,0.0, ,145130, ,22.31, ,46.70, ,74.7, 
2017/7/18,18:00,0.1, ,145030, ,15.98, ,51.10, ,74.7, 
2017/7/18,19:00,0.3, ,144930, ,20.15, ,46.30, ,74.6, 
2017/7/18,20:00,0.3, ,144830, ,14.31, ,41.60, ,74.6, 
2017/7/18,21:00,0.4, ,144720, ,17.39, ,31.30, ,74.5, 
2017/7/18,22:00,0.0, ,144720, ,18.03, ,23.40, ,74.5, 
2017/7/18,23:00,0.0, ,144670, ,8.80, ,19.30, ,74.5, 
2017/7/18,24:00,0.0, ,144670, ,18.18, ,19.20, ,74.5, 
2017/7/19,01:00,0.0, ,144620, ,15.57, ,19.30, ,74.4, 
2017/7/19,02:00,0.0, ,144620, ,9.00, ,19.30, ,74.4, 
2017/7/19,03:00,0.0, ,144570, ,13.69, ,19.30, ,74.4, 
2017/7/19,04:00,0.0, ,144520, ,9.26, ,19.30, ,74.4, 
2017/7/19,05:00,0.0, ,144470, ,4.14, ,19.30, ,74.4, 
2017/7/19,06:00,0.0, ,144420, ,7.84, ,19.20, ,74.3, 
2017/7/19,07:00,0.0, ,144370, ,3.93, ,19.20, ,74.3, 
2017/7/19,08:00,0.0, ,144320, ,8.03, ,40.70, ,74.3, 
2017/7/19,09:00,0.1, ,144220, ,6.68, ,44.50, ,74.2, 
2017/7/19,10:00,0.0, ,144070, ,8.25, ,37.60, ,74.1, 
2017/7/19,11:00,0.0, ,144070, ,16.61, ,27.20, ,74.1, 
2017/7/19,12:00,0.0, ,144020, ,12.76, ,19.10, ,74.1, 
2017/7/19,13:00,0.0, ,144020, ,17.44, ,23.10, ,74.1, 
2017/7/19,14:00,0.0, ,143910, ,12.18, ,33.30, ,74.0, 
2017/7/19,15:00,0.0, ,143860, ,14.10, ,54.50, ,74.0, 
2017/7/19,16:00,0.0, ,143660, ,15.59, ,62.20, ,73.9, 
2017/7/19,17:00,1.4, ,143510, ,18.52, ,62.10, ,73.8, 
2017/7/19,18:00,1.3, ,143360, ,21.24, ,63.20, ,73.7, 
2017/7/19,19:00,0.1, ,143210, ,18.78, ,63.20, ,73.6, 
2017/7/19,20:00,0.0, ,143060, ,17.20, ,62.90, ,73.5, 
2017/7/19,21:00,0.0, ,142860, ,16.94, ,63.00, ,73.4, 
2017/7/19,22:00,0.0, ,142710, ,16.24, ,29.80, ,73.3, 
2017/7/19,23:00,0.0, ,142660, ,14.85, ,26.50, ,73.3, 
2017/7/19,24:00,0.0, ,142660, ,16.86, ,21.20, ,73.3, 
2017/7/20,01:00,0.0, ,142610, ,15.03, ,19.20, ,73.3, 
2017/7/20,02:00,0.0, ,142610, ,10.61, ,19.20, ,73.3, 
2017/7/20,03:00,0.0, ,142560, ,13.85, ,19.30, ,73.2, 
2017/7/20,04:00,0.0, ,142510, ,5.96, ,19.20, ,73.2, 
2017/7/20,05:00,0.0, ,142460, ,6.90, ,19.20, ,73.2, 
2017/7/20,06:00,0.0, ,142410, ,5.10, ,19.20, ,73.2, 
2017/7/20,07:00,0.0, ,142360, ,4.92, ,19.20, ,73.1, 
2017/7/20,08:00,0.0, ,142310, ,4.79, ,19.20, ,73.1, 
2017/7/20,09:00,0.0, ,142260, ,5.69, ,19.20, ,73.1, 
2017/7/20,10:00,0.0, ,142200, ,9.91, ,35.90, ,73.0, 
2017/7/20,11:00,0.0, ,142100, ,9.96, ,43.40, ,73.0, 
2017/7/20,12:00,0.0, ,142050, ,15.54, ,26.00, ,73.0, 
2017/7/20,13:00,0.0, ,142000, ,12.85, ,22.70, ,72.9, 
2017/7/20,14:00,0.2, ,141950, ,17.37, ,35.50, ,72.9, 
2017/7/20,15:00,0.2, ,141850, ,13.34, ,43.30, ,72.8, 
2017/7/20,16:00,0.0, ,141750, ,17.94, ,46.40, ,72.8, 
2017/7/20,17:00,0.0, ,141650, ,14.67, ,56.00, ,72.7, 
2017/7/20,18:00,0.0, ,141450, ,13.77, ,62.30, ,72.6, 
2017/7/20,19:00,0.0, ,141300, ,16.98, ,62.30, ,72.5, 
2017/7/20,20:00,0.0, ,141160, ,15.83, ,62.20, ,72.4, 
2017/7/20,21:00,0.0, ,140960, ,15.80, ,45.40, ,72.3, 
2017/7/20,22:00,0.0, ,140860, ,13.18, ,36.20, ,72.3, 
2017/7/20,23:00,0.0, ,140810, ,13.83, ,26.70, ,72.2, 
2017/7/20,24:00,0.0, ,140810, ,14.61, ,19.30, ,72.2, 
2017/7/21,01:00,0.0, ,140760, ,12.21, ,19.40, ,72.2, 
2017/7/21,02:00,0.0, ,140760, ,12.64, ,19.40, ,72.2, 
2017/7/21,03:00,0.0, ,140710, ,7.14, ,19.40, ,72.2, 
2017/7/21,04:00,0.0, ,140660, ,7.62, ,19.40, ,72.2, 
2017/7/21,05:00,0.0, ,140610, ,4.74, ,19.40, ,72.1, 
2017/7/21,06:00,0.1, ,140510, ,5.28, ,36.00, ,72.1, 
2017/7/21,07:00,0.1, ,140410, ,6.05, ,43.70, ,72.0, 
2017/7/21,08:00,0.0, ,140260, ,7.25, ,26.30, ,71.9, 
2017/7/21,09:00,0.0, ,140210, ,5.20, ,19.40, ,71.9, 
2017/7/21,10:00,0.0, ,140160, ,9.52, ,19.40, ,71.9, 
2017/7/21,11:00,0.0, ,140160, ,8.14, ,23.40, ,71.9, 
2017/7/21,12:00,0.0, ,140060, ,11.71, ,33.40, ,71.8, 
2017/7/21,13:00,0.0, ,140010, ,15.30, ,42.30, ,71.8, 
2017/7/21,14:00,0.0, ,139860, ,14.63, ,55.00, ,71.7, 
2017/7/21,15:00,0.0, ,139710, ,15.29, ,62.40, ,71.6, 
2017/7/21,16:00,0.0, ,139510, ,14.31, ,62.40, ,71.5, 
2017/7/21,17:00,0.0, ,139370, ,15.27, ,62.40, ,71.4, 
2017/7/21,18:00,0.2, ,139220, ,17.47, ,62.90, ,71.3, 
2017/7/21,19:00,1.3, ,139070, ,21.55, ,54.80, ,71.2, 
2017/7/21,20:00,0.9, ,138920, ,14.49, ,49.60, ,71.1, 
2017/7/21,21:00,0.0, ,138820, ,15.89, ,49.60, ,71.1, 
2017/7/21,22:00,0.0, ,138670, ,14.73, ,43.90, ,71.0, 
2017/7/21,23:00,0.0, ,138620, ,15.41, ,28.60, ,71.0, 
2017/7/21,24:00,0.0, ,138570, ,9.23, ,19.60, ,70.9, 
2017/7/22,01:00,0.0, ,138570, ,17.13, ,19.60, ,70.9, 
2017/7/22,02:00,0.0, ,138520, ,6.13, ,19.70, ,70.9, 
2017/7/22,03:00,0.0, ,138470, ,10.96, ,41.10, ,70.9, 
2017/7/22,04:00,0.0, ,138330, ,6.95, ,46.30, ,70.8, 
2017/7/22,05:00,0.0, ,138180, ,10.77, ,46.50, ,70.7, 
2017/7/22,06:00,0.0, ,138080, ,7.78, ,24.60, ,70.7, 
2017/7/22,07:00,0.0, ,137980, ,7.30, ,21.40, ,70.6, 
2017/7/22,08:00,0.0, ,137930, ,3.61, ,19.40, ,70.6, 
2017/7/22,09:00,0.0, ,137880, ,4.21, ,19.40, ,70.5, 
2017/7/22,10:00,0.0, ,137830, ,6.88, ,41.10, ,70.5, 
2017/7/22,11:00,0.0, ,137730, ,12.35, ,49.50, ,70.5, 
2017/7/22,12:00,0.0, ,137590, ,14.98, ,21.60, ,70.4, 
2017/7/22,13:00,0.0, ,137540, ,11.04, ,27.00, ,70.3, 
2017/7/22,14:00,0.0, ,137440, ,15.75, ,57.30, ,70.3, 
2017/7/22,15:00,0.0, ,137290, ,11.57, ,62.40, ,70.2, 
2017/7/22,16:00,0.0, ,137090, ,15.79, ,62.60, ,70.1, 
2017/7/22,17:00,0.0, ,136950, ,12.64, ,62.50, ,70.0, 
2017/7/22,18:00,0.0, ,136750, ,11.68, ,63.50, ,69.9, 
2017/7/22,19:00,0.1, ,136550, ,10.87, ,63.50, ,69.8, 
2017/7/22,20:00,0.1, ,136360, ,13.16, ,50.40, ,69.7, 
2017/7/22,21:00,0.0, ,136260, ,12.68, ,27.20, ,69.6, 
2017/7/22,22:00,0.0, ,136210, ,9.74, ,21.50, ,69.6, 
2017/7/22,23:00,0.0, ,136160, ,11.31, ,21.20, ,69.5, 
2017/7/22,24:00,0.0, ,136160, ,11.28, ,19.80, ,69.5, 
2017/7/23,01:00,0.0, ,136110, ,6.64, ,19.80, ,69.5, 
2017/7/23,02:00,0.0, ,136060, ,11.62, ,19.80, ,69.5, 
2017/7/23,03:00,0.0, ,136010, ,8.22, ,19.80, ,69.5, 
2017/7/23,04:00,0.0, ,135960, ,6.33, ,38.90, ,69.4, 
2017/7/23,05:00,0.0, ,135820, ,4.08, ,46.60, ,69.4, 
2017/7/23,06:00,0.0, ,135670, ,7.53, ,24.90, ,69.3, 
2017/7/23,07:00,0.0, ,135570, ,3.45, ,21.30, ,69.2, 
2017/7/23,08:00,0.0, ,135520, ,4.69, ,19.60, ,69.2, 
2017/7/23,09:00,0.0, ,135470, ,6.10, ,19.70, ,69.2, 
2017/7/23,10:00,0.0, ,135430, ,4.28, ,41.30, ,69.1, 
2017/7/23,11:00,0.0, ,135330, ,12.56, ,46.90, ,69.1, 
2017/7/23,12:00,0.0, ,135180, ,14.86, ,24.50, ,69.0, 
2017/7/23,13:00,0.6, ,135180, ,13.16, ,27.10, ,69.0, 
2017/7/23,14:00,0.7, ,135080, ,9.96, ,57.50, ,68.9, 
2017/7/23,15:00,0.5, ,134940, ,17.07, ,62.90, ,68.8, 
2017/7/23,16:00,0.0, ,134740, ,17.68, ,62.80, ,68.7, 
2017/7/23,17:00,0.6, ,134600, ,11.93, ,62.60, ,68.6, 
2017/7/23,18:00,0.0, ,134400, ,14.50, ,62.80, ,68.5, 
2017/7/23,19:00,0.0, ,134210, ,11.19, ,62.60, ,68.4, 
2017/7/23,20:00,0.0, ,134010, ,12.02, ,62.70, ,68.3, 
2017/7/23,21:00,0.0, ,133870, ,12.09, ,34.50, ,68.2, 
2017/7/23,22:00,0.0, ,133770, ,10.75, ,29.70, ,68.2, 
2017/7/23,23:00,0.0, ,133720, ,11.72, ,21.30, ,68.1, 
2017/7/23,24:00,0.0, ,133670, ,10.07, ,21.20, ,68.1, 
2017/7/24,01:00,0.0, ,133630, ,6.36, ,21.30, ,68.1, 
2017/7/24,02:00,0.0, ,133580, ,10.99, ,19.70, ,68.1, 
2017/7/24,03:00,0.0, ,133530, ,7.11, ,23.70, ,68.0, 
2017/7/24,04:00,0.0, ,133430, ,6.47, ,31.30, ,68.0, 
2017/7/24,05:00,0.0, ,133380, ,5.06, ,31.40, ,67.9, 
2017/7/24,06:00,0.0, ,133290, ,5.81, ,27.00, ,67.9, 
2017/7/24,07:00,0.2, ,133190, ,6.38, ,19.80, ,67.8, 
2017/7/24,08:00,0.0, ,133140, ,3.40, ,19.80, ,67.8, 
2017/7/24,09:00,0.0, ,133040, ,4.46, ,41.00, ,67.7, 
2017/7/24,10:00,0.0, ,132950, ,5.71, ,47.00, ,67.7, 
2017/7/24,11:00,0.0, ,132800, ,14.05, ,47.00, ,67.6, 
2017/7/24,12:00,0.0, ,132710, ,12.28, ,24.70, ,67.6, 
2017/7/24,13:00,0.0, ,132660, ,9.18, ,42.20, ,67.5, 
2017/7/24,14:00,0.0, ,132560, ,18.44, ,47.30, ,67.5, 
2017/7/24,15:00,0.1, ,132420, ,15.53, ,47.30, ,67.4, 
2017/7/24,16:00,0.1, ,132320, ,10.44, ,47.20, ,67.3, 
2017/7/24,17:00,0.2, ,132130, ,11.28, ,51.70, ,67.2, 
2017/7/24,18:00,0.5, ,132030, ,16.36, ,55.90, ,67.2, 
2017/7/24,19:00,0.0, ,131840, ,12.48, ,62.70, ,67.1, 
2017/7/24,20:00,0.5, ,131650, ,12.57, ,62.70, ,66.9, 
2017/7/24,21:00,0.0, ,131450, ,11.56, ,50.20, ,66.8, 
2017/7/24,22:00,0.0, ,131360, ,12.96, ,27.40, ,66.8, 
2017/7/24,23:00,0.0, ,131310, ,4.97, ,19.80, ,66.7, 
2017/7/24,24:00,0.0, ,131260, ,10.81, ,19.90, ,66.7, 
2017/7/25,01:00,0.0, ,131210, ,9.23, ,19.90, ,66.7, 
2017/7/25,02:00,0.1, ,131170, ,9.24, ,19.90, ,66.7, 
2017/7/25,03:00,0.0, ,131120, ,5.30, ,31.70, ,66.6, 
2017/7/25,04:00,0.0, ,130970, ,4.16, ,39.10, ,66.5, 
2017/7/25,05:00,0.0, ,130880, ,7.31, ,27.00, ,66.5, 
2017/7/25,06:00,0.1, ,130830, ,3.96, ,19.80, ,66.5, 
2017/7/25,07:00,0.0, ,130730, ,5.07, ,19.70, ,66.4, 
2017/7/25,08:00,0.1, ,130690, ,4.59, ,24.30, ,66.4, 
2017/7/25,09:00,0.0, ,130590, ,3.62, ,55.50, ,66.3, 
2017/7/25,10:00,0.0, ,130400, ,5.73, ,61.30, ,66.2, 
2017/7/25,11:00,0.0, ,130210, ,12.48, ,56.50, ,66.1, 
2017/7/25,12:00,0.0, ,130110, ,14.64, ,26.90, ,66.1, 
2017/7/25,13:00,0.0, ,130070, ,11.32, ,24.50, ,66.0, 
2017/7/25,14:00,0.0, ,129970, ,14.80, ,37.60, ,66.0, 
2017/7/25,15:00,0.0, ,129830, ,8.16, ,53.80, ,65.9, 
2017/7/25,16:00,0.2, ,129680, ,13.18, ,62.00, ,65.8, 
2017/7/25,17:00,0.0, ,129490, ,12.26, ,62.80, ,65.7, 
2017/7/25,18:00,0.0, ,129300, ,9.95, ,63.00, ,65.6, 
2017/7/25,19:00,0.0, ,129110, ,10.03, ,62.70, ,65.5, 
2017/7/25,20:00,0.0, ,128930, ,9.61, ,62.70, ,65.4, 
2017/7/25,21:00,0.0, ,128740, ,10.32, ,57.50, ,65.3, 
2017/7/25,22:00,0.0, ,128590, ,11.28, ,49.60, ,65.2, 
2017/7/25,23:00,0.0, ,128450, ,9.50, ,27.50, ,65.1, 
2017/7/25,24:00,0.0, ,128400, ,10.66, ,20.30, ,65.1, 
2017/7/26,01:00,0.0, ,128360, ,6.14, ,23.30, ,65.0, 
2017/7/26,02:00,0.0, ,128310, ,6.91, ,23.20, ,65.0, 
2017/7/26,03:00,0.0, ,128220, ,5.72, ,23.10, ,65.0, 
2017/7/26,04:00,0.0, ,128170, ,6.34, ,26.50, ,64.9, 
2017/7/26,05:00,0.0, ,128070, ,3.35, ,27.60, ,64.9, 
2017/7/26,06:00,1.2, ,127980, ,5.16, ,26.30, ,64.8, 
2017/7/26,07:00,11.3, ,127930, ,8.14, ,24.10, ,64.8, 
2017/7/26,08:00,2.8, ,127880, ,13.34, ,20.00, ,64.8, 
2017/7/26,09:00,0.3, ,127880, ,7.34, ,20.10, ,64.8, 
2017/7/26,10:00,0.0, ,127840, ,10.79, ,21.60, ,64.7, 
2017/7/26,11:00,0.0, ,127840, ,18.57, ,21.60, ,64.7, 
2017/7/26,12:00,0.0, ,127840, ,21.67, ,21.70, ,64.7, 
2017/7/26,13:00,0.0, ,127840, ,21.68, ,26.50, ,64.7, 
2017/7/26,14:00,0.6, ,127740, ,14.25, ,56.20, ,64.7, 
2017/7/26,15:00,0.0, ,127600, ,20.38, ,62.20, ,64.6, 
2017/7/26,16:00,0.8, ,127410, ,17.61, ,62.00, ,64.5, 
2017/7/26,17:00,0.3, ,127270, ,20.13, ,62.90, ,64.4, 
2017/7/26,18:00,0.1, ,127130, ,17.59, ,62.80, ,64.3, 
2017/7/26,19:00,3.8, ,126940, ,16.08, ,62.80, ,64.2, 
2017/7/26,20:00,1.0, ,126850, ,24.14, ,62.90, ,64.2, 
2017/7/26,21:00,0.5, ,126760, ,36.26, ,57.50, ,64.1, 
2017/7/26,22:00,0.5, ,126660, ,29.17, ,27.20, ,64.1, 
2017/7/26,23:00,0.1, ,126660, ,26.96, ,21.60, ,64.1, 
2017/7/26,24:00,0.1, ,126620, ,18.45, ,21.70, ,64.0, 
2017/7/27,01:00,0.3, ,126620, ,11.29, ,20.00, ,64.0, 
2017/7/27,02:00,0.2, ,126620, ,20.13, ,20.10, ,64.0, 
2017/7/27,03:00,0.1, ,126620, ,20.19, ,10.00, ,64.0, 
2017/7/27,04:00,0.0, ,126620, ,9.80, ,0.00, ,64.0, 
2017/7/27,05:00,0.0, ,126660, ,0.65, ,0.00, ,64.1, 
2017/7/27,06:00,0.0, ,126660, ,12.37, ,10.20, ,64.1, 
2017/7/27,07:00,0.0, ,126660, ,9.54, ,18.40, ,64.1, 
2017/7/27,08:00,0.0, ,126660, ,18.38, ,18.40, ,64.1, 
2017/7/27,09:00,0.0, ,126620, ,12.31, ,25.90, ,64.0, 
2017/7/27,10:00,0.0, ,126520, ,7.24, ,56.90, ,64.0, 
2017/7/27,11:00,0.0, ,126380, ,15.51, ,62.40, ,63.9, 
2017/7/27,12:00,0.0, ,126190, ,16.76, ,22.00, ,63.8, 
2017/7/27,13:00,0.5, ,126190, ,16.47, ,23.20, ,63.8, 
2017/7/27,14:00,0.1, ,126150, ,13.37, ,31.40, ,63.8, 
2017/7/27,15:00,0.1, ,126050, ,17.45, ,37.50, ,63.7, 
2017/7/27,16:00,3.0, ,125960, ,18.02, ,48.90, ,63.7, 
2017/7/27,17:00,4.1, ,125820, ,16.98, ,57.20, ,63.6, 
2017/7/27,18:00,2.1, ,125680, ,21.68, ,60.70, ,63.5, 
2017/7/27,19:00,0.6, ,125590, ,20.43, ,58.30, ,63.4, 
2017/7/27,20:00,1.4, ,125450, ,25.46, ,22.50, ,63.4, 
2017/7/27,21:00,0.0, ,125450, ,20.88, ,20.10, ,63.4, 
2017/7/27,22:00,0.0, ,125450, ,20.12, ,20.00, ,63.4, 
2017/7/27,23:00,0.0, ,125450, ,20.11, ,20.10, ,63.4, 
2017/7/27,24:00,0.0, ,125450, ,20.09, ,20.00, ,63.4, 
2017/7/28,01:00,0.0, ,125450, ,20.06, ,20.10, ,63.4, 
2017/7/28,02:00,0.0, ,125450, ,20.10, ,20.00, ,63.4, 
2017/7/28,03:00,0.0, ,125450, ,20.06, ,10.00, ,63.4, 
2017/7/28,04:00,0.0, ,125490, ,21.62, ,0.00, ,63.4, 
2017/7/28,05:00,0.0, ,125590, ,13.84, ,0.00, ,63.4, 
2017/7/28,06:00,0.0, ,125590, ,13.20, ,0.00, ,63.4, 
2017/7/28,07:00,0.0, ,125630, ,10.17, ,10.10, ,63.5, 
2017/7/28,08:00,0.0, ,125630, ,12.32, ,22.80, ,63.5, 
2017/7/28,09:00,0.0, ,125590, ,24.07, ,39.50, ,63.4, 
2017/7/28,10:00,0.0,-,0,#,0.00,#,0.00,#,0.0,-
2017/7/28,11:00,0.0,-,0,#,0.00,#,0.00,#,0.0,-
2017/7/28,12:00,0.0,-,0,#,0.00,#,0.00,#,0.0,-
2017/7/28,13:00,0.0,-,0,#,0.00,#,0.00,#,0.0,-
2017/7/28,14:00,0.0,-,0,#,0.00,#,0.00,#,0.0,-
2017/7/28,15:00,0.0,-,0,#,0.00,#,0.00,#,0.0,-
2017/7/28,16:00,0.0,-,0,#,0.00,#,0.00,#,0.0,-
2017/7/28,17:00,0.0, ,124980, ,19.46, ,47.00, ,63.1, 
2017/7/28,18:00,0.0, ,124890, ,17.15, ,49.30, ,63.0, 
2017/7/28,19:00,0.0, ,124790, ,17.44, ,27.40, ,63.0, 
2017/7/28,20:00,0.0, ,124750, ,12.24, ,21.70, ,63.0, 
2017/7/28,21:00,0.9, ,124750, ,16.28, ,20.10, ,63.0, 
2017/7/28,22:00,0.2, ,124750, ,20.08, ,20.00, ,63.0, 
2017/7/28,23:00,0.0, ,124700, ,7.35, ,20.10, ,62.9, 
2017/7/28,24:00,0.0, ,124700, ,19.87, ,20.00, ,62.9, 
2017/7/29,01:00,0.0, ,124650, ,12.26, ,20.00, ,62.9, 
2017/7/29,02:00,0.0, ,124650, ,14.87, ,20.10, ,62.9, 
2017/7/29,03:00,0.0, ,124610, ,18.53, ,20.10, ,62.9, 
2017/7/29,04:00,0.0, ,124610, ,8.67, ,20.10, ,62.9, 
2017/7/29,05:00,0.0, ,124560, ,9.53, ,20.10, ,62.8, 
2017/7/29,06:00,0.0, ,124510, ,9.77, ,21.60, ,62.8, 
2017/7/29,07:00,0.0, ,124420, ,5.51, ,27.30, ,62.8, 
2017/7/29,08:00,0.0, ,124330, ,8.16, ,31.40, ,62.7, 
2017/7/29,09:00,0.0, ,124240, ,6.40, ,31.40, ,62.7, 
2017/7/29,10:00,0.0, ,124190, ,6.66, ,31.40, ,62.6, 
2017/7/29,11:00,0.0, ,124140, ,14.85, ,31.40, ,62.6, 
2017/7/29,12:00,0.0, ,124050, ,15.07, ,27.20, ,62.5, 
2017/7/29,13:00,0.0, ,124050, ,14.70, ,21.80, ,62.5, 
2017/7/29,14:00,0.0, ,124000, ,12.09, ,24.70, ,62.5, 
2017/7/29,15:00,0.0, ,123910, ,16.34, ,56.20, ,62.5, 
2017/7/29,16:00,0.0, ,123770, ,11.26, ,62.40, ,62.4, 
2017/7/29,17:00,0.0, ,123590, ,18.97, ,62.30, ,62.3, 
2017/7/29,18:00,0.0, ,123450, ,13.16, ,40.50, ,62.2, 
2017/7/29,19:00,0.0, ,123350, ,10.80, ,29.70, ,62.1, 
2017/7/29,20:00,0.0, ,123310, ,11.53, ,19.80, ,62.1, 
2017/7/29,21:00,0.0, ,123260, ,13.86, ,19.90, ,62.1, 
2017/7/29,22:00,0.0, ,123260, ,11.93, ,19.90, ,62.1, 
2017/7/29,23:00,0.0, ,123210, ,7.40, ,19.80, ,62.1, 
2017/7/29,24:00,0.0, ,123170, ,11.70, ,19.80, ,62.0, 
2017/7/30,01:00,0.0, ,123170, ,14.67, ,19.70, ,62.0, 
2017/7/30,02:00,0.0, ,123120, ,8.81, ,19.70, ,62.0, 
2017/7/30,03:00,0.0, ,123080, ,10.15, ,19.90, ,62.0, 
2017/7/30,04:00,0.0, ,123030, ,7.20, ,19.80, ,62.0, 
2017/7/30,05:00,0.0, ,122980, ,6.14, ,19.80, ,61.9, 
2017/7/30,06:00,0.0, ,122890, ,4.74, ,19.70, ,61.9, 
2017/7/30,07:00,0.0, ,122840, ,4.83, ,19.70, ,61.8, 
2017/7/30,08:00,0.0, ,122800, ,4.95, ,19.60, ,61.8, 
2017/7/30,09:00,0.0, ,122710, ,4.47, ,19.80, ,61.8, 
2017/7/30,10:00,0.0, ,122660, ,5.67, ,19.80, ,61.7, 
2017/7/30,11:00,0.0, ,122660, ,8.69, ,19.80, ,61.7, 
2017/7/30,12:00,0.0, ,122610, ,9.53, ,19.90, ,61.7, 
2017/7/30,13:00,0.0, ,122570, ,14.26, ,19.80, ,61.7, 
2017/7/30,14:00,0.1, ,122570, ,9.96, ,19.70, ,61.7, 
2017/7/30,15:00,0.0, ,122520, ,7.37, ,19.80, ,61.7, 
2017/7/30,16:00,0.0, ,122480, ,15.49, ,19.80, ,61.6, 
2017/7/30,17:00,0.0, ,122480, ,10.83, ,19.80, ,61.6, 
2017/7/30,18:00,0.2, ,122430, ,10.83, ,34.50, ,61.6, 
2017/7/30,19:00,0.0, ,122340, ,17.53, ,44.80, ,61.6, 
2017/7/30,20:00,0.0, ,122250, ,18.55, ,44.70, ,61.5, 
2017/7/30,21:00,0.0, ,122150, ,15.77, ,44.80, ,61.5, 
2017/7/30,22:00,0.0, ,122010, ,14.12, ,29.90, ,61.4, 
2017/7/30,23:00,0.0, ,121970, ,11.05, ,40.70, ,61.3, 
2017/7/30,24:00,0.0, ,121880, ,13.16, ,46.50, ,61.3, 
2017/7/31,01:00,0.0, ,121740, ,15.44, ,44.00, ,61.2, 
2017/7/31,02:00,0.0, ,121650, ,14.41, ,27.10, ,61.2, 
2017/7/31,03:00,0.0, ,121600, ,9.04, ,20.10, ,61.1, 
2017/7/31,04:00,0.0, ,121550, ,9.95, ,20.20, ,61.1, 
2017/7/31,05:00,0.0, ,121460, ,5.07, ,19.90, ,61.1, 
2017/7/31,06:00,0.0, ,121420, ,6.02, ,36.10, ,61.0, 
2017/7/31,07:00,0.0, ,121330, ,5.80, ,43.10, ,61.0, 
2017/7/31,08:00,0.0, ,121190, ,8.02, ,43.10, ,60.9, 
2017/7/31,09:00,0.0, ,121050, ,6.50, ,26.70, ,60.8, 
2017/7/31,10:00,0.0, ,120960, ,6.23, ,22.00, ,60.8, 
2017/7/31,11:00,0.0, ,120960, ,8.00, ,20.20, ,60.8, 
2017/7/31,12:00,0.0, ,120910, ,12.15, ,20.30, ,60.7, 
2017/7/31,13:00,0.0, ,120910, ,15.58, ,20.20, ,60.7, 
2017/7/31,14:00,0.0, ,120870, ,8.70, ,20.30, ,60.7, 
2017/7/31,15:00,0.0, ,120820, ,11.29, ,20.20, ,60.7, 
2017/7/31,16:00,0.1, ,120770, ,13.87, ,27.40, ,60.7, 
2017/7/31,17:00,10.0, ,120770, ,16.42, ,53.20, ,60.7, 
2017/7/31,18:00,0.7, ,120730, ,42.33, ,61.30, ,60.6, 
2017/7/31,19:00,0.0, ,120640, ,41.44, ,44.10, ,60.6, 
2017/7/31,20:00,0.0, ,120640, ,37.76, ,39.80, ,60.6, 
2017/7/31,21:00,0.0, ,120590, ,33.68, ,36.20, ,60.5, 
2017/7/31,22:00,0.0, ,120590, ,27.58, ,28.60, ,60.5, 
2017/7/31,23:00,0.0, ,120540, ,15.94, ,20.10, ,60.5, 
2017/7/31,24:00,0.0, ,120540, ,19.31, ,20.10, ,60.5, 
