îCà”ä˙ä‘É_ÉÄèîó åüçıåãâ 
êÖånñº,ãgñÏêÏ
âÕêÏñº,ãgñÏêÏ
äœë™èäñº,ëÅñæâYÉ_ÉÄÅiã@ç\Åj
äœë™èäãLçÜ,1368080700010
#
#îNåéì˙,éûçè,ó¨àÊïΩãœâJó ,ó¨àÊïΩãœâJó ëÆê´,íôêÖó ,íôêÖó ëÆê´,ó¨ì¸ó ,ó¨ì¸ó ëÆê´,ï˙ó¨ó ,ï˙ó¨ó ëÆê´,íôêÖó¶,íôêÖó¶ëÆê´
#ëÆê´Å@$:åáë™ -:ñ¢éÛêM
#
2004/5/1,01:00,0.0, ,170810, ,11.56, ,0.00, ,93.9, 
2004/5/1,02:00,0.0, ,170860, ,11.64, ,0.00, ,93.9, 
2004/5/1,03:00,0.0, ,170920, ,16.76, ,0.00, ,94.0, 
2004/5/1,04:00,0.0, ,170920, ,10.38, ,0.00, ,94.0, 
2004/5/1,05:00,0.0, ,170970, ,15.10, ,0.00, ,94.0, 
2004/5/1,06:00,0.0, ,171030, ,12.81, ,0.00, ,94.0, 
2004/5/1,07:00,0.0, ,171090, ,11.78, ,0.00, ,94.1, 
2004/5/1,08:00,0.0, ,171140, ,12.60, ,0.00, ,94.1, 
2004/5/1,09:00,0.0, ,171200, ,12.45, ,0.00, ,94.1, 
2004/5/1,10:00,0.0, ,171200, ,12.58, ,0.00, ,94.1, 
2004/5/1,11:00,0.0, ,171310, ,18.07, ,0.00, ,94.2, 
2004/5/1,12:00,0.0, ,171360, ,21.23, ,0.00, ,94.2, 
2004/5/1,13:00,0.0, ,171420, ,16.59, ,0.00, ,94.3, 
2004/5/1,14:00,0.0, ,171530, ,21.54, ,0.00, ,94.3, 
2004/5/1,15:00,0.0, ,171590, ,21.50, ,0.00, ,94.4, 
2004/5/1,16:00,0.0, ,171640, ,19.54, ,0.00, ,94.4, 
2004/5/1,17:00,0.0, ,171700, ,18.67, ,0.00, ,94.4, 
2004/5/1,18:00,0.0, ,171810, ,21.90, ,0.00, ,94.5, 
2004/5/1,19:00,0.0, ,171870, ,20.40, ,0.00, ,94.5, 
2004/5/1,20:00,0.0, ,171980, ,19.59, ,0.00, ,94.6, 
2004/5/1,21:00,0.0, ,172030, ,21.12, ,0.00, ,94.6, 
2004/5/1,22:00,0.0, ,172090, ,18.95, ,0.00, ,94.7, 
2004/5/1,23:00,0.0, ,172140, ,19.53, ,0.00, ,94.7, 
2004/5/1,24:00,0.0, ,172260, ,19.45, ,0.00, ,94.1, 
2004/5/2,01:00,0.0, ,172310, ,19.84, ,0.00, ,94.1, 
2004/5/2,02:00,0.0, ,172370, ,15.36, ,0.00, ,94.1, 
2004/5/2,03:00,0.0, ,172420, ,15.78, ,0.00, ,94.1, 
2004/5/2,04:00,0.0, ,172420, ,12.18, ,0.00, ,94.1, 
2004/5/2,05:00,0.0, ,172480, ,13.61, ,0.00, ,94.2, 
2004/5/2,06:00,0.0, ,172540, ,9.07, ,0.00, ,94.2, 
2004/5/2,07:00,0.0, ,172540, ,8.42, ,0.00, ,94.2, 
2004/5/2,08:00,0.0, ,172590, ,11.33, ,0.00, ,94.2, 
2004/5/2,09:00,0.0, ,172650, ,10.63, ,0.00, ,94.3, 
2004/5/2,10:00,0.0, ,172650, ,9.15, ,0.00, ,94.3, 
2004/5/2,11:00,0.0, ,172700, ,10.68, ,0.00, ,94.3, 
2004/5/2,12:00,0.0, ,172820, ,24.84, ,0.00, ,94.4, 
2004/5/2,13:00,0.0, ,172870, ,19.12, ,0.00, ,94.4, 
2004/5/2,14:00,0.0, ,172930, ,14.77, ,0.00, ,94.4, 
2004/5/2,15:00,0.0, ,172980, ,19.54, ,0.00, ,94.5, 
2004/5/2,16:00,0.0, ,173040, ,18.22, ,0.00, ,94.5, 
2004/5/2,17:00,0.0, ,173150, ,19.02, ,22.80, ,94.6, 
2004/5/2,18:00,0.1, ,173150, ,28.83, ,48.80, ,94.6, 
2004/5/2,19:00,0.2, ,173040, ,31.04, ,58.00, ,94.5, 
2004/5/2,20:00,0.3, ,172870, ,19.84, ,58.10, ,94.4, 
2004/5/2,21:00,0.0, ,172760, ,18.64, ,35.20, ,94.3, 
2004/5/2,22:00,0.0, ,172700, ,22.79, ,4.20, ,94.3, 
2004/5/2,23:00,0.0, ,172760, ,4.29, ,0.00, ,94.3, 
2004/5/2,24:00,0.0, ,172820, ,16.39, ,0.00, ,94.2, 
2004/5/3,01:00,0.0, ,172870, ,18.99, ,0.00, ,94.2, 
2004/5/3,02:00,0.0, ,172930, ,19.17, ,0.00, ,94.2, 
2004/5/3,03:00,0.0, ,172980, ,16.04, ,0.00, ,94.3, 
2004/5/3,04:00,0.0, ,173100, ,21.07, ,0.00, ,94.3, 
2004/5/3,05:00,0.0, ,173150, ,19.73, ,0.00, ,94.4, 
2004/5/3,06:00,0.0, ,173210, ,18.80, ,0.00, ,94.4, 
2004/5/3,07:00,0.2, ,173260, ,19.19, ,0.00, ,94.4, 
2004/5/3,08:00,0.3, ,173320, ,19.11, ,0.00, ,94.5, 
2004/5/3,09:00,0.2, ,173430, ,19.22, ,0.00, ,94.5, 
2004/5/3,10:00,0.5, ,173490, ,20.63, ,0.00, ,94.6, 
2004/5/3,11:00,0.5, ,173540, ,15.17, ,0.00, ,94.6, 
2004/5/3,12:00,1.1, ,173600, ,19.23, ,0.00, ,94.6, 
2004/5/3,13:00,1.5, ,173710, ,20.64, ,30.10, ,94.7, 
2004/5/3,14:00,1.0, ,173710, ,30.99, ,27.70, ,94.7, 
2004/5/3,15:00,0.9, ,173710, ,28.95, ,31.50, ,94.7, 
2004/5/3,16:00,0.3, ,173660, ,21.85, ,31.70, ,94.7, 
2004/5/3,17:00,1.2, ,173600, ,21.41, ,31.20, ,94.6, 
2004/5/3,18:00,0.6, ,173600, ,19.65, ,52.80, ,94.6, 
2004/5/3,19:00,1.3, ,173490, ,22.52, ,58.80, ,94.6, 
2004/5/3,20:00,1.0, ,173320, ,23.29, ,58.80, ,94.5, 
2004/5/3,21:00,0.7, ,173210, ,22.94, ,35.50, ,94.4, 
2004/5/3,22:00,0.8, ,173150, ,16.76, ,4.30, ,94.4, 
2004/5/3,23:00,0.8, ,173210, ,9.42, ,0.00, ,94.4, 
2004/5/3,24:00,0.7, ,173260, ,20.80, ,0.00, ,94.5, 
2004/5/4,01:00,1.3, ,173380, ,25.32, ,0.00, ,94.6, 
2004/5/4,02:00,0.9, ,173430, ,24.88, ,0.00, ,94.6, 
2004/5/4,03:00,3.6, ,173540, ,27.52, ,0.00, ,94.7, 
2004/5/4,04:00,1.7, ,173660, ,25.62, ,0.00, ,94.7, 
2004/5/4,05:00,3.0, ,173770, ,33.56, ,0.00, ,94.8, 
2004/5/4,06:00,5.4, ,173940, ,36.61, ,0.00, ,94.9, 
2004/5/4,07:00,1.2, ,174050, ,40.53, ,0.00, ,95.0, 
2004/5/4,08:00,2.6, ,174270, ,41.40, ,0.00, ,95.1, 
2004/5/4,09:00,2.8, ,174440, ,57.77, ,0.00, ,95.2, 
2004/5/4,10:00,1.8, ,174730, ,62.44, ,0.00, ,95.4, 
2004/5/4,11:00,2.1, ,174950, ,64.51, ,0.00, ,95.5, 
2004/5/4,12:00,5.6, ,175180, ,67.16, ,0.00, ,95.6, 
2004/5/4,13:00,0.2, ,175400, ,69.60, ,30.00, ,95.7, 
2004/5/4,14:00,0.1, ,175570, ,61.43, ,30.10, ,95.8, 
2004/5/4,15:00,0.0, ,175680, ,71.32, ,30.10, ,95.9, 
2004/5/4,16:00,0.0, ,175850, ,72.14, ,30.30, ,96.0, 
2004/5/4,17:00,0.0, ,175970, ,67.13, ,30.20, ,96.1, 
2004/5/4,18:00,0.0, ,176020, ,59.45, ,52.00, ,96.1, 
2004/5/4,19:00,0.0, ,176020, ,50.19, ,58.40, ,96.1, 
2004/5/4,20:00,0.0, ,176020, ,58.17, ,58.10, ,96.1, 
2004/5/4,21:00,0.0, ,175970, ,55.35, ,36.40, ,96.1, 
2004/5/4,22:00,0.0, ,176020, ,36.61, ,4.40, ,96.1, 
2004/5/4,23:00,0.0, ,176140, ,39.89, ,0.00, ,96.2, 
2004/5/4,24:00,0.0, ,176310, ,38.94, ,0.00, ,96.2, 
2004/5/5,01:00,0.0, ,176420, ,37.54, ,0.00, ,96.3, 
2004/5/5,02:00,0.0, ,176590, ,37.12, ,0.00, ,96.4, 
2004/5/5,03:00,0.0, ,176700, ,39.80, ,0.00, ,96.4, 
2004/5/5,04:00,0.0, ,176820, ,33.21, ,0.00, ,96.5, 
2004/5/5,05:00,0.0, ,176930, ,38.79, ,0.00, ,96.6, 
2004/5/5,06:00,0.0, ,177040, ,31.40, ,0.00, ,96.6, 
2004/5/5,07:00,0.0, ,177160, ,32.88, ,0.00, ,96.7, 
2004/5/5,08:00,0.0, ,177270, ,31.66, ,0.00, ,96.8, 
2004/5/5,09:00,0.0, ,177380, ,30.73, ,0.00, ,96.8, 
2004/5/5,10:00,0.0, ,177500, ,28.46, ,0.00, ,96.9, 
2004/5/5,11:00,0.0, ,177610, ,33.38, ,0.00, ,97.0, 
2004/5/5,12:00,0.0, ,177720, ,26.41, ,0.00, ,97.0, 
2004/5/5,13:00,0.0, ,177780, ,24.99, ,23.30, ,97.1, 
2004/5/5,14:00,0.0, ,177780, ,23.28, ,30.00, ,97.1, 
2004/5/5,15:00,0.0, ,177780, ,29.95, ,29.90, ,97.1, 
2004/5/5,16:00,0.0, ,177780, ,29.95, ,29.90, ,97.1, 
2004/5/5,17:00,0.0, ,177780, ,29.96, ,29.90, ,97.1, 
2004/5/5,18:00,0.0, ,177780, ,30.84, ,57.20, ,97.1, 
2004/5/5,19:00,0.0, ,177670, ,27.70, ,57.60, ,97.0, 
2004/5/5,20:00,0.0, ,177500, ,23.07, ,57.50, ,96.9, 
2004/5/5,21:00,0.0, ,177380, ,21.34, ,32.60, ,96.8, 
2004/5/5,22:00,0.0, ,177380, ,21.97, ,0.00, ,96.8, 
2004/5/5,23:00,0.0, ,177380, ,14.33, ,0.00, ,96.8, 
2004/5/5,24:00,0.0, ,177500, ,12.42, ,0.00, ,97.3, 
2004/5/6,01:00,0.0, ,177550, ,23.87, ,0.00, ,97.4, 
2004/5/6,02:00,0.0, ,177610, ,20.62, ,0.00, ,97.4, 
2004/5/6,03:00,0.0, ,177720, ,24.76, ,0.00, ,97.5, 
2004/5/6,04:00,0.0, ,177780, ,20.53, ,0.00, ,97.5, 
2004/5/6,05:00,0.0, ,177890, ,19.85, ,0.00, ,97.6, 
2004/5/6,06:00,0.0, ,177950, ,25.24, ,0.00, ,97.6, 
2004/5/6,07:00,0.0, ,178010, ,20.29, ,0.00, ,97.6, 
2004/5/6,08:00,0.0, ,178060, ,18.41, ,0.00, ,97.7, 
2004/5/6,09:00,0.0, ,178180, ,21.54, ,0.00, ,97.7, 
2004/5/6,10:00,0.0, ,178240, ,19.90, ,0.00, ,97.8, 
2004/5/6,11:00,0.0, ,178350, ,20.69, ,0.00, ,97.8, 
2004/5/6,12:00,0.0, ,178410, ,23.96, ,0.00, ,97.9, 
2004/5/6,13:00,0.0, ,178460, ,18.34, ,0.00, ,97.9, 
2004/5/6,14:00,0.0, ,178520, ,19.50, ,0.00, ,97.9, 
2004/5/6,15:00,0.0, ,178580, ,18.19, ,0.00, ,98.0, 
2004/5/6,16:00,0.0, ,178690, ,18.67, ,0.00, ,98.0, 
2004/5/6,17:00,0.0, ,178690, ,15.68, ,0.00, ,98.0, 
2004/5/6,18:00,0.0, ,178810, ,17.26, ,0.00, ,98.1, 
2004/5/6,19:00,0.0, ,178860, ,17.21, ,0.00, ,98.1, 
2004/5/6,20:00,0.0, ,178920, ,17.85, ,0.00, ,98.2, 
2004/5/6,21:00,0.0, ,178980, ,14.27, ,0.00, ,98.2, 
2004/5/6,22:00,0.0, ,178980, ,12.51, ,0.00, ,98.2, 
2004/5/6,23:00,0.0, ,179030, ,14.41, ,0.00, ,98.2, 
2004/5/6,24:00,0.0, ,179090, ,9.95, ,0.00, ,98.0, 
2004/5/7,01:00,0.0, ,179150, ,10.30, ,0.00, ,98.1, 
2004/5/7,02:00,0.0, ,179150, ,12.86, ,0.00, ,98.1, 
2004/5/7,03:00,0.0, ,179200, ,5.68, ,0.00, ,98.1, 
2004/5/7,04:00,0.0, ,179260, ,10.48, ,0.00, ,98.1, 
2004/5/7,05:00,0.0, ,179260, ,15.53, ,0.00, ,98.1, 
2004/5/7,06:00,0.0, ,179320, ,4.49, ,0.00, ,98.2, 
2004/5/7,07:00,0.0, ,179320, ,11.36, ,0.00, ,98.2, 
2004/5/7,08:00,0.0, ,179380, ,5.13, ,0.00, ,98.2, 
2004/5/7,09:00,0.0, ,179380, ,10.73, ,0.00, ,98.2, 
2004/5/7,10:00,0.0, ,179430, ,8.96, ,0.00, ,98.2, 
2004/5/7,11:00,0.0, ,179490, ,12.64, ,0.00, ,98.3, 
2004/5/7,12:00,0.0, ,179550, ,19.94, ,0.00, ,98.3, 
2004/5/7,13:00,0.0, ,179600, ,19.33, ,21.30, ,98.3, 
2004/5/7,14:00,0.0, ,179600, ,18.38, ,4.40, ,98.3, 
2004/5/7,15:00,0.0, ,179660, ,18.60, ,0.00, ,98.4, 
2004/5/7,16:00,0.0, ,179720, ,15.19, ,0.00, ,98.4, 
2004/5/7,17:00,0.0, ,179780, ,18.66, ,0.00, ,98.4, 
2004/5/7,18:00,0.0, ,179830, ,18.30, ,0.00, ,98.5, 
2004/5/7,19:00,0.0, ,179890, ,17.37, ,0.00, ,98.5, 
2004/5/7,20:00,0.0, ,180000, ,20.83, ,0.00, ,98.6, 
2004/5/7,21:00,0.0, ,180000, ,16.43, ,0.00, ,98.6, 
2004/5/7,22:00,0.0, ,180120, ,19.91, ,0.00, ,98.6, 
2004/5/7,23:00,0.0, ,180180, ,15.14, ,0.00, ,98.7, 
2004/5/7,24:00,0.0, ,180230, ,19.41, ,0.00, ,98.5, 
2004/5/8,01:00,0.0, ,180290, ,14.09, ,0.00, ,98.6, 
2004/5/8,02:00,0.0, ,180350, ,11.81, ,0.00, ,98.6, 
2004/5/8,03:00,0.0, ,180350, ,15.03, ,0.00, ,98.6, 
2004/5/8,04:00,0.0, ,180410, ,10.33, ,0.00, ,98.6, 
2004/5/8,05:00,0.0, ,180410, ,5.60, ,0.00, ,98.6, 
2004/5/8,06:00,0.0, ,180460, ,15.45, ,0.00, ,98.7, 
2004/5/8,07:00,0.0, ,180520, ,1.46, ,0.00, ,98.7, 
2004/5/8,08:00,0.0, ,180520, ,14.96, ,0.00, ,98.7, 
2004/5/8,09:00,0.0, ,180580, ,1.46, ,0.00, ,98.7, 
2004/5/8,10:00,0.0, ,180580, ,14.48, ,0.00, ,98.7, 
2004/5/8,11:00,0.0, ,180640, ,9.70, ,0.00, ,98.8, 
2004/5/8,12:00,0.0, ,180690, ,15.07, ,26.20, ,98.8, 
2004/5/8,13:00,0.0, ,180690, ,20.40, ,33.20, ,98.8, 
2004/5/8,14:00,0.0, ,180640, ,28.02, ,35.80, ,98.8, 
2004/5/8,15:00,0.0, ,180580, ,16.22, ,35.90, ,98.7, 
2004/5/8,16:00,0.0, ,180520, ,20.27, ,35.90, ,98.7, 
2004/5/8,17:00,0.0, ,180460, ,15.61, ,35.90, ,98.7, 
2004/5/8,18:00,0.0, ,180410, ,15.77, ,36.10, ,98.6, 
2004/5/8,19:00,0.0, ,180350, ,23.50, ,38.50, ,98.6, 
2004/5/8,20:00,0.0, ,180290, ,16.78, ,4.40, ,98.6, 
2004/5/8,21:00,0.0, ,180290, ,16.80, ,0.00, ,98.6, 
2004/5/8,22:00,0.0, ,180350, ,1.81, ,0.00, ,98.6, 
2004/5/8,23:00,0.0, ,180350, ,14.12, ,0.00, ,98.6, 
2004/5/8,24:00,0.0, ,180460, ,16.59, ,0.00, ,99.1, 
2004/5/9,01:00,0.0, ,180460, ,15.27, ,0.00, ,99.1, 
2004/5/9,02:00,0.0, ,180520, ,15.09, ,0.00, ,99.1, 
2004/5/9,03:00,0.6, ,180580, ,12.30, ,0.00, ,99.1, 
2004/5/9,04:00,0.9, ,180640, ,11.88, ,0.00, ,99.2, 
2004/5/9,05:00,0.6, ,180640, ,8.55, ,0.00, ,99.2, 
2004/5/9,06:00,0.2, ,180690, ,10.10, ,0.00, ,99.2, 
2004/5/9,07:00,1.1, ,180750, ,8.05, ,0.00, ,99.2, 
2004/5/9,08:00,1.7, ,180750, ,13.74, ,0.00, ,99.2, 
2004/5/9,09:00,3.7, ,180810, ,7.29, ,0.00, ,99.3, 
2004/5/9,10:00,2.4, ,180860, ,15.35, ,0.00, ,99.3, 
2004/5/9,11:00,1.7, ,180920, ,12.98, ,0.00, ,99.3, 
2004/5/9,12:00,0.9, ,180980, ,20.06, ,0.00, ,99.4, 
2004/5/9,13:00,1.2, ,181090, ,22.41, ,0.00, ,99.4, 
2004/5/9,14:00,0.8, ,181150, ,22.90, ,0.00, ,99.5, 
2004/5/9,15:00,0.6, ,181210, ,20.21, ,0.00, ,99.5, 
2004/5/9,16:00,0.2, ,181320, ,22.91, ,0.00, ,99.6, 
2004/5/9,17:00,0.0, ,181380, ,21.75, ,22.70, ,99.6, 
2004/5/9,18:00,0.4, ,181380, ,25.05, ,27.30, ,99.6, 
2004/5/9,19:00,0.0, ,181380, ,28.35, ,29.80, ,99.6, 
2004/5/9,20:00,0.1, ,181380, ,29.72, ,29.80, ,99.6, 
2004/5/9,21:00,0.9, ,181320, ,20.57, ,0.00, ,99.6, 
2004/5/9,22:00,3.4, ,181380, ,13.68, ,0.00, ,99.6, 
2004/5/9,23:00,3.9, ,181500, ,24.71, ,0.00, ,99.7, 
2004/5/9,24:00,2.3, ,181550, ,26.21, ,0.00, ,99.8, 
2004/5/10,01:00,2.3, ,181730, ,33.16, ,0.00, ,99.9, 
2004/5/10,02:00,3.0, ,181840, ,34.00, ,0.00, ,99.9, 
2004/5/10,03:00,6.8, ,182020, ,45.40, ,0.00, ,100.0, 
2004/5/10,04:00,4.0, ,182250, ,51.55, ,0.00, ,100.0, 
2004/5/10,05:00,3.8, ,182480, ,69.32, ,0.00, ,100.0, 
2004/5/10,06:00,1.6, ,182820, ,77.68, ,0.00, ,100.0, 
2004/5/10,07:00,0.8, ,183110, ,85.78, ,29.40, ,100.0, 
2004/5/10,08:00,0.5, ,183290, ,86.14, ,27.20, ,100.0, 
2004/5/10,09:00,1.2, ,183460, ,81.92, ,51.60, ,100.0, 
2004/5/10,10:00,1.4, ,183580, ,78.78, ,56.60, ,100.0, 
2004/5/10,11:00,4.5, ,183630, ,71.51, ,56.40, ,100.0, 
2004/5/10,12:00,2.3, ,183690, ,77.47, ,35.50, ,100.0, 
2004/5/10,13:00,0.0, ,183810, ,68.74, ,31.90, ,100.0, 
2004/5/10,14:00,0.1, ,183870, ,70.13, ,56.50, ,100.0, 
2004/5/10,15:00,0.0, ,183920, ,78.10, ,56.30, ,100.0, 
2004/5/10,16:00,0.0, ,183980, ,69.95, ,56.40, ,100.0, 
2004/5/10,17:00,0.0, ,184040, ,66.28, ,56.60, ,100.0, 
2004/5/10,18:00,0.0, ,184040, ,65.64, ,56.40, ,100.0, 
2004/5/10,19:00,0.0, ,184040, ,56.60, ,56.60, ,100.0, 
2004/5/10,20:00,0.0, ,184040, ,56.58, ,32.00, ,100.0, 
2004/5/10,21:00,0.0, ,184040, ,42.82, ,19.50, ,100.0, 
2004/5/10,22:00,0.0, ,184100, ,32.77, ,21.70, ,100.0, 
2004/5/10,23:00,0.0, ,184210, ,44.64, ,19.50, ,100.0, 
2004/5/10,24:00,0.0, ,184270, ,44.31, ,19.30, ,100.0, 
2004/5/11,01:00,0.0, ,184390, ,44.33, ,19.60, ,100.0, 
2004/5/11,02:00,0.0, ,184450, ,41.65, ,19.20, ,100.0, 
2004/5/11,03:00,0.0, ,184510, ,39.64, ,19.70, ,100.0, 
2004/5/11,04:00,0.0, ,184560, ,36.41, ,19.30, ,100.0, 
2004/5/11,05:00,0.0, ,184680, ,43.76, ,19.30, ,100.0, 
2004/5/11,06:00,0.0, ,184740, ,35.12, ,19.70, ,100.0, 
2004/5/11,07:00,0.0, ,184800, ,39.69, ,19.20, ,100.0, 
2004/5/11,08:00,0.0, ,184850, ,40.12, ,19.50, ,100.0, 
2004/5/11,09:00,0.0, ,184910, ,33.19, ,30.70, ,100.0, 
2004/5/11,10:00,0.0, ,184910, ,33.59, ,50.90, ,100.0, 
2004/5/11,11:00,0.0, ,184910, ,43.89, ,56.50, ,100.0, 
2004/5/11,12:00,0.0, ,184850, ,45.08, ,31.40, ,100.0, 
2004/5/11,13:00,0.0, ,184850, ,33.09, ,43.70, ,100.0, 
2004/5/11,14:00,0.0, ,184800, ,34.79, ,56.30, ,100.0, 
2004/5/11,15:00,0.0, ,184680, ,30.84, ,56.50, ,100.0, 
2004/5/11,16:00,0.0, ,184620, ,30.93, ,57.50, ,100.0, 
2004/5/11,17:00,0.0, ,184510, ,32.17, ,56.90, ,100.0, 
2004/5/11,18:00,0.0, ,184450, ,32.00, ,57.30, ,100.0, 
2004/5/11,19:00,0.0, ,184330, ,30.44, ,32.10, ,100.0, 
2004/5/11,20:00,0.0, ,184330, ,31.45, ,22.60, ,100.0, 
2004/5/11,21:00,0.0, ,184330, ,26.36, ,21.70, ,100.0, 
2004/5/11,22:00,0.0, ,184330, ,21.60, ,21.70, ,100.0, 
2004/5/11,23:00,0.0, ,184330, ,21.61, ,21.60, ,100.0, 
2004/5/11,24:00,0.0, ,184390, ,35.83, ,18.60, ,100.0, 
2004/5/12,01:00,0.0, ,184450, ,24.96, ,18.40, ,100.0, 
2004/5/12,02:00,0.0, ,184510, ,30.34, ,18.50, ,100.0, 
2004/5/12,03:00,0.0, ,184510, ,33.49, ,4.10, ,100.0, 
2004/5/12,04:00,0.0, ,184620, ,27.83, ,0.00, ,100.0, 
2004/5/12,05:00,0.0, ,184740, ,26.37, ,0.00, ,100.0, 
2004/5/12,06:00,0.0, ,184800, ,27.61, ,0.00, ,100.0, 
2004/5/12,07:00,0.0, ,184910, ,29.58, ,16.00, ,100.0, 
2004/5/12,08:00,0.0, ,184970, ,22.46, ,18.40, ,100.0, 
2004/5/12,09:00,0.0, ,184970, ,32.27, ,18.30, ,100.0, 
2004/5/12,10:00,0.0, ,184970, ,24.02, ,50.40, ,100.0, 
2004/5/12,11:00,0.0, ,184910, ,40.22, ,56.40, ,100.0, 
2004/5/12,12:00,0.0, ,184800, ,30.91, ,33.40, ,100.0, 
2004/5/12,13:00,0.0, ,184800, ,17.27, ,39.70, ,100.0, 
2004/5/12,14:00,0.0, ,184740, ,31.27, ,57.00, ,100.0, 
2004/5/12,15:00,0.0, ,184560, ,22.05, ,57.10, ,100.0, 
2004/5/12,16:00,0.0, ,184450, ,27.21, ,57.10, ,100.0, 
2004/5/12,17:00,0.0, ,184390, ,26.88, ,57.40, ,100.0, 
2004/5/12,18:00,0.0, ,184270, ,24.08, ,57.10, ,99.9, 
2004/5/12,19:00,0.0, ,184160, ,26.47, ,57.10, ,99.9, 
2004/5/12,20:00,0.0, ,184040, ,25.09, ,57.10, ,99.8, 
2004/5/12,21:00,0.0, ,183920, ,22.27, ,33.60, ,99.7, 
2004/5/12,22:00,0.0, ,183870, ,19.37, ,21.30, ,99.7, 
2004/5/12,23:00,0.0, ,183870, ,20.96, ,20.60, ,99.7, 
2004/5/12,24:00,0.0, ,183870, ,19.68, ,18.50, ,100.0, 
2004/5/13,01:00,0.0, ,183870, ,18.37, ,18.30, ,100.0, 
2004/5/13,02:00,0.0, ,183920, ,19.31, ,18.30, ,100.0, 
2004/5/13,03:00,0.0, ,183920, ,33.47, ,18.30, ,100.0, 
2004/5/13,04:00,0.0, ,183920, ,18.33, ,18.40, ,100.0, 
2004/5/13,05:00,0.3, ,183920, ,18.35, ,18.30, ,100.0, 
2004/5/13,06:00,2.4, ,183980, ,33.16, ,18.30, ,100.0, 
2004/5/13,07:00,6.5, ,184040, ,26.51, ,18.30, ,100.0, 
2004/5/13,08:00,8.6, ,184100, ,32.37, ,18.20, ,100.0, 
2004/5/13,09:00,9.4, ,184160, ,42.85, ,30.50, ,100.0, 
2004/5/13,10:00,11.2, ,184330, ,63.60, ,56.30, ,100.0, 
2004/5/13,11:00,3.7, ,184450, ,72.66, ,56.50, ,100.0, 
2004/5/13,12:00,6.4, ,184680, ,110.03, ,56.50, ,100.0, 
2004/5/13,13:00,10.3, ,185090, ,141.87, ,56.50, ,100.0, 
2004/5/13,14:00,4.0, ,185670, ,221.88, ,56.40, ,100.0, 
2004/5/13,15:00,0.4, ,186310, ,238.36, ,56.00, ,100.0, 
2004/5/13,16:00,0.1, ,186840, ,191.83, ,55.90, ,100.0, 
2004/5/13,17:00,0.4, ,187250, ,179.03, ,56.10, ,100.0, 
2004/5/13,18:00,0.9, ,187600, ,135.73, ,56.00, ,100.0, 
2004/5/13,19:00,0.7, ,187780, ,132.28, ,56.20, ,100.0, 
2004/5/13,20:00,0.1, ,188010, ,110.53, ,56.00, ,100.0, 
2004/5/13,21:00,0.1, ,188190, ,102.38, ,55.70, ,100.0, 
2004/5/13,22:00,0.5, ,188360, ,103.35, ,55.70, ,100.0, 
2004/5/13,23:00,0.1, ,188480, ,89.97, ,56.30, ,100.0, 
2004/5/13,24:00,0.5, ,188600, ,84.58, ,56.40, ,100.0, 
2004/5/14,01:00,0.0, ,188660, ,78.27, ,56.60, ,100.0, 
2004/5/14,02:00,0.0, ,188770, ,79.31, ,56.80, ,100.0, 
2004/5/14,03:00,0.0, ,188830, ,76.66, ,56.30, ,100.0, 
2004/5/14,04:00,0.0, ,188890, ,82.99, ,56.50, ,100.0, 
2004/5/14,05:00,0.0, ,188950, ,83.64, ,56.40, ,100.0, 
2004/5/14,06:00,0.0, ,189010, ,71.43, ,56.80, ,100.0, 
2004/5/14,07:00,0.0, ,189070, ,71.06, ,57.00, ,100.0, 
2004/5/14,08:00,0.0, ,189070, ,56.61, ,56.20, ,100.0, 
2004/5/14,09:00,0.0, ,189130, ,65.35, ,56.30, ,100.0, 
2004/5/14,10:00,0.0, ,189130, ,64.11, ,56.50, ,100.0, 
2004/5/14,11:00,0.0, ,189190, ,68.26, ,56.80, ,100.0, 
2004/5/14,12:00,0.0, ,189190, ,61.20, ,56.80, ,100.0, 
2004/5/14,13:00,0.0, ,189190, ,56.50, ,56.50, ,100.0, 
2004/5/14,14:00,0.0, ,189190, ,56.57, ,56.50, ,100.0, 
2004/5/14,15:00,0.0, ,189190, ,56.58, ,56.70, ,100.0, 
2004/5/14,16:00,0.0, ,189190, ,56.41, ,56.80, ,100.0, 
2004/5/14,17:00,0.0, ,189130, ,54.23, ,56.50, ,100.0, 
2004/5/14,18:00,0.0, ,189070, ,39.65, ,56.40, ,100.0, 
2004/5/14,19:00,0.0, ,189070, ,42.38, ,56.70, ,100.0, 
2004/5/14,20:00,0.0, ,189010, ,42.50, ,56.70, ,100.0, 
2004/5/14,21:00,0.0, ,188950, ,43.85, ,56.70, ,100.0, 
2004/5/14,22:00,0.0, ,188890, ,41.84, ,56.50, ,100.0, 
2004/5/14,23:00,0.0, ,188830, ,38.92, ,56.80, ,100.0, 
2004/5/14,24:00,0.0, ,188770, ,37.77, ,56.80, ,100.0, 
2004/5/15,01:00,0.0, ,188720, ,41.30, ,56.40, ,100.0, 
2004/5/15,02:00,0.0, ,188660, ,37.06, ,56.90, ,99.9, 
2004/5/15,03:00,0.0, ,188600, ,42.78, ,56.80, ,99.9, 
2004/5/15,04:00,0.0, ,188480, ,36.16, ,56.80, ,99.8, 
2004/5/15,05:00,0.0, ,188420, ,35.80, ,56.80, ,99.8, 
2004/5/15,06:00,0.0, ,188360, ,40.44, ,56.70, ,99.8, 
2004/5/15,07:00,0.0, ,188300, ,36.70, ,56.40, ,99.7, 
2004/5/15,08:00,0.0, ,188250, ,36.17, ,56.50, ,99.7, 
2004/5/15,09:00,0.0, ,188130, ,32.86, ,56.30, ,99.6, 
2004/5/15,10:00,0.0, ,188070, ,33.71, ,56.70, ,99.6, 
2004/5/15,11:00,0.0, ,187950, ,29.63, ,56.80, ,99.5, 
2004/5/15,12:00,0.0, ,187890, ,32.36, ,56.50, ,99.5, 
2004/5/15,13:00,0.0, ,187830, ,41.93, ,56.70, ,99.5, 
2004/5/15,14:00,0.0, ,187720, ,29.50, ,56.60, ,99.4, 
2004/5/15,15:00,0.0, ,187660, ,41.22, ,56.70, ,99.4, 
2004/5/15,16:00,0.0, ,187600, ,34.87, ,56.70, ,99.3, 
2004/5/15,17:00,0.1, ,187480, ,31.03, ,56.80, ,99.3, 
2004/5/15,18:00,1.1, ,187420, ,33.39, ,56.60, ,99.2, 
2004/5/15,19:00,1.9, ,187310, ,31.07, ,56.80, ,99.2, 
2004/5/15,20:00,3.8, ,187250, ,36.73, ,56.80, ,99.1, 
2004/5/15,21:00,8.4, ,187190, ,39.13, ,57.30, ,99.1, 
2004/5/15,22:00,1.9, ,187130, ,43.56, ,56.80, ,99.1, 
2004/5/15,23:00,7.1, ,187070, ,36.68, ,57.10, ,99.0, 
2004/5/15,24:00,4.8, ,187130, ,53.22, ,56.90, ,100.0, 
2004/5/16,01:00,2.9, ,187130, ,68.02, ,56.60, ,100.0, 
2004/5/16,02:00,1.4, ,187250, ,78.31, ,56.80, ,100.0, 
2004/5/16,03:00,0.7, ,187370, ,80.39, ,56.80, ,100.0, 
2004/5/16,04:00,0.8, ,187480, ,88.18, ,56.50, ,100.0, 
2004/5/16,05:00,2.6, ,187540, ,83.42, ,56.60, ,100.0, 
2004/5/16,06:00,4.2, ,187600, ,78.88, ,56.80, ,100.0, 
2004/5/16,07:00,8.2, ,187780, ,86.94, ,56.80, ,100.0, 
2004/5/16,08:00,4.5, ,187890, ,85.72, ,56.40, ,100.0, 
2004/5/16,09:00,7.4, ,188070, ,112.40, ,56.20, ,100.0, 
2004/5/16,10:00,5.5, ,188480, ,148.91, ,56.50, ,100.0, 
2004/5/16,11:00,1.3, ,188830, ,169.06, ,56.70, ,100.0, 
2004/5/16,12:00,0.0, ,189250, ,161.21, ,56.70, ,100.0, 
2004/5/16,13:00,1.1, ,189600, ,162.60, ,56.50, ,100.0, 
2004/5/16,14:00,2.5, ,189950, ,148.21, ,56.40, ,100.0, 
2004/5/16,15:00,1.9, ,190250, ,132.47, ,56.30, ,100.0, 
2004/5/16,16:00,0.2, ,190480, ,126.14, ,56.30, ,100.0, 
2004/5/16,17:00,0.0, ,190720, ,118.49, ,56.50, ,100.0, 
2004/5/16,18:00,0.0, ,190900, ,110.96, ,56.30, ,100.0, 
2004/5/16,19:00,0.1, ,191070, ,109.74, ,56.30, ,100.0, 
2004/5/16,20:00,0.1, ,191250, ,102.10, ,56.20, ,100.0, 
2004/5/16,21:00,0.0, ,191370, ,98.16, ,56.70, ,100.0, 
2004/5/16,22:00,0.4, ,191490, ,90.08, ,56.00, ,100.0, 
2004/5/16,23:00,0.5, ,191610, ,98.64, ,56.40, ,100.0, 
2004/5/16,24:00,0.0, ,191720, ,86.99, ,56.30, ,100.0, 
2004/5/17,01:00,0.9, ,191840, ,84.97, ,56.20, ,100.0, 
2004/5/17,02:00,2.4, ,191960, ,87.39, ,56.40, ,100.0, 
2004/5/17,03:00,1.4, ,192080, ,76.70, ,56.30, ,100.0, 
2004/5/17,04:00,0.1, ,192260, ,100.14, ,56.20, ,100.0, 
2004/5/17,05:00,0.0, ,192380, ,105.57, ,56.20, ,100.0, 
2004/5/17,06:00,0.0, ,192550, ,104.65, ,56.10, ,100.0, 
2004/5/17,07:00,7.6, ,192850, ,124.17, ,56.10, ,100.0, 
2004/5/17,08:00,0.8, ,192970, ,108.94, ,56.10, ,100.0, 
2004/5/17,09:00,0.1, ,193270, ,116.00, ,56.20, ,100.0, 
2004/5/17,10:00,0.0, ,193450, ,115.10, ,55.70, ,100.0, 
2004/5/17,11:00,0.0, ,193690, ,124.49, ,55.90, ,100.0, 
2004/5/17,12:00,0.0, ,193920, ,116.50, ,55.90, ,100.0, 
2004/5/17,13:00,0.0, ,194100, ,119.77, ,56.00, ,100.0, 
2004/5/17,14:00,0.0, ,194340, ,116.50, ,56.40, ,100.0, 
2004/5/17,15:00,0.4, ,194520, ,102.18, ,56.40, ,100.0, 
2004/5/17,16:00,0.0, ,194640, ,74.57, ,56.20, ,100.0, 
2004/5/17,17:00,0.0, ,194700, ,81.06, ,56.20, ,100.0, 
2004/5/17,18:00,0.0, ,194820, ,71.05, ,56.20, ,100.0, 
2004/5/17,19:00,0.0, ,194880, ,65.15, ,56.40, ,100.0, 
2004/5/17,20:00,0.0, ,194940, ,63.23, ,56.40, ,100.0, 
2004/5/17,21:00,0.0, ,194940, ,56.36, ,56.30, ,100.0, 
2004/5/17,22:00,0.0, ,195000, ,77.76, ,56.30, ,100.0, 
2004/5/17,23:00,0.0, ,195000, ,56.29, ,55.90, ,100.0, 
2004/5/17,24:00,0.0, ,195060, ,69.60, ,55.90, ,100.0, 
2004/5/18,01:00,0.0, ,195060, ,56.29, ,56.50, ,100.0, 
2004/5/18,02:00,0.0, ,195060, ,56.30, ,56.00, ,100.0, 
2004/5/18,03:00,0.0, ,195060, ,56.28, ,56.40, ,100.0, 
2004/5/18,04:00,0.0, ,195060, ,56.32, ,56.50, ,100.0, 
2004/5/18,05:00,0.0, ,195000, ,24.49, ,56.50, ,100.0, 
2004/5/18,06:00,0.0, ,195000, ,56.27, ,56.50, ,100.0, 
2004/5/18,07:00,0.0, ,195000, ,56.32, ,56.50, ,100.0, 
2004/5/18,08:00,0.0, ,194940, ,31.27, ,56.20, ,99.9, 
2004/5/18,09:00,0.0, ,194940, ,56.34, ,56.30, ,99.9, 
2004/5/18,10:00,0.0, ,194880, ,23.44, ,56.60, ,99.9, 
2004/5/18,11:00,0.0, ,194880, ,56.26, ,56.30, ,99.9, 
2004/5/18,12:00,0.0, ,194820, ,45.89, ,56.40, ,99.9, 
2004/5/18,13:00,0.0, ,194820, ,41.31, ,56.50, ,99.9, 
2004/5/18,14:00,0.0, ,194700, ,25.90, ,56.40, ,99.8, 
2004/5/18,15:00,0.0, ,194700, ,43.87, ,56.10, ,99.8, 
2004/5/18,16:00,0.0, ,194640, ,48.82, ,56.50, ,99.8, 
2004/5/18,17:00,0.0, ,194580, ,35.44, ,56.60, ,99.7, 
2004/5/18,18:00,0.0, ,194580, ,56.32, ,56.30, ,99.7, 
2004/5/18,19:00,0.0, ,194460, ,41.84, ,56.40, ,99.7, 
2004/5/18,20:00,0.0, ,194460, ,56.38, ,56.30, ,99.7, 
2004/5/18,21:00,0.0, ,194400, ,51.11, ,56.40, ,99.6, 
2004/5/18,22:00,0.0, ,194340, ,36.79, ,56.50, ,99.6, 
2004/5/18,23:00,0.0, ,194280, ,24.21, ,56.60, ,99.5, 
2004/5/18,24:00,0.0, ,194220, ,45.66, ,56.60, ,100.0, 
2004/5/19,01:00,0.0, ,194160, ,35.77, ,56.60, ,100.0, 
2004/5/19,02:00,0.0, ,194100, ,53.81, ,56.30, ,99.9, 
2004/5/19,03:00,0.0, ,193980, ,39.86, ,56.60, ,99.9, 
2004/5/19,04:00,0.0, ,193920, ,43.80, ,56.10, ,99.8, 
2004/5/19,05:00,0.0, ,193860, ,24.37, ,56.50, ,99.8, 
2004/5/19,06:00,0.0, ,193800, ,41.04, ,56.40, ,99.8, 
2004/5/19,07:00,0.0, ,193690, ,41.97, ,56.60, ,99.7, 
2004/5/19,08:00,0.0, ,193630, ,26.56, ,56.40, ,99.7, 
2004/5/19,09:00,0.2, ,193570, ,24.89, ,56.50, ,99.6, 
2004/5/19,10:00,0.7, ,193510, ,40.12, ,56.30, ,99.6, 
2004/5/19,11:00,0.4, ,193450, ,31.28, ,56.70, ,99.6, 
2004/5/19,12:00,0.7, ,193330, ,39.42, ,56.70, ,99.5, 
2004/5/19,13:00,1.0, ,193270, ,50.70, ,56.80, ,99.5, 
2004/5/19,14:00,0.0, ,193210, ,30.78, ,56.20, ,99.4, 
2004/5/19,15:00,0.0, ,193090, ,37.94, ,56.40, ,99.3, 
2004/5/19,16:00,0.4, ,193090, ,56.48, ,56.70, ,99.3, 
2004/5/19,17:00,1.9, ,192970, ,26.19, ,56.70, ,99.3, 
2004/5/19,18:00,3.7, ,192910, ,48.41, ,56.50, ,99.2, 
2004/5/19,19:00,1.9, ,192850, ,26.04, ,56.70, ,99.2, 
2004/5/19,20:00,1.0, ,192790, ,55.13, ,56.60, ,99.2, 
2004/5/19,21:00,0.9, ,192730, ,33.23, ,56.50, ,99.1, 
2004/5/19,22:00,0.3, ,192670, ,54.03, ,56.50, ,99.1, 
2004/5/19,23:00,0.8, ,192610, ,39.54, ,56.80, ,99.1, 
2004/5/19,24:00,1.3, ,192550, ,31.13, ,56.60, ,100.0, 
2004/5/20,01:00,1.3, ,192500, ,47.14, ,56.30, ,100.0, 
2004/5/20,02:00,1.0, ,192440, ,35.53, ,56.60, ,99.9, 
2004/5/20,03:00,3.2, ,192380, ,49.68, ,56.40, ,99.9, 
2004/5/20,04:00,2.1, ,192320, ,42.53, ,56.50, ,99.9, 
2004/5/20,05:00,0.4, ,192260, ,32.11, ,56.90, ,99.8, 
2004/5/20,06:00,0.3, ,192200, ,23.80, ,56.90, ,99.8, 
2004/5/20,07:00,0.8, ,192140, ,47.29, ,56.80, ,99.8, 
2004/5/20,08:00,0.4, ,192140, ,57.56, ,56.60, ,99.8, 
2004/5/20,09:00,0.9, ,192080, ,51.14, ,56.60, ,99.7, 
2004/5/20,10:00,0.6, ,192020, ,55.61, ,56.40, ,99.7, 
2004/5/20,11:00,0.0, ,192020, ,56.69, ,56.60, ,99.7, 
2004/5/20,12:00,0.5, ,191960, ,43.62, ,56.70, ,99.7, 
2004/5/20,13:00,0.7, ,191900, ,31.67, ,56.40, ,99.6, 
2004/5/20,14:00,2.8, ,191840, ,45.41, ,56.40, ,99.6, 
2004/5/20,15:00,5.1, ,191840, ,56.76, ,56.60, ,99.6, 
2004/5/20,16:00,2.6, ,191840, ,56.66, ,56.60, ,99.6, 
2004/5/20,17:00,2.2, ,191840, ,56.65, ,56.90, ,99.6, 
2004/5/20,18:00,3.5, ,191840, ,56.64, ,56.50, ,99.6, 
2004/5/20,19:00,2.6, ,191960, ,72.60, ,56.60, ,99.7, 
2004/5/20,20:00,2.9, ,192020, ,88.93, ,56.60, ,99.7, 
2004/5/20,21:00,2.8, ,192140, ,87.67, ,57.00, ,99.8, 
2004/5/20,22:00,2.4, ,192320, ,111.33, ,56.80, ,99.9, 
2004/5/20,23:00,1.6, ,192550, ,116.33, ,56.50, ,100.0, 
2004/5/20,24:00,0.4, ,192730, ,114.48, ,56.70, ,100.0, 
2004/5/21,01:00,0.0, ,192970, ,117.45, ,56.50, ,100.0, 
2004/5/21,02:00,0.1, ,193150, ,111.07, ,56.40, ,100.0, 
2004/5/21,03:00,0.0, ,193330, ,103.60, ,56.50, ,100.0, 
2004/5/21,04:00,0.3, ,193510, ,94.85, ,56.30, ,100.0, 
2004/5/21,05:00,0.0, ,193630, ,87.55, ,56.50, ,100.0, 
2004/5/21,06:00,0.0, ,193750, ,81.23, ,56.40, ,100.0, 
2004/5/21,07:00,0.0, ,193800, ,78.07, ,56.40, ,100.0, 
2004/5/21,08:00,0.0, ,193860, ,61.55, ,56.50, ,100.0, 
2004/5/21,09:00,0.0, ,193920, ,56.88, ,56.40, ,100.0, 
2004/5/21,10:00,0.0, ,193980, ,80.81, ,56.20, ,100.0, 
2004/5/21,11:00,0.0, ,194040, ,78.04, ,56.50, ,100.0, 
2004/5/21,12:00,0.0, ,194100, ,62.22, ,56.60, ,100.0, 
2004/5/21,13:00,0.0, ,194100, ,56.44, ,56.50, ,100.0, 
2004/5/21,14:00,0.0, ,194100, ,56.53, ,56.50, ,100.0, 
2004/5/21,15:00,0.0, ,194160, ,87.76, ,56.30, ,100.0, 
2004/5/21,16:00,0.0, ,194160, ,56.45, ,56.20, ,100.0, 
2004/5/21,17:00,0.0, ,194160, ,56.40, ,56.40, ,100.0, 
2004/5/21,18:00,0.0, ,194160, ,56.42, ,56.30, ,100.0, 
2004/5/21,19:00,0.0, ,194160, ,56.43, ,56.30, ,100.0, 
2004/5/21,20:00,0.0, ,194160, ,56.49, ,56.30, ,100.0, 
2004/5/21,21:00,0.0, ,194160, ,56.44, ,56.60, ,100.0, 
2004/5/21,22:00,0.0, ,194160, ,56.41, ,56.50, ,100.0, 
2004/5/21,23:00,0.0, ,194160, ,56.40, ,56.60, ,100.0, 
2004/5/21,24:00,0.0, ,194160, ,56.43, ,33.60, ,100.0, 
2004/5/22,01:00,0.0, ,194160, ,31.23, ,31.40, ,100.0, 
2004/5/22,02:00,0.0, ,194220, ,58.75, ,31.30, ,100.0, 
2004/5/22,03:00,0.0, ,194280, ,56.73, ,31.30, ,100.0, 
2004/5/22,04:00,0.0, ,194340, ,38.64, ,31.30, ,100.0, 
2004/5/22,05:00,0.0, ,194400, ,51.25, ,31.30, ,100.0, 
2004/5/22,06:00,0.0, ,194460, ,34.31, ,31.30, ,100.0, 
2004/5/22,07:00,0.0, ,194520, ,45.63, ,31.50, ,100.0, 
2004/5/22,08:00,0.0, ,194580, ,32.22, ,51.60, ,100.0, 
2004/5/22,09:00,0.0, ,194580, ,55.27, ,54.80, ,100.0, 
2004/5/22,10:00,0.0, ,194580, ,55.22, ,55.20, ,100.0, 
2004/5/22,11:00,0.0, ,194580, ,55.21, ,55.20, ,100.0, 
2004/5/22,12:00,0.0, ,194520, ,52.91, ,55.20, ,100.0, 
2004/5/22,13:00,0.0, ,194460, ,33.29, ,55.20, ,100.0, 
2004/5/22,14:00,0.0, ,194400, ,53.36, ,55.10, ,100.0, 
2004/5/22,15:00,0.0, ,194400, ,55.20, ,55.20, ,100.0, 
2004/5/22,16:00,0.0, ,194340, ,30.85, ,55.30, ,100.0, 
2004/5/22,17:00,0.0, ,194280, ,41.86, ,55.20, ,100.0, 
2004/5/22,18:00,0.0, ,194220, ,53.56, ,55.10, ,100.0, 
2004/5/22,19:00,0.0, ,194220, ,55.26, ,55.30, ,100.0, 
2004/5/22,20:00,0.0, ,194160, ,46.25, ,55.00, ,100.0, 
2004/5/22,21:00,0.0, ,194100, ,31.17, ,55.00, ,100.0, 
2004/5/22,22:00,0.0, ,194040, ,40.73, ,55.30, ,99.9, 
2004/5/22,23:00,0.0, ,193980, ,27.14, ,55.10, ,99.9, 
2004/5/22,24:00,0.0, ,193920, ,31.77, ,33.10, ,100.0, 
2004/5/23,01:00,0.0, ,193920, ,31.21, ,31.50, ,100.0, 
2004/5/23,02:00,0.0, ,193920, ,31.40, ,31.40, ,100.0, 
2004/5/23,03:00,0.0, ,193980, ,58.80, ,31.40, ,100.0, 
2004/5/23,04:00,0.0, ,193980, ,31.39, ,31.40, ,100.0, 
2004/5/23,05:00,0.0, ,194040, ,33.37, ,31.40, ,100.0, 
2004/5/23,06:00,0.0, ,194040, ,31.35, ,31.20, ,100.0, 
2004/5/23,07:00,0.0, ,194040, ,31.34, ,31.70, ,100.0, 
2004/5/23,08:00,0.0, ,194100, ,63.11, ,31.60, ,100.0, 
2004/5/23,09:00,0.0, ,194040, ,49.18, ,55.50, ,100.0, 
2004/5/23,10:00,0.0, ,193980, ,33.70, ,55.60, ,100.0, 
2004/5/23,11:00,0.0, ,193920, ,33.14, ,54.90, ,100.0, 
2004/5/23,12:00,0.0, ,193860, ,22.35, ,55.00, ,100.0, 
2004/5/23,13:00,0.0, ,193750, ,32.55, ,55.30, ,99.9, 
2004/5/23,14:00,0.0, ,193690, ,32.43, ,55.30, ,99.9, 
2004/5/23,15:00,0.0, ,193630, ,34.98, ,55.30, ,99.8, 
2004/5/23,16:00,0.0, ,193570, ,32.57, ,55.10, ,99.8, 
2004/5/23,17:00,0.0, ,193510, ,36.25, ,56.00, ,99.8, 
2004/5/23,18:00,0.0, ,193390, ,39.50, ,56.00, ,99.7, 
2004/5/23,19:00,0.0, ,193330, ,24.36, ,55.80, ,99.6, 
2004/5/23,20:00,0.0, ,193210, ,33.64, ,56.20, ,99.6, 
2004/5/23,21:00,0.0, ,193150, ,30.71, ,55.90, ,99.5, 
2004/5/23,22:00,0.0, ,193030, ,26.96, ,56.10, ,99.5, 
2004/5/23,23:00,0.0, ,192910, ,32.53, ,55.90, ,99.4, 
2004/5/23,24:00,0.0, ,192790, ,19.83, ,55.90, ,100.0, 
2004/5/24,01:00,0.0, ,192670, ,22.90, ,55.80, ,99.9, 
2004/5/24,02:00,0.0, ,192610, ,28.17, ,56.00, ,99.9, 
2004/5/24,03:00,0.0, ,192500, ,30.14, ,55.90, ,99.8, 
2004/5/24,04:00,0.0, ,192380, ,29.47, ,55.80, ,99.8, 
2004/5/24,05:00,0.0, ,192260, ,26.98, ,56.00, ,99.7, 
2004/5/24,06:00,0.0, ,192200, ,23.62, ,56.50, ,99.6, 
2004/5/24,07:00,0.0, ,192080, ,25.86, ,56.50, ,99.6, 
2004/5/24,08:00,0.0, ,191960, ,29.03, ,56.10, ,99.5, 
2004/5/24,09:00,0.0, ,191840, ,25.54, ,56.20, ,99.4, 
2004/5/24,10:00,0.0, ,191720, ,25.85, ,56.40, ,99.4, 
2004/5/24,11:00,0.0, ,191610, ,25.96, ,56.20, ,99.3, 
2004/5/24,12:00,0.0, ,191550, ,25.26, ,56.00, ,99.3, 
2004/5/24,13:00,0.0, ,191430, ,25.44, ,56.50, ,99.2, 
2004/5/24,14:00,0.0, ,191310, ,29.73, ,56.20, ,99.1, 
2004/5/24,15:00,0.0, ,191190, ,32.59, ,56.00, ,99.0, 
2004/5/24,16:00,0.0, ,191070, ,24.84, ,56.00, ,99.0, 
2004/5/24,17:00,0.0, ,190950, ,26.09, ,56.40, ,98.9, 
2004/5/24,18:00,0.0, ,190840, ,20.69, ,56.20, ,98.8, 
2004/5/24,19:00,0.0, ,190720, ,23.21, ,56.10, ,98.8, 
2004/5/24,20:00,0.0, ,190600, ,25.22, ,56.40, ,98.7, 
2004/5/24,21:00,0.0, ,190480, ,16.48, ,56.20, ,98.6, 
2004/5/24,22:00,0.0, ,190360, ,25.45, ,56.40, ,98.5, 
2004/5/24,23:00,0.0, ,190250, ,18.45, ,56.30, ,98.5, 
2004/5/24,24:00,0.0, ,190130, ,25.96, ,56.60, ,100.0, 
2004/5/25,01:00,0.0, ,190010, ,26.93, ,56.20, ,99.9, 
2004/5/25,02:00,0.0, ,189890, ,25.64, ,56.50, ,99.9, 
2004/5/25,03:00,0.0, ,189770, ,24.01, ,56.40, ,99.8, 
2004/5/25,04:00,0.0, ,189660, ,22.16, ,56.40, ,99.7, 
2004/5/25,05:00,0.0, ,189480, ,14.56, ,56.50, ,99.6, 
2004/5/25,06:00,0.0, ,189300, ,18.26, ,56.40, ,99.5, 
2004/5/25,07:00,0.0, ,189190, ,19.96, ,56.90, ,99.4, 
2004/5/25,08:00,0.0, ,189010, ,14.18, ,56.60, ,99.3, 
2004/5/25,09:00,0.0, ,188830, ,16.08, ,56.50, ,99.2, 
2004/5/25,10:00,0.0, ,188720, ,17.91, ,56.70, ,99.1, 
2004/5/25,11:00,0.0, ,188600, ,24.67, ,56.80, ,99.1, 
2004/5/25,12:00,0.0, ,188480, ,21.95, ,56.60, ,99.0, 
2004/5/25,13:00,0.0, ,188360, ,27.49, ,56.40, ,98.9, 
2004/5/25,14:00,0.0, ,188190, ,19.88, ,56.70, ,98.8, 
2004/5/25,15:00,0.0, ,188070, ,23.99, ,56.70, ,98.8, 
2004/5/25,16:00,0.0, ,187950, ,22.60, ,56.50, ,98.7, 
2004/5/25,17:00,0.0, ,187780, ,20.78, ,56.80, ,98.6, 
2004/5/25,18:00,0.0, ,187660, ,21.08, ,56.70, ,98.5, 
2004/5/25,19:00,0.0, ,187540, ,22.58, ,56.80, ,98.4, 
2004/5/25,20:00,0.0, ,187420, ,19.35, ,56.80, ,98.4, 
2004/5/25,21:00,0.0, ,187310, ,24.19, ,56.80, ,98.3, 
2004/5/25,22:00,0.0, ,187190, ,21.34, ,56.90, ,98.2, 
2004/5/25,23:00,0.0, ,187010, ,18.82, ,56.50, ,98.1, 
2004/5/25,24:00,0.0, ,186900, ,20.32, ,56.80, ,100.0, 
2004/5/26,01:00,0.0, ,186780, ,19.38, ,56.60, ,99.9, 
2004/5/26,02:00,0.0, ,186600, ,17.92, ,56.90, ,99.8, 
2004/5/26,03:00,0.0, ,186430, ,14.96, ,56.80, ,99.7, 
2004/5/26,04:00,0.0, ,186310, ,17.28, ,56.90, ,99.6, 
2004/5/26,05:00,0.0, ,186140, ,20.71, ,57.10, ,99.5, 
2004/5/26,06:00,0.0, ,185960, ,13.89, ,57.10, ,99.4, 
2004/5/26,07:00,0.0, ,185790, ,11.74, ,57.10, ,99.3, 
2004/5/26,08:00,0.0, ,185610, ,10.57, ,57.10, ,99.2, 
2004/5/26,09:00,0.0, ,185440, ,11.73, ,57.10, ,99.1, 
2004/5/26,10:00,0.0, ,185260, ,12.65, ,57.10, ,99.0, 
2004/5/26,11:00,0.0, ,185150, ,20.76, ,57.10, ,98.9, 
2004/5/26,12:00,0.0, ,185030, ,23.33, ,57.10, ,98.9, 
2004/5/26,13:00,0.0, ,184850, ,21.41, ,57.20, ,98.7, 
2004/5/26,14:00,0.0, ,184740, ,14.06, ,57.30, ,98.7, 
2004/5/26,15:00,0.0, ,184560, ,14.58, ,56.90, ,98.6, 
2004/5/26,16:00,0.0, ,184450, ,20.93, ,57.00, ,98.5, 
2004/5/26,17:00,0.0, ,184330, ,26.37, ,57.00, ,98.4, 
2004/5/26,18:00,0.0, ,184160, ,18.19, ,56.80, ,98.3, 
2004/5/26,19:00,0.0, ,184040, ,19.79, ,56.90, ,98.2, 
2004/5/26,20:00,0.0, ,183920, ,15.95, ,57.40, ,98.2, 
2004/5/26,21:00,0.0, ,183750, ,21.07, ,57.30, ,98.1, 
2004/5/26,22:00,0.0, ,183580, ,19.40, ,57.40, ,98.0, 
2004/5/26,23:00,0.0, ,183460, ,10.18, ,57.40, ,97.9, 
2004/5/26,24:00,0.0, ,183340, ,27.56, ,57.50, ,100.0, 
2004/5/27,01:00,0.0, ,183170, ,9.27, ,57.10, ,99.9, 
2004/5/27,02:00,0.0, ,183050, ,21.91, ,57.10, ,99.8, 
2004/5/27,03:00,0.0, ,182880, ,14.46, ,57.10, ,99.7, 
2004/5/27,04:00,0.0, ,182710, ,7.64, ,57.50, ,99.6, 
2004/5/27,05:00,0.0, ,182530, ,16.34, ,57.30, ,99.5, 
2004/5/27,06:00,0.0, ,182360, ,9.36, ,57.70, ,99.4, 
2004/5/27,07:00,0.0, ,182190, ,9.57, ,57.40, ,99.3, 
2004/5/27,08:00,0.0, ,182020, ,10.69, ,57.60, ,99.2, 
2004/5/27,09:00,0.0, ,181840, ,12.09, ,57.50, ,99.1, 
2004/5/27,10:00,0.0, ,181670, ,6.86, ,57.30, ,99.0, 
2004/5/27,11:00,0.0, ,181550, ,20.80, ,57.30, ,98.9, 
2004/5/27,12:00,0.0, ,181380, ,20.28, ,57.10, ,98.8, 
2004/5/27,13:00,0.0, ,181210, ,11.53, ,57.90, ,98.7, 
2004/5/27,14:00,0.0, ,181090, ,23.89, ,57.80, ,98.6, 
2004/5/27,15:00,0.0, ,180980, ,18.88, ,57.70, ,98.5, 
2004/5/27,16:00,0.0, ,180810, ,24.02, ,57.50, ,98.4, 
2004/5/27,17:00,0.0, ,180640, ,13.48, ,57.50, ,98.3, 
2004/5/27,18:00,0.0, ,180520, ,14.88, ,57.70, ,98.3, 
2004/5/27,19:00,0.0, ,180350, ,20.87, ,57.80, ,98.2, 
2004/5/27,20:00,0.0, ,180230, ,17.24, ,57.60, ,98.1, 
2004/5/27,21:00,0.0, ,180060, ,19.91, ,57.80, ,98.0, 
2004/5/27,22:00,0.0, ,179950, ,18.94, ,57.70, ,97.9, 
2004/5/27,23:00,0.0, ,179780, ,18.97, ,57.60, ,97.8, 
2004/5/27,24:00,0.0, ,179660, ,16.49, ,58.00, ,100.0, 
2004/5/28,01:00,0.0, ,179490, ,15.07, ,57.90, ,99.9, 
2004/5/28,02:00,0.0, ,179320, ,15.72, ,57.60, ,99.8, 
2004/5/28,03:00,0.0, ,179200, ,14.96, ,58.00, ,99.7, 
2004/5/28,04:00,0.0, ,178980, ,14.21, ,57.80, ,99.6, 
2004/5/28,05:00,0.0, ,178810, ,8.47, ,58.00, ,99.5, 
2004/5/28,06:00,0.0, ,178630, ,8.30, ,58.40, ,99.4, 
2004/5/28,07:00,0.0, ,178460, ,10.62, ,58.10, ,99.3, 
2004/5/28,08:00,0.0, ,178290, ,10.19, ,58.20, ,99.1, 
2004/5/28,09:00,0.0, ,178060, ,13.40, ,58.20, ,99.0, 
2004/5/28,10:00,0.0, ,177950, ,13.41, ,57.90, ,98.9, 
2004/5/28,11:00,0.0, ,177720, ,18.98, ,58.00, ,98.8, 
2004/5/28,12:00,0.0, ,177610, ,19.65, ,58.10, ,98.7, 
2004/5/28,13:00,0.0, ,177440, ,15.01, ,58.30, ,98.6, 
2004/5/28,14:00,0.0, ,177330, ,10.47, ,58.50, ,98.5, 
2004/5/28,15:00,0.0, ,177160, ,17.46, ,58.20, ,98.4, 
2004/5/28,16:00,0.0, ,176990, ,11.07, ,58.20, ,98.3, 
2004/5/28,17:00,0.0, ,176870, ,12.64, ,58.10, ,98.3, 
2004/5/28,18:00,0.0, ,176700, ,14.54, ,58.40, ,98.2, 
2004/5/28,19:00,0.0, ,176590, ,13.67, ,58.30, ,98.1, 
2004/5/28,20:00,0.0, ,176420, ,19.03, ,58.70, ,98.0, 
2004/5/28,21:00,0.0, ,176250, ,12.59, ,58.30, ,97.9, 
2004/5/28,22:00,0.0, ,176140, ,24.00, ,58.20, ,97.8, 
2004/5/28,23:00,0.0, ,175970, ,20.08, ,58.80, ,97.7, 
2004/5/28,24:00,0.0, ,175850, ,21.81, ,30.30, ,100.0, 
2004/5/29,01:00,0.0, ,175740, ,19.79, ,30.10, ,99.9, 
2004/5/29,02:00,0.0, ,175740, ,30.01, ,30.10, ,99.9, 
2004/5/29,03:00,0.0, ,175630, ,7.28, ,30.10, ,99.9, 
2004/5/29,04:00,0.0, ,175570, ,5.60, ,29.90, ,99.8, 
2004/5/29,05:00,0.0, ,175460, ,15.30, ,30.00, ,99.7, 
2004/5/29,06:00,0.0, ,175400, ,4.70, ,30.10, ,99.7, 
2004/5/29,07:00,0.0, ,175350, ,20.97, ,30.10, ,99.7, 
2004/5/29,08:00,0.5, ,175230, ,8.51, ,51.10, ,99.6, 
2004/5/29,09:00,0.1, ,175060, ,10.51, ,58.50, ,99.5, 
2004/5/29,10:00,0.0, ,174840, ,12.98, ,58.60, ,99.4, 
2004/5/29,11:00,0.0, ,174730, ,15.34, ,58.60, ,99.3, 
2004/5/29,12:00,0.0, ,174560, ,12.17, ,58.40, ,99.2, 
2004/5/29,13:00,0.0, ,174440, ,13.41, ,58.30, ,99.1, 
2004/5/29,14:00,0.0, ,174270, ,22.89, ,58.50, ,99.0, 
2004/5/29,15:00,0.0, ,174110, ,16.91, ,58.60, ,98.9, 
2004/5/29,16:00,0.0, ,173940, ,15.91, ,58.60, ,98.8, 
2004/5/29,17:00,0.0, ,173770, ,15.40, ,58.80, ,98.7, 
2004/5/29,18:00,0.0, ,173660, ,14.74, ,58.50, ,98.6, 
2004/5/29,19:00,0.0, ,173490, ,14.04, ,58.60, ,98.5, 
2004/5/29,20:00,0.0, ,173380, ,17.46, ,58.50, ,98.4, 
2004/5/29,21:00,0.0, ,173150, ,19.21, ,58.90, ,98.3, 
2004/5/29,22:00,0.0, ,173040, ,21.56, ,58.80, ,98.2, 
2004/5/29,23:00,0.0, ,172870, ,13.20, ,58.70, ,98.1, 
2004/5/29,24:00,0.0, ,172760, ,16.88, ,36.80, ,100.0, 
2004/5/30,01:00,0.0, ,172650, ,20.89, ,32.80, ,99.9, 
2004/5/30,02:00,0.0, ,172590, ,17.51, ,4.10, ,99.9, 
2004/5/30,03:00,0.0, ,172590, ,0.00, ,0.00, ,99.9, 
2004/5/30,04:00,0.0, ,172590, ,0.00, ,0.00, ,99.9, 
2004/5/30,05:00,0.0, ,172590, ,0.00, ,0.00, ,99.9, 
2004/5/30,06:00,0.0, ,172650, ,11.41, ,0.00, ,99.9, 
2004/5/30,07:00,0.0, ,172650, ,0.00, ,0.00, ,99.9, 
2004/5/30,08:00,0.0, ,172700, ,14.46, ,22.30, ,100.0, 
2004/5/30,09:00,0.0, ,172650, ,21.98, ,58.00, ,99.9, 
2004/5/30,10:00,0.0, ,172480, ,3.76, ,58.10, ,99.8, 
2004/5/30,11:00,0.0, ,172310, ,13.57, ,58.40, ,99.7, 
2004/5/30,12:00,0.0, ,172140, ,11.99, ,58.00, ,99.6, 
2004/5/30,13:00,0.0, ,171980, ,14.69, ,57.80, ,99.5, 
2004/5/30,14:00,0.0, ,171870, ,15.49, ,58.40, ,99.4, 
2004/5/30,15:00,0.0, ,171700, ,18.90, ,58.20, ,99.3, 
2004/5/30,16:00,0.0, ,171530, ,12.37, ,58.10, ,99.2, 
2004/5/30,17:00,0.4, ,171360, ,15.93, ,58.50, ,99.1, 
2004/5/30,18:00,2.1, ,171250, ,19.92, ,58.40, ,99.0, 
2004/5/30,19:00,1.4, ,171090, ,15.59, ,58.60, ,98.9, 
2004/5/30,20:00,0.0, ,170920, ,18.66, ,58.40, ,98.8, 
2004/5/30,21:00,0.0, ,170750, ,22.96, ,32.80, ,98.7, 
2004/5/30,22:00,0.0, ,170750, ,32.79, ,32.60, ,98.7, 
2004/5/30,23:00,0.1, ,170640, ,25.92, ,33.10, ,98.6, 
2004/5/30,24:00,0.0, ,170580, ,29.49, ,20.30, ,100.0, 
2004/5/31,01:00,0.0, ,170580, ,20.75, ,20.70, ,100.0, 
2004/5/31,02:00,0.0, ,170580, ,20.76, ,21.00, ,100.0, 
2004/5/31,03:00,0.2, ,170530, ,6.25, ,20.80, ,100.0, 
2004/5/31,04:00,0.0, ,170470, ,7.31, ,20.90, ,99.9, 
2004/5/31,05:00,0.0, ,170420, ,12.46, ,21.00, ,99.9, 
2004/5/31,06:00,0.0, ,170360, ,20.30, ,32.50, ,99.9, 
2004/5/31,07:00,0.0, ,170310, ,8.79, ,53.60, ,99.8, 
2004/5/31,08:00,0.0, ,170140, ,13.09, ,58.30, ,99.7, 
2004/5/31,09:00,0.0, ,169920, ,6.53, ,58.30, ,99.6, 
2004/5/31,10:00,0.1, ,169750, ,6.27, ,58.70, ,99.5, 
2004/5/31,11:00,1.8, ,169590, ,20.41, ,58.60, ,99.4, 
2004/5/31,12:00,1.1, ,169420, ,18.68, ,58.60, ,99.2, 
2004/5/31,13:00,0.6, ,169250, ,16.29, ,58.60, ,99.1, 
2004/5/31,14:00,0.4, ,169140, ,22.52, ,58.60, ,99.1, 
2004/5/31,15:00,0.3, ,168920, ,8.99, ,58.30, ,98.9, 
2004/5/31,16:00,4.7, ,168810, ,23.83, ,58.60, ,98.9, 
2004/5/31,17:00,1.1, ,168700, ,23.61, ,58.60, ,98.8, 
2004/5/31,18:00,4.0, ,168540, ,15.49, ,58.50, ,98.7, 
2004/5/31,19:00,3.6, ,168420, ,32.00, ,58.80, ,98.6, 
2004/5/31,20:00,0.1, ,168310, ,29.31, ,33.00, ,98.5, 
2004/5/31,21:00,0.2, ,168260, ,18.16, ,33.00, ,98.5, 
2004/5/31,22:00,0.0, ,168200, ,4.41, ,33.10, ,98.5, 
2004/5/31,23:00,0.0, ,168150, ,21.35, ,33.10, ,98.4, 
2004/5/31,24:00,0.4, ,168150, ,30.53, ,27.20, ,100.0, 
