îCà”ä˙ä‘É_ÉÄèîó åüçıåãâ 
êÖånñº,ãgñÏêÏ
âÕêÏñº,ãgñÏêÏ
äœë™èäñº,ëÅñæâYÉ_ÉÄÅiã@ç\Åj
äœë™èäãLçÜ,1368080700010
#
#îNåéì˙,éûçè,ó¨àÊïΩãœâJó ,ó¨àÊïΩãœâJó ëÆê´,íôêÖó ,íôêÖó ëÆê´,ó¨ì¸ó ,ó¨ì¸ó ëÆê´,ï˙ó¨ó ,ï˙ó¨ó ëÆê´,íôêÖó¶,íôêÖó¶ëÆê´
#ëÆê´Å@$:åáë™ -:ñ¢éÛêM
#
2009/6/1,01:00,0.0, ,129730, ,4.61, ,20.50, ,65.1, 
2009/6/1,02:00,0.0, ,129680, ,4.05, ,20.90, ,65.1, 
2009/6/1,03:00,0.0, ,129640, ,5.27, ,20.50, ,65.1, 
2009/6/1,04:00,0.0, ,129540, ,1.38, ,20.80, ,65.1, 
2009/6/1,05:00,0.0, ,129450, ,4.28, ,24.00, ,65.0, 
2009/6/1,06:00,0.0, ,129400, ,3.71, ,20.50, ,65.0, 
2009/6/1,07:00,0.0, ,129300, ,1.77, ,20.50, ,65.0, 
2009/6/1,08:00,0.0, ,129160, ,2.29, ,31.70, ,64.9, 
2009/6/1,09:00,0.0, ,128970, ,2.25, ,58.80, ,64.8, 
2009/6/1,10:00,0.0, ,128780, ,4.60, ,62.20, ,64.7, 
2009/6/1,11:00,0.0, ,128590, ,8.27, ,59.20, ,64.6, 
2009/6/1,12:00,0.0, ,128400, ,9.04, ,58.40, ,64.5, 
2009/6/1,13:00,0.0, ,128310, ,9.79, ,32.90, ,64.5, 
2009/6/1,14:00,0.0, ,128170, ,6.00, ,59.20, ,64.5, 
2009/6/1,15:00,0.0, ,127930, ,11.15, ,62.40, ,64.3, 
2009/6/1,16:00,0.0, ,127790, ,9.46, ,58.90, ,64.3, 
2009/6/1,17:00,0.0, ,127550, ,7.74, ,59.20, ,64.1, 
2009/6/1,18:00,0.0, ,127370, ,7.84, ,62.10, ,64.0, 
2009/6/1,19:00,0.0, ,127180, ,7.76, ,59.70, ,63.9, 
2009/6/1,20:00,0.0, ,126990, ,6.49, ,62.20, ,63.8, 
2009/6/1,21:00,0.0, ,126850, ,5.32, ,43.40, ,63.8, 
2009/6/1,22:00,0.0, ,126760, ,2.58, ,20.90, ,63.8, 
2009/6/1,23:00,0.0, ,126710, ,3.78, ,20.70, ,63.7, 
2009/6/1,24:00,0.0, ,126620, ,2.47, ,20.50, ,63.7, 
2009/6/2,01:00,0.0, ,126520, ,3.73, ,19.20, ,63.7, 
2009/6/2,02:00,0.0, ,126470, ,1.96, ,19.50, ,63.7, 
2009/6/2,03:00,0.0, ,126380, ,3.63, ,19.40, ,63.6, 
2009/6/2,04:00,0.0, ,126330, ,2.59, ,19.00, ,63.6, 
2009/6/2,05:00,0.0, ,126240, ,3.54, ,19.10, ,63.6, 
2009/6/2,06:00,0.0, ,126190, ,2.58, ,18.90, ,63.6, 
2009/6/2,07:00,0.0, ,126100, ,3.54, ,18.80, ,63.6, 
2009/6/2,08:00,0.0, ,126010, ,1.98, ,29.30, ,63.5, 
2009/6/2,09:00,0.0, ,125820, ,1.85, ,57.70, ,63.4, 
2009/6/2,10:00,0.0, ,125590, ,5.42, ,60.70, ,63.3, 
2009/6/2,11:00,0.0, ,125400, ,4.94, ,58.00, ,63.2, 
2009/6/2,12:00,0.0, ,125210, ,8.42, ,57.80, ,63.1, 
2009/6/2,13:00,0.0, ,125030, ,8.25, ,58.20, ,63.0, 
2009/6/2,14:00,0.0, ,124840, ,6.56, ,61.20, ,62.9, 
2009/6/2,15:00,0.0, ,124650, ,8.57, ,58.00, ,62.8, 
2009/6/2,16:00,0.0, ,124470, ,7.40, ,61.20, ,62.7, 
2009/6/2,17:00,0.0, ,124280, ,7.75, ,58.20, ,62.7, 
2009/6/2,18:00,0.0, ,124100, ,5.89, ,61.10, ,62.6, 
2009/6/2,19:00,0.0, ,123910, ,5.61, ,58.20, ,62.5, 
2009/6/2,20:00,0.0, ,123680, ,4.77, ,61.50, ,62.3, 
2009/6/2,21:00,0.0, ,123540, ,5.76, ,41.80, ,62.3, 
2009/6/2,22:00,0.0, ,123450, ,3.85, ,22.90, ,62.2, 
2009/6/2,23:00,0.0, ,123400, ,2.96, ,19.30, ,62.2, 
2009/6/2,24:00,0.0, ,123310, ,3.47, ,19.00, ,62.2, 
2009/6/3,01:00,0.0, ,123260, ,1.94, ,19.40, ,62.2, 
2009/6/3,02:00,0.0, ,123170, ,0.54, ,19.10, ,62.2, 
2009/6/3,03:00,0.0, ,123120, ,6.82, ,19.60, ,62.2, 
2009/6/3,04:00,0.0, ,123030, ,2.38, ,19.40, ,62.1, 
2009/6/3,05:00,0.0, ,122940, ,3.05, ,19.10, ,62.1, 
2009/6/3,06:00,0.2, ,122890, ,2.21, ,22.60, ,62.1, 
2009/6/3,07:00,1.6, ,122800, ,3.60, ,19.40, ,62.1, 
2009/6/3,08:00,0.3, ,122710, ,2.40, ,28.90, ,62.0, 
2009/6/3,09:00,0.6, ,122520, ,1.42, ,58.20, ,61.9, 
2009/6/3,10:00,0.5, ,122290, ,5.41, ,58.30, ,61.8, 
2009/6/3,11:00,0.1, ,122110, ,4.39, ,61.40, ,61.7, 
2009/6/3,12:00,0.0, ,121920, ,9.93, ,58.10, ,61.6, 
2009/6/3,13:00,0.1, ,121740, ,9.47, ,58.60, ,61.5, 
2009/6/3,14:00,0.2, ,121550, ,6.52, ,58.50, ,61.4, 
2009/6/3,15:00,0.9, ,121370, ,11.24, ,58.30, ,61.3, 
2009/6/3,16:00,0.5, ,121190, ,9.37, ,58.40, ,61.2, 
2009/6/3,17:00,2.0, ,121000, ,10.16, ,58.40, ,61.1, 
2009/6/3,18:00,1.2, ,120870, ,9.16, ,58.60, ,61.1, 
2009/6/3,19:00,1.0, ,120680, ,8.17, ,48.90, ,61.0, 
2009/6/3,20:00,1.2, ,120640, ,5.70, ,22.50, ,61.0, 
2009/6/3,21:00,0.2, ,120540, ,4.14, ,19.60, ,60.9, 
2009/6/3,22:00,0.9, ,120500, ,5.80, ,19.60, ,60.9, 
2009/6/3,23:00,0.5, ,120450, ,4.01, ,19.60, ,60.9, 
2009/6/3,24:00,0.3, ,120360, ,2.33, ,19.60, ,60.9, 
2009/6/4,01:00,0.2, ,120270, ,3.78, ,19.70, ,60.9, 
2009/6/4,02:00,0.9, ,120220, ,2.35, ,19.60, ,60.9, 
2009/6/4,03:00,0.1, ,120130, ,3.12, ,19.70, ,60.8, 
2009/6/4,04:00,0.0, ,120080, ,2.79, ,19.50, ,60.8, 
2009/6/4,05:00,0.0, ,120040, ,4.48, ,19.60, ,60.8, 
2009/6/4,06:00,0.3, ,119990, ,8.83, ,19.40, ,60.8, 
2009/6/4,07:00,0.0, ,119940, ,8.62, ,19.20, ,60.8, 
2009/6/4,08:00,0.0, ,119900, ,9.25, ,19.80, ,60.8, 
2009/6/4,09:00,0.1, ,119850, ,8.64, ,29.10, ,60.8, 
2009/6/4,10:00,0.2, ,119670, ,9.00, ,52.20, ,60.7, 
2009/6/4,11:00,0.0, ,119480, ,9.78, ,61.30, ,60.6, 
2009/6/4,12:00,0.0, ,119350, ,10.11, ,58.20, ,60.5, 
2009/6/4,13:00,0.0, ,119160, ,11.82, ,58.30, ,60.4, 
2009/6/4,14:00,0.0, ,118980, ,10.34, ,58.80, ,60.4, 
2009/6/4,15:00,0.1, ,118800, ,10.53, ,60.30, ,60.3, 
2009/6/4,16:00,0.3, ,118610, ,10.61, ,60.70, ,60.2, 
2009/6/4,17:00,0.1, ,118430, ,6.84, ,60.10, ,60.1, 
2009/6/4,18:00,0.5, ,118200, ,6.73, ,60.20, ,59.9, 
2009/6/4,19:00,0.3, ,118110, ,5.09, ,37.60, ,59.9, 
2009/6/4,20:00,0.9, ,118020, ,4.20, ,22.60, ,59.9, 
2009/6/4,21:00,1.2, ,117970, ,5.20, ,22.60, ,59.9, 
2009/6/4,22:00,1.2, ,117920, ,6.41, ,19.40, ,59.9, 
2009/6/4,23:00,0.9, ,117830, ,2.52, ,19.60, ,59.8, 
2009/6/4,24:00,1.1, ,117790, ,5.02, ,19.30, ,59.8, 
2009/6/5,01:00,1.3, ,117740, ,6.60, ,19.60, ,59.8, 
2009/6/5,02:00,1.5, ,117650, ,4.31, ,19.50, ,59.7, 
2009/6/5,03:00,0.3, ,117600, ,2.94, ,19.70, ,59.7, 
2009/6/5,04:00,0.1, ,117510, ,2.61, ,19.40, ,59.6, 
2009/6/5,05:00,0.1, ,117420, ,3.64, ,19.50, ,59.6, 
2009/6/5,06:00,0.0, ,117370, ,1.82, ,19.10, ,59.5, 
2009/6/5,07:00,0.0, ,117280, ,3.35, ,22.80, ,59.5, 
2009/6/5,08:00,0.3, ,117240, ,2.97, ,19.70, ,59.4, 
2009/6/5,09:00,1.1, ,117100, ,2.50, ,29.40, ,59.4, 
2009/6/5,10:00,1.2, ,116920, ,2.88, ,58.70, ,59.2, 
2009/6/5,11:00,0.7, ,116730, ,6.31, ,58.60, ,59.1, 
2009/6/5,12:00,1.5, ,116550, ,9.20, ,60.10, ,59.0, 
2009/6/5,13:00,0.8, ,116370, ,11.39, ,60.10, ,58.9, 
2009/6/5,14:00,0.4, ,116190, ,10.97, ,60.20, ,58.7, 
2009/6/5,15:00,0.1, ,116010, ,10.78, ,59.80, ,58.6, 
2009/6/5,16:00,0.0, ,115830, ,9.79, ,59.60, ,58.5, 
2009/6/5,17:00,0.0, ,115640, ,11.70, ,59.60, ,58.4, 
2009/6/5,18:00,0.1, ,115550, ,10.75, ,44.10, ,58.3, 
2009/6/5,19:00,0.0, ,115460, ,11.63, ,19.70, ,58.2, 
2009/6/5,20:00,0.0, ,115460, ,6.30, ,19.80, ,58.2, 
2009/6/5,21:00,0.0, ,115420, ,9.60, ,19.90, ,58.2, 
2009/6/5,22:00,0.5, ,115370, ,10.65, ,23.20, ,58.2, 
2009/6/5,23:00,0.3, ,115330, ,12.04, ,19.60, ,58.1, 
2009/6/5,24:00,0.1, ,115280, ,9.83, ,19.50, ,58.1, 
2009/6/6,01:00,0.0, ,115240, ,5.72, ,20.40, ,58.1, 
2009/6/6,02:00,0.0, ,115190, ,7.50, ,19.60, ,58.1, 
2009/6/6,03:00,0.0, ,115150, ,4.98, ,19.60, ,58.0, 
2009/6/6,04:00,0.0, ,115060, ,3.43, ,19.40, ,58.0, 
2009/6/6,05:00,0.0, ,115010, ,5.01, ,20.20, ,57.9, 
2009/6/6,06:00,0.1, ,114970, ,5.34, ,20.00, ,57.9, 
2009/6/6,07:00,0.1, ,114880, ,3.49, ,23.10, ,57.8, 
2009/6/6,08:00,0.0, ,114790, ,4.83, ,19.40, ,57.8, 
2009/6/6,09:00,0.1, ,114700, ,3.83, ,29.60, ,57.7, 
2009/6/6,10:00,0.0, ,114520, ,3.70, ,57.30, ,57.6, 
2009/6/6,11:00,0.0, ,114340, ,8.33, ,57.70, ,57.5, 
2009/6/6,12:00,0.0, ,114160, ,6.75, ,50.70, ,57.4, 
2009/6/6,13:00,0.0, ,114070, ,8.16, ,34.90, ,57.3, 
2009/6/6,14:00,0.0, ,113930, ,9.14, ,57.50, ,57.2, 
2009/6/6,15:00,0.0, ,113710, ,9.98, ,57.70, ,57.0, 
2009/6/6,16:00,0.0, ,113570, ,10.40, ,59.90, ,57.0, 
2009/6/6,17:00,0.0, ,113350, ,9.72, ,59.70, ,56.8, 
2009/6/6,18:00,0.0, ,113220, ,13.06, ,60.00, ,56.7, 
2009/6/6,19:00,0.0, ,113130, ,12.85, ,38.10, ,56.7, 
2009/6/6,20:00,0.0, ,113040, ,10.39, ,22.70, ,56.6, 
2009/6/6,21:00,0.0, ,113040, ,8.99, ,19.60, ,56.6, 
2009/6/6,22:00,0.0, ,112950, ,7.23, ,19.60, ,56.5, 
2009/6/6,23:00,0.0, ,112950, ,7.56, ,20.20, ,56.5, 
2009/6/6,24:00,0.0, ,112860, ,6.84, ,19.80, ,56.5, 
2009/6/7,01:00,0.0, ,112820, ,7.07, ,19.50, ,56.4, 
2009/6/7,02:00,0.0, ,112770, ,5.42, ,19.60, ,56.4, 
2009/6/7,03:00,0.0, ,112680, ,4.17, ,19.80, ,56.3, 
2009/6/7,04:00,0.0, ,112640, ,3.29, ,19.70, ,56.3, 
2009/6/7,05:00,0.0, ,112550, ,4.04, ,19.60, ,56.3, 
2009/6/7,06:00,0.0, ,112500, ,4.05, ,19.50, ,56.2, 
2009/6/7,07:00,0.0, ,112410, ,3.98, ,23.10, ,56.2, 
2009/6/7,08:00,0.0, ,112370, ,2.69, ,20.10, ,56.1, 
2009/6/7,09:00,0.0, ,112240, ,2.69, ,29.50, ,56.0, 
2009/6/7,10:00,0.0, ,112060, ,3.37, ,53.40, ,55.9, 
2009/6/7,11:00,0.0, ,111930, ,7.46, ,57.60, ,55.8, 
2009/6/7,12:00,0.0, ,111750, ,9.34, ,57.90, ,55.7, 
2009/6/7,13:00,0.0, ,111660, ,11.22, ,24.50, ,55.7, 
2009/6/7,14:00,0.0, ,111530, ,4.80, ,48.00, ,55.6, 
2009/6/7,15:00,0.0, ,111350, ,11.49, ,57.40, ,55.4, 
2009/6/7,16:00,0.0, ,111260, ,8.30, ,36.40, ,55.4, 
2009/6/7,17:00,0.0, ,111130, ,7.51, ,36.30, ,55.3, 
2009/6/7,18:00,0.0, ,111040, ,8.10, ,33.10, ,55.2, 
2009/6/7,19:00,0.0, ,110860, ,7.37, ,56.60, ,55.1, 
2009/6/7,20:00,0.0, ,110680, ,8.12, ,58.20, ,55.0, 
2009/6/7,21:00,0.0, ,110510, ,8.65, ,60.00, ,54.9, 
2009/6/7,22:00,0.0, ,110460, ,6.52, ,19.90, ,54.8, 
2009/6/7,23:00,0.0, ,110380, ,5.71, ,22.70, ,54.8, 
2009/6/7,24:00,0.0, ,110330, ,7.10, ,19.60, ,54.7, 
2009/6/8,01:00,0.0, ,110240, ,4.46, ,19.80, ,54.7, 
2009/6/8,02:00,0.0, ,110200, ,1.78, ,19.80, ,54.7, 
2009/6/8,03:00,0.0, ,110110, ,3.42, ,19.80, ,54.6, 
2009/6/8,04:00,0.0, ,110020, ,2.17, ,19.70, ,54.5, 
2009/6/8,05:00,0.0, ,109930, ,1.07, ,23.60, ,54.5, 
2009/6/8,06:00,0.0, ,109890, ,3.21, ,19.80, ,54.4, 
2009/6/8,07:00,0.0, ,109800, ,2.19, ,19.50, ,54.4, 
2009/6/8,08:00,0.0, ,109710, ,2.43, ,19.60, ,54.3, 
2009/6/8,09:00,0.0, ,109630, ,0.95, ,30.20, ,54.3, 
2009/6/8,10:00,0.0, ,109410, ,1.57, ,53.30, ,54.1, 
2009/6/8,11:00,0.0, ,109230, ,4.14, ,58.20, ,54.0, 
2009/6/8,12:00,0.0, ,109060, ,8.10, ,59.30, ,53.9, 
2009/6/8,13:00,0.0, ,108880, ,6.01, ,59.00, ,53.8, 
2009/6/8,14:00,0.0, ,108660, ,9.36, ,59.00, ,53.6, 
2009/6/8,15:00,0.0, ,108490, ,7.09, ,58.80, ,53.5, 
2009/6/8,16:00,0.0, ,108310, ,7.74, ,59.00, ,53.4, 
2009/6/8,17:00,0.0, ,108140, ,8.81, ,59.20, ,53.3, 
2009/6/8,18:00,0.0, ,107920, ,8.70, ,59.10, ,53.1, 
2009/6/8,19:00,0.0, ,107740, ,7.34, ,59.00, ,53.0, 
2009/6/8,20:00,0.0, ,107570, ,7.55, ,59.00, ,52.9, 
2009/6/8,21:00,0.0, ,107440, ,4.82, ,31.80, ,52.8, 
2009/6/8,22:00,0.0, ,107400, ,4.50, ,23.80, ,52.8, 
2009/6/8,23:00,0.0, ,107310, ,2.25, ,23.30, ,52.7, 
2009/6/8,24:00,0.0, ,107220, ,1.23, ,19.90, ,52.6, 
2009/6/9,01:00,0.0, ,107130, ,3.33, ,18.10, ,52.6, 
2009/6/9,02:00,0.0, ,107090, ,2.52, ,18.50, ,52.5, 
2009/6/9,03:00,0.0, ,107000, ,2.08, ,18.00, ,52.5, 
2009/6/9,04:00,0.0, ,106960, ,3.04, ,18.20, ,52.5, 
2009/6/9,05:00,0.0, ,106870, ,1.89, ,18.20, ,52.4, 
2009/6/9,06:00,0.0, ,106790, ,2.81, ,18.00, ,52.3, 
2009/6/9,07:00,0.0, ,106700, ,0.92, ,22.00, ,52.3, 
2009/6/9,08:00,0.0, ,106610, ,0.40, ,25.30, ,52.2, 
2009/6/9,09:00,0.0, ,106440, ,1.41, ,50.10, ,52.1, 
2009/6/9,10:00,0.0, ,106220, ,3.32, ,56.60, ,52.0, 
2009/6/9,11:00,0.0, ,106050, ,2.04, ,56.80, ,51.8, 
2009/6/9,12:00,0.0, ,105880, ,8.58, ,56.60, ,51.7, 
2009/6/9,13:00,0.0, ,105750, ,10.75, ,33.80, ,51.6, 
2009/6/9,14:00,0.0, ,105580, ,5.32, ,58.50, ,51.5, 
2009/6/9,15:00,0.0, ,105400, ,9.12, ,58.60, ,51.4, 
2009/6/9,16:00,0.0, ,105230, ,9.78, ,58.40, ,51.3, 
2009/6/9,17:00,0.0, ,105060, ,7.58, ,58.50, ,51.2, 
2009/6/9,18:00,0.0, ,104890, ,8.18, ,58.80, ,51.0, 
2009/6/9,19:00,0.0, ,104670, ,5.10, ,58.90, ,50.9, 
2009/6/9,20:00,0.0, ,104460, ,4.98, ,53.80, ,50.8, 
2009/6/9,21:00,0.0, ,104370, ,4.03, ,30.50, ,50.7, 
2009/6/9,22:00,0.0, ,104290, ,1.08, ,18.00, ,50.6, 
2009/6/9,23:00,0.0, ,104240, ,3.78, ,18.40, ,50.6, 
2009/6/9,24:00,0.0, ,104160, ,1.73, ,18.30, ,50.6, 
2009/6/10,01:00,0.6, ,104110, ,3.81, ,18.10, ,50.5, 
2009/6/10,02:00,0.0, ,104030, ,2.95, ,18.50, ,50.5, 
2009/6/10,03:00,0.0, ,103940, ,2.94, ,18.60, ,50.4, 
2009/6/10,04:00,0.0, ,103900, ,2.49, ,18.30, ,50.4, 
2009/6/10,05:00,0.2, ,103820, ,1.75, ,18.80, ,50.3, 
2009/6/10,06:00,1.5, ,103730, ,3.85, ,21.40, ,50.3, 
2009/6/10,07:00,1.3, ,103690, ,2.65, ,18.20, ,50.2, 
2009/6/10,08:00,1.5, ,103600, ,2.88, ,18.70, ,50.2, 
2009/6/10,09:00,1.6, ,103470, ,3.94, ,38.70, ,50.1, 
2009/6/10,10:00,3.4, ,103300, ,2.54, ,55.30, ,50.0, 
2009/6/10,11:00,5.0, ,103090, ,6.51, ,55.60, ,49.8, 
2009/6/10,12:00,6.6, ,102960, ,13.51, ,55.50, ,49.7, 
2009/6/10,13:00,7.3, ,102920, ,12.94, ,30.00, ,49.7, 
2009/6/10,14:00,7.2, ,102830, ,13.68, ,37.00, ,49.6, 
2009/6/10,15:00,6.9, ,102790, ,23.44, ,31.90, ,49.6, 
2009/6/10,16:00,6.1, ,102790, ,17.65, ,21.90, ,49.6, 
2009/6/10,17:00,3.4, ,102790, ,21.84, ,21.80, ,49.6, 
2009/6/10,18:00,1.9, ,102830, ,21.54, ,14.80, ,49.6, 
2009/6/10,19:00,2.1, ,103000, ,46.97, ,0.00, ,49.8, 
2009/6/10,20:00,0.8, ,103220, ,52.27, ,0.00, ,49.9, 
2009/6/10,21:00,0.6, ,103350, ,46.59, ,0.00, ,50.0, 
2009/6/10,22:00,0.6, ,103470, ,37.53, ,0.00, ,50.1, 
2009/6/10,23:00,1.4, ,103600, ,33.01, ,0.00, ,50.2, 
2009/6/10,24:00,0.7, ,103690, ,34.22, ,0.00, ,50.2, 
2009/6/11,01:00,0.0, ,103820, ,30.48, ,0.00, ,50.3, 
2009/6/11,02:00,0.4, ,103900, ,28.11, ,0.00, ,50.4, 
2009/6/11,03:00,0.0, ,103990, ,22.78, ,0.00, ,50.4, 
2009/6/11,04:00,0.0, ,104070, ,19.42, ,0.00, ,50.5, 
2009/6/11,05:00,0.0, ,104110, ,19.23, ,0.00, ,50.5, 
2009/6/11,06:00,0.0, ,104200, ,19.04, ,0.00, ,50.6, 
2009/6/11,07:00,0.0, ,104240, ,17.06, ,0.00, ,50.6, 
2009/6/11,08:00,0.0, ,104290, ,10.52, ,0.00, ,50.6, 
2009/6/11,09:00,0.0, ,104330, ,14.49, ,0.00, ,50.7, 
2009/6/11,10:00,0.0, ,104370, ,9.73, ,0.00, ,50.7, 
2009/6/11,11:00,0.0, ,104460, ,16.28, ,0.00, ,50.8, 
2009/6/11,12:00,0.0, ,104500, ,19.92, ,3.30, ,50.8, 
2009/6/11,13:00,0.0, ,104500, ,15.34, ,20.20, ,50.8, 
2009/6/11,14:00,0.0, ,104460, ,29.46, ,47.70, ,50.8, 
2009/6/11,15:00,0.0, ,104330, ,20.14, ,50.90, ,50.7, 
2009/6/11,16:00,0.0, ,104200, ,15.72, ,50.20, ,50.6, 
2009/6/11,17:00,0.0, ,104070, ,16.05, ,48.50, ,50.5, 
2009/6/11,18:00,0.0, ,103940, ,13.55, ,51.90, ,50.4, 
2009/6/11,19:00,0.0, ,103820, ,16.94, ,47.30, ,50.3, 
2009/6/11,20:00,0.0, ,103690, ,14.11, ,51.10, ,50.2, 
2009/6/11,21:00,0.0, ,103640, ,12.59, ,30.00, ,50.2, 
2009/6/11,22:00,0.0, ,103560, ,13.88, ,30.40, ,50.1, 
2009/6/11,23:00,0.0, ,103470, ,10.94, ,33.30, ,50.1, 
2009/6/11,24:00,0.0, ,103430, ,11.24, ,30.00, ,50.1, 
2009/6/12,01:00,0.0, ,103390, ,8.46, ,18.50, ,50.0, 
2009/6/12,02:00,0.0, ,103350, ,9.62, ,17.90, ,50.0, 
2009/6/12,03:00,0.0, ,103300, ,5.73, ,20.50, ,50.0, 
2009/6/12,04:00,0.0, ,103220, ,6.54, ,20.60, ,49.9, 
2009/6/12,05:00,0.0, ,103170, ,4.19, ,20.60, ,49.9, 
2009/6/12,06:00,0.0, ,103090, ,5.15, ,19.90, ,49.8, 
2009/6/12,07:00,0.0, ,103050, ,4.03, ,20.40, ,49.8, 
2009/6/12,08:00,0.0, ,102920, ,4.81, ,29.20, ,49.7, 
2009/6/12,09:00,0.0, ,102790, ,5.10, ,45.20, ,49.6, 
2009/6/12,10:00,0.0, ,102620, ,3.97, ,55.80, ,49.5, 
2009/6/12,11:00,0.0, ,102450, ,10.65, ,55.70, ,49.4, 
2009/6/12,12:00,0.0, ,102280, ,8.32, ,57.80, ,49.3, 
2009/6/12,13:00,0.0, ,102240, ,8.37, ,18.20, ,49.2, 
2009/6/12,14:00,0.0, ,102110, ,12.93, ,55.40, ,49.2, 
2009/6/12,15:00,0.0, ,101900, ,10.68, ,56.00, ,49.0, 
2009/6/12,16:00,0.0, ,101770, ,11.06, ,55.40, ,48.9, 
2009/6/12,17:00,0.0, ,101600, ,10.80, ,57.50, ,48.8, 
2009/6/12,18:00,0.0, ,101430, ,12.77, ,57.70, ,48.7, 
2009/6/12,19:00,0.0, ,101270, ,9.99, ,57.50, ,48.6, 
2009/6/12,20:00,0.0, ,101100, ,11.04, ,57.70, ,48.5, 
2009/6/12,21:00,0.0, ,101050, ,12.40, ,27.40, ,48.4, 
2009/6/12,22:00,0.0, ,100970, ,6.75, ,25.60, ,48.4, 
2009/6/12,23:00,0.0, ,100890, ,10.06, ,28.30, ,48.3, 
2009/6/12,24:00,0.0, ,100840, ,7.72, ,25.20, ,48.3, 
2009/6/13,01:00,0.0, ,100800, ,11.65, ,18.10, ,48.3, 
2009/6/13,02:00,0.0, ,100760, ,5.01, ,18.90, ,48.2, 
2009/6/13,03:00,0.0, ,100720, ,7.90, ,19.30, ,48.2, 
2009/6/13,04:00,0.0, ,100630, ,2.89, ,18.90, ,48.1, 
2009/6/13,05:00,0.0, ,100590, ,4.02, ,18.10, ,48.1, 
2009/6/13,06:00,0.0, ,100510, ,2.21, ,18.60, ,48.1, 
2009/6/13,07:00,0.0, ,100460, ,5.86, ,18.60, ,48.0, 
2009/6/13,08:00,0.0, ,100380, ,5.79, ,22.50, ,48.0, 
2009/6/13,09:00,0.0, ,100250, ,2.89, ,47.90, ,47.9, 
2009/6/13,10:00,0.0, ,100040, ,3.55, ,55.90, ,47.7, 
2009/6/13,11:00,0.0, ,99880, ,7.18, ,55.90, ,47.6, 
2009/6/13,12:00,0.0, ,99710, ,7.65, ,57.10, ,47.5, 
2009/6/13,13:00,0.0, ,99630, ,11.61, ,21.70, ,47.5, 
2009/6/13,14:00,0.0, ,99500, ,5.24, ,56.00, ,47.4, 
2009/6/13,15:00,0.0, ,99290, ,8.34, ,56.30, ,47.2, 
2009/6/13,16:00,0.0, ,99120, ,11.17, ,57.60, ,47.1, 
2009/6/13,17:00,0.0, ,98960, ,9.35, ,57.50, ,47.0, 
2009/6/13,18:00,0.0, ,98830, ,11.01, ,46.10, ,46.9, 
2009/6/13,19:00,0.0, ,98660, ,9.70, ,56.40, ,46.8, 
2009/6/13,20:00,0.0, ,98500, ,10.43, ,55.90, ,46.7, 
2009/6/13,21:00,0.0, ,98330, ,11.94, ,56.80, ,46.6, 
2009/6/13,22:00,0.0, ,98250, ,8.73, ,30.60, ,46.5, 
2009/6/13,23:00,0.0, ,98170, ,10.29, ,33.40, ,46.5, 
2009/6/13,24:00,0.0, ,98080, ,8.00, ,30.50, ,46.4, 
2009/6/14,01:00,0.0, ,98040, ,5.83, ,18.60, ,46.4, 
2009/6/14,02:00,0.0, ,98000, ,9.16, ,18.20, ,46.4, 
2009/6/14,03:00,0.0, ,97920, ,4.23, ,18.80, ,46.3, 
2009/6/14,04:00,0.0, ,97870, ,5.17, ,18.70, ,46.3, 
2009/6/14,05:00,0.0, ,97790, ,4.93, ,18.80, ,46.2, 
2009/6/14,06:00,0.0, ,97750, ,2.38, ,18.30, ,46.2, 
2009/6/14,07:00,0.0, ,97670, ,3.23, ,22.50, ,46.1, 
2009/6/14,08:00,0.0, ,97630, ,3.77, ,18.40, ,46.1, 
2009/6/14,09:00,0.0, ,97540, ,2.56, ,18.30, ,46.0, 
2009/6/14,10:00,0.0, ,97420, ,4.90, ,39.30, ,46.0, 
2009/6/14,11:00,0.0, ,97290, ,6.17, ,39.30, ,45.9, 
2009/6/14,12:00,0.0, ,97130, ,7.59, ,54.50, ,45.8, 
2009/6/14,13:00,0.0, ,96960, ,4.99, ,57.00, ,45.7, 
2009/6/14,14:00,0.0, ,96760, ,7.93, ,56.70, ,45.5, 
2009/6/14,15:00,0.3, ,96590, ,7.70, ,55.10, ,45.4, 
2009/6/14,16:00,0.1, ,96430, ,10.02, ,54.90, ,45.3, 
2009/6/14,17:00,0.1, ,96300, ,12.21, ,56.50, ,45.2, 
2009/6/14,18:00,0.0, ,96100, ,8.80, ,55.50, ,45.1, 
2009/6/14,19:00,0.0, ,95930, ,9.60, ,55.70, ,45.0, 
2009/6/14,20:00,0.0, ,95770, ,9.29, ,54.80, ,44.8, 
2009/6/14,21:00,0.0, ,95730, ,11.73, ,20.60, ,44.8, 
2009/6/14,22:00,0.0, ,95690, ,7.71, ,22.60, ,44.8, 
2009/6/14,23:00,0.0, ,95650, ,9.54, ,18.40, ,44.8, 
2009/6/14,24:00,0.0, ,95610, ,5.56, ,18.30, ,44.7, 
2009/6/15,01:00,0.0, ,95560, ,7.76, ,18.70, ,44.7, 
2009/6/15,02:00,0.0, ,95520, ,5.92, ,19.10, ,44.7, 
2009/6/15,03:00,0.0, ,95440, ,6.90, ,21.00, ,44.6, 
2009/6/15,04:00,0.0, ,95400, ,4.71, ,19.00, ,44.6, 
2009/6/15,05:00,0.0, ,95360, ,5.93, ,19.20, ,44.6, 
2009/6/15,06:00,0.0, ,95320, ,8.31, ,18.80, ,44.5, 
2009/6/15,07:00,0.0, ,95280, ,5.64, ,18.50, ,44.5, 
2009/6/15,08:00,0.0, ,95200, ,6.81, ,19.00, ,44.5, 
2009/6/15,09:00,0.0, ,95160, ,5.26, ,25.60, ,44.4, 
2009/6/15,10:00,0.0, ,94990, ,5.00, ,53.20, ,44.3, 
2009/6/15,11:00,0.0, ,94790, ,7.21, ,56.60, ,44.2, 
2009/6/15,12:00,0.0, ,94620, ,7.41, ,53.10, ,44.1, 
2009/6/15,13:00,0.0, ,94500, ,7.14, ,42.60, ,44.0, 
2009/6/15,14:00,0.0, ,94340, ,7.22, ,53.50, ,43.9, 
2009/6/15,15:00,0.0, ,94140, ,5.57, ,56.70, ,43.7, 
2009/6/15,16:00,0.0, ,93970, ,4.98, ,55.50, ,43.6, 
2009/6/15,17:00,0.0, ,93770, ,5.34, ,53.50, ,43.5, 
2009/6/15,18:00,0.0, ,93610, ,6.27, ,52.90, ,43.4, 
2009/6/15,19:00,1.4, ,93450, ,6.09, ,53.90, ,43.3, 
2009/6/15,20:00,0.9, ,93280, ,5.54, ,45.30, ,43.1, 
2009/6/15,21:00,0.0, ,93240, ,4.51, ,18.70, ,43.1, 
2009/6/15,22:00,0.0, ,93160, ,4.90, ,19.10, ,43.1, 
2009/6/15,23:00,0.0, ,93120, ,6.13, ,18.80, ,43.0, 
2009/6/15,24:00,0.0, ,93080, ,5.49, ,19.10, ,43.0, 
2009/6/16,01:00,0.0, ,93000, ,3.85, ,19.10, ,43.0, 
2009/6/16,02:00,0.0, ,92960, ,6.22, ,21.00, ,42.9, 
2009/6/16,03:00,0.0, ,92920, ,6.22, ,20.40, ,42.9, 
2009/6/16,04:00,0.0, ,92840, ,3.95, ,20.60, ,42.9, 
2009/6/16,05:00,0.0, ,92800, ,5.68, ,21.00, ,42.8, 
2009/6/16,06:00,0.0, ,92760, ,7.47, ,20.80, ,42.8, 
2009/6/16,07:00,0.1, ,92680, ,5.53, ,21.00, ,42.7, 
2009/6/16,08:00,0.0, ,92640, ,5.28, ,18.70, ,42.7, 
2009/6/16,09:00,0.0, ,92600, ,4.76, ,19.00, ,42.7, 
2009/6/16,10:00,0.0, ,92520, ,6.26, ,19.20, ,42.6, 
2009/6/16,11:00,0.0, ,92390, ,3.68, ,45.70, ,42.5, 
2009/6/16,12:00,0.0, ,92190, ,6.17, ,51.50, ,42.4, 
2009/6/16,13:00,0.0, ,92110, ,6.45, ,34.60, ,42.4, 
2009/6/16,14:00,0.0, ,91950, ,3.87, ,53.40, ,42.2, 
2009/6/16,15:00,0.0, ,91750, ,5.53, ,53.50, ,42.1, 
2009/6/16,16:00,0.2, ,91550, ,6.25, ,56.60, ,42.0, 
2009/6/16,17:00,0.0, ,91390, ,8.06, ,56.40, ,41.9, 
2009/6/16,18:00,0.0, ,91190, ,4.99, ,53.40, ,41.7, 
2009/6/16,19:00,0.1, ,91030, ,6.48, ,53.70, ,41.6, 
2009/6/16,20:00,0.0, ,90870, ,7.63, ,56.10, ,41.5, 
2009/6/16,21:00,0.0, ,90750, ,5.92, ,31.00, ,41.4, 
2009/6/16,22:00,0.0, ,90710, ,6.83, ,22.50, ,41.4, 
2009/6/16,23:00,0.0, ,90670, ,7.49, ,18.70, ,41.4, 
2009/6/16,24:00,0.0, ,90630, ,5.91, ,19.60, ,41.3, 
2009/6/17,01:00,0.0, ,90550, ,3.88, ,19.20, ,41.3, 
2009/6/17,02:00,0.0, ,90470, ,4.17, ,18.90, ,41.2, 
2009/6/17,03:00,0.0, ,90390, ,2.26, ,19.50, ,41.2, 
2009/6/17,04:00,0.0, ,90350, ,0.81, ,19.20, ,41.2, 
2009/6/17,05:00,0.0, ,90270, ,1.62, ,19.30, ,41.1, 
2009/6/17,06:00,0.0, ,90230, ,4.69, ,19.10, ,41.1, 
2009/6/17,07:00,0.0, ,90150, ,5.63, ,19.10, ,41.0, 
2009/6/17,08:00,0.0, ,90110, ,5.28, ,22.50, ,41.0, 
2009/6/17,09:00,0.0, ,90070, ,6.75, ,19.00, ,41.0, 
2009/6/17,10:00,0.0, ,89990, ,5.37, ,19.10, ,40.9, 
2009/6/17,11:00,0.0, ,89870, ,5.40, ,45.50, ,40.8, 
2009/6/17,12:00,0.0, ,89670, ,4.66, ,53.80, ,40.7, 
2009/6/17,13:00,0.0, ,89550, ,3.81, ,34.90, ,40.6, 
2009/6/17,14:00,0.0, ,89400, ,4.72, ,53.60, ,40.5, 
2009/6/17,15:00,0.0, ,89200, ,4.87, ,54.10, ,40.4, 
2009/6/17,16:00,0.0, ,89040, ,6.78, ,54.10, ,40.3, 
2009/6/17,17:00,0.0, ,88840, ,5.45, ,53.80, ,40.1, 
2009/6/17,18:00,0.0, ,88680, ,5.05, ,56.40, ,40.0, 
2009/6/17,19:00,0.0, ,88480, ,5.43, ,54.10, ,39.9, 
2009/6/17,20:00,0.0, ,88330, ,5.58, ,54.60, ,39.8, 
2009/6/17,21:00,0.0, ,88130, ,5.49, ,56.10, ,39.6, 
2009/6/17,22:00,0.0, ,88050, ,7.02, ,28.10, ,39.6, 
2009/6/17,23:00,0.0, ,88010, ,4.39, ,18.80, ,39.6, 
2009/6/17,24:00,0.0, ,87930, ,2.94, ,18.90, ,39.5, 
2009/6/18,01:00,0.0, ,87850, ,2.76, ,19.00, ,39.5, 
2009/6/18,02:00,0.0, ,87770, ,0.83, ,19.70, ,39.4, 
2009/6/18,03:00,0.0, ,87700, ,0.28, ,19.70, ,39.4, 
2009/6/18,04:00,0.0, ,87620, ,1.11, ,19.20, ,39.3, 
2009/6/18,05:00,0.0, ,87580, ,0.83, ,19.00, ,39.3, 
2009/6/18,06:00,0.0, ,87500, ,1.81, ,19.00, ,39.2, 
2009/6/18,07:00,0.0, ,87420, ,0.14, ,19.30, ,39.2, 
2009/6/18,08:00,0.0, ,87340, ,0.92, ,22.50, ,39.1, 
2009/6/18,09:00,0.0, ,87300, ,6.13, ,19.10, ,39.1, 
2009/6/18,10:00,0.0, ,87150, ,3.17, ,46.00, ,39.0, 
2009/6/18,11:00,0.0, ,86950, ,5.74, ,52.70, ,38.8, 
2009/6/18,12:00,0.0, ,86790, ,3.38, ,52.70, ,38.7, 
2009/6/18,13:00,0.0, ,86680, ,4.41, ,32.20, ,38.7, 
2009/6/18,14:00,0.0, ,86520, ,2.75, ,52.50, ,38.6, 
2009/6/18,15:00,0.0, ,86320, ,4.88, ,52.80, ,38.4, 
2009/6/18,16:00,0.0, ,86170, ,6.36, ,53.00, ,38.3, 
2009/6/18,17:00,0.0, ,85970, ,4.24, ,55.40, ,38.2, 
2009/6/18,18:00,0.0, ,85820, ,5.73, ,52.90, ,38.1, 
2009/6/18,19:00,0.0, ,85620, ,5.65, ,55.60, ,37.9, 
2009/6/18,20:00,0.0, ,85430, ,4.43, ,52.80, ,37.8, 
2009/6/18,21:00,0.0, ,85350, ,7.07, ,36.70, ,37.8, 
2009/6/18,22:00,0.0, ,85270, ,5.47, ,22.60, ,37.7, 
2009/6/18,23:00,0.0, ,85230, ,6.87, ,19.70, ,37.7, 
2009/6/18,24:00,0.0, ,85160, ,5.35, ,19.70, ,37.6, 
2009/6/19,01:00,0.0, ,85120, ,4.78, ,19.10, ,37.6, 
2009/6/19,02:00,0.0, ,85040, ,1.02, ,19.10, ,37.5, 
2009/6/19,03:00,0.0, ,84960, ,0.15, ,19.80, ,37.5, 
2009/6/19,04:00,0.0, ,84890, ,0.29, ,19.10, ,37.4, 
2009/6/19,05:00,0.0, ,84810, ,1.16, ,19.90, ,37.4, 
2009/6/19,06:00,0.0, ,84730, ,0.15, ,22.60, ,37.3, 
2009/6/19,07:00,0.0, ,84620, ,0.35, ,19.40, ,37.3, 
2009/6/19,08:00,0.0, ,84540, ,0.29, ,18.90, ,37.2, 
2009/6/19,09:00,0.0, ,84380, ,0.49, ,46.10, ,37.1, 
2009/6/19,10:00,0.0, ,84190, ,1.24, ,53.40, ,37.0, 
2009/6/19,11:00,0.0, ,84000, ,0.51, ,54.40, ,36.8, 
2009/6/19,12:00,0.0, ,83810, ,3.57, ,54.10, ,36.7, 
2009/6/19,13:00,0.0, ,83690, ,6.47, ,32.50, ,36.6, 
2009/6/19,14:00,0.0, ,83540, ,3.62, ,53.90, ,36.5, 
2009/6/19,15:00,0.0, ,83350, ,3.35, ,53.90, ,36.4, 
2009/6/19,16:00,0.0, ,83190, ,6.32, ,54.20, ,36.3, 
2009/6/19,17:00,0.0, ,83040, ,7.48, ,54.10, ,36.2, 
2009/6/19,18:00,0.0, ,82850, ,8.54, ,54.30, ,36.1, 
2009/6/19,19:00,0.0, ,82660, ,6.53, ,54.00, ,35.9, 
2009/6/19,20:00,0.0, ,82500, ,4.10, ,53.90, ,35.8, 
2009/6/19,21:00,0.0, ,82350, ,5.31, ,44.40, ,35.7, 
2009/6/19,22:00,0.0, ,82280, ,6.57, ,23.20, ,35.7, 
2009/6/19,23:00,0.0, ,82240, ,3.32, ,19.30, ,35.6, 
2009/6/19,24:00,0.0, ,82160, ,2.86, ,19.30, ,35.6, 
2009/6/20,01:00,0.0, ,82090, ,1.97, ,19.60, ,35.5, 
2009/6/20,02:00,0.0, ,82010, ,0.60, ,19.50, ,35.5, 
2009/6/20,03:00,0.0, ,81930, ,0.76, ,19.20, ,35.4, 
2009/6/20,04:00,0.1, ,81860, ,0.60, ,19.40, ,35.4, 
2009/6/20,05:00,0.2, ,81780, ,0.00, ,19.70, ,35.3, 
2009/6/20,06:00,0.1, ,81670, ,0.43, ,23.10, ,35.3, 
2009/6/20,07:00,0.0, ,81590, ,0.63, ,20.30, ,35.2, 
2009/6/20,08:00,0.8, ,81440, ,0.49, ,44.40, ,35.1, 
2009/6/20,09:00,0.6, ,81250, ,1.16, ,52.70, ,35.0, 
2009/6/20,10:00,1.1, ,81060, ,0.00, ,52.10, ,34.8, 
2009/6/20,11:00,0.3, ,80870, ,0.34, ,52.20, ,34.7, 
2009/6/20,12:00,0.7, ,80680, ,4.48, ,52.50, ,34.6, 
2009/6/20,13:00,1.2, ,80530, ,5.31, ,52.90, ,34.5, 
2009/6/20,14:00,0.8, ,80340, ,6.22, ,52.50, ,34.3, 
2009/6/20,15:00,1.3, ,80190, ,3.87, ,52.50, ,34.2, 
2009/6/20,16:00,1.0, ,80000, ,7.10, ,52.60, ,34.1, 
2009/6/20,17:00,1.0, ,79850, ,7.38, ,52.80, ,34.0, 
2009/6/20,18:00,1.1, ,79740, ,9.23, ,42.90, ,33.9, 
2009/6/20,19:00,1.7, ,79590, ,10.19, ,48.40, ,33.8, 
2009/6/20,20:00,1.9, ,79440, ,7.63, ,48.20, ,33.7, 
2009/6/20,21:00,2.0, ,79290, ,7.96, ,48.80, ,33.6, 
2009/6/20,22:00,3.7, ,79250, ,8.41, ,20.20, ,33.6, 
2009/6/20,23:00,1.6, ,79210, ,6.44, ,19.50, ,33.6, 
2009/6/20,24:00,0.9, ,79140, ,2.18, ,19.60, ,33.5, 
2009/6/21,01:00,0.8, ,79060, ,3.43, ,20.10, ,33.5, 
2009/6/21,02:00,0.3, ,78990, ,1.41, ,19.40, ,33.4, 
2009/6/21,03:00,0.1, ,78910, ,1.88, ,16.00, ,33.4, 
2009/6/21,04:00,0.1, ,78910, ,0.11, ,0.00, ,33.4, 
2009/6/21,05:00,0.0, ,78910, ,0.00, ,0.00, ,33.4, 
2009/6/21,06:00,0.0, ,78950, ,4.91, ,3.60, ,33.4, 
2009/6/21,07:00,0.2, ,78880, ,13.64, ,25.70, ,33.4, 
2009/6/21,08:00,0.0, ,78730, ,2.15, ,54.00, ,33.3, 
2009/6/21,09:00,0.0, ,78500, ,2.17, ,53.40, ,33.1, 
2009/6/21,10:00,0.0, ,78320, ,2.38, ,53.90, ,33.0, 
2009/6/21,11:00,0.0, ,78170, ,3.06, ,52.90, ,32.9, 
2009/6/21,12:00,0.0, ,77980, ,7.29, ,53.00, ,32.7, 
2009/6/21,13:00,0.5, ,77830, ,9.26, ,53.10, ,32.6, 
2009/6/21,14:00,0.0, ,77690, ,10.15, ,54.10, ,32.5, 
2009/6/21,15:00,0.0, ,77500, ,8.95, ,53.70, ,32.4, 
2009/6/21,16:00,0.0, ,77350, ,7.89, ,52.10, ,32.3, 
2009/6/21,17:00,0.0, ,77280, ,9.80, ,25.30, ,32.3, 
2009/6/21,18:00,0.0, ,77240, ,9.19, ,29.00, ,32.2, 
2009/6/21,19:00,0.0, ,77170, ,10.81, ,21.90, ,32.2, 
2009/6/21,20:00,0.3, ,77130, ,9.96, ,18.70, ,32.2, 
2009/6/21,21:00,0.0, ,77130, ,8.70, ,17.70, ,32.2, 
2009/6/21,22:00,0.0, ,77060, ,7.94, ,17.90, ,32.1, 
2009/6/21,23:00,0.3, ,77020, ,7.42, ,18.40, ,32.1, 
2009/6/21,24:00,2.5, ,76980, ,6.29, ,18.30, ,32.1, 
2009/6/22,01:00,1.5, ,76950, ,8.37, ,17.70, ,32.0, 
2009/6/22,02:00,0.3, ,76910, ,5.93, ,18.60, ,32.0, 
2009/6/22,03:00,0.4, ,76870, ,6.17, ,18.30, ,32.0, 
2009/6/22,04:00,0.5, ,76800, ,3.43, ,18.70, ,31.9, 
2009/6/22,05:00,0.3, ,76720, ,4.23, ,18.30, ,31.9, 
2009/6/22,06:00,0.0, ,76690, ,2.35, ,18.00, ,31.9, 
2009/6/22,07:00,0.0, ,76610, ,3.82, ,18.00, ,31.8, 
2009/6/22,08:00,0.0, ,76580, ,3.69, ,21.80, ,31.8, 
2009/6/22,09:00,0.0, ,76500, ,1.08, ,18.30, ,31.7, 
2009/6/22,10:00,0.0, ,76360, ,2.99, ,38.10, ,31.6, 
2009/6/22,11:00,0.0, ,76210, ,5.71, ,51.10, ,31.5, 
2009/6/22,12:00,0.0, ,76060, ,5.49, ,50.70, ,31.4, 
2009/6/22,13:00,0.0, ,75950, ,9.13, ,34.40, ,31.4, 
2009/6/22,14:00,0.0, ,75810, ,8.17, ,50.50, ,31.3, 
2009/6/22,15:00,0.0, ,75620, ,7.03, ,51.40, ,31.1, 
2009/6/22,16:00,0.0, ,75510, ,10.09, ,51.90, ,31.1, 
2009/6/22,17:00,0.0, ,75330, ,6.90, ,51.80, ,30.9, 
2009/6/22,18:00,1.4, ,75180, ,10.03, ,52.80, ,30.8, 
2009/6/22,19:00,1.9, ,75040, ,12.11, ,51.90, ,30.7, 
2009/6/22,20:00,0.1, ,74860, ,8.78, ,51.90, ,30.6, 
2009/6/22,21:00,0.2, ,74820, ,9.59, ,22.30, ,30.6, 
2009/6/22,22:00,8.1, ,74780, ,9.28, ,22.40, ,30.6, 
2009/6/22,23:00,0.9, ,74780, ,14.44, ,17.70, ,30.6, 
2009/6/22,24:00,0.0, ,74750, ,11.08, ,18.70, ,30.5, 
2009/6/23,01:00,0.3, ,74710, ,10.00, ,18.30, ,30.5, 
2009/6/23,02:00,3.3, ,74670, ,10.39, ,19.10, ,30.5, 
2009/6/23,03:00,2.5, ,74640, ,5.93, ,17.10, ,30.5, 
2009/6/23,04:00,3.4, ,74670, ,7.17, ,0.00, ,30.5, 
2009/6/23,05:00,0.0, ,74710, ,13.15, ,0.00, ,30.5, 
2009/6/23,06:00,0.0, ,74780, ,17.61, ,4.10, ,30.6, 
2009/6/23,07:00,0.0, ,74780, ,16.69, ,18.10, ,30.6, 
2009/6/23,08:00,0.0, ,74750, ,16.73, ,18.20, ,30.5, 
2009/6/23,09:00,0.0, ,74750, ,9.67, ,18.10, ,30.5, 
2009/6/23,10:00,0.1, ,74710, ,8.48, ,18.70, ,30.5, 
2009/6/23,11:00,0.0, ,74670, ,16.78, ,18.40, ,30.5, 
2009/6/23,12:00,0.0, ,74670, ,9.34, ,18.30, ,30.5, 
2009/6/23,13:00,0.0, ,74710, ,9.99, ,0.00, ,30.5, 
2009/6/23,14:00,0.0, ,74750, ,16.19, ,0.00, ,30.5, 
2009/6/23,15:00,0.0, ,74820, ,17.09, ,3.50, ,30.6, 
2009/6/23,16:00,0.0, ,74820, ,15.49, ,18.00, ,30.6, 
2009/6/23,17:00,0.3, ,74890, ,22.53, ,0.00, ,30.6, 
2009/6/23,18:00,1.8, ,74970, ,15.76, ,3.70, ,30.7, 
2009/6/23,19:00,1.4, ,74970, ,20.60, ,17.80, ,30.7, 
2009/6/23,20:00,2.5, ,74930, ,17.35, ,18.30, ,30.7, 
2009/6/23,21:00,4.3, ,74930, ,8.93, ,17.90, ,30.7, 
2009/6/23,22:00,4.0, ,74930, ,18.22, ,17.90, ,30.7, 
2009/6/23,23:00,4.0, ,74930, ,18.24, ,17.70, ,30.7, 
2009/6/23,24:00,2.5, ,74930, ,18.21, ,18.50, ,30.7, 
2009/6/24,01:00,3.1, ,74930, ,18.26, ,18.10, ,30.7, 
2009/6/24,02:00,1.4, ,74930, ,18.24, ,18.60, ,30.7, 
2009/6/24,03:00,2.0, ,74930, ,18.28, ,18.20, ,30.7, 
2009/6/24,04:00,2.6, ,74930, ,18.23, ,18.60, ,30.7, 
2009/6/24,05:00,0.0, ,74970, ,27.20, ,8.70, ,30.7, 
2009/6/24,06:00,0.3, ,75110, ,28.54, ,0.00, ,30.8, 
2009/6/24,07:00,0.0, ,75220, ,34.81, ,0.00, ,30.9, 
2009/6/24,08:00,0.0, ,75330, ,35.18, ,0.00, ,30.9, 
2009/6/24,09:00,0.0, ,75440, ,30.80, ,0.00, ,31.0, 
2009/6/24,10:00,0.0, ,75590, ,31.84, ,0.00, ,31.1, 
2009/6/24,11:00,0.0, ,75700, ,32.85, ,0.00, ,31.2, 
2009/6/24,12:00,0.0, ,75810, ,32.35, ,0.00, ,31.3, 
2009/6/24,13:00,0.0, ,75920, ,30.68, ,0.00, ,31.3, 
2009/6/24,14:00,0.0, ,76030, ,31.04, ,0.00, ,31.4, 
2009/6/24,15:00,0.0, ,76100, ,27.16, ,0.00, ,31.5, 
2009/6/24,16:00,0.0, ,76210, ,26.84, ,0.00, ,31.5, 
2009/6/24,17:00,0.0, ,76280, ,24.99, ,0.00, ,31.6, 
2009/6/24,18:00,0.0, ,76390, ,25.17, ,0.00, ,31.7, 
2009/6/24,19:00,0.0, ,76470, ,22.12, ,0.00, ,31.7, 
2009/6/24,20:00,0.0, ,76540, ,21.79, ,0.00, ,31.8, 
2009/6/24,21:00,0.0, ,76610, ,20.84, ,3.40, ,31.8, 
2009/6/24,22:00,0.0, ,76610, ,19.79, ,18.20, ,31.8, 
2009/6/24,23:00,0.0, ,76610, ,18.09, ,18.20, ,31.8, 
2009/6/24,24:00,0.0, ,76610, ,18.13, ,18.10, ,31.8, 
2009/6/25,01:00,0.0, ,76610, ,18.11, ,18.10, ,31.8, 
2009/6/25,02:00,0.0, ,76580, ,13.56, ,18.00, ,31.8, 
2009/6/25,03:00,0.0, ,76580, ,3.71, ,0.00, ,31.8, 
2009/6/25,04:00,0.0, ,76610, ,6.65, ,0.00, ,31.8, 
2009/6/25,05:00,0.0, ,76650, ,9.72, ,0.00, ,31.8, 
2009/6/25,06:00,0.0, ,76690, ,11.76, ,0.00, ,31.9, 
2009/6/25,07:00,0.0, ,76720, ,9.89, ,0.00, ,31.9, 
2009/6/25,08:00,0.0, ,76760, ,12.45, ,0.00, ,31.9, 
2009/6/25,09:00,0.0, ,76800, ,8.93, ,3.30, ,31.9, 
2009/6/25,10:00,0.0, ,76800, ,10.98, ,18.10, ,31.9, 
2009/6/25,11:00,0.0, ,76720, ,16.83, ,36.50, ,31.9, 
2009/6/25,12:00,0.0, ,76650, ,12.29, ,34.40, ,31.8, 
2009/6/25,13:00,0.0, ,76580, ,9.31, ,18.20, ,31.8, 
2009/6/25,14:00,0.0, ,76500, ,9.82, ,40.50, ,31.7, 
2009/6/25,15:00,0.0, ,76390, ,11.23, ,44.00, ,31.7, 
2009/6/25,16:00,0.0, ,76280, ,11.79, ,39.60, ,31.6, 
2009/6/25,17:00,0.0, ,76170, ,13.07, ,40.00, ,31.5, 
2009/6/25,18:00,0.0, ,76060, ,12.16, ,43.80, ,31.4, 
2009/6/25,19:00,0.0, ,75950, ,13.18, ,43.50, ,31.4, 
2009/6/25,20:00,0.0, ,75840, ,12.07, ,47.00, ,31.3, 
2009/6/25,21:00,0.0, ,75730, ,12.38, ,44.00, ,31.2, 
2009/6/25,22:00,0.0, ,75590, ,10.94, ,43.30, ,31.1, 
2009/6/25,23:00,0.0, ,75480, ,11.30, ,47.30, ,31.0, 
2009/6/25,24:00,0.0, ,75370, ,11.18, ,34.20, ,31.0, 
2009/6/26,01:00,0.0, ,75370, ,11.32, ,18.40, ,31.0, 
2009/6/26,02:00,0.0, ,75330, ,8.57, ,18.40, ,30.9, 
2009/6/26,03:00,0.0, ,75260, ,6.59, ,18.50, ,30.9, 
2009/6/26,04:00,0.0, ,75220, ,5.92, ,18.60, ,30.9, 
2009/6/26,05:00,0.0, ,75180, ,6.11, ,18.80, ,30.8, 
2009/6/26,06:00,0.0, ,75110, ,4.45, ,18.40, ,30.8, 
2009/6/26,07:00,0.0, ,75070, ,5.10, ,21.30, ,30.8, 
2009/6/26,08:00,0.0, ,75000, ,2.72, ,18.00, ,30.7, 
2009/6/26,09:00,0.0, ,74930, ,5.06, ,17.60, ,30.7, 
2009/6/26,10:00,0.0, ,74820, ,3.33, ,37.00, ,30.6, 
2009/6/26,11:00,0.0, ,74710, ,6.41, ,37.00, ,30.5, 
2009/6/26,12:00,0.0, ,74640, ,8.12, ,36.80, ,30.5, 
2009/6/26,13:00,0.0, ,74560, ,8.99, ,22.00, ,30.4, 
2009/6/26,14:00,0.0, ,74560, ,8.57, ,16.60, ,30.4, 
2009/6/26,15:00,0.0, ,74530, ,7.64, ,18.10, ,30.4, 
2009/6/26,16:00,0.0, ,74460, ,10.31, ,28.90, ,30.3, 
2009/6/26,17:00,0.0, ,74380, ,10.97, ,30.90, ,30.3, 
2009/6/26,18:00,0.0, ,74310, ,10.64, ,31.10, ,30.2, 
2009/6/26,19:00,0.0, ,74160, ,9.37, ,47.30, ,30.1, 
2009/6/26,20:00,0.0, ,74020, ,11.58, ,47.30, ,30.0, 
2009/6/26,21:00,0.0, ,73950, ,10.45, ,37.00, ,30.0, 
2009/6/26,22:00,0.0, ,73910, ,10.68, ,18.10, ,30.0, 
2009/6/26,23:00,0.0, ,73870, ,8.79, ,18.50, ,29.9, 
2009/6/26,24:00,0.0, ,73840, ,7.86, ,18.00, ,29.9, 
2009/6/27,01:00,0.0, ,73800, ,7.63, ,18.50, ,29.9, 
2009/6/27,02:00,0.0, ,73770, ,7.41, ,18.80, ,29.9, 
2009/6/27,03:00,0.0, ,73690, ,7.54, ,18.50, ,29.8, 
2009/6/27,04:00,0.0, ,73660, ,2.89, ,18.30, ,29.8, 
2009/6/27,05:00,0.0, ,73590, ,3.56, ,18.90, ,29.8, 
2009/6/27,06:00,0.0, ,73510, ,3.87, ,22.10, ,29.7, 
2009/6/27,07:00,0.0, ,73480, ,2.61, ,18.60, ,29.7, 
2009/6/27,08:00,0.0, ,73400, ,2.79, ,18.40, ,29.6, 
2009/6/27,09:00,0.0, ,73330, ,3.89, ,21.10, ,29.6, 
2009/6/27,10:00,0.0, ,73220, ,2.58, ,43.90, ,29.5, 
2009/6/27,11:00,0.0, ,73040, ,3.59, ,47.50, ,29.4, 
2009/6/27,12:00,0.0, ,72900, ,6.41, ,51.20, ,29.3, 
2009/6/27,13:00,0.0, ,72830, ,8.62, ,26.20, ,29.2, 
2009/6/27,14:00,0.0, ,72680, ,5.00, ,47.60, ,29.1, 
2009/6/27,15:00,0.0, ,72500, ,9.00, ,48.20, ,29.0, 
2009/6/27,16:00,0.0, ,72400, ,7.91, ,47.90, ,28.9, 
2009/6/27,17:00,0.0, ,72250, ,7.72, ,49.40, ,28.8, 
2009/6/27,18:00,0.0, ,72180, ,11.35, ,18.30, ,28.8, 
2009/6/27,19:00,0.0, ,72180, ,7.46, ,18.30, ,28.8, 
2009/6/27,20:00,0.0, ,72140, ,9.63, ,18.30, ,28.8, 
2009/6/27,21:00,0.0, ,72110, ,10.81, ,17.90, ,28.7, 
2009/6/27,22:00,0.0, ,72070, ,11.20, ,22.30, ,28.7, 
2009/6/27,23:00,0.0, ,72040, ,7.47, ,18.20, ,28.7, 
2009/6/27,24:00,0.0, ,71970, ,8.43, ,18.90, ,28.7, 
2009/6/28,01:00,0.0, ,71970, ,7.50, ,18.90, ,28.7, 
2009/6/28,02:00,0.0, ,71890, ,6.08, ,18.50, ,28.6, 
2009/6/28,03:00,0.2, ,71820, ,4.79, ,18.70, ,28.6, 
2009/6/28,04:00,0.3, ,71790, ,2.84, ,18.00, ,28.5, 
2009/6/28,05:00,0.7, ,71750, ,5.70, ,18.00, ,28.5, 
2009/6/28,06:00,0.1, ,71750, ,6.58, ,0.00, ,28.5, 
2009/6/28,07:00,0.2, ,71750, ,0.06, ,3.30, ,28.5, 
2009/6/28,08:00,0.1, ,71720, ,6.15, ,21.80, ,28.5, 
2009/6/28,09:00,0.0, ,71640, ,3.46, ,17.90, ,28.4, 
2009/6/28,10:00,0.0, ,71570, ,2.41, ,18.50, ,28.4, 
2009/6/28,11:00,0.0, ,71500, ,1.40, ,24.00, ,28.3, 
2009/6/28,12:00,0.0, ,71360, ,6.74, ,47.80, ,28.2, 
2009/6/28,13:00,0.0, ,71220, ,6.00, ,47.70, ,28.1, 
2009/6/28,14:00,0.0, ,71040, ,5.07, ,52.20, ,28.0, 
2009/6/28,15:00,0.0, ,70900, ,6.32, ,48.40, ,27.9, 
2009/6/28,16:00,0.0, ,70750, ,8.05, ,47.90, ,27.8, 
2009/6/28,17:00,0.0, ,70580, ,8.03, ,52.20, ,27.7, 
2009/6/28,18:00,0.0, ,70430, ,8.19, ,48.50, ,27.6, 
2009/6/28,19:00,0.0, ,70290, ,8.24, ,48.00, ,27.5, 
2009/6/28,20:00,0.0, ,70190, ,7.94, ,40.80, ,27.4, 
2009/6/28,21:00,0.0, ,70150, ,10.03, ,18.10, ,27.4, 
2009/6/28,22:00,0.0, ,70110, ,6.80, ,18.80, ,27.4, 
2009/6/28,23:00,0.0, ,70040, ,8.21, ,18.60, ,27.3, 
2009/6/28,24:00,0.0, ,70010, ,8.10, ,18.70, ,27.3, 
2009/6/29,01:00,0.0, ,69970, ,5.53, ,18.20, ,27.3, 
2009/6/29,02:00,0.0, ,69940, ,6.29, ,18.20, ,27.3, 
2009/6/29,03:00,0.0, ,69870, ,7.19, ,18.90, ,27.2, 
2009/6/29,04:00,0.0, ,69830, ,3.52, ,18.40, ,27.2, 
2009/6/29,05:00,0.1, ,69760, ,1.32, ,19.30, ,27.1, 
2009/6/29,06:00,2.3, ,69690, ,4.23, ,18.00, ,27.1, 
2009/6/29,07:00,2.7, ,69660, ,3.95, ,18.30, ,27.1, 
2009/6/29,08:00,0.9, ,69580, ,3.38, ,18.60, ,27.0, 
2009/6/29,09:00,0.7, ,69510, ,3.83, ,22.20, ,27.0, 
2009/6/29,10:00,0.1, ,69440, ,2.56, ,18.60, ,26.9, 
2009/6/29,11:00,0.0, ,69340, ,3.35, ,39.00, ,26.9, 
2009/6/29,12:00,0.3, ,69200, ,6.85, ,46.50, ,26.8, 
2009/6/29,13:00,0.4, ,69090, ,8.12, ,33.90, ,26.7, 
2009/6/29,14:00,0.7, ,68950, ,6.11, ,50.60, ,26.6, 
2009/6/29,15:00,0.0, ,68810, ,8.23, ,46.60, ,26.5, 
2009/6/29,16:00,0.2, ,68670, ,6.83, ,46.40, ,26.4, 
2009/6/29,17:00,0.0, ,68530, ,9.66, ,50.40, ,26.3, 
2009/6/29,18:00,2.4, ,68390, ,8.64, ,46.70, ,26.2, 
2009/6/29,19:00,5.1, ,68290, ,11.99, ,47.00, ,26.1, 
2009/6/29,20:00,3.5, ,68180, ,13.46, ,37.60, ,26.1, 
2009/6/29,21:00,3.5, ,68150, ,11.50, ,18.80, ,26.1, 
2009/6/29,22:00,6.7, ,68110, ,12.32, ,18.90, ,26.0, 
2009/6/29,23:00,8.2, ,68110, ,12.23, ,18.80, ,26.0, 
2009/6/29,24:00,6.9, ,68180, ,14.62, ,0.00, ,26.1, 
2009/6/30,01:00,14.0, ,68320, ,28.64, ,0.00, ,26.2, 
2009/6/30,02:00,9.2, ,68530, ,49.24, ,0.00, ,26.3, 
2009/6/30,03:00,4.9, ,68850, ,73.64, ,0.00, ,26.5, 
2009/6/30,04:00,6.3, ,69300, ,109.07, ,0.00, ,26.8, 
2009/6/30,05:00,2.7, ,69800, ,136.28, ,0.00, ,27.1, 
2009/6/30,06:00,0.5, ,70260, ,130.48, ,0.00, ,27.4, 
2009/6/30,07:00,2.9, ,70650, ,116.42, ,0.00, ,27.7, 
2009/6/30,08:00,2.5, ,71000, ,107.35, ,0.00, ,27.9, 
2009/6/30,09:00,0.5, ,71320, ,93.59, ,0.00, ,28.1, 
2009/6/30,10:00,0.6, ,71610, ,82.39, ,0.00, ,28.3, 
2009/6/30,11:00,0.0, ,71860, ,75.59, ,0.00, ,28.4, 
2009/6/30,12:00,0.1, ,72110, ,72.40, ,0.00, ,28.6, 
2009/6/30,13:00,4.2, ,72360, ,64.88, ,0.00, ,28.7, 
2009/6/30,14:00,1.6, ,72540, ,60.48, ,0.00, ,28.8, 
2009/6/30,15:00,2.1, ,72760, ,57.24, ,0.00, ,29.0, 
2009/6/30,16:00,1.4, ,72940, ,53.31, ,0.00, ,29.1, 
2009/6/30,17:00,1.1, ,73150, ,54.37, ,0.00, ,29.2, 
2009/6/30,18:00,0.1, ,73330, ,54.61, ,0.00, ,29.3, 
2009/6/30,19:00,0.0, ,73510, ,53.17, ,0.00, ,29.4, 
2009/6/30,20:00,0.0, ,73690, ,51.72, ,0.00, ,29.5, 
2009/6/30,21:00,0.0, ,73870, ,51.61, ,0.00, ,29.6, 
2009/6/30,22:00,0.0, ,74060, ,48.82, ,0.00, ,29.7, 
2009/6/30,23:00,0.0, ,74240, ,46.52, ,0.00, ,29.8, 
2009/6/30,24:00,0.0, ,74380, ,43.71, ,0.00, ,32.5, 
