îCà”ä˙ä‘É_ÉÄèîó åüçıåãâ 
êÖånñº,ãgñÏêÏ
âÕêÏñº,ãgñÏêÏ
äœë™èäñº,ëÅñæâYÉ_ÉÄÅiã@ç\Åj
äœë™èäãLçÜ,1368080700010
#
#îNåéì˙,éûçè,ó¨àÊïΩãœâJó ,ó¨àÊïΩãœâJó ëÆê´,íôêÖó ,íôêÖó ëÆê´,ó¨ì¸ó ,ó¨ì¸ó ëÆê´,ï˙ó¨ó ,ï˙ó¨ó ëÆê´,íôêÖó¶,íôêÖó¶ëÆê´
#ëÆê´Å@$:åáë™ -:ñ¢éÛêM
#
2012/7/1,01:00,0.2, ,197580, ,24.85, ,57.60, ,99.9, 
2012/7/1,02:00,0.2, ,197460, ,27.39, ,57.40, ,99.9, 
2012/7/1,03:00,3.2, ,197400, ,31.60, ,57.40, ,99.8, 
2012/7/1,04:00,2.9, ,197280, ,30.50, ,57.50, ,99.8, 
2012/7/1,05:00,1.0, ,197160, ,31.63, ,57.40, ,99.7, 
2012/7/1,06:00,3.8, ,197100, ,31.64, ,57.40, ,99.7, 
2012/7/1,07:00,12.5, ,197040, ,43.12, ,58.00, ,99.6, 
2012/7/1,08:00,0.5, ,197040, ,45.38, ,57.90, ,99.6, 
2012/7/1,09:00,0.0, ,197040, ,57.66, ,57.60, ,99.5, 
2012/7/1,10:00,0.0, ,196980, ,47.59, ,57.50, ,99.5, 
2012/7/1,11:00,0.6, ,196980, ,50.95, ,57.80, ,99.4, 
2012/7/1,12:00,0.9, ,196980, ,57.66, ,58.00, ,99.4, 
2012/7/1,13:00,0.6, ,196980, ,57.62, ,57.70, ,99.3, 
2012/7/1,14:00,0.3, ,196980, ,57.61, ,57.50, ,99.3, 
2012/7/1,15:00,0.0, ,196980, ,57.64, ,57.50, ,99.2, 
2012/7/1,16:00,0.0, ,196920, ,51.79, ,57.80, ,99.2, 
2012/7/1,17:00,0.0, ,196860, ,44.53, ,57.30, ,99.2, 
2012/7/1,18:00,0.0, ,196800, ,36.47, ,57.80, ,99.1, 
2012/7/1,19:00,0.0, ,196740, ,41.23, ,57.60, ,99.1, 
2012/7/1,20:00,0.0, ,196680, ,39.30, ,58.00, ,99.0, 
2012/7/1,21:00,1.1, ,196560, ,35.69, ,57.50, ,99.0, 
2012/7/1,22:00,3.8, ,196560, ,37.63, ,57.60, ,98.9, 
2012/7/1,23:00,0.3, ,196500, ,43.48, ,57.80, ,98.9, 
2012/7/1,24:00,0.0, ,196380, ,38.48, ,57.40, ,100.0, 
2012/7/2,01:00,0.0, ,196320, ,32.96, ,57.90, ,100.0, 
2012/7/2,02:00,0.2, ,196200, ,35.19, ,57.40, ,99.9, 
2012/7/2,03:00,0.0, ,196140, ,36.33, ,57.80, ,99.9, 
2012/7/2,04:00,0.1, ,196080, ,36.63, ,57.80, ,99.8, 
2012/7/2,05:00,0.3, ,195960, ,35.53, ,58.20, ,99.8, 
2012/7/2,06:00,0.3, ,195900, ,30.79, ,57.60, ,99.7, 
2012/7/2,07:00,0.8, ,195780, ,34.44, ,57.60, ,99.7, 
2012/7/2,08:00,0.1, ,195720, ,31.97, ,57.70, ,99.6, 
2012/7/2,09:00,0.1, ,195660, ,39.74, ,57.60, ,99.6, 
2012/7/2,10:00,0.5, ,195540, ,34.79, ,58.00, ,99.5, 
2012/7/2,11:00,0.3, ,195480, ,30.09, ,57.80, ,99.5, 
2012/7/2,12:00,0.0, ,195360, ,32.04, ,57.70, ,99.4, 
2012/7/2,13:00,0.0, ,195300, ,33.16, ,57.80, ,99.4, 
2012/7/2,14:00,0.0, ,195180, ,34.87, ,58.00, ,99.3, 
2012/7/2,15:00,0.0, ,195120, ,30.41, ,57.90, ,99.3, 
2012/7/2,16:00,0.0, ,195000, ,34.06, ,57.90, ,99.2, 
2012/7/2,17:00,0.0, ,194940, ,32.96, ,57.80, ,99.2, 
2012/7/2,18:00,0.0, ,194820, ,29.94, ,58.20, ,99.1, 
2012/7/2,19:00,0.0, ,194760, ,33.81, ,57.60, ,99.1, 
2012/7/2,20:00,0.0, ,194640, ,28.28, ,58.20, ,99.0, 
2012/7/2,21:00,0.0, ,194520, ,32.46, ,57.80, ,99.0, 
2012/7/2,22:00,0.0, ,194460, ,29.76, ,58.10, ,98.9, 
2012/7/2,23:00,0.0, ,194340, ,26.17, ,57.90, ,98.9, 
2012/7/2,24:00,0.0, ,194220, ,31.45, ,57.50, ,100.0, 
2012/7/3,01:00,0.0, ,194100, ,30.07, ,57.80, ,100.0, 
2012/7/3,02:00,0.0, ,194040, ,30.39, ,58.00, ,99.9, 
2012/7/3,03:00,0.0, ,193920, ,27.10, ,58.20, ,99.9, 
2012/7/3,04:00,0.0, ,193800, ,31.54, ,58.50, ,99.8, 
2012/7/3,05:00,0.0, ,193750, ,30.72, ,58.10, ,99.8, 
2012/7/3,06:00,0.6, ,193630, ,29.64, ,57.90, ,99.7, 
2012/7/3,07:00,3.2, ,193570, ,34.36, ,58.10, ,99.7, 
2012/7/3,08:00,8.5, ,193450, ,31.33, ,57.80, ,99.6, 
2012/7/3,09:00,6.7, ,193390, ,43.48, ,58.10, ,99.6, 
2012/7/3,10:00,5.5, ,193330, ,36.60, ,58.00, ,99.5, 
2012/7/3,11:00,5.3, ,193330, ,49.86, ,58.20, ,99.5, 
2012/7/3,12:00,5.8, ,193330, ,58.13, ,58.10, ,99.4, 
2012/7/3,13:00,2.7, ,193450, ,80.18, ,57.90, ,99.4, 
2012/7/3,14:00,0.1, ,193630, ,90.14, ,58.20, ,99.3, 
2012/7/3,15:00,0.0, ,193750, ,99.21, ,58.00, ,99.3, 
2012/7/3,16:00,0.0, ,193860, ,96.46, ,58.00, ,99.2, 
2012/7/3,17:00,0.0, ,193980, ,86.23, ,57.90, ,99.2, 
2012/7/3,18:00,0.0, ,194040, ,83.74, ,58.10, ,99.1, 
2012/7/3,19:00,0.1, ,194100, ,70.46, ,57.80, ,99.1, 
2012/7/3,20:00,0.0, ,194100, ,73.51, ,58.20, ,99.0, 
2012/7/3,21:00,0.0, ,194100, ,58.04, ,58.20, ,99.0, 
2012/7/3,22:00,0.0, ,194100, ,58.02, ,57.70, ,98.9, 
2012/7/3,23:00,0.0, ,194100, ,58.03, ,58.00, ,98.9, 
2012/7/3,24:00,0.0, ,194100, ,58.03, ,58.00, ,100.0, 
2012/7/4,01:00,0.0, ,194100, ,58.03, ,57.80, ,100.0, 
2012/7/4,02:00,0.0, ,194100, ,58.03, ,57.90, ,99.9, 
2012/7/4,03:00,0.0, ,194100, ,58.04, ,57.90, ,99.9, 
2012/7/4,04:00,0.0, ,194040, ,45.59, ,58.00, ,99.8, 
2012/7/4,05:00,0.0, ,193980, ,52.24, ,57.80, ,99.8, 
2012/7/4,06:00,0.0, ,193980, ,43.13, ,58.00, ,99.7, 
2012/7/4,07:00,0.0, ,193920, ,45.37, ,58.50, ,99.7, 
2012/7/4,08:00,0.0, ,193860, ,46.76, ,57.80, ,99.6, 
2012/7/4,09:00,0.0, ,193800, ,43.74, ,58.30, ,99.6, 
2012/7/4,10:00,0.0, ,193750, ,43.49, ,58.10, ,99.5, 
2012/7/4,11:00,0.0, ,193690, ,42.78, ,48.90, ,99.5, 
2012/7/4,12:00,0.1, ,193800, ,26.86, ,0.00, ,99.4, 
2012/7/4,13:00,0.6, ,193980, ,38.99, ,3.40, ,99.4, 
2012/7/4,14:00,0.0, ,193980, ,45.91, ,30.20, ,99.3, 
2012/7/4,15:00,0.1, ,193980, ,43.65, ,58.00, ,99.3, 
2012/7/4,16:00,0.0, ,193860, ,43.97, ,58.20, ,99.2, 
2012/7/4,17:00,1.1, ,193860, ,39.02, ,58.10, ,99.2, 
2012/7/4,18:00,3.2, ,193800, ,42.91, ,58.30, ,99.1, 
2012/7/4,19:00,1.4, ,193750, ,44.84, ,58.10, ,99.1, 
2012/7/4,20:00,0.4, ,193690, ,44.58, ,58.20, ,99.0, 
2012/7/4,21:00,0.0, ,193630, ,37.39, ,57.90, ,99.0, 
2012/7/4,22:00,0.2, ,193570, ,47.04, ,57.70, ,98.9, 
2012/7/4,23:00,0.0, ,193510, ,43.22, ,58.20, ,98.9, 
2012/7/4,24:00,0.0, ,193450, ,37.97, ,58.40, ,100.0, 
2012/7/5,01:00,0.5, ,193390, ,43.22, ,58.00, ,100.0, 
2012/7/5,02:00,0.7, ,193330, ,38.01, ,58.10, ,99.9, 
2012/7/5,03:00,1.0, ,193270, ,43.27, ,58.20, ,99.9, 
2012/7/5,04:00,3.9, ,193210, ,36.95, ,58.00, ,99.8, 
2012/7/5,05:00,4.2, ,193150, ,46.05, ,58.10, ,99.8, 
2012/7/5,06:00,0.0, ,193090, ,47.41, ,58.10, ,99.7, 
2012/7/5,07:00,0.0, ,193090, ,45.78, ,58.40, ,99.7, 
2012/7/5,08:00,0.2, ,193030, ,41.68, ,58.10, ,99.7, 
2012/7/5,09:00,0.3, ,192970, ,43.33, ,58.10, ,99.6, 
2012/7/5,10:00,0.3, ,192910, ,46.08, ,58.30, ,99.6, 
2012/7/5,11:00,0.0, ,192850, ,46.38, ,58.20, ,99.5, 
2012/7/5,12:00,0.1, ,192790, ,38.66, ,58.40, ,99.5, 
2012/7/5,13:00,0.4, ,192730, ,44.18, ,58.50, ,99.4, 
2012/7/5,14:00,0.0, ,192670, ,45.30, ,58.30, ,99.4, 
2012/7/5,15:00,0.0, ,192610, ,37.36, ,58.30, ,99.4, 
2012/7/5,16:00,0.0, ,192550, ,38.19, ,58.30, ,99.3, 
2012/7/5,17:00,0.0, ,192500, ,42.34, ,58.30, ,99.3, 
2012/7/5,18:00,0.0, ,192440, ,37.64, ,58.00, ,99.2, 
2012/7/5,19:00,0.0, ,192320, ,39.30, ,58.00, ,99.2, 
2012/7/5,20:00,0.0, ,192260, ,36.31, ,58.20, ,99.2, 
2012/7/5,21:00,0.0, ,192200, ,36.57, ,58.00, ,99.1, 
2012/7/5,22:00,0.0, ,192080, ,34.94, ,58.30, ,99.1, 
2012/7/5,23:00,0.0, ,192020, ,38.80, ,57.90, ,99.0, 
2012/7/5,24:00,0.0, ,191960, ,35.80, ,58.20, ,100.0, 
2012/7/6,01:00,0.0, ,191840, ,34.99, ,58.50, ,100.0, 
2012/7/6,02:00,0.0, ,191780, ,33.38, ,58.40, ,99.9, 
2012/7/6,03:00,0.0, ,191720, ,36.13, ,58.10, ,99.9, 
2012/7/6,04:00,0.0, ,191610, ,33.16, ,58.40, ,99.8, 
2012/7/6,05:00,0.0, ,191550, ,36.46, ,58.50, ,99.8, 
2012/7/6,06:00,0.3, ,191430, ,32.68, ,58.50, ,99.7, 
2012/7/6,07:00,0.1, ,191370, ,37.31, ,59.00, ,99.7, 
2012/7/6,08:00,0.0, ,191250, ,31.82, ,58.10, ,99.7, 
2012/7/6,09:00,0.0, ,191130, ,34.09, ,58.30, ,99.6, 
2012/7/6,10:00,0.0, ,191070, ,30.55, ,58.40, ,99.6, 
2012/7/6,11:00,0.0, ,190950, ,34.37, ,58.60, ,99.5, 
2012/7/6,12:00,0.0, ,190900, ,31.92, ,58.50, ,99.5, 
2012/7/6,13:00,0.0, ,190780, ,31.69, ,58.80, ,99.5, 
2012/7/6,14:00,0.0, ,190660, ,31.45, ,58.70, ,99.4, 
2012/7/6,15:00,0.0, ,190600, ,31.17, ,58.60, ,99.4, 
2012/7/6,16:00,0.0, ,190480, ,31.76, ,58.30, ,99.3, 
2012/7/6,17:00,0.0, ,190420, ,34.75, ,58.50, ,99.3, 
2012/7/6,18:00,0.0, ,190310, ,32.86, ,58.70, ,99.2, 
2012/7/6,19:00,0.0, ,190190, ,33.17, ,58.70, ,99.2, 
2012/7/6,20:00,0.0, ,190130, ,27.20, ,58.90, ,99.2, 
2012/7/6,21:00,0.0, ,190010, ,30.77, ,58.40, ,99.1, 
2012/7/6,22:00,0.0, ,189890, ,26.14, ,58.80, ,99.1, 
2012/7/6,23:00,0.0, ,189770, ,31.36, ,58.40, ,99.0, 
2012/7/6,24:00,0.0, ,189660, ,28.13, ,58.90, ,100.0, 
2012/7/7,01:00,1.8, ,189600, ,33.03, ,58.50, ,100.0, 
2012/7/7,02:00,0.8, ,189480, ,34.13, ,58.40, ,99.9, 
2012/7/7,03:00,0.1, ,189420, ,32.83, ,58.90, ,99.9, 
2012/7/7,04:00,0.0, ,189300, ,27.94, ,58.80, ,99.8, 
2012/7/7,05:00,4.8, ,189190, ,34.75, ,58.70, ,99.8, 
2012/7/7,06:00,9.5, ,189190, ,39.11, ,58.60, ,99.7, 
2012/7/7,07:00,2.1, ,189070, ,39.14, ,58.70, ,99.7, 
2012/7/7,08:00,0.0, ,189010, ,42.72, ,59.20, ,99.7, 
2012/7/7,09:00,0.0, ,188950, ,38.08, ,58.90, ,99.6, 
2012/7/7,10:00,0.0, ,188890, ,36.17, ,58.90, ,99.6, 
2012/7/7,11:00,0.0, ,188830, ,45.44, ,58.60, ,99.5, 
2012/7/7,12:00,0.0, ,188770, ,48.18, ,58.80, ,99.5, 
2012/7/7,13:00,0.1, ,188720, ,38.62, ,58.70, ,99.5, 
2012/7/7,14:00,0.7, ,188660, ,40.56, ,58.90, ,99.4, 
2012/7/7,15:00,0.4, ,188540, ,35.38, ,58.90, ,99.4, 
2012/7/7,16:00,0.0, ,188480, ,35.12, ,58.70, ,99.3, 
2012/7/7,17:00,0.0, ,188360, ,32.72, ,59.20, ,99.3, 
2012/7/7,18:00,0.0, ,188300, ,35.46, ,58.90, ,99.3, 
2012/7/7,19:00,0.1, ,188190, ,33.58, ,58.60, ,99.2, 
2012/7/7,20:00,0.0, ,188070, ,33.60, ,58.80, ,99.2, 
2012/7/7,21:00,0.0, ,188010, ,30.63, ,58.70, ,99.1, 
2012/7/7,22:00,0.1, ,187890, ,33.10, ,59.00, ,99.1, 
2012/7/7,23:00,0.0, ,187830, ,33.66, ,58.60, ,99.0, 
2012/7/7,24:00,0.0, ,187720, ,30.41, ,58.80, ,100.0, 
2012/7/8,01:00,0.0, ,187600, ,33.13, ,58.90, ,100.0, 
2012/7/8,02:00,0.0, ,187480, ,27.72, ,58.70, ,99.9, 
2012/7/8,03:00,0.0, ,187420, ,29.95, ,59.00, ,99.9, 
2012/7/8,04:00,0.0, ,187310, ,30.23, ,59.10, ,99.8, 
2012/7/8,05:00,0.0, ,187190, ,32.69, ,59.30, ,99.8, 
2012/7/8,06:00,0.0, ,187070, ,30.81, ,58.80, ,99.8, 
2012/7/8,07:00,0.0, ,187010, ,28.13, ,59.40, ,99.7, 
2012/7/8,08:00,0.0, ,186900, ,30.04, ,59.10, ,99.7, 
2012/7/8,09:00,0.1, ,186780, ,27.63, ,58.80, ,99.6, 
2012/7/8,10:00,0.0, ,186660, ,30.36, ,59.40, ,99.5, 
2012/7/8,11:00,0.0, ,186550, ,29.85, ,59.30, ,99.4, 
2012/7/8,12:00,0.0, ,186430, ,28.25, ,59.40, ,99.3, 
2012/7/8,13:00,0.0, ,186370, ,30.69, ,59.00, ,99.2, 
2012/7/8,14:00,0.0, ,186250, ,26.68, ,59.30, ,99.1, 
2012/7/8,15:00,0.0, ,186140, ,27.80, ,58.90, ,99.0, 
2012/7/8,16:00,0.0, ,185960, ,26.19, ,59.30, ,98.8, 
2012/7/8,17:00,0.0, ,185900, ,27.56, ,59.10, ,98.7, 
2012/7/8,18:00,0.0, ,185790, ,28.66, ,59.40, ,98.6, 
2012/7/8,19:00,0.0, ,185670, ,27.61, ,59.20, ,98.5, 
2012/7/8,20:00,0.0, ,185550, ,26.58, ,59.50, ,98.4, 
2012/7/8,21:00,0.0, ,185440, ,27.69, ,58.90, ,98.3, 
2012/7/8,22:00,0.0, ,185320, ,26.36, ,59.40, ,98.2, 
2012/7/8,23:00,0.0, ,185200, ,26.89, ,58.90, ,98.1, 
2012/7/8,24:00,0.0, ,185090, ,26.52, ,50.40, ,100.0, 
2012/7/9,01:00,0.0, ,185090, ,26.85, ,18.20, ,100.0, 
2012/7/9,02:00,0.0, ,185090, ,18.30, ,18.00, ,99.9, 
2012/7/9,03:00,0.0, ,185090, ,18.29, ,18.30, ,99.9, 
2012/7/9,04:00,0.0, ,185090, ,18.33, ,18.70, ,99.8, 
2012/7/9,05:00,0.0, ,185090, ,18.32, ,18.00, ,99.8, 
2012/7/9,06:00,0.0, ,185090, ,18.29, ,18.10, ,99.8, 
2012/7/9,07:00,0.0, ,185090, ,23.90, ,29.80, ,99.7, 
2012/7/9,08:00,0.0, ,185090, ,29.68, ,30.90, ,99.7, 
2012/7/9,09:00,0.0, ,184970, ,33.31, ,59.60, ,99.6, 
2012/7/9,10:00,0.0, ,184850, ,27.55, ,59.30, ,99.4, 
2012/7/9,11:00,0.0, ,184740, ,25.93, ,59.40, ,99.3, 
2012/7/9,12:00,0.0, ,184620, ,25.83, ,50.20, ,99.2, 
2012/7/9,13:00,0.0, ,184620, ,19.21, ,26.50, ,99.2, 
2012/7/9,14:00,0.0, ,184510, ,26.30, ,59.40, ,99.1, 
2012/7/9,15:00,0.0, ,184390, ,26.00, ,59.10, ,99.0, 
2012/7/9,16:00,0.0, ,184270, ,26.57, ,59.40, ,98.8, 
2012/7/9,17:00,0.0, ,184160, ,24.72, ,59.70, ,98.7, 
2012/7/9,18:00,0.0, ,184040, ,23.67, ,59.10, ,98.6, 
2012/7/9,19:00,0.0, ,183920, ,25.57, ,59.40, ,98.5, 
2012/7/9,20:00,0.0, ,183750, ,24.84, ,59.50, ,98.4, 
2012/7/9,21:00,0.0, ,183630, ,22.44, ,59.20, ,98.3, 
2012/7/9,22:00,0.0, ,183520, ,25.10, ,58.00, ,98.1, 
2012/7/9,23:00,0.0, ,183460, ,20.60, ,30.00, ,98.1, 
2012/7/9,24:00,0.0, ,183460, ,19.92, ,27.10, ,100.0, 
2012/7/10,01:00,0.0, ,183460, ,14.12, ,0.00, ,100.0, 
2012/7/10,02:00,0.0, ,183520, ,1.88, ,0.00, ,99.9, 
2012/7/10,03:00,0.0, ,183580, ,20.14, ,0.00, ,99.9, 
2012/7/10,04:00,0.0, ,183630, ,20.14, ,0.00, ,99.8, 
2012/7/10,05:00,0.0, ,183690, ,14.51, ,0.00, ,99.8, 
2012/7/10,06:00,0.0, ,183750, ,19.65, ,1.90, ,99.7, 
2012/7/10,07:00,0.0, ,183750, ,13.54, ,18.30, ,99.7, 
2012/7/10,08:00,0.0, ,183750, ,18.37, ,18.50, ,99.6, 
2012/7/10,09:00,0.0, ,183750, ,24.71, ,32.30, ,99.6, 
2012/7/10,10:00,0.0, ,183630, ,31.77, ,59.50, ,99.5, 
2012/7/10,11:00,0.0, ,183520, ,22.75, ,59.40, ,99.5, 
2012/7/10,12:00,0.0, ,183340, ,16.18, ,50.70, ,99.4, 
2012/7/10,13:00,0.0, ,183340, ,19.69, ,27.30, ,99.3, 
2012/7/10,14:00,0.0, ,183230, ,16.84, ,59.40, ,99.2, 
2012/7/10,15:00,0.0, ,183050, ,22.83, ,59.40, ,99.1, 
2012/7/10,16:00,0.0, ,182940, ,19.47, ,59.80, ,99.0, 
2012/7/10,17:00,0.0, ,182820, ,28.32, ,59.40, ,98.8, 
2012/7/10,18:00,0.0, ,182710, ,22.45, ,59.70, ,98.7, 
2012/7/10,19:00,0.0, ,182530, ,20.38, ,60.00, ,98.6, 
2012/7/10,20:00,0.0, ,182480, ,26.47, ,47.40, ,98.5, 
2012/7/10,21:00,0.0, ,182420, ,14.05, ,21.00, ,98.4, 
2012/7/10,22:00,0.0, ,182420, ,19.14, ,21.50, ,98.4, 
2012/7/10,23:00,0.0, ,182420, ,21.28, ,21.10, ,98.3, 
2012/7/10,24:00,0.0, ,182420, ,10.74, ,0.00, ,99.8, 
2012/7/11,01:00,0.0, ,182480, ,12.02, ,0.00, ,99.8, 
2012/7/11,02:00,0.0, ,182530, ,17.63, ,0.00, ,99.8, 
2012/7/11,03:00,0.0, ,182650, ,17.38, ,0.00, ,99.8, 
2012/7/11,04:00,0.0, ,182710, ,21.39, ,0.00, ,99.8, 
2012/7/11,05:00,0.0, ,182770, ,16.04, ,0.00, ,99.8, 
2012/7/11,06:00,0.0, ,182820, ,20.90, ,2.00, ,99.7, 
2012/7/11,07:00,0.7, ,182820, ,16.21, ,18.60, ,99.7, 
2012/7/11,08:00,3.0, ,182880, ,23.76, ,18.50, ,99.6, 
2012/7/11,09:00,2.3, ,182880, ,29.13, ,18.50, ,99.6, 
2012/7/11,10:00,3.0, ,182880, ,18.41, ,18.70, ,99.5, 
2012/7/11,11:00,7.0, ,182880, ,23.33, ,28.40, ,99.5, 
2012/7/11,12:00,12.3, ,182880, ,34.00, ,39.80, ,99.5, 
2012/7/11,13:00,5.4, ,183000, ,43.31, ,23.10, ,99.4, 
2012/7/11,14:00,9.2, ,183000, ,53.20, ,47.00, ,99.4, 
2012/7/11,15:00,9.9, ,183170, ,80.50, ,59.50, ,99.3, 
2012/7/11,16:00,1.8, ,183400, ,109.44, ,59.50, ,99.3, 
2012/7/11,17:00,4.0, ,183810, ,146.03, ,59.20, ,99.2, 
2012/7/11,18:00,9.4, ,184330, ,187.19, ,59.40, ,99.2, 
2012/7/11,19:00,1.2, ,185260, ,269.40, ,59.20, ,99.1, 
2012/7/11,20:00,0.0, ,186080, ,308.82, ,59.00, ,99.1, 
2012/7/11,21:00,0.0, ,186720, ,261.95, ,58.80, ,99.1, 
2012/7/11,22:00,0.5, ,187190, ,212.12, ,59.20, ,99.0, 
2012/7/11,23:00,0.1, ,187600, ,178.88, ,58.60, ,99.0, 
2012/7/11,24:00,0.0, ,187890, ,150.16, ,58.60, ,100.0, 
2012/7/12,01:00,0.7, ,188130, ,137.16, ,58.90, ,100.0, 
2012/7/12,02:00,0.5, ,188360, ,123.86, ,58.40, ,99.9, 
2012/7/12,03:00,7.0, ,188600, ,120.08, ,58.90, ,99.9, 
2012/7/12,04:00,6.7, ,188770, ,114.89, ,58.80, ,99.8, 
2012/7/12,05:00,1.5, ,189070, ,127.98, ,58.70, ,99.8, 
2012/7/12,06:00,0.9, ,189420, ,149.12, ,58.80, ,99.7, 
2012/7/12,07:00,0.0, ,189830, ,166.32, ,58.80, ,99.7, 
2012/7/12,08:00,0.0, ,190250, ,176.22, ,58.70, ,99.6, 
2012/7/12,09:00,0.0, ,190540, ,153.08, ,58.50, ,99.6, 
2012/7/12,10:00,0.4, ,190840, ,140.54, ,58.30, ,99.6, 
2012/7/12,11:00,0.1, ,191070, ,131.26, ,58.60, ,99.5, 
2012/7/12,12:00,0.0, ,191310, ,125.01, ,58.20, ,99.5, 
2012/7/12,13:00,0.3, ,191550, ,119.29, ,58.50, ,99.4, 
2012/7/12,14:00,0.1, ,191720, ,112.68, ,58.50, ,99.4, 
2012/7/12,15:00,0.0, ,191840, ,100.62, ,58.30, ,99.3, 
2012/7/12,16:00,0.0, ,191960, ,96.22, ,58.30, ,99.3, 
2012/7/12,17:00,0.0, ,192080, ,96.77, ,58.30, ,99.2, 
2012/7/12,18:00,0.0, ,192260, ,95.68, ,58.20, ,99.2, 
2012/7/12,19:00,0.0, ,192320, ,90.45, ,58.50, ,99.2, 
2012/7/12,20:00,0.0, ,192500, ,94.28, ,58.10, ,99.1, 
2012/7/12,21:00,0.0, ,192550, ,89.06, ,57.90, ,99.1, 
2012/7/12,22:00,0.0, ,192670, ,87.41, ,58.00, ,99.0, 
2012/7/12,23:00,0.0, ,192790, ,82.46, ,58.20, ,99.0, 
2012/7/12,24:00,0.0, ,192850, ,85.47, ,58.00, ,100.0, 
2012/7/13,01:00,0.0, ,192910, ,79.70, ,58.10, ,100.0, 
2012/7/13,02:00,0.0, ,192970, ,73.37, ,58.40, ,99.9, 
2012/7/13,03:00,0.0, ,193090, ,84.12, ,58.30, ,99.9, 
2012/7/13,04:00,0.0, ,193150, ,73.08, ,58.40, ,99.8, 
2012/7/13,05:00,0.0, ,193210, ,78.58, ,58.40, ,99.8, 
2012/7/13,06:00,0.0, ,193270, ,71.96, ,58.00, ,99.7, 
2012/7/13,07:00,0.0, ,193330, ,78.87, ,58.70, ,99.7, 
2012/7/13,08:00,0.0, ,193390, ,70.56, ,58.00, ,99.6, 
2012/7/13,09:00,0.0, ,193390, ,70.84, ,58.30, ,99.6, 
2012/7/13,10:00,0.0, ,193390, ,58.14, ,58.10, ,99.6, 
2012/7/13,11:00,0.0, ,193450, ,68.06, ,58.30, ,99.5, 
2012/7/13,12:00,0.0, ,193450, ,64.74, ,58.20, ,99.5, 
2012/7/13,13:00,0.0, ,193450, ,58.13, ,58.00, ,99.4, 
2012/7/13,14:00,1.3, ,193450, ,58.14, ,58.20, ,99.4, 
2012/7/13,15:00,12.5, ,193570, ,72.47, ,58.20, ,99.3, 
2012/7/13,16:00,0.9, ,193630, ,85.14, ,58.30, ,99.3, 
2012/7/13,17:00,0.6, ,193690, ,77.41, ,58.00, ,99.3, 
2012/7/13,18:00,0.0, ,193860, ,89.84, ,58.40, ,99.2, 
2012/7/13,19:00,0.0, ,193920, ,91.78, ,58.30, ,99.2, 
2012/7/13,20:00,0.0, ,194040, ,85.98, ,58.40, ,99.1, 
2012/7/13,21:00,0.0, ,194160, ,83.20, ,57.70, ,99.1, 
2012/7/13,22:00,0.0, ,194160, ,77.66, ,58.20, ,99.0, 
2012/7/13,23:00,0.0, ,194220, ,71.86, ,58.10, ,99.0, 
2012/7/13,24:00,0.0, ,194280, ,67.99, ,57.60, ,100.0, 
2012/7/14,01:00,0.0, ,194280, ,67.40, ,57.80, ,100.0, 
2012/7/14,02:00,0.0, ,194280, ,58.01, ,58.30, ,99.9, 
2012/7/14,03:00,0.0, ,194280, ,58.02, ,58.20, ,99.9, 
2012/7/14,04:00,0.0, ,194340, ,69.63, ,58.00, ,99.8, 
2012/7/14,05:00,0.3, ,194340, ,63.00, ,57.70, ,99.8, 
2012/7/14,06:00,1.1, ,194340, ,58.07, ,58.60, ,99.7, 
2012/7/14,07:00,1.5, ,194340, ,58.04, ,59.10, ,99.7, 
2012/7/14,08:00,2.3, ,194340, ,58.02, ,57.80, ,99.7, 
2012/7/14,09:00,3.4, ,194340, ,58.02, ,57.90, ,99.6, 
2012/7/14,10:00,0.4, ,194340, ,58.03, ,58.40, ,99.6, 
2012/7/14,11:00,0.2, ,194340, ,58.01, ,57.90, ,99.5, 
2012/7/14,12:00,0.1, ,194340, ,58.03, ,57.90, ,99.5, 
2012/7/14,13:00,0.0, ,194400, ,67.99, ,57.80, ,99.4, 
2012/7/14,14:00,0.0, ,194400, ,64.66, ,58.40, ,99.4, 
2012/7/14,15:00,0.0, ,194460, ,68.53, ,58.20, ,99.3, 
2012/7/14,16:00,0.0, ,194460, ,64.10, ,58.20, ,99.3, 
2012/7/14,17:00,0.0, ,194460, ,58.00, ,58.20, ,99.3, 
2012/7/14,18:00,0.0, ,194460, ,58.02, ,58.20, ,99.2, 
2012/7/14,19:00,0.1, ,194400, ,56.91, ,57.80, ,99.2, 
2012/7/14,20:00,0.0, ,194400, ,42.53, ,58.50, ,99.1, 
2012/7/14,21:00,2.2, ,194340, ,55.52, ,57.90, ,99.1, 
2012/7/14,22:00,1.4, ,194340, ,43.90, ,57.70, ,99.0, 
2012/7/14,23:00,2.4, ,194280, ,54.69, ,57.40, ,99.0, 
2012/7/14,24:00,0.8, ,194280, ,44.76, ,58.40, ,100.0, 
2012/7/15,01:00,0.0, ,194280, ,58.04, ,58.00, ,100.0, 
2012/7/15,02:00,0.2, ,194280, ,58.05, ,58.00, ,100.0, 
2012/7/15,03:00,0.0, ,194280, ,58.05, ,57.60, ,100.0, 
2012/7/15,04:00,0.0, ,194220, ,55.29, ,57.70, ,100.0, 
2012/7/15,05:00,0.0, ,194220, ,44.21, ,57.90, ,100.0, 
2012/7/15,06:00,0.0, ,194220, ,58.04, ,57.40, ,100.0, 
2012/7/15,07:00,0.0, ,194160, ,49.21, ,58.10, ,99.9, 
2012/7/15,08:00,0.0, ,194160, ,50.32, ,57.80, ,99.9, 
2012/7/15,09:00,0.0, ,194100, ,45.36, ,58.20, ,99.9, 
2012/7/15,10:00,0.0, ,194040, ,46.18, ,58.00, ,99.9, 
2012/7/15,11:00,0.0, ,194040, ,49.48, ,57.70, ,99.9, 
2012/7/15,12:00,0.2, ,193980, ,46.74, ,58.00, ,99.8, 
2012/7/15,13:00,0.0, ,193920, ,45.92, ,58.30, ,99.8, 
2012/7/15,14:00,0.0, ,193860, ,45.94, ,58.60, ,99.8, 
2012/7/15,15:00,0.1, ,193860, ,44.00, ,58.20, ,99.8, 
2012/7/15,16:00,0.2, ,193800, ,44.58, ,58.40, ,99.7, 
2012/7/15,17:00,0.1, ,193750, ,46.25, ,58.80, ,99.7, 
2012/7/15,18:00,0.2, ,193690, ,38.50, ,58.60, ,99.7, 
2012/7/15,19:00,0.1, ,193630, ,46.25, ,58.10, ,99.6, 
2012/7/15,20:00,0.0, ,193570, ,42.13, ,58.60, ,99.6, 
2012/7/15,21:00,0.0, ,193510, ,42.69, ,58.20, ,99.6, 
2012/7/15,22:00,0.4, ,193450, ,43.26, ,58.20, ,99.5, 
2012/7/15,23:00,0.4, ,193390, ,38.85, ,58.60, ,99.5, 
2012/7/15,24:00,2.6, ,193330, ,43.55, ,58.50, ,100.0, 
2012/7/16,01:00,4.4, ,193270, ,40.55, ,58.40, ,100.0, 
2012/7/16,02:00,3.1, ,193210, ,44.12, ,58.50, ,99.9, 
2012/7/16,03:00,1.6, ,193210, ,44.94, ,58.40, ,99.9, 
2012/7/16,04:00,1.4, ,193150, ,50.74, ,58.80, ,99.9, 
2012/7/16,05:00,1.3, ,193150, ,49.08, ,57.60, ,99.9, 
2012/7/16,06:00,0.4, ,193150, ,58.21, ,58.40, ,99.9, 
2012/7/16,07:00,0.1, ,193150, ,58.22, ,58.30, ,99.9, 
2012/7/16,08:00,0.8, ,193150, ,58.19, ,57.70, ,99.9, 
2012/7/16,09:00,0.0, ,193150, ,58.19, ,58.30, ,99.9, 
2012/7/16,10:00,0.2, ,193150, ,58.20, ,58.80, ,99.9, 
2012/7/16,11:00,0.0, ,193150, ,58.19, ,58.00, ,99.9, 
2012/7/16,12:00,0.0, ,193090, ,45.25, ,58.00, ,99.9, 
2012/7/16,13:00,0.0, ,193090, ,54.62, ,58.40, ,99.9, 
2012/7/16,14:00,0.0, ,193030, ,47.19, ,57.90, ,99.8, 
2012/7/16,15:00,0.0, ,192970, ,52.41, ,58.20, ,99.8, 
2012/7/16,16:00,0.0, ,192970, ,41.96, ,57.90, ,99.8, 
2012/7/16,17:00,0.0, ,192910, ,54.91, ,58.40, ,99.8, 
2012/7/16,18:00,0.0, ,192910, ,44.99, ,57.90, ,99.8, 
2012/7/16,19:00,0.0, ,192850, ,41.98, ,58.70, ,99.7, 
2012/7/16,20:00,0.0, ,192790, ,44.49, ,58.70, ,99.7, 
2012/7/16,21:00,0.0, ,192730, ,43.93, ,58.30, ,99.7, 
2012/7/16,22:00,0.0, ,192670, ,43.96, ,58.40, ,99.6, 
2012/7/16,23:00,0.0, ,192610, ,44.50, ,58.50, ,99.6, 
2012/7/16,24:00,0.0, ,192550, ,37.62, ,58.00, ,100.0, 
2012/7/17,01:00,0.0, ,192500, ,45.08, ,57.90, ,100.0, 
2012/7/17,02:00,0.0, ,192440, ,37.39, ,58.50, ,99.9, 
2012/7/17,03:00,0.3, ,192380, ,44.82, ,58.30, ,99.9, 
2012/7/17,04:00,0.3, ,192320, ,37.15, ,58.30, ,99.9, 
2012/7/17,05:00,0.1, ,192260, ,44.32, ,58.90, ,99.8, 
2012/7/17,06:00,0.0, ,192140, ,34.68, ,57.90, ,99.8, 
2012/7/17,07:00,0.0, ,192080, ,41.87, ,58.80, ,99.7, 
2012/7/17,08:00,0.0, ,192020, ,36.92, ,58.10, ,99.7, 
2012/7/17,09:00,0.0, ,191960, ,43.53, ,58.30, ,99.7, 
2012/7/17,10:00,0.0, ,191900, ,36.40, ,58.50, ,99.6, 
2012/7/17,11:00,0.0, ,191840, ,37.52, ,58.70, ,99.6, 
2012/7/17,12:00,0.0, ,191720, ,42.75, ,58.60, ,99.5, 
2012/7/17,13:00,0.0, ,191660, ,32.61, ,58.50, ,99.5, 
2012/7/17,14:00,0.0, ,191610, ,37.02, ,58.50, ,99.5, 
2012/7/17,15:00,0.0, ,191550, ,37.02, ,58.10, ,99.4, 
2012/7/17,16:00,0.0, ,191430, ,37.05, ,58.40, ,99.4, 
2012/7/17,17:00,0.0, ,191370, ,36.22, ,58.10, ,99.3, 
2012/7/17,18:00,0.0, ,191250, ,35.14, ,58.00, ,99.2, 
2012/7/17,19:00,0.0, ,191190, ,35.71, ,58.40, ,99.2, 
2012/7/17,20:00,0.0, ,191130, ,37.12, ,58.20, ,99.2, 
2012/7/17,21:00,0.0, ,191010, ,34.39, ,58.70, ,99.1, 
2012/7/17,22:00,0.0, ,190950, ,35.78, ,58.60, ,99.1, 
2012/7/17,23:00,0.0, ,190840, ,31.98, ,58.80, ,99.0, 
2012/7/17,24:00,0.0, ,190720, ,34.44, ,58.70, ,100.0, 
2012/7/18,01:00,0.2, ,190660, ,30.64, ,58.30, ,100.0, 
2012/7/18,02:00,0.6, ,190540, ,34.76, ,58.50, ,99.9, 
2012/7/18,03:00,0.6, ,190480, ,32.33, ,58.70, ,99.9, 
2012/7/18,04:00,0.7, ,190360, ,34.78, ,58.20, ,99.8, 
2012/7/18,05:00,0.7, ,190310, ,32.63, ,59.20, ,99.8, 
2012/7/18,06:00,0.9, ,190190, ,35.65, ,58.70, ,99.7, 
2012/7/18,07:00,1.1, ,190130, ,31.57, ,59.00, ,99.7, 
2012/7/18,08:00,0.0, ,190010, ,34.62, ,58.70, ,99.6, 
2012/7/18,09:00,0.0, ,189950, ,31.10, ,58.50, ,99.6, 
2012/7/18,10:00,0.0, ,189830, ,31.09, ,58.20, ,99.5, 
2012/7/18,11:00,0.0, ,189720, ,34.94, ,59.00, ,99.4, 
2012/7/18,12:00,0.2, ,189660, ,31.42, ,58.90, ,99.4, 
2012/7/18,13:00,0.0, ,189540, ,32.53, ,58.50, ,99.3, 
2012/7/18,14:00,0.0, ,189480, ,33.62, ,58.50, ,99.3, 
2012/7/18,15:00,0.0, ,189360, ,30.40, ,58.80, ,99.2, 
2012/7/18,16:00,0.0, ,189250, ,35.58, ,58.60, ,99.2, 
2012/7/18,17:00,0.0, ,189190, ,30.73, ,59.00, ,99.1, 
2012/7/18,18:00,0.0, ,189070, ,32.35, ,59.30, ,99.0, 
2012/7/18,19:00,0.0, ,189010, ,33.47, ,58.50, ,99.0, 
2012/7/18,20:00,0.0, ,188890, ,28.85, ,58.50, ,98.9, 
2012/7/18,21:00,0.0, ,188770, ,27.22, ,59.20, ,98.9, 
2012/7/18,22:00,0.1, ,188660, ,32.44, ,59.20, ,98.8, 
2012/7/18,23:00,0.6, ,188540, ,30.54, ,59.30, ,98.7, 
2012/7/18,24:00,0.3, ,188420, ,28.93, ,58.90, ,100.0, 
2012/7/19,01:00,0.9, ,188360, ,28.12, ,58.90, ,100.0, 
2012/7/19,02:00,1.7, ,188250, ,32.50, ,59.00, ,99.9, 
2012/7/19,03:00,1.1, ,188130, ,34.16, ,58.70, ,99.8, 
2012/7/19,04:00,1.6, ,188070, ,28.72, ,58.60, ,99.8, 
2012/7/19,05:00,0.5, ,188010, ,38.00, ,59.60, ,99.8, 
2012/7/19,06:00,0.2, ,187890, ,38.55, ,58.70, ,99.7, 
2012/7/19,07:00,0.9, ,187830, ,33.43, ,59.40, ,99.7, 
2012/7/19,08:00,0.5, ,187720, ,34.53, ,59.00, ,99.6, 
2012/7/19,09:00,0.3, ,187660, ,33.99, ,59.10, ,99.6, 
2012/7/19,10:00,0.0, ,187540, ,31.27, ,58.80, ,99.5, 
2012/7/19,11:00,0.0, ,187480, ,37.28, ,59.40, ,99.5, 
2012/7/19,12:00,0.6, ,187370, ,35.12, ,58.70, ,99.4, 
2012/7/19,13:00,0.6, ,187250, ,33.25, ,58.70, ,99.3, 
2012/7/19,14:00,0.1, ,187190, ,31.91, ,59.10, ,99.3, 
2012/7/19,15:00,0.0, ,187130, ,37.90, ,59.00, ,99.3, 
2012/7/19,16:00,0.0, ,187010, ,32.22, ,58.90, ,99.2, 
2012/7/19,17:00,0.0, ,186900, ,36.04, ,59.00, ,99.1, 
2012/7/19,18:00,0.0, ,186840, ,31.73, ,59.30, ,99.1, 
2012/7/19,19:00,0.0, ,186720, ,33.37, ,59.10, ,99.0, 
2012/7/19,20:00,0.0, ,186600, ,30.12, ,59.10, ,98.9, 
2012/7/19,21:00,0.0, ,186550, ,29.35, ,59.30, ,98.9, 
2012/7/19,22:00,0.0, ,186430, ,30.99, ,59.50, ,98.8, 
2012/7/19,23:00,0.0, ,186310, ,31.53, ,59.40, ,98.8, 
2012/7/19,24:00,0.0, ,186200, ,28.97, ,48.00, ,100.0, 
2012/7/20,01:00,0.0, ,186200, ,21.70, ,22.20, ,100.0, 
2012/7/20,02:00,0.0, ,186200, ,21.39, ,19.70, ,100.0, 
2012/7/20,03:00,0.0, ,186200, ,19.69, ,19.30, ,100.0, 
2012/7/20,04:00,0.0, ,186250, ,21.04, ,19.70, ,100.0, 
2012/7/20,05:00,0.0, ,186250, ,34.56, ,19.50, ,100.0, 
2012/7/20,06:00,0.0, ,186250, ,19.68, ,19.70, ,100.0, 
2012/7/20,07:00,0.0, ,186310, ,26.19, ,20.20, ,100.0, 
2012/7/20,08:00,0.0, ,186310, ,33.61, ,28.60, ,100.0, 
2012/7/20,09:00,0.0, ,186250, ,35.26, ,44.50, ,100.0, 
2012/7/20,10:00,0.0, ,186200, ,28.65, ,59.10, ,100.0, 
2012/7/20,11:00,2.0, ,186080, ,28.62, ,59.10, ,99.9, 
2012/7/20,12:00,9.0, ,185960, ,28.12, ,59.30, ,99.9, 
2012/7/20,13:00,6.7, ,185900, ,43.55, ,59.30, ,99.8, 
2012/7/20,14:00,2.1, ,185850, ,37.06, ,59.20, ,99.8, 
2012/7/20,15:00,0.0, ,185790, ,45.74, ,59.60, ,99.8, 
2012/7/20,16:00,0.0, ,185730, ,39.78, ,59.30, ,99.7, 
2012/7/20,17:00,0.0, ,185670, ,46.27, ,59.10, ,99.7, 
2012/7/20,18:00,0.1, ,185610, ,38.20, ,59.50, ,99.7, 
2012/7/20,19:00,0.0, ,185550, ,44.99, ,59.30, ,99.6, 
2012/7/20,20:00,0.0, ,185440, ,32.83, ,59.70, ,99.6, 
2012/7/20,21:00,0.0, ,185320, ,34.74, ,59.50, ,99.5, 
2012/7/20,22:00,0.0, ,185260, ,32.87, ,59.30, ,99.5, 
2012/7/20,23:00,0.0, ,185150, ,33.97, ,59.60, ,99.4, 
2012/7/20,24:00,0.0, ,185030, ,30.05, ,48.50, ,100.0, 
2012/7/21,01:00,0.0, ,185030, ,21.08, ,22.80, ,100.0, 
2012/7/21,02:00,0.0, ,185030, ,20.36, ,16.90, ,100.0, 
2012/7/21,03:00,0.0, ,185090, ,23.20, ,19.70, ,100.0, 
2012/7/21,04:00,0.0, ,185090, ,30.79, ,20.00, ,100.0, 
2012/7/21,05:00,0.0, ,185090, ,19.76, ,19.80, ,100.0, 
2012/7/21,06:00,0.0, ,185150, ,33.79, ,19.40, ,100.0, 
2012/7/21,07:00,0.0, ,185150, ,23.01, ,22.40, ,100.0, 
2012/7/21,08:00,0.0, ,185150, ,21.45, ,20.30, ,100.0, 
2012/7/21,09:00,0.0, ,185150, ,23.94, ,28.30, ,100.0, 
2012/7/21,10:00,0.0, ,185150, ,36.73, ,45.40, ,100.0, 
2012/7/21,11:00,0.0, ,185090, ,42.89, ,57.70, ,100.0, 
2012/7/21,12:00,0.0, ,184970, ,26.94, ,59.30, ,100.0, 
2012/7/21,13:00,0.0, ,184850, ,27.01, ,59.90, ,99.9, 
2012/7/21,14:00,0.0, ,184740, ,28.67, ,59.60, ,99.8, 
2012/7/21,15:00,0.0, ,184620, ,29.21, ,59.10, ,99.8, 
2012/7/21,16:00,0.0, ,184510, ,26.55, ,59.60, ,99.7, 
2012/7/21,17:00,0.0, ,184390, ,28.45, ,59.40, ,99.6, 
2012/7/21,18:00,0.0, ,184270, ,25.81, ,59.50, ,99.6, 
2012/7/21,19:00,0.4, ,184160, ,29.60, ,58.90, ,99.5, 
2012/7/21,20:00,0.0, ,184040, ,27.21, ,60.00, ,99.4, 
2012/7/21,21:00,0.0, ,183980, ,25.97, ,43.00, ,99.4, 
2012/7/21,22:00,0.0, ,183980, ,26.90, ,22.50, ,99.4, 
2012/7/21,23:00,0.0, ,183980, ,21.53, ,20.30, ,99.4, 
2012/7/21,24:00,0.0, ,183980, ,19.82, ,19.40, ,100.0, 
2012/7/22,01:00,0.0, ,183980, ,10.06, ,0.00, ,100.0, 
2012/7/22,02:00,0.0, ,184040, ,11.02, ,0.00, ,100.0, 
2012/7/22,03:00,0.0, ,184100, ,19.36, ,0.00, ,100.0, 
2012/7/22,04:00,0.0, ,184160, ,15.33, ,0.00, ,100.0, 
2012/7/22,05:00,0.0, ,184210, ,13.72, ,0.00, ,100.0, 
2012/7/22,06:00,0.0, ,184270, ,19.91, ,0.00, ,100.0, 
2012/7/22,07:00,0.0, ,184330, ,13.19, ,0.00, ,100.0, 
2012/7/22,08:00,0.0, ,184390, ,14.80, ,0.00, ,100.0, 
2012/7/22,09:00,0.0, ,184450, ,17.29, ,3.50, ,100.0, 
2012/7/22,10:00,0.0, ,184450, ,14.58, ,19.40, ,100.0, 
2012/7/22,11:00,0.0, ,184450, ,28.97, ,38.40, ,100.0, 
2012/7/22,12:00,0.6, ,184330, ,38.43, ,58.30, ,100.0, 
2012/7/22,13:00,0.3, ,184210, ,20.88, ,57.70, ,100.0, 
2012/7/22,14:00,0.6, ,184100, ,28.18, ,58.00, ,100.0, 
2012/7/22,15:00,3.0, ,183980, ,21.21, ,57.70, ,100.0, 
2012/7/22,16:00,8.0, ,183920, ,31.22, ,58.10, ,100.0, 
2012/7/22,17:00,2.2, ,183870, ,27.13, ,34.20, ,99.9, 
2012/7/22,18:00,0.0, ,183870, ,30.21, ,33.20, ,99.9, 
2012/7/22,19:00,0.3, ,183810, ,40.50, ,59.40, ,99.9, 
2012/7/22,20:00,0.0, ,183750, ,36.67, ,47.50, ,99.9, 
2012/7/22,21:00,0.2, ,183750, ,32.77, ,18.30, ,99.9, 
2012/7/22,22:00,0.2, ,183810, ,26.45, ,18.70, ,99.9, 
2012/7/22,23:00,0.4, ,183870, ,37.72, ,18.40, ,99.9, 
2012/7/22,24:00,0.0, ,183870, ,23.22, ,18.80, ,100.0, 
2012/7/23,01:00,0.0, ,183980, ,29.97, ,0.00, ,100.0, 
2012/7/23,02:00,0.0, ,184100, ,22.85, ,0.00, ,100.0, 
2012/7/23,03:00,0.0, ,184160, ,26.09, ,0.00, ,100.0, 
2012/7/23,04:00,0.0, ,184210, ,20.98, ,0.00, ,100.0, 
2012/7/23,05:00,0.0, ,184270, ,20.44, ,0.00, ,100.0, 
2012/7/23,06:00,0.0, ,184390, ,18.59, ,1.30, ,100.0, 
2012/7/23,07:00,0.0, ,184390, ,24.83, ,18.20, ,100.0, 
2012/7/23,08:00,0.0, ,184390, ,18.35, ,18.60, ,100.0, 
2012/7/23,09:00,0.0, ,184390, ,18.38, ,18.40, ,100.0, 
2012/7/23,10:00,0.1, ,184390, ,18.37, ,19.20, ,100.0, 
2012/7/23,11:00,0.0, ,184390, ,30.49, ,42.40, ,100.0, 
2012/7/23,12:00,0.0, ,184270, ,34.68, ,46.30, ,100.0, 
2012/7/23,13:00,0.0, ,184270, ,22.09, ,31.80, ,100.0, 
2012/7/23,14:00,0.0, ,184210, ,33.59, ,58.20, ,100.0, 
2012/7/23,15:00,0.0, ,184040, ,24.39, ,58.00, ,100.0, 
2012/7/23,16:00,0.0, ,183980, ,22.97, ,52.60, ,100.0, 
2012/7/23,17:00,1.6, ,183920, ,38.44, ,38.10, ,100.0, 
2012/7/23,18:00,2.7, ,183980, ,16.28, ,0.00, ,100.0, 
2012/7/23,19:00,0.0, ,184100, ,22.85, ,0.00, ,100.0, 
2012/7/23,20:00,0.0, ,184160, ,28.24, ,0.00, ,100.0, 
2012/7/23,21:00,0.0, ,184330, ,26.90, ,0.00, ,100.0, 
2012/7/23,22:00,0.0, ,184390, ,38.48, ,0.00, ,100.0, 
2012/7/23,23:00,0.0, ,184560, ,36.88, ,0.00, ,100.0, 
2012/7/23,24:00,0.0, ,184620, ,29.35, ,0.00, ,100.0, 
2012/7/24,01:00,0.0, ,184740, ,28.28, ,0.00, ,100.0, 
2012/7/24,02:00,0.0, ,184850, ,22.63, ,0.00, ,100.0, 
2012/7/24,03:00,0.0, ,184910, ,26.14, ,0.00, ,100.0, 
2012/7/24,04:00,0.0, ,184970, ,14.55, ,0.00, ,100.0, 
2012/7/24,05:00,0.0, ,185030, ,19.95, ,0.00, ,100.0, 
2012/7/24,06:00,0.0, ,185090, ,21.03, ,0.00, ,100.0, 
2012/7/24,07:00,0.0, ,185150, ,14.29, ,0.00, ,100.0, 
2012/7/24,08:00,0.0, ,185200, ,19.96, ,0.00, ,100.0, 
2012/7/24,09:00,0.0, ,185320, ,18.41, ,3.50, ,100.0, 
2012/7/24,10:00,0.0, ,185320, ,30.50, ,28.40, ,100.0, 
2012/7/24,11:00,0.0, ,185260, ,29.70, ,48.40, ,100.0, 
2012/7/24,12:00,0.0, ,185150, ,27.55, ,26.80, ,100.0, 
2012/7/24,13:00,0.0, ,185150, ,20.51, ,55.40, ,100.0, 
2012/7/24,14:00,0.3, ,185030, ,21.51, ,57.90, ,100.0, 
2012/7/24,15:00,1.3, ,184910, ,31.50, ,57.80, ,100.0, 
2012/7/24,16:00,0.7, ,184800, ,27.51, ,59.50, ,100.0, 
2012/7/24,17:00,0.8, ,184680, ,29.25, ,17.90, ,100.0, 
2012/7/24,18:00,0.0, ,184740, ,11.66, ,0.00, ,100.0, 
2012/7/24,19:00,0.0, ,184850, ,24.52, ,0.00, ,100.0, 
2012/7/24,20:00,0.0, ,184910, ,26.95, ,0.00, ,100.0, 
2012/7/24,21:00,0.0, ,185030, ,26.14, ,0.00, ,100.0, 
2012/7/24,22:00,0.0, ,185090, ,24.27, ,0.00, ,100.0, 
2012/7/24,23:00,0.0, ,185200, ,27.24, ,0.00, ,100.0, 
2012/7/24,24:00,0.0, ,185320, ,24.01, ,0.00, ,100.0, 
2012/7/25,01:00,0.0, ,185380, ,25.90, ,0.00, ,100.0, 
2012/7/25,02:00,0.0, ,185440, ,20.51, ,0.00, ,100.0, 
2012/7/25,03:00,0.0, ,185500, ,13.50, ,0.00, ,100.0, 
2012/7/25,04:00,0.0, ,185550, ,20.25, ,0.00, ,100.0, 
2012/7/25,05:00,0.0, ,185610, ,12.69, ,0.00, ,100.0, 
2012/7/25,06:00,0.0, ,185670, ,19.20, ,1.90, ,100.0, 
2012/7/25,07:00,0.0, ,185670, ,14.61, ,18.20, ,100.0, 
2012/7/25,08:00,0.0, ,185670, ,18.31, ,18.60, ,100.0, 
2012/7/25,09:00,0.0, ,185670, ,18.30, ,18.40, ,100.0, 
2012/7/25,10:00,0.0, ,185670, ,18.31, ,18.40, ,100.0, 
2012/7/25,11:00,0.0, ,185670, ,18.33, ,18.50, ,100.0, 
2012/7/25,12:00,0.0, ,185670, ,19.41, ,21.30, ,100.0, 
2012/7/25,13:00,0.0, ,185670, ,20.01, ,18.40, ,100.0, 
2012/7/25,14:00,0.0, ,185670, ,26.07, ,34.40, ,100.0, 
2012/7/25,15:00,0.2, ,185550, ,27.89, ,57.80, ,100.0, 
2012/7/25,16:00,0.1, ,185440, ,24.11, ,57.90, ,100.0, 
2012/7/25,17:00,0.3, ,185320, ,26.84, ,59.30, ,100.0, 
2012/7/25,18:00,0.0, ,185200, ,22.83, ,57.20, ,99.9, 
2012/7/25,19:00,0.0, ,185150, ,21.41, ,32.40, ,99.9, 
2012/7/25,20:00,0.0, ,185090, ,20.88, ,32.70, ,99.9, 
2012/7/25,21:00,0.0, ,185090, ,19.01, ,18.00, ,99.9, 
2012/7/25,22:00,0.0, ,185090, ,19.44, ,21.30, ,99.9, 
2012/7/25,23:00,0.0, ,185090, ,20.05, ,18.50, ,99.9, 
2012/7/25,24:00,0.0, ,185090, ,18.35, ,18.40, ,99.9, 
2012/7/26,01:00,0.0, ,185090, ,9.23, ,0.00, ,99.9, 
2012/7/26,02:00,0.0, ,185150, ,1.35, ,0.00, ,99.9, 
2012/7/26,03:00,0.0, ,185150, ,14.83, ,0.00, ,99.9, 
2012/7/26,04:00,0.0, ,185200, ,12.40, ,0.00, ,99.9, 
2012/7/26,05:00,0.0, ,185260, ,11.60, ,0.00, ,100.0, 
2012/7/26,06:00,0.0, ,185320, ,11.87, ,0.00, ,100.0, 
2012/7/26,07:00,0.0, ,185320, ,12.71, ,1.50, ,100.0, 
2012/7/26,08:00,0.0, ,185320, ,9.20, ,18.30, ,100.0, 
2012/7/26,09:00,0.0, ,185320, ,18.30, ,18.20, ,100.0, 
2012/7/26,10:00,0.0, ,185320, ,20.43, ,24.70, ,100.0, 
2012/7/26,11:00,0.0, ,185260, ,30.83, ,52.30, ,100.0, 
2012/7/26,12:00,0.0, ,185150, ,22.37, ,55.60, ,99.9, 
2012/7/26,13:00,0.0, ,185090, ,20.35, ,33.40, ,99.9, 
2012/7/26,14:00,0.0, ,184970, ,19.71, ,56.50, ,99.8, 
2012/7/26,15:00,1.5, ,184800, ,20.83, ,59.10, ,99.7, 
2012/7/26,16:00,10.8, ,184740, ,33.74, ,59.30, ,99.7, 
2012/7/26,17:00,1.8, ,184620, ,37.29, ,59.70, ,99.6, 
2012/7/26,18:00,0.1, ,184560, ,31.67, ,59.50, ,99.6, 
2012/7/26,19:00,0.0, ,184510, ,34.47, ,51.10, ,99.5, 
2012/7/26,20:00,0.0, ,184510, ,34.11, ,29.90, ,99.5, 
2012/7/26,21:00,0.0, ,184510, ,30.82, ,32.60, ,99.5, 
2012/7/26,22:00,0.0, ,184510, ,25.51, ,18.10, ,99.5, 
2012/7/26,23:00,0.0, ,184510, ,18.33, ,18.60, ,99.5, 
2012/7/26,24:00,0.0, ,184510, ,18.34, ,18.40, ,99.5, 
2012/7/27,01:00,0.0, ,184510, ,19.46, ,21.20, ,99.5, 
2012/7/27,02:00,0.0, ,184510, ,18.95, ,15.70, ,99.5, 
2012/7/27,03:00,0.0, ,184510, ,16.64, ,18.30, ,99.5, 
2012/7/27,04:00,0.0, ,184510, ,18.31, ,18.30, ,99.5, 
2012/7/27,05:00,0.0, ,184510, ,18.33, ,18.10, ,99.5, 
2012/7/27,06:00,0.0, ,184510, ,18.34, ,18.00, ,99.5, 
2012/7/27,07:00,0.0, ,184450, ,15.44, ,21.30, ,99.5, 
2012/7/27,08:00,0.0, ,184450, ,7.95, ,18.60, ,99.5, 
2012/7/27,09:00,0.0, ,184450, ,18.38, ,18.10, ,99.5, 
2012/7/27,10:00,0.0, ,184390, ,20.23, ,31.80, ,99.5, 
2012/7/27,11:00,0.0, ,184270, ,19.57, ,58.00, ,99.4, 
2012/7/27,12:00,0.0, ,184160, ,22.77, ,57.60, ,99.3, 
2012/7/27,13:00,0.0, ,184100, ,26.57, ,33.20, ,99.3, 
2012/7/27,14:00,0.0, ,183980, ,15.98, ,57.90, ,99.2, 
2012/7/27,15:00,0.0, ,183870, ,24.72, ,58.00, ,99.2, 
2012/7/27,16:00,0.0, ,183750, ,19.92, ,59.40, ,99.1, 
2012/7/27,17:00,0.0, ,183580, ,20.00, ,59.70, ,99.0, 
2012/7/27,18:00,0.0, ,183460, ,29.73, ,59.30, ,98.9, 
2012/7/27,19:00,0.0, ,183340, ,18.99, ,57.60, ,98.9, 
2012/7/27,20:00,0.0, ,183290, ,21.30, ,31.60, ,98.8, 
2012/7/27,21:00,0.0, ,183290, ,20.12, ,21.10, ,98.8, 
2012/7/27,22:00,0.0, ,183290, ,21.23, ,21.20, ,98.8, 
2012/7/27,23:00,0.0, ,183290, ,20.12, ,18.10, ,98.8, 
2012/7/27,24:00,0.0, ,183230, ,16.54, ,18.30, ,98.8, 
2012/7/28,01:00,0.0, ,183230, ,4.19, ,18.50, ,98.8, 
2012/7/28,02:00,0.0, ,183230, ,18.39, ,18.30, ,98.8, 
2012/7/28,03:00,0.0, ,183170, ,10.10, ,18.60, ,98.8, 
2012/7/28,04:00,0.0, ,183170, ,10.63, ,18.50, ,98.8, 
2012/7/28,05:00,0.0, ,183110, ,9.06, ,21.20, ,98.7, 
2012/7/28,06:00,0.0, ,183110, ,14.47, ,18.40, ,98.7, 
2012/7/28,07:00,0.0, ,183050, ,5.85, ,18.50, ,98.7, 
2012/7/28,08:00,0.0, ,183050, ,14.94, ,18.70, ,98.7, 
2012/7/28,09:00,0.0, ,183000, ,9.60, ,30.00, ,98.7, 
2012/7/28,10:00,0.0, ,182880, ,14.66, ,49.90, ,98.6, 
2012/7/28,11:00,0.0, ,182770, ,23.45, ,59.60, ,98.5, 
2012/7/28,12:00,0.0, ,182590, ,21.90, ,56.10, ,98.4, 
2012/7/28,13:00,0.0, ,182530, ,18.92, ,33.00, ,98.4, 
2012/7/28,14:00,0.0, ,182420, ,18.75, ,58.30, ,98.3, 
2012/7/28,15:00,0.0, ,182300, ,25.43, ,58.20, ,98.3, 
2012/7/28,16:00,0.0, ,182190, ,21.21, ,60.00, ,98.2, 
2012/7/28,17:00,0.0, ,182020, ,19.95, ,59.90, ,98.1, 
2012/7/28,18:00,0.0, ,181900, ,20.02, ,59.50, ,98.0, 
2012/7/28,19:00,0.0, ,181730, ,19.14, ,52.40, ,97.9, 
2012/7/28,20:00,0.0, ,181670, ,15.94, ,25.80, ,97.9, 
2012/7/28,21:00,0.0, ,181670, ,13.55, ,18.30, ,97.9, 
2012/7/28,22:00,0.0, ,181670, ,19.59, ,21.30, ,97.9, 
2012/7/28,23:00,0.0, ,181610, ,10.06, ,18.40, ,97.9, 
2012/7/28,24:00,0.0, ,181610, ,12.65, ,18.80, ,97.9, 
2012/7/29,01:00,0.0, ,181610, ,18.47, ,18.60, ,97.9, 
2012/7/29,02:00,0.0, ,181550, ,8.06, ,18.10, ,97.8, 
2012/7/29,03:00,0.0, ,181500, ,11.55, ,18.60, ,97.8, 
2012/7/29,04:00,0.0, ,181500, ,3.84, ,18.70, ,97.8, 
2012/7/29,05:00,0.0, ,181440, ,7.03, ,18.50, ,97.8, 
2012/7/29,06:00,0.0, ,181380, ,13.68, ,18.30, ,97.7, 
2012/7/29,07:00,0.0, ,181380, ,3.89, ,21.50, ,97.7, 
2012/7/29,08:00,0.0, ,181320, ,7.45, ,18.50, ,97.7, 
2012/7/29,09:00,0.0, ,181270, ,9.95, ,15.80, ,97.7, 
2012/7/29,10:00,0.0, ,181270, ,5.10, ,18.30, ,97.7, 
2012/7/29,11:00,0.0, ,181270, ,18.49, ,18.80, ,97.7, 
2012/7/29,12:00,0.0, ,181210, ,17.42, ,18.90, ,97.6, 
2012/7/29,13:00,0.0, ,181150, ,9.71, ,42.40, ,97.6, 
2012/7/29,14:00,0.0, ,181040, ,19.97, ,45.30, ,97.5, 
2012/7/29,15:00,0.0, ,180920, ,18.54, ,58.80, ,97.5, 
2012/7/29,16:00,0.0, ,180750, ,18.16, ,59.80, ,97.4, 
2012/7/29,17:00,0.0, ,180640, ,21.43, ,60.20, ,97.3, 
2012/7/29,18:00,0.0, ,180460, ,19.00, ,52.60, ,97.2, 
2012/7/29,19:00,0.0, ,180410, ,16.84, ,37.40, ,97.2, 
2012/7/29,20:00,0.0, ,180410, ,14.64, ,0.00, ,97.2, 
2012/7/29,21:00,0.0, ,180460, ,2.39, ,0.00, ,97.2, 
2012/7/29,22:00,0.0, ,180520, ,18.07, ,1.60, ,97.2, 
2012/7/29,23:00,0.0, ,180520, ,20.70, ,18.60, ,97.2, 
2012/7/29,24:00,0.0, ,180520, ,18.53, ,18.40, ,97.2, 
2012/7/30,01:00,0.0, ,180520, ,18.52, ,18.30, ,97.2, 
2012/7/30,02:00,0.0, ,180460, ,14.54, ,18.60, ,97.2, 
2012/7/30,03:00,0.0, ,180460, ,6.58, ,18.90, ,97.2, 
2012/7/30,04:00,0.0, ,180410, ,3.42, ,18.80, ,97.2, 
2012/7/30,05:00,0.0, ,180410, ,8.54, ,0.00, ,97.2, 
2012/7/30,06:00,0.0, ,180410, ,0.00, ,0.00, ,97.2, 
2012/7/30,07:00,0.0, ,180460, ,4.78, ,0.00, ,97.2, 
2012/7/30,08:00,0.0, ,180460, ,11.17, ,1.50, ,97.2, 
2012/7/30,09:00,0.0, ,180460, ,9.32, ,18.50, ,97.2, 
2012/7/30,10:00,0.0, ,180410, ,24.54, ,34.80, ,97.2, 
2012/7/30,11:00,0.0, ,180290, ,13.83, ,46.40, ,97.1, 
2012/7/30,12:00,0.0, ,180230, ,20.52, ,18.60, ,97.1, 
2012/7/30,13:00,0.0, ,180230, ,8.60, ,31.90, ,97.1, 
2012/7/30,14:00,0.0, ,180060, ,21.14, ,58.60, ,97.0, 
2012/7/30,15:00,0.0, ,179950, ,19.15, ,60.00, ,96.9, 
2012/7/30,16:00,0.0, ,179780, ,15.06, ,60.10, ,96.8, 
2012/7/30,17:00,0.0, ,179660, ,23.00, ,45.10, ,96.7, 
2012/7/30,18:00,0.0, ,179660, ,12.56, ,21.50, ,96.7, 
2012/7/30,19:00,0.0, ,179660, ,20.29, ,18.70, ,96.7, 
2012/7/30,20:00,0.0, ,179600, ,12.76, ,18.40, ,96.7, 
2012/7/30,21:00,0.0, ,179600, ,8.51, ,18.30, ,96.7, 
2012/7/30,22:00,0.0, ,179600, ,19.68, ,21.20, ,96.7, 
2012/7/30,23:00,0.0, ,179550, ,17.11, ,18.30, ,96.7, 
2012/7/30,24:00,0.0, ,179550, ,5.91, ,18.70, ,96.7, 
2012/7/31,01:00,0.0, ,179550, ,18.59, ,19.00, ,96.7, 
2012/7/31,02:00,0.0, ,179490, ,8.24, ,18.60, ,96.6, 
2012/7/31,03:00,0.0, ,179430, ,8.23, ,18.60, ,96.6, 
2012/7/31,04:00,0.0, ,179430, ,7.45, ,18.70, ,96.6, 
2012/7/31,05:00,0.0, ,179380, ,3.24, ,18.40, ,96.6, 
2012/7/31,06:00,0.0, ,179320, ,12.79, ,18.80, ,96.5, 
2012/7/31,07:00,0.0, ,179260, ,6.75, ,32.10, ,96.5, 
2012/7/31,08:00,0.0, ,179090, ,10.29, ,58.90, ,96.4, 
2012/7/31,09:00,0.0, ,178920, ,11.80, ,60.10, ,96.3, 
2012/7/31,10:00,0.0, ,178750, ,13.12, ,60.10, ,96.2, 
2012/7/31,11:00,0.0, ,178580, ,16.97, ,60.50, ,96.1, 
2012/7/31,12:00,0.0, ,178460, ,17.23, ,58.80, ,96.0, 
2012/7/31,13:00,0.0, ,178290, ,18.04, ,60.10, ,95.9, 
2012/7/31,14:00,0.0, ,178120, ,13.64, ,60.50, ,95.8, 
2012/7/31,15:00,0.0, ,177950, ,19.54, ,60.30, ,95.7, 
2012/7/31,16:00,0.0, ,177840, ,18.74, ,58.70, ,95.7, 
2012/7/31,17:00,0.0, ,177670, ,16.11, ,60.10, ,95.6, 
2012/7/31,18:00,0.0, ,177500, ,19.12, ,60.40, ,95.5, 
2012/7/31,19:00,0.0, ,177380, ,17.60, ,60.40, ,95.4, 
2012/7/31,20:00,0.0, ,177210, ,16.17, ,53.20, ,95.3, 
2012/7/31,21:00,0.0, ,177160, ,15.98, ,26.10, ,95.3, 
2012/7/31,22:00,0.0, ,177160, ,14.55, ,21.40, ,95.3, 
2012/7/31,23:00,0.0, ,177100, ,14.10, ,18.60, ,95.2, 
2012/7/31,24:00,0.0, ,177100, ,9.26, ,18.90, ,95.2, 
