îCà”ä˙ä‘É_ÉÄèîó åüçıåãâ 
êÖånñº,ãgñÏêÏ
âÕêÏñº,ãgñÏêÏ
äœë™èäñº,ëÅñæâYÉ_ÉÄÅiã@ç\Åj
äœë™èäãLçÜ,1368080700010
#
#îNåéì˙,éûçè,ó¨àÊïΩãœâJó ,ó¨àÊïΩãœâJó ëÆê´,íôêÖó ,íôêÖó ëÆê´,ó¨ì¸ó ,ó¨ì¸ó ëÆê´,ï˙ó¨ó ,ï˙ó¨ó ëÆê´,íôêÖó¶,íôêÖó¶ëÆê´
#ëÆê´Å@$:åáë™ -:ñ¢éÛêM
#
2004/9/1,01:00,0.0, ,224370, ,175.40, ,276.50, ,100.0, 
2004/9/1,02:00,0.0, ,223980, ,168.13, ,275.56, ,100.0, 
2004/9/1,03:00,0.0, ,223600, ,160.90, ,275.08, ,100.0, 
2004/9/1,04:00,0.0, ,223140, ,162.66, ,273.92, ,100.0, 
2004/9/1,05:00,0.0, ,222760, ,157.33, ,272.78, ,100.0, 
2004/9/1,06:00,0.0, ,222300, ,150.40, ,272.52, ,100.0, 
2004/9/1,07:00,0.0, ,221850, ,146.22, ,271.56, ,100.0, 
2004/9/1,08:00,0.0, ,221400, ,141.40, ,239.54, ,100.0, 
2004/9/1,09:00,0.0, ,221020, ,126.38, ,239.12, ,100.0, 
2004/9/1,10:00,0.0, ,220630, ,131.38, ,218.16, ,100.0, 
2004/9/1,11:00,0.0, ,220310, ,123.81, ,217.72, ,100.0, 
2004/9/1,12:00,0.0, ,219990, ,121.95, ,217.34, ,100.0, 
2004/9/1,13:00,0.0, ,219600, ,112.55, ,216.48, ,100.0, 
2004/9/1,14:00,0.0, ,219220, ,122.26, ,215.72, ,100.0, 
2004/9/1,15:00,0.0, ,218900, ,112.16, ,215.28, ,100.0, 
2004/9/1,16:00,0.0, ,218450, ,105.35, ,215.00, ,100.0, 
2004/9/1,17:00,0.0, ,218070, ,99.61, ,214.00, ,100.0, 
2004/9/1,18:00,0.0, ,217620, ,99.52, ,213.52, ,100.0, 
2004/9/1,19:00,0.0, ,217240, ,91.50, ,212.46, ,100.0, 
2004/9/1,20:00,0.0, ,216790, ,82.72, ,212.18, ,100.0, 
2004/9/1,21:00,0.0, ,216350, ,95.56, ,211.60, ,100.0, 
2004/9/1,22:00,0.0, ,215900, ,83.50, ,195.60, ,100.0, 
2004/9/1,23:00,1.2, ,215460, ,84.06, ,194.88, ,100.0, 
2004/9/1,24:00,1.5, ,215080, ,82.82, ,194.28, ,0.0,-
2004/9/2,01:00,1.9, ,214700, ,76.75, ,193.98, ,0.0,-
2004/9/2,02:00,1.6, ,214320, ,81.06, ,183.34, ,0.0,-
2004/9/2,03:00,0.9, ,213940, ,76.90, ,183.20, ,100.0, 
2004/9/2,04:00,2.4, ,213560, ,83.23, ,183.30, ,100.0, 
2004/9/2,05:00,1.7, ,213180, ,84.79, ,182.50, ,100.0, 
2004/9/2,06:00,1.5, ,212870, ,88.56, ,181.92, ,100.0, 
2004/9/2,07:00,2.1, ,212550, ,90.37, ,181.74, ,100.0, 
2004/9/2,08:00,1.2, ,212180, ,83.50, ,181.20, ,100.0, 
2004/9/2,09:00,1.8, ,211860, ,81.57, ,180.46, ,100.0, 
2004/9/2,10:00,0.0, ,211490, ,77.13, ,189.30, ,100.0, 
2004/9/2,11:00,1.3, ,211050, ,74.21, ,188.62, ,100.0, 
2004/9/2,12:00,0.2, ,210610, ,69.59, ,187.70, ,100.0, 
2004/9/2,13:00,0.1, ,210240, ,73.23, ,187.54, ,100.0, 
2004/9/2,14:00,0.0, ,209800, ,72.94, ,186.52, ,100.0, 
2004/9/2,15:00,0.0, ,209420, ,70.61, ,185.76, ,100.0, 
2004/9/2,16:00,0.0, ,208990, ,67.90, ,185.08, ,100.0, 
2004/9/2,17:00,0.0, ,208550, ,66.77, ,184.76, ,100.0, 
2004/9/2,18:00,0.0, ,208180, ,68.13, ,183.90, ,100.0, 
2004/9/2,19:00,0.0, ,207750, ,69.22, ,183.32, ,100.0, 
2004/9/2,20:00,0.0, ,207320, ,59.92, ,182.34, ,100.0, 
2004/9/2,21:00,0.0, ,206880, ,60.37, ,160.36, ,100.0, 
2004/9/2,22:00,0.0, ,206570, ,63.95, ,159.68, ,100.0, 
2004/9/2,23:00,0.0, ,206260, ,59.16, ,159.30, ,100.0, 
2004/9/2,24:00,0.0, ,205890, ,62.89, ,158.76, ,100.0, 
2004/9/3,01:00,0.0, ,205520, ,59.13, ,158.12, ,100.0, 
2004/9/3,02:00,0.0, ,205150, ,55.15, ,157.92, ,100.0, 
2004/9/3,03:00,0.0, ,204780, ,52.39, ,157.08, ,100.0, 
2004/9/3,04:00,0.0, ,204410, ,51.79, ,156.38, ,100.0, 
2004/9/3,05:00,0.0, ,204040, ,53.97, ,156.34, ,100.0, 
2004/9/3,06:00,0.0, ,203670, ,48.36, ,155.64, ,100.0, 
2004/9/3,07:00,0.0, ,203310, ,52.87, ,155.40, ,100.0, 
2004/9/3,08:00,0.0, ,202880, ,49.24, ,154.38, ,100.0, 
2004/9/3,09:00,0.0, ,202510, ,46.92, ,153.74, ,100.0, 
2004/9/3,10:00,0.0, ,202140, ,48.25, ,153.24, ,100.0, 
2004/9/3,11:00,0.0, ,201770, ,49.02, ,153.14, ,100.0, 
2004/9/3,12:00,0.0, ,201410, ,49.29, ,152.04, ,100.0, 
2004/9/3,13:00,0.0, ,201040, ,45.74, ,151.84, ,100.0, 
2004/9/3,14:00,0.0, ,200680, ,45.10, ,151.34, ,100.0, 
2004/9/3,15:00,0.0, ,200250, ,48.60, ,150.32, ,100.0, 
2004/9/3,16:00,0.0, ,199880, ,40.25, ,149.92, ,100.0, 
2004/9/3,17:00,0.0, ,199520, ,47.09, ,149.52, ,100.0, 
2004/9/3,18:00,0.0, ,199160, ,40.58, ,149.06, ,100.0, 
2004/9/3,19:00,0.0, ,198730, ,35.24, ,148.24, ,100.0, 
2004/9/3,20:00,0.0, ,198310, ,30.32, ,147.32, ,100.0, 
2004/9/3,21:00,0.0, ,197950, ,33.26, ,146.52, ,100.0, 
2004/9/3,22:00,0.0, ,197520, ,27.96, ,146.14, ,100.0, 
2004/9/3,23:00,0.0, ,197100, ,25.62, ,145.12, ,100.0, 
2004/9/3,24:00,0.0, ,196740, ,33.89, ,144.66, ,100.0, 
2004/9/4,01:00,0.0, ,196320, ,31.84, ,144.08, ,100.0, 
2004/9/4,02:00,0.0, ,196140, ,28.29, ,59.47, ,100.0, 
2004/9/4,03:00,0.0, ,196020, ,34.77, ,56.20, ,100.0, 
2004/9/4,04:00,0.0, ,195960, ,23.21, ,56.60, ,100.0, 
2004/9/4,05:00,0.0, ,195840, ,27.38, ,56.40, ,100.0, 
2004/9/4,06:00,0.0, ,195780, ,27.01, ,56.40, ,100.0, 
2004/9/4,07:00,0.0, ,195720, ,46.90, ,56.40, ,100.0, 
2004/9/4,08:00,0.0, ,195600, ,35.40, ,56.40, ,100.0, 
2004/9/4,09:00,0.9, ,195540, ,27.21, ,56.10, ,100.0, 
2004/9/4,10:00,0.1, ,195420, ,35.26, ,56.30, ,100.0, 
2004/9/4,11:00,0.0, ,195360, ,27.03, ,56.60, ,100.0, 
2004/9/4,12:00,0.0, ,195240, ,33.99, ,56.40, ,100.0, 
2004/9/4,13:00,0.4, ,195120, ,21.82, ,56.40, ,100.0, 
2004/9/4,14:00,0.1, ,195060, ,37.61, ,56.60, ,100.0, 
2004/9/4,15:00,0.0, ,194940, ,35.48, ,56.50, ,100.0, 
2004/9/4,16:00,0.0, ,194880, ,31.06, ,56.60, ,100.0, 
2004/9/4,17:00,1.6, ,194760, ,48.23, ,56.50, ,100.0, 
2004/9/4,18:00,1.0, ,194700, ,29.90, ,56.60, ,100.0, 
2004/9/4,19:00,0.5, ,194580, ,32.30, ,56.90, ,100.0, 
2004/9/4,20:00,0.0, ,194520, ,25.28, ,56.60, ,100.0, 
2004/9/4,21:00,0.0, ,194400, ,34.32, ,56.40, ,100.0, 
2004/9/4,22:00,0.0, ,194340, ,33.48, ,56.40, ,100.0, 
2004/9/4,23:00,0.7, ,194220, ,33.56, ,56.50, ,100.0, 
2004/9/4,24:00,1.1, ,194100, ,27.95, ,56.60, ,0.0,-
2004/9/5,01:00,0.3, ,194040, ,26.22, ,56.80, ,0.0,-
2004/9/5,02:00,0.7, ,193920, ,35.79, ,56.60, ,100.0, 
2004/9/5,03:00,1.9, ,193800, ,36.88, ,56.70, ,100.0, 
2004/9/5,04:00,3.8, ,193750, ,24.83, ,56.60, ,100.0, 
2004/9/5,05:00,4.6, ,193630, ,30.17, ,56.30, ,100.0, 
2004/9/5,06:00,5.7, ,193570, ,38.57, ,56.60, ,100.0, 
2004/9/5,07:00,5.1, ,193450, ,27.43, ,59.60, ,100.0, 
2004/9/5,08:00,0.2, ,193330, ,25.07, ,59.49, ,100.0, 
2004/9/5,09:00,0.3, ,193270, ,59.61, ,59.59, ,100.0, 
2004/9/5,10:00,0.0, ,193270, ,59.67, ,59.79, ,100.0, 
2004/9/5,11:00,0.3, ,193390, ,86.55, ,59.60, ,100.0, 
2004/9/5,12:00,0.7, ,193450, ,89.90, ,64.90, ,100.0, 
2004/9/5,13:00,0.1, ,193570, ,79.75, ,64.84, ,100.0, 
2004/9/5,14:00,0.0, ,193570, ,64.77, ,64.84, ,100.0, 
2004/9/5,15:00,0.0, ,193570, ,64.82, ,64.84, ,100.0, 
2004/9/5,16:00,0.0, ,193570, ,64.88, ,64.84, ,100.0, 
2004/9/5,17:00,0.3, ,193510, ,52.60, ,64.92, ,100.0, 
2004/9/5,18:00,0.2, ,193510, ,59.57, ,59.40, ,100.0, 
2004/9/5,19:00,0.0, ,193450, ,52.34, ,59.60, ,100.0, 
2004/9/5,20:00,0.3, ,193450, ,59.56, ,59.50, ,100.0, 
2004/9/5,21:00,0.0, ,193390, ,48.98, ,59.80, ,100.0, 
2004/9/5,22:00,0.1, ,193330, ,31.26, ,59.69, ,100.0, 
2004/9/5,23:00,0.1, ,193270, ,27.84, ,59.39, ,100.0, 
2004/9/5,24:00,1.0, ,193210, ,43.84, ,59.28, ,100.0, 
2004/9/6,01:00,0.4, ,193150, ,48.66, ,59.78, ,100.0, 
2004/9/6,02:00,1.2, ,193090, ,35.82, ,59.58, ,100.0, 
2004/9/6,03:00,3.4, ,193030, ,31.66, ,59.47, ,100.0, 
2004/9/6,04:00,2.5, ,192970, ,31.47, ,59.37, ,100.0, 
2004/9/6,05:00,2.4, ,192910, ,30.33, ,59.46, ,100.0, 
2004/9/6,06:00,2.0, ,192910, ,59.59, ,59.86, ,100.0, 
2004/9/6,07:00,4.1, ,192970, ,60.32, ,59.67, ,100.0, 
2004/9/6,08:00,5.0, ,193090, ,102.42, ,65.04, ,100.0, 
2004/9/6,09:00,4.5, ,193270, ,127.90, ,64.78, ,100.0, 
2004/9/6,10:00,7.7, ,193450, ,154.58, ,135.88, ,100.0, 
2004/9/6,11:00,11.2, ,193510, ,245.30, ,202.62, ,100.0, 
2004/9/6,12:00,10.4, ,193510, ,290.16, ,243.52, ,100.0, 
2004/9/6,13:00,8.6, ,193750, ,558.19, ,509.46, ,100.0, 
2004/9/6,14:00,11.8, ,193800, ,632.47, ,620.02, ,100.0, 
2004/9/6,15:00,9.2, ,193630, ,609.97, ,665.76, ,100.0, 
2004/9/6,16:00,9.5, ,193630, ,695.84, ,777.86, ,100.0, 
2004/9/6,17:00,6.6, ,193150, ,635.74, ,699.36, ,100.0, 
2004/9/6,18:00,6.0, ,192850, ,597.71, ,646.96, ,100.0, 
2004/9/6,19:00,8.8, ,192610, ,571.51, ,642.30, ,100.0, 
2004/9/6,20:00,7.0, ,192380, ,564.76, ,637.48, ,100.0, 
2004/9/6,21:00,6.1, ,192140, ,589.95, ,661.68, ,100.0, 
2004/9/6,22:00,4.8, ,191610, ,573.47, ,714.26, ,100.0, 
2004/9/6,23:00,7.6, ,191190, ,593.33, ,728.10, ,100.0, 
2004/9/6,24:00,7.4, ,190840, ,623.20, ,717.58, ,100.0, 
2004/9/7,01:00,5.5, ,190310, ,576.85, ,694.86, ,100.0, 
2004/9/7,02:00,8.4, ,190360, ,631.55, ,602.06, ,100.0, 
2004/9/7,03:00,9.9, ,190600, ,678.90, ,664.02, ,100.0, 
2004/9/7,04:00,7.7, ,190600, ,702.35, ,703.06, ,100.0, 
2004/9/7,05:00,9.3, ,190660, ,704.63, ,704.56, ,100.0, 
2004/9/7,06:00,10.6, ,190720, ,735.98, ,706.66, ,100.0, 
2004/9/7,07:00,13.8, ,190900, ,765.05, ,712.16, ,100.0, 
2004/9/7,08:00,12.7, ,191490, ,879.55, ,745.42, ,100.0, 
2004/9/7,09:00,12.5, ,192380, ,1057.69, ,799.80, ,100.0, 
2004/9/7,10:00,4.5, ,193270, ,1046.65, ,847.12, ,100.0, 
2004/9/7,11:00,12.0, ,193690, ,985.93, ,871.40, ,100.0, 
2004/9/7,12:00,19.3, ,194100, ,1019.65, ,876.98, ,100.0, 
2004/9/7,13:00,19.3, ,195480, ,1463.45, ,971.50, ,100.0, 
2004/9/7,14:00,20.2, ,197520, ,1675.98, ,1057.70, ,100.0, 
2004/9/7,15:00,19.7, ,200860, ,2056.17, ,1137.58, ,100.0, 
2004/9/7,16:00,13.5, ,204350, ,2155.69, ,1252.46, ,100.0, 
2004/9/7,17:00,6.2, ,207010, ,1853.72, ,1258.90, ,100.0, 
2004/9/7,18:00,2.7, ,208490, ,1621.03, ,1267.30, ,100.0, 
2004/9/7,19:00,2.1, ,208990, ,1331.75, ,1261.40, ,100.0, 
2004/9/7,20:00,0.6, ,208990, ,1076.66, ,1040.54, ,100.0, 
2004/9/7,21:00,0.3, ,208990, ,866.90, ,830.26, ,100.0, 
2004/9/7,22:00,0.0, ,208800, ,809.52, ,805.18, ,100.0, 
2004/9/7,23:00,0.0, ,208430, ,660.17, ,743.58, ,100.0, 
2004/9/7,24:00,0.0, ,207930, ,574.04, ,641.26, ,100.0, 
2004/9/8,01:00,0.0, ,207620, ,506.58, ,551.12, ,100.0, 
2004/9/8,02:00,0.0, ,207320, ,463.06, ,549.24, ,100.0, 
2004/9/8,03:00,0.0, ,206940, ,415.12, ,518.68, ,100.0, 
2004/9/8,04:00,0.0, ,206570, ,392.50, ,476.20, ,100.0, 
2004/9/8,05:00,0.0, ,206140, ,366.71, ,473.28, ,100.0, 
2004/9/8,06:00,0.0, ,205710, ,338.89, ,446.80, ,100.0, 
2004/9/8,07:00,0.0, ,205210, ,319.45, ,443.74, ,100.0, 
2004/9/8,08:00,0.0, ,204780, ,281.71, ,382.14, ,100.0, 
2004/9/8,09:00,0.0, ,204410, ,278.05, ,380.32, ,100.0, 
2004/9/8,10:00,0.0, ,204040, ,265.32, ,378.40, ,100.0, 
2004/9/8,11:00,0.0, ,203670, ,249.40, ,337.24, ,100.0, 
2004/9/8,12:00,0.0, ,203370, ,243.93, ,296.14, ,100.0, 
2004/9/8,13:00,0.0, ,203180, ,232.74, ,295.82, ,100.0, 
2004/9/8,14:00,0.0, ,202940, ,225.43, ,294.86, ,100.0, 
2004/9/8,15:00,0.0, ,202690, ,227.01, ,293.84, ,100.0, 
2004/9/8,16:00,0.0, ,202390, ,216.09, ,292.64, ,100.0, 
2004/9/8,17:00,0.0, ,202140, ,214.77, ,291.58, ,100.0, 
2004/9/8,18:00,0.0, ,201770, ,199.40, ,290.18, ,100.0, 
2004/9/8,19:00,0.0, ,201410, ,172.25, ,261.70, ,100.0, 
2004/9/8,20:00,0.0, ,201100, ,149.55, ,222.20, ,100.0, 
2004/9/8,21:00,0.0, ,200860, ,143.31, ,202.30, ,100.0, 
2004/9/8,22:00,0.0, ,200680, ,146.92, ,201.88, ,100.0, 
2004/9/8,23:00,0.0, ,200430, ,145.15, ,200.92, ,100.0, 
2004/9/8,24:00,0.0, ,200250, ,139.54, ,200.64, ,100.0, 
2004/9/9,01:00,0.0, ,199950, ,127.52, ,199.76, ,100.0, 
2004/9/9,02:00,0.0, ,199700, ,126.24, ,199.66, ,100.0, 
2004/9/9,03:00,0.0, ,199460, ,120.25, ,191.14, ,100.0, 
2004/9/9,04:00,0.0, ,199160, ,116.39, ,190.46, ,100.0, 
2004/9/9,05:00,0.0, ,198910, ,117.67, ,189.76, ,100.0, 
2004/9/9,06:00,0.0, ,198610, ,110.24, ,189.38, ,100.0, 
2004/9/9,07:00,0.0, ,198370, ,113.58, ,188.68, ,100.0, 
2004/9/9,08:00,0.0, ,198070, ,108.22, ,187.90, ,100.0, 
2004/9/9,09:00,0.0, ,197770, ,102.89, ,187.22, ,100.0, 
2004/9/9,10:00,0.0, ,197460, ,101.40, ,186.20, ,100.0, 
2004/9/9,11:00,0.1, ,197160, ,99.36, ,185.36, ,100.0, 
2004/9/9,12:00,0.0, ,196980, ,94.64, ,118.18, ,100.0, 
2004/9/9,13:00,0.1, ,196920, ,85.54, ,118.30, ,100.0, 
2004/9/9,14:00,0.0, ,196800, ,91.94, ,117.94, ,100.0, 
2004/9/9,15:00,0.0, ,196740, ,92.91, ,104.30, ,100.0, 
2004/9/9,16:00,0.0, ,196620, ,89.60, ,104.28, ,100.0, 
2004/9/9,17:00,0.0, ,196560, ,82.18, ,104.32, ,100.0, 
2004/9/9,18:00,0.0, ,196500, ,77.56, ,89.66, ,100.0, 
2004/9/9,19:00,0.0, ,196380, ,46.53, ,79.38, ,100.0, 
2004/9/9,20:00,0.0, ,196380, ,79.64, ,79.48, ,100.0, 
2004/9/9,21:00,0.0, ,196320, ,65.81, ,65.22, ,100.0, 
2004/9/9,22:00,0.0, ,196320, ,64.98, ,64.72, ,100.0, 
2004/9/9,23:00,0.0, ,196320, ,64.96, ,65.12, ,100.0, 
2004/9/9,24:00,0.0, ,196320, ,64.91, ,64.82, ,100.0, 
2004/9/10,01:00,0.0, ,196320, ,64.95, ,64.92, ,100.0, 
2004/9/10,02:00,0.0, ,196320, ,64.95, ,64.92, ,100.0, 
2004/9/10,03:00,0.0, ,196320, ,64.91, ,65.12, ,100.0, 
2004/9/10,04:00,0.0, ,196320, ,65.01, ,64.92, ,100.0, 
2004/9/10,05:00,0.1, ,196320, ,64.98, ,65.22, ,100.0, 
2004/9/10,06:00,0.1, ,196260, ,38.88, ,59.38, ,100.0, 
2004/9/10,07:00,0.0, ,196260, ,59.44, ,59.48, ,100.0, 
2004/9/10,08:00,0.0, ,196260, ,59.41, ,59.58, ,100.0, 
2004/9/10,09:00,0.0, ,196260, ,59.41, ,59.58, ,100.0, 
2004/9/10,10:00,0.5, ,196260, ,59.47, ,59.48, ,100.0, 
2004/9/10,11:00,0.1, ,196200, ,31.27, ,59.48, ,100.0, 
2004/9/10,12:00,0.0, ,196200, ,59.40, ,59.48, ,100.0, 
2004/9/10,13:00,0.0, ,196140, ,57.41, ,59.67, ,100.0, 
2004/9/10,14:00,0.1, ,196140, ,59.42, ,59.47, ,100.0, 
2004/9/10,15:00,0.0, ,196080, ,52.23, ,59.27, ,100.0, 
2004/9/10,16:00,0.0, ,196080, ,56.36, ,56.60, ,100.0, 
2004/9/10,17:00,0.0, ,196080, ,56.41, ,56.30, ,100.0, 
2004/9/10,18:00,0.0, ,196020, ,52.33, ,56.50, ,100.0, 
2004/9/10,19:00,2.0, ,196020, ,56.45, ,56.40, ,100.0, 
2004/9/10,20:00,10.0, ,196020, ,56.36, ,56.50, ,100.0, 
2004/9/10,21:00,4.7, ,195960, ,24.36, ,56.40, ,100.0, 
2004/9/10,22:00,1.4, ,195960, ,56.42, ,56.20, ,100.0, 
2004/9/10,23:00,0.1, ,195960, ,56.37, ,56.40, ,100.0, 
2004/9/10,24:00,0.1, ,195900, ,56.15, ,56.20, ,100.0, 
2004/9/11,01:00,0.0, ,195900, ,56.37, ,56.40, ,100.0, 
2004/9/11,02:00,0.0, ,195900, ,56.36, ,56.40, ,100.0, 
2004/9/11,03:00,0.0, ,195840, ,41.19, ,56.40, ,100.0, 
2004/9/11,04:00,0.0, ,195840, ,56.40, ,56.30, ,100.0, 
2004/9/11,05:00,0.0, ,195780, ,35.96, ,56.70, ,100.0, 
2004/9/11,06:00,0.0, ,195720, ,36.38, ,56.50, ,100.0, 
2004/9/11,07:00,0.0, ,195660, ,30.97, ,56.30, ,100.0, 
2004/9/11,08:00,0.0, ,195600, ,42.51, ,56.50, ,100.0, 
2004/9/11,09:00,0.0, ,195540, ,39.41, ,56.60, ,100.0, 
2004/9/11,10:00,0.0, ,195480, ,39.34, ,56.30, ,100.0, 
2004/9/11,11:00,0.0, ,195420, ,48.07, ,56.40, ,100.0, 
2004/9/11,12:00,0.0, ,195360, ,44.72, ,56.50, ,100.0, 
2004/9/11,13:00,0.0, ,195300, ,29.21, ,56.60, ,100.0, 
2004/9/11,14:00,0.0, ,195240, ,24.59, ,56.30, ,100.0, 
2004/9/11,15:00,0.0, ,195180, ,35.76, ,56.40, ,100.0, 
2004/9/11,16:00,0.0, ,195060, ,44.19, ,56.50, ,100.0, 
2004/9/11,17:00,0.1, ,195000, ,43.11, ,56.40, ,100.0, 
2004/9/11,18:00,0.0, ,194940, ,26.74, ,56.10, ,100.0, 
2004/9/11,19:00,0.1, ,194820, ,44.74, ,56.50, ,100.0, 
2004/9/11,20:00,0.0, ,194760, ,25.41, ,56.70, ,100.0, 
2004/9/11,21:00,1.2, ,194700, ,38.48, ,56.50, ,100.0, 
2004/9/11,22:00,0.1, ,194580, ,39.51, ,56.40, ,100.0, 
2004/9/11,23:00,0.1, ,194520, ,29.71, ,56.40, ,100.0, 
2004/9/11,24:00,0.3, ,194400, ,29.96, ,56.70, ,100.0, 
2004/9/12,01:00,0.0, ,194340, ,24.32, ,56.60, ,100.0, 
2004/9/12,02:00,0.3, ,194220, ,43.08, ,56.60, ,100.0, 
2004/9/12,03:00,0.9, ,194160, ,25.08, ,56.50, ,100.0, 
2004/9/12,04:00,0.1, ,194100, ,30.17, ,56.50, ,100.0, 
2004/9/12,05:00,0.0, ,193980, ,30.41, ,56.60, ,100.0, 
2004/9/12,06:00,0.0, ,193920, ,30.58, ,56.60, ,100.0, 
2004/9/12,07:00,0.3, ,193800, ,33.58, ,56.90, ,100.0, 
2004/9/12,08:00,0.6, ,193750, ,33.06, ,56.30, ,100.0, 
2004/9/12,09:00,0.0, ,193630, ,35.01, ,56.70, ,100.0, 
2004/9/12,10:00,0.0, ,193510, ,29.47, ,57.00, ,100.0, 
2004/9/12,11:00,0.0, ,193450, ,26.09, ,56.60, ,100.0, 
2004/9/12,12:00,0.3, ,193330, ,29.10, ,56.80, ,100.0, 
2004/9/12,13:00,0.9, ,193270, ,25.16, ,56.80, ,100.0, 
2004/9/12,14:00,1.8, ,193150, ,34.63, ,56.80, ,100.0, 
2004/9/12,15:00,2.0, ,193090, ,36.49, ,56.90, ,100.0, 
2004/9/12,16:00,3.4, ,193030, ,49.59, ,56.60, ,100.0, 
2004/9/12,17:00,6.2, ,192970, ,42.35, ,56.80, ,100.0, 
2004/9/12,18:00,13.3, ,192910, ,31.66, ,56.60, ,100.0, 
2004/9/12,19:00,17.1, ,193150, ,111.83, ,56.60, ,100.0, 
2004/9/12,20:00,16.6, ,193980, ,292.06, ,56.80, ,100.0, 
2004/9/12,21:00,10.7, ,195360, ,494.57, ,132.02, ,100.0, 
2004/9/12,22:00,4.0, ,197950, ,873.33, ,399.50, ,100.0, 
2004/9/12,23:00,9.6, ,198430, ,760.39, ,713.00, ,100.0, 
2004/9/12,24:00,4.0, ,198130, ,636.65, ,708.22, ,100.0, 
2004/9/13,01:00,7.2, ,197700, ,556.76, ,701.72, ,100.0, 
2004/9/13,02:00,2.1, ,197040, ,466.47, ,550.48, ,100.0, 
2004/9/13,03:00,4.9, ,196740, ,424.52, ,430.52, ,100.0, 
2004/9/13,04:00,5.5, ,196680, ,385.83, ,400.70, ,100.0, 
2004/9/13,05:00,3.7, ,196680, ,400.69, ,400.70, ,100.0, 
2004/9/13,06:00,4.6, ,196680, ,400.76, ,401.00, ,100.0, 
2004/9/13,07:00,14.2, ,196800, ,418.21, ,401.70, ,100.0, 
2004/9/13,08:00,8.3, ,197100, ,650.16, ,605.64, ,100.0, 
2004/9/13,09:00,7.2, ,197160, ,697.90, ,650.68, ,100.0, 
2004/9/13,10:00,19.0, ,197220, ,768.33, ,768.74, ,100.0, 
2004/9/13,11:00,7.8, ,198190, ,1199.31, ,968.40, ,100.0, 
2004/9/13,12:00,7.5, ,198310, ,985.56, ,964.36, ,100.0, 
2004/9/13,13:00,5.7, ,198250, ,874.59, ,851.90, ,100.0, 
2004/9/13,14:00,5.1, ,198250, ,854.63, ,830.32, ,100.0, 
2004/9/13,15:00,4.1, ,198070, ,755.93, ,807.86, ,100.0, 
2004/9/13,16:00,1.2, ,197640, ,654.92, ,737.78, ,100.0, 
2004/9/13,17:00,1.4, ,197220, ,561.64, ,671.10, ,100.0, 
2004/9/13,18:00,7.6, ,197040, ,598.09, ,619.88, ,100.0, 
2004/9/13,19:00,2.5, ,196920, ,593.28, ,617.80, ,100.0, 
2004/9/13,20:00,0.4, ,196620, ,495.92, ,483.12, ,100.0, 
2004/9/13,21:00,1.0, ,196620, ,407.84, ,400.42, ,100.0, 
2004/9/13,22:00,1.7, ,196620, ,400.25, ,400.22, ,100.0, 
2004/9/13,23:00,1.0, ,196440, ,362.42, ,398.54, ,100.0, 
2004/9/13,24:00,0.1, ,196380, ,308.59, ,322.42, ,100.0, 
2004/9/14,01:00,0.0, ,196380, ,283.84, ,281.72, ,100.0, 
2004/9/14,02:00,0.1, ,196380, ,265.54, ,260.48, ,100.0, 
2004/9/14,03:00,0.2, ,196380, ,244.62, ,240.06, ,100.0, 
2004/9/14,04:00,0.4, ,196500, ,237.63, ,201.84, ,100.0, 
2004/9/14,05:00,0.0, ,196620, ,222.22, ,202.10, ,100.0, 
2004/9/14,06:00,0.0, ,196680, ,213.75, ,202.78, ,100.0, 
2004/9/14,07:00,0.0, ,196680, ,202.24, ,202.38, ,100.0, 
2004/9/14,08:00,0.0, ,196680, ,202.30, ,202.78, ,100.0, 
2004/9/14,09:00,0.1, ,196680, ,202.24, ,202.38, ,100.0, 
2004/9/14,10:00,0.0, ,196680, ,202.21, ,202.08, ,100.0, 
2004/9/14,11:00,0.0, ,196560, ,180.85, ,201.92, ,100.0, 
2004/9/14,12:00,0.0, ,196440, ,167.62, ,165.62, ,100.0, 
2004/9/14,13:00,0.0, ,196380, ,138.08, ,147.70, ,100.0, 
2004/9/14,14:00,0.3, ,196440, ,159.48, ,147.72, ,100.0, 
2004/9/14,15:00,5.4, ,196620, ,210.29, ,216.06, ,100.0, 
2004/9/14,16:00,3.1, ,196620, ,247.95, ,247.98, ,100.0, 
2004/9/14,17:00,0.0, ,196620, ,247.83, ,247.68, ,100.0, 
2004/9/14,18:00,0.0, ,196500, ,142.54, ,209.02, ,100.0, 
2004/9/14,19:00,0.0, ,196500, ,208.64, ,208.82, ,100.0, 
2004/9/14,20:00,0.0, ,196380, ,188.31, ,208.60, ,100.0, 
2004/9/14,21:00,0.0, ,196380, ,158.28, ,144.20, ,100.0, 
2004/9/14,22:00,0.0, ,196380, ,144.22, ,144.00, ,100.0, 
2004/9/14,23:00,0.0, ,196440, ,142.30, ,129.76, ,100.0, 
2004/9/14,24:00,0.0, ,196440, ,129.89, ,129.66, ,100.0, 
2004/9/15,01:00,0.0, ,196440, ,129.81, ,130.16, ,100.0, 
2004/9/15,02:00,0.0, ,196440, ,129.85, ,129.96, ,100.0, 
2004/9/15,03:00,0.0, ,196500, ,147.67, ,129.92, ,100.0, 
2004/9/15,04:00,0.0, ,196500, ,129.94, ,130.12, ,100.0, 
2004/9/15,05:00,0.0, ,196500, ,129.89, ,129.72, ,100.0, 
2004/9/15,06:00,0.0, ,196500, ,130.00, ,130.12, ,100.0, 
2004/9/15,07:00,0.0, ,196440, ,107.93, ,130.06, ,100.0, 
2004/9/15,08:00,0.0, ,196380, ,95.37, ,111.46, ,100.0, 
2004/9/15,09:00,0.0, ,196380, ,111.63, ,111.76, ,100.0, 
2004/9/15,10:00,0.0, ,196380, ,111.65, ,111.26, ,100.0, 
2004/9/15,11:00,0.0, ,196320, ,83.20, ,82.46, ,100.0, 
2004/9/15,12:00,0.0, ,196320, ,82.72, ,82.36, ,100.0, 
2004/9/15,13:00,0.0, ,196380, ,82.33, ,82.42, ,100.0, 
2004/9/15,14:00,0.0, ,196440, ,94.86, ,73.58, ,100.0, 
2004/9/15,15:00,0.0, ,196440, ,73.71, ,73.68, ,100.0, 
2004/9/15,16:00,0.0, ,196500, ,84.41, ,73.92, ,100.0, 
2004/9/15,17:00,0.0, ,196500, ,73.74, ,73.62, ,100.0, 
2004/9/15,18:00,0.1, ,196500, ,73.67, ,73.42, ,100.0, 
2004/9/15,19:00,0.0, ,196560, ,96.54, ,73.46, ,100.0, 
2004/9/15,20:00,0.0, ,196560, ,73.13, ,73.66, ,100.0, 
2004/9/15,21:00,1.3, ,196560, ,73.61, ,73.66, ,100.0, 
2004/9/15,22:00,1.3, ,196560, ,73.58, ,73.66, ,100.0, 
2004/9/15,23:00,2.3, ,196560, ,77.24, ,99.90, ,100.0, 
2004/9/15,24:00,2.2, ,196500, ,68.80, ,99.94, ,100.0, 
2004/9/16,01:00,1.1, ,196440, ,71.95, ,99.88, ,100.0, 
2004/9/16,02:00,0.8, ,196440, ,99.89, ,100.08, ,100.0, 
2004/9/16,03:00,4.8, ,196440, ,99.93, ,99.48, ,100.0, 
2004/9/16,04:00,1.9, ,196440, ,100.01, ,99.78, ,100.0, 
2004/9/16,05:00,2.1, ,196500, ,169.29, ,203.28, ,100.0, 
2004/9/16,06:00,1.8, ,196500, ,220.01, ,224.92, ,100.0, 
2004/9/16,07:00,0.4, ,196380, ,187.44, ,189.68, ,100.0, 
2004/9/16,08:00,0.8, ,196320, ,142.07, ,129.26, ,100.0, 
2004/9/16,09:00,0.3, ,196320, ,127.16, ,120.16, ,100.0, 
2004/9/16,10:00,1.1, ,196380, ,146.83, ,119.64, ,100.0, 
2004/9/16,11:00,0.5, ,196380, ,110.48, ,110.62, ,100.0, 
2004/9/16,12:00,0.8, ,196440, ,131.54, ,110.40, ,100.0, 
2004/9/16,13:00,1.0, ,196440, ,110.07, ,110.60, ,100.0, 
2004/9/16,14:00,0.5, ,196440, ,110.57, ,110.70, ,100.0, 
2004/9/16,15:00,0.5, ,196440, ,110.50, ,110.40, ,100.0, 
2004/9/16,16:00,0.2, ,196440, ,110.52, ,110.50, ,100.0, 
2004/9/16,17:00,0.3, ,196440, ,110.59, ,110.80, ,100.0, 
2004/9/16,18:00,0.0, ,196440, ,110.48, ,110.80, ,100.0, 
2004/9/16,19:00,0.0, ,196440, ,110.67, ,110.30, ,100.0, 
2004/9/16,20:00,0.0, ,196380, ,91.61, ,98.94, ,100.0, 
2004/9/16,21:00,0.0, ,196380, ,98.73, ,98.54, ,100.0, 
2004/9/16,22:00,0.0, ,196380, ,98.76, ,98.84, ,100.0, 
2004/9/16,23:00,0.0, ,196320, ,58.79, ,79.54, ,100.0, 
2004/9/16,24:00,0.0, ,196320, ,79.52, ,79.84, ,100.0, 
2004/9/17,01:00,0.2, ,196320, ,74.82, ,74.40, ,100.0, 
2004/9/17,02:00,0.0, ,196380, ,92.63, ,74.92, ,100.0, 
2004/9/17,03:00,0.0, ,196380, ,74.82, ,74.52, ,100.0, 
2004/9/17,04:00,0.1, ,196380, ,74.74, ,74.92, ,100.0, 
2004/9/17,05:00,0.0, ,196380, ,74.78, ,74.52, ,100.0, 
2004/9/17,06:00,0.0, ,196380, ,74.76, ,74.82, ,100.0, 
2004/9/17,07:00,0.0, ,196380, ,74.73, ,74.92, ,100.0, 
2004/9/17,08:00,0.0, ,196380, ,74.72, ,74.62, ,100.0, 
2004/9/17,09:00,0.0, ,196380, ,74.73, ,74.72, ,100.0, 
2004/9/17,10:00,0.0, ,196380, ,74.73, ,74.82, ,100.0, 
2004/9/17,11:00,0.0, ,196380, ,74.70, ,74.62, ,100.0, 
2004/9/17,12:00,0.0, ,196320, ,50.45, ,69.92, ,100.0, 
2004/9/17,13:00,0.9, ,196320, ,69.84, ,69.72, ,100.0, 
2004/9/17,14:00,0.5, ,196260, ,46.10, ,65.22, ,100.0, 
2004/9/17,15:00,0.0, ,196260, ,64.97, ,64.82, ,100.0, 
2004/9/17,16:00,0.0, ,196260, ,65.07, ,65.12, ,100.0, 
2004/9/17,17:00,0.1, ,196200, ,49.04, ,59.48, ,100.0, 
2004/9/17,18:00,0.0, ,196200, ,59.51, ,59.18, ,100.0, 
2004/9/17,19:00,0.1, ,196200, ,59.45, ,59.38, ,100.0, 
2004/9/17,20:00,0.0, ,196200, ,59.47, ,59.48, ,100.0, 
2004/9/17,21:00,0.0, ,196140, ,42.90, ,59.57, ,100.0, 
2004/9/17,22:00,0.0, ,196080, ,28.57, ,56.20, ,100.0, 
2004/9/17,23:00,0.0, ,196020, ,32.66, ,56.30, ,100.0, 
2004/9/17,24:00,0.0, ,196020, ,56.37, ,56.30, ,100.0, 
2004/9/18,01:00,0.0, ,195960, ,55.97, ,56.50, ,100.0, 
2004/9/18,02:00,0.0, ,195900, ,39.97, ,56.20, ,100.0, 
2004/9/18,03:00,0.0, ,195840, ,25.32, ,56.30, ,100.0, 
2004/9/18,04:00,0.0, ,195780, ,43.67, ,56.00, ,100.0, 
2004/9/18,05:00,0.0, ,195780, ,56.10, ,56.80, ,100.0, 
2004/9/18,06:00,0.0, ,195720, ,56.41, ,56.10, ,100.0, 
2004/9/18,07:00,0.0, ,195660, ,49.38, ,56.20, ,100.0, 
2004/9/18,08:00,0.0, ,195600, ,39.33, ,56.30, ,100.0, 
2004/9/18,09:00,0.0, ,195540, ,48.28, ,56.40, ,100.0, 
2004/9/18,10:00,0.0, ,195480, ,38.28, ,56.40, ,100.0, 
2004/9/18,11:00,0.1, ,195420, ,32.22, ,56.50, ,100.0, 
2004/9/18,12:00,0.5, ,195360, ,44.87, ,56.60, ,100.0, 
2004/9/18,13:00,0.6, ,195300, ,31.67, ,56.30, ,100.0, 
2004/9/18,14:00,2.0, ,195240, ,38.74, ,56.30, ,100.0, 
2004/9/18,15:00,0.6, ,195180, ,52.02, ,56.50, ,100.0, 
2004/9/18,16:00,3.2, ,195120, ,52.52, ,56.30, ,100.0, 
2004/9/18,17:00,0.9, ,195120, ,56.50, ,56.50, ,100.0, 
2004/9/18,18:00,0.0, ,195060, ,29.64, ,56.70, ,100.0, 
2004/9/18,19:00,0.0, ,195000, ,40.62, ,56.60, ,100.0, 
2004/9/18,20:00,0.1, ,194940, ,25.33, ,56.40, ,100.0, 
2004/9/18,21:00,0.0, ,194880, ,37.83, ,56.40, ,100.0, 
2004/9/18,22:00,0.0, ,194820, ,25.57, ,56.70, ,100.0, 
2004/9/18,23:00,0.0, ,194760, ,33.23, ,56.50, ,100.0, 
2004/9/18,24:00,0.0, ,194700, ,42.12, ,56.30, ,100.0, 
2004/9/19,01:00,0.0, ,194640, ,25.93, ,56.40, ,100.0, 
2004/9/19,02:00,0.0, ,194580, ,41.90, ,56.30, ,100.0, 
2004/9/19,03:00,0.0, ,194520, ,33.76, ,56.60, ,100.0, 
2004/9/19,04:00,0.0, ,194400, ,32.38, ,56.70, ,100.0, 
2004/9/19,05:00,0.0, ,194340, ,31.97, ,56.50, ,100.0, 
2004/9/19,06:00,0.0, ,194280, ,26.62, ,56.90, ,100.0, 
2004/9/19,07:00,0.0, ,194160, ,36.48, ,56.50, ,100.0, 
2004/9/19,08:00,0.0, ,194100, ,28.75, ,56.70, ,100.0, 
2004/9/19,09:00,0.0, ,194040, ,30.80, ,56.70, ,100.0, 
2004/9/19,10:00,0.0, ,193920, ,35.56, ,56.90, ,100.0, 
2004/9/19,11:00,0.0, ,193860, ,27.57, ,56.40, ,100.0, 
2004/9/19,12:00,0.0, ,193750, ,36.86, ,56.70, ,100.0, 
2004/9/19,13:00,0.0, ,193690, ,25.89, ,56.50, ,100.0, 
2004/9/19,14:00,0.0, ,193630, ,34.27, ,56.50, ,100.0, 
2004/9/19,15:00,0.0, ,193510, ,36.98, ,56.60, ,100.0, 
2004/9/19,16:00,0.0, ,193450, ,26.59, ,56.70, ,100.0, 
2004/9/19,17:00,0.0, ,193330, ,35.14, ,56.80, ,100.0, 
2004/9/19,18:00,0.0, ,193270, ,28.03, ,56.40, ,100.0, 
2004/9/19,19:00,0.0, ,193150, ,35.17, ,56.70, ,100.0, 
2004/9/19,20:00,0.0, ,193090, ,31.84, ,57.00, ,100.0, 
2004/9/19,21:00,0.0, ,192970, ,22.24, ,56.70, ,100.0, 
2004/9/19,22:00,0.0, ,192850, ,34.96, ,56.60, ,100.0, 
2004/9/19,23:00,0.0, ,192790, ,24.30, ,57.00, ,100.0, 
2004/9/19,24:00,0.0, ,192670, ,34.07, ,56.50, ,0.0,-
2004/9/20,01:00,0.0, ,192550, ,32.61, ,56.70, ,0.0,-
2004/9/20,02:00,0.0, ,192500, ,29.63, ,56.90, ,100.0, 
2004/9/20,03:00,0.0, ,192380, ,32.93, ,56.80, ,100.0, 
2004/9/20,04:00,0.0, ,192260, ,33.63, ,56.70, ,100.0, 
2004/9/20,05:00,0.0, ,192200, ,24.86, ,56.60, ,100.0, 
2004/9/20,06:00,0.0, ,192080, ,29.87, ,56.80, ,100.0, 
2004/9/20,07:00,0.0, ,191960, ,30.30, ,56.90, ,100.0, 
2004/9/20,08:00,0.0, ,191900, ,25.57, ,56.80, ,100.0, 
2004/9/20,09:00,0.0, ,191780, ,31.74, ,56.60, ,100.0, 
2004/9/20,10:00,0.0, ,191660, ,25.13, ,56.60, ,100.0, 
2004/9/20,11:00,0.0, ,191550, ,24.50, ,57.00, ,100.0, 
2004/9/20,12:00,0.0, ,191430, ,31.13, ,56.60, ,100.0, 
2004/9/20,13:00,0.0, ,191370, ,27.40, ,56.80, ,100.0, 
2004/9/20,14:00,1.7, ,191250, ,27.02, ,56.90, ,100.0, 
2004/9/20,15:00,3.4, ,191190, ,44.03, ,57.10, ,100.0, 
2004/9/20,16:00,0.0, ,191070, ,38.93, ,57.00, ,100.0, 
2004/9/20,17:00,0.0, ,191010, ,27.14, ,57.10, ,100.0, 
2004/9/20,18:00,0.0, ,190900, ,38.84, ,57.20, ,100.0, 
2004/9/20,19:00,0.0, ,190840, ,30.90, ,56.80, ,100.0, 
2004/9/20,20:00,0.0, ,190720, ,35.23, ,57.10, ,100.0, 
2004/9/20,21:00,0.0, ,190660, ,35.48, ,57.20, ,100.0, 
2004/9/20,22:00,0.1, ,190540, ,32.96, ,57.10, ,100.0, 
2004/9/20,23:00,0.0, ,190420, ,30.57, ,57.20, ,100.0, 
2004/9/20,24:00,0.0, ,190360, ,32.91, ,57.20, ,100.0, 
2004/9/21,01:00,0.0, ,190250, ,21.48, ,56.90, ,100.0, 
2004/9/21,02:00,0.0, ,190130, ,28.49, ,57.20, ,100.0, 
2004/9/21,03:00,0.0, ,190010, ,22.31, ,57.40, ,100.0, 
2004/9/21,04:00,0.0, ,189950, ,26.69, ,57.00, ,100.0, 
2004/9/21,05:00,0.0, ,189830, ,29.88, ,57.20, ,100.0, 
2004/9/21,06:00,0.0, ,189720, ,31.35, ,57.30, ,100.0, 
2004/9/21,07:00,0.0, ,189600, ,30.00, ,56.70, ,100.0, 
2004/9/21,08:00,0.0, ,189480, ,34.42, ,57.20, ,100.0, 
2004/9/21,09:00,0.0, ,189360, ,24.76, ,57.30, ,100.0, 
2004/9/21,10:00,0.0, ,189250, ,23.74, ,57.30, ,100.0, 
2004/9/21,11:00,0.0, ,189190, ,33.27, ,57.20, ,100.0, 
2004/9/21,12:00,0.0, ,189070, ,25.41, ,57.10, ,100.0, 
2004/9/21,13:00,0.0, ,188890, ,20.28, ,57.30, ,100.0, 
2004/9/21,14:00,0.0, ,188830, ,25.49, ,57.30, ,100.0, 
2004/9/21,15:00,0.0, ,188720, ,24.10, ,57.20, ,100.0, 
2004/9/21,16:00,0.0, ,188600, ,21.39, ,57.20, ,100.0, 
2004/9/21,17:00,0.1, ,188480, ,32.98, ,57.30, ,100.0, 
2004/9/21,18:00,0.0, ,188360, ,31.98, ,57.20, ,100.0, 
2004/9/21,19:00,0.1, ,188250, ,18.60, ,57.50, ,100.0, 
2004/9/21,20:00,0.3, ,188190, ,26.33, ,57.40, ,100.0, 
2004/9/21,21:00,0.0, ,188070, ,18.42, ,57.40, ,100.0, 
2004/9/21,22:00,0.2, ,187950, ,33.53, ,57.40, ,100.0, 
2004/9/21,23:00,0.0, ,187830, ,33.18, ,57.50, ,100.0, 
2004/9/21,24:00,0.0, ,187720, ,33.73, ,57.40, ,100.0, 
2004/9/22,01:00,0.0, ,187600, ,24.25, ,57.30, ,100.0, 
2004/9/22,02:00,0.0, ,187540, ,24.98, ,57.80, ,100.0, 
2004/9/22,03:00,0.0, ,187420, ,32.55, ,57.30, ,100.0, 
2004/9/22,04:00,0.0, ,187310, ,27.91, ,57.00, ,100.0, 
2004/9/22,05:00,0.0, ,187190, ,25.66, ,57.40, ,100.0, 
2004/9/22,06:00,0.2, ,187070, ,24.33, ,57.40, ,100.0, 
2004/9/22,07:00,0.1, ,186960, ,25.50, ,57.50, ,100.0, 
2004/9/22,08:00,0.2, ,186840, ,24.50, ,57.60, ,100.0, 
2004/9/22,09:00,0.0, ,186780, ,30.79, ,57.40, ,100.0, 
2004/9/22,10:00,0.4, ,186660, ,32.34, ,57.20, ,100.0, 
2004/9/22,11:00,1.5, ,186550, ,36.56, ,57.70, ,100.0, 
2004/9/22,12:00,0.5, ,186430, ,31.64, ,57.70, ,100.0, 
2004/9/22,13:00,0.0, ,186370, ,26.69, ,57.70, ,100.0, 
2004/9/22,14:00,0.0, ,186250, ,24.68, ,57.60, ,100.0, 
2004/9/22,15:00,0.0, ,186140, ,26.34, ,57.50, ,100.0, 
2004/9/22,16:00,0.1, ,186020, ,28.53, ,57.40, ,100.0, 
2004/9/22,17:00,0.3, ,185900, ,21.13, ,57.20, ,100.0, 
2004/9/22,18:00,0.2, ,185790, ,27.69, ,57.10, ,100.0, 
2004/9/22,19:00,0.0, ,185610, ,28.26, ,57.20, ,100.0, 
2004/9/22,20:00,0.1, ,185550, ,27.08, ,57.20, ,100.0, 
2004/9/22,21:00,0.0, ,185380, ,17.47, ,57.20, ,100.0, 
2004/9/22,22:00,0.0, ,185260, ,27.57, ,57.20, ,100.0, 
2004/9/22,23:00,0.0, ,185150, ,21.71, ,57.80, ,100.0, 
2004/9/22,24:00,0.0, ,185030, ,31.99, ,57.10, ,100.0, 
2004/9/23,01:00,0.0, ,184910, ,25.93, ,57.60, ,100.0, 
2004/9/23,02:00,0.0, ,184800, ,30.61, ,57.30, ,100.0, 
2004/9/23,03:00,0.1, ,184680, ,23.09, ,57.60, ,100.0, 
2004/9/23,04:00,2.4, ,184560, ,26.42, ,57.20, ,100.0, 
2004/9/23,05:00,6.6, ,184510, ,31.83, ,57.60, ,100.0, 
2004/9/23,06:00,2.4, ,184450, ,45.22, ,57.30, ,100.0, 
2004/9/23,07:00,0.1, ,184390, ,31.47, ,57.30, ,100.0, 
2004/9/23,08:00,0.0, ,184330, ,33.59, ,57.20, ,100.0, 
2004/9/23,09:00,0.1, ,184210, ,38.10, ,57.60, ,100.0, 
2004/9/23,10:00,3.0, ,184160, ,54.70, ,57.80, ,100.0, 
2004/9/23,11:00,4.5, ,184160, ,57.42, ,57.70, ,100.0, 
2004/9/23,12:00,1.5, ,184100, ,26.00, ,57.40, ,100.0, 
2004/9/23,13:00,0.4, ,184040, ,38.74, ,57.60, ,100.0, 
2004/9/23,14:00,0.6, ,183980, ,32.77, ,57.40, ,100.0, 
2004/9/23,15:00,0.9, ,183920, ,32.53, ,57.40, ,100.0, 
2004/9/23,16:00,0.6, ,183870, ,26.62, ,57.40, ,100.0, 
2004/9/23,17:00,0.3, ,183810, ,26.82, ,57.60, ,100.0, 
2004/9/23,18:00,0.2, ,183750, ,41.09, ,57.50, ,100.0, 
2004/9/23,19:00,0.0, ,183690, ,56.93, ,57.60, ,100.0, 
2004/9/23,20:00,0.5, ,183580, ,40.10, ,57.20, ,100.0, 
2004/9/23,21:00,0.0, ,183520, ,49.16, ,57.80, ,100.0, 
2004/9/23,22:00,0.0, ,183460, ,26.55, ,57.40, ,100.0, 
2004/9/23,23:00,0.8, ,183340, ,38.44, ,57.90, ,100.0, 
2004/9/23,24:00,1.3, ,183290, ,37.96, ,57.50, ,100.0, 
2004/9/24,01:00,5.7, ,183230, ,40.47, ,57.70, ,100.0, 
2004/9/24,02:00,16.2, ,183340, ,103.62, ,57.10, ,100.0, 
2004/9/24,03:00,3.4, ,183460, ,87.37, ,57.40, ,100.0, 
2004/9/24,04:00,0.1, ,183690, ,119.70, ,57.50, ,100.0, 
2004/9/24,05:00,0.6, ,183870, ,119.46, ,57.60, ,100.0, 
2004/9/24,06:00,2.2, ,184040, ,108.64, ,57.60, ,100.0, 
2004/9/24,07:00,0.7, ,184210, ,106.94, ,57.70, ,100.0, 
2004/9/24,08:00,0.0, ,184330, ,93.93, ,57.60, ,100.0, 
2004/9/24,09:00,5.1, ,184510, ,105.83, ,57.50, ,100.0, 
2004/9/24,10:00,6.0, ,184740, ,137.89, ,57.40, ,100.0, 
2004/9/24,11:00,1.9, ,185200, ,173.57, ,57.50, ,100.0, 
2004/9/24,12:00,0.4, ,185550, ,160.74, ,57.10, ,100.0, 
2004/9/24,13:00,0.7, ,185900, ,145.12, ,57.40, ,100.0, 
2004/9/24,14:00,0.0, ,186140, ,120.29, ,57.00, ,100.0, 
2004/9/24,15:00,0.0, ,186310, ,116.18, ,57.10, ,100.0, 
2004/9/24,16:00,0.0, ,186490, ,101.24, ,57.00, ,100.0, 
2004/9/24,17:00,0.0, ,186660, ,103.42, ,57.40, ,100.0, 
2004/9/24,18:00,0.0, ,186780, ,88.95, ,57.20, ,100.0, 
2004/9/24,19:00,0.0, ,186900, ,89.99, ,57.20, ,100.0, 
2004/9/24,20:00,3.1, ,187010, ,85.02, ,57.00, ,100.0, 
2004/9/24,21:00,3.6, ,187130, ,88.81, ,56.90, ,100.0, 
2004/9/24,22:00,0.3, ,187250, ,94.56, ,57.10, ,100.0, 
2004/9/24,23:00,0.0, ,187310, ,88.73, ,57.20, ,100.0, 
2004/9/24,24:00,0.0, ,187420, ,81.58, ,57.00, ,100.0, 
2004/9/25,01:00,0.0, ,187540, ,91.57, ,57.20, ,100.0, 
2004/9/25,02:00,0.0, ,187600, ,85.37, ,57.00, ,100.0, 
2004/9/25,03:00,0.0, ,187660, ,75.06, ,57.00, ,100.0, 
2004/9/25,04:00,0.0, ,187720, ,85.05, ,57.10, ,100.0, 
2004/9/25,05:00,0.0, ,187780, ,81.23, ,56.80, ,100.0, 
2004/9/25,06:00,0.0, ,187830, ,80.58, ,56.90, ,100.0, 
2004/9/25,07:00,0.0, ,187830, ,56.96, ,57.00, ,100.0, 
2004/9/25,08:00,0.0, ,187890, ,74.63, ,57.10, ,100.0, 
2004/9/25,09:00,0.0, ,187890, ,56.91, ,56.90, ,100.0, 
2004/9/25,10:00,0.0, ,187950, ,75.51, ,56.80, ,100.0, 
2004/9/25,11:00,0.0, ,187950, ,56.91, ,56.90, ,100.0, 
2004/9/25,12:00,0.0, ,187950, ,56.90, ,56.80, ,100.0, 
2004/9/25,13:00,0.0, ,187950, ,56.86, ,57.00, ,100.0, 
2004/9/25,14:00,0.0, ,187950, ,56.87, ,56.80, ,100.0, 
2004/9/25,15:00,0.0, ,187950, ,56.85, ,56.90, ,100.0, 
2004/9/25,16:00,0.2, ,187950, ,56.88, ,57.00, ,100.0, 
2004/9/25,17:00,0.1, ,187950, ,56.87, ,56.80, ,100.0, 
2004/9/25,18:00,0.0, ,187890, ,56.70, ,57.20, ,100.0, 
2004/9/25,19:00,0.0, ,187890, ,56.96, ,57.00, ,100.0, 
2004/9/25,20:00,0.0, ,187830, ,34.89, ,57.20, ,100.0, 
2004/9/25,21:00,0.0, ,187780, ,41.02, ,56.90, ,100.0, 
2004/9/25,22:00,0.1, ,187780, ,56.91, ,56.80, ,100.0, 
2004/9/25,23:00,0.2, ,187720, ,32.02, ,56.60, ,100.0, 
2004/9/25,24:00,0.0, ,187660, ,39.80, ,57.10, ,100.0, 
2004/9/26,01:00,0.0, ,187660, ,56.99, ,56.50, ,100.0, 
2004/9/26,02:00,0.0, ,187600, ,55.64, ,57.00, ,100.0, 
2004/9/26,03:00,0.0, ,187540, ,24.57, ,57.00, ,100.0, 
2004/9/26,04:00,0.0, ,187480, ,25.03, ,56.70, ,100.0, 
2004/9/26,05:00,0.1, ,187420, ,39.46, ,56.90, ,100.0, 
2004/9/26,06:00,0.0, ,187370, ,50.34, ,57.00, ,100.0, 
2004/9/26,07:00,0.1, ,187310, ,54.91, ,57.00, ,100.0, 
2004/9/26,08:00,0.0, ,187250, ,47.25, ,56.90, ,100.0, 
2004/9/26,09:00,0.0, ,187190, ,49.67, ,57.30, ,100.0, 
2004/9/26,10:00,0.0, ,187130, ,43.16, ,56.70, ,100.0, 
2004/9/26,11:00,0.1, ,187070, ,46.00, ,57.10, ,100.0, 
2004/9/26,12:00,0.0, ,187010, ,27.04, ,57.00, ,100.0, 
2004/9/26,13:00,0.0, ,186960, ,33.12, ,57.20, ,100.0, 
2004/9/26,14:00,0.1, ,186900, ,30.14, ,56.90, ,100.0, 
2004/9/26,15:00,0.2, ,186840, ,36.10, ,57.20, ,100.0, 
2004/9/26,16:00,0.0, ,186720, ,42.52, ,57.00, ,100.0, 
2004/9/26,17:00,0.0, ,186660, ,40.78, ,57.00, ,100.0, 
2004/9/26,18:00,3.0, ,186600, ,27.37, ,57.00, ,100.0, 
2004/9/26,19:00,2.1, ,186550, ,27.43, ,57.10, ,100.0, 
2004/9/26,20:00,0.5, ,186490, ,32.24, ,57.30, ,100.0, 
2004/9/26,21:00,0.6, ,186430, ,37.31, ,56.80, ,100.0, 
2004/9/26,22:00,0.1, ,186310, ,44.93, ,57.10, ,100.0, 
2004/9/26,23:00,0.0, ,186250, ,44.41, ,57.40, ,100.0, 
2004/9/26,24:00,0.3, ,186200, ,27.34, ,57.00, ,100.0, 
2004/9/27,01:00,0.7, ,186140, ,30.53, ,57.10, ,100.0, 
2004/9/27,02:00,0.0, ,186080, ,30.26, ,57.40, ,100.0, 
2004/9/27,03:00,0.5, ,186020, ,44.64, ,57.40, ,100.0, 
2004/9/27,04:00,0.0, ,185900, ,41.68, ,57.10, ,100.0, 
2004/9/27,05:00,0.0, ,185850, ,29.07, ,57.10, ,100.0, 
2004/9/27,06:00,0.0, ,185790, ,32.46, ,57.30, ,100.0, 
2004/9/27,07:00,0.0, ,185670, ,35.36, ,57.40, ,100.0, 
2004/9/27,08:00,0.0, ,185610, ,28.72, ,57.50, ,100.0, 
2004/9/27,09:00,0.0, ,185500, ,38.37, ,57.20, ,100.0, 
2004/9/27,10:00,0.0, ,185440, ,26.67, ,57.30, ,100.0, 
2004/9/27,11:00,0.0, ,185320, ,38.57, ,57.30, ,100.0, 
2004/9/27,12:00,0.0, ,185260, ,25.75, ,57.70, ,100.0, 
2004/9/27,13:00,0.0, ,185150, ,31.90, ,57.10, ,100.0, 
2004/9/27,14:00,0.0, ,185090, ,25.63, ,57.20, ,100.0, 
2004/9/27,15:00,0.0, ,184970, ,29.54, ,57.50, ,100.0, 
2004/9/27,16:00,0.1, ,184910, ,28.14, ,57.20, ,100.0, 
2004/9/27,17:00,0.4, ,184800, ,49.19, ,57.50, ,100.0, 
2004/9/27,18:00,1.2, ,184740, ,42.43, ,57.30, ,100.0, 
2004/9/27,19:00,0.1, ,184680, ,34.06, ,57.80, ,100.0, 
2004/9/27,20:00,0.2, ,184620, ,39.69, ,57.30, ,100.0, 
2004/9/27,21:00,0.0, ,184510, ,36.71, ,57.40, ,100.0, 
2004/9/27,22:00,0.0, ,184450, ,32.42, ,57.50, ,100.0, 
2004/9/27,23:00,0.0, ,184330, ,36.74, ,57.40, ,100.0, 
2004/9/27,24:00,0.5, ,184210, ,34.32, ,57.30, ,100.0, 
2004/9/28,01:00,0.1, ,184160, ,35.61, ,57.60, ,100.0, 
2004/9/28,02:00,0.1, ,184040, ,36.10, ,57.20, ,100.0, 
2004/9/28,03:00,0.0, ,183980, ,28.78, ,57.50, ,100.0, 
2004/9/28,04:00,0.0, ,183870, ,35.36, ,57.70, ,100.0, 
2004/9/28,05:00,0.0, ,183750, ,12.35, ,57.60, ,100.0, 
2004/9/28,06:00,0.0, ,183630, ,34.14, ,57.50, ,100.0, 
2004/9/28,07:00,0.0, ,183580, ,26.01, ,57.50, ,100.0, 
2004/9/28,08:00,0.0, ,183460, ,29.08, ,57.50, ,100.0, 
2004/9/28,09:00,0.1, ,183340, ,31.80, ,57.50, ,100.0, 
2004/9/28,10:00,0.0, ,183290, ,29.87, ,57.60, ,100.0, 
2004/9/28,11:00,0.0, ,183110, ,22.16, ,57.60, ,100.0, 
2004/9/28,12:00,0.2, ,183050, ,26.08, ,57.60, ,100.0, 
2004/9/28,13:00,4.7, ,182940, ,34.02, ,57.60, ,100.0, 
2004/9/28,14:00,9.0, ,182820, ,34.46, ,57.60, ,100.0, 
2004/9/28,15:00,0.4, ,182710, ,19.78, ,57.60, ,100.0, 
2004/9/28,16:00,4.8, ,182650, ,26.30, ,57.50, ,100.0, 
2004/9/28,17:00,1.4, ,182590, ,45.92, ,57.60, ,100.0, 
2004/9/28,18:00,0.7, ,182530, ,37.98, ,57.80, ,100.0, 
2004/9/28,19:00,7.2, ,182530, ,57.58, ,57.60, ,100.0, 
2004/9/28,20:00,16.3, ,182710, ,123.96, ,58.00, ,100.0, 
2004/9/28,21:00,6.1, ,182940, ,119.48, ,57.80, ,100.0, 
2004/9/28,22:00,2.7, ,183290, ,175.48, ,67.76, ,100.0, 
2004/9/28,23:00,0.8, ,183810, ,192.62, ,89.80, ,100.0, 
2004/9/28,24:00,0.5, ,184100, ,179.01, ,129.84, ,100.0, 
2004/9/29,01:00,4.3, ,184160, ,156.49, ,130.06, ,100.0, 
2004/9/29,02:00,8.2, ,184210, ,151.26, ,129.98, ,100.0, 
2004/9/29,03:00,4.8, ,184270, ,156.44, ,130.10, ,100.0, 
2004/9/29,04:00,10.6, ,184510, ,173.95, ,130.96, ,100.0, 
2004/9/29,05:00,16.8, ,184970, ,273.87, ,164.76, ,100.0, 
2004/9/29,06:00,17.6, ,185850, ,792.74, ,472.78, ,100.0, 
2004/9/29,07:00,34.5, ,187190, ,992.10, ,536.86, ,100.0, 
2004/9/29,08:00,28.8, ,190840, ,2045.97, ,702.24, ,100.0, 
2004/9/29,09:00,28.6, ,195960, ,2328.79, ,984.32, ,100.0, 
2004/9/29,10:00,15.3, ,200310, ,2212.93, ,1252.40, ,100.0, 
2004/9/29,11:00,4.4, ,202330, ,1845.46, ,1307.02, ,100.0, 
2004/9/29,12:00,11.8, ,202750, ,1428.22, ,1300.88, ,100.0, 
2004/9/29,13:00,9.2, ,202510, ,1189.44, ,1168.86, ,100.0, 
2004/9/29,14:00,13.3, ,202630, ,1155.08, ,1131.92, ,100.0, 
2004/9/29,15:00,31.8, ,202940, ,1390.31, ,1295.06, ,100.0, 
2004/9/29,16:00,44.7, ,205400, ,2304.19, ,1299.16, ,100.0, 
2004/9/29,17:00,39.3, ,211860, ,3903.79, ,1651.28, ,100.0, 
2004/9/29,18:00,12.7, ,218190, ,3257.80, ,1745.86, ,100.0, 
2004/9/29,19:00,3.4, ,221530, ,2397.32, ,1759.70, ,100.0, 
2004/9/29,20:00,1.8, ,222690, ,2055.01, ,1718.40, ,100.0, 
2004/9/29,21:00,3.2, ,222560, ,1638.21, ,1599.12, ,100.0, 
2004/9/29,22:00,3.1, ,222370, ,1350.73, ,1189.44, ,100.0, 
2004/9/29,23:00,0.6, ,222430, ,1120.82, ,1109.32, ,100.0, 
2004/9/29,24:00,2.5, ,222240, ,867.81, ,808.90, ,100.0, 
2004/9/30,01:00,0.6, ,221980, ,721.95, ,787.86, ,100.0, 
2004/9/30,02:00,0.2, ,221660, ,636.26, ,716.06, ,100.0, 
2004/9/30,03:00,0.0, ,221140, ,563.92, ,713.22, ,100.0, 
2004/9/30,04:00,0.0, ,220570, ,496.07, ,580.00, ,100.0, 
2004/9/30,05:00,0.0, ,220120, ,466.13, ,577.38, ,100.0, 
2004/9/30,06:00,0.0, ,219670, ,424.08, ,541.36, ,100.0, 
2004/9/30,07:00,0.0, ,219280, ,395.04, ,501.22, ,100.0, 
2004/9/30,08:00,0.0, ,218830, ,351.31, ,470.16, ,100.0, 
2004/9/30,09:00,0.0, ,218510, ,334.34, ,420.60, ,100.0, 
2004/9/30,10:00,0.0, ,218190, ,335.14, ,419.28, ,100.0, 
2004/9/30,11:00,0.0, ,217810, ,313.13, ,398.48, ,100.0, 
2004/9/30,12:00,0.0, ,217430, ,312.77, ,397.44, ,100.0, 
2004/9/30,13:00,0.0, ,217050, ,280.86, ,396.14, ,100.0, 
2004/9/30,14:00,0.0, ,216660, ,278.48, ,375.48, ,100.0, 
2004/9/30,15:00,0.0, ,216280, ,276.64, ,374.20, ,100.0, 
2004/9/30,16:00,0.0, ,215900, ,225.30, ,339.86, ,100.0, 
2004/9/30,17:00,0.0, ,215520, ,227.72, ,319.70, ,100.0, 
2004/9/30,18:00,0.0, ,215140, ,226.01, ,318.76, ,100.0, 
2004/9/30,19:00,0.0, ,214700, ,212.44, ,317.48, ,100.0, 
2004/9/30,20:00,0.0, ,214320, ,178.66, ,297.52, ,100.0, 
2004/9/30,21:00,0.0, ,213940, ,182.23, ,277.58, ,100.0, 
2004/9/30,22:00,0.0, ,213500, ,161.84, ,276.38, ,100.0, 
2004/9/30,23:00,0.0, ,213120, ,142.98, ,243.46, ,100.0, 
2004/9/30,24:00,0.0, ,212740, ,144.61, ,214.68, ,100.0, 
