îCà”ä˙ä‘É_ÉÄèîó åüçıåãâ 
êÖånñº,ãgñÏêÏ
âÕêÏñº,ãgñÏêÏ
äœë™èäñº,ëÅñæâYÉ_ÉÄÅiã@ç\Åj
äœë™èäãLçÜ,1368080700010
#
#îNåéì˙,éûçè,ó¨àÊïΩãœâJó ,ó¨àÊïΩãœâJó ëÆê´,íôêÖó ,íôêÖó ëÆê´,ó¨ì¸ó ,ó¨ì¸ó ëÆê´,ï˙ó¨ó ,ï˙ó¨ó ëÆê´,íôêÖó¶,íôêÖó¶ëÆê´
#ëÆê´Å@$:åáë™ -:ñ¢éÛêM
#
2008/6/1,01:00,0.0, ,188540, ,27.54, ,0.00, ,100.0, 
2008/6/1,02:00,0.0, ,188660, ,31.57, ,0.00, ,100.0, 
2008/6/1,03:00,0.0, ,188770, ,28.31, ,0.00, ,100.0, 
2008/6/1,04:00,0.0, ,188890, ,26.14, ,0.00, ,100.0, 
2008/6/1,05:00,0.0, ,188950, ,27.23, ,0.00, ,100.0, 
2008/6/1,06:00,0.0, ,189070, ,28.32, ,0.00, ,100.0, 
2008/6/1,07:00,0.0, ,189190, ,25.62, ,2.80, ,100.0, 
2008/6/1,08:00,0.0, ,189190, ,34.72, ,29.20, ,100.0, 
2008/6/1,09:00,0.0, ,189130, ,38.96, ,58.40, ,100.0, 
2008/6/1,10:00,0.0, ,189010, ,32.46, ,58.40, ,100.0, 
2008/6/1,11:00,0.0, ,188890, ,31.17, ,58.80, ,100.0, 
2008/6/1,12:00,0.0, ,188770, ,21.39, ,58.70, ,100.0, 
2008/6/1,13:00,0.0, ,188660, ,29.30, ,58.80, ,100.0, 
2008/6/1,14:00,0.0, ,188600, ,29.87, ,58.80, ,100.0, 
2008/6/1,15:00,0.0, ,188420, ,24.74, ,58.40, ,100.0, 
2008/6/1,16:00,0.0, ,188360, ,26.47, ,33.60, ,99.9, 
2008/6/1,17:00,0.0, ,188300, ,18.91, ,18.10, ,99.9, 
2008/6/1,18:00,0.0, ,188300, ,12.41, ,18.00, ,99.9, 
2008/6/1,19:00,0.0, ,188360, ,26.12, ,25.70, ,99.9, 
2008/6/1,20:00,0.0, ,188360, ,30.81, ,19.20, ,99.9, 
2008/6/1,21:00,0.0, ,188360, ,21.92, ,1.80, ,99.9, 
2008/6/1,22:00,0.0, ,188420, ,14.45, ,0.00, ,100.0, 
2008/6/1,23:00,0.0, ,188480, ,21.22, ,0.00, ,100.0, 
2008/6/1,24:00,0.0, ,188600, ,28.57, ,0.00, ,100.0, 
2008/6/2,01:00,0.0, ,188720, ,21.77, ,0.00, ,100.0, 
2008/6/2,02:00,0.0, ,188720, ,20.41, ,0.00, ,100.0, 
2008/6/2,03:00,0.0, ,188830, ,20.69, ,0.00, ,100.0, 
2008/6/2,04:00,0.0, ,188890, ,21.79, ,0.00, ,100.0, 
2008/6/2,05:00,0.0, ,189010, ,25.06, ,0.00, ,100.0, 
2008/6/2,06:00,0.0, ,189070, ,24.78, ,0.00, ,100.0, 
2008/6/2,07:00,0.0, ,189190, ,25.85, ,0.00, ,100.0, 
2008/6/2,08:00,0.0, ,189250, ,20.68, ,0.00, ,100.0, 
2008/6/2,09:00,0.0, ,189300, ,18.01, ,2.50, ,100.0, 
2008/6/2,10:00,0.0, ,189300, ,21.36, ,29.10, ,100.0, 
2008/6/2,11:00,0.6, ,189250, ,37.83, ,58.50, ,100.0, 
2008/6/2,12:00,1.1, ,189130, ,27.85, ,58.50, ,100.0, 
2008/6/2,13:00,2.0, ,189130, ,26.49, ,18.10, ,100.0, 
2008/6/2,14:00,1.5, ,189010, ,18.81, ,58.50, ,100.0, 
2008/6/2,15:00,1.0, ,188890, ,31.45, ,58.50, ,100.0, 
2008/6/2,16:00,1.9, ,188830, ,30.64, ,58.50, ,100.0, 
2008/6/2,17:00,3.8, ,188720, ,32.84, ,58.60, ,100.0, 
2008/6/2,18:00,4.1, ,188660, ,34.19, ,58.60, ,100.0, 
2008/6/2,19:00,4.8, ,188540, ,30.96, ,58.70, ,100.0, 
2008/6/2,20:00,5.8, ,188540, ,29.38, ,21.00, ,100.0, 
2008/6/2,21:00,6.4, ,188660, ,32.94, ,20.90, ,100.0, 
2008/6/2,22:00,2.1, ,188770, ,49.47, ,17.90, ,100.0, 
2008/6/2,23:00,3.5, ,188890, ,57.32, ,17.90, ,100.0, 
2008/6/2,24:00,4.2, ,189130, ,70.88, ,17.80, ,100.0, 
2008/6/3,01:00,0.9, ,189300, ,74.07, ,17.90, ,100.0, 
2008/6/3,02:00,0.6, ,189420, ,73.20, ,37.80, ,100.0, 
2008/6/3,03:00,2.9, ,189540, ,82.29, ,58.30, ,100.0, 
2008/6/3,04:00,1.6, ,189600, ,73.22, ,58.70, ,100.0, 
2008/6/3,05:00,0.4, ,189660, ,78.76, ,58.30, ,100.0, 
2008/6/3,06:00,1.5, ,189720, ,71.36, ,58.40, ,100.0, 
2008/6/3,07:00,2.3, ,189720, ,68.63, ,58.70, ,100.0, 
2008/6/3,08:00,0.2, ,189770, ,69.46, ,58.80, ,100.0, 
2008/6/3,09:00,0.5, ,189770, ,63.97, ,58.60, ,100.0, 
2008/6/3,10:00,0.0, ,189830, ,67.31, ,58.40, ,100.0, 
2008/6/3,11:00,0.0, ,189830, ,66.22, ,58.50, ,100.0, 
2008/6/3,12:00,0.0, ,189830, ,58.58, ,58.40, ,100.0, 
2008/6/3,13:00,0.0, ,189830, ,58.54, ,58.50, ,100.0, 
2008/6/3,14:00,0.0, ,189830, ,58.58, ,58.70, ,100.0, 
2008/6/3,15:00,0.0, ,189830, ,58.60, ,58.50, ,100.0, 
2008/6/3,16:00,0.0, ,189830, ,58.55, ,58.40, ,100.0, 
2008/6/3,17:00,0.4, ,189830, ,58.54, ,58.40, ,100.0, 
2008/6/3,18:00,1.1, ,189830, ,58.54, ,58.50, ,100.0, 
2008/6/3,19:00,1.0, ,189830, ,58.52, ,58.50, ,100.0, 
2008/6/3,20:00,0.8, ,189770, ,43.02, ,58.60, ,100.0, 
2008/6/3,21:00,0.1, ,189770, ,57.77, ,58.60, ,100.0, 
2008/6/3,22:00,0.0, ,189720, ,44.66, ,58.30, ,100.0, 
2008/6/3,23:00,0.0, ,189720, ,56.09, ,58.50, ,100.0, 
2008/6/3,24:00,0.0, ,189660, ,49.56, ,59.00, ,100.0, 
2008/6/4,01:00,0.2, ,189660, ,51.16, ,58.60, ,100.0, 
2008/6/4,02:00,0.0, ,189600, ,42.78, ,58.70, ,100.0, 
2008/6/4,03:00,0.3, ,189540, ,50.65, ,58.40, ,100.0, 
2008/6/4,04:00,0.0, ,189480, ,47.67, ,58.50, ,100.0, 
2008/6/4,05:00,0.0, ,189480, ,44.16, ,58.60, ,100.0, 
2008/6/4,06:00,0.0, ,189420, ,45.22, ,58.80, ,100.0, 
2008/6/4,07:00,0.0, ,189360, ,45.80, ,58.80, ,100.0, 
2008/6/4,08:00,0.0, ,189300, ,43.91, ,58.50, ,100.0, 
2008/6/4,09:00,0.0, ,189250, ,40.96, ,58.60, ,100.0, 
2008/6/4,10:00,0.0, ,189190, ,44.54, ,59.00, ,100.0, 
2008/6/4,11:00,0.0, ,189130, ,43.66, ,58.90, ,100.0, 
2008/6/4,12:00,0.0, ,189070, ,39.14, ,58.90, ,100.0, 
2008/6/4,13:00,0.0, ,189010, ,38.30, ,58.80, ,100.0, 
2008/6/4,14:00,0.0, ,188950, ,43.96, ,58.60, ,100.0, 
2008/6/4,15:00,0.0, ,188890, ,39.89, ,58.70, ,100.0, 
2008/6/4,16:00,0.0, ,188770, ,40.16, ,58.50, ,100.0, 
2008/6/4,17:00,0.0, ,188720, ,37.19, ,58.90, ,100.0, 
2008/6/4,18:00,0.2, ,188660, ,42.61, ,58.70, ,100.0, 
2008/6/4,19:00,0.3, ,188600, ,37.77, ,58.70, ,100.0, 
2008/6/4,20:00,0.3, ,188540, ,38.29, ,58.90, ,100.0, 
2008/6/4,21:00,0.3, ,188420, ,39.39, ,58.80, ,100.0, 
2008/6/4,22:00,0.8, ,188360, ,36.19, ,58.50, ,100.0, 
2008/6/4,23:00,1.2, ,188300, ,39.93, ,58.70, ,100.0, 
2008/6/4,24:00,1.8, ,188250, ,39.42, ,58.80, ,100.0, 
2008/6/5,01:00,2.2, ,188130, ,37.81, ,58.60, ,100.0, 
2008/6/5,02:00,1.5, ,188070, ,41.34, ,58.40, ,100.0, 
2008/6/5,03:00,1.3, ,188010, ,38.09, ,58.90, ,100.0, 
2008/6/5,04:00,2.0, ,188010, ,48.15, ,59.00, ,100.0, 
2008/6/5,05:00,1.6, ,187950, ,43.02, ,58.70, ,100.0, 
2008/6/5,06:00,1.9, ,187890, ,44.64, ,59.10, ,100.0, 
2008/6/5,07:00,5.9, ,187890, ,56.07, ,59.00, ,100.0, 
2008/6/5,08:00,4.4, ,187830, ,42.50, ,59.00, ,100.0, 
2008/6/5,09:00,10.6, ,187830, ,58.80, ,58.80, ,100.0, 
2008/6/5,10:00,8.7, ,188010, ,74.30, ,58.80, ,100.0, 
2008/6/5,11:00,5.4, ,188420, ,142.22, ,58.60, ,100.0, 
2008/6/5,12:00,0.4, ,189130, ,210.30, ,58.90, ,100.0, 
2008/6/5,13:00,0.0, ,189890, ,267.69, ,58.40, ,100.0, 
2008/6/5,14:00,0.1, ,190780, ,308.45, ,58.60, ,100.0, 
2008/6/5,15:00,0.0, ,191490, ,273.67, ,58.30, ,100.0, 
2008/6/5,16:00,0.0, ,192080, ,235.14, ,58.20, ,100.0, 
2008/6/5,17:00,0.0, ,192440, ,184.55, ,57.90, ,100.0, 
2008/6/5,18:00,0.0, ,192730, ,149.35, ,58.30, ,100.0, 
2008/6/5,19:00,0.0, ,192970, ,133.48, ,58.10, ,100.0, 
2008/6/5,20:00,0.0, ,193210, ,126.69, ,57.90, ,100.0, 
2008/6/5,21:00,0.0, ,193450, ,118.67, ,58.00, ,100.0, 
2008/6/5,22:00,0.0, ,193570, ,110.40, ,57.80, ,100.0, 
2008/6/5,23:00,0.0, ,193750, ,106.58, ,58.00, ,100.0, 
2008/6/5,24:00,0.0, ,193860, ,98.61, ,58.30, ,100.0, 
2008/6/6,01:00,0.0, ,193980, ,91.88, ,57.80, ,100.0, 
2008/6/6,02:00,0.0, ,194160, ,94.98, ,58.10, ,100.0, 
2008/6/6,03:00,0.0, ,194220, ,88.39, ,58.20, ,100.0, 
2008/6/6,04:00,0.0, ,194340, ,91.08, ,57.70, ,100.0, 
2008/6/6,05:00,0.0, ,194460, ,81.41, ,57.70, ,100.0, 
2008/6/6,06:00,0.0, ,194520, ,82.50, ,57.80, ,100.0, 
2008/6/6,07:00,0.0, ,194580, ,79.47, ,58.00, ,100.0, 
2008/6/6,08:00,0.0, ,194640, ,78.92, ,58.00, ,100.0, 
2008/6/6,09:00,0.0, ,194700, ,71.75, ,58.00, ,100.0, 
2008/6/6,10:00,0.0, ,194760, ,70.57, ,57.80, ,100.0, 
2008/6/6,11:00,0.0, ,194760, ,64.45, ,57.70, ,100.0, 
2008/6/6,12:00,0.0, ,194820, ,69.48, ,57.80, ,100.0, 
2008/6/6,13:00,0.0, ,194820, ,62.78, ,57.80, ,100.0, 
2008/6/6,14:00,0.0, ,194880, ,59.24, ,57.80, ,100.0, 
2008/6/6,15:00,0.0, ,194880, ,73.09, ,57.70, ,100.0, 
2008/6/6,16:00,0.0, ,194880, ,57.82, ,57.90, ,100.0, 
2008/6/6,17:00,0.0, ,194880, ,57.86, ,57.90, ,100.0, 
2008/6/6,18:00,0.0, ,194880, ,57.82, ,57.70, ,100.0, 
2008/6/6,19:00,0.0, ,194880, ,57.82, ,58.00, ,100.0, 
2008/6/6,20:00,0.0, ,194880, ,57.86, ,57.80, ,100.0, 
2008/6/6,21:00,0.0, ,194880, ,57.79, ,57.80, ,100.0, 
2008/6/6,22:00,0.0, ,194880, ,57.82, ,57.70, ,100.0, 
2008/6/6,23:00,0.0, ,194880, ,57.82, ,58.00, ,100.0, 
2008/6/6,24:00,0.0, ,194880, ,57.86, ,57.90, ,100.0, 
2008/6/7,01:00,0.0, ,194880, ,57.81, ,57.80, ,100.0, 
2008/6/7,02:00,0.0, ,194880, ,57.80, ,57.60, ,100.0, 
2008/6/7,03:00,0.0, ,194880, ,57.78, ,57.80, ,100.0, 
2008/6/7,04:00,0.0, ,194880, ,57.88, ,57.70, ,100.0, 
2008/6/7,05:00,0.0, ,194880, ,57.77, ,57.70, ,100.0, 
2008/6/7,06:00,0.0, ,194880, ,57.79, ,57.60, ,100.0, 
2008/6/7,07:00,0.0, ,194880, ,57.75, ,57.60, ,100.0, 
2008/6/7,08:00,0.0, ,194880, ,57.77, ,57.90, ,100.0, 
2008/6/7,09:00,0.0, ,194820, ,52.24, ,57.60, ,100.0, 
2008/6/7,10:00,0.0, ,194820, ,46.72, ,58.00, ,100.0, 
2008/6/7,11:00,0.0, ,194760, ,54.46, ,57.80, ,100.0, 
2008/6/7,12:00,0.0, ,194760, ,44.52, ,57.80, ,100.0, 
2008/6/7,13:00,0.0, ,194700, ,50.40, ,58.00, ,100.0, 
2008/6/7,14:00,0.0, ,194640, ,47.02, ,57.70, ,100.0, 
2008/6/7,15:00,0.0, ,194640, ,42.90, ,57.80, ,100.0, 
2008/6/7,16:00,0.0, ,194580, ,45.71, ,57.80, ,100.0, 
2008/6/7,17:00,0.0, ,194520, ,47.82, ,57.70, ,100.0, 
2008/6/7,18:00,0.8, ,194460, ,44.79, ,57.90, ,100.0, 
2008/6/7,19:00,1.3, ,194460, ,43.19, ,57.70, ,100.0, 
2008/6/7,20:00,0.3, ,194400, ,53.32, ,57.40, ,100.0, 
2008/6/7,21:00,0.2, ,194340, ,44.75, ,57.80, ,100.0, 
2008/6/7,22:00,0.0, ,194340, ,41.99, ,58.20, ,100.0, 
2008/6/7,23:00,0.0, ,194280, ,45.90, ,57.80, ,100.0, 
2008/6/7,24:00,0.0, ,194220, ,45.12, ,58.10, ,100.0, 
2008/6/8,01:00,0.0, ,194160, ,45.16, ,58.20, ,100.0, 
2008/6/8,02:00,0.0, ,194160, ,45.42, ,58.10, ,100.0, 
2008/6/8,03:00,0.0, ,194040, ,37.70, ,57.60, ,100.0, 
2008/6/8,04:00,0.0, ,193980, ,44.10, ,57.80, ,100.0, 
2008/6/8,05:00,0.0, ,193980, ,42.15, ,58.00, ,100.0, 
2008/6/8,06:00,0.0, ,193860, ,41.33, ,57.70, ,100.0, 
2008/6/8,07:00,0.0, ,193860, ,41.26, ,58.10, ,100.0, 
2008/6/8,08:00,0.0, ,193750, ,37.18, ,57.90, ,100.0, 
2008/6/8,09:00,0.0, ,193690, ,36.70, ,58.10, ,100.0, 
2008/6/8,10:00,0.0, ,193630, ,41.12, ,58.20, ,100.0, 
2008/6/8,11:00,0.0, ,193510, ,35.88, ,57.70, ,100.0, 
2008/6/8,12:00,0.0, ,193450, ,33.72, ,58.00, ,100.0, 
2008/6/8,13:00,0.0, ,193390, ,36.71, ,57.90, ,100.0, 
2008/6/8,14:00,0.0, ,193270, ,36.16, ,57.80, ,100.0, 
2008/6/8,15:00,0.0, ,193210, ,35.64, ,58.20, ,100.0, 
2008/6/8,16:00,0.0, ,193150, ,36.52, ,58.10, ,100.0, 
2008/6/8,17:00,0.0, ,193030, ,34.33, ,58.10, ,100.0, 
2008/6/8,18:00,0.0, ,192970, ,38.82, ,58.10, ,100.0, 
2008/6/8,19:00,0.0, ,192910, ,29.16, ,58.30, ,100.0, 
2008/6/8,20:00,0.0, ,192790, ,36.35, ,58.50, ,100.0, 
2008/6/8,21:00,0.0, ,192670, ,35.53, ,58.10, ,100.0, 
2008/6/8,22:00,0.0, ,192610, ,29.24, ,58.40, ,100.0, 
2008/6/8,23:00,0.0, ,192500, ,34.25, ,58.00, ,100.0, 
2008/6/8,24:00,0.0, ,192440, ,32.54, ,58.10, ,100.0, 
2008/6/9,01:00,0.0, ,192320, ,34.77, ,57.90, ,100.0, 
2008/6/9,02:00,0.0, ,192260, ,33.14, ,57.70, ,100.0, 
2008/6/9,03:00,0.0, ,192140, ,31.60, ,57.90, ,100.0, 
2008/6/9,04:00,0.0, ,192080, ,30.23, ,58.50, ,100.0, 
2008/6/9,05:00,0.0, ,191960, ,34.59, ,58.00, ,100.0, 
2008/6/9,06:00,0.0, ,191900, ,34.06, ,57.90, ,100.0, 
2008/6/9,07:00,0.0, ,191780, ,26.94, ,58.20, ,100.0, 
2008/6/9,08:00,0.0, ,191660, ,33.03, ,58.30, ,100.0, 
2008/6/9,09:00,0.0, ,191610, ,31.37, ,58.30, ,100.0, 
2008/6/9,10:00,0.0, ,191490, ,32.24, ,58.40, ,100.0, 
2008/6/9,11:00,0.0, ,191370, ,29.85, ,58.40, ,100.0, 
2008/6/9,12:00,0.0, ,191250, ,30.44, ,58.40, ,100.0, 
2008/6/9,13:00,0.0, ,191190, ,27.67, ,58.40, ,100.0, 
2008/6/9,14:00,0.0, ,191070, ,25.17, ,58.20, ,100.0, 
2008/6/9,15:00,0.0, ,190950, ,30.37, ,58.20, ,100.0, 
2008/6/9,16:00,0.0, ,190840, ,32.34, ,58.40, ,100.0, 
2008/6/9,17:00,0.0, ,190780, ,30.14, ,58.30, ,100.0, 
2008/6/9,18:00,0.0, ,190660, ,26.12, ,58.60, ,100.0, 
2008/6/9,19:00,0.0, ,190540, ,26.18, ,58.50, ,100.0, 
2008/6/9,20:00,0.0, ,190420, ,30.56, ,58.30, ,100.0, 
2008/6/9,21:00,0.0, ,190310, ,30.28, ,58.20, ,100.0, 
2008/6/9,22:00,0.0, ,190190, ,25.11, ,58.50, ,100.0, 
2008/6/9,23:00,0.0, ,190070, ,28.74, ,58.60, ,100.0, 
2008/6/9,24:00,0.0, ,189950, ,28.20, ,58.40, ,100.0, 
2008/6/10,01:00,0.0, ,189890, ,26.03, ,58.50, ,100.0, 
2008/6/10,02:00,0.0, ,189770, ,27.43, ,58.90, ,100.0, 
2008/6/10,03:00,0.0, ,189660, ,27.43, ,58.50, ,100.0, 
2008/6/10,04:00,0.0, ,189540, ,28.01, ,58.40, ,100.0, 
2008/6/10,05:00,0.0, ,189420, ,26.96, ,58.80, ,100.0, 
2008/6/10,06:00,0.0, ,189300, ,25.67, ,58.60, ,100.0, 
2008/6/10,07:00,0.0, ,189190, ,27.04, ,58.80, ,100.0, 
2008/6/10,08:00,0.0, ,189070, ,25.48, ,58.30, ,100.0, 
2008/6/10,09:00,0.0, ,188950, ,28.71, ,58.50, ,100.0, 
2008/6/10,10:00,0.0, ,188830, ,22.97, ,58.50, ,100.0, 
2008/6/10,11:00,0.0, ,188720, ,27.09, ,58.80, ,100.0, 
2008/6/10,12:00,0.0, ,188600, ,25.78, ,58.70, ,100.0, 
2008/6/10,13:00,0.0, ,188480, ,27.15, ,58.90, ,100.0, 
2008/6/10,14:00,0.0, ,188360, ,24.97, ,58.80, ,100.0, 
2008/6/10,15:00,0.0, ,188250, ,26.86, ,58.50, ,100.0, 
2008/6/10,16:00,0.0, ,188130, ,24.11, ,58.60, ,100.0, 
2008/6/10,17:00,0.0, ,188010, ,26.09, ,58.80, ,100.0, 
2008/6/10,18:00,0.0, ,187890, ,26.77, ,58.70, ,100.0, 
2008/6/10,19:00,0.0, ,187780, ,24.60, ,58.60, ,100.0, 
2008/6/10,20:00,0.0, ,187660, ,26.74, ,58.70, ,100.0, 
2008/6/10,21:00,0.0, ,187540, ,25.98, ,58.70, ,100.0, 
2008/6/10,22:00,0.0, ,187420, ,25.94, ,58.70, ,100.0, 
2008/6/10,23:00,0.0, ,187310, ,26.03, ,59.10, ,100.0, 
2008/6/10,24:00,0.3, ,187190, ,22.59, ,58.90, ,100.0, 
2008/6/11,01:00,0.1, ,187070, ,27.73, ,58.70, ,100.0, 
2008/6/11,02:00,0.4, ,186900, ,23.61, ,59.10, ,100.0, 
2008/6/11,03:00,1.7, ,186840, ,27.48, ,58.70, ,100.0, 
2008/6/11,04:00,0.5, ,186720, ,31.03, ,58.90, ,100.0, 
2008/6/11,05:00,1.2, ,186600, ,22.90, ,58.70, ,100.0, 
2008/6/11,06:00,0.3, ,186490, ,28.10, ,59.00, ,100.0, 
2008/6/11,07:00,0.4, ,186370, ,26.05, ,59.10, ,100.0, 
2008/6/11,08:00,0.0, ,186250, ,25.49, ,59.10, ,100.0, 
2008/6/11,09:00,0.2, ,186080, ,27.72, ,59.20, ,100.0, 
2008/6/11,10:00,0.0, ,185960, ,23.33, ,58.90, ,100.0, 
2008/6/11,11:00,0.0, ,185900, ,28.23, ,58.90, ,100.0, 
2008/6/11,12:00,0.0, ,185730, ,21.27, ,59.20, ,100.0, 
2008/6/11,13:00,0.3, ,185610, ,29.08, ,59.30, ,100.0, 
2008/6/11,14:00,0.9, ,185500, ,21.32, ,59.10, ,100.0, 
2008/6/11,15:00,1.4, ,185380, ,27.26, ,59.10, ,100.0, 
2008/6/11,16:00,1.6, ,185260, ,26.71, ,58.90, ,100.0, 
2008/6/11,17:00,2.1, ,185150, ,25.16, ,59.10, ,100.0, 
2008/6/11,18:00,2.0, ,185090, ,33.54, ,58.90, ,100.0, 
2008/6/11,19:00,1.9, ,184910, ,28.74, ,59.10, ,100.0, 
2008/6/11,20:00,2.6, ,184800, ,23.38, ,59.20, ,100.0, 
2008/6/11,21:00,2.8, ,184740, ,31.16, ,59.00, ,100.0, 
2008/6/11,22:00,4.4, ,184620, ,33.92, ,59.10, ,100.0, 
2008/6/11,23:00,6.8, ,184560, ,35.01, ,59.50, ,100.0, 
2008/6/11,24:00,7.4, ,184510, ,46.63, ,59.30, ,100.0, 
2008/6/12,01:00,5.4, ,184510, ,47.94, ,59.30, ,100.0, 
2008/6/12,02:00,5.9, ,184560, ,62.28, ,59.60, ,100.0, 
2008/6/12,03:00,1.8, ,184680, ,81.33, ,59.30, ,100.0, 
2008/6/12,04:00,0.1, ,184850, ,105.58, ,59.10, ,100.0, 
2008/6/12,05:00,0.0, ,185030, ,109.09, ,59.40, ,100.0, 
2008/6/12,06:00,0.0, ,185150, ,102.63, ,58.90, ,100.0, 
2008/6/12,07:00,0.0, ,185260, ,86.42, ,59.20, ,100.0, 
2008/6/12,08:00,0.1, ,185260, ,77.53, ,59.00, ,100.0, 
2008/6/12,09:00,0.0, ,185320, ,75.11, ,59.00, ,100.0, 
2008/6/12,10:00,0.0, ,185320, ,59.39, ,59.20, ,100.0, 
2008/6/12,11:00,0.0, ,185320, ,59.09, ,59.20, ,100.0, 
2008/6/12,12:00,0.0, ,185320, ,59.12, ,59.20, ,100.0, 
2008/6/12,13:00,0.0, ,185320, ,59.11, ,59.10, ,100.0, 
2008/6/12,14:00,0.0, ,185260, ,57.27, ,59.20, ,100.0, 
2008/6/12,15:00,0.0, ,185260, ,44.81, ,59.20, ,100.0, 
2008/6/12,16:00,0.0, ,185200, ,45.36, ,59.30, ,100.0, 
2008/6/12,17:00,0.0, ,185150, ,44.63, ,59.10, ,100.0, 
2008/6/12,18:00,0.0, ,185090, ,40.59, ,59.30, ,100.0, 
2008/6/12,19:00,0.0, ,184970, ,41.14, ,59.40, ,100.0, 
2008/6/12,20:00,0.0, ,184910, ,37.13, ,59.00, ,100.0, 
2008/6/12,21:00,0.0, ,184850, ,41.17, ,59.40, ,100.0, 
2008/6/12,22:00,0.0, ,184740, ,37.94, ,59.20, ,100.0, 
2008/6/12,23:00,0.0, ,184680, ,34.74, ,59.70, ,100.0, 
2008/6/12,24:00,0.0, ,184620, ,37.04, ,32.50, ,100.0, 
2008/6/13,01:00,0.0, ,184620, ,23.84, ,0.00, ,100.0, 
2008/6/13,02:00,0.0, ,184740, ,18.05, ,0.00, ,100.0, 
2008/6/13,03:00,0.0, ,184850, ,35.29, ,0.00, ,100.0, 
2008/6/13,04:00,0.0, ,184970, ,28.30, ,0.00, ,100.0, 
2008/6/13,05:00,0.0, ,185090, ,36.39, ,0.00, ,100.0, 
2008/6/13,06:00,0.0, ,185200, ,27.82, ,2.70, ,100.0, 
2008/6/13,07:00,0.0, ,185200, ,30.96, ,29.50, ,100.0, 
2008/6/13,08:00,0.0, ,185200, ,29.60, ,29.70, ,100.0, 
2008/6/13,09:00,0.0, ,185200, ,29.58, ,29.80, ,100.0, 
2008/6/13,10:00,0.0, ,185200, ,44.54, ,59.10, ,100.0, 
2008/6/13,11:00,0.0, ,185090, ,36.32, ,59.30, ,100.0, 
2008/6/13,12:00,0.0, ,184970, ,33.63, ,59.20, ,100.0, 
2008/6/13,13:00,0.0, ,184970, ,28.28, ,29.70, ,100.0, 
2008/6/13,14:00,0.0, ,184850, ,31.93, ,59.30, ,100.0, 
2008/6/13,15:00,0.0, ,184740, ,28.77, ,59.40, ,100.0, 
2008/6/13,16:00,0.0, ,184680, ,30.91, ,59.20, ,100.0, 
2008/6/13,17:00,0.0, ,184560, ,32.85, ,59.10, ,100.0, 
2008/6/13,18:00,0.0, ,184450, ,31.06, ,59.50, ,100.0, 
2008/6/13,19:00,0.0, ,184330, ,25.71, ,59.40, ,100.0, 
2008/6/13,20:00,0.0, ,184210, ,31.89, ,59.00, ,100.0, 
2008/6/13,21:00,0.0, ,184160, ,29.19, ,59.50, ,100.0, 
2008/6/13,22:00,0.0, ,184100, ,24.49, ,29.40, ,100.0, 
2008/6/13,23:00,0.0, ,184100, ,24.24, ,12.80, ,100.0, 
2008/6/13,24:00,0.0, ,184100, ,14.29, ,0.00, ,100.0, 
2008/6/14,01:00,0.0, ,184210, ,14.26, ,0.00, ,100.0, 
2008/6/14,02:00,0.0, ,184270, ,24.48, ,0.00, ,100.0, 
2008/6/14,03:00,0.0, ,184330, ,21.26, ,0.00, ,100.0, 
2008/6/14,04:00,0.0, ,184450, ,19.11, ,0.00, ,100.0, 
2008/6/14,05:00,0.0, ,184510, ,24.76, ,0.00, ,100.0, 
2008/6/14,06:00,0.0, ,184560, ,20.73, ,0.00, ,100.0, 
2008/6/14,07:00,0.0, ,184680, ,24.82, ,2.60, ,100.0, 
2008/6/14,08:00,0.0, ,184680, ,27.02, ,30.00, ,100.0, 
2008/6/14,09:00,0.0, ,184560, ,34.79, ,59.30, ,100.0, 
2008/6/14,10:00,0.0, ,184450, ,25.07, ,58.90, ,100.0, 
2008/6/14,11:00,0.0, ,184330, ,24.61, ,59.50, ,100.0, 
2008/6/14,12:00,0.0, ,184210, ,26.29, ,59.60, ,100.0, 
2008/6/14,13:00,0.0, ,184210, ,26.95, ,29.90, ,100.0, 
2008/6/14,14:00,0.0, ,184040, ,19.20, ,59.00, ,100.0, 
2008/6/14,15:00,0.0, ,183920, ,24.69, ,59.20, ,100.0, 
2008/6/14,16:00,0.0, ,183810, ,22.29, ,59.40, ,100.0, 
2008/6/14,17:00,0.0, ,183690, ,25.80, ,59.50, ,100.0, 
2008/6/14,18:00,0.0, ,183580, ,22.38, ,59.30, ,100.0, 
2008/6/14,19:00,0.0, ,183400, ,24.51, ,59.60, ,100.0, 
2008/6/14,20:00,0.0, ,183290, ,23.79, ,59.60, ,100.0, 
2008/6/14,21:00,0.0, ,183170, ,22.73, ,59.80, ,100.0, 
2008/6/14,22:00,0.0, ,183050, ,23.25, ,48.10, ,100.0, 
2008/6/14,23:00,0.0, ,183050, ,16.30, ,5.80, ,100.0, 
2008/6/14,24:00,0.0, ,183050, ,8.84, ,0.00, ,100.0, 
2008/6/15,01:00,0.0, ,183050, ,0.00, ,0.00, ,100.0, 
2008/6/15,02:00,0.0, ,183110, ,5.62, ,0.00, ,100.0, 
2008/6/15,03:00,0.0, ,183170, ,11.52, ,0.00, ,100.0, 
2008/6/15,04:00,0.0, ,183170, ,15.00, ,0.00, ,100.0, 
2008/6/15,05:00,0.0, ,183230, ,13.42, ,0.00, ,100.0, 
2008/6/15,06:00,0.3, ,183290, ,9.12, ,0.00, ,100.0, 
2008/6/15,07:00,0.9, ,183340, ,19.04, ,15.00, ,100.0, 
2008/6/15,08:00,1.1, ,183340, ,16.54, ,18.30, ,100.0, 
2008/6/15,09:00,0.7, ,183340, ,18.35, ,18.40, ,100.0, 
2008/6/15,10:00,0.7, ,183340, ,18.37, ,19.10, ,100.0, 
2008/6/15,11:00,0.6, ,183340, ,18.37, ,18.50, ,100.0, 
2008/6/15,12:00,1.5, ,183340, ,26.20, ,34.10, ,100.0, 
2008/6/15,13:00,2.1, ,183340, ,35.00, ,36.90, ,100.0, 
2008/6/15,14:00,1.3, ,183340, ,35.74, ,34.00, ,100.0, 
2008/6/15,15:00,2.2, ,183340, ,26.12, ,18.10, ,100.0, 
2008/6/15,16:00,1.6, ,183340, ,18.35, ,18.30, ,100.0, 
2008/6/15,17:00,1.1, ,183290, ,25.72, ,34.10, ,100.0, 
2008/6/15,18:00,0.6, ,183230, ,21.60, ,48.20, ,100.0, 
2008/6/15,19:00,2.0, ,183110, ,30.06, ,60.00, ,100.0, 
2008/6/15,20:00,1.1, ,183000, ,26.61, ,59.50, ,100.0, 
2008/6/15,21:00,1.5, ,182880, ,16.60, ,50.90, ,99.9, 
2008/6/15,22:00,2.5, ,182880, ,21.68, ,4.90, ,99.9, 
2008/6/15,23:00,1.2, ,182940, ,11.51, ,0.00, ,100.0, 
2008/6/15,24:00,0.3, ,183000, ,20.07, ,0.00, ,100.0, 
2008/6/16,01:00,0.3, ,183050, ,12.85, ,0.00, ,100.0, 
2008/6/16,02:00,0.0, ,183110, ,19.81, ,0.00, ,100.0, 
2008/6/16,03:00,0.3, ,183170, ,13.39, ,0.00, ,100.0, 
2008/6/16,04:00,0.0, ,183230, ,20.10, ,0.00, ,100.0, 
2008/6/16,05:00,0.0, ,183290, ,13.15, ,0.00, ,100.0, 
2008/6/16,06:00,0.0, ,183340, ,20.39, ,0.00, ,100.0, 
2008/6/16,07:00,0.0, ,183400, ,12.62, ,0.00, ,100.0, 
2008/6/16,08:00,0.0, ,183460, ,13.47, ,2.70, ,100.0, 
2008/6/16,09:00,0.0, ,183460, ,21.70, ,18.70, ,100.0, 
2008/6/16,10:00,0.0, ,183460, ,26.21, ,33.90, ,100.0, 
2008/6/16,11:00,0.0, ,183340, ,29.16, ,59.40, ,100.0, 
2008/6/16,12:00,0.0, ,183230, ,29.37, ,59.40, ,100.0, 
2008/6/16,13:00,0.0, ,183170, ,22.02, ,32.70, ,100.0, 
2008/6/16,14:00,0.0, ,183050, ,18.55, ,59.40, ,100.0, 
2008/6/16,15:00,0.0, ,182940, ,27.36, ,59.40, ,100.0, 
2008/6/16,16:00,0.0, ,182880, ,21.62, ,39.80, ,99.9, 
2008/6/16,17:00,0.0, ,182820, ,25.54, ,39.80, ,99.9, 
2008/6/16,18:00,0.0, ,182770, ,18.10, ,35.40, ,99.8, 
2008/6/16,19:00,0.0, ,182710, ,16.12, ,18.20, ,99.8, 
2008/6/16,20:00,0.0, ,182710, ,13.92, ,21.10, ,99.8, 
2008/6/16,21:00,0.0, ,182710, ,20.06, ,18.20, ,99.8, 
2008/6/16,22:00,0.0, ,182710, ,18.16, ,4.30, ,99.8, 
2008/6/16,23:00,0.0, ,182710, ,8.60, ,0.00, ,99.8, 
2008/6/16,24:00,0.0, ,182820, ,16.32, ,0.00, ,100.0, 
2008/6/17,01:00,0.0, ,182880, ,18.46, ,0.00, ,100.0, 
2008/6/17,02:00,0.0, ,182880, ,13.38, ,0.00, ,100.0, 
2008/6/17,03:00,0.0, ,182940, ,14.72, ,0.00, ,100.0, 
2008/6/17,04:00,0.0, ,183000, ,10.71, ,0.00, ,100.0, 
2008/6/17,05:00,0.0, ,183050, ,11.24, ,0.00, ,100.0, 
2008/6/17,06:00,0.0, ,183050, ,11.51, ,0.00, ,100.0, 
2008/6/17,07:00,0.0, ,183110, ,13.12, ,0.00, ,100.0, 
2008/6/17,08:00,0.0, ,183170, ,12.32, ,0.00, ,100.0, 
2008/6/17,09:00,0.0, ,183230, ,12.38, ,2.80, ,100.0, 
2008/6/17,10:00,0.0, ,183230, ,25.35, ,29.90, ,100.0, 
2008/6/17,11:00,0.0, ,183110, ,27.68, ,59.20, ,100.0, 
2008/6/17,12:00,0.0, ,182940, ,23.06, ,59.40, ,100.0, 
2008/6/17,13:00,0.0, ,182940, ,13.18, ,21.10, ,100.0, 
2008/6/17,14:00,0.0, ,182820, ,25.50, ,59.40, ,100.0, 
2008/6/17,15:00,0.0, ,182650, ,23.25, ,59.40, ,99.9, 
2008/6/17,16:00,0.0, ,182650, ,13.02, ,25.40, ,99.9, 
2008/6/17,17:00,0.0, ,182590, ,21.92, ,25.60, ,99.8, 
2008/6/17,18:00,0.0, ,182590, ,11.15, ,21.20, ,99.8, 
2008/6/17,19:00,0.0, ,182590, ,19.81, ,18.50, ,99.8, 
2008/6/17,20:00,0.0, ,182590, ,18.38, ,18.20, ,99.8, 
2008/6/17,21:00,0.0, ,182590, ,18.10, ,4.80, ,99.8, 
2008/6/17,22:00,0.0, ,182590, ,8.82, ,0.00, ,99.8, 
2008/6/17,23:00,0.0, ,182650, ,6.15, ,0.00, ,99.9, 
2008/6/17,24:00,0.0, ,182710, ,18.45, ,0.00, ,100.0, 
2008/6/18,01:00,0.0, ,182770, ,19.52, ,0.00, ,100.0, 
2008/6/18,02:00,0.0, ,182820, ,10.70, ,0.00, ,100.0, 
2008/6/18,03:00,0.0, ,182820, ,9.36, ,0.00, ,100.0, 
2008/6/18,04:00,0.0, ,182880, ,11.77, ,0.00, ,100.0, 
2008/6/18,05:00,0.0, ,182940, ,9.37, ,0.00, ,100.0, 
2008/6/18,06:00,0.1, ,182940, ,10.97, ,0.00, ,100.0, 
2008/6/18,07:00,0.0, ,183000, ,12.31, ,0.00, ,100.0, 
2008/6/18,08:00,0.2, ,183050, ,5.35, ,0.00, ,100.0, 
2008/6/18,09:00,0.0, ,183050, ,14.50, ,2.80, ,100.0, 
2008/6/18,10:00,0.0, ,183050, ,9.29, ,18.30, ,100.0, 
2008/6/18,11:00,0.0, ,183000, ,32.61, ,48.10, ,100.0, 
2008/6/18,12:00,0.0, ,182880, ,26.94, ,59.50, ,100.0, 
2008/6/18,13:00,0.0, ,182820, ,18.96, ,21.20, ,100.0, 
2008/6/18,14:00,0.0, ,182710, ,12.40, ,59.60, ,100.0, 
2008/6/18,15:00,0.0, ,182530, ,24.03, ,59.80, ,99.9, 
2008/6/18,16:00,0.0, ,182530, ,18.66, ,42.90, ,99.9, 
2008/6/18,17:00,0.0, ,182360, ,21.57, ,45.20, ,99.8, 
2008/6/18,18:00,0.0, ,182360, ,12.36, ,30.00, ,99.8, 
2008/6/18,19:00,0.0, ,182300, ,26.40, ,32.70, ,99.7, 
2008/6/18,20:00,0.0, ,182300, ,15.93, ,7.70, ,99.7, 
2008/6/18,21:00,0.0, ,182300, ,1.31, ,0.00, ,99.7, 
2008/6/18,22:00,0.0, ,182360, ,18.96, ,0.00, ,99.8, 
2008/6/18,23:00,0.0, ,182420, ,13.63, ,0.00, ,99.8, 
2008/6/18,24:00,0.0, ,182480, ,19.50, ,0.00, ,99.8, 
2008/6/19,01:00,0.0, ,182530, ,12.29, ,0.00, ,99.9, 
2008/6/19,02:00,0.2, ,182530, ,13.36, ,0.00, ,99.9, 
2008/6/19,03:00,0.0, ,182590, ,4.81, ,0.00, ,99.9, 
2008/6/19,04:00,0.0, ,182590, ,11.23, ,0.00, ,99.9, 
2008/6/19,05:00,0.0, ,182650, ,7.49, ,0.00, ,100.0, 
2008/6/19,06:00,0.1, ,182710, ,10.16, ,0.00, ,100.0, 
2008/6/19,07:00,0.0, ,182710, ,14.44, ,0.00, ,100.0, 
2008/6/19,08:00,0.4, ,182770, ,2.41, ,0.00, ,100.0, 
2008/6/19,09:00,0.7, ,182770, ,13.69, ,2.60, ,100.0, 
2008/6/19,10:00,2.1, ,182770, ,15.09, ,29.70, ,100.0, 
2008/6/19,11:00,0.4, ,182650, ,38.32, ,59.40, ,100.0, 
2008/6/19,12:00,0.1, ,182530, ,22.33, ,59.40, ,99.9, 
2008/6/19,13:00,0.3, ,182480, ,18.83, ,21.30, ,99.8, 
2008/6/19,14:00,0.0, ,182360, ,12.98, ,59.90, ,99.8, 
2008/6/19,15:00,0.1, ,182250, ,22.94, ,36.70, ,99.7, 
2008/6/19,16:00,0.6, ,182190, ,18.73, ,31.10, ,99.6, 
2008/6/19,17:00,0.8, ,182130, ,21.50, ,28.10, ,99.6, 
2008/6/19,18:00,0.0, ,182130, ,16.05, ,31.20, ,99.6, 
2008/6/19,19:00,0.2, ,182070, ,18.82, ,28.20, ,99.6, 
2008/6/19,20:00,0.0, ,182020, ,21.18, ,28.60, ,99.5, 
2008/6/19,21:00,0.2, ,182020, ,14.71, ,28.30, ,99.5, 
2008/6/19,22:00,0.7, ,181960, ,18.51, ,27.70, ,99.5, 
2008/6/19,23:00,0.5, ,181900, ,16.89, ,19.10, ,99.4, 
2008/6/19,24:00,1.6, ,181900, ,10.82, ,4.60, ,99.4, 
2008/6/20,01:00,0.1, ,181900, ,8.90, ,0.00, ,99.4, 
2008/6/20,02:00,0.0, ,181960, ,1.60, ,0.00, ,99.5, 
2008/6/20,03:00,0.1, ,181960, ,14.40, ,0.00, ,99.5, 
2008/6/20,04:00,0.0, ,182020, ,11.21, ,0.00, ,99.5, 
2008/6/20,05:00,0.1, ,182070, ,7.47, ,0.00, ,99.6, 
2008/6/20,06:00,0.1, ,182070, ,13.34, ,0.00, ,99.6, 
2008/6/20,07:00,0.0, ,182130, ,8.01, ,0.00, ,99.6, 
2008/6/20,08:00,0.0, ,182130, ,8.05, ,2.80, ,99.6, 
2008/6/20,09:00,0.0, ,182130, ,9.90, ,18.60, ,99.6, 
2008/6/20,10:00,0.0, ,182130, ,18.40, ,18.40, ,99.6, 
2008/6/20,11:00,0.0, ,182130, ,24.11, ,30.00, ,99.6, 
2008/6/20,12:00,0.0, ,181960, ,23.69, ,59.80, ,99.5, 
2008/6/20,13:00,0.1, ,181960, ,12.20, ,18.40, ,99.5, 
2008/6/20,14:00,1.6, ,181840, ,18.52, ,59.60, ,99.4, 
2008/6/20,15:00,8.3, ,181670, ,24.20, ,59.90, ,99.3, 
2008/6/20,16:00,5.1, ,181610, ,30.15, ,59.90, ,99.3, 
2008/6/20,17:00,0.9, ,181500, ,35.98, ,59.50, ,99.2, 
2008/6/20,18:00,1.5, ,181500, ,22.58, ,7.40, ,99.2, 
2008/6/20,19:00,4.3, ,181610, ,22.03, ,0.00, ,99.3, 
2008/6/20,20:00,5.5, ,181780, ,45.03, ,0.00, ,99.4, 
2008/6/20,21:00,1.4, ,181960, ,46.92, ,0.00, ,99.5, 
2008/6/20,22:00,0.0, ,182190, ,56.82, ,0.00, ,99.6, 
2008/6/20,23:00,0.1, ,182420, ,62.20, ,0.00, ,99.8, 
2008/6/20,24:00,0.3, ,182650, ,64.65, ,0.00, ,100.0, 
2008/6/21,01:00,0.5, ,182820, ,58.02, ,0.00, ,100.0, 
2008/6/21,02:00,1.1, ,183000, ,52.17, ,0.00, ,100.0, 
2008/6/21,03:00,0.7, ,183170, ,47.92, ,0.00, ,100.0, 
2008/6/21,04:00,0.0, ,183340, ,44.77, ,0.00, ,100.0, 
2008/6/21,05:00,0.1, ,183460, ,41.07, ,0.00, ,100.0, 
2008/6/21,06:00,0.1, ,183630, ,40.32, ,2.60, ,100.0, 
2008/6/21,07:00,0.0, ,183630, ,38.44, ,29.60, ,100.0, 
2008/6/21,08:00,0.1, ,183630, ,34.81, ,39.40, ,100.0, 
2008/6/21,09:00,0.0, ,183630, ,49.65, ,59.50, ,100.0, 
2008/6/21,10:00,0.0, ,183520, ,46.55, ,59.60, ,100.0, 
2008/6/21,11:00,0.0, ,183460, ,37.13, ,59.50, ,100.0, 
2008/6/21,12:00,0.0, ,183400, ,36.86, ,59.40, ,100.0, 
2008/6/21,13:00,0.4, ,183290, ,33.12, ,59.40, ,100.0, 
2008/6/21,14:00,1.3, ,183230, ,36.91, ,59.50, ,100.0, 
2008/6/21,15:00,0.0, ,183110, ,32.11, ,59.50, ,100.0, 
2008/6/21,16:00,2.9, ,183050, ,37.01, ,59.60, ,100.0, 
2008/6/21,17:00,1.7, ,183000, ,42.67, ,59.40, ,100.0, 
2008/6/21,18:00,3.9, ,183000, ,55.78, ,59.70, ,100.0, 
2008/6/21,19:00,11.9, ,183000, ,59.53, ,59.60, ,100.0, 
2008/6/21,20:00,2.0, ,183110, ,68.39, ,54.00, ,100.0, 
2008/6/21,21:00,0.4, ,183230, ,94.71, ,59.70, ,100.0, 
2008/6/21,22:00,0.1, ,183340, ,90.34, ,59.50, ,100.0, 
2008/6/21,23:00,0.1, ,183460, ,98.13, ,59.40, ,100.0, 
2008/6/21,24:00,0.0, ,183630, ,95.13, ,59.40, ,100.0, 
2008/6/22,01:00,1.1, ,183750, ,91.60, ,59.40, ,100.0, 
2008/6/22,02:00,4.1, ,183870, ,98.64, ,59.40, ,100.0, 
2008/6/22,03:00,6.2, ,183980, ,92.22, ,59.30, ,100.0, 
2008/6/22,04:00,1.7, ,184160, ,98.29, ,59.00, ,100.0, 
2008/6/22,05:00,0.5, ,184270, ,99.32, ,59.20, ,100.0, 
2008/6/22,06:00,0.3, ,184450, ,99.43, ,59.40, ,100.0, 
2008/6/22,07:00,0.0, ,184560, ,100.77, ,59.30, ,100.0, 
2008/6/22,08:00,0.0, ,184740, ,101.31, ,59.50, ,100.0, 
2008/6/22,09:00,0.3, ,184850, ,93.46, ,59.30, ,100.0, 
2008/6/22,10:00,0.0, ,184970, ,92.13, ,58.70, ,100.0, 
2008/6/22,11:00,0.0, ,185030, ,86.76, ,59.40, ,100.0, 
2008/6/22,12:00,0.0, ,185090, ,80.25, ,59.20, ,100.0, 
2008/6/22,13:00,0.1, ,185200, ,79.18, ,59.30, ,100.0, 
2008/6/22,14:00,0.0, ,185260, ,80.75, ,58.80, ,100.0, 
2008/6/22,15:00,0.0, ,185320, ,79.69, ,59.20, ,100.0, 
2008/6/22,16:00,0.0, ,185440, ,86.19, ,58.80, ,100.0, 
2008/6/22,17:00,0.0, ,185500, ,75.32, ,59.00, ,100.0, 
2008/6/22,18:00,0.6, ,185550, ,77.49, ,59.40, ,100.0, 
2008/6/22,19:00,0.4, ,185610, ,74.78, ,58.80, ,100.0, 
2008/6/22,20:00,0.0, ,185670, ,70.73, ,58.90, ,100.0, 
2008/6/22,21:00,0.0, ,185670, ,73.39, ,59.10, ,100.0, 
2008/6/22,22:00,0.2, ,185730, ,75.36, ,59.20, ,100.0, 
2008/6/22,23:00,0.4, ,185730, ,59.11, ,59.30, ,100.0, 
2008/6/22,24:00,0.1, ,185730, ,59.08, ,59.30, ,100.0, 
2008/6/23,01:00,0.0, ,185730, ,59.13, ,59.00, ,100.0, 
2008/6/23,02:00,0.1, ,185730, ,59.10, ,58.60, ,100.0, 
2008/6/23,03:00,0.0, ,185730, ,59.06, ,58.90, ,100.0, 
2008/6/23,04:00,0.0, ,185730, ,59.04, ,59.20, ,100.0, 
2008/6/23,05:00,0.0, ,185730, ,59.06, ,59.00, ,100.0, 
2008/6/23,06:00,0.0, ,185670, ,56.97, ,59.40, ,100.0, 
2008/6/23,07:00,0.0, ,185670, ,45.09, ,59.40, ,100.0, 
2008/6/23,08:00,0.0, ,185610, ,45.91, ,59.30, ,100.0, 
2008/6/23,09:00,0.0, ,185550, ,47.19, ,58.80, ,100.0, 
2008/6/23,10:00,0.0, ,185500, ,46.12, ,59.00, ,100.0, 
2008/6/23,11:00,0.0, ,185440, ,45.84, ,59.10, ,100.0, 
2008/6/23,12:00,0.0, ,185380, ,39.66, ,59.10, ,100.0, 
2008/6/23,13:00,0.0, ,185320, ,48.26, ,58.90, ,100.0, 
2008/6/23,14:00,0.0, ,185320, ,43.40, ,59.00, ,100.0, 
2008/6/23,15:00,0.0, ,185260, ,45.58, ,59.40, ,100.0, 
2008/6/23,16:00,0.0, ,185200, ,40.82, ,59.30, ,100.0, 
2008/6/23,17:00,0.0, ,185090, ,40.51, ,59.40, ,100.0, 
2008/6/23,18:00,0.0, ,185030, ,38.67, ,59.20, ,100.0, 
2008/6/23,19:00,0.0, ,184970, ,42.42, ,59.00, ,100.0, 
2008/6/23,20:00,0.0, ,184910, ,41.31, ,58.90, ,100.0, 
2008/6/23,21:00,0.0, ,184850, ,41.67, ,59.00, ,100.0, 
2008/6/23,22:00,0.0, ,184740, ,37.59, ,59.00, ,100.0, 
2008/6/23,23:00,0.0, ,184680, ,38.42, ,59.30, ,100.0, 
2008/6/23,24:00,0.0, ,184620, ,41.49, ,59.30, ,100.0, 
2008/6/24,01:00,0.0, ,184560, ,36.31, ,59.20, ,100.0, 
2008/6/24,02:00,0.0, ,184450, ,37.69, ,58.90, ,100.0, 
2008/6/24,03:00,0.0, ,184390, ,36.91, ,59.50, ,100.0, 
2008/6/24,04:00,0.0, ,184330, ,39.38, ,59.20, ,100.0, 
2008/6/24,05:00,0.0, ,184210, ,37.78, ,59.20, ,100.0, 
2008/6/24,06:00,0.0, ,184160, ,34.53, ,59.20, ,100.0, 
2008/6/24,07:00,0.0, ,184040, ,36.96, ,59.30, ,100.0, 
2008/6/24,08:00,0.0, ,183980, ,34.89, ,59.20, ,100.0, 
2008/6/24,09:00,0.0, ,183870, ,35.17, ,59.40, ,100.0, 
2008/6/24,10:00,0.0, ,183810, ,33.30, ,59.70, ,100.0, 
2008/6/24,11:00,0.0, ,183690, ,36.04, ,59.60, ,100.0, 
2008/6/24,12:00,0.0, ,183630, ,35.54, ,59.20, ,100.0, 
2008/6/24,13:00,0.0, ,183520, ,31.46, ,59.20, ,100.0, 
2008/6/24,14:00,0.0, ,183400, ,33.43, ,59.40, ,100.0, 
2008/6/24,15:00,0.0, ,183290, ,31.25, ,59.40, ,100.0, 
2008/6/24,16:00,0.0, ,183230, ,27.20, ,59.20, ,100.0, 
2008/6/24,17:00,0.0, ,183110, ,31.85, ,59.70, ,100.0, 
2008/6/24,18:00,0.0, ,183000, ,35.35, ,59.70, ,100.0, 
2008/6/24,19:00,0.0, ,182940, ,37.56, ,59.40, ,100.0, 
2008/6/24,20:00,0.0, ,182880, ,37.48, ,59.40, ,99.9, 
2008/6/24,21:00,0.0, ,182770, ,32.49, ,59.50, ,99.8, 
2008/6/24,22:00,0.0, ,182650, ,34.39, ,59.30, ,99.8, 
2008/6/24,23:00,0.0, ,182590, ,33.62, ,59.70, ,99.7, 
2008/6/24,24:00,0.0, ,182480, ,33.10, ,59.70, ,100.0, 
2008/6/25,01:00,0.0, ,182480, ,24.15, ,18.50, ,100.0, 
2008/6/25,02:00,0.0, ,182480, ,18.35, ,18.60, ,100.0, 
2008/6/25,03:00,0.0, ,182530, ,31.98, ,18.00, ,100.0, 
2008/6/25,04:00,0.2, ,182590, ,27.47, ,4.60, ,100.0, 
2008/6/25,05:00,0.2, ,182650, ,28.64, ,0.00, ,100.0, 
2008/6/25,06:00,0.5, ,182770, ,30.26, ,2.70, ,100.0, 
2008/6/25,07:00,1.1, ,182880, ,31.56, ,18.40, ,100.0, 
2008/6/25,08:00,0.5, ,182880, ,36.61, ,21.10, ,100.0, 
2008/6/25,09:00,0.1, ,182940, ,21.95, ,18.40, ,100.0, 
2008/6/25,10:00,0.0, ,182940, ,36.20, ,25.70, ,100.0, 
2008/6/25,11:00,0.1, ,182940, ,39.06, ,52.40, ,100.0, 
2008/6/25,12:00,0.0, ,182820, ,35.13, ,59.50, ,100.0, 
2008/6/25,13:00,0.2, ,182820, ,28.80, ,21.10, ,100.0, 
2008/6/25,14:00,0.0, ,182710, ,22.53, ,59.30, ,100.0, 
2008/6/25,15:00,0.0, ,182590, ,34.04, ,59.20, ,100.0, 
2008/6/25,16:00,0.0, ,182530, ,31.42, ,59.70, ,100.0, 
2008/6/25,17:00,0.0, ,182420, ,33.34, ,59.70, ,100.0, 
2008/6/25,18:00,0.0, ,182420, ,25.36, ,21.10, ,100.0, 
2008/6/25,19:00,0.0, ,182420, ,21.18, ,21.10, ,100.0, 
2008/6/25,20:00,0.0, ,182420, ,21.23, ,21.30, ,100.0, 
2008/6/25,21:00,0.0, ,182420, ,19.92, ,5.30, ,100.0, 
2008/6/25,22:00,0.0, ,182480, ,15.55, ,0.00, ,100.0, 
2008/6/25,23:00,0.1, ,182590, ,23.52, ,0.00, ,100.0, 
2008/6/25,24:00,0.1, ,182650, ,25.93, ,0.00, ,100.0, 
2008/6/26,01:00,0.4, ,182770, ,24.06, ,0.00, ,100.0, 
2008/6/26,02:00,0.5, ,182820, ,24.61, ,0.00, ,100.0, 
2008/6/26,03:00,0.4, ,182940, ,24.08, ,0.00, ,100.0, 
2008/6/26,04:00,0.1, ,183000, ,23.82, ,0.00, ,100.0, 
2008/6/26,05:00,0.0, ,183050, ,22.22, ,0.00, ,100.0, 
2008/6/26,06:00,0.0, ,183170, ,19.60, ,3.00, ,100.0, 
2008/6/26,07:00,0.0, ,183170, ,23.56, ,18.10, ,100.0, 
2008/6/26,08:00,0.0, ,183230, ,31.32, ,18.40, ,100.0, 
2008/6/26,09:00,0.0, ,183230, ,21.63, ,21.20, ,100.0, 
2008/6/26,10:00,0.0, ,183230, ,19.82, ,21.10, ,100.0, 
2008/6/26,11:00,0.0, ,183170, ,31.58, ,49.60, ,100.0, 
2008/6/26,12:00,0.0, ,183050, ,31.37, ,59.10, ,100.0, 
2008/6/26,13:00,0.0, ,183050, ,18.75, ,21.50, ,100.0, 
2008/6/26,14:00,0.0, ,182940, ,26.62, ,59.50, ,100.0, 
2008/6/26,15:00,0.0, ,182770, ,18.91, ,59.60, ,100.0, 
2008/6/26,16:00,0.0, ,182650, ,19.21, ,59.60, ,100.0, 
2008/6/26,17:00,0.3, ,182530, ,23.53, ,59.40, ,99.9, 
2008/6/26,18:00,0.0, ,182480, ,15.13, ,21.30, ,99.9, 
2008/6/26,19:00,0.6, ,182480, ,15.66, ,4.50, ,99.9, 
2008/6/26,20:00,1.5, ,182480, ,8.91, ,0.00, ,99.9, 
2008/6/26,21:00,0.5, ,182590, ,14.70, ,0.00, ,100.0, 
2008/6/26,22:00,0.8, ,182650, ,22.19, ,0.00, ,100.0, 
2008/6/26,23:00,0.1, ,182710, ,18.98, ,0.00, ,100.0, 
2008/6/26,24:00,0.0, ,182770, ,12.83, ,0.00, ,100.0, 
2008/6/27,01:00,0.0, ,182820, ,16.85, ,0.00, ,100.0, 
2008/6/27,02:00,0.0, ,182880, ,13.11, ,0.00, ,100.0, 
2008/6/27,03:00,0.0, ,182880, ,13.64, ,0.00, ,100.0, 
2008/6/27,04:00,0.0, ,182940, ,16.06, ,0.00, ,100.0, 
2008/6/27,05:00,0.0, ,183000, ,14.19, ,0.00, ,100.0, 
2008/6/27,06:00,0.0, ,183050, ,13.43, ,2.70, ,100.0, 
2008/6/27,07:00,0.0, ,183050, ,13.85, ,18.40, ,100.0, 
2008/6/27,08:00,0.0, ,183050, ,18.37, ,18.40, ,100.0, 
2008/6/27,09:00,0.0, ,183050, ,18.36, ,18.50, ,100.0, 
2008/6/27,10:00,0.0, ,183050, ,18.38, ,18.30, ,100.0, 
2008/6/27,11:00,0.0, ,183050, ,27.02, ,35.30, ,100.0, 
2008/6/27,12:00,0.0, ,182880, ,20.87, ,59.60, ,100.0, 
2008/6/27,13:00,0.0, ,182880, ,18.55, ,21.10, ,100.0, 
2008/6/27,14:00,0.0, ,182770, ,18.17, ,59.50, ,100.0, 
2008/6/27,15:00,0.0, ,182590, ,25.25, ,59.40, ,99.9, 
2008/6/27,16:00,0.0, ,182480, ,22.36, ,59.60, ,99.8, 
2008/6/27,17:00,0.0, ,182360, ,20.63, ,49.60, ,99.7, 
2008/6/27,18:00,0.0, ,182360, ,17.16, ,4.30, ,99.7, 
2008/6/27,19:00,0.0, ,182360, ,8.86, ,0.00, ,99.7, 
2008/6/27,20:00,0.0, ,182480, ,16.56, ,0.00, ,99.8, 
2008/6/27,21:00,0.0, ,182530, ,16.83, ,0.00, ,99.8, 
2008/6/27,22:00,0.0, ,182590, ,20.84, ,0.00, ,99.9, 
2008/6/27,23:00,0.0, ,182650, ,20.85, ,0.00, ,99.9, 
2008/6/27,24:00,0.0, ,182710, ,19.25, ,0.00, ,100.0, 
2008/6/28,01:00,0.0, ,182770, ,15.51, ,0.00, ,100.0, 
2008/6/28,02:00,0.0, ,182820, ,11.24, ,0.00, ,100.0, 
2008/6/28,03:00,0.0, ,182880, ,12.04, ,0.00, ,100.0, 
2008/6/28,04:00,0.0, ,182880, ,11.24, ,0.00, ,100.0, 
2008/6/28,05:00,0.0, ,182940, ,13.92, ,0.00, ,100.0, 
2008/6/28,06:00,0.0, ,183000, ,11.24, ,0.00, ,100.0, 
2008/6/28,07:00,0.0, ,183050, ,7.23, ,0.00, ,100.0, 
2008/6/28,08:00,0.0, ,183050, ,15.79, ,0.00, ,100.0, 
2008/6/28,09:00,0.0, ,183110, ,13.66, ,0.00, ,100.0, 
2008/6/28,10:00,0.0, ,183170, ,14.51, ,2.80, ,100.0, 
2008/6/28,11:00,0.0, ,183170, ,18.94, ,29.90, ,100.0, 
2008/6/28,12:00,0.0, ,183110, ,36.65, ,59.40, ,100.0, 
2008/6/28,13:00,0.0, ,183000, ,20.75, ,32.40, ,100.0, 
2008/6/28,14:00,0.6, ,182880, ,18.55, ,59.10, ,100.0, 
2008/6/28,15:00,0.0, ,182710, ,22.31, ,59.50, ,100.0, 
2008/6/28,16:00,0.1, ,182710, ,15.57, ,34.00, ,100.0, 
2008/6/28,17:00,1.2, ,182710, ,26.28, ,4.40, ,100.0, 
2008/6/28,18:00,0.7, ,182710, ,8.92, ,0.00, ,100.0, 
2008/6/28,19:00,1.1, ,182820, ,13.11, ,0.00, ,100.0, 
2008/6/28,20:00,3.9, ,182880, ,25.41, ,0.00, ,100.0, 
2008/6/28,21:00,4.1, ,183050, ,35.37, ,2.90, ,100.0, 
2008/6/28,22:00,5.2, ,183050, ,31.81, ,18.40, ,100.0, 
2008/6/28,23:00,6.4, ,183170, ,36.53, ,18.60, ,100.0, 
2008/6/28,24:00,1.0, ,183290, ,43.00, ,18.10, ,100.0, 
2008/6/29,01:00,0.8, ,183400, ,47.58, ,18.60, ,100.0, 
2008/6/29,02:00,0.0, ,183520, ,53.80, ,18.40, ,100.0, 
2008/6/29,03:00,0.5, ,183630, ,50.84, ,18.20, ,100.0, 
2008/6/29,04:00,0.3, ,183750, ,53.81, ,18.40, ,100.0, 
2008/6/29,05:00,0.3, ,183870, ,58.34, ,18.30, ,100.0, 
2008/6/29,06:00,0.3, ,183920, ,50.95, ,38.10, ,100.0, 
2008/6/29,07:00,0.0, ,183920, ,52.41, ,59.60, ,100.0, 
2008/6/29,08:00,0.0, ,183920, ,59.38, ,59.60, ,100.0, 
2008/6/29,09:00,0.0, ,183810, ,40.60, ,59.10, ,100.0, 
2008/6/29,10:00,0.0, ,183750, ,44.28, ,59.50, ,100.0, 
2008/6/29,11:00,0.1, ,183750, ,44.90, ,59.80, ,100.0, 
2008/6/29,12:00,2.8, ,183630, ,40.58, ,59.00, ,100.0, 
2008/6/29,13:00,0.0, ,183580, ,39.22, ,59.60, ,100.0, 
2008/6/29,14:00,0.0, ,183460, ,36.07, ,59.30, ,100.0, 
2008/6/29,15:00,0.0, ,183400, ,34.77, ,59.50, ,100.0, 
2008/6/29,16:00,0.0, ,183340, ,39.09, ,59.10, ,100.0, 
2008/6/29,17:00,0.0, ,183230, ,33.72, ,59.60, ,100.0, 
2008/6/29,18:00,0.0, ,183110, ,37.75, ,59.30, ,100.0, 
2008/6/29,19:00,0.0, ,183050, ,28.13, ,59.80, ,100.0, 
2008/6/29,20:00,0.0, ,182940, ,37.56, ,59.70, ,100.0, 
2008/6/29,21:00,0.3, ,182820, ,25.25, ,59.90, ,99.9, 
2008/6/29,22:00,0.1, ,182820, ,26.14, ,22.50, ,99.9, 
2008/6/29,23:00,0.0, ,182820, ,21.93, ,21.00, ,99.9, 
2008/6/29,24:00,0.0, ,182820, ,19.93, ,5.70, ,100.0, 
2008/6/30,01:00,0.0, ,182940, ,25.52, ,0.00, ,100.0, 
2008/6/30,02:00,0.1, ,183000, ,23.55, ,0.00, ,100.0, 
2008/6/30,03:00,0.0, ,183110, ,24.89, ,0.00, ,100.0, 
2008/6/30,04:00,0.0, ,183170, ,21.69, ,0.00, ,100.0, 
2008/6/30,05:00,0.0, ,183230, ,16.35, ,0.00, ,100.0, 
2008/6/30,06:00,0.0, ,183290, ,20.44, ,2.80, ,100.0, 
2008/6/30,07:00,0.0, ,183290, ,14.40, ,18.30, ,100.0, 
2008/6/30,08:00,0.1, ,183290, ,18.39, ,18.40, ,100.0, 
2008/6/30,09:00,0.1, ,183290, ,24.12, ,29.60, ,100.0, 
2008/6/30,10:00,0.4, ,183170, ,33.39, ,59.70, ,100.0, 
2008/6/30,11:00,0.2, ,183050, ,26.24, ,59.80, ,100.0, 
2008/6/30,12:00,0.0, ,182940, ,24.71, ,59.70, ,100.0, 
2008/6/30,13:00,0.0, ,182820, ,28.77, ,59.30, ,100.0, 
2008/6/30,14:00,0.0, ,182710, ,26.37, ,59.60, ,99.9, 
2008/6/30,15:00,0.0, ,182590, ,26.45, ,59.50, ,99.8, 
2008/6/30,16:00,0.0, ,182480, ,22.91, ,59.40, ,99.8, 
2008/6/30,17:00,0.0, ,182360, ,27.19, ,59.80, ,99.7, 
2008/6/30,18:00,0.0, ,182190, ,25.39, ,59.40, ,99.6, 
2008/6/30,19:00,0.0, ,182070, ,23.01, ,59.60, ,99.5, 
2008/6/30,20:00,0.0, ,181960, ,25.29, ,59.50, ,99.4, 
2008/6/30,21:00,0.0, ,181840, ,23.90, ,59.90, ,99.3, 
2008/6/30,22:00,0.0, ,181730, ,22.41, ,44.00, ,99.3, 
2008/6/30,23:00,0.0, ,181730, ,13.87, ,1.70, ,99.3, 
2008/6/30,24:00,0.0, ,181780, ,13.97, ,0.00, ,100.0, 
