îCà”ä˙ä‘É_ÉÄèîó åüçıåãâ 
êÖånñº,ãgñÏêÏ
âÕêÏñº,ãgñÏêÏ
äœë™èäñº,ëÅñæâYÉ_ÉÄÅiã@ç\Åj
äœë™èäãLçÜ,1368080700010
#
#îNåéì˙,éûçè,ó¨àÊïΩãœâJó ,ó¨àÊïΩãœâJó ëÆê´,íôêÖó ,íôêÖó ëÆê´,ó¨ì¸ó ,ó¨ì¸ó ëÆê´,ï˙ó¨ó ,ï˙ó¨ó ëÆê´,íôêÖó¶,íôêÖó¶ëÆê´
#ëÆê´Å@$:åáë™ -:ñ¢éÛêM
#
2007/8/1,01:00,1.3, ,178120, ,14.16, ,18.40, ,93.3, 
2007/8/1,02:00,0.3, ,178060, ,13.58, ,18.40, ,93.3, 
2007/8/1,03:00,0.8, ,178060, ,7.64, ,18.40, ,93.3, 
2007/8/1,04:00,0.1, ,178010, ,11.23, ,18.50, ,93.3, 
2007/8/1,05:00,0.2, ,178010, ,9.70, ,18.40, ,93.3, 
2007/8/1,06:00,0.2, ,177950, ,5.30, ,18.40, ,93.2, 
2007/8/1,07:00,0.0, ,177840, ,7.85, ,29.90, ,93.2, 
2007/8/1,08:00,0.0, ,177670, ,7.36, ,57.50, ,93.1, 
2007/8/1,09:00,0.0, ,177500, ,8.30, ,57.30, ,93.0, 
2007/8/1,10:00,0.0, ,177330, ,10.40, ,57.40, ,92.9, 
2007/8/1,11:00,0.0, ,177160, ,11.68, ,57.30, ,92.8, 
2007/8/1,12:00,0.0, ,176990, ,13.52, ,57.60, ,92.7, 
2007/8/1,13:00,0.0, ,176870, ,12.50, ,57.50, ,92.6, 
2007/8/1,14:00,0.0, ,176700, ,16.54, ,57.30, ,92.5, 
2007/8/1,15:00,0.0, ,176530, ,12.84, ,57.40, ,92.4, 
2007/8/1,16:00,0.0, ,176420, ,16.80, ,57.80, ,92.3, 
2007/8/1,17:00,0.0, ,176250, ,12.16, ,57.70, ,92.2, 
2007/8/1,18:00,0.0, ,176080, ,13.79, ,57.40, ,92.1, 
2007/8/1,19:00,0.0, ,175910, ,15.96, ,57.70, ,92.0, 
2007/8/1,20:00,0.0, ,175740, ,12.84, ,57.80, ,91.9, 
2007/8/1,21:00,0.0, ,175630, ,13.16, ,57.70, ,91.9, 
2007/8/1,22:00,0.0, ,175460, ,13.80, ,57.90, ,91.8, 
2007/8/1,23:00,0.0, ,175290, ,14.10, ,57.90, ,91.7, 
2007/8/1,24:00,0.0, ,175120, ,11.25, ,57.60, ,91.8, 
2007/8/2,01:00,0.0, ,174950, ,11.31, ,58.10, ,91.7, 
2007/8/2,02:00,0.0, ,174780, ,10.06, ,57.40, ,91.6, 
2007/8/2,03:00,0.0, ,174610, ,9.78, ,57.80, ,91.5, 
2007/8/2,04:00,0.0, ,174440, ,10.07, ,57.90, ,91.4, 
2007/8/2,05:00,0.0, ,174270, ,11.23, ,57.90, ,91.3, 
2007/8/2,06:00,0.0, ,174110, ,10.79, ,57.40, ,91.2, 
2007/8/2,07:00,0.0, ,173940, ,9.62, ,57.80, ,91.1, 
2007/8/2,08:00,0.0, ,173770, ,13.93, ,58.20, ,91.0, 
2007/8/2,09:00,0.2, ,173600, ,12.15, ,58.00, ,90.9, 
2007/8/2,10:00,0.3, ,173430, ,14.52, ,57.80, ,90.8, 
2007/8/2,11:00,3.0, ,173320, ,17.14, ,57.80, ,90.7, 
2007/8/2,12:00,1.0, ,173100, ,10.98, ,58.40, ,90.6, 
2007/8/2,13:00,1.4, ,172930, ,9.64, ,58.10, ,90.5, 
2007/8/2,14:00,5.6, ,172760, ,9.93, ,58.40, ,90.4, 
2007/8/2,15:00,14.4, ,172700, ,29.90, ,58.20, ,90.4, 
2007/8/2,16:00,13.1, ,172590, ,37.06, ,58.30, ,90.3, 
2007/8/2,17:00,3.3, ,172540, ,38.64, ,58.20, ,90.3, 
2007/8/2,18:00,14.8, ,172540, ,40.07, ,58.20, ,90.3, 
2007/8/2,19:00,28.5, ,172820, ,80.97, ,58.50, ,90.4, 
2007/8/2,20:00,22.2, ,174220, ,277.54, ,57.80, ,91.2, 
2007/8/2,21:00,28.0, ,176700, ,629.92, ,95.28, ,92.7, 
2007/8/2,22:00,20.4, ,179830, ,895.56, ,229.12, ,94.5, 
2007/8/2,23:00,23.2, ,184100, ,1273.09, ,387.58, ,97.0, 
2007/8/2,24:00,23.5, ,188420, ,1616.26, ,583.10, ,100.0, 
2007/8/3,01:00,13.1, ,192260, ,1745.02, ,778.44, ,100.0, 
2007/8/3,02:00,7.0, ,194700, ,1659.04, ,896.74, ,100.0, 
2007/8/3,03:00,12.6, ,195960, ,1388.81, ,889.94, ,100.0, 
2007/8/3,04:00,11.6, ,197160, ,1216.90, ,895.78, ,100.0, 
2007/8/3,05:00,6.7, ,198430, ,1239.21, ,892.22, ,100.0, 
2007/8/3,06:00,3.6, ,199100, ,1165.59, ,894.38, ,100.0, 
2007/8/3,07:00,5.2, ,199220, ,987.99, ,892.62, ,100.0, 
2007/8/3,08:00,4.1, ,198850, ,844.12, ,809.70, ,100.0, 
2007/8/3,09:00,3.1, ,198610, ,754.71, ,792.40, ,100.0, 
2007/8/3,10:00,0.6, ,198190, ,701.66, ,784.90, ,100.0, 
2007/8/3,11:00,0.0, ,197700, ,620.55, ,657.98, ,100.0, 
2007/8/3,12:00,0.0, ,197280, ,545.14, ,544.82, ,100.0, 
2007/8/3,13:00,0.0, ,197160, ,455.25, ,398.26, ,100.0, 
2007/8/3,14:00,1.9, ,197160, ,403.85, ,375.84, ,100.0, 
2007/8/3,15:00,1.6, ,197100, ,367.08, ,334.14, ,100.0, 
2007/8/3,16:00,0.6, ,197100, ,332.72, ,334.14, ,100.0, 
2007/8/3,17:00,0.0, ,196980, ,326.53, ,333.10, ,100.0, 
2007/8/3,18:00,0.1, ,196920, ,283.66, ,290.10, ,100.0, 
2007/8/3,19:00,0.0, ,196920, ,247.90, ,197.04, ,100.0, 
2007/8/3,20:00,0.0, ,197040, ,237.76, ,197.52, ,100.0, 
2007/8/3,21:00,0.0, ,197160, ,223.80, ,197.88, ,100.0, 
2007/8/3,22:00,0.0, ,197160, ,217.64, ,197.88, ,100.0, 
2007/8/3,23:00,0.0, ,197160, ,197.91, ,197.98, ,100.0, 
2007/8/3,24:00,0.0, ,197160, ,197.93, ,197.88, ,100.0, 
2007/8/4,01:00,0.0, ,197100, ,180.39, ,150.62, ,100.0, 
2007/8/4,02:00,0.0, ,197100, ,153.10, ,150.52, ,100.0, 
2007/8/4,03:00,0.0, ,197160, ,163.74, ,150.44, ,100.0, 
2007/8/4,04:00,0.0, ,197160, ,154.26, ,150.64, ,100.0, 
2007/8/4,05:00,0.0, ,197160, ,150.70, ,150.54, ,100.0, 
2007/8/4,06:00,0.0, ,197160, ,150.69, ,150.84, ,100.0, 
2007/8/4,07:00,0.0, ,197100, ,149.06, ,150.62, ,100.0, 
2007/8/4,08:00,0.0, ,197040, ,132.45, ,121.68, ,99.9, 
2007/8/4,09:00,0.0, ,197040, ,110.31, ,121.68, ,99.9, 
2007/8/4,10:00,0.0, ,197040, ,121.69, ,121.78, ,99.9, 
2007/8/4,11:00,0.0, ,197040, ,121.66, ,121.58, ,99.9, 
2007/8/4,12:00,0.0, ,197040, ,121.69, ,121.68, ,99.9, 
2007/8/4,13:00,0.0, ,197040, ,121.67, ,121.68, ,99.9, 
2007/8/4,14:00,2.5, ,197040, ,121.65, ,121.68, ,99.9, 
2007/8/4,15:00,3.4, ,197040, ,121.67, ,121.78, ,99.9, 
2007/8/4,16:00,8.9, ,197160, ,139.51, ,121.94, ,100.0, 
2007/8/4,17:00,0.4, ,197220, ,148.34, ,133.42, ,100.0, 
2007/8/4,18:00,0.1, ,197280, ,152.44, ,145.16, ,100.0, 
2007/8/4,19:00,0.0, ,197280, ,150.79, ,145.16, ,100.0, 
2007/8/4,20:00,0.0, ,197280, ,145.18, ,145.36, ,100.0, 
2007/8/4,21:00,0.0, ,197160, ,124.10, ,121.94, ,100.0, 
2007/8/4,22:00,0.0, ,197160, ,115.16, ,121.74, ,100.0, 
2007/8/4,23:00,0.0, ,197100, ,105.31, ,121.66, ,100.0, 
2007/8/4,24:00,0.0, ,197040, ,96.92, ,95.72, ,100.0, 
2007/8/5,01:00,0.2, ,197040, ,94.83, ,95.32, ,100.0, 
2007/8/5,02:00,0.0, ,197040, ,95.52, ,95.72, ,100.0, 
2007/8/5,03:00,0.0, ,196980, ,91.91, ,95.56, ,100.0, 
2007/8/5,04:00,0.0, ,196980, ,82.43, ,95.76, ,100.0, 
2007/8/5,05:00,0.0, ,196920, ,79.03, ,75.56, ,99.9, 
2007/8/5,06:00,0.0, ,196920, ,71.61, ,75.36, ,99.9, 
2007/8/5,07:00,0.0, ,196920, ,75.11, ,75.06, ,99.9, 
2007/8/5,08:00,0.0, ,196920, ,75.17, ,74.86, ,99.9, 
2007/8/5,09:00,0.0, ,196980, ,88.58, ,75.18, ,100.0, 
2007/8/5,10:00,0.0, ,196980, ,78.55, ,75.28, ,100.0, 
2007/8/5,11:00,0.0, ,196980, ,75.21, ,75.28, ,100.0, 
2007/8/5,12:00,0.0, ,196980, ,75.15, ,74.88, ,100.0, 
2007/8/5,13:00,0.0, ,196980, ,75.17, ,75.28, ,100.0, 
2007/8/5,14:00,0.0, ,196920, ,68.51, ,75.16, ,99.9, 
2007/8/5,15:00,0.0, ,196920, ,65.13, ,75.16, ,99.9, 
2007/8/5,16:00,0.0, ,196860, ,59.51, ,75.13, ,99.9, 
2007/8/5,17:00,0.0, ,196800, ,60.37, ,75.11, ,99.9, 
2007/8/5,18:00,0.0, ,196740, ,63.45, ,75.28, ,99.8, 
2007/8/5,19:00,0.0, ,196680, ,60.33, ,75.16, ,99.8, 
2007/8/5,20:00,0.5, ,196620, ,54.74, ,64.96, ,99.8, 
2007/8/5,21:00,0.0, ,196560, ,42.78, ,64.55, ,99.7, 
2007/8/5,22:00,0.0, ,196500, ,62.50, ,64.64, ,99.7, 
2007/8/5,23:00,0.0, ,196500, ,49.46, ,64.94, ,99.7, 
2007/8/5,24:00,0.0, ,196440, ,59.75, ,64.63, ,100.0, 
2007/8/6,01:00,0.0, ,196440, ,48.35, ,55.40, ,100.0, 
2007/8/6,02:00,0.0, ,196380, ,40.17, ,54.90, ,100.0, 
2007/8/6,03:00,0.0, ,196380, ,53.02, ,55.00, ,100.0, 
2007/8/6,04:00,0.0, ,196380, ,54.89, ,54.90, ,100.0, 
2007/8/6,05:00,0.0, ,196320, ,40.73, ,54.90, ,99.9, 
2007/8/6,06:00,0.0, ,196320, ,52.44, ,54.80, ,99.9, 
2007/8/6,07:00,0.0, ,196260, ,42.18, ,54.90, ,99.9, 
2007/8/6,08:00,0.0, ,196260, ,51.07, ,55.00, ,99.9, 
2007/8/6,09:00,0.0, ,196200, ,54.12, ,54.90, ,99.9, 
2007/8/6,10:00,0.0, ,196200, ,39.14, ,54.90, ,99.9, 
2007/8/6,11:00,0.0, ,196140, ,47.46, ,55.00, ,99.8, 
2007/8/6,12:00,0.0, ,196080, ,42.75, ,54.70, ,99.8, 
2007/8/6,13:00,0.0, ,196080, ,41.34, ,55.00, ,99.8, 
2007/8/6,14:00,0.1, ,196020, ,39.11, ,54.90, ,99.8, 
2007/8/6,15:00,0.0, ,195960, ,45.81, ,55.00, ,99.7, 
2007/8/6,16:00,0.0, ,195900, ,38.27, ,55.20, ,99.7, 
2007/8/6,17:00,0.0, ,195840, ,40.78, ,55.10, ,99.7, 
2007/8/6,18:00,0.0, ,195780, ,41.93, ,55.30, ,99.6, 
2007/8/6,19:00,0.0, ,195720, ,35.29, ,54.90, ,99.6, 
2007/8/6,20:00,0.0, ,195660, ,38.29, ,55.20, ,99.5, 
2007/8/6,21:00,0.0, ,195600, ,33.33, ,55.30, ,99.5, 
2007/8/6,22:00,0.0, ,195480, ,31.98, ,55.00, ,99.4, 
2007/8/6,23:00,0.0, ,195420, ,35.33, ,54.90, ,99.4, 
2007/8/6,24:00,0.0, ,195360, ,33.12, ,55.00, ,100.0, 
2007/8/7,01:00,0.0, ,195240, ,30.63, ,55.20, ,99.9, 
2007/8/7,02:00,0.0, ,195180, ,30.39, ,54.80, ,99.9, 
2007/8/7,03:00,0.0, ,195120, ,34.01, ,55.30, ,99.9, 
2007/8/7,04:00,0.0, ,195000, ,32.10, ,54.80, ,99.8, 
2007/8/7,05:00,0.0, ,194940, ,32.13, ,55.10, ,99.8, 
2007/8/7,06:00,0.0, ,194820, ,27.99, ,54.80, ,99.7, 
2007/8/7,07:00,0.0, ,194760, ,31.40, ,55.30, ,99.7, 
2007/8/7,08:00,0.0, ,194640, ,27.47, ,55.10, ,99.6, 
2007/8/7,09:00,0.0, ,194580, ,32.18, ,55.40, ,99.5, 
2007/8/7,10:00,0.0, ,194460, ,26.65, ,55.00, ,99.5, 
2007/8/7,11:00,0.0, ,194340, ,32.47, ,55.20, ,99.4, 
2007/8/7,12:00,0.0, ,194280, ,26.98, ,55.20, ,99.4, 
2007/8/7,13:00,0.0, ,194160, ,30.85, ,55.60, ,99.3, 
2007/8/7,14:00,0.0, ,194100, ,27.86, ,55.30, ,99.3, 
2007/8/7,15:00,0.0, ,193980, ,26.77, ,55.40, ,99.2, 
2007/8/7,16:00,0.0, ,193920, ,30.90, ,55.30, ,99.2, 
2007/8/7,17:00,0.5, ,193800, ,28.95, ,55.40, ,99.1, 
2007/8/7,18:00,0.1, ,193750, ,40.38, ,54.90, ,99.1, 
2007/8/7,19:00,0.0, ,193690, ,34.08, ,55.30, ,99.0, 
2007/8/7,20:00,0.0, ,193570, ,32.05, ,55.00, ,99.0, 
2007/8/7,21:00,0.0, ,193510, ,28.30, ,55.40, ,98.9, 
2007/8/7,22:00,0.0, ,193390, ,34.38, ,55.00, ,98.9, 
2007/8/7,23:00,0.0, ,193330, ,29.69, ,55.00, ,98.8, 
2007/8/7,24:00,0.0, ,193270, ,34.69, ,55.20, ,100.0, 
2007/8/8,01:00,0.0, ,193270, ,29.42, ,18.30, ,100.0, 
2007/8/8,02:00,0.0, ,193270, ,18.22, ,18.10, ,100.0, 
2007/8/8,03:00,0.0, ,193330, ,23.99, ,18.20, ,100.0, 
2007/8/8,04:00,0.1, ,193390, ,31.14, ,18.10, ,100.0, 
2007/8/8,05:00,0.1, ,193390, ,32.51, ,18.20, ,100.0, 
2007/8/8,06:00,0.0, ,193450, ,33.37, ,18.20, ,100.0, 
2007/8/8,07:00,0.0, ,193510, ,31.17, ,18.30, ,100.0, 
2007/8/8,08:00,0.0, ,193570, ,37.21, ,18.10, ,100.0, 
2007/8/8,09:00,0.0, ,193630, ,22.85, ,18.00, ,100.0, 
2007/8/8,10:00,0.0, ,193630, ,41.56, ,36.00, ,100.0, 
2007/8/8,11:00,0.3, ,193570, ,40.58, ,55.40, ,100.0, 
2007/8/8,12:00,0.0, ,193510, ,33.76, ,55.20, ,100.0, 
2007/8/8,13:00,0.1, ,193390, ,29.94, ,55.20, ,100.0, 
2007/8/8,14:00,0.0, ,193330, ,32.17, ,55.40, ,100.0, 
2007/8/8,15:00,0.0, ,193210, ,23.94, ,55.30, ,100.0, 
2007/8/8,16:00,0.0, ,193090, ,27.75, ,55.30, ,99.9, 
2007/8/8,17:00,0.0, ,193030, ,30.53, ,55.20, ,99.9, 
2007/8/8,18:00,0.0, ,192910, ,28.31, ,55.20, ,99.8, 
2007/8/8,19:00,0.0, ,192790, ,27.48, ,31.40, ,99.7, 
2007/8/8,20:00,0.0, ,192790, ,19.46, ,20.20, ,99.7, 
2007/8/8,21:00,0.0, ,192790, ,20.25, ,20.40, ,99.7, 
2007/8/8,22:00,0.0, ,192850, ,27.41, ,20.30, ,99.8, 
2007/8/8,23:00,0.0, ,192850, ,29.63, ,20.40, ,99.8, 
2007/8/8,24:00,0.0, ,192910, ,27.47, ,18.20, ,100.0, 
2007/8/9,01:00,0.0, ,192910, ,26.70, ,18.10, ,100.0, 
2007/8/9,02:00,0.0, ,192970, ,28.86, ,18.10, ,100.0, 
2007/8/9,03:00,0.0, ,192970, ,23.93, ,18.30, ,100.0, 
2007/8/9,04:00,0.0, ,193030, ,29.22, ,18.20, ,100.0, 
2007/8/9,05:00,0.1, ,193030, ,23.71, ,18.10, ,100.0, 
2007/8/9,06:00,0.0, ,193090, ,34.47, ,18.30, ,100.0, 
2007/8/9,07:00,0.2, ,193150, ,20.96, ,18.10, ,100.0, 
2007/8/9,08:00,0.0, ,193150, ,32.21, ,18.20, ,100.0, 
2007/8/9,09:00,0.3, ,193150, ,27.23, ,36.10, ,100.0, 
2007/8/9,10:00,0.1, ,193090, ,41.49, ,55.20, ,100.0, 
2007/8/9,11:00,0.0, ,192970, ,30.76, ,55.20, ,100.0, 
2007/8/9,12:00,0.0, ,192910, ,26.13, ,55.40, ,100.0, 
2007/8/9,13:00,0.0, ,192790, ,27.30, ,55.60, ,99.9, 
2007/8/9,14:00,0.0, ,192670, ,21.88, ,55.50, ,99.9, 
2007/8/9,15:00,0.0, ,192550, ,23.62, ,55.30, ,99.8, 
2007/8/9,16:00,0.0, ,192440, ,29.38, ,55.50, ,99.7, 
2007/8/9,17:00,0.0, ,192380, ,26.88, ,55.40, ,99.7, 
2007/8/9,18:00,0.0, ,192260, ,26.05, ,55.60, ,99.6, 
2007/8/9,19:00,0.0, ,192140, ,20.29, ,55.50, ,99.6, 
2007/8/9,20:00,0.0, ,192020, ,26.06, ,55.50, ,99.5, 
2007/8/9,21:00,0.0, ,192020, ,24.59, ,20.30, ,99.5, 
2007/8/9,22:00,0.0, ,192020, ,20.29, ,20.40, ,99.5, 
2007/8/9,23:00,0.0, ,192020, ,19.53, ,18.20, ,99.5, 
2007/8/9,24:00,0.0, ,192020, ,18.24, ,18.10, ,100.0, 
2007/8/10,01:00,0.0, ,192020, ,18.22, ,18.30, ,100.0, 
2007/8/10,02:00,0.0, ,192080, ,30.55, ,18.20, ,100.0, 
2007/8/10,03:00,0.2, ,192080, ,22.30, ,18.20, ,100.0, 
2007/8/10,04:00,0.0, ,192140, ,24.79, ,18.30, ,100.0, 
2007/8/10,05:00,0.0, ,192140, ,28.06, ,18.10, ,100.0, 
2007/8/10,06:00,0.0, ,192140, ,18.18, ,18.30, ,100.0, 
2007/8/10,07:00,0.0, ,192200, ,33.31, ,18.30, ,100.0, 
2007/8/10,08:00,0.0, ,192200, ,19.58, ,18.30, ,100.0, 
2007/8/10,09:00,0.0, ,192260, ,22.84, ,33.10, ,100.0, 
2007/8/10,10:00,0.0, ,192260, ,39.95, ,53.30, ,100.0, 
2007/8/10,11:00,0.0, ,192140, ,32.79, ,55.50, ,100.0, 
2007/8/10,12:00,0.0, ,192020, ,24.71, ,55.50, ,100.0, 
2007/8/10,13:00,0.0, ,191900, ,22.74, ,55.50, ,99.9, 
2007/8/10,14:00,0.0, ,191780, ,18.69, ,55.60, ,99.9, 
2007/8/10,15:00,0.0, ,191660, ,15.94, ,55.90, ,99.8, 
2007/8/10,16:00,0.0, ,191550, ,23.15, ,56.00, ,99.7, 
2007/8/10,17:00,0.0, ,191430, ,20.40, ,55.80, ,99.7, 
2007/8/10,18:00,0.0, ,191250, ,18.81, ,55.40, ,99.6, 
2007/8/10,19:00,0.0, ,191130, ,17.21, ,55.30, ,99.5, 
2007/8/10,20:00,0.0, ,191130, ,21.15, ,20.30, ,99.5, 
2007/8/10,21:00,0.0, ,191070, ,14.57, ,20.30, ,99.5, 
2007/8/10,22:00,0.0, ,191070, ,8.86, ,18.20, ,99.5, 
2007/8/10,23:00,0.0, ,191070, ,18.23, ,18.20, ,99.5, 
2007/8/10,24:00,0.0, ,191010, ,14.08, ,6.30, ,100.0, 
2007/8/11,01:00,0.0, ,191010, ,0.59, ,0.00, ,100.0, 
2007/8/11,02:00,0.0, ,191010, ,0.02, ,0.00, ,100.0, 
2007/8/11,03:00,0.0, ,191070, ,8.52, ,0.00, ,100.0, 
2007/8/11,04:00,0.0, ,191130, ,8.28, ,0.00, ,100.0, 
2007/8/11,05:00,0.0, ,191130, ,16.25, ,0.00, ,100.0, 
2007/8/11,06:00,0.0, ,191190, ,2.36, ,0.00, ,100.0, 
2007/8/11,07:00,0.0, ,191190, ,14.27, ,0.00, ,100.0, 
2007/8/11,08:00,0.0, ,191190, ,0.01, ,0.00, ,100.0, 
2007/8/11,09:00,0.0, ,191250, ,14.83, ,0.00, ,100.0, 
2007/8/11,10:00,0.0, ,191310, ,11.30, ,0.00, ,100.0, 
2007/8/11,11:00,0.0, ,191370, ,19.63, ,4.90, ,100.0, 
2007/8/11,12:00,0.0, ,191370, ,18.69, ,29.10, ,100.0, 
2007/8/11,13:00,0.0, ,191310, ,37.72, ,55.70, ,100.0, 
2007/8/11,14:00,0.0, ,191190, ,22.22, ,55.90, ,100.0, 
2007/8/11,15:00,0.0, ,191010, ,17.27, ,55.50, ,100.0, 
2007/8/11,16:00,0.0, ,190900, ,19.23, ,55.60, ,99.9, 
2007/8/11,17:00,0.0, ,190780, ,14.65, ,55.80, ,99.9, 
2007/8/11,18:00,0.0, ,190720, ,16.49, ,20.30, ,99.8, 
2007/8/11,19:00,0.0, ,190720, ,14.83, ,20.50, ,99.8, 
2007/8/11,20:00,0.0, ,190720, ,19.60, ,18.20, ,99.8, 
2007/8/11,21:00,0.0, ,190720, ,18.24, ,18.30, ,99.8, 
2007/8/11,22:00,0.0, ,190720, ,18.27, ,18.20, ,99.8, 
2007/8/11,23:00,0.2, ,190660, ,22.74, ,42.50, ,99.8, 
2007/8/11,24:00,0.0, ,190600, ,25.06, ,42.60, ,99.8, 
2007/8/12,01:00,0.0, ,190540, ,11.33, ,18.20, ,99.7, 
2007/8/12,02:00,0.0, ,190540, ,13.04, ,18.20, ,99.7, 
2007/8/12,03:00,0.0, ,190480, ,15.19, ,18.20, ,99.7, 
2007/8/12,04:00,0.0, ,190480, ,4.83, ,18.20, ,99.7, 
2007/8/12,05:00,0.0, ,190480, ,18.20, ,18.20, ,99.7, 
2007/8/12,06:00,0.1, ,190420, ,1.83, ,18.10, ,99.7, 
2007/8/12,07:00,0.0, ,190360, ,15.44, ,30.30, ,99.6, 
2007/8/12,08:00,0.0, ,190250, ,10.48, ,32.80, ,99.6, 
2007/8/12,09:00,0.2, ,190190, ,11.74, ,30.40, ,99.5, 
2007/8/12,10:00,0.0, ,190130, ,13.03, ,41.30, ,99.5, 
2007/8/12,11:00,0.0, ,190010, ,9.21, ,41.30, ,99.4, 
2007/8/12,12:00,0.0, ,189890, ,14.41, ,43.80, ,99.4, 
2007/8/12,13:00,0.0, ,189830, ,15.47, ,34.10, ,99.3, 
2007/8/12,14:00,0.0, ,189720, ,25.19, ,47.90, ,99.3, 
2007/8/12,15:00,0.0, ,189600, ,9.53, ,47.70, ,99.2, 
2007/8/12,16:00,0.0, ,189540, ,21.85, ,50.50, ,99.2, 
2007/8/12,17:00,0.0, ,189420, ,17.85, ,34.00, ,99.1, 
2007/8/12,18:00,0.0, ,189420, ,17.82, ,30.50, ,99.1, 
2007/8/12,19:00,0.0, ,189360, ,21.38, ,18.30, ,99.0, 
2007/8/12,20:00,0.0, ,189360, ,4.89, ,18.20, ,99.0, 
2007/8/12,21:00,0.1, ,189360, ,18.22, ,18.20, ,99.0, 
2007/8/12,22:00,0.0, ,189360, ,18.21, ,18.00, ,99.0, 
2007/8/12,23:00,0.2, ,189360, ,18.19, ,18.20, ,99.0, 
2007/8/12,24:00,0.1, ,189360, ,18.19, ,18.10, ,99.0, 
2007/8/13,01:00,1.1, ,189360, ,18.18, ,18.20, ,99.0, 
2007/8/13,02:00,2.0, ,189360, ,18.20, ,18.20, ,99.0, 
2007/8/13,03:00,3.2, ,189300, ,8.98, ,18.20, ,99.0, 
2007/8/13,04:00,2.1, ,189300, ,11.16, ,18.20, ,99.0, 
2007/8/13,05:00,2.1, ,189300, ,18.23, ,18.10, ,99.0, 
2007/8/13,06:00,3.4, ,189250, ,3.26, ,18.20, ,99.0, 
2007/8/13,07:00,4.0, ,189250, ,16.86, ,18.20, ,99.0, 
2007/8/13,08:00,4.6, ,189250, ,18.20, ,18.10, ,99.0, 
2007/8/13,09:00,4.4, ,189250, ,18.17, ,18.20, ,99.0, 
2007/8/13,10:00,4.0, ,189250, ,23.83, ,29.40, ,99.0, 
2007/8/13,11:00,1.8, ,189250, ,42.73, ,55.80, ,99.0, 
2007/8/13,12:00,0.6, ,189250, ,55.81, ,55.90, ,99.0, 
2007/8/13,13:00,1.2, ,189250, ,55.87, ,55.80, ,99.0, 
2007/8/13,14:00,0.9, ,189250, ,55.83, ,55.90, ,99.0, 
2007/8/13,15:00,0.8, ,189250, ,55.85, ,56.00, ,99.0, 
2007/8/13,16:00,0.0, ,189250, ,37.26, ,18.30, ,99.0, 
2007/8/13,17:00,0.0, ,189420, ,45.29, ,4.30, ,99.1, 
2007/8/13,18:00,0.0, ,189600, ,48.97, ,0.00, ,99.2, 
2007/8/13,19:00,0.0, ,189720, ,46.63, ,0.00, ,99.3, 
2007/8/13,20:00,0.5, ,189890, ,43.66, ,0.00, ,99.4, 
2007/8/13,21:00,0.1, ,190010, ,37.85, ,0.00, ,99.4, 
2007/8/13,22:00,1.1, ,190130, ,36.22, ,5.10, ,99.5, 
2007/8/13,23:00,0.0, ,190190, ,38.06, ,18.40, ,99.5, 
2007/8/13,24:00,0.0, ,190250, ,32.95, ,18.30, ,99.6, 
2007/8/14,01:00,0.0, ,190310, ,34.61, ,18.20, ,99.6, 
2007/8/14,02:00,0.0, ,190360, ,31.32, ,18.10, ,99.6, 
2007/8/14,03:00,0.4, ,190420, ,31.02, ,18.20, ,99.7, 
2007/8/14,04:00,0.5, ,190420, ,28.32, ,18.20, ,99.7, 
2007/8/14,05:00,1.7, ,190480, ,33.52, ,18.30, ,99.7, 
2007/8/14,06:00,0.3, ,190540, ,31.05, ,18.20, ,99.7, 
2007/8/14,07:00,0.2, ,190600, ,28.32, ,18.30, ,99.8, 
2007/8/14,08:00,0.0, ,190600, ,29.17, ,18.20, ,99.8, 
2007/8/14,09:00,0.7, ,190660, ,29.13, ,18.30, ,99.8, 
2007/8/14,10:00,0.0, ,190720, ,25.65, ,18.20, ,99.8, 
2007/8/14,11:00,0.0, ,190720, ,32.77, ,18.20, ,99.8, 
2007/8/14,12:00,0.6, ,190780, ,22.86, ,18.20, ,99.9, 
2007/8/14,13:00,2.0, ,190780, ,38.99, ,36.30, ,99.9, 
2007/8/14,14:00,0.7, ,190780, ,37.24, ,38.80, ,99.9, 
2007/8/14,15:00,2.3, ,190720, ,28.02, ,36.50, ,99.8, 
2007/8/14,16:00,2.2, ,190720, ,29.78, ,36.30, ,99.8, 
2007/8/14,17:00,1.0, ,190660, ,25.76, ,38.90, ,99.8, 
2007/8/14,18:00,0.3, ,190660, ,23.87, ,18.40, ,99.8, 
2007/8/14,19:00,0.2, ,190660, ,18.31, ,18.20, ,99.8, 
2007/8/14,20:00,0.0, ,190720, ,35.38, ,31.30, ,99.8, 
2007/8/14,21:00,0.0, ,190720, ,49.71, ,55.90, ,99.8, 
2007/8/14,22:00,0.0, ,190660, ,37.12, ,45.40, ,99.8, 
2007/8/14,23:00,0.0, ,190660, ,28.28, ,18.20, ,99.8, 
2007/8/14,24:00,0.0, ,190660, ,18.25, ,18.20, ,99.8, 
2007/8/15,01:00,0.0, ,190720, ,23.65, ,18.20, ,99.8, 
2007/8/15,02:00,0.0, ,190720, ,29.13, ,18.00, ,99.8, 
2007/8/15,03:00,0.0, ,190780, ,25.55, ,18.10, ,99.9, 
2007/8/15,04:00,0.0, ,190780, ,32.78, ,29.20, ,99.9, 
2007/8/15,05:00,0.0, ,190780, ,29.21, ,29.20, ,99.9, 
2007/8/15,06:00,0.0, ,190780, ,24.45, ,20.30, ,99.9, 
2007/8/15,07:00,0.0, ,190780, ,19.51, ,18.20, ,99.9, 
2007/8/15,08:00,0.0, ,190780, ,18.38, ,27.80, ,99.9, 
2007/8/15,09:00,0.0, ,190780, ,24.26, ,48.90, ,99.9, 
2007/8/15,10:00,0.0, ,190720, ,38.21, ,55.60, ,99.8, 
2007/8/15,11:00,0.0, ,190600, ,23.69, ,55.90, ,99.8, 
2007/8/15,12:00,0.0, ,190480, ,21.80, ,55.60, ,99.7, 
2007/8/15,13:00,0.0, ,190310, ,17.18, ,55.50, ,99.6, 
2007/8/15,14:00,0.0, ,190190, ,19.42, ,55.60, ,99.5, 
2007/8/15,15:00,0.0, ,190010, ,16.93, ,55.80, ,99.4, 
2007/8/15,16:00,0.0, ,189890, ,16.45, ,55.70, ,99.4, 
2007/8/15,17:00,0.0, ,189770, ,16.48, ,55.80, ,99.3, 
2007/8/15,18:00,0.0, ,189660, ,20.88, ,55.70, ,99.2, 
2007/8/15,19:00,0.0, ,189480, ,15.44, ,55.80, ,99.1, 
2007/8/15,20:00,0.0, ,189420, ,19.92, ,45.10, ,99.1, 
2007/8/15,21:00,0.0, ,189360, ,14.23, ,20.30, ,99.0, 
2007/8/15,22:00,0.0, ,189360, ,14.35, ,20.20, ,99.0, 
2007/8/15,23:00,0.0, ,189360, ,20.35, ,20.40, ,99.0, 
2007/8/15,24:00,0.0, ,189360, ,19.56, ,18.00, ,100.0, 
2007/8/16,01:00,0.0, ,189300, ,2.66, ,18.20, ,100.0, 
2007/8/16,02:00,0.0, ,189250, ,16.85, ,18.40, ,99.9, 
2007/8/16,03:00,0.0, ,189250, ,2.44, ,18.10, ,99.9, 
2007/8/16,04:00,0.0, ,189190, ,16.28, ,18.10, ,99.9, 
2007/8/16,05:00,0.0, ,189190, ,3.75, ,18.20, ,99.9, 
2007/8/16,06:00,0.0, ,189130, ,15.20, ,18.40, ,99.9, 
2007/8/16,07:00,0.0, ,189130, ,4.91, ,18.30, ,99.9, 
2007/8/16,08:00,0.0, ,189070, ,13.64, ,18.30, ,99.8, 
2007/8/16,09:00,0.0, ,189070, ,6.57, ,18.30, ,99.8, 
2007/8/16,10:00,0.0, ,188950, ,10.58, ,29.20, ,99.7, 
2007/8/16,11:00,0.0, ,188830, ,12.68, ,56.10, ,99.7, 
2007/8/16,12:00,0.0, ,188720, ,18.90, ,55.70, ,99.6, 
2007/8/16,13:00,0.0, ,188600, ,17.61, ,56.10, ,99.5, 
2007/8/16,14:00,0.0, ,188420, ,14.86, ,56.10, ,99.4, 
2007/8/16,15:00,0.0, ,188300, ,17.88, ,55.80, ,99.4, 
2007/8/16,16:00,0.0, ,188130, ,15.41, ,56.00, ,99.3, 
2007/8/16,17:00,0.0, ,188010, ,17.10, ,55.80, ,99.2, 
2007/8/16,18:00,0.0, ,187830, ,16.83, ,56.10, ,99.1, 
2007/8/16,19:00,0.0, ,187720, ,15.56, ,55.90, ,99.0, 
2007/8/16,20:00,0.0, ,187600, ,17.54, ,56.00, ,99.0, 
2007/8/16,21:00,0.0, ,187420, ,13.99, ,56.10, ,98.9, 
2007/8/16,22:00,0.0, ,187250, ,17.70, ,40.50, ,98.8, 
2007/8/16,23:00,0.0, ,187190, ,11.68, ,39.20, ,98.7, 
2007/8/16,24:00,0.0, ,187190, ,18.51, ,18.30, ,99.7, 
2007/8/17,01:00,0.0, ,187190, ,18.24, ,18.30, ,99.7, 
2007/8/17,02:00,0.0, ,187130, ,2.51, ,18.20, ,99.6, 
2007/8/17,03:00,0.0, ,187130, ,17.66, ,18.30, ,99.6, 
2007/8/17,04:00,0.0, ,187070, ,1.95, ,18.20, ,99.6, 
2007/8/17,05:00,0.0, ,187010, ,17.14, ,18.10, ,99.6, 
2007/8/17,06:00,0.0, ,187010, ,3.02, ,18.20, ,99.6, 
2007/8/17,07:00,0.0, ,186960, ,16.06, ,18.30, ,99.5, 
2007/8/17,08:00,0.0, ,186960, ,4.14, ,18.30, ,99.5, 
2007/8/17,09:00,0.0, ,186840, ,10.63, ,29.40, ,99.5, 
2007/8/17,10:00,0.0, ,186720, ,11.85, ,56.20, ,99.4, 
2007/8/17,11:00,0.0, ,186550, ,14.21, ,56.20, ,99.3, 
2007/8/17,12:00,0.0, ,186430, ,15.07, ,56.20, ,99.2, 
2007/8/17,13:00,0.0, ,186250, ,15.91, ,56.40, ,99.1, 
2007/8/17,14:00,0.0, ,186140, ,15.16, ,56.30, ,99.0, 
2007/8/17,15:00,0.0, ,185960, ,17.83, ,56.10, ,98.9, 
2007/8/17,16:00,0.0, ,185850, ,13.75, ,56.40, ,98.9, 
2007/8/17,17:00,0.0, ,185670, ,15.99, ,56.20, ,98.8, 
2007/8/17,18:00,0.0, ,185550, ,14.63, ,56.10, ,98.7, 
2007/8/17,19:00,0.0, ,185380, ,14.41, ,56.30, ,98.6, 
2007/8/17,20:00,0.0, ,185260, ,14.45, ,56.40, ,98.5, 
2007/8/17,21:00,0.0, ,185200, ,15.28, ,28.20, ,98.5, 
2007/8/17,22:00,0.0, ,185150, ,16.84, ,20.40, ,98.5, 
2007/8/17,23:00,0.0, ,185150, ,6.69, ,18.30, ,98.5, 
2007/8/17,24:00,0.0, ,185150, ,18.29, ,18.20, ,99.4, 
2007/8/18,01:00,0.0, ,185150, ,18.28, ,18.20, ,99.4, 
2007/8/18,02:00,0.0, ,185090, ,7.75, ,18.20, ,99.4, 
2007/8/18,03:00,0.0, ,185030, ,9.08, ,18.20, ,99.3, 
2007/8/18,04:00,0.0, ,185030, ,5.59, ,18.20, ,99.3, 
2007/8/18,05:00,0.0, ,184970, ,12.06, ,18.30, ,99.3, 
2007/8/18,06:00,0.0, ,184970, ,8.31, ,18.20, ,99.3, 
2007/8/18,07:00,0.0, ,184850, ,6.15, ,33.30, ,99.2, 
2007/8/18,08:00,0.0, ,184800, ,11.30, ,33.10, ,99.2, 
2007/8/18,09:00,0.0, ,184680, ,7.52, ,33.00, ,99.1, 
2007/8/18,10:00,0.0, ,184620, ,13.81, ,34.40, ,99.1, 
2007/8/18,11:00,0.0, ,184450, ,10.32, ,56.30, ,99.0, 
2007/8/18,12:00,0.0, ,184270, ,15.18, ,56.50, ,98.9, 
2007/8/18,13:00,0.0, ,184160, ,13.37, ,56.60, ,98.8, 
2007/8/18,14:00,0.0, ,183980, ,15.27, ,56.40, ,98.7, 
2007/8/18,15:00,0.0, ,183870, ,13.12, ,56.30, ,98.7, 
2007/8/18,16:00,0.0, ,183690, ,13.46, ,56.60, ,98.5, 
2007/8/18,17:00,0.0, ,183520, ,14.17, ,56.60, ,98.4, 
2007/8/18,18:00,0.1, ,183400, ,14.72, ,56.70, ,98.4, 
2007/8/18,19:00,0.6, ,183230, ,13.69, ,56.50, ,98.3, 
2007/8/18,20:00,1.2, ,183110, ,16.14, ,56.40, ,98.2, 
2007/8/18,21:00,0.0, ,182940, ,12.09, ,38.10, ,98.1, 
2007/8/18,22:00,0.0, ,182880, ,16.09, ,23.20, ,98.1, 
2007/8/18,23:00,0.0, ,182820, ,12.01, ,20.70, ,98.0, 
2007/8/18,24:00,0.0, ,182820, ,15.15, ,18.10, ,99.0, 
2007/8/19,01:00,0.0, ,182820, ,18.33, ,18.50, ,99.0, 
2007/8/19,02:00,0.0, ,182770, ,2.85, ,18.50, ,99.0, 
2007/8/19,03:00,0.0, ,182710, ,9.53, ,18.30, ,98.9, 
2007/8/19,04:00,0.0, ,182710, ,10.55, ,18.40, ,98.9, 
2007/8/19,05:00,0.0, ,182650, ,6.27, ,18.40, ,98.9, 
2007/8/19,06:00,0.0, ,182590, ,8.72, ,18.40, ,98.8, 
2007/8/19,07:00,0.0, ,182530, ,9.33, ,29.80, ,98.8, 
2007/8/19,08:00,0.0, ,182360, ,3.29, ,56.60, ,98.7, 
2007/8/19,09:00,0.0, ,182190, ,12.97, ,56.70, ,98.6, 
2007/8/19,10:00,0.0, ,182020, ,11.17, ,57.10, ,98.5, 
2007/8/19,11:00,0.0, ,181840, ,9.91, ,56.90, ,98.4, 
2007/8/19,12:00,0.0, ,181730, ,13.11, ,56.80, ,98.3, 
2007/8/19,13:00,0.0, ,181550, ,11.82, ,57.10, ,98.2, 
2007/8/19,14:00,0.0, ,181380, ,14.19, ,57.20, ,98.1, 
2007/8/19,15:00,3.3, ,181210, ,15.31, ,56.80, ,98.0, 
2007/8/19,16:00,2.8, ,181090, ,16.22, ,56.90, ,97.9, 
2007/8/19,17:00,14.0, ,181040, ,17.84, ,56.60, ,97.9, 
2007/8/19,18:00,1.3, ,180980, ,47.28, ,55.70, ,97.9, 
2007/8/19,19:00,0.0, ,180980, ,52.07, ,55.80, ,97.9, 
2007/8/19,20:00,0.0, ,180920, ,55.27, ,56.60, ,97.8, 
2007/8/19,21:00,0.0, ,180920, ,41.43, ,57.20, ,97.8, 
2007/8/19,22:00,0.0, ,180920, ,45.28, ,34.60, ,97.8, 
2007/8/19,23:00,0.0, ,180980, ,28.53, ,20.50, ,97.9, 
2007/8/19,24:00,0.0, ,180980, ,34.62, ,18.20, ,98.8, 
2007/8/20,01:00,0.0, ,181040, ,31.69, ,18.50, ,98.9, 
2007/8/20,02:00,0.0, ,181040, ,21.05, ,18.60, ,98.9, 
2007/8/20,03:00,0.0, ,181040, ,18.16, ,5.60, ,98.9, 
2007/8/20,04:00,0.0, ,181090, ,20.61, ,0.00, ,98.9, 
2007/8/20,05:00,0.0, ,181150, ,11.70, ,0.00, ,98.9, 
2007/8/20,06:00,0.0, ,181150, ,8.54, ,0.00, ,98.9, 
2007/8/20,07:00,0.0, ,181210, ,15.57, ,5.10, ,99.0, 
2007/8/20,08:00,0.0, ,181210, ,10.38, ,32.10, ,99.0, 
2007/8/20,09:00,0.0, ,181210, ,27.86, ,54.30, ,99.0, 
2007/8/20,10:00,0.0, ,181040, ,22.30, ,56.80, ,98.9, 
2007/8/20,11:00,0.0, ,180920, ,21.24, ,57.10, ,98.8, 
2007/8/20,12:00,0.0, ,180810, ,17.56, ,56.80, ,98.7, 
2007/8/20,13:00,0.0, ,180640, ,20.50, ,56.70, ,98.6, 
2007/8/20,14:00,0.0, ,180520, ,17.71, ,57.10, ,98.6, 
2007/8/20,15:00,0.1, ,180410, ,19.66, ,57.20, ,98.5, 
2007/8/20,16:00,0.7, ,180230, ,14.91, ,57.20, ,98.4, 
2007/8/20,17:00,0.1, ,180120, ,21.57, ,56.90, ,98.3, 
2007/8/20,18:00,0.0, ,179950, ,15.12, ,56.90, ,98.2, 
2007/8/20,19:00,0.0, ,179830, ,19.66, ,57.10, ,98.1, 
2007/8/20,20:00,0.0, ,179660, ,18.12, ,57.10, ,98.0, 
2007/8/20,21:00,0.0, ,179550, ,18.67, ,57.00, ,98.0, 
2007/8/20,22:00,0.0, ,179380, ,17.61, ,57.10, ,97.9, 
2007/8/20,23:00,0.0, ,179260, ,17.47, ,57.20, ,97.8, 
2007/8/20,24:00,0.0, ,179200, ,13.42, ,22.90, ,98.7, 
2007/8/21,01:00,0.0, ,179200, ,15.64, ,18.60, ,98.7, 
2007/8/21,02:00,0.0, ,179200, ,18.68, ,18.70, ,98.7, 
2007/8/21,03:00,0.0, ,179200, ,18.70, ,18.70, ,98.7, 
2007/8/21,04:00,0.0, ,179150, ,3.10, ,18.70, ,98.7, 
2007/8/21,05:00,0.0, ,179090, ,9.15, ,18.80, ,98.7, 
2007/8/21,06:00,0.0, ,179090, ,12.10, ,18.90, ,98.7, 
2007/8/21,07:00,0.0, ,179030, ,6.07, ,18.80, ,98.6, 
2007/8/21,08:00,0.0, ,178980, ,9.09, ,23.20, ,98.6, 
2007/8/21,09:00,0.0, ,178810, ,7.77, ,49.10, ,98.5, 
2007/8/21,10:00,0.0, ,178690, ,14.19, ,56.00, ,98.4, 
2007/8/21,11:00,0.0, ,178580, ,16.86, ,55.90, ,98.4, 
2007/8/21,12:00,0.0, ,178410, ,16.33, ,56.00, ,98.3, 
2007/8/21,13:00,0.0, ,178290, ,17.91, ,56.10, ,98.2, 
2007/8/21,14:00,0.2, ,178120, ,14.05, ,55.70, ,98.1, 
2007/8/21,15:00,0.1, ,178010, ,20.59, ,55.80, ,98.0, 
2007/8/21,16:00,0.0, ,177840, ,17.72, ,57.30, ,97.9, 
2007/8/21,17:00,0.0, ,177720, ,19.29, ,57.40, ,97.8, 
2007/8/21,18:00,0.6, ,177610, ,18.63, ,57.00, ,97.8, 
2007/8/21,19:00,0.1, ,177500, ,35.77, ,57.50, ,97.7, 
2007/8/21,20:00,0.0, ,177380, ,18.72, ,57.20, ,97.6, 
2007/8/21,21:00,0.0, ,177210, ,22.65, ,57.20, ,97.5, 
2007/8/21,22:00,0.0, ,177100, ,19.25, ,56.90, ,97.5, 
2007/8/21,23:00,0.0, ,176990, ,19.22, ,47.90, ,97.4, 
2007/8/21,24:00,0.0, ,176990, ,15.45, ,18.70, ,98.4, 
2007/8/22,01:00,0.0, ,176990, ,18.72, ,18.70, ,98.4, 
2007/8/22,02:00,0.0, ,176990, ,18.73, ,18.70, ,98.4, 
2007/8/22,03:00,0.0, ,176930, ,4.83, ,18.80, ,98.3, 
2007/8/22,04:00,0.0, ,176930, ,16.96, ,18.70, ,98.3, 
2007/8/22,05:00,0.0, ,176870, ,3.25, ,18.70, ,98.3, 
2007/8/22,06:00,0.0, ,176820, ,8.22, ,18.70, ,98.3, 
2007/8/22,07:00,0.0, ,176820, ,13.23, ,18.90, ,98.3, 
2007/8/22,08:00,0.0, ,176760, ,5.65, ,18.80, ,98.2, 
2007/8/22,09:00,0.0, ,176700, ,11.83, ,29.30, ,98.2, 
2007/8/22,10:00,0.0, ,176530, ,9.56, ,47.90, ,98.1, 
2007/8/22,11:00,0.0, ,176420, ,16.03, ,57.80, ,98.0, 
2007/8/22,12:00,0.0, ,176250, ,16.63, ,57.50, ,97.9, 
2007/8/22,13:00,0.0, ,176140, ,18.52, ,57.40, ,97.8, 
2007/8/22,14:00,0.2, ,175970, ,18.80, ,57.60, ,97.7, 
2007/8/22,15:00,2.3, ,175910, ,23.81, ,57.60, ,97.7, 
2007/8/22,16:00,3.4, ,175800, ,27.74, ,57.50, ,97.6, 
2007/8/22,17:00,0.0, ,175680, ,33.79, ,57.50, ,97.6, 
2007/8/22,18:00,0.4, ,175630, ,34.09, ,57.50, ,97.5, 
2007/8/22,19:00,0.1, ,175510, ,31.54, ,57.60, ,97.4, 
2007/8/22,20:00,0.1, ,175460, ,35.44, ,57.60, ,97.4, 
2007/8/22,21:00,0.0, ,175350, ,30.78, ,57.60, ,97.3, 
2007/8/22,22:00,0.0, ,175230, ,30.34, ,56.20, ,97.3, 
2007/8/22,23:00,0.0, ,175230, ,20.89, ,20.60, ,97.3, 
2007/8/22,24:00,0.0, ,175230, ,19.89, ,18.30, ,98.3, 
2007/8/23,01:00,0.0, ,175230, ,18.47, ,18.50, ,98.3, 
2007/8/23,02:00,0.0, ,175230, ,18.47, ,18.50, ,98.3, 
2007/8/23,03:00,0.0, ,175230, ,18.44, ,18.50, ,98.3, 
2007/8/23,04:00,0.0, ,175230, ,18.45, ,18.50, ,98.3, 
2007/8/23,05:00,0.0, ,175230, ,18.47, ,18.30, ,98.3, 
2007/8/23,06:00,0.0, ,175230, ,18.46, ,18.50, ,98.3, 
2007/8/23,07:00,0.0, ,175180, ,11.43, ,18.30, ,98.2, 
2007/8/23,08:00,0.0, ,175180, ,9.82, ,18.50, ,98.2, 
2007/8/23,09:00,0.0, ,175120, ,12.59, ,30.00, ,98.2, 
2007/8/23,10:00,0.0, ,175010, ,20.18, ,57.50, ,98.1, 
2007/8/23,11:00,0.0, ,174840, ,17.72, ,57.80, ,98.0, 
2007/8/23,12:00,0.0, ,174670, ,20.45, ,57.60, ,97.9, 
2007/8/23,13:00,0.0, ,174560, ,13.88, ,58.00, ,97.8, 
2007/8/23,14:00,0.0, ,174390, ,19.25, ,57.80, ,97.7, 
2007/8/23,15:00,0.0, ,174270, ,19.00, ,57.70, ,97.7, 
2007/8/23,16:00,0.0, ,174110, ,16.65, ,58.20, ,97.6, 
2007/8/23,17:00,0.0, ,173940, ,17.04, ,58.10, ,97.5, 
2007/8/23,18:00,0.0, ,173830, ,16.08, ,57.70, ,97.4, 
2007/8/23,19:00,0.0, ,173660, ,18.27, ,50.00, ,97.3, 
2007/8/23,20:00,0.0, ,173540, ,19.45, ,49.50, ,97.2, 
2007/8/23,21:00,0.0, ,173430, ,15.94, ,57.90, ,97.1, 
2007/8/23,22:00,0.0, ,173380, ,18.06, ,30.30, ,97.1, 
2007/8/23,23:00,0.0, ,173380, ,20.00, ,20.90, ,97.1, 
2007/8/23,24:00,0.0, ,173320, ,10.04, ,18.50, ,98.1, 
2007/8/24,01:00,0.0, ,173320, ,12.83, ,18.40, ,98.1, 
2007/8/24,02:00,0.0, ,173320, ,18.52, ,18.40, ,98.1, 
2007/8/24,03:00,0.2, ,173320, ,18.50, ,18.60, ,98.1, 
2007/8/24,04:00,0.0, ,173260, ,6.83, ,18.40, ,98.0, 
2007/8/24,05:00,0.0, ,173210, ,10.70, ,18.40, ,98.0, 
2007/8/24,06:00,0.0, ,173210, ,6.82, ,18.50, ,98.0, 
2007/8/24,07:00,0.0, ,173150, ,3.95, ,18.60, ,98.0, 
2007/8/24,08:00,0.0, ,173040, ,10.94, ,40.10, ,97.9, 
2007/8/24,09:00,0.0, ,172870, ,8.27, ,58.20, ,97.8, 
2007/8/24,10:00,0.0, ,172700, ,13.14, ,58.10, ,97.7, 
2007/8/24,11:00,0.0, ,172540, ,18.16, ,57.70, ,97.6, 
2007/8/24,12:00,0.0, ,172420, ,15.28, ,58.00, ,97.5, 
2007/8/24,13:00,0.0, ,172260, ,15.39, ,58.50, ,97.4, 
2007/8/24,14:00,0.0, ,172090, ,13.68, ,57.90, ,97.3, 
2007/8/24,15:00,0.0, ,171920, ,17.89, ,58.40, ,97.2, 
2007/8/24,16:00,0.0, ,171750, ,15.94, ,58.20, ,97.1, 
2007/8/24,17:00,0.0, ,171640, ,14.02, ,58.30, ,97.0, 
2007/8/24,18:00,0.0, ,171480, ,18.29, ,58.30, ,96.9, 
2007/8/24,19:00,0.0, ,171310, ,14.74, ,58.60, ,96.8, 
2007/8/24,20:00,0.0, ,171200, ,15.82, ,58.50, ,96.7, 
2007/8/24,21:00,0.0, ,171030, ,14.76, ,58.10, ,96.6, 
2007/8/24,22:00,0.0, ,170860, ,17.06, ,58.20, ,96.5, 
2007/8/24,23:00,0.0, ,170750, ,16.60, ,58.40, ,96.4, 
2007/8/24,24:00,0.0, ,170640, ,15.03, ,35.10, ,97.4, 
2007/8/25,01:00,0.0, ,170640, ,15.09, ,18.60, ,97.4, 
2007/8/25,02:00,0.0, ,170580, ,16.22, ,18.70, ,97.3, 
2007/8/25,03:00,0.0, ,170580, ,5.45, ,18.50, ,97.3, 
2007/8/25,04:00,0.0, ,170530, ,12.38, ,18.60, ,97.3, 
2007/8/25,05:00,0.0, ,170530, ,9.30, ,18.60, ,97.3, 
2007/8/25,06:00,0.0, ,170470, ,3.09, ,18.60, ,97.3, 
2007/8/25,07:00,0.0, ,170420, ,6.97, ,18.60, ,97.2, 
2007/8/25,08:00,0.0, ,170310, ,11.44, ,50.90, ,97.2, 
2007/8/25,09:00,0.0, ,170140, ,4.91, ,58.30, ,97.1, 
2007/8/25,10:00,0.0, ,169970, ,11.08, ,58.50, ,96.9, 
2007/8/25,11:00,0.0, ,169860, ,16.33, ,58.40, ,96.9, 
2007/8/25,12:00,0.0, ,169700, ,13.81, ,58.60, ,96.8, 
2007/8/25,13:00,0.0, ,169530, ,15.90, ,58.40, ,96.7, 
2007/8/25,14:00,0.0, ,169360, ,16.43, ,58.60, ,96.6, 
2007/8/25,15:00,0.0, ,169200, ,14.30, ,58.30, ,96.5, 
2007/8/25,16:00,0.0, ,169030, ,14.81, ,58.70, ,96.3, 
2007/8/25,17:00,0.0, ,168870, ,15.38, ,58.50, ,96.2, 
2007/8/25,18:00,0.0, ,168760, ,14.09, ,58.60, ,96.2, 
2007/8/25,19:00,0.0, ,168590, ,16.22, ,58.60, ,96.1, 
2007/8/25,20:00,0.0, ,168420, ,14.95, ,58.80, ,96.0, 
2007/8/25,21:00,0.0, ,168260, ,14.19, ,58.60, ,95.9, 
2007/8/25,22:00,0.0, ,168090, ,15.23, ,58.60, ,95.7, 
2007/8/25,23:00,0.0, ,167980, ,13.96, ,54.40, ,95.7, 
2007/8/25,24:00,0.0, ,167930, ,12.39, ,18.60, ,96.6, 
2007/8/26,01:00,0.0, ,167870, ,15.44, ,30.50, ,96.6, 
2007/8/26,02:00,0.0, ,167820, ,16.22, ,30.50, ,96.6, 
2007/8/26,03:00,0.0, ,167760, ,10.15, ,30.30, ,96.5, 
2007/8/26,04:00,0.0, ,167600, ,7.74, ,44.70, ,96.4, 
2007/8/26,05:00,0.0, ,167490, ,6.22, ,47.40, ,96.4, 
2007/8/26,06:00,0.0, ,167380, ,4.84, ,30.70, ,96.3, 
2007/8/26,07:00,0.0, ,167320, ,6.50, ,18.70, ,96.3, 
2007/8/26,08:00,0.0, ,167210, ,6.48, ,30.50, ,96.2, 
2007/8/26,09:00,0.0, ,167050, ,5.90, ,48.90, ,96.1, 
2007/8/26,10:00,0.0, ,166940, ,8.40, ,58.70, ,96.0, 
2007/8/26,11:00,0.0, ,166770, ,13.03, ,45.30, ,95.9, 
2007/8/26,12:00,0.0, ,166720, ,17.42, ,44.70, ,95.9, 
2007/8/26,13:00,0.0, ,166550, ,11.08, ,45.00, ,95.8, 
2007/8/26,14:00,0.0, ,166500, ,17.01, ,45.20, ,95.7, 
2007/8/26,15:00,0.0, ,166330, ,15.30, ,45.30, ,95.6, 
2007/8/26,16:00,0.0, ,166230, ,14.16, ,59.00, ,95.5, 
2007/8/26,17:00,0.0, ,166010, ,13.96, ,59.20, ,95.4, 
2007/8/26,18:00,0.0, ,165900, ,13.53, ,59.20, ,95.3, 
2007/8/26,19:00,0.0, ,165730, ,15.32, ,59.00, ,95.2, 
2007/8/26,20:00,0.0, ,165570, ,13.65, ,59.10, ,95.1, 
2007/8/26,21:00,0.0, ,165410, ,13.49, ,59.30, ,95.0, 
2007/8/26,22:00,0.0, ,165240, ,14.63, ,59.00, ,94.9, 
2007/8/26,23:00,0.0, ,165080, ,13.05, ,59.10, ,94.8, 
2007/8/26,24:00,0.0, ,164910, ,13.16, ,38.50, ,95.7, 
2007/8/27,01:00,0.0, ,164810, ,13.81, ,23.30, ,95.6, 
2007/8/27,02:00,0.0, ,164810, ,8.13, ,20.40, ,95.6, 
2007/8/27,03:00,0.0, ,164750, ,14.44, ,20.10, ,95.6, 
2007/8/27,04:00,0.0, ,164700, ,8.19, ,19.90, ,95.6, 
2007/8/27,05:00,0.0, ,164700, ,7.11, ,19.30, ,95.6, 
2007/8/27,06:00,0.0, ,164590, ,4.04, ,19.30, ,95.5, 
2007/8/27,07:00,0.0, ,164530, ,6.20, ,31.30, ,95.5, 
2007/8/27,08:00,0.0, ,164320, ,5.70, ,59.50, ,95.3, 
2007/8/27,09:00,0.0, ,164100, ,7.76, ,59.50, ,95.2, 
2007/8/27,10:00,0.0, ,163940, ,7.10, ,59.40, ,95.1, 
2007/8/27,11:00,0.0, ,163770, ,12.52, ,59.30, ,95.0, 
2007/8/27,12:00,0.0, ,163610, ,16.21, ,59.60, ,94.9, 
2007/8/27,13:00,0.0, ,163450, ,12.88, ,59.50, ,94.7, 
2007/8/27,14:00,0.0, ,163290, ,13.91, ,59.50, ,94.6, 
2007/8/27,15:00,0.0, ,163120, ,12.00, ,59.60, ,94.5, 
2007/8/27,16:00,0.0, ,162960, ,17.41, ,59.60, ,94.4, 
2007/8/27,17:00,0.0, ,162800, ,11.44, ,59.40, ,94.3, 
2007/8/27,18:00,0.0, ,162640, ,14.63, ,59.60, ,94.2, 
2007/8/27,19:00,0.0, ,162470, ,13.86, ,59.40, ,94.1, 
2007/8/27,20:00,0.0, ,162310, ,13.92, ,59.50, ,94.0, 
2007/8/27,21:00,0.0, ,162150, ,13.45, ,59.70, ,93.9, 
2007/8/27,22:00,0.0, ,161990, ,14.06, ,59.50, ,93.8, 
2007/8/27,23:00,0.0, ,161830, ,11.91, ,59.60, ,93.7, 
2007/8/27,24:00,0.0, ,161610, ,13.90, ,59.90, ,94.6, 
2007/8/28,01:00,0.0, ,161610, ,9.53, ,20.30, ,94.6, 
2007/8/28,02:00,0.0, ,161560, ,5.80, ,20.10, ,94.5, 
2007/8/28,03:00,0.0, ,161500, ,18.05, ,20.40, ,94.5, 
2007/8/28,04:00,0.0, ,161500, ,7.07, ,20.40, ,94.5, 
2007/8/28,05:00,0.0, ,161400, ,6.67, ,20.20, ,94.4, 
2007/8/28,06:00,0.0, ,161340, ,6.46, ,21.80, ,94.4, 
2007/8/28,07:00,0.0, ,161180, ,5.34, ,51.30, ,94.3, 
2007/8/28,08:00,0.0, ,161020, ,6.82, ,60.20, ,94.2, 
2007/8/28,09:00,0.0, ,160810, ,3.71, ,59.80, ,94.0, 
2007/8/28,10:00,0.0, ,160590, ,8.74, ,60.10, ,93.9, 
2007/8/28,11:00,0.0, ,160480, ,11.81, ,60.20, ,93.8, 
2007/8/28,12:00,0.0, ,160270, ,15.08, ,60.10, ,93.7, 
2007/8/28,13:00,0.0, ,160110, ,15.09, ,60.00, ,93.6, 
2007/8/28,14:00,0.6, ,159950, ,11.65, ,60.10, ,93.5, 
2007/8/28,15:00,1.9, ,159790, ,15.86, ,60.00, ,93.4, 
2007/8/28,16:00,0.2, ,159630, ,11.88, ,60.40, ,93.2, 
2007/8/28,17:00,0.0, ,159470, ,13.05, ,60.20, ,93.1, 
2007/8/28,18:00,0.0, ,159310, ,13.65, ,60.30, ,93.0, 
2007/8/28,19:00,0.0, ,159140, ,13.20, ,59.80, ,92.9, 
2007/8/28,20:00,0.0, ,158930, ,12.94, ,60.20, ,92.8, 
2007/8/28,21:00,0.0, ,158770, ,13.78, ,60.30, ,92.7, 
2007/8/28,22:00,0.0, ,158610, ,12.57, ,60.40, ,92.6, 
2007/8/28,23:00,0.0, ,158450, ,13.35, ,60.20, ,92.5, 
2007/8/28,24:00,0.0, ,158340, ,11.78, ,44.30, ,93.4, 
2007/8/29,01:00,0.0, ,158290, ,11.28, ,20.00, ,93.4, 
2007/8/29,02:00,0.0, ,158240, ,10.75, ,20.10, ,93.3, 
2007/8/29,03:00,0.0, ,158240, ,10.64, ,19.90, ,93.3, 
2007/8/29,04:00,0.0, ,158180, ,5.18, ,20.00, ,93.3, 
2007/8/29,05:00,0.0, ,158130, ,7.67, ,20.10, ,93.3, 
2007/8/29,06:00,0.0, ,158080, ,5.05, ,20.10, ,93.2, 
2007/8/29,07:00,0.0, ,157970, ,4.83, ,20.10, ,93.2, 
2007/8/29,08:00,0.0, ,157860, ,5.46, ,46.00, ,93.1, 
2007/8/29,09:00,0.0, ,157650, ,5.22, ,60.50, ,92.9, 
2007/8/29,10:00,0.0, ,157440, ,6.19, ,60.50, ,92.8, 
2007/8/29,11:00,0.0, ,157280, ,11.71, ,60.60, ,92.7, 
2007/8/29,12:00,0.0, ,157120, ,15.70, ,60.50, ,92.6, 
2007/8/29,13:00,0.0, ,156910, ,8.76, ,59.80, ,92.4, 
2007/8/29,14:00,0.0, ,156800, ,11.58, ,60.00, ,92.4, 
2007/8/29,15:00,0.0, ,156590, ,9.82, ,58.90, ,92.2, 
2007/8/29,16:00,0.0, ,156430, ,17.00, ,60.80, ,92.1, 
2007/8/29,17:00,0.0, ,156270, ,15.42, ,60.50, ,92.0, 
2007/8/29,18:00,0.0, ,156110, ,14.27, ,60.70, ,91.9, 
2007/8/29,19:00,0.0, ,155950, ,12.89, ,60.80, ,91.8, 
2007/8/29,20:00,0.0, ,155740, ,13.34, ,60.90, ,91.7, 
2007/8/29,21:00,0.0, ,155580, ,13.89, ,60.60, ,91.6, 
2007/8/29,22:00,0.0, ,155420, ,10.59, ,61.00, ,91.5, 
2007/8/29,23:00,0.0, ,155210, ,13.01, ,60.80, ,91.3, 
2007/8/29,24:00,0.0, ,155060, ,7.93, ,60.60, ,92.2, 
2007/8/30,01:00,0.0, ,154950, ,14.00, ,33.40, ,92.1, 
2007/8/30,02:00,0.0, ,154950, ,7.99, ,20.20, ,92.1, 
2007/8/30,03:00,0.0, ,154900, ,9.66, ,20.20, ,92.1, 
2007/8/30,04:00,0.0, ,154850, ,9.13, ,20.00, ,92.1, 
2007/8/30,05:00,0.0, ,154790, ,4.66, ,20.10, ,92.0, 
2007/8/30,06:00,0.0, ,154740, ,7.23, ,29.10, ,92.0, 
2007/8/30,07:00,0.0, ,154630, ,4.26, ,32.40, ,91.9, 
2007/8/30,08:00,0.0, ,154420, ,6.00, ,59.60, ,91.8, 
2007/8/30,09:00,0.0, ,154210, ,5.08, ,59.70, ,91.6, 
2007/8/30,10:00,0.0, ,154060, ,6.81, ,59.50, ,91.5, 
2007/8/30,11:00,0.0, ,153850, ,11.58, ,61.20, ,91.4, 
2007/8/30,12:00,0.0, ,153690, ,11.62, ,61.00, ,91.3, 
2007/8/30,13:00,0.0, ,153530, ,13.60, ,61.00, ,91.2, 
2007/8/30,14:00,0.0, ,153380, ,13.82, ,61.20, ,91.1, 
2007/8/30,15:00,0.0, ,153170, ,11.25, ,61.10, ,90.9, 
2007/8/30,16:00,0.0, ,153010, ,12.77, ,60.90, ,90.8, 
2007/8/30,17:00,0.0, ,152850, ,12.80, ,61.20, ,90.7, 
2007/8/30,18:00,0.0, ,152650, ,13.94, ,61.30, ,90.6, 
2007/8/30,19:00,0.0, ,152490, ,12.87, ,61.30, ,90.5, 
2007/8/30,20:00,0.0, ,152330, ,13.32, ,61.00, ,90.4, 
2007/8/30,21:00,0.0, ,152120, ,10.86, ,61.40, ,90.2, 
2007/8/30,22:00,0.0, ,151970, ,14.37, ,61.60, ,90.1, 
2007/8/30,23:00,0.0, ,151760, ,11.10, ,61.70, ,90.0, 
2007/8/30,24:00,0.0, ,151600, ,9.92, ,61.70, ,90.9, 
2007/8/31,01:00,0.0, ,151550, ,11.72, ,22.80, ,90.8, 
2007/8/31,02:00,0.0, ,151500, ,12.43, ,18.90, ,90.8, 
2007/8/31,03:00,0.0, ,151500, ,6.93, ,20.20, ,90.8, 
2007/8/31,04:00,0.0, ,151400, ,7.70, ,20.50, ,90.7, 
2007/8/31,05:00,0.0, ,151400, ,5.68, ,20.40, ,90.7, 
2007/8/31,06:00,0.0, ,151290, ,7.80, ,20.40, ,90.7, 
2007/8/31,07:00,0.0, ,151240, ,5.50, ,31.30, ,90.6, 
2007/8/31,08:00,0.1, ,151030, ,3.53, ,61.70, ,90.5, 
2007/8/31,09:00,0.1, ,150830, ,5.05, ,61.60, ,90.4, 
2007/8/31,10:00,0.0, ,150620, ,5.16, ,61.80, ,90.2, 
2007/8/31,11:00,0.0, ,150470, ,13.78, ,61.80, ,90.1, 
2007/8/31,12:00,0.0, ,150260, ,12.92, ,61.60, ,90.0, 
2007/8/31,13:00,0.0, ,150050, ,10.44, ,61.70, ,89.8, 
2007/8/31,14:00,0.0, ,149900, ,12.10, ,61.80, ,89.7, 
2007/8/31,15:00,0.0, ,149740, ,13.67, ,61.90, ,89.6, 
2007/8/31,16:00,0.0, ,149530, ,13.67, ,61.40, ,89.5, 
2007/8/31,17:00,0.0, ,149380, ,10.91, ,62.00, ,89.4, 
2007/8/31,18:00,0.0, ,149230, ,15.81, ,61.90, ,89.3, 
2007/8/31,19:00,0.0, ,149020, ,9.74, ,61.90, ,89.1, 
2007/8/31,20:00,0.0, ,148860, ,14.04, ,62.20, ,89.0, 
2007/8/31,21:00,0.0, ,148660, ,12.62, ,61.70, ,88.9, 
2007/8/31,22:00,0.0, ,148500, ,12.90, ,62.00, ,88.8, 
2007/8/31,23:00,0.0, ,148350, ,8.93, ,29.20, ,88.7, 
2007/8/31,24:00,0.0, ,148300, ,9.45, ,22.20, ,88.6, 
