îCà”ä˙ä‘É_ÉÄèîó åüçıåãâ 
êÖånñº,ãgñÏêÏ
âÕêÏñº,ãgñÏêÏ
äœë™èäñº,ëÅñæâYÉ_ÉÄÅiã@ç\Åj
äœë™èäãLçÜ,1368080700010
#
#îNåéì˙,éûçè,ó¨àÊïΩãœâJó ,ó¨àÊïΩãœâJó ëÆê´,íôêÖó ,íôêÖó ëÆê´,ó¨ì¸ó ,ó¨ì¸ó ëÆê´,ï˙ó¨ó ,ï˙ó¨ó ëÆê´,íôêÖó¶,íôêÖó¶ëÆê´
#ëÆê´Å@$:åáë™ -:ñ¢éÛêM
#
2006/5/1,01:00,0.0, ,185200, ,13.48, ,0.00, ,100.0, 
2006/5/1,02:00,0.0, ,185200, ,2.70, ,0.00, ,100.0, 
2006/5/1,03:00,0.0, ,185260, ,4.86, ,0.00, ,100.0, 
2006/5/1,04:00,0.0, ,185260, ,11.33, ,0.00, ,100.0, 
2006/5/1,05:00,0.0, ,185260, ,0.00, ,0.00, ,100.0, 
2006/5/1,06:00,0.0, ,185320, ,12.14, ,0.00, ,100.0, 
2006/5/1,07:00,0.0, ,185320, ,4.05, ,0.00, ,100.0, 
2006/5/1,08:00,0.0, ,185380, ,4.40, ,4.90, ,100.0, 
2006/5/1,09:00,0.0, ,185320, ,22.49, ,50.90, ,100.0, 
2006/5/1,10:00,0.0, ,185150, ,13.48, ,56.60, ,100.0, 
2006/5/1,11:00,0.0, ,185030, ,10.10, ,56.60, ,99.9, 
2006/5/1,12:00,0.0, ,184850, ,12.04, ,35.10, ,99.8, 
2006/5/1,13:00,0.0, ,184800, ,14.08, ,52.40, ,99.8, 
2006/5/1,14:00,0.0, ,184620, ,11.37, ,40.60, ,99.7, 
2006/5/1,15:00,0.0, ,184560, ,13.77, ,4.40, ,99.7, 
2006/5/1,16:00,0.0, ,184560, ,12.24, ,0.00, ,99.7, 
2006/5/1,17:00,0.0, ,184620, ,0.90, ,5.10, ,99.7, 
2006/5/1,18:00,0.0, ,184620, ,30.36, ,29.40, ,99.7, 
2006/5/1,19:00,0.0, ,184450, ,15.29, ,56.30, ,99.6, 
2006/5/1,20:00,0.0, ,184270, ,16.46, ,32.00, ,99.5, 
2006/5/1,21:00,0.0, ,184270, ,1.54, ,0.00, ,99.5, 
2006/5/1,22:00,0.0, ,184330, ,12.65, ,0.00, ,99.5, 
2006/5/1,23:00,0.0, ,184390, ,11.31, ,0.00, ,99.5, 
2006/5/1,24:00,0.0, ,184450, ,9.69, ,0.00, ,99.9, 
2006/5/2,01:00,0.0, ,184450, ,14.80, ,0.00, ,99.9, 
2006/5/2,02:00,0.0, ,184450, ,0.00, ,0.00, ,99.9, 
2006/5/2,03:00,0.0, ,184510, ,5.92, ,0.00, ,99.9, 
2006/5/2,04:00,0.0, ,184510, ,10.23, ,0.00, ,99.9, 
2006/5/2,05:00,0.0, ,184510, ,0.00, ,0.00, ,99.9, 
2006/5/2,06:00,0.0, ,184560, ,15.08, ,0.00, ,100.0, 
2006/5/2,07:00,0.0, ,184560, ,1.08, ,0.00, ,100.0, 
2006/5/2,08:00,0.0, ,184620, ,15.62, ,0.00, ,100.0, 
2006/5/2,09:00,0.1, ,184620, ,0.63, ,5.20, ,100.0, 
2006/5/2,10:00,0.0, ,184620, ,15.14, ,29.60, ,100.0, 
2006/5/2,11:00,0.3, ,184450, ,18.26, ,56.30, ,99.9, 
2006/5/2,12:00,0.1, ,184330, ,16.57, ,56.50, ,99.8, 
2006/5/2,13:00,0.1, ,184210, ,10.68, ,32.30, ,99.7, 
2006/5/2,14:00,0.1, ,184100, ,16.01, ,56.40, ,99.7, 
2006/5/2,15:00,0.0, ,183920, ,9.14, ,56.40, ,99.6, 
2006/5/2,16:00,0.0, ,183750, ,10.94, ,56.30, ,99.5, 
2006/5/2,17:00,0.0, ,183580, ,12.43, ,56.50, ,99.4, 
2006/5/2,18:00,0.0, ,183580, ,12.34, ,20.60, ,99.4, 
2006/5/2,19:00,0.0, ,183400, ,13.61, ,56.60, ,99.3, 
2006/5/2,20:00,0.0, ,183290, ,16.68, ,31.20, ,99.2, 
2006/5/2,21:00,0.0, ,183290, ,7.95, ,0.00, ,99.2, 
2006/5/2,22:00,0.0, ,183340, ,16.64, ,0.00, ,99.2, 
2006/5/2,23:00,0.0, ,183340, ,3.76, ,0.00, ,99.2, 
2006/5/2,24:00,0.0, ,183400, ,13.43, ,0.00, ,99.8, 
2006/5/3,01:00,0.0, ,183400, ,2.69, ,0.00, ,99.8, 
2006/5/3,02:00,0.0, ,183460, ,9.67, ,0.00, ,99.9, 
2006/5/3,03:00,0.0, ,183460, ,6.44, ,0.00, ,99.9, 
2006/5/3,04:00,0.0, ,183460, ,0.00, ,0.00, ,99.9, 
2006/5/3,05:00,0.0, ,183520, ,9.67, ,0.00, ,99.9, 
2006/5/3,06:00,0.0, ,183520, ,6.44, ,0.00, ,99.9, 
2006/5/3,07:00,0.0, ,183520, ,0.00, ,0.00, ,99.9, 
2006/5/3,08:00,0.0, ,183580, ,15.66, ,5.00, ,99.9, 
2006/5/3,09:00,0.0, ,183580, ,9.99, ,18.40, ,99.9, 
2006/5/3,10:00,0.0, ,183580, ,18.32, ,18.40, ,99.9, 
2006/5/3,11:00,0.0, ,183520, ,8.29, ,27.80, ,99.9, 
2006/5/3,12:00,0.0, ,183460, ,15.63, ,4.30, ,99.9, 
2006/5/3,13:00,0.0, ,183460, ,2.91, ,0.00, ,99.9, 
2006/5/3,14:00,0.0, ,183520, ,3.49, ,0.00, ,99.9, 
2006/5/3,15:00,0.0, ,183580, ,17.18, ,0.00, ,99.9, 
2006/5/3,16:00,0.0, ,183580, ,11.82, ,15.70, ,99.9, 
2006/5/3,17:00,0.0, ,183580, ,9.92, ,25.20, ,99.9, 
2006/5/3,18:00,0.0, ,183580, ,22.43, ,29.30, ,99.9, 
2006/5/3,19:00,0.0, ,183520, ,24.53, ,50.60, ,99.9, 
2006/5/3,20:00,0.0, ,183400, ,15.46, ,37.80, ,99.8, 
2006/5/3,21:00,0.0, ,183290, ,16.30, ,4.10, ,99.8, 
2006/5/3,22:00,0.0, ,183290, ,1.49, ,0.00, ,99.8, 
2006/5/3,23:00,0.0, ,183340, ,11.54, ,0.00, ,99.8, 
2006/5/3,24:00,0.0, ,183400, ,6.17, ,0.00, ,99.8, 
2006/5/4,01:00,0.0, ,183400, ,14.50, ,0.00, ,99.8, 
2006/5/4,02:00,0.0, ,183460, ,5.64, ,0.00, ,99.8, 
2006/5/4,03:00,0.0, ,183460, ,10.47, ,0.00, ,99.8, 
2006/5/4,04:00,0.0, ,183460, ,0.00, ,0.00, ,99.8, 
2006/5/4,05:00,0.0, ,183460, ,0.00, ,0.00, ,99.8, 
2006/5/4,06:00,0.0, ,183520, ,11.81, ,0.00, ,99.9, 
2006/5/4,07:00,0.0, ,183520, ,4.30, ,0.00, ,99.9, 
2006/5/4,08:00,0.0, ,183520, ,0.00, ,0.00, ,99.9, 
2006/5/4,09:00,0.0, ,183580, ,11.81, ,0.00, ,99.9, 
2006/5/4,10:00,0.0, ,183580, ,4.30, ,0.00, ,99.9, 
2006/5/4,11:00,0.0, ,183630, ,10.21, ,0.00, ,99.9, 
2006/5/4,12:00,0.0, ,183690, ,10.21, ,0.00, ,100.0, 
2006/5/4,13:00,0.0, ,183750, ,12.36, ,0.00, ,100.0, 
2006/5/4,14:00,0.0, ,183750, ,15.58, ,0.00, ,100.0, 
2006/5/4,15:00,0.0, ,183810, ,12.99, ,21.20, ,100.0, 
2006/5/4,16:00,0.0, ,183810, ,16.68, ,26.20, ,100.0, 
2006/5/4,17:00,0.0, ,183750, ,21.67, ,29.70, ,100.0, 
2006/5/4,18:00,0.0, ,183690, ,13.77, ,29.60, ,100.0, 
2006/5/4,19:00,0.0, ,183580, ,14.42, ,56.60, ,99.9, 
2006/5/4,20:00,0.0, ,183340, ,11.44, ,56.70, ,99.8, 
2006/5/4,21:00,0.0, ,183290, ,9.05, ,23.40, ,99.7, 
2006/5/4,22:00,0.0, ,183290, ,11.63, ,0.00, ,99.7, 
2006/5/4,23:00,0.0, ,183290, ,0.00, ,0.00, ,99.7, 
2006/5/4,24:00,0.0, ,183340, ,6.44, ,0.00, ,99.3, 
2006/5/5,01:00,0.0, ,183340, ,9.66, ,0.00, ,99.3, 
2006/5/5,02:00,0.0, ,183340, ,0.00, ,0.00, ,99.3, 
2006/5/5,03:00,0.0, ,183400, ,6.71, ,0.00, ,99.3, 
2006/5/5,04:00,0.0, ,183400, ,9.40, ,0.00, ,99.3, 
2006/5/5,05:00,0.0, ,183400, ,0.00, ,0.00, ,99.3, 
2006/5/5,06:00,0.0, ,183460, ,4.56, ,0.00, ,99.3, 
2006/5/5,07:00,0.0, ,183460, ,11.55, ,0.00, ,99.3, 
2006/5/5,08:00,0.0, ,183460, ,0.00, ,0.00, ,99.3, 
2006/5/5,09:00,0.0, ,183520, ,3.22, ,0.00, ,99.4, 
2006/5/5,10:00,0.0, ,183520, ,12.98, ,5.20, ,99.4, 
2006/5/5,11:00,0.0, ,183520, ,14.79, ,13.20, ,99.4, 
2006/5/5,12:00,0.0, ,183520, ,14.42, ,0.00, ,99.4, 
2006/5/5,13:00,0.0, ,183580, ,2.15, ,0.00, ,99.4, 
2006/5/5,14:00,0.0, ,183580, ,13.96, ,0.00, ,99.4, 
2006/5/5,15:00,0.0, ,183630, ,9.94, ,0.00, ,99.4, 
2006/5/5,16:00,0.0, ,183630, ,6.18, ,0.00, ,99.4, 
2006/5/5,17:00,0.0, ,183690, ,15.94, ,5.10, ,99.5, 
2006/5/5,18:00,0.0, ,183690, ,10.04, ,19.70, ,99.5, 
2006/5/5,19:00,0.0, ,183690, ,24.52, ,29.50, ,99.5, 
2006/5/5,20:00,0.0, ,183520, ,20.11, ,56.50, ,99.4, 
2006/5/5,21:00,0.0, ,183340, ,13.17, ,34.60, ,99.3, 
2006/5/5,22:00,0.0, ,183340, ,1.23, ,0.00, ,99.3, 
2006/5/5,23:00,0.0, ,183400, ,8.86, ,0.00, ,99.3, 
2006/5/5,24:00,0.0, ,183400, ,7.25, ,0.00, ,99.3, 
2006/5/6,01:00,0.0, ,183460, ,1.34, ,0.00, ,99.3, 
2006/5/6,02:00,0.0, ,183460, ,14.77, ,0.00, ,99.3, 
2006/5/6,03:00,0.0, ,183460, ,0.00, ,0.00, ,99.3, 
2006/5/6,04:00,0.0, ,183460, ,0.00, ,0.00, ,99.3, 
2006/5/6,05:00,0.0, ,183460, ,0.00, ,0.00, ,99.3, 
2006/5/6,06:00,0.0, ,183460, ,0.00, ,0.00, ,99.3, 
2006/5/6,07:00,0.0, ,183520, ,5.64, ,0.00, ,99.4, 
2006/5/6,08:00,0.0, ,183520, ,10.47, ,0.00, ,99.4, 
2006/5/6,09:00,0.0, ,183520, ,0.00, ,0.00, ,99.4, 
2006/5/6,10:00,0.0, ,183580, ,2.51, ,5.10, ,99.4, 
2006/5/6,11:00,0.0, ,183520, ,22.82, ,29.70, ,99.4, 
2006/5/6,12:00,0.0, ,183460, ,9.61, ,29.60, ,99.3, 
2006/5/6,13:00,0.0, ,183400, ,14.56, ,29.30, ,99.3, 
2006/5/6,14:00,0.0, ,183340, ,12.62, ,29.70, ,99.3, 
2006/5/6,15:00,0.0, ,183290, ,14.35, ,29.40, ,99.2, 
2006/5/6,16:00,0.0, ,183230, ,12.85, ,29.80, ,99.2, 
2006/5/6,17:00,0.0, ,183110, ,10.15, ,29.70, ,99.1, 
2006/5/6,18:00,0.8, ,183000, ,12.95, ,56.30, ,99.1, 
2006/5/6,19:00,5.4, ,182880, ,19.36, ,56.50, ,99.0, 
2006/5/6,20:00,7.6, ,182710, ,18.90, ,56.60, ,98.9, 
2006/5/6,21:00,8.4, ,182590, ,17.88, ,56.80, ,98.8, 
2006/5/6,22:00,8.3, ,182480, ,26.23, ,56.90, ,98.8, 
2006/5/6,23:00,4.3, ,182360, ,24.35, ,56.60, ,98.7, 
2006/5/6,24:00,6.0, ,182300, ,24.40, ,56.50, ,99.5, 
2006/5/7,01:00,6.2, ,182250, ,37.23, ,56.80, ,99.4, 
2006/5/7,02:00,4.2, ,182190, ,41.26, ,56.80, ,99.4, 
2006/5/7,03:00,4.2, ,182250, ,56.18, ,56.50, ,99.4, 
2006/5/7,04:00,7.2, ,182300, ,76.49, ,56.60, ,99.5, 
2006/5/7,05:00,7.0, ,182420, ,80.19, ,56.80, ,99.5, 
2006/5/7,06:00,5.3, ,182590, ,93.60, ,56.70, ,99.6, 
2006/5/7,07:00,3.3, ,182820, ,116.10, ,56.90, ,99.8, 
2006/5/7,08:00,1.9, ,183050, ,127.60, ,56.70, ,99.9, 
2006/5/7,09:00,0.7, ,183290, ,122.77, ,56.60, ,100.0, 
2006/5/7,10:00,1.4, ,183460, ,110.81, ,56.70, ,100.0, 
2006/5/7,11:00,2.2, ,183580, ,97.15, ,56.40, ,100.0, 
2006/5/7,12:00,8.1, ,183690, ,90.16, ,56.80, ,100.0, 
2006/5/7,13:00,4.0, ,183870, ,100.07, ,56.30, ,100.0, 
2006/5/7,14:00,0.6, ,184100, ,109.96, ,56.30, ,100.0, 
2006/5/7,15:00,0.1, ,184330, ,121.61, ,56.70, ,100.0, 
2006/5/7,16:00,0.1, ,184560, ,120.55, ,56.40, ,100.0, 
2006/5/7,17:00,0.0, ,184740, ,104.92, ,56.80, ,100.0, 
2006/5/7,18:00,0.0, ,184850, ,96.04, ,56.50, ,100.0, 
2006/5/7,19:00,0.0, ,184910, ,87.12, ,56.40, ,100.0, 
2006/5/7,20:00,0.0, ,184970, ,75.49, ,56.50, ,100.0, 
2006/5/7,21:00,0.0, ,185030, ,74.96, ,56.40, ,100.0, 
2006/5/7,22:00,0.0, ,185090, ,69.07, ,56.40, ,100.0, 
2006/5/7,23:00,0.0, ,185090, ,60.99, ,56.80, ,100.0, 
2006/5/7,24:00,0.0, ,185150, ,60.69, ,56.10, ,100.0, 
2006/5/8,01:00,0.0, ,185150, ,68.20, ,56.40, ,100.0, 
2006/5/8,02:00,0.0, ,185150, ,56.38, ,56.70, ,100.0, 
2006/5/8,03:00,0.0, ,185150, ,56.33, ,56.30, ,100.0, 
2006/5/8,04:00,0.0, ,185150, ,56.40, ,56.30, ,100.0, 
2006/5/8,05:00,0.0, ,185090, ,47.22, ,56.40, ,100.0, 
2006/5/8,06:00,0.0, ,185090, ,49.35, ,56.40, ,100.0, 
2006/5/8,07:00,0.0, ,185030, ,45.05, ,56.40, ,99.9, 
2006/5/8,08:00,0.0, ,184970, ,44.20, ,56.80, ,99.9, 
2006/5/8,09:00,0.0, ,184910, ,43.96, ,56.50, ,99.9, 
2006/5/8,10:00,0.0, ,184850, ,38.62, ,56.30, ,99.8, 
2006/5/8,11:00,0.0, ,184800, ,42.86, ,56.50, ,99.8, 
2006/5/8,12:00,0.0, ,184740, ,41.60, ,56.20, ,99.8, 
2006/5/8,13:00,0.0, ,184680, ,36.72, ,56.30, ,99.7, 
2006/5/8,14:00,0.0, ,184620, ,40.28, ,56.40, ,99.7, 
2006/5/8,15:00,0.0, ,184560, ,35.72, ,56.30, ,99.7, 
2006/5/8,16:00,0.0, ,184510, ,35.96, ,56.60, ,99.6, 
2006/5/8,17:00,0.0, ,184390, ,35.17, ,56.50, ,99.6, 
2006/5/8,18:00,0.0, ,184330, ,36.26, ,56.00, ,99.5, 
2006/5/8,19:00,0.0, ,184210, ,33.09, ,56.50, ,99.5, 
2006/5/8,20:00,0.0, ,184160, ,30.13, ,56.50, ,99.4, 
2006/5/8,21:00,0.0, ,184040, ,31.44, ,56.40, ,99.4, 
2006/5/8,22:00,0.0, ,183920, ,24.44, ,56.60, ,99.3, 
2006/5/8,23:00,0.0, ,183810, ,27.46, ,56.30, ,99.2, 
2006/5/8,24:00,0.0, ,183750, ,28.05, ,56.30, ,100.0, 
2006/5/9,01:00,0.0, ,183630, ,27.54, ,56.50, ,99.9, 
2006/5/9,02:00,0.1, ,183520, ,23.77, ,56.70, ,99.9, 
2006/5/9,03:00,0.3, ,183400, ,25.98, ,56.50, ,99.8, 
2006/5/9,04:00,0.4, ,183290, ,27.83, ,56.60, ,99.7, 
2006/5/9,05:00,0.2, ,183170, ,24.42, ,56.80, ,99.7, 
2006/5/9,06:00,0.2, ,183050, ,23.06, ,56.40, ,99.6, 
2006/5/9,07:00,0.3, ,182940, ,26.15, ,56.50, ,99.5, 
2006/5/9,08:00,0.5, ,182820, ,24.01, ,56.60, ,99.5, 
2006/5/9,09:00,0.3, ,182710, ,25.61, ,56.70, ,99.4, 
2006/5/9,10:00,0.6, ,182590, ,21.89, ,56.80, ,99.3, 
2006/5/9,11:00,0.0, ,182480, ,24.28, ,56.40, ,99.3, 
2006/5/9,12:00,0.0, ,182360, ,20.54, ,56.50, ,99.2, 
2006/5/9,13:00,0.0, ,182190, ,24.87, ,56.70, ,99.1, 
2006/5/9,14:00,0.0, ,182130, ,22.56, ,56.70, ,99.1, 
2006/5/9,15:00,0.0, ,181960, ,22.56, ,56.50, ,99.0, 
2006/5/9,16:00,0.0, ,181840, ,21.51, ,56.80, ,98.9, 
2006/5/9,17:00,0.0, ,181730, ,24.44, ,57.00, ,98.8, 
2006/5/9,18:00,0.8, ,181610, ,22.68, ,57.00, ,98.8, 
2006/5/9,19:00,2.1, ,181500, ,28.62, ,57.10, ,98.7, 
2006/5/9,20:00,2.3, ,181380, ,21.39, ,56.70, ,98.6, 
2006/5/9,21:00,6.1, ,181270, ,27.78, ,56.70, ,98.6, 
2006/5/9,22:00,6.2, ,181210, ,29.68, ,56.80, ,98.5, 
2006/5/9,23:00,9.9, ,181150, ,35.88, ,56.90, ,98.5, 
2006/5/9,24:00,4.1, ,181090, ,45.21, ,56.40, ,100.0, 
2006/5/10,01:00,6.7, ,181150, ,56.10, ,56.90, ,100.0, 
2006/5/10,02:00,4.5, ,181320, ,82.64, ,56.90, ,100.0, 
2006/5/10,03:00,6.3, ,181610, ,117.80, ,56.70, ,100.0, 
2006/5/10,04:00,4.2, ,182070, ,165.79, ,56.70, ,100.0, 
2006/5/10,05:00,5.6, ,182710, ,210.49, ,57.00, ,100.0, 
2006/5/10,06:00,8.3, ,183290, ,224.87, ,56.90, ,100.0, 
2006/5/10,07:00,8.8, ,184040, ,241.94, ,56.30, ,100.0, 
2006/5/10,08:00,8.9, ,184970, ,295.07, ,56.40, ,100.0, 
2006/5/10,09:00,5.1, ,186310, ,372.17, ,56.10, ,100.0, 
2006/5/10,10:00,6.3, ,187780, ,445.58, ,56.10, ,100.0, 
2006/5/10,11:00,6.0, ,189360, ,484.85, ,55.90, ,100.0, 
2006/5/10,12:00,4.7, ,191010, ,504.65, ,55.80, ,100.0, 
2006/5/10,13:00,7.2, ,192670, ,521.51, ,55.60, ,100.0, 
2006/5/10,14:00,7.6, ,194220, ,514.56, ,100.20, ,100.0, 
2006/5/10,15:00,5.3, ,195480, ,530.64, ,317.30, ,100.0, 
2006/5/10,16:00,4.6, ,195840, ,573.19, ,558.56, ,100.0, 
2006/5/10,17:00,5.3, ,195960, ,598.61, ,579.76, ,100.0, 
2006/5/10,18:00,2.9, ,195900, ,592.82, ,579.24, ,100.0, 
2006/5/10,19:00,2.5, ,195900, ,545.47, ,497.60, ,100.0, 
2006/5/10,20:00,2.7, ,196080, ,505.60, ,431.06, ,100.0, 
2006/5/10,21:00,4.7, ,196380, ,489.84, ,403.94, ,100.0, 
2006/5/10,22:00,7.5, ,196680, ,474.03, ,381.96, ,100.0, 
2006/5/10,23:00,7.0, ,197040, ,474.07, ,384.76, ,100.0, 
2006/5/10,24:00,8.5, ,197700, ,526.91, ,389.48, ,100.0, 
2006/5/11,01:00,1.2, ,198430, ,590.31, ,394.56, ,100.0, 
2006/5/11,02:00,1.2, ,199040, ,588.15, ,398.52, ,100.0, 
2006/5/11,03:00,2.6, ,199460, ,543.04, ,401.46, ,100.0, 
2006/5/11,04:00,1.3, ,199700, ,485.56, ,402.96, ,100.0, 
2006/5/11,05:00,0.9, ,200190, ,430.14, ,180.98, ,100.0, 
2006/5/11,06:00,0.9, ,201040, ,385.65, ,151.48, ,100.0, 
2006/5/11,07:00,0.4, ,201710, ,355.21, ,152.34, ,100.0, 
2006/5/11,08:00,0.3, ,202330, ,335.83, ,153.28, ,100.0, 
2006/5/11,09:00,0.0, ,202820, ,301.04, ,153.70, ,100.0, 
2006/5/11,10:00,0.0, ,203180, ,283.86, ,154.72, ,100.0, 
2006/5/11,11:00,0.0, ,203550, ,257.90, ,155.22, ,100.0, 
2006/5/11,12:00,0.0, ,203860, ,239.99, ,156.04, ,100.0, 
2006/5/11,13:00,0.0, ,204110, ,230.85, ,156.14, ,100.0, 
2006/5/11,14:00,0.0, ,204230, ,208.76, ,156.54, ,100.0, 
2006/5/11,15:00,0.0, ,204350, ,197.38, ,156.34, ,100.0, 
2006/5/11,16:00,0.0, ,204470, ,184.15, ,156.54, ,100.0, 
2006/5/11,17:00,0.0, ,204540, ,173.79, ,156.74, ,100.0, 
2006/5/11,18:00,0.0, ,204540, ,172.43, ,156.74, ,100.0, 
2006/5/11,19:00,0.0, ,204540, ,156.83, ,157.04, ,100.0, 
2006/5/11,20:00,0.0, ,204600, ,145.76, ,124.38, ,100.0, 
2006/5/11,21:00,0.0, ,204660, ,140.25, ,124.46, ,100.0, 
2006/5/11,22:00,0.0, ,204660, ,138.32, ,125.26, ,100.0, 
2006/5/11,23:00,0.0, ,204660, ,125.12, ,125.36, ,100.0, 
2006/5/11,24:00,0.0, ,204840, ,126.82, ,75.32, ,100.0, 
2006/5/12,01:00,0.0, ,204970, ,113.74, ,75.46, ,100.0, 
2006/5/12,02:00,0.0, ,205090, ,117.74, ,0.00,$,100.0, 
2006/5/12,03:00,0.0, ,205280, ,112.67, ,75.14, ,100.0, 
2006/5/12,04:00,0.0, ,205340, ,110.70, ,75.46, ,100.0, 
2006/5/12,05:00,0.0, ,205460, ,105.04, ,75.50, ,100.0, 
2006/5/12,06:00,0.0, ,205520, ,98.18, ,75.52, ,100.0, 
2006/5/12,07:00,0.0, ,205580, ,92.26, ,75.34, ,100.0, 
2006/5/12,08:00,0.0, ,205650, ,96.52, ,75.56, ,100.0, 
2006/5/12,09:00,0.0, ,205710, ,88.79, ,75.28, ,100.0, 
2006/5/12,10:00,0.0, ,205770, ,89.04, ,75.30, ,100.0, 
2006/5/12,11:00,0.0, ,205770, ,86.53, ,75.40, ,100.0, 
2006/5/12,12:00,0.0, ,205830, ,92.30, ,75.72, ,100.0, 
2006/5/12,13:00,0.0, ,205830, ,75.72, ,75.32, ,100.0, 
2006/5/12,14:00,0.0, ,205830, ,75.47, ,75.42, ,100.0, 
2006/5/12,15:00,0.0, ,205830, ,75.33, ,75.18, ,100.0, 
2006/5/12,16:00,0.0, ,205830, ,75.23, ,75.08, ,100.0, 
2006/5/12,17:00,0.0, ,205830, ,75.21, ,75.28, ,100.0, 
2006/5/12,18:00,0.0, ,205830, ,75.22, ,75.08, ,100.0, 
2006/5/12,19:00,0.0, ,205830, ,75.22, ,75.28, ,100.0, 
2006/5/12,20:00,0.0, ,205830, ,75.24, ,75.28, ,100.0, 
2006/5/12,21:00,0.2, ,205830, ,75.19, ,74.98, ,100.0, 
2006/5/12,22:00,0.2, ,205770, ,59.79, ,75.27, ,100.0, 
2006/5/12,23:00,0.0, ,205710, ,68.72, ,75.05, ,100.0, 
2006/5/12,24:00,0.5, ,205650, ,62.42, ,75.23, ,100.0, 
2006/5/13,01:00,0.2, ,205650, ,58.71, ,75.53, ,100.0, 
2006/5/13,02:00,0.6, ,205580, ,60.63, ,75.31, ,100.0, 
2006/5/13,03:00,1.2, ,205520, ,59.23, ,75.09, ,99.9, 
2006/5/13,04:00,2.4, ,205460, ,61.20, ,75.07, ,99.9, 
2006/5/13,05:00,5.9, ,205400, ,66.34, ,75.06, ,99.9, 
2006/5/13,06:00,4.7, ,205400, ,60.06, ,75.26, ,99.9, 
2006/5/13,07:00,3.9, ,205400, ,75.24, ,75.06, ,99.9, 
2006/5/13,08:00,2.9, ,205400, ,75.20, ,75.16, ,99.9, 
2006/5/13,09:00,4.0, ,205520, ,93.72, ,74.99, ,99.9, 
2006/5/13,10:00,5.2, ,205580, ,112.55, ,107.06, ,100.0, 
2006/5/13,11:00,3.9, ,205770, ,146.37, ,134.58, ,100.0, 
2006/5/13,12:00,1.4, ,205830, ,168.18, ,166.75, ,100.0, 
2006/5/13,13:00,0.4, ,205890, ,177.72, ,174.00, ,100.0, 
2006/5/13,14:00,0.8, ,205890, ,190.47, ,190.41, ,100.0, 
2006/5/13,15:00,0.2, ,205890, ,186.34, ,187.28, ,100.0, 
2006/5/13,16:00,0.3, ,205830, ,178.37, ,180.62, ,100.0, 
2006/5/13,17:00,0.1, ,205770, ,153.96, ,153.60, ,100.0, 
2006/5/13,18:00,0.0, ,205710, ,141.03, ,128.64, ,100.0, 
2006/5/13,19:00,0.0, ,205650, ,122.76, ,128.98, ,100.0, 
2006/5/13,20:00,0.0, ,205710, ,102.79, ,93.98, ,100.0, 
2006/5/13,21:00,0.0, ,205770, ,115.03, ,93.62, ,100.0, 
2006/5/13,22:00,0.0, ,205770, ,101.67, ,93.82, ,100.0, 
2006/5/13,23:00,0.0, ,205770, ,93.95, ,94.02, ,100.0, 
2006/5/13,24:00,0.0, ,205770, ,93.93, ,93.92, ,100.0, 
2006/5/14,01:00,0.0, ,205770, ,93.90, ,93.92, ,100.0, 
2006/5/14,02:00,0.1, ,205710, ,79.04, ,93.78, ,100.0, 
2006/5/14,03:00,0.0, ,205650, ,79.05, ,74.22, ,99.9, 
2006/5/14,04:00,0.0, ,205650, ,69.20, ,74.22, ,99.9, 
2006/5/14,05:00,0.0, ,205650, ,73.95, ,73.62, ,99.9, 
2006/5/14,06:00,0.0, ,205650, ,73.92, ,74.02, ,99.9, 
2006/5/14,07:00,0.0, ,205650, ,73.94, ,74.02, ,99.9, 
2006/5/14,08:00,0.0, ,205650, ,73.96, ,73.72, ,99.9, 
2006/5/14,09:00,0.0, ,205650, ,73.94, ,74.22, ,99.9, 
2006/5/14,10:00,0.0, ,205650, ,73.90, ,74.12, ,99.9, 
2006/5/14,11:00,0.0, ,205650, ,73.85, ,73.72, ,99.9, 
2006/5/14,12:00,0.0, ,205580, ,61.22, ,74.10, ,99.9, 
2006/5/14,13:00,0.0, ,205580, ,68.98, ,73.80, ,99.9, 
2006/5/14,14:00,0.0, ,205520, ,59.55, ,73.88, ,99.9, 
2006/5/14,15:00,0.0, ,205460, ,59.36, ,62.29, ,99.8, 
2006/5/14,16:00,0.0, ,205460, ,56.92, ,58.70, ,99.8, 
2006/5/14,17:00,0.0, ,205460, ,59.59, ,58.70, ,99.8, 
2006/5/14,18:00,0.0, ,205460, ,58.86, ,58.60, ,99.8, 
2006/5/14,19:00,0.0, ,205460, ,58.82, ,58.60, ,99.8, 
2006/5/14,20:00,0.0, ,205460, ,58.83, ,58.70, ,99.8, 
2006/5/14,21:00,0.0, ,205460, ,58.87, ,58.90, ,99.8, 
2006/5/14,22:00,0.0, ,205400, ,45.68, ,58.90, ,99.8, 
2006/5/14,23:00,0.0, ,205400, ,54.88, ,58.90, ,99.8, 
2006/5/14,24:00,0.0, ,205340, ,44.35, ,59.10, ,100.0, 
2006/5/15,01:00,0.0, ,205340, ,56.28, ,59.00, ,100.0, 
2006/5/15,02:00,0.0, ,205280, ,42.30, ,58.79, ,100.0, 
2006/5/15,03:00,0.0, ,205280, ,58.35, ,58.59, ,100.0, 
2006/5/15,04:00,0.0, ,205210, ,47.43, ,58.79, ,99.9, 
2006/5/15,05:00,0.0, ,205210, ,53.10, ,58.99, ,99.9, 
2006/5/15,06:00,0.0, ,205150, ,42.59, ,58.79, ,99.9, 
2006/5/15,07:00,0.0, ,205090, ,47.17, ,58.78, ,99.9, 
2006/5/15,08:00,0.0, ,205030, ,48.29, ,58.88, ,99.8, 
2006/5/15,09:00,0.0, ,204970, ,43.73, ,58.78, ,99.8, 
2006/5/15,10:00,0.0, ,204970, ,44.05, ,58.98, ,99.8, 
2006/5/15,11:00,0.0, ,204910, ,43.74, ,58.97, ,99.8, 
2006/5/15,12:00,0.0, ,204840, ,40.32, ,58.67, ,99.7, 
2006/5/15,13:00,0.0, ,204780, ,42.60, ,58.87, ,99.7, 
2006/5/15,14:00,0.0, ,204720, ,44.90, ,59.06, ,99.6, 
2006/5/15,15:00,0.0, ,204600, ,34.09, ,58.76, ,99.6, 
2006/5/15,16:00,0.0, ,204540, ,42.36, ,58.76, ,99.5, 
2006/5/15,17:00,0.0, ,204470, ,35.61, ,55.30, ,99.5, 
2006/5/15,18:00,0.0, ,204410, ,34.68, ,55.40, ,99.5, 
2006/5/15,19:00,0.0, ,204290, ,37.68, ,55.40, ,99.4, 
2006/5/15,20:00,0.0, ,204230, ,28.27, ,55.10, ,99.4, 
2006/5/15,21:00,0.0, ,204170, ,33.41, ,55.50, ,99.3, 
2006/5/15,22:00,0.0, ,204110, ,35.10, ,55.50, ,99.3, 
2006/5/15,23:00,0.0, ,203980, ,31.17, ,55.50, ,99.2, 
2006/5/15,24:00,0.0, ,203920, ,32.92, ,55.20, ,100.0, 
2006/5/16,01:00,0.0, ,203800, ,30.32, ,55.30, ,99.9, 
2006/5/16,02:00,0.0, ,203740, ,32.06, ,55.60, ,99.9, 
2006/5/16,03:00,0.0, ,203670, ,34.12, ,55.50, ,99.9, 
2006/5/16,04:00,0.0, ,203550, ,28.43, ,55.60, ,99.8, 
2006/5/16,05:00,0.0, ,203490, ,33.00, ,55.40, ,99.8, 
2006/5/16,06:00,0.0, ,203370, ,27.87, ,55.60, ,99.7, 
2006/5/16,07:00,0.0, ,203310, ,32.16, ,55.20, ,99.6, 
2006/5/16,08:00,0.0, ,203180, ,25.66, ,55.30, ,99.6, 
2006/5/16,09:00,0.0, ,203120, ,36.18, ,55.50, ,99.5, 
2006/5/16,10:00,0.0, ,203000, ,31.58, ,55.60, ,99.5, 
2006/5/16,11:00,0.1, ,202940, ,27.38, ,55.50, ,99.4, 
2006/5/16,12:00,0.0, ,202820, ,27.65, ,55.40, ,99.4, 
2006/5/16,13:00,0.0, ,202750, ,30.21, ,55.70, ,99.3, 
2006/5/16,14:00,0.0, ,202630, ,29.13, ,55.60, ,99.3, 
2006/5/16,15:00,0.2, ,202570, ,30.85, ,55.40, ,99.2, 
2006/5/16,16:00,0.0, ,202450, ,27.97, ,55.60, ,99.2, 
2006/5/16,17:00,0.0, ,202330, ,29.69, ,55.70, ,99.1, 
2006/5/16,18:00,0.0, ,202200, ,23.82, ,55.40, ,99.0, 
2006/5/16,19:00,0.0, ,202140, ,25.52, ,55.90, ,99.0, 
2006/5/16,20:00,0.0, ,202080, ,29.21, ,55.50, ,98.9, 
2006/5/16,21:00,0.0, ,201960, ,29.20, ,55.50, ,98.9, 
2006/5/16,22:00,0.0, ,201840, ,26.98, ,55.40, ,98.8, 
2006/5/16,23:00,0.0, ,201770, ,29.26, ,55.40, ,98.8, 
2006/5/16,24:00,0.0, ,201650, ,23.36, ,55.70, ,100.0, 
2006/5/17,01:00,0.3, ,201530, ,29.88, ,55.40, ,99.9, 
2006/5/17,02:00,0.5, ,201470, ,29.94, ,55.60, ,99.9, 
2006/5/17,03:00,0.3, ,201350, ,25.98, ,55.50, ,99.8, 
2006/5/17,04:00,0.3, ,201220, ,25.99, ,55.90, ,99.8, 
2006/5/17,05:00,0.8, ,201100, ,22.03, ,55.60, ,99.7, 
2006/5/17,06:00,1.4, ,201040, ,30.23, ,55.70, ,99.6, 
2006/5/17,07:00,3.6, ,200920, ,31.69, ,55.80, ,99.6, 
2006/5/17,08:00,3.2, ,200860, ,33.47, ,55.80, ,99.5, 
2006/5/17,09:00,1.9, ,200800, ,33.49, ,55.70, ,99.5, 
2006/5/17,10:00,2.4, ,200680, ,28.39, ,56.00, ,99.4, 
2006/5/17,11:00,2.9, ,200680, ,42.80, ,55.80, ,99.4, 
2006/5/17,12:00,1.2, ,200610, ,38.94, ,55.90, ,99.4, 
2006/5/17,13:00,1.7, ,200550, ,42.58, ,56.10, ,99.4, 
2006/5/17,14:00,1.6, ,200490, ,43.16, ,55.90, ,99.3, 
2006/5/17,15:00,1.2, ,200490, ,47.93, ,55.70, ,99.3, 
2006/5/17,16:00,1.1, ,200430, ,44.18, ,55.50, ,99.3, 
2006/5/17,17:00,4.5, ,200430, ,50.35, ,55.80, ,99.3, 
2006/5/17,18:00,4.3, ,200430, ,55.80, ,55.90, ,99.3, 
2006/5/17,19:00,1.8, ,200430, ,55.82, ,56.10, ,99.3, 
2006/5/17,20:00,1.1, ,200430, ,55.80, ,55.50, ,99.3, 
2006/5/17,21:00,1.9, ,200430, ,55.85, ,55.80, ,99.3, 
2006/5/17,22:00,0.7, ,200490, ,56.96, ,56.10, ,99.3, 
2006/5/17,23:00,0.5, ,200490, ,71.57, ,55.70, ,99.3, 
2006/5/17,24:00,0.6, ,200550, ,59.49, ,55.80, ,100.0, 
2006/5/18,01:00,0.4, ,200550, ,69.06, ,55.90, ,100.0, 
2006/5/18,02:00,0.2, ,200550, ,55.79, ,55.80, ,100.0, 
2006/5/18,03:00,0.3, ,200550, ,55.77, ,55.80, ,100.0, 
2006/5/18,04:00,0.0, ,200550, ,55.78, ,55.60, ,100.0, 
2006/5/18,05:00,0.0, ,200550, ,55.82, ,55.90, ,100.0, 
2006/5/18,06:00,0.0, ,200550, ,55.82, ,56.00, ,100.0, 
2006/5/18,07:00,0.1, ,200550, ,55.84, ,55.70, ,100.0, 
2006/5/18,08:00,0.0, ,200490, ,55.26, ,55.70, ,100.0, 
2006/5/18,09:00,0.0, ,200490, ,39.45, ,55.80, ,100.0, 
2006/5/18,10:00,0.0, ,200430, ,44.78, ,56.10, ,99.9, 
2006/5/18,11:00,0.0, ,200430, ,49.94, ,55.80, ,99.9, 
2006/5/18,12:00,0.1, ,200370, ,41.23, ,55.90, ,99.9, 
2006/5/18,13:00,0.1, ,200310, ,42.90, ,55.80, ,99.9, 
2006/5/18,14:00,0.3, ,200250, ,43.78, ,55.90, ,99.8, 
2006/5/18,15:00,0.1, ,200190, ,43.21, ,56.10, ,99.8, 
2006/5/18,16:00,0.4, ,200130, ,35.89, ,55.80, ,99.8, 
2006/5/18,17:00,0.3, ,200070, ,42.96, ,55.90, ,99.7, 
2006/5/18,18:00,0.4, ,200070, ,39.83, ,55.60, ,99.7, 
2006/5/18,19:00,0.3, ,200010, ,41.23, ,55.90, ,99.7, 
2006/5/18,20:00,0.1, ,199950, ,42.63, ,55.90, ,99.7, 
2006/5/18,21:00,0.2, ,199880, ,42.38, ,55.70, ,99.6, 
2006/5/18,22:00,0.9, ,199820, ,41.00, ,55.60, ,99.6, 
2006/5/18,23:00,0.9, ,199760, ,37.87, ,56.00, ,99.5, 
2006/5/18,24:00,0.7, ,199700, ,43.82, ,56.10, ,100.0, 
2006/5/19,01:00,0.6, ,199700, ,41.05, ,55.70, ,100.0, 
2006/5/19,02:00,0.8, ,199640, ,39.35, ,55.70, ,100.0, 
2006/5/19,03:00,0.6, ,199580, ,43.82, ,56.00, ,99.9, 
2006/5/19,04:00,0.7, ,199520, ,35.41, ,56.20, ,99.9, 
2006/5/19,05:00,0.6, ,199460, ,41.89, ,56.40, ,99.9, 
2006/5/19,06:00,0.7, ,199400, ,44.72, ,56.20, ,99.8, 
2006/5/19,07:00,1.9, ,199340, ,43.64, ,56.00, ,99.8, 
2006/5/19,08:00,1.9, ,199340, ,41.68, ,56.10, ,99.8, 
2006/5/19,09:00,6.4, ,199340, ,56.00, ,55.70, ,99.8, 
2006/5/19,10:00,2.3, ,199340, ,50.92, ,55.70, ,99.8, 
2006/5/19,11:00,5.4, ,199340, ,60.98, ,55.70, ,99.8, 
2006/5/19,12:00,5.7, ,199460, ,72.17, ,56.10, ,99.9, 
2006/5/19,13:00,2.9, ,199820, ,120.26, ,55.60, ,100.0, 
2006/5/19,14:00,2.9, ,200130, ,157.65, ,59.11, ,100.0, 
2006/5/19,15:00,5.2, ,200550, ,172.49, ,59.04, ,100.0, 
2006/5/19,16:00,4.0, ,200920, ,163.34, ,59.16, ,100.0, 
2006/5/19,17:00,1.4, ,201290, ,167.64, ,58.88, ,100.0, 
2006/5/19,18:00,0.7, ,201710, ,183.65, ,59.00, ,100.0, 
2006/5/19,19:00,3.3, ,202140, ,191.63, ,59.43, ,100.0, 
2006/5/19,20:00,0.2, ,202630, ,185.72, ,59.05, ,100.0, 
2006/5/19,21:00,0.5, ,203000, ,175.90, ,58.97, ,100.0, 
2006/5/19,22:00,2.2, ,203430, ,176.00, ,58.80, ,100.0, 
2006/5/19,23:00,3.1, ,203860, ,168.98, ,58.82, ,100.0, 
2006/5/19,24:00,0.1, ,204230, ,166.30, ,62.28, ,100.0, 
2006/5/20,01:00,0.0, ,204540, ,165.33, ,75.83, ,100.0, 
2006/5/20,02:00,0.3, ,204780, ,155.73, ,84.55, ,100.0, 
2006/5/20,03:00,0.9, ,204970, ,147.59, ,92.76, ,100.0, 
2006/5/20,04:00,0.0, ,205150, ,147.26, ,101.46, ,100.0, 
2006/5/20,05:00,0.1, ,205280, ,139.49, ,109.81, ,100.0, 
2006/5/20,06:00,0.0, ,205340, ,135.05, ,117.79, ,100.0, 
2006/5/20,07:00,0.4, ,205340, ,130.10, ,119.96, ,100.0, 
2006/5/20,08:00,1.0, ,205340, ,120.06, ,109.36, ,100.0, 
2006/5/20,09:00,0.1, ,205340, ,113.04, ,109.16, ,100.0, 
2006/5/20,10:00,0.7, ,205340, ,109.10, ,109.16, ,100.0, 
2006/5/20,11:00,1.2, ,205340, ,109.09, ,108.66, ,100.0, 
2006/5/20,12:00,1.5, ,205280, ,102.59, ,92.32, ,100.0, 
2006/5/20,13:00,0.2, ,205280, ,84.88, ,92.32, ,100.0, 
2006/5/20,14:00,0.0, ,205280, ,87.27, ,82.24, ,100.0, 
2006/5/20,15:00,0.0, ,205340, ,92.68, ,82.86, ,100.0, 
2006/5/20,16:00,0.0, ,205340, ,89.27, ,82.46, ,100.0, 
2006/5/20,17:00,0.0, ,205340, ,82.47, ,82.56, ,100.0, 
2006/5/20,18:00,0.0, ,205340, ,82.43, ,82.16, ,100.0, 
2006/5/20,19:00,0.0, ,205340, ,82.40, ,82.46, ,100.0, 
2006/5/20,20:00,0.0, ,205340, ,82.44, ,82.46, ,100.0, 
2006/5/20,21:00,0.0, ,205340, ,82.41, ,82.26, ,100.0, 
2006/5/20,22:00,0.0, ,205340, ,82.39, ,82.16, ,100.0, 
2006/5/20,23:00,0.0, ,205340, ,82.41, ,82.46, ,100.0, 
2006/5/20,24:00,0.0, ,205280, ,81.25, ,82.44, ,100.0, 
2006/5/21,01:00,0.0, ,205280, ,66.36, ,82.04, ,100.0, 
2006/5/21,02:00,0.0, ,205280, ,76.14, ,69.84, ,100.0, 
2006/5/21,03:00,0.0, ,205280, ,69.60, ,69.64, ,100.0, 
2006/5/21,04:00,0.0, ,205280, ,69.60, ,69.84, ,100.0, 
2006/5/21,05:00,0.0, ,205280, ,69.63, ,69.74, ,100.0, 
2006/5/21,06:00,0.0, ,205280, ,69.61, ,69.64, ,100.0, 
2006/5/21,07:00,0.0, ,205280, ,69.62, ,69.44, ,100.0, 
2006/5/21,08:00,0.0, ,205280, ,69.64, ,69.64, ,100.0, 
2006/5/21,09:00,0.0, ,205210, ,54.77, ,69.84, ,100.0, 
2006/5/21,10:00,0.0, ,205210, ,60.04, ,55.30, ,100.0, 
2006/5/21,11:00,0.0, ,205210, ,55.25, ,55.10, ,100.0, 
2006/5/21,12:00,0.0, ,205280, ,62.66, ,55.20, ,100.0, 
2006/5/21,13:00,0.0, ,205280, ,64.92, ,55.30, ,100.0, 
2006/5/21,14:00,0.0, ,205280, ,55.24, ,55.30, ,100.0, 
2006/5/21,15:00,0.0, ,205280, ,55.31, ,55.30, ,100.0, 
2006/5/21,16:00,0.0, ,205280, ,55.29, ,55.30, ,100.0, 
2006/5/21,17:00,0.0, ,205280, ,55.27, ,55.20, ,100.0, 
2006/5/21,18:00,0.0, ,205280, ,55.25, ,55.30, ,100.0, 
2006/5/21,19:00,0.0, ,205210, ,45.52, ,55.30, ,100.0, 
2006/5/21,20:00,0.0, ,205210, ,47.83, ,55.20, ,100.0, 
2006/5/21,21:00,0.0, ,205150, ,45.51, ,55.30, ,99.9, 
2006/5/21,22:00,0.0, ,205150, ,47.83, ,55.00, ,99.9, 
2006/5/21,23:00,0.0, ,205090, ,38.09, ,55.40, ,99.9, 
2006/5/21,24:00,0.0, ,205030, ,47.86, ,55.40, ,100.0, 
2006/5/22,01:00,0.0, ,205030, ,45.55, ,55.50, ,100.0, 
2006/5/22,02:00,0.0, ,204970, ,42.16, ,55.20, ,100.0, 
2006/5/22,03:00,0.0, ,204910, ,41.59, ,55.20, ,99.9, 
2006/5/22,04:00,0.0, ,204840, ,43.60, ,55.30, ,99.9, 
2006/5/22,05:00,0.0, ,204840, ,42.44, ,55.10, ,99.9, 
2006/5/22,06:00,0.0, ,204780, ,38.20, ,55.10, ,99.9, 
2006/5/22,07:00,0.0, ,204720, ,39.61, ,55.20, ,99.8, 
2006/5/22,08:00,0.0, ,204660, ,43.02, ,55.20, ,99.8, 
2006/5/22,09:00,0.0, ,204600, ,35.32, ,55.00, ,99.7, 
2006/5/22,10:00,0.0, ,204540, ,40.14, ,55.30, ,99.7, 
2006/5/22,11:00,0.0, ,204470, ,40.46, ,55.50, ,99.7, 
2006/5/22,12:00,0.0, ,204410, ,36.52, ,55.60, ,99.6, 
2006/5/22,13:00,0.0, ,204350, ,38.20, ,55.40, ,99.6, 
2006/5/22,14:00,0.0, ,204290, ,35.99, ,55.30, ,99.6, 
2006/5/22,15:00,0.0, ,204230, ,39.71, ,55.20, ,99.5, 
2006/5/22,16:00,0.0, ,204170, ,35.71, ,55.50, ,99.5, 
2006/5/22,17:00,0.0, ,204110, ,37.44, ,55.50, ,99.5, 
2006/5/22,18:00,0.0, ,204040, ,36.89, ,55.60, ,99.4, 
2006/5/22,19:00,0.0, ,203920, ,34.65, ,55.60, ,99.3, 
2006/5/22,20:00,0.0, ,203860, ,38.33, ,55.30, ,99.3, 
2006/5/22,21:00,0.0, ,203800, ,35.53, ,55.30, ,99.3, 
2006/5/22,22:00,0.0, ,203740, ,36.63, ,55.30, ,99.2, 
2006/5/22,23:00,0.0, ,203670, ,33.26, ,55.30, ,99.2, 
2006/5/22,24:00,0.0, ,203550, ,36.35, ,55.40, ,100.0, 
2006/5/23,01:00,0.0, ,203490, ,30.40, ,55.70, ,100.0, 
2006/5/23,02:00,0.0, ,203430, ,35.25, ,55.60, ,99.9, 
2006/5/23,03:00,0.0, ,203370, ,33.34, ,55.50, ,99.9, 
2006/5/23,04:00,0.3, ,203250, ,32.18, ,55.50, ,99.8, 
2006/5/23,05:00,1.1, ,203180, ,39.02, ,55.30, ,99.8, 
2006/5/23,06:00,0.6, ,203120, ,33.02, ,55.40, ,99.7, 
2006/5/23,07:00,3.7, ,203060, ,34.45, ,55.60, ,99.7, 
2006/5/23,08:00,4.4, ,203060, ,50.72, ,55.40, ,99.7, 
2006/5/23,09:00,4.3, ,203000, ,40.74, ,55.70, ,99.7, 
2006/5/23,10:00,3.4, ,203000, ,53.27, ,55.50, ,99.7, 
2006/5/23,11:00,3.7, ,203000, ,55.56, ,55.80, ,99.7, 
2006/5/23,12:00,3.9, ,203000, ,55.57, ,55.60, ,99.7, 
2006/5/23,13:00,1.2, ,203060, ,64.07, ,55.50, ,99.7, 
2006/5/23,14:00,0.0, ,203120, ,74.25, ,55.20, ,99.7, 
2006/5/23,15:00,0.3, ,203120, ,62.20, ,55.30, ,99.7, 
2006/5/23,16:00,0.0, ,203180, ,67.92, ,55.40, ,99.8, 
2006/5/23,17:00,0.0, ,203180, ,59.98, ,55.20, ,99.8, 
2006/5/23,18:00,0.0, ,203180, ,55.49, ,55.70, ,99.8, 
2006/5/23,19:00,0.0, ,203180, ,55.50, ,55.30, ,99.8, 
2006/5/23,20:00,0.0, ,203180, ,55.49, ,55.60, ,99.8, 
2006/5/23,21:00,0.0, ,203180, ,55.54, ,55.50, ,99.8, 
2006/5/23,22:00,0.0, ,203120, ,44.15, ,55.20, ,99.7, 
2006/5/23,23:00,0.0, ,203120, ,49.83, ,55.40, ,99.7, 
2006/5/23,24:00,0.0, ,203060, ,41.84, ,55.40, ,100.0, 
2006/5/24,01:00,0.0, ,203000, ,47.01, ,55.40, ,100.0, 
2006/5/24,02:00,0.0, ,202940, ,41.04, ,55.80, ,100.0, 
2006/5/24,03:00,0.0, ,202880, ,37.38, ,55.50, ,100.0, 
2006/5/24,04:00,0.0, ,202880, ,42.16, ,55.60, ,100.0, 
2006/5/24,05:00,0.0, ,202820, ,39.05, ,55.40, ,100.0, 
2006/5/24,06:00,0.0, ,202750, ,41.05, ,55.50, ,100.0, 
2006/5/24,07:00,0.0, ,202690, ,35.36, ,55.60, ,100.0, 
2006/5/24,08:00,0.0, ,202630, ,38.78, ,55.60, ,100.0, 
2006/5/24,09:00,0.0, ,202510, ,37.68, ,55.30, ,100.0, 
2006/5/24,10:00,0.0, ,202450, ,36.85, ,55.50, ,100.0, 
2006/5/24,11:00,0.0, ,202390, ,35.72, ,55.40, ,99.9, 
2006/5/24,12:00,0.0, ,202330, ,33.27, ,55.70, ,99.9, 
2006/5/24,13:00,0.0, ,202260, ,39.20, ,55.60, ,99.9, 
2006/5/24,14:00,0.0, ,202140, ,32.38, ,55.60, ,99.8, 
2006/5/24,15:00,0.0, ,202080, ,30.39, ,55.90, ,99.7, 
2006/5/24,16:00,0.0, ,202020, ,35.21, ,55.70, ,99.7, 
2006/5/24,17:00,0.0, ,201900, ,36.91, ,55.70, ,99.6, 
2006/5/24,18:00,0.0, ,201840, ,27.53, ,55.50, ,99.6, 
2006/5/24,19:00,0.0, ,201710, ,29.00, ,55.70, ,99.5, 
2006/5/24,20:00,0.0, ,201650, ,28.45, ,55.70, ,99.5, 
2006/5/24,21:00,0.0, ,201530, ,27.66, ,55.50, ,99.4, 
2006/5/24,22:00,0.0, ,201470, ,31.04, ,55.60, ,99.4, 
2006/5/24,23:00,0.0, ,201350, ,26.20, ,55.50, ,99.3, 
2006/5/24,24:00,0.0, ,201220, ,30.50, ,55.70, ,100.0, 
2006/5/25,01:00,0.0, ,201160, ,29.40, ,55.50, ,100.0, 
2006/5/25,02:00,0.0, ,201040, ,30.26, ,55.60, ,100.0, 
2006/5/25,03:00,0.0, ,200920, ,23.24, ,55.70, ,100.0, 
2006/5/25,04:00,0.0, ,200860, ,27.58, ,55.90, ,100.0, 
2006/5/25,05:00,0.0, ,200740, ,26.98, ,55.60, ,99.9, 
2006/5/25,06:00,0.0, ,200610, ,30.18, ,56.00, ,99.8, 
2006/5/25,07:00,0.0, ,200550, ,26.79, ,55.80, ,99.8, 
2006/5/25,08:00,0.0, ,200430, ,26.76, ,55.80, ,99.7, 
2006/5/25,09:00,0.0, ,200310, ,25.94, ,56.00, ,99.7, 
2006/5/25,10:00,0.0, ,200250, ,28.75, ,56.10, ,99.6, 
2006/5/25,11:00,0.0, ,200130, ,28.19, ,55.60, ,99.5, 
2006/5/25,12:00,0.0, ,200010, ,29.93, ,55.70, ,99.5, 
2006/5/25,13:00,0.0, ,199950, ,26.02, ,55.70, ,99.4, 
2006/5/25,14:00,0.0, ,199760, ,18.16, ,55.70, ,99.3, 
2006/5/25,15:00,0.0, ,199700, ,24.07, ,55.90, ,99.3, 
2006/5/25,16:00,0.0, ,199580, ,26.03, ,55.70, ,99.2, 
2006/5/25,17:00,0.0, ,199460, ,30.59, ,56.00, ,99.1, 
2006/5/25,18:00,0.0, ,199400, ,27.03, ,55.60, ,99.1, 
2006/5/25,19:00,0.0, ,199280, ,26.17, ,56.00, ,99.0, 
2006/5/25,20:00,0.0, ,199160, ,23.14, ,55.90, ,99.0, 
2006/5/25,21:00,0.0, ,199040, ,27.04, ,56.10, ,98.9, 
2006/5/25,22:00,0.0, ,198910, ,26.22, ,56.20, ,98.8, 
2006/5/25,23:00,0.0, ,198850, ,26.83, ,56.10, ,98.8, 
2006/5/25,24:00,0.0, ,198730, ,23.79, ,56.20, ,100.0, 
2006/5/26,01:00,0.0, ,198610, ,23.52, ,56.20, ,99.9, 
2006/5/26,02:00,0.0, ,198490, ,24.12, ,56.00, ,99.9, 
2006/5/26,03:00,0.0, ,198370, ,23.87, ,56.00, ,99.8, 
2006/5/26,04:00,0.0, ,198250, ,27.77, ,56.00, ,99.7, 
2006/5/26,05:00,0.0, ,198130, ,19.90, ,56.00, ,99.6, 
2006/5/26,06:00,0.0, ,198010, ,26.40, ,56.00, ,99.6, 
2006/5/26,07:00,0.3, ,197950, ,24.49, ,56.10, ,99.5, 
2006/5/26,08:00,0.0, ,197770, ,23.70, ,56.10, ,99.4, 
2006/5/26,09:00,0.1, ,197700, ,24.55, ,56.00, ,99.4, 
2006/5/26,10:00,2.5, ,197580, ,29.65, ,56.20, ,99.3, 
2006/5/26,11:00,4.7, ,197460, ,23.50, ,56.10, ,99.2, 
2006/5/26,12:00,2.9, ,197340, ,23.23, ,56.30, ,99.1, 
2006/5/26,13:00,3.9, ,197280, ,29.14, ,56.40, ,99.1, 
2006/5/26,14:00,1.4, ,197100, ,22.17, ,56.40, ,99.0, 
2006/5/26,15:00,1.0, ,196980, ,20.00, ,56.00, ,98.9, 
2006/5/26,16:00,0.0, ,196920, ,28.11, ,56.40, ,98.9, 
2006/5/26,17:00,0.1, ,196740, ,17.77, ,56.20, ,98.8, 
2006/5/26,18:00,0.0, ,196680, ,25.87, ,56.30, ,98.7, 
2006/5/26,19:00,0.0, ,196560, ,27.28, ,56.10, ,98.7, 
2006/5/26,20:00,0.1, ,196440, ,28.71, ,56.20, ,98.6, 
2006/5/26,21:00,0.0, ,196320, ,15.35, ,56.40, ,98.5, 
2006/5/26,22:00,0.0, ,196140, ,19.82, ,56.40, ,98.4, 
2006/5/26,23:00,0.1, ,196020, ,15.72, ,56.10, ,98.3, 
2006/5/26,24:00,0.2, ,195840, ,14.93, ,56.30, ,100.0, 
2006/5/27,01:00,0.0, ,195720, ,13.00, ,56.30, ,99.9, 
2006/5/27,02:00,0.0, ,195540, ,11.13, ,56.60, ,99.8, 
2006/5/27,03:00,0.0, ,195360, ,11.41, ,56.40, ,99.7, 
2006/5/27,04:00,0.1, ,195240, ,14.43, ,56.70, ,99.6, 
2006/5/27,05:00,0.0, ,195060, ,8.70, ,56.40, ,99.5, 
2006/5/27,06:00,0.0, ,194880, ,14.07, ,56.40, ,99.4, 
2006/5/27,07:00,0.0, ,194700, ,7.44, ,56.30, ,99.3, 
2006/5/27,08:00,0.0, ,194520, ,13.86, ,56.50, ,99.2, 
2006/5/27,09:00,0.0, ,194400, ,13.93, ,56.70, ,99.1, 
2006/5/27,10:00,0.1, ,194280, ,14.76, ,56.60, ,99.0, 
2006/5/27,11:00,0.0, ,194100, ,18.16, ,56.70, ,98.9, 
2006/5/27,12:00,0.0, ,193980, ,22.92, ,56.50, ,98.8, 
2006/5/27,13:00,0.3, ,193860, ,18.46, ,56.50, ,98.8, 
2006/5/27,14:00,0.3, ,193750, ,24.06, ,56.40, ,98.7, 
2006/5/27,15:00,0.0, ,193630, ,21.01, ,56.60, ,98.6, 
2006/5/27,16:00,0.1, ,193510, ,24.02, ,56.50, ,98.6, 
2006/5/27,17:00,0.3, ,193390, ,24.36, ,57.00, ,98.5, 
2006/5/27,18:00,0.1, ,193210, ,21.12, ,56.80, ,98.4, 
2006/5/27,19:00,0.1, ,193150, ,17.24, ,56.80, ,98.3, 
2006/5/27,20:00,0.1, ,192970, ,20.30, ,56.70, ,98.2, 
2006/5/27,21:00,0.7, ,192850, ,24.45, ,56.80, ,98.1, 
2006/5/27,22:00,0.6, ,192730, ,16.52, ,56.60, ,98.1, 
2006/5/27,23:00,1.1, ,192610, ,19.05, ,56.80, ,98.0, 
2006/5/27,24:00,0.6, ,192440, ,18.26, ,56.80, ,100.0, 
2006/5/28,01:00,0.0, ,192320, ,16.68, ,57.10, ,99.9, 
2006/5/28,02:00,0.0, ,192140, ,12.29, ,56.60, ,99.8, 
2006/5/28,03:00,0.0, ,191960, ,15.33, ,56.60, ,99.7, 
2006/5/28,04:00,0.0, ,191840, ,11.23, ,56.70, ,99.6, 
2006/5/28,05:00,0.0, ,191660, ,17.92, ,56.50, ,99.5, 
2006/5/28,06:00,0.0, ,191490, ,10.57, ,57.10, ,99.4, 
2006/5/28,07:00,0.0, ,191370, ,11.30, ,56.70, ,99.3, 
2006/5/28,08:00,0.0, ,191190, ,14.40, ,56.60, ,99.2, 
2006/5/28,09:00,0.0, ,191070, ,17.47, ,57.00, ,99.1, 
2006/5/28,10:00,0.0, ,190900, ,17.57, ,57.10, ,99.0, 
2006/5/28,11:00,0.0, ,190780, ,17.87, ,56.90, ,99.0, 
2006/5/28,12:00,0.0, ,190660, ,20.65, ,57.10, ,98.9, 
2006/5/28,13:00,0.0, ,190540, ,22.77, ,56.90, ,98.8, 
2006/5/28,14:00,0.0, ,190360, ,17.60, ,57.00, ,98.7, 
2006/5/28,15:00,0.0, ,190250, ,20.44, ,56.70, ,98.6, 
2006/5/28,16:00,0.0, ,190130, ,22.12, ,57.10, ,98.6, 
2006/5/28,17:00,0.0, ,190010, ,19.97, ,57.30, ,98.5, 
2006/5/28,18:00,0.0, ,189890, ,21.87, ,57.10, ,98.4, 
2006/5/28,19:00,0.0, ,189720, ,20.27, ,57.10, ,98.3, 
2006/5/28,20:00,0.0, ,189600, ,19.20, ,57.10, ,98.2, 
2006/5/28,21:00,0.0, ,189480, ,19.82, ,57.10, ,98.2, 
2006/5/28,22:00,0.0, ,189300, ,20.09, ,57.00, ,98.0, 
2006/5/28,23:00,0.0, ,189190, ,17.73, ,57.00, ,98.0, 
2006/5/28,24:00,0.0, ,189010, ,19.13, ,57.20, ,100.0, 
2006/5/29,01:00,0.0, ,188890, ,10.67, ,57.70, ,99.9, 
2006/5/29,02:00,0.0, ,188720, ,12.05, ,57.40, ,99.8, 
2006/5/29,03:00,0.0, ,188540, ,12.02, ,57.40, ,99.7, 
2006/5/29,04:00,0.0, ,188360, ,10.06, ,57.20, ,99.6, 
2006/5/29,05:00,0.0, ,188190, ,13.83, ,57.40, ,99.5, 
2006/5/29,06:00,0.0, ,188070, ,10.17, ,56.90, ,99.4, 
2006/5/29,07:00,0.0, ,187890, ,10.87, ,57.50, ,99.3, 
2006/5/29,08:00,0.0, ,187720, ,12.27, ,57.50, ,99.2, 
2006/5/29,09:00,0.0, ,187540, ,13.12, ,57.30, ,99.1, 
2006/5/29,10:00,0.0, ,187420, ,14.23, ,57.20, ,99.0, 
2006/5/29,11:00,0.0, ,187250, ,16.68, ,57.20, ,98.9, 
2006/5/29,12:00,0.0, ,187130, ,17.52, ,57.20, ,98.8, 
2006/5/29,13:00,0.0, ,187010, ,21.93, ,57.90, ,98.7, 
2006/5/29,14:00,0.0, ,186840, ,18.21, ,57.30, ,98.6, 
2006/5/29,15:00,0.0, ,186720, ,15.26, ,57.40, ,98.6, 
2006/5/29,16:00,0.0, ,186550, ,19.35, ,57.60, ,98.4, 
2006/5/29,17:00,0.0, ,186430, ,20.46, ,57.50, ,98.4, 
2006/5/29,18:00,0.0, ,186310, ,17.77, ,57.50, ,98.3, 
2006/5/29,19:00,0.0, ,186140, ,17.00, ,57.80, ,98.2, 
2006/5/29,20:00,0.0, ,186020, ,19.20, ,57.40, ,98.1, 
2006/5/29,21:00,0.0, ,185850, ,20.57, ,57.50, ,98.0, 
2006/5/29,22:00,0.0, ,185730, ,16.56, ,57.90, ,97.9, 
2006/5/29,23:00,0.0, ,185550, ,16.31, ,57.50, ,97.8, 
2006/5/29,24:00,0.0, ,185380, ,15.27, ,57.70, ,100.0, 
2006/5/30,01:00,0.0, ,185260, ,10.72, ,57.80, ,99.9, 
2006/5/30,02:00,0.0, ,185090, ,12.66, ,57.70, ,99.8, 
2006/5/30,03:00,0.0, ,184910, ,9.56, ,57.80, ,99.7, 
2006/5/30,04:00,0.0, ,184740, ,9.12, ,57.90, ,99.6, 
2006/5/30,05:00,0.0, ,184560, ,13.07, ,58.40, ,99.5, 
2006/5/30,06:00,0.0, ,184390, ,8.98, ,58.30, ,99.4, 
2006/5/30,07:00,0.0, ,184210, ,10.43, ,57.90, ,99.3, 
2006/5/30,08:00,0.0, ,184040, ,10.43, ,57.60, ,99.1, 
2006/5/30,09:00,0.0, ,183870, ,10.16, ,57.70, ,99.0, 
2006/5/30,10:00,0.0, ,183750, ,15.02, ,57.90, ,99.0, 
2006/5/30,11:00,0.0, ,183580, ,18.73, ,58.10, ,98.9, 
2006/5/30,12:00,0.0, ,183460, ,17.44, ,57.90, ,98.8, 
2006/5/30,13:00,0.0, ,183290, ,17.47, ,57.90, ,98.7, 
2006/5/30,14:00,0.0, ,183170, ,17.50, ,58.00, ,98.6, 
2006/5/30,15:00,0.1, ,183000, ,14.32, ,57.80, ,98.5, 
2006/5/30,16:00,0.0, ,182880, ,22.12, ,57.90, ,98.4, 
2006/5/30,17:00,0.0, ,182710, ,14.37, ,58.00, ,98.3, 
2006/5/30,18:00,0.0, ,182530, ,16.85, ,58.30, ,98.2, 
2006/5/30,19:00,0.0, ,182420, ,16.63, ,58.10, ,98.1, 
2006/5/30,20:00,0.0, ,182250, ,16.95, ,58.10, ,98.0, 
2006/5/30,21:00,0.0, ,182130, ,17.79, ,57.90, ,97.9, 
2006/5/30,22:00,0.0, ,181960, ,15.45, ,57.80, ,97.8, 
2006/5/30,23:00,0.0, ,181840, ,16.54, ,58.20, ,97.7, 
2006/5/30,24:00,0.0, ,181610, ,14.38, ,58.40, ,100.0, 
2006/5/31,01:00,0.0, ,181440, ,10.37, ,58.10, ,99.9, 
2006/5/31,02:00,0.0, ,181270, ,9.63, ,58.20, ,99.8, 
2006/5/31,03:00,0.0, ,181090, ,10.84, ,58.30, ,99.7, 
2006/5/31,04:00,0.0, ,180920, ,9.56, ,58.00, ,99.6, 
2006/5/31,09:00,0.0, ,180060, ,10.85, ,58.20, ,99.0, 
2006/5/31,10:00,0.0, ,179890, ,13.36, ,58.20, ,98.9, 
2006/5/31,11:00,0.0, ,179720, ,16.82, ,58.70, ,98.8, 
2006/5/31,12:00,0.0, ,179600, ,15.38, ,58.70, ,98.7, 
2006/5/31,13:00,0.0, ,179430, ,17.03, ,58.40, ,98.6, 
2006/5/31,14:00,0.0, ,179260, ,15.68, ,58.60, ,98.5, 
2006/5/31,15:00,0.0, ,179150, ,15.19, ,58.40, ,98.4, 
2006/5/31,16:00,0.0, ,178980, ,15.22, ,58.60, ,98.3, 
2006/5/31,17:00,0.0, ,178810, ,17.87, ,58.50, ,98.2, 
2006/5/31,18:00,0.0, ,178690, ,16.82, ,58.70, ,98.1, 
2006/5/31,19:00,0.0, ,178520, ,15.34, ,58.50, ,98.0, 
2006/5/31,20:00,0.0, ,178350, ,18.04, ,58.40, ,97.9, 
2006/5/31,21:00,0.0, ,178240, ,17.00, ,58.30, ,97.8, 
2006/5/31,22:00,0.0, ,178060, ,15.73, ,58.40, ,97.7, 
2006/5/31,23:00,0.0, ,177890, ,15.00, ,58.90, ,97.6, 
2006/5/31,24:00,0.0, ,177720, ,12.95, ,58.80, ,100.0, 
