îCà”ä˙ä‘É_ÉÄèîó åüçıåãâ 
êÖånñº,ãgñÏêÏ
âÕêÏñº,ãgñÏêÏ
äœë™èäñº,ëÅñæâYÉ_ÉÄÅiã@ç\Åj
äœë™èäãLçÜ,1368080700010
#
#îNåéì˙,éûçè,ó¨àÊïΩãœâJó ,ó¨àÊïΩãœâJó ëÆê´,íôêÖó ,íôêÖó ëÆê´,ó¨ì¸ó ,ó¨ì¸ó ëÆê´,ï˙ó¨ó ,ï˙ó¨ó ëÆê´,íôêÖó¶,íôêÖó¶ëÆê´
#ëÆê´Å@$:åáë™ -:ñ¢éÛêM
#
2022/1/1,01:00,0.0, ,135870, ,3.07, ,14.64, ,99.2, 
2022/1/1,02:00,0.0, ,135870, ,2.17, ,14.64, ,99.2, 
2022/1/1,03:00,0.0, ,135820, ,3.53, ,14.63, ,99.1, 
2022/1/1,04:00,0.0, ,135770, ,1.94, ,14.63, ,99.1, 
2022/1/1,05:00,0.0, ,135720, ,0.80, ,14.63, ,99.0, 
2022/1/1,06:00,0.0, ,135670, ,3.30, ,14.63, ,99.0, 
2022/1/1,07:00,0.0, ,135620, ,0.81, ,14.63, ,98.9, 
2022/1/1,08:00,0.0, ,135570, ,3.76, ,14.63, ,98.9, 
2022/1/1,09:00,0.0, ,135520, ,0.00, ,14.63, ,98.8, 
2022/1/1,10:00,0.0, ,135520, ,7.61, ,14.63, ,98.8, 
2022/1/1,11:00,0.0, ,135520, ,14.63, ,14.63, ,98.8, 
2022/1/1,12:00,0.0, ,135470, ,11.01, ,14.62, ,98.8, 
2022/1/1,13:00,0.0, ,135470, ,4.66, ,14.62, ,98.8, 
2022/1/1,14:00,0.0, ,135470, ,14.62, ,14.62, ,98.8, 
2022/1/1,15:00,0.0, ,135470, ,14.62, ,14.62, ,98.8, 
2022/1/1,16:00,0.0, ,135430, ,8.74, ,14.62, ,98.7, 
2022/1/1,17:00,0.0, ,135430, ,6.92, ,14.62, ,98.7, 
2022/1/1,18:00,0.0, ,135380, ,6.47, ,14.62, ,98.7, 
2022/1/1,19:00,0.0, ,135330, ,5.57, ,14.62, ,98.6, 
2022/1/1,20:00,0.0, ,135280, ,2.17, ,14.62, ,98.6, 
2022/1/1,21:00,0.0, ,135230, ,0.60, ,14.62, ,98.5, 
2022/1/1,22:00,0.0, ,135180, ,1.28, ,14.62, ,98.5, 
2022/1/1,23:00,0.0, ,135130, ,1.75, ,14.62, ,98.4, 
2022/1/1,24:00,0.0, ,135130, ,3.10, ,14.62, ,98.4, 
2022/1/2,01:00,0.0, ,135080, ,2.20, ,14.61, ,98.4, 
2022/1/2,02:00,0.0, ,135030, ,2.64, ,14.61, ,98.3, 
2022/1/2,03:00,0.0, ,134990, ,1.29, ,14.61, ,98.3, 
2022/1/2,04:00,0.0, ,134940, ,4.00, ,14.61, ,98.3, 
2022/1/2,05:00,0.0, ,134890, ,2.65, ,14.61, ,98.2, 
2022/1/2,06:00,0.0, ,134840, ,3.10, ,14.61, ,98.2, 
2022/1/2,07:00,0.0, ,134790, ,1.98, ,14.61, ,98.1, 
2022/1/2,08:00,0.0, ,134740, ,3.11, ,14.61, ,98.1, 
2022/1/2,09:00,0.0, ,134740, ,2.21, ,14.61, ,98.1, 
2022/1/2,10:00,0.0, ,134650, ,0.00, ,14.60, ,98.0, 
2022/1/2,11:00,0.0, ,134650, ,2.21, ,14.60, ,98.0, 
2022/1/2,12:00,0.0, ,134650, ,14.60, ,14.60, ,98.0, 
2022/1/2,13:00,0.0, ,134650, ,14.60, ,14.60, ,98.0, 
2022/1/2,14:00,0.0, ,134650, ,14.60, ,14.60, ,98.0, 
2022/1/2,15:00,0.0, ,134600, ,4.23, ,14.60, ,97.9, 
2022/1/2,16:00,0.0, ,134600, ,11.45, ,14.60, ,97.9, 
2022/1/2,17:00,0.0, ,134550, ,12.80, ,14.60, ,97.9, 
2022/1/2,18:00,0.0, ,134550, ,2.88, ,14.60, ,97.9, 
2022/1/2,19:00,0.0, ,134500, ,4.69, ,14.60, ,97.8, 
2022/1/2,20:00,0.0, ,134450, ,4.46, ,14.60, ,97.8, 
2022/1/2,21:00,0.0, ,134400, ,3.79, ,14.60, ,97.7, 
2022/1/2,22:00,0.0, ,134350, ,0.00, ,14.59, ,97.7, 
2022/1/2,23:00,0.0, ,134300, ,4.91, ,14.59, ,97.6, 
2022/1/2,24:00,0.0, ,134260, ,1.09, ,14.59, ,97.6, 
2022/1/3,01:00,0.0, ,134260, ,2.44, ,14.59, ,97.6, 
2022/1/3,02:00,0.0, ,134210, ,1.77, ,14.59, ,97.6, 
2022/1/3,03:00,0.0, ,134160, ,0.87, ,14.59, ,97.5, 
2022/1/3,04:00,0.0, ,134110, ,3.35, ,14.59, ,97.5, 
2022/1/3,05:00,0.0, ,134060, ,4.02, ,14.59, ,97.4, 
2022/1/3,06:00,0.0, ,134010, ,0.20, ,14.59, ,97.4, 
2022/1/3,07:00,0.0, ,133960, ,3.80, ,14.58, ,97.3, 
2022/1/3,08:00,0.0, ,133920, ,2.22, ,14.58, ,97.3, 
2022/1/3,09:00,0.0, ,133870, ,0.00, ,14.58, ,97.2, 
2022/1/3,10:00,0.0, ,133820, ,5.14, ,14.58, ,97.2, 
2022/1/3,11:00,0.0, ,133820, ,3.80, ,14.58, ,97.2, 
2022/1/3,12:00,0.0, ,133820, ,14.58, ,14.58, ,97.2, 
2022/1/3,13:00,0.0, ,133820, ,14.58, ,14.58, ,97.2, 
2022/1/3,14:00,0.0, ,133770, ,10.31, ,14.58, ,97.1, 
2022/1/3,15:00,0.0, ,133770, ,5.38, ,14.58, ,97.1, 
2022/1/3,16:00,0.0, ,133770, ,14.58, ,14.58, ,97.1, 
2022/1/3,17:00,0.0, ,133720, ,7.40, ,14.58, ,97.1, 
2022/1/3,18:00,0.0, ,133720, ,8.29, ,14.58, ,97.1, 
2022/1/3,19:00,0.0, ,133670, ,4.48, ,14.58, ,97.0, 
2022/1/3,20:00,0.0, ,133630, ,4.93, ,14.58, ,97.0, 
2022/1/3,21:00,0.0, ,133580, ,0.00, ,14.57, ,97.0, 
2022/1/3,22:00,0.0, ,133530, ,3.35, ,14.57, ,96.9, 
2022/1/3,23:00,0.0, ,133480, ,2.90, ,14.57, ,96.9, 
2022/1/3,24:00,0.0, ,133430, ,0.00, ,14.57, ,96.8, 
2022/1/4,01:00,0.0, ,133380, ,2.69, ,14.57, ,96.8, 
2022/1/4,02:00,0.0, ,133330, ,1.12, ,14.57, ,96.7, 
2022/1/4,03:00,0.0, ,133290, ,2.91, ,14.57, ,96.7, 
2022/1/4,04:00,0.0, ,133290, ,4.03, ,14.57, ,96.7, 
2022/1/4,05:00,0.0, ,133240, ,2.47, ,14.56, ,96.6, 
2022/1/4,06:00,0.0, ,133190, ,1.12, ,14.56, ,96.6, 
2022/1/4,07:00,0.0, ,133140, ,2.69, ,14.56, ,96.5, 
2022/1/4,08:00,0.0, ,133090, ,0.68, ,14.56, ,96.5, 
2022/1/4,09:00,0.0, ,133040, ,2.25, ,14.56, ,96.4, 
2022/1/4,10:00,0.0, ,133000, ,5.83, ,14.56, ,96.4, 
2022/1/4,11:00,0.0, ,133000, ,6.37, ,15.20, ,96.4, 
2022/1/4,12:00,0.0, ,132950, ,12.51, ,15.20, ,96.3, 
2022/1/4,13:00,0.0, ,132950, ,6.02, ,15.20, ,96.3, 
2022/1/4,14:00,0.0, ,132950, ,13.63, ,15.20, ,96.3, 
2022/1/4,15:00,0.0, ,132900, ,11.17, ,15.20, ,96.3, 
2022/1/4,16:00,0.0, ,132900, ,5.81, ,15.20, ,96.3, 
2022/1/4,17:00,0.0, ,132900, ,15.20, ,15.20, ,96.3, 
2022/1/4,18:00,0.0, ,132850, ,11.62, ,15.20, ,96.3, 
2022/1/4,19:00,0.0, ,132800, ,2.90, ,15.20, ,96.2, 
2022/1/4,20:00,0.0, ,132750, ,2.90, ,15.20, ,96.2, 
2022/1/4,21:00,0.0, ,132710, ,1.33, ,15.20, ,96.1, 
2022/1/4,22:00,0.0, ,132710, ,4.79, ,17.30, ,96.1, 
2022/1/4,23:00,0.0, ,132660, ,6.58, ,17.30, ,96.1, 
2022/1/4,24:00,0.0, ,132610, ,1.88, ,17.30, ,96.0, 
2022/1/5,01:00,0.0, ,132560, ,5.02, ,17.30, ,96.0, 
2022/1/5,02:00,0.0, ,132510, ,2.56, ,17.30, ,95.9, 
2022/1/5,03:00,0.0, ,132460, ,4.57, ,17.30, ,95.9, 
2022/1/5,04:00,0.0, ,132420, ,5.46, ,17.30, ,95.8, 
2022/1/5,05:00,0.0, ,132370, ,1.89, ,17.28, ,95.8, 
2022/1/5,06:00,0.0, ,132320, ,5.90, ,17.28, ,95.7, 
2022/1/5,07:00,0.0, ,132270, ,1.44, ,17.28, ,95.7, 
2022/1/5,08:00,0.0, ,132220, ,3.68, ,17.28, ,95.6, 
2022/1/5,09:00,0.0, ,132180, ,3.90, ,17.28, ,95.6, 
2022/1/5,10:00,0.0, ,132080, ,5.46, ,17.28, ,95.5, 
2022/1/5,11:00,0.0, ,132080, ,2.34, ,17.28, ,95.5, 
2022/1/5,12:00,0.0, ,132030, ,16.17, ,17.28, ,95.5, 
2022/1/5,13:00,0.0, ,132030, ,5.02, ,17.28, ,95.5, 
2022/1/5,14:00,0.0, ,132030, ,17.28, ,17.28, ,95.5, 
2022/1/5,15:00,0.0, ,131980, ,3.91, ,17.28, ,95.4, 
2022/1/5,16:00,0.0, ,131980, ,17.28, ,17.28, ,95.4, 
2022/1/5,17:00,0.0, ,131930, ,8.37, ,17.28, ,95.4, 
2022/1/5,18:00,0.0, ,131890, ,10.37, ,17.28, ,95.3, 
2022/1/5,19:00,0.0, ,131890, ,6.36, ,17.28, ,95.3, 
2022/1/5,20:00,0.0, ,131790, ,3.03, ,17.28, ,95.2, 
2022/1/5,21:00,0.0, ,131740, ,4.37, ,17.26, ,95.2, 
2022/1/5,22:00,0.0, ,131690, ,3.02, ,17.26, ,95.1, 
2022/1/5,23:00,0.0, ,131650, ,1.68, ,17.26, ,95.1, 
2022/1/5,24:00,0.0, ,131600, ,3.69, ,17.26, ,95.0, 
2022/1/6,01:00,0.0, ,131550, ,5.91, ,17.26, ,95.0, 
2022/1/6,02:00,0.0, ,131500, ,1.69, ,17.26, ,95.0, 
2022/1/6,03:00,0.0, ,131450, ,3.92, ,17.26, ,94.9, 
2022/1/6,04:00,0.0, ,131410, ,3.92, ,17.26, ,94.9, 
2022/1/6,05:00,0.0, ,131360, ,4.81, ,17.26, ,94.8, 
2022/1/6,06:00,0.0, ,131310, ,5.26, ,17.26, ,94.8, 
2022/1/6,07:00,0.1, ,131260, ,1.04, ,17.26, ,94.7, 
2022/1/6,08:00,0.2, ,131210, ,6.60, ,17.26, ,94.7, 
2022/1/6,09:00,0.1, ,131170, ,0.16, ,17.26, ,94.6, 
2022/1/6,10:00,0.0, ,131120, ,6.60, ,17.24, ,94.6, 
2022/1/6,11:00,0.0, ,131120, ,7.03, ,17.24, ,94.6, 
2022/1/6,12:00,0.0, ,131070, ,15.69, ,17.24, ,94.5, 
2022/1/6,13:00,0.3, ,131070, ,5.47, ,17.24, ,94.5, 
2022/1/6,14:00,0.4, ,131070, ,17.24, ,17.24, ,94.5, 
2022/1/6,15:00,0.0, ,131020, ,7.69, ,17.24, ,94.5, 
2022/1/6,16:00,0.0, ,131020, ,13.12, ,16.20, ,94.5, 
2022/1/6,17:00,0.0, ,130970, ,6.66, ,16.20, ,94.4, 
2022/1/6,18:00,0.0, ,130930, ,11.10, ,16.19, ,94.4, 
2022/1/6,19:00,0.0, ,130880, ,2.88, ,16.19, ,94.4, 
2022/1/6,20:00,0.0, ,130880, ,4.21, ,16.19, ,94.4, 
2022/1/6,21:00,0.0, ,130830, ,5.77, ,16.19, ,94.3, 
2022/1/6,22:00,0.0, ,130780, ,1.34, ,16.19, ,94.3, 
2022/1/6,23:00,0.0, ,130730, ,4.44, ,16.19, ,94.2, 
2022/1/6,24:00,0.0, ,130640, ,0.00, ,16.19, ,94.1, 
2022/1/7,01:00,0.0, ,130640, ,3.56, ,16.19, ,94.1, 
2022/1/7,02:00,0.0, ,130590, ,4.01, ,16.19, ,94.1, 
2022/1/7,03:00,0.0, ,130540, ,7.55, ,16.19, ,94.0, 
2022/1/7,04:00,0.0, ,130500, ,3.35, ,16.18, ,94.0, 
2022/1/7,05:00,0.0, ,130450, ,1.35, ,16.18, ,93.9, 
2022/1/7,06:00,0.0, ,130400, ,1.79, ,16.18, ,93.9, 
2022/1/7,07:00,0.0, ,130350, ,4.68, ,16.18, ,93.8, 
2022/1/7,08:00,0.0, ,130300, ,5.35, ,16.18, ,93.8, 
2022/1/7,09:00,0.0, ,130260, ,5.13, ,16.17, ,93.8, 
2022/1/7,10:00,0.0, ,130210, ,2.69, ,16.17, ,93.7, 
2022/1/7,11:00,0.0, ,130210, ,6.45, ,16.17, ,93.7, 
2022/1/7,12:00,0.0, ,130210, ,16.17, ,16.17, ,93.7, 
2022/1/7,13:00,0.0, ,130160, ,3.80, ,16.17, ,93.7, 
2022/1/7,14:00,0.0, ,130160, ,15.29, ,16.17, ,93.7, 
2022/1/7,15:00,0.0, ,130110, ,13.96, ,16.17, ,93.6, 
2022/1/7,16:00,0.0, ,130110, ,5.13, ,16.17, ,93.6, 
2022/1/7,17:00,0.0, ,130070, ,13.52, ,16.17, ,93.6, 
2022/1/7,18:00,0.0, ,130070, ,5.58, ,16.17, ,93.6, 
2022/1/7,19:00,0.0, ,130020, ,10.87, ,16.17, ,93.5, 
2022/1/7,20:00,0.0, ,129970, ,5.14, ,16.17, ,93.5, 
2022/1/7,21:00,0.0, ,129920, ,3.15, ,16.17, ,93.4, 
2022/1/7,22:00,0.0, ,129880, ,3.82, ,16.16, ,93.4, 
2022/1/7,23:00,0.0, ,129830, ,1.83, ,16.16, ,93.3, 
2022/1/7,24:00,0.0, ,129780, ,4.91, ,16.16, ,93.3, 
2022/1/8,01:00,0.0, ,129730, ,1.39, ,16.16, ,93.3, 
2022/1/8,02:00,0.0, ,129680, ,3.82, ,16.16, ,93.2, 
2022/1/8,03:00,0.0, ,129640, ,3.82, ,16.16, ,93.2, 
2022/1/8,04:00,0.0, ,129590, ,2.50, ,16.16, ,93.1, 
2022/1/8,05:00,0.0, ,129590, ,4.27, ,16.16, ,93.1, 
2022/1/8,06:00,0.0, ,129540, ,3.39, ,16.15, ,93.1, 
2022/1/8,07:00,0.0, ,129490, ,3.16, ,16.15, ,93.0, 
2022/1/8,08:00,0.0, ,129400, ,2.29, ,16.15, ,92.9, 
2022/1/8,09:00,0.0, ,129400, ,2.95, ,16.15, ,92.9, 
2022/1/8,10:00,0.0, ,129350, ,4.93, ,16.15, ,92.9, 
2022/1/8,11:00,0.0, ,129300, ,1.63, ,16.14, ,92.8, 
2022/1/8,12:00,0.0, ,129300, ,15.48, ,16.14, ,92.8, 
2022/1/8,13:00,0.0, ,129260, ,7.79, ,16.14, ,92.8, 
2022/1/8,14:00,0.0, ,129260, ,11.30, ,16.14, ,92.8, 
2022/1/8,15:00,0.0, ,129260, ,16.14, ,16.14, ,92.8, 
2022/1/8,16:00,0.0, ,129210, ,4.05, ,16.14, ,92.8, 
2022/1/8,17:00,0.0, ,129160, ,14.82, ,16.14, ,92.7, 
2022/1/8,18:00,0.0, ,129160, ,3.17, ,16.14, ,92.7, 
2022/1/8,19:00,0.0, ,129110, ,10.43, ,16.14, ,92.7, 
2022/1/8,20:00,0.1, ,129070, ,4.72, ,16.14, ,92.6, 
2022/1/8,21:00,0.0, ,129020, ,5.38, ,16.14, ,92.6, 
2022/1/8,22:00,0.0, ,128970, ,4.28, ,16.14, ,92.5, 
2022/1/8,23:00,0.0, ,128930, ,0.34, ,16.14, ,92.5, 
2022/1/8,24:00,0.0, ,128880, ,4.73, ,16.13, ,92.4, 
2022/1/9,01:00,0.0, ,128830, ,1.87, ,16.13, ,92.4, 
2022/1/9,02:00,0.0, ,128780, ,4.51, ,16.13, ,92.3, 
2022/1/9,03:00,0.0, ,128780, ,3.63, ,16.13, ,92.3, 
2022/1/9,04:00,0.0, ,128740, ,4.51, ,16.13, ,92.3, 
2022/1/9,05:00,0.0, ,128690, ,4.72, ,16.12, ,92.3, 
2022/1/9,06:00,0.0, ,128640, ,2.53, ,16.12, ,92.2, 
2022/1/9,07:00,0.0, ,128590, ,4.50, ,16.12, ,92.2, 
2022/1/9,08:00,0.0, ,128550, ,0.34, ,16.12, ,92.1, 
2022/1/9,09:00,0.0, ,128500, ,4.73, ,16.12, ,92.1, 
2022/1/9,10:00,0.0, ,128450, ,1.45, ,16.12, ,92.0, 
2022/1/9,11:00,0.0, ,128400, ,1.86, ,17.16, ,92.0, 
2022/1/9,12:00,0.0, ,128400, ,16.94, ,17.16, ,92.0, 
2022/1/9,13:00,0.0, ,128360, ,8.84, ,17.16, ,91.9, 
2022/1/9,14:00,0.1, ,128360, ,12.35, ,17.16, ,91.9, 
2022/1/9,15:00,0.0, ,128310, ,10.16, ,17.16, ,91.9, 
2022/1/9,16:00,0.0, ,128310, ,11.03, ,17.16, ,91.9, 
2022/1/9,17:00,0.1, ,128260, ,9.06, ,17.16, ,91.8, 
2022/1/9,18:00,0.0, ,128220, ,7.97, ,17.16, ,91.8, 
2022/1/9,19:00,0.0, ,128170, ,6.45, ,17.16, ,91.8, 
2022/1/9,20:00,0.0, ,128120, ,5.35, ,17.16, ,91.7, 
2022/1/9,21:00,0.0, ,128120, ,4.48, ,17.16, ,91.7, 
2022/1/9,22:00,0.0, ,128070, ,5.56, ,17.14, ,91.7, 
2022/1/9,23:00,0.0, ,128030, ,3.37, ,17.14, ,91.6, 
2022/1/9,24:00,0.0, ,127930, ,3.59, ,17.14, ,91.5, 
2022/1/10,01:00,0.0, ,127880, ,2.06, ,17.14, ,91.5, 
2022/1/10,02:00,0.0, ,127840, ,2.29, ,17.14, ,91.4, 
2022/1/10,03:00,0.0, ,127790, ,5.57, ,17.14, ,91.4, 
2022/1/10,04:00,0.0, ,127740, ,2.30, ,17.14, ,91.3, 
2022/1/10,05:00,0.0, ,127700, ,5.14, ,17.14, ,91.3, 
2022/1/10,06:00,0.0, ,127650, ,2.09, ,17.14, ,91.3, 
2022/1/10,07:00,0.0, ,127600, ,6.45, ,17.14, ,91.2, 
2022/1/10,08:00,0.0, ,127550, ,1.65, ,17.14, ,91.2, 
2022/1/10,09:00,0.0, ,127510, ,5.37, ,17.14, ,91.1, 
2022/1/10,10:00,0.0, ,127460, ,0.57, ,17.12, ,91.1, 
2022/1/10,11:00,0.0, ,127410, ,7.97, ,17.12, ,91.0, 
2022/1/10,12:00,0.0, ,127410, ,6.66, ,17.12, ,91.0, 
2022/1/10,13:00,0.0, ,127410, ,17.12, ,17.12, ,91.0, 
2022/1/10,14:00,0.0, ,127370, ,7.32, ,17.12, ,91.0, 
2022/1/10,15:00,0.0, ,127370, ,13.85, ,17.12, ,91.0, 
2022/1/10,16:00,0.0, ,127320, ,7.32, ,17.12, ,90.9, 
2022/1/10,17:00,0.0, ,127270, ,11.46, ,17.12, ,90.9, 
2022/1/10,18:00,0.0, ,127270, ,6.45, ,17.12, ,90.9, 
2022/1/10,19:00,0.0, ,127230, ,4.28, ,17.12, ,90.8, 
2022/1/10,20:00,0.0, ,127180, ,6.45, ,17.12, ,90.8, 
2022/1/10,21:00,0.0, ,127130, ,7.11, ,17.12, ,90.8, 
2022/1/10,22:00,0.0, ,127080, ,1.89, ,17.12, ,90.7, 
2022/1/10,23:00,0.0, ,127040, ,4.72, ,17.12, ,90.7, 
2022/1/10,24:00,0.0, ,126990, ,2.11, ,17.12, ,90.6, 
2022/1/11,01:00,0.0, ,126900, ,1.91, ,17.10, ,90.5, 
2022/1/11,02:00,0.0, ,126850, ,2.55, ,17.10, ,90.5, 
2022/1/11,03:00,0.0, ,126800, ,3.63, ,17.10, ,90.4, 
2022/1/11,04:00,0.1, ,126760, ,2.77, ,17.10, ,90.4, 
2022/1/11,05:00,0.0, ,126710, ,3.64, ,17.10, ,90.3, 
2022/1/11,06:00,0.0, ,126660, ,4.51, ,17.10, ,90.3, 
2022/1/11,07:00,0.0, ,126620, ,5.38, ,17.10, ,90.3, 
2022/1/11,08:00,0.1, ,126570, ,1.04, ,17.10, ,90.2, 
2022/1/11,09:00,1.1, ,126520, ,7.99, ,17.10, ,90.2, 
2022/1/11,10:00,0.4, ,126470, ,3.44, ,0.00,#,90.1, 
2022/1/11,11:00,0.0, ,126470, ,5.82, ,0.00,#,90.1, 
2022/1/11,12:00,0.1, ,126430, ,8.86, ,0.00,#,90.1, 
2022/1/11,13:00,0.1, ,126430, ,12.33, ,0.00,#,90.1, 
2022/1/11,14:00,0.0, ,126380, ,11.46, ,0.00,#,90.0, 
2022/1/11,15:00,0.0, ,126380, ,8.86, ,17.10, ,90.0, 
2022/1/11,16:00,0.1, ,126330, ,5.07, ,16.06, ,90.0, 
2022/1/11,17:00,0.2, ,126290, ,10.21, ,16.05, ,89.9, 
2022/1/11,18:00,0.1, ,126290, ,8.47, ,16.05, ,89.9, 
2022/1/11,19:00,0.0, ,126240, ,8.68, ,16.05, ,89.9, 
2022/1/11,20:00,0.0, ,126190, ,5.00, ,16.05, ,89.8, 
2022/1/11,21:00,0.0, ,126190, ,8.47, ,16.05, ,89.8, 
2022/1/11,22:00,0.0, ,126100, ,0.00, ,16.04, ,89.8, 
2022/1/11,23:00,0.0, ,126050, ,0.89, ,16.04, ,89.7, 
2022/1/11,24:00,0.0, ,126010, ,7.82, ,16.04, ,89.7, 
2022/1/12,01:00,0.0, ,125960, ,4.36, ,16.04, ,89.6, 
2022/1/12,02:00,0.0, ,125910, ,0.00, ,16.04, ,89.6, 
2022/1/12,03:00,0.0, ,125870, ,7.17, ,16.04, ,89.5, 
2022/1/12,04:00,0.0, ,125870, ,5.02, ,16.04, ,89.5, 
2022/1/12,05:00,0.0, ,125770, ,1.34, ,16.04, ,89.4, 
2022/1/12,06:00,0.0, ,125770, ,4.80, ,16.04, ,89.4, 
2022/1/12,07:00,0.0, ,125680, ,2.00, ,16.03, ,89.4, 
2022/1/12,08:00,0.0, ,125630, ,0.00, ,16.03, ,89.3, 
2022/1/12,09:00,0.0, ,125590, ,6.30, ,16.03, ,89.3, 
2022/1/12,10:00,0.0, ,125590, ,6.73, ,0.00,#,89.3, 
2022/1/12,11:00,0.0, ,125540, ,3.07, ,0.00,#,89.2, 
2022/1/12,12:00,0.3, ,125540, ,14.57, ,0.00,#,89.2, 
2022/1/12,13:00,0.0, ,125540, ,15.00, ,0.00,#,89.2, 
2022/1/12,14:00,0.2, ,125490, ,6.99, ,0.00,#,89.2, 
2022/1/12,15:00,0.0, ,125490, ,10.01, ,0.00,#,89.2, 
2022/1/12,16:00,0.0, ,125450, ,13.47, ,14.98, ,89.1, 
2022/1/12,17:00,0.0, ,125450, ,3.52, ,14.98, ,89.1, 
2022/1/12,18:00,0.0, ,125400, ,11.31, ,14.98, ,89.1, 
2022/1/12,19:00,0.0, ,125350, ,5.25, ,14.98, ,89.0, 
2022/1/12,20:00,0.0, ,125350, ,2.44, ,14.98, ,89.0, 
2022/1/12,21:00,0.0, ,125310, ,5.04, ,14.98, ,89.0, 
2022/1/12,22:00,0.0, ,125260, ,1.59, ,14.98, ,89.0, 
2022/1/12,23:00,0.0, ,125210, ,3.75, ,14.98, ,88.9, 
2022/1/12,24:00,0.0, ,125170, ,4.18, ,14.98, ,88.9, 
2022/1/13,01:00,0.0, ,125120, ,1.59, ,14.98, ,88.8, 
2022/1/13,02:00,0.0, ,125070, ,2.24, ,14.98, ,88.8, 
2022/1/13,03:00,0.0, ,125030, ,5.92, ,14.98, ,88.7, 
2022/1/13,04:00,0.0, ,124980, ,3.54, ,14.98, ,88.7, 
2022/1/13,05:00,0.0, ,124980, ,3.33, ,14.98, ,88.7, 
2022/1/13,06:00,0.0, ,124890, ,0.00, ,14.98, ,88.6, 
2022/1/13,07:00,0.0, ,124890, ,4.41, ,14.98, ,88.6, 
2022/1/13,08:00,0.0, ,124790, ,2.47, ,14.96, ,88.5, 
2022/1/13,09:00,0.0, ,124750, ,0.00, ,14.96, ,88.5, 
2022/1/13,10:00,0.0,-,124700, ,4.39, ,14.96, ,88.4, 
2022/1/13,11:00,0.0,-,124700, ,4.92, ,17.04, ,88.4, 
2022/1/13,12:00,0.0,-,124650, ,15.10, ,17.04, ,88.4, 
2022/1/13,13:00,0.0,-,124650, ,6.05, ,17.04, ,88.4, 
2022/1/13,14:00,0.0,-,124610, ,7.13, ,17.04, ,88.3, 
2022/1/13,15:00,0.0,-,124610, ,14.02, ,17.04, ,88.3, 
2022/1/13,16:00,0.0,-,124560, ,8.85, ,17.04, ,88.3, 
2022/1/13,17:00,0.0, ,124510, ,10.58, ,17.02, ,88.2, 
2022/1/13,18:00,0.0, ,124510, ,2.81, ,17.02, ,88.2, 
2022/1/13,19:00,0.0, ,124420, ,5.82, ,17.02, ,88.1, 
2022/1/13,20:00,0.0, ,124370, ,6.25, ,17.02, ,88.1, 
2022/1/13,21:00,0.0, ,124330, ,3.02, ,17.02, ,88.1, 
2022/1/13,22:00,0.0, ,124280, ,5.83, ,17.02, ,88.0, 
2022/1/13,23:00,0.0, ,124280, ,1.74, ,17.02, ,88.0, 
2022/1/13,24:00,0.0, ,124190, ,5.62, ,17.02, ,87.9, 
2022/1/14,01:00,0.0, ,124140, ,0.00, ,17.02, ,87.9, 
2022/1/14,02:00,0.0, ,124100, ,1.32, ,17.02, ,87.8, 
2022/1/14,03:00,0.0, ,124050, ,9.07, ,17.02, ,87.8, 
2022/1/14,04:00,0.0, ,124000, ,5.20, ,17.02, ,87.7, 
2022/1/14,05:00,0.0, ,123960, ,4.77, ,17.00, ,87.7, 
2022/1/14,06:00,0.0, ,123910, ,0.00, ,17.00, ,87.7, 
2022/1/14,07:00,0.0, ,123860, ,4.32, ,17.00, ,87.6, 
2022/1/14,08:00,0.0, ,123820, ,0.89, ,17.00, ,87.6, 
2022/1/14,09:00,0.0, ,123770, ,1.76, ,17.00, ,87.5, 
2022/1/14,10:00,0.0, ,123680, ,1.97, ,17.00, ,87.4, 
2022/1/14,11:00,0.0, ,123680, ,6.05, ,17.00, ,87.4, 
2022/1/14,12:00,0.0, ,123630, ,9.49, ,17.00, ,87.4, 
2022/1/14,13:00,0.0, ,123590, ,9.27, ,17.00, ,87.3, 
2022/1/14,14:00,0.0, ,123590, ,8.63, ,17.00, ,87.3, 
2022/1/14,15:00,0.0, ,123590, ,12.92, ,17.00, ,87.3, 
2022/1/14,16:00,0.0, ,123540, ,11.21, ,17.00, ,87.3, 
2022/1/14,17:00,0.0, ,123490, ,7.99, ,17.00, ,87.3, 
2022/1/14,18:00,0.0, ,123490, ,6.06, ,17.00, ,87.3, 
2022/1/14,19:00,0.0, ,123450, ,6.28, ,17.00, ,87.2, 
2022/1/14,20:00,0.0, ,123400, ,6.07, ,17.00, ,87.2, 
2022/1/14,21:00,0.0, ,123350, ,1.77, ,16.98, ,87.1, 
2022/1/14,22:00,0.0, ,123310, ,3.05, ,16.98, ,87.1, 
2022/1/14,23:00,0.0, ,123210, ,3.91, ,16.98, ,87.0, 
2022/1/14,24:00,0.0, ,123170, ,2.84, ,16.98, ,86.9, 
2022/1/15,01:00,0.0, ,123170, ,4.99, ,16.98, ,86.9, 
2022/1/15,02:00,0.0, ,123080, ,2.42, ,16.98, ,86.9, 
2022/1/15,03:00,0.0, ,123030, ,5.63, ,16.98, ,86.8, 
2022/1/15,04:00,0.0, ,122980, ,2.00, ,16.98, ,86.8, 
2022/1/15,05:00,0.0, ,122940, ,5.21, ,16.98, ,86.7, 
2022/1/15,06:00,0.0, ,122890, ,2.00, ,16.98, ,86.7, 
2022/1/15,07:00,0.0, ,122840, ,4.57, ,16.98, ,86.6, 
2022/1/15,08:00,0.0, ,122800, ,2.01, ,16.98, ,86.6, 
2022/1/15,09:00,0.0, ,122750, ,1.58, ,16.96, ,86.5, 
2022/1/15,10:00,0.0, ,122710, ,4.77, ,16.96, ,86.5, 
2022/1/15,11:00,0.0, ,122660, ,2.64, ,16.96, ,86.5, 
2022/1/15,12:00,0.1, ,122610, ,9.91, ,16.96, ,86.4, 
2022/1/15,13:00,0.1, ,122610, ,6.92, ,16.96, ,86.4, 
2022/1/15,14:00,0.0, ,122570, ,11.83, ,16.96, ,86.4, 
2022/1/15,15:00,0.0, ,122570, ,9.27, ,16.96, ,86.4, 
2022/1/15,16:00,0.0, ,122520, ,10.76, ,16.96, ,86.3, 
2022/1/15,17:00,0.0, ,122480, ,8.63, ,16.96, ,86.3, 
2022/1/15,18:00,0.0, ,122480, ,5.86, ,16.96, ,86.3, 
2022/1/15,19:00,0.0, ,122430, ,6.07, ,16.96, ,86.2, 
2022/1/15,20:00,0.0, ,122380, ,5.86, ,16.96, ,86.2, 
2022/1/15,21:00,0.0, ,122340, ,3.94, ,16.96, ,86.1, 
2022/1/15,22:00,0.0, ,122290, ,3.94, ,16.96, ,86.1, 
2022/1/15,23:00,0.0, ,122250, ,1.81, ,16.96, ,86.1, 
2022/1/15,24:00,0.0, ,122200, ,5.22, ,16.94, ,86.0, 
2022/1/16,01:00,0.0, ,122150, ,4.78, ,16.94, ,86.0, 
2022/1/16,02:00,0.0, ,122060, ,0.74, ,16.94, ,85.9, 
2022/1/16,03:00,0.0, ,122060, ,5.00, ,16.94, ,85.9, 
2022/1/16,04:00,0.0, ,121970, ,5.00, ,16.94, ,85.8, 
2022/1/16,05:00,0.0, ,121920, ,3.08, ,16.94, ,85.7, 
2022/1/16,06:00,0.0, ,121880, ,1.18, ,16.94, ,85.7, 
2022/1/16,07:00,0.0, ,121830, ,2.67, ,16.94, ,85.7, 
2022/1/16,08:00,0.0, ,121780, ,3.95, ,16.94, ,85.6, 
2022/1/16,09:00,0.0, ,121740, ,1.40, ,16.94, ,85.6, 
2022/1/16,10:00,0.0, ,121690, ,5.45, ,16.94, ,85.5, 
2022/1/16,11:00,0.0, ,121650, ,1.19, ,16.94, ,85.5, 
2022/1/16,12:00,0.0, ,121650, ,13.53, ,16.94, ,85.5, 
2022/1/16,13:00,0.0, ,121600, ,7.14, ,16.92, ,85.4, 
2022/1/16,14:00,0.0, ,121600, ,13.94, ,16.92, ,85.4, 
2022/1/16,15:00,0.1, ,121550, ,13.09, ,16.92, ,85.4, 
2022/1/16,16:00,0.1, ,121510, ,3.10, ,16.92, ,85.3, 
2022/1/16,17:00,0.0, ,121510, ,9.05, ,16.92, ,85.3, 
2022/1/16,18:00,0.0, ,121460, ,7.56, ,16.92, ,85.3, 
2022/1/16,19:00,0.0, ,121420, ,2.88, ,16.92, ,85.3, 
2022/1/16,20:00,0.0, ,121370, ,5.44, ,16.92, ,85.2, 
2022/1/16,21:00,0.0, ,121330, ,1.19, ,16.92, ,85.2, 
2022/1/16,22:00,0.0, ,121280, ,5.87, ,16.92, ,85.1, 
2022/1/16,23:00,0.0, ,121230, ,5.45, ,16.92, ,85.1, 
2022/1/16,24:00,0.0, ,121140, ,1.42, ,16.92, ,85.0, 
2022/1/17,01:00,0.0, ,121100, ,2.27, ,16.92, ,85.0, 
2022/1/17,02:00,0.0, ,121050, ,0.78, ,16.90, ,84.9, 
2022/1/17,03:00,0.0, ,121000, ,1.58, ,16.90, ,84.9, 
2022/1/17,04:00,0.0, ,120960, ,7.73, ,16.90, ,84.8, 
2022/1/17,05:00,0.0, ,120910, ,1.75, ,16.90, ,84.8, 
2022/1/17,06:00,0.0, ,120870, ,4.53, ,16.90, ,84.7, 
2022/1/17,07:00,0.0, ,120820, ,1.75, ,16.90, ,84.7, 
2022/1/17,08:00,0.0, ,120770, ,3.89, ,16.90, ,84.6, 
2022/1/17,09:00,0.0, ,120730, ,2.18, ,16.90, ,84.6, 
2022/1/17,10:00,0.0, ,120680, ,4.31, ,16.90, ,84.5, 
2022/1/17,11:00,0.0, ,120640, ,2.75, ,17.90, ,84.5, 
2022/1/17,12:00,0.0, ,120590, ,11.93, ,17.90, ,84.5, 
2022/1/17,13:00,0.0, ,120590, ,10.01, ,17.90, ,84.5, 
2022/1/17,14:00,0.0, ,120540, ,11.08, ,17.90, ,84.4, 
2022/1/17,15:00,0.0, ,120500, ,9.80, ,17.90, ,84.4, 
2022/1/17,16:00,0.0, ,120500, ,7.24, ,17.90, ,84.4, 
2022/1/17,17:00,0.0, ,120450, ,9.37, ,17.89, ,84.3, 
2022/1/17,18:00,0.0, ,120400, ,8.94, ,17.89, ,84.3, 
2022/1/17,19:00,0.0, ,120360, ,6.38, ,17.89, ,84.2, 
2022/1/17,20:00,0.0, ,120310, ,5.10, ,17.88, ,84.2, 
2022/1/17,21:00,0.0, ,120270, ,2.96, ,17.88, ,84.2, 
2022/1/17,22:00,0.0, ,120220, ,3.17, ,17.88, ,84.1, 
2022/1/17,23:00,0.0, ,120170, ,5.52, ,17.88, ,84.1, 
2022/1/17,24:00,0.0, ,120080, ,0.00, ,17.88, ,84.0, 
2022/1/18,01:00,0.0, ,120040, ,2.33, ,17.88, ,83.9, 
2022/1/18,02:00,0.0, ,119990, ,3.61, ,17.88, ,83.9, 
2022/1/18,03:00,0.0, ,119940, ,4.04, ,17.88, ,83.8, 
2022/1/18,04:00,0.0, ,119900, ,0.20, ,17.87, ,83.8, 
2022/1/18,05:00,0.0, ,119810, ,4.45, ,17.86, ,83.7, 
2022/1/18,06:00,0.0, ,119810, ,5.30, ,17.86, ,83.7, 
2022/1/18,07:00,0.0, ,119710, ,5.09, ,17.86, ,83.6, 
2022/1/18,08:00,0.0, ,119670, ,0.62, ,17.86, ,83.6, 
2022/1/18,09:00,0.0, ,119620, ,4.24, ,17.86, ,83.5, 
2022/1/18,10:00,0.0, ,119580, ,2.11, ,17.86, ,83.5, 
2022/1/18,11:00,0.0, ,119530, ,2.96, ,17.86, ,83.4, 
2022/1/18,12:00,0.0, ,119480, ,9.77, ,17.86, ,83.4, 
2022/1/18,13:00,0.0, ,119480, ,10.84, ,17.86, ,83.4, 
2022/1/18,14:00,0.0, ,119440, ,9.35, ,17.86, ,83.4, 
2022/1/18,15:00,0.0, ,119390, ,9.77, ,17.86, ,83.3, 
2022/1/18,16:00,0.0, ,119350, ,8.71, ,17.86, ,83.3, 
2022/1/18,17:00,0.0, ,119350, ,5.31, ,17.86, ,83.3, 
2022/1/18,18:00,0.0, ,119300, ,6.37, ,17.84, ,83.2, 
2022/1/18,19:00,0.0, ,119260, ,7.63, ,17.84, ,83.2, 
2022/1/18,20:00,0.0, ,119210, ,3.17, ,17.84, ,83.1, 
2022/1/18,21:00,0.0, ,119120, ,3.59, ,17.84, ,83.0, 
2022/1/18,22:00,0.0, ,119070, ,3.38, ,17.84, ,83.0, 
2022/1/18,23:00,0.0, ,119030, ,3.38, ,17.84, ,83.0, 
2022/1/18,24:00,0.0, ,118980, ,4.02, ,17.84, ,82.9, 
2022/1/19,01:00,0.0, ,118930, ,2.11, ,17.84, ,82.9, 
2022/1/19,02:00,0.0, ,118890, ,3.39, ,17.84, ,82.8, 
2022/1/19,03:00,0.0, ,118840, ,4.66, ,17.84, ,82.8, 
2022/1/19,04:00,0.0, ,118750, ,2.11, ,17.82, ,82.7, 
2022/1/19,05:00,0.0, ,118700, ,3.37, ,17.82, ,82.6, 
2022/1/19,06:00,0.0, ,118660, ,3.16, ,17.82, ,82.6, 
2022/1/19,07:00,0.0, ,118610, ,2.31, ,17.82, ,82.6, 
2022/1/19,08:00,0.0, ,118570, ,4.22, ,17.82, ,82.5, 
2022/1/19,09:00,0.0, ,118520, ,2.95, ,17.82, ,82.5, 
2022/1/19,10:00,0.0, ,118470, ,3.17, ,17.82, ,82.4, 
2022/1/19,11:00,0.0, ,118430, ,2.77, ,16.82, ,82.4, 
2022/1/19,12:00,0.0, ,118380, ,9.81, ,16.82, ,82.3, 
2022/1/19,13:00,0.0, ,118380, ,10.87, ,16.82, ,82.3, 
2022/1/19,14:00,0.0, ,118340, ,6.42, ,16.82, ,82.3, 
2022/1/19,15:00,0.0, ,118290, ,12.79, ,16.82, ,82.3, 
2022/1/19,16:00,0.0, ,118290, ,5.78, ,16.82, ,82.3, 
2022/1/19,17:00,0.0, ,118250, ,4.29, ,16.82, ,82.2, 
2022/1/19,18:00,0.0, ,118200, ,8.11, ,16.82, ,82.2, 
2022/1/19,19:00,0.0, ,118150, ,4.71, ,16.80, ,82.1, 
2022/1/19,20:00,0.0, ,118110, ,1.95, ,16.80, ,82.1, 
2022/1/19,21:00,0.0, ,118060, ,3.01, ,16.80, ,82.0, 
2022/1/19,22:00,0.0, ,117970, ,2.80, ,16.80, ,81.9, 
2022/1/19,23:00,0.0, ,117970, ,3.65, ,16.80, ,81.9, 
2022/1/19,24:00,0.0, ,117880, ,3.01, ,16.80, ,81.9, 
2022/1/20,01:00,0.0, ,117830, ,1.52, ,16.80, ,81.8, 
2022/1/20,02:00,0.0, ,117790, ,2.37, ,16.80, ,81.8, 
2022/1/20,03:00,0.0, ,117740, ,2.16, ,16.80, ,81.7, 
2022/1/20,04:00,0.0, ,117700, ,0.68, ,16.80, ,81.7, 
2022/1/20,05:00,0.0, ,117650, ,5.14, ,16.80, ,81.6, 
2022/1/20,06:00,0.0, ,117600, ,2.16, ,16.78, ,81.6, 
2022/1/20,07:00,0.0, ,117560, ,6.60, ,16.78, ,81.5, 
2022/1/20,08:00,0.0, ,117470, ,0.00, ,16.78, ,81.5, 
2022/1/20,09:00,0.1, ,117420, ,2.36, ,16.78, ,81.4, 
2022/1/20,10:00,0.1, ,117370, ,1.52, ,16.78, ,81.4, 
2022/1/20,11:00,0.0, ,117330, ,3.60, ,17.78, ,81.3, 
2022/1/20,12:00,0.0, ,117280, ,7.82, ,17.78, ,81.3, 
2022/1/20,13:00,0.0, ,117280, ,10.37, ,17.78, ,81.3, 
2022/1/20,14:00,0.0, ,117240, ,9.09, ,17.77, ,81.2, 
2022/1/20,15:00,0.0, ,117240, ,11.42, ,17.77, ,81.2, 
2022/1/20,16:00,0.0, ,117190, ,7.18, ,17.77, ,81.2, 
2022/1/20,17:00,0.0, ,117150, ,9.08, ,17.77, ,81.2, 
2022/1/20,18:00,0.0, ,117100, ,7.60, ,17.77, ,81.1, 
2022/1/20,19:00,0.0, ,117050, ,5.06, ,17.77, ,81.1, 
2022/1/20,20:00,0.0, ,117010, ,4.64, ,17.76, ,81.0, 
2022/1/20,21:00,0.0, ,116960, ,1.87, ,17.76, ,81.0, 
2022/1/20,22:00,0.0, ,116920, ,3.15, ,17.76, ,80.9, 
2022/1/20,23:00,0.0, ,116830, ,5.69, ,17.76, ,80.8, 
2022/1/20,24:00,0.0, ,116780, ,1.46, ,17.76, ,80.8, 
2022/1/21,01:00,0.0, ,116730, ,1.46, ,17.75, ,80.8, 
2022/1/21,02:00,0.0, ,116690, ,2.09, ,17.75, ,80.7, 
2022/1/21,03:00,0.0, ,116640, ,5.26, ,17.75, ,80.7, 
2022/1/21,04:00,0.0, ,116600, ,2.72, ,17.75, ,80.6, 
2022/1/21,05:00,0.0, ,116550, ,1.88, ,17.75, ,80.6, 
2022/1/21,06:00,0.0, ,116460, ,3.78, ,17.74, ,80.5, 
2022/1/21,07:00,0.0, ,116410, ,0.23, ,17.74, ,80.4, 
2022/1/21,08:00,0.0, ,116370, ,1.77, ,17.74, ,80.4, 
2022/1/21,09:00,0.0, ,116320, ,6.40, ,17.74, ,80.4, 
2022/1/21,10:00,0.0, ,116280, ,2.20, ,17.74, ,80.3, 
2022/1/21,11:00,0.0, ,116190, ,4.79, ,15.72, ,80.2, 
2022/1/21,12:00,0.0, ,116190, ,1.03, ,15.72, ,80.2, 
2022/1/21,13:00,0.0, ,116140, ,13.41, ,15.72, ,80.2, 
2022/1/21,14:00,0.0, ,116140, ,5.44, ,15.72, ,80.2, 
2022/1/21,15:00,0.0, ,116100, ,15.09, ,15.72, ,80.1, 
2022/1/21,16:00,0.0, ,116100, ,3.76, ,15.72, ,80.1, 
2022/1/21,17:00,0.0, ,116050, ,13.55, ,17.73, ,80.1, 
2022/1/21,18:00,0.0, ,116010, ,7.45, ,17.73, ,80.1, 
2022/1/21,19:00,0.0, ,116010, ,6.20, ,17.73, ,80.1, 
2022/1/21,20:00,0.0, ,115920, ,3.89, ,17.73, ,80.0, 
2022/1/21,21:00,0.0, ,115870, ,1.38, ,17.72, ,79.9, 
2022/1/21,22:00,0.0, ,115830, ,6.19, ,17.72, ,79.9, 
2022/1/21,23:00,0.0, ,115780, ,2.43, ,17.72, ,79.8, 
2022/1/21,24:00,0.0, ,115730, ,3.47, ,17.71, ,79.8, 
2022/1/22,01:00,0.0, ,115690, ,1.79, ,17.71, ,79.8, 
2022/1/22,02:00,0.0, ,115640, ,5.15, ,17.71, ,79.7, 
2022/1/22,03:00,0.0, ,115550, ,1.38, ,17.71, ,79.6, 
2022/1/22,04:00,0.0, ,115510, ,3.48, ,17.71, ,79.6, 
2022/1/22,05:00,0.0, ,115460, ,3.49, ,17.71, ,79.5, 
2022/1/22,06:00,0.0, ,115420, ,2.23, ,17.71, ,79.5, 
2022/1/22,07:00,0.0, ,115370, ,2.03, ,17.71, ,79.4, 
2022/1/22,08:00,0.0, ,115280, ,3.91, ,17.70, ,79.4, 
2022/1/22,09:00,0.0, ,115240, ,1.40, ,17.69, ,79.3, 
2022/1/22,10:00,0.0, ,115190, ,6.65, ,18.68, ,79.3, 
2022/1/22,11:00,0.1, ,115150, ,2.60, ,18.68, ,79.2, 
2022/1/22,12:00,0.0, ,115100, ,10.33, ,18.68, ,79.2, 
2022/1/22,13:00,0.0, ,115060, ,4.69, ,18.68, ,79.1, 
2022/1/22,14:00,0.0, ,115010, ,9.28, ,18.68, ,79.1, 
2022/1/22,15:00,0.0, ,115010, ,7.83, ,18.68, ,79.1, 
2022/1/22,16:00,0.0, ,114970, ,6.79, ,18.68, ,79.1, 
2022/1/22,17:00,0.1, ,114920, ,8.66, ,18.68, ,79.0, 
2022/1/22,18:00,0.0, ,114880, ,8.04, ,18.68, ,79.0, 
2022/1/22,19:00,0.0, ,114830, ,4.71, ,18.68, ,78.9, 
2022/1/22,20:00,0.0, ,114740, ,3.04, ,18.66, ,78.8, 
2022/1/22,21:00,0.0, ,114700, ,1.57, ,18.66, ,78.8, 
2022/1/22,22:00,0.0, ,114650, ,3.24, ,18.66, ,78.8, 
2022/1/22,23:00,0.0, ,114610, ,6.37, ,18.66, ,78.7, 
2022/1/22,24:00,0.0, ,114520, ,2.62, ,18.66, ,78.6, 
2022/1/23,01:00,0.0, ,114470, ,0.00, ,18.66, ,78.6, 
2022/1/23,02:00,0.0, ,114430, ,3.26, ,18.66, ,78.5, 
2022/1/23,03:00,0.0, ,114380, ,5.55, ,18.66, ,78.5, 
2022/1/23,04:00,0.1, ,114290, ,0.77, ,18.66, ,78.4, 
2022/1/23,05:00,0.1, ,114250, ,4.93, ,18.64, ,78.4, 
2022/1/23,06:00,0.6, ,114200, ,3.67, ,18.64, ,78.3, 
2022/1/23,07:00,1.4, ,114160, ,3.26, ,18.64, ,78.3, 
2022/1/23,08:00,0.8, ,114110, ,2.84, ,18.64, ,78.2, 
2022/1/23,09:00,0.5, ,114020, ,3.89, ,18.64, ,78.1, 
2022/1/23,10:00,1.9, ,113980, ,3.07, ,17.65, ,78.1, 
2022/1/23,11:00,2.2, ,113980, ,9.34, ,17.65, ,78.1, 
2022/1/23,12:00,2.1, ,113930, ,7.47, ,17.65, ,78.1, 
2022/1/23,13:00,1.8, ,113930, ,15.37, ,17.65, ,78.1, 
2022/1/23,14:00,2.2, ,113890, ,7.28, ,17.65, ,78.0, 
2022/1/23,15:00,2.6, ,113890, ,14.32, ,14.64, ,78.0, 
2022/1/23,16:00,1.8, ,113890, ,14.64, ,14.64, ,78.0, 
2022/1/23,17:00,1.3, ,113840, ,8.83, ,14.64, ,78.0, 
2022/1/23,18:00,1.5, ,113840, ,8.00, ,14.64, ,78.0, 
2022/1/23,19:00,1.2, ,113840, ,13.30, ,12.17, ,78.0, 
2022/1/23,20:00,1.2, ,113800, ,4.08, ,12.17, ,77.9, 
2022/1/23,21:00,0.8, ,113800, ,7.81, ,12.17, ,77.9, 
2022/1/23,22:00,1.0, ,113750, ,5.12, ,12.17, ,77.9, 
2022/1/23,23:00,0.6, ,113750, ,6.78, ,12.17, ,77.9, 
2022/1/23,24:00,0.5, ,113710, ,0.00, ,9.31, ,77.8, 
2022/1/24,01:00,0.0, ,113710, ,9.10, ,9.31, ,77.8, 
2022/1/24,02:00,0.0, ,113660, ,0.00, ,9.31, ,77.8, 
2022/1/24,03:00,0.0, ,113660, ,8.69, ,9.31, ,77.8, 
2022/1/24,04:00,0.0, ,113620, ,0.00, ,9.31, ,77.8, 
2022/1/24,05:00,0.1, ,113620, ,7.86, ,9.31, ,77.8, 
2022/1/24,06:00,0.0, ,113570, ,6.41, ,9.31, ,77.7, 
2022/1/24,07:00,0.0, ,113570, ,0.00, ,9.31, ,77.7, 
2022/1/24,08:00,0.0, ,113570, ,9.31, ,9.31, ,77.7, 
2022/1/24,09:00,0.0, ,113530, ,0.82, ,9.31, ,77.7, 
2022/1/24,10:00,0.0, ,113530, ,5.37, ,9.31, ,77.7, 
2022/1/24,11:00,0.0, ,113530, ,7.96, ,6.27, ,77.7, 
2022/1/24,12:00,0.1, ,113570, ,7.10, ,6.27, ,77.7, 
2022/1/24,13:00,0.0, ,113570, ,17.87, ,6.27, ,77.7, 
2022/1/24,14:00,0.0, ,113620, ,14.56, ,6.27, ,77.8, 
2022/1/24,15:00,0.0, ,113620, ,10.41, ,6.27, ,77.8, 
2022/1/24,16:00,0.0, ,113620, ,7.84, ,9.31, ,77.8, 
2022/1/24,17:00,0.0, ,113620, ,9.31, ,9.31, ,77.8, 
2022/1/24,18:00,0.0, ,113620, ,9.31, ,9.31, ,77.8, 
2022/1/24,19:00,0.0, ,113620, ,9.31, ,9.31, ,77.8, 
2022/1/24,20:00,0.0, ,113620, ,9.31, ,9.31, ,77.8, 
2022/1/24,21:00,0.0, ,113660, ,19.05, ,9.31, ,77.8, 
2022/1/24,22:00,0.0, ,113660, ,12.01, ,9.31, ,77.8, 
2022/1/24,23:00,0.0, ,113660, ,9.31, ,9.31, ,77.8, 
2022/1/24,24:00,0.0, ,113660, ,9.31, ,9.31, ,77.8, 
2022/1/25,01:00,0.0, ,113660, ,9.31, ,9.31, ,77.8, 
2022/1/25,02:00,0.0, ,113660, ,9.31, ,9.31, ,77.8, 
2022/1/25,03:00,0.0, ,113660, ,9.31, ,9.31, ,77.8, 
2022/1/25,04:00,0.0, ,113660, ,9.31, ,9.31, ,77.8, 
2022/1/25,05:00,0.0, ,113660, ,9.31, ,9.31, ,77.8, 
2022/1/25,06:00,0.0, ,113660, ,9.31, ,9.31, ,77.8, 
2022/1/25,07:00,0.0, ,113660, ,9.31, ,9.31, ,77.8, 
2022/1/25,08:00,0.0, ,113710, ,13.66, ,9.31, ,77.8, 
2022/1/25,09:00,0.0, ,113710, ,17.40, ,9.31, ,77.8, 
2022/1/25,10:00,0.0, ,113710, ,9.31, ,9.31, ,77.8, 
2022/1/25,11:00,0.0, ,113710, ,9.31, ,9.31, ,77.8, 
2022/1/25,12:00,0.0, ,113710, ,9.31, ,9.31, ,77.8, 
2022/1/25,13:00,0.0, ,113710, ,9.31, ,9.31, ,77.8, 
2022/1/25,14:00,0.0, ,113710, ,9.31, ,9.31, ,77.8, 
2022/1/25,15:00,0.0, ,113710, ,9.31, ,9.31, ,77.8, 
2022/1/25,16:00,0.0, ,113660, ,0.00, ,12.17, ,77.8, 
2022/1/25,17:00,0.0, ,113660, ,11.55, ,12.17, ,77.8, 
2022/1/25,18:00,0.0, ,113620, ,7.19, ,12.17, ,77.8, 
2022/1/25,19:00,0.0, ,113620, ,4.71, ,12.17, ,77.8, 
2022/1/25,20:00,0.0, ,113570, ,1.60, ,12.17, ,77.7, 
2022/1/25,21:00,0.0, ,113530, ,6.78, ,12.17, ,77.7, 
2022/1/25,22:00,0.0, ,113530, ,3.26, ,12.17, ,77.7, 
2022/1/25,23:00,0.0, ,113490, ,0.00, ,12.16, ,77.6, 
2022/1/25,24:00,0.0, ,113440, ,3.25, ,12.16, ,77.6, 
2022/1/26,01:00,0.0, ,113400, ,3.26, ,12.16, ,77.5, 
2022/1/26,02:00,0.0, ,113350, ,2.85, ,12.16, ,77.5, 
2022/1/26,03:00,0.0, ,113350, ,2.02, ,12.16, ,77.5, 
2022/1/26,04:00,0.0, ,113310, ,0.15, ,12.16, ,77.5, 
2022/1/26,05:00,0.0, ,113260, ,3.26, ,12.16, ,77.4, 
2022/1/26,06:00,0.0, ,113220, ,2.85, ,12.16, ,77.4, 
2022/1/26,07:00,0.0, ,113170, ,0.58, ,12.16, ,77.3, 
2022/1/26,08:00,0.0, ,113130, ,1.82, ,12.15, ,77.3, 
2022/1/26,09:00,0.0, ,113130, ,2.23, ,12.15, ,77.3, 
2022/1/26,10:00,0.0, ,113040, ,0.00, ,12.15, ,77.2, 
2022/1/26,11:00,0.0, ,113040, ,0.81, ,14.88, ,77.2, 
2022/1/26,12:00,0.0, ,112990, ,11.37, ,14.88, ,77.2, 
2022/1/26,13:00,0.0, ,112990, ,5.99, ,14.88, ,77.2, 
2022/1/26,14:00,0.0, ,112950, ,9.30, ,14.88, ,77.1, 
2022/1/26,15:00,0.0, ,112950, ,8.06, ,14.88, ,77.1, 
2022/1/26,16:00,0.0, ,112900, ,8.89, ,14.88, ,77.1, 
2022/1/26,17:00,0.0, ,112900, ,8.48, ,14.88, ,77.1, 
2022/1/26,18:00,0.0, ,112900, ,14.88, ,14.88, ,77.1, 
2022/1/26,19:00,0.0, ,112860, ,3.32, ,14.88, ,77.0, 
2022/1/26,20:00,0.0, ,112820, ,9.92, ,14.87, ,77.0, 
2022/1/26,21:00,0.0, ,112820, ,6.61, ,14.87, ,77.0, 
2022/1/26,22:00,0.0, ,112770, ,3.73, ,14.87, ,76.9, 
2022/1/26,23:00,0.0, ,112730, ,3.73, ,14.87, ,76.9, 
2022/1/26,24:00,0.0, ,112680, ,1.05, ,14.87, ,76.9, 
2022/1/27,01:00,0.0, ,112640, ,2.70, ,14.87, ,76.8, 
2022/1/27,02:00,0.0, ,112550, ,0.64, ,14.87, ,76.7, 
2022/1/27,03:00,0.0, ,112500, ,2.29, ,14.86, ,76.7, 
2022/1/27,04:00,0.0, ,112460, ,0.64, ,14.86, ,76.6, 
2022/1/27,05:00,0.0, ,112410, ,2.90, ,14.86, ,76.6, 
2022/1/27,06:00,0.0, ,112370, ,0.00, ,14.86, ,76.6, 
2022/1/27,07:00,0.0, ,112330, ,1.68, ,14.86, ,76.5, 
2022/1/27,08:00,0.0, ,112280, ,0.45, ,14.86, ,76.5, 
2022/1/27,09:00,0.0, ,112240, ,2.92, ,14.86, ,76.4, 
2022/1/27,10:00,0.0, ,112190, ,1.89, ,14.85, ,76.4, 
2022/1/27,11:00,0.0, ,112150, ,0.00, ,13.54, ,76.3, 
2022/1/27,12:00,0.0, ,112150, ,11.48, ,13.54, ,76.3, 
2022/1/27,13:00,0.0, ,112150, ,13.54, ,13.54, ,76.3, 
2022/1/27,14:00,0.0, ,112150, ,13.54, ,13.54, ,76.3, 
2022/1/27,15:00,0.0, ,112150, ,13.54, ,13.54, ,76.3, 
2022/1/27,16:00,0.0, ,112100, ,2.02, ,13.54, ,76.3, 
2022/1/27,17:00,0.0, ,112100, ,12.72, ,13.54, ,76.3, 
2022/1/27,18:00,0.0, ,112060, ,9.42, ,14.58, ,76.3, 
2022/1/27,19:00,0.0, ,112060, ,6.97, ,14.58, ,76.3, 
2022/1/27,20:00,0.0, ,112010, ,7.38, ,14.58, ,76.2, 
2022/1/27,21:00,0.0, ,111970, ,0.00, ,14.58, ,76.2, 
2022/1/27,22:00,0.0, ,111930, ,4.09, ,14.58, ,76.1, 
2022/1/27,23:00,0.0, ,111880, ,4.91, ,14.58, ,76.1, 
2022/1/27,24:00,0.0, ,111840, ,2.24, ,14.56, ,76.0, 
2022/1/28,01:00,0.0, ,111790, ,2.84, ,14.56, ,76.0, 
2022/1/28,02:00,0.0, ,111750, ,3.25, ,14.56, ,76.0, 
2022/1/28,03:00,0.0, ,111700, ,2.02, ,14.56, ,75.9, 
2022/1/28,04:00,0.0, ,111660, ,3.26, ,14.56, ,75.9, 
2022/1/28,05:00,0.0, ,111610, ,3.26, ,14.56, ,75.8, 
2022/1/28,06:00,0.0, ,111610, ,4.08, ,14.56, ,75.8, 
2022/1/28,07:00,0.0, ,111570, ,2.23, ,14.56, ,75.8, 
2022/1/28,08:00,0.0, ,111530, ,2.86, ,14.56, ,75.7, 
2022/1/28,09:00,0.0, ,111440, ,0.39, ,14.56, ,75.7, 
2022/1/28,10:00,0.0, ,111390, ,2.03, ,14.56, ,75.6, 
2022/1/28,11:00,0.0, ,111390, ,4.83, ,16.56, ,75.6, 
2022/1/28,12:00,0.0, ,111390, ,16.56, ,16.56, ,75.6, 
2022/1/28,13:00,0.0, ,111350, ,8.56, ,16.56, ,75.6, 
2022/1/28,14:00,0.0, ,111350, ,12.25, ,16.56, ,75.6, 
2022/1/28,15:00,0.0, ,111350, ,16.56, ,16.56, ,75.6, 
2022/1/28,16:00,0.0, ,111300, ,5.07, ,16.56, ,75.5, 
2022/1/28,17:00,0.0, ,111260, ,9.58, ,16.56, ,75.5, 
2022/1/28,18:00,0.0, ,111260, ,10.41, ,16.56, ,75.5, 
2022/1/28,19:00,0.0, ,111220, ,5.28, ,16.56, ,75.5, 
2022/1/28,20:00,0.0, ,111170, ,4.26, ,16.56, ,75.4, 
2022/1/28,21:00,0.0, ,111130, ,7.75, ,16.56, ,75.4, 
2022/1/28,22:00,0.0, ,111080, ,0.00, ,16.56, ,75.3, 
2022/1/28,23:00,0.0, ,110990, ,2.21, ,16.56, ,75.2, 
2022/1/28,24:00,0.0, ,110950, ,3.25, ,16.56, ,75.2, 
2022/1/29,01:00,0.0, ,110910, ,1.81, ,16.54, ,75.2, 
2022/1/29,02:00,0.0, ,110860, ,2.62, ,16.54, ,75.1, 
2022/1/29,03:00,0.0, ,110820, ,4.05, ,16.54, ,75.1, 
2022/1/29,04:00,0.0, ,110770, ,2.62, ,16.54, ,75.0, 
2022/1/29,05:00,0.0, ,110730, ,5.28, ,16.54, ,75.0, 
2022/1/29,06:00,0.0, ,110680, ,3.85, ,16.54, ,74.9, 
2022/1/29,07:00,0.0, ,110640, ,4.27, ,16.54, ,74.9, 
2022/1/29,08:00,0.0, ,110600, ,2.02, ,16.54, ,74.9, 
2022/1/29,09:00,0.0, ,110510, ,3.04, ,16.54, ,74.8, 
2022/1/29,10:00,0.0, ,110460, ,0.00, ,16.54, ,74.7, 
2022/1/29,11:00,0.0, ,110420, ,7.75, ,16.54, ,74.7, 
2022/1/29,12:00,0.0, ,110420, ,5.10, ,16.54, ,74.7, 
2022/1/29,13:00,0.0, ,110380, ,14.29, ,16.52, ,74.6, 
2022/1/29,14:00,0.0, ,110380, ,6.51, ,16.52, ,74.6, 
2022/1/29,15:00,0.0, ,110330, ,14.07, ,16.52, ,74.6, 
2022/1/29,16:00,0.0, ,110330, ,6.71, ,16.52, ,74.6, 
2022/1/29,17:00,0.0, ,110290, ,11.62, ,16.52, ,74.6, 
2022/1/29,18:00,0.0, ,110290, ,9.17, ,16.52, ,74.6, 
2022/1/29,19:00,0.0, ,110240, ,4.88, ,16.52, ,74.5, 
2022/1/29,20:00,0.0, ,110200, ,5.90, ,16.52, ,74.5, 
2022/1/29,21:00,0.0, ,110160, ,6.11, ,16.52, ,74.4, 
2022/1/29,22:00,0.0, ,110110, ,1.42, ,16.52, ,74.4, 
2022/1/29,23:00,0.0, ,110020, ,2.24, ,16.52, ,74.3, 
2022/1/29,24:00,0.0, ,109980, ,2.24, ,16.52, ,74.3, 
2022/1/30,01:00,0.0, ,109930, ,3.67, ,16.52, ,74.2, 
2022/1/30,02:00,0.0, ,109890, ,1.23, ,16.52, ,74.2, 
2022/1/30,03:00,0.0, ,109850, ,5.72, ,16.50, ,74.1, 
2022/1/30,04:00,0.0, ,109800, ,1.83, ,16.50, ,74.1, 
2022/1/30,05:00,0.0, ,109760, ,4.28, ,16.50, ,74.0, 
2022/1/30,06:00,0.0, ,109710, ,2.85, ,16.50, ,74.0, 
2022/1/30,07:00,0.0, ,109670, ,3.87, ,16.50, ,74.0, 
2022/1/30,08:00,0.0, ,109580, ,0.41, ,16.50, ,73.9, 
2022/1/30,09:00,0.0, ,109540, ,3.88, ,16.50, ,73.8, 
2022/1/30,10:00,0.0, ,109490, ,3.88, ,16.50, ,73.8, 
2022/1/30,11:00,0.0, ,109450, ,5.51, ,16.50, ,73.8, 
2022/1/30,12:00,0.0, ,109450, ,4.90, ,16.50, ,73.8, 
2022/1/30,13:00,0.0, ,109410, ,10.40, ,16.50, ,73.7, 
2022/1/30,14:00,0.0, ,109410, ,10.40, ,16.50, ,73.7, 
2022/1/30,15:00,0.0, ,109360, ,15.89, ,16.50, ,73.7, 
2022/1/30,16:00,0.0, ,109360, ,4.91, ,16.50, ,73.7, 
2022/1/30,17:00,0.0, ,109320, ,13.45, ,16.48, ,73.6, 
2022/1/30,18:00,0.0, ,109320, ,7.34, ,16.48, ,73.6, 
2022/1/30,19:00,0.0, ,109230, ,3.26, ,16.48, ,73.5, 
2022/1/30,20:00,0.0, ,109190, ,5.10, ,16.48, ,73.5, 
2022/1/30,21:00,0.0, ,109140, ,2.06, ,16.48, ,73.5, 
2022/1/30,22:00,0.0, ,109100, ,4.29, ,16.48, ,73.4, 
2022/1/30,23:00,0.0, ,109060, ,2.06, ,16.48, ,73.4, 
2022/1/30,24:00,0.0, ,109010, ,4.10, ,16.48, ,73.3, 
2022/1/31,01:00,0.0, ,108970, ,3.08, ,16.48, ,73.3, 
2022/1/31,02:00,0.0, ,108920, ,3.69, ,16.48, ,73.2, 
2022/1/31,03:00,0.0, ,108880, ,2.89, ,16.48, ,73.2, 
2022/1/31,04:00,0.0, ,108840, ,2.48, ,16.48, ,73.2, 
2022/1/31,05:00,0.0, ,108790, ,3.90, ,16.48, ,73.1, 
2022/1/31,06:00,0.0, ,108710, ,0.00, ,16.46, ,73.0, 
2022/1/31,07:00,0.0, ,108660, ,5.72, ,16.46, ,73.0, 
2022/1/31,08:00,0.0, ,108620, ,2.48, ,16.46, ,73.0, 
2022/1/31,09:00,0.0, ,108570, ,1.47, ,16.46, ,72.9, 
2022/1/31,10:00,0.0, ,108530, ,3.90, ,16.46, ,72.9, 
2022/1/31,11:00,0.0, ,108490, ,2.08, ,16.46, ,72.8, 
2022/1/31,12:00,0.0, ,108440, ,10.18, ,16.46, ,72.8, 
2022/1/31,13:00,0.0, ,108440, ,7.15, ,16.46, ,72.8, 
2022/1/31,14:00,0.0, ,108400, ,14.44, ,16.46, ,72.7, 
2022/1/31,15:00,0.0, ,108400, ,6.34, ,16.46, ,72.7, 
2022/1/31,16:00,0.0, ,108360, ,12.01, ,16.46, ,72.7, 
2022/1/31,17:00,0.0, ,108360, ,8.77, ,16.46, ,72.7, 
2022/1/31,18:00,0.0, ,108310, ,4.52, ,16.46, ,72.7, 
2022/1/31,19:00,0.0, ,108270, ,7.96, ,16.46, ,72.6, 
2022/1/31,20:00,0.0, ,108220, ,6.54, ,16.44, ,72.6, 
2022/1/31,21:00,0.0, ,108180, ,1.68, ,16.44, ,72.5, 
2022/1/31,22:00,0.0, ,108140, ,5.73, ,16.44, ,72.5, 
2022/1/31,23:00,0.0, ,108090, ,2.29, ,16.44, ,72.4, 
2022/1/31,24:00,0.0, ,108050, ,4.51, ,16.44, ,72.4, 
