îCà”ä˙ä‘É_ÉÄèîó åüçıåãâ 
êÖånñº,ãgñÏêÏ
âÕêÏñº,ãgñÏêÏ
äœë™èäñº,ëÅñæâYÉ_ÉÄÅiã@ç\Åj
äœë™èäãLçÜ,1368080700010
#
#îNåéì˙,éûçè,ó¨àÊïΩãœâJó ,ó¨àÊïΩãœâJó ëÆê´,íôêÖó ,íôêÖó ëÆê´,ó¨ì¸ó ,ó¨ì¸ó ëÆê´,ï˙ó¨ó ,ï˙ó¨ó ëÆê´,íôêÖó¶,íôêÖó¶ëÆê´
#ëÆê´Å@$:åáë™ -:ñ¢éÛêM
#
2005/10/1,01:00,0.0, ,168370, ,8.43, ,0.00, ,97.2, 
2005/10/1,02:00,0.0, ,168370, ,6.90, ,0.00, ,97.2, 
2005/10/1,03:00,0.0, ,168370, ,0.00, ,0.00, ,97.2, 
2005/10/1,04:00,0.0, ,168370, ,0.00, ,0.00, ,97.2, 
2005/10/1,05:00,0.0, ,168370, ,0.00, ,0.00, ,97.2, 
2005/10/1,06:00,0.2, ,168370, ,0.00, ,0.00, ,97.2, 
2005/10/1,07:00,0.6, ,168420, ,8.27, ,5.40, ,97.2, 
2005/10/1,08:00,0.5, ,168420, ,16.72, ,18.40, ,97.2, 
2005/10/1,09:00,0.4, ,168310, ,5.77, ,26.80, ,97.1, 
2005/10/1,10:00,0.2, ,168260, ,8.67, ,30.30, ,97.1, 
2005/10/1,11:00,0.1, ,168150, ,4.29, ,30.60, ,97.0, 
2005/10/1,12:00,0.0, ,168090, ,12.12, ,30.60, ,97.0, 
2005/10/1,13:00,0.0, ,167980, ,11.64, ,30.60, ,96.9, 
2005/10/1,14:00,0.0, ,167930, ,6.56, ,30.40, ,96.9, 
2005/10/1,15:00,0.0, ,167870, ,11.10, ,30.50, ,96.8, 
2005/10/1,16:00,0.0, ,167820, ,12.82, ,33.00, ,96.8, 
2005/10/1,17:00,0.0, ,167710, ,10.15, ,30.40, ,96.7, 
2005/10/1,18:00,0.0, ,167650, ,9.86, ,26.80, ,96.7, 
2005/10/1,19:00,0.0, ,167600, ,11.72, ,8.20, ,96.6, 
2005/10/1,20:00,0.0, ,167600, ,1.08, ,0.00, ,96.6, 
2005/10/1,21:00,0.0, ,167600, ,0.00, ,0.00, ,96.6, 
2005/10/1,22:00,0.0, ,167600, ,0.00, ,0.00, ,96.6, 
2005/10/1,23:00,0.0, ,167600, ,0.00, ,0.00, ,96.6, 
2005/10/1,24:00,0.0, ,167600, ,0.00, ,0.00, ,95.9, 
2005/10/2,01:00,0.0, ,167600, ,0.00, ,0.00, ,95.9, 
2005/10/2,02:00,0.0, ,167600, ,0.00, ,0.00, ,95.9, 
2005/10/2,03:00,0.0, ,167650, ,10.96, ,0.00, ,96.0, 
2005/10/2,04:00,0.0, ,167650, ,4.33, ,0.00, ,96.0, 
2005/10/2,05:00,0.0, ,167650, ,0.00, ,0.00, ,96.0, 
2005/10/2,06:00,0.0, ,167650, ,0.27, ,15.90, ,96.0, 
2005/10/2,07:00,0.0, ,167650, ,10.04, ,27.50, ,96.0, 
2005/10/2,08:00,0.0, ,167600, ,15.73, ,29.30, ,95.9, 
2005/10/2,09:00,0.0, ,167490, ,3.03, ,29.40, ,95.9, 
2005/10/2,10:00,0.0, ,167380, ,4.20, ,29.10, ,95.8, 
2005/10/2,11:00,0.0, ,167320, ,8.61, ,29.20, ,95.7, 
2005/10/2,12:00,0.0, ,167270, ,10.46, ,29.20, ,95.7, 
2005/10/2,13:00,0.0, ,167160, ,9.29, ,31.90, ,95.6, 
2005/10/2,14:00,0.0, ,167100, ,10.02, ,29.40, ,95.6, 
2005/10/2,15:00,0.0, ,167050, ,10.78, ,29.30, ,95.6, 
2005/10/2,16:00,0.0, ,166940, ,9.57, ,29.50, ,95.5, 
2005/10/2,17:00,0.0, ,166880, ,8.48, ,31.80, ,95.4, 
2005/10/2,18:00,0.0, ,166830, ,12.92, ,9.80, ,95.4, 
2005/10/2,19:00,0.0, ,166830, ,2.77, ,0.00, ,95.4, 
2005/10/2,20:00,0.0, ,166830, ,0.00, ,0.00, ,95.4, 
2005/10/2,21:00,0.0, ,166830, ,0.00, ,0.00, ,95.4, 
2005/10/2,22:00,0.0, ,166830, ,0.00, ,0.00, ,95.4, 
2005/10/2,23:00,0.0, ,166830, ,0.00, ,0.00, ,95.4, 
2005/10/2,24:00,0.0, ,166880, ,5.85, ,0.00, ,94.8, 
2005/10/3,01:00,0.0, ,166880, ,9.40, ,0.00, ,94.8, 
2005/10/3,02:00,0.1, ,166880, ,0.00, ,0.00, ,94.8, 
2005/10/3,03:00,0.0, ,166880, ,0.00, ,0.00, ,94.8, 
2005/10/3,04:00,0.0, ,166880, ,0.00, ,0.00, ,94.8, 
2005/10/3,05:00,0.0, ,166880, ,0.00, ,0.00, ,94.8, 
2005/10/3,06:00,0.0, ,166940, ,10.68, ,0.00, ,94.8, 
2005/10/3,07:00,0.0, ,166940, ,4.58, ,0.00, ,94.8, 
2005/10/3,08:00,0.0, ,166940, ,0.09, ,5.20, ,94.8, 
2005/10/3,09:00,0.0, ,166940, ,9.61, ,18.50, ,94.8, 
2005/10/3,10:00,0.0, ,166830, ,9.50, ,30.70, ,94.7, 
2005/10/3,11:00,0.0, ,166770, ,8.20, ,30.40, ,94.7, 
2005/10/3,12:00,0.0, ,166660, ,8.74, ,30.60, ,94.6, 
2005/10/3,13:00,0.0, ,166610, ,7.97, ,30.40, ,94.6, 
2005/10/3,14:00,0.0, ,166550, ,10.97, ,30.70, ,94.5, 
2005/10/3,15:00,0.0, ,166440, ,15.55, ,33.00, ,94.5, 
2005/10/3,16:00,0.0, ,166390, ,6.89, ,30.70, ,94.4, 
2005/10/3,17:00,0.0, ,166330, ,10.79, ,30.70, ,94.4, 
2005/10/3,18:00,0.0, ,166230, ,6.71, ,33.00, ,94.3, 
2005/10/3,19:00,0.0, ,166170, ,8.12, ,22.10, ,94.3, 
2005/10/3,20:00,0.2, ,166120, ,4.91, ,7.30, ,94.2, 
2005/10/3,21:00,0.0, ,166120, ,6.04, ,0.00, ,94.2, 
2005/10/3,22:00,0.0, ,166120, ,0.00, ,0.00, ,94.2, 
2005/10/3,23:00,0.0, ,166120, ,0.00, ,0.00, ,94.2, 
2005/10/3,24:00,0.0, ,166120, ,0.00, ,0.00, ,93.6, 
2005/10/4,01:00,0.0, ,166120, ,0.00, ,0.00, ,93.6, 
2005/10/4,02:00,0.0, ,166120, ,0.00, ,0.00, ,93.6, 
2005/10/4,03:00,0.2, ,166120, ,0.00, ,0.00, ,93.6, 
2005/10/4,04:00,0.0, ,166120, ,0.00, ,0.00, ,93.6, 
2005/10/4,05:00,0.1, ,166120, ,0.00, ,0.00, ,93.6, 
2005/10/4,06:00,0.0, ,166120, ,0.00, ,0.00, ,93.6, 
2005/10/4,07:00,0.0, ,166120, ,0.00, ,0.00, ,93.6, 
2005/10/4,08:00,0.0, ,166170, ,3.13, ,5.10, ,93.6, 
2005/10/4,09:00,0.0, ,166170, ,21.75, ,18.60, ,93.6, 
2005/10/4,10:00,0.0, ,166060, ,5.58, ,30.60, ,93.5, 
2005/10/4,11:00,0.0, ,166010, ,9.77, ,30.40, ,93.5, 
2005/10/4,12:00,0.0, ,165900, ,6.71, ,30.70, ,93.4, 
2005/10/4,13:00,1.8, ,165840, ,11.62, ,33.10, ,93.4, 
2005/10/4,14:00,6.9, ,165790, ,10.54, ,30.50, ,93.3, 
2005/10/4,15:00,0.7, ,165730, ,22.97, ,30.50, ,93.3, 
2005/10/4,16:00,0.2, ,165680, ,11.12, ,33.20, ,93.3, 
2005/10/4,17:00,0.0, ,165570, ,8.83, ,30.60, ,93.2, 
2005/10/4,18:00,0.0, ,165510, ,8.84, ,30.60, ,93.2, 
2005/10/4,19:00,0.0, ,165460, ,12.08, ,4.40, ,93.1, 
2005/10/4,20:00,0.0, ,165460, ,4.27, ,0.00, ,93.1, 
2005/10/4,21:00,0.0, ,165510, ,7.83, ,0.00, ,93.2, 
2005/10/4,22:00,0.0, ,165510, ,5.05, ,0.00, ,93.2, 
2005/10/4,23:00,0.0, ,165510, ,0.00, ,0.00, ,93.2, 
2005/10/4,24:00,0.0, ,165510, ,0.00, ,0.00, ,92.5, 
2005/10/5,01:00,0.0, ,165570, ,3.79, ,0.00, ,92.5, 
2005/10/5,02:00,0.0, ,165570, ,10.11, ,0.00, ,92.5, 
2005/10/5,03:00,0.0, ,165570, ,1.26, ,0.00, ,92.5, 
2005/10/5,04:00,0.0, ,165570, ,0.00, ,0.00, ,92.5, 
2005/10/5,05:00,0.0, ,165570, ,0.00, ,0.00, ,92.5, 
2005/10/5,06:00,0.0, ,165620, ,11.38, ,0.00, ,92.6, 
2005/10/5,07:00,1.0, ,165620, ,3.79, ,0.00, ,92.6, 
2005/10/5,08:00,1.5, ,165620, ,0.10, ,5.50, ,92.6, 
2005/10/5,09:00,0.1, ,165570, ,7.94, ,18.70, ,92.5, 
2005/10/5,10:00,0.6, ,165510, ,16.59, ,30.90, ,92.5, 
2005/10/5,11:00,2.6, ,165410, ,11.44, ,30.60, ,92.4, 
2005/10/5,12:00,2.1, ,165410, ,12.28, ,21.00, ,92.4, 
2005/10/5,13:00,1.0, ,165350, ,13.23, ,21.00, ,92.4, 
2005/10/5,14:00,0.0, ,165300, ,14.74, ,30.90, ,92.3, 
2005/10/5,15:00,1.7, ,165190, ,9.23, ,30.70, ,92.3, 
2005/10/5,16:00,0.4, ,165130, ,14.18, ,25.40, ,92.2, 
2005/10/5,17:00,1.7, ,165080, ,12.25, ,21.70, ,92.2, 
2005/10/5,18:00,1.4, ,165080, ,9.13, ,6.50, ,92.2, 
2005/10/5,19:00,0.6, ,165080, ,8.76, ,0.00, ,92.2, 
2005/10/5,20:00,0.6, ,165080, ,0.00, ,0.00, ,92.2, 
2005/10/5,21:00,0.2, ,165130, ,2.78, ,0.00, ,92.2, 
2005/10/5,22:00,0.4, ,165130, ,12.36, ,0.00, ,92.2, 
2005/10/5,23:00,0.5, ,165130, ,0.00, ,0.00, ,92.2, 
2005/10/5,24:00,0.0, ,165130, ,0.00, ,0.00, ,91.6, 
2005/10/6,01:00,0.0, ,165190, ,14.65, ,0.00, ,91.6, 
2005/10/6,02:00,0.3, ,165190, ,0.51, ,0.00, ,91.6, 
2005/10/6,03:00,0.1, ,165190, ,0.00, ,0.00, ,91.6, 
2005/10/6,04:00,0.0, ,165240, ,1.01, ,0.00, ,91.6, 
2005/10/6,05:00,0.0, ,165240, ,14.14, ,0.00, ,91.6, 
2005/10/6,06:00,0.0, ,165240, ,0.00, ,0.00, ,91.6, 
2005/10/6,07:00,0.0, ,165240, ,0.00, ,0.00, ,91.6, 
2005/10/6,08:00,0.0, ,165300, ,3.28, ,0.00, ,91.7, 
2005/10/6,09:00,0.0, ,165300, ,11.96, ,5.50, ,91.7, 
2005/10/6,10:00,0.0, ,165300, ,10.42, ,21.00, ,91.7, 
2005/10/6,11:00,0.0, ,165240, ,20.64, ,29.50, ,91.6, 
2005/10/6,12:00,0.0, ,165190, ,11.93, ,29.40, ,91.6, 
2005/10/6,13:00,0.0, ,165130, ,16.61, ,21.10, ,91.6, 
2005/10/6,14:00,0.0, ,165130, ,10.81, ,29.30, ,91.6, 
2005/10/6,15:00,0.0, ,165020, ,14.09, ,29.50, ,91.5, 
2005/10/6,16:00,0.0, ,165020, ,14.57, ,29.40, ,91.5, 
2005/10/6,17:00,0.0, ,164970, ,10.11, ,8.50, ,91.5, 
2005/10/6,18:00,0.0, ,164970, ,9.35, ,0.00, ,91.5, 
2005/10/6,19:00,0.0, ,164970, ,0.01, ,0.00, ,91.5, 
2005/10/6,20:00,0.0, ,165020, ,14.13, ,0.00, ,91.5, 
2005/10/6,21:00,0.0, ,165080, ,4.79, ,0.00, ,91.5, 
2005/10/6,22:00,0.0, ,165080, ,11.36, ,0.00, ,91.5, 
2005/10/6,23:00,0.0, ,165130, ,10.35, ,0.00, ,91.6, 
2005/10/6,24:00,0.0, ,165130, ,4.79, ,0.00, ,91.0, 
2005/10/7,01:00,0.0, ,165130, ,0.00, ,0.00, ,91.0, 
2005/10/7,02:00,0.0, ,165130, ,0.00, ,0.00, ,91.0, 
2005/10/7,03:00,0.0, ,165190, ,3.54, ,0.00, ,91.0, 
2005/10/7,04:00,0.0, ,165190, ,11.62, ,0.00, ,91.0, 
2005/10/7,05:00,0.0, ,165190, ,0.00, ,0.00, ,91.0, 
2005/10/7,06:00,0.0, ,165190, ,0.00, ,0.00, ,91.0, 
2005/10/7,07:00,0.0, ,165190, ,0.09, ,5.30, ,91.0, 
2005/10/7,08:00,0.2, ,165190, ,9.60, ,18.50, ,91.0, 
2005/10/7,09:00,0.5, ,165130, ,18.47, ,29.60, ,91.0, 
2005/10/7,10:00,0.2, ,165080, ,9.02, ,29.40, ,90.9, 
2005/10/7,11:00,0.3, ,164970, ,8.53, ,29.30, ,90.9, 
2005/10/7,12:00,0.5, ,164910, ,11.13, ,29.30, ,90.8, 
2005/10/7,13:00,0.0, ,164860, ,11.99, ,27.90, ,90.8, 
2005/10/7,14:00,0.1, ,164810, ,6.93, ,31.90, ,90.7, 
2005/10/7,15:00,0.1, ,164700, ,9.21, ,31.90, ,90.7, 
2005/10/7,16:00,0.1, ,164640, ,7.99, ,29.40, ,90.6, 
2005/10/7,17:00,0.2, ,164530, ,9.15, ,32.00, ,90.6, 
2005/10/7,18:00,0.0, ,164480, ,7.26, ,32.10, ,90.5, 
2005/10/7,19:00,0.0, ,164420, ,11.76, ,28.50, ,90.5, 
2005/10/7,20:00,0.0, ,164320, ,10.80, ,28.50, ,90.4, 
2005/10/7,21:00,0.0, ,164260, ,6.84, ,29.20, ,90.4, 
2005/10/7,22:00,0.0, ,164150, ,5.48, ,19.80, ,90.3, 
2005/10/7,23:00,0.0, ,164100, ,2.68, ,7.70, ,90.3, 
2005/10/7,24:00,0.0, ,164100, ,0.69, ,0.00, ,89.7, 
2005/10/8,01:00,0.0, ,164100, ,0.00, ,0.00, ,89.7, 
2005/10/8,02:00,0.0, ,164100, ,0.00, ,0.00, ,89.7, 
2005/10/8,03:00,0.0, ,164100, ,0.00, ,0.00, ,89.7, 
2005/10/8,04:00,0.0, ,164100, ,0.00, ,0.00, ,89.7, 
2005/10/8,05:00,0.0, ,164150, ,4.28, ,0.00, ,89.7, 
2005/10/8,06:00,0.0, ,164150, ,10.81, ,0.00, ,89.7, 
2005/10/8,07:00,0.1, ,164150, ,0.09, ,5.30, ,89.7, 
2005/10/8,08:00,0.1, ,164150, ,9.22, ,17.70, ,89.7, 
2005/10/8,09:00,1.2, ,164040, ,6.66, ,29.40, ,89.6, 
2005/10/8,10:00,3.7, ,163990, ,9.35, ,29.60, ,89.6, 
2005/10/8,11:00,0.3, ,163940, ,15.63, ,29.60, ,89.6, 
2005/10/8,12:00,0.0, ,163880, ,9.85, ,29.50, ,89.5, 
2005/10/8,13:00,0.0, ,163830, ,5.90, ,19.60, ,89.5, 
2005/10/8,14:00,0.0, ,163770, ,13.85, ,29.60, ,89.4, 
2005/10/8,15:00,0.1, ,163720, ,10.59, ,29.60, ,89.4, 
2005/10/8,16:00,0.0, ,163610, ,12.10, ,32.10, ,89.3, 
2005/10/8,17:00,0.0, ,163560, ,11.42, ,29.60, ,89.3, 
2005/10/8,18:00,0.0, ,163500, ,11.54, ,29.40, ,89.3, 
2005/10/8,19:00,0.0, ,163450, ,15.44, ,29.60, ,89.2, 
2005/10/8,20:00,0.0, ,163340, ,5.81, ,4.30, ,89.2, 
2005/10/8,21:00,0.0, ,163340, ,1.18, ,0.00, ,89.2, 
2005/10/8,22:00,0.0, ,163340, ,0.00, ,0.00, ,89.2, 
2005/10/8,23:00,0.0, ,163340, ,0.00, ,0.00, ,89.2, 
2005/10/8,24:00,0.0, ,163340, ,0.00, ,0.00, ,88.5, 
2005/10/9,01:00,0.0, ,163340, ,0.00, ,0.00, ,88.5, 
2005/10/9,02:00,0.0, ,163340, ,0.00, ,0.00, ,88.5, 
2005/10/9,03:00,0.0, ,163390, ,4.77, ,0.00, ,88.6, 
2005/10/9,04:00,0.0, ,163390, ,10.28, ,0.00, ,88.6, 
2005/10/9,05:00,0.0, ,163390, ,0.00, ,0.00, ,88.6, 
2005/10/9,06:00,0.0, ,163390, ,0.00, ,0.00, ,88.6, 
2005/10/9,07:00,0.0, ,163390, ,0.00, ,0.00, ,88.6, 
2005/10/9,08:00,0.0, ,163390, ,0.09, ,5.30, ,88.6, 
2005/10/9,09:00,0.0, ,163390, ,12.26, ,23.30, ,88.6, 
2005/10/9,10:00,0.0, ,163340, ,14.88, ,29.70, ,88.5, 
2005/10/9,11:00,0.0, ,163290, ,11.32, ,29.70, ,88.5, 
2005/10/9,12:00,0.0, ,163180, ,10.36, ,29.70, ,88.4, 
2005/10/9,13:00,0.0, ,163180, ,12.83, ,18.70, ,88.4, 
2005/10/9,14:00,0.0, ,163120, ,9.33, ,29.70, ,88.4, 
2005/10/9,15:00,0.0, ,163010, ,15.74, ,29.60, ,88.3, 
2005/10/9,16:00,0.0, ,162960, ,8.91, ,32.10, ,88.3, 
2005/10/9,17:00,0.0, ,162910, ,10.02, ,29.70, ,88.3, 
2005/10/9,18:00,0.0, ,162850, ,11.11, ,29.80, ,88.2, 
2005/10/9,19:00,0.0, ,162740, ,15.57, ,29.40, ,88.2, 
2005/10/9,20:00,0.0, ,162690, ,6.77, ,32.10, ,88.1, 
2005/10/9,21:00,0.0, ,162640, ,7.53, ,8.60, ,88.1, 
2005/10/9,22:00,0.0, ,162640, ,5.19, ,0.00, ,88.1, 
2005/10/9,23:00,0.0, ,162640, ,0.00, ,0.00, ,88.1, 
2005/10/9,24:00,0.0, ,162640, ,0.00, ,0.00, ,87.5, 
2005/10/10,01:00,0.0, ,162640, ,0.00, ,0.00, ,87.5, 
2005/10/10,02:00,0.0, ,162640, ,0.00, ,0.00, ,87.5, 
2005/10/10,03:00,0.0, ,162640, ,0.00, ,0.00, ,87.5, 
2005/10/10,04:00,0.0, ,162640, ,0.00, ,0.00, ,87.5, 
2005/10/10,05:00,0.0, ,162640, ,0.00, ,0.00, ,87.5, 
2005/10/10,06:00,0.0, ,162640, ,0.00, ,0.00, ,87.5, 
2005/10/10,07:00,0.0, ,162640, ,0.09, ,5.20, ,87.5, 
2005/10/10,08:00,0.0, ,162640, ,9.67, ,18.50, ,87.5, 
2005/10/10,09:00,0.0, ,162580, ,14.94, ,18.70, ,87.4, 
2005/10/10,10:00,0.0, ,162530, ,5.81, ,28.40, ,87.4, 
2005/10/10,11:00,0.0, ,162420, ,8.43, ,28.20, ,87.3, 
2005/10/10,12:00,0.0, ,162420, ,12.21, ,28.50, ,87.3, 
2005/10/10,13:00,1.2, ,162370, ,8.49, ,18.90, ,87.3, 
2005/10/10,14:00,0.3, ,162310, ,14.55, ,28.30, ,87.3, 
2005/10/10,15:00,0.1, ,162200, ,9.11, ,30.80, ,87.2, 
2005/10/10,16:00,0.0, ,162150, ,12.36, ,28.30, ,87.2, 
2005/10/10,17:00,0.3, ,162100, ,10.25, ,28.30, ,87.1, 
2005/10/10,18:00,0.5, ,162040, ,9.82, ,28.40, ,87.1, 
2005/10/10,19:00,0.0, ,161940, ,6.97, ,31.00, ,87.0, 
2005/10/10,20:00,0.0, ,161880, ,7.10, ,20.50, ,87.0, 
2005/10/10,21:00,0.0, ,161830, ,4.69, ,4.50, ,87.0, 
2005/10/10,22:00,0.0, ,161770, ,4.45, ,0.00, ,86.9, 
2005/10/10,23:00,0.0, ,161770, ,0.00, ,0.00, ,86.9, 
2005/10/10,24:00,0.0, ,161770, ,0.00, ,0.00, ,86.9, 
2005/10/11,01:00,0.1, ,161770, ,0.00, ,0.00, ,86.9, 
2005/10/11,02:00,0.6, ,161770, ,0.00, ,0.00, ,86.9, 
2005/10/11,03:00,0.0, ,161770, ,0.00, ,0.00, ,86.9, 
2005/10/11,04:00,0.0, ,161830, ,12.97, ,0.00, ,87.0, 
2005/10/11,05:00,0.0, ,161830, ,1.99, ,0.00, ,87.0, 
2005/10/11,06:00,0.5, ,161830, ,0.00, ,0.00, ,87.0, 
2005/10/11,07:00,1.1, ,161830, ,0.00, ,0.00, ,87.0, 
2005/10/11,08:00,0.3, ,161830, ,0.00, ,0.00, ,87.0, 
2005/10/11,09:00,0.0, ,161880, ,8.32, ,5.50, ,87.0, 
2005/10/11,10:00,0.1, ,161880, ,16.33, ,18.60, ,87.0, 
2005/10/11,11:00,0.3, ,161830, ,7.69, ,18.80, ,87.0, 
2005/10/11,12:00,1.1, ,161770, ,17.91, ,32.10, ,86.9, 
2005/10/11,13:00,0.4, ,161770, ,13.93, ,18.80, ,86.9, 
2005/10/11,14:00,0.4, ,161720, ,14.51, ,32.10, ,86.9, 
2005/10/11,15:00,0.0, ,161610, ,6.83, ,34.70, ,86.8, 
2005/10/11,16:00,0.5, ,161560, ,11.54, ,20.00, ,86.8, 
2005/10/11,17:00,0.0, ,161560, ,12.73, ,7.30, ,86.8, 
2005/10/11,18:00,0.0, ,161560, ,9.19, ,0.00, ,86.8, 
2005/10/11,19:00,0.0, ,161560, ,0.00, ,0.00, ,86.8, 
2005/10/11,20:00,0.0, ,161560, ,0.00, ,0.00, ,86.8, 
2005/10/11,21:00,0.0, ,161560, ,0.00, ,0.00, ,86.8, 
2005/10/11,22:00,0.0, ,161610, ,6.72, ,0.00, ,86.8, 
2005/10/11,23:00,0.0, ,161610, ,8.22, ,0.00, ,86.8, 
2005/10/11,24:00,0.0, ,161610, ,0.00, ,0.00, ,86.8, 
2005/10/12,01:00,0.0, ,161610, ,0.00, ,0.00, ,86.8, 
2005/10/12,02:00,0.0, ,161610, ,0.00, ,0.00, ,86.8, 
2005/10/12,03:00,0.0, ,161610, ,0.00, ,0.00, ,86.8, 
2005/10/12,04:00,0.0, ,161670, ,1.00, ,0.00, ,86.9, 
2005/10/12,05:00,0.0, ,161670, ,13.95, ,0.00, ,86.9, 
2005/10/12,06:00,0.0, ,161670, ,0.00, ,0.00, ,86.9, 
2005/10/12,07:00,0.0, ,161670, ,0.00, ,0.00, ,86.9, 
2005/10/12,08:00,0.0, ,161670, ,0.00, ,0.00, ,86.9, 
2005/10/12,09:00,0.0, ,161670, ,0.00, ,0.00, ,86.9, 
2005/10/12,10:00,0.0, ,161720, ,7.72, ,0.00, ,86.9, 
2005/10/12,11:00,0.0, ,161770, ,9.22, ,0.00, ,86.9, 
2005/10/12,12:00,0.0, ,161770, ,13.23, ,15.80, ,86.9, 
2005/10/12,13:00,0.0, ,161770, ,10.10, ,32.60, ,86.9, 
2005/10/12,14:00,0.0, ,161720, ,23.62, ,38.60, ,86.9, 
2005/10/12,15:00,0.0, ,161610, ,11.22, ,38.60, ,86.8, 
2005/10/12,16:00,0.0, ,161500, ,10.47, ,38.70, ,86.8, 
2005/10/12,17:00,0.0, ,161450, ,10.97, ,17.10, ,86.7, 
2005/10/12,18:00,0.0, ,161450, ,10.96, ,0.00, ,86.7, 
2005/10/12,19:00,0.0, ,161450, ,0.00, ,0.00, ,86.7, 
2005/10/12,20:00,0.0, ,161450, ,0.00, ,0.00, ,86.7, 
2005/10/12,21:00,0.0, ,161500, ,10.21, ,0.00, ,86.8, 
2005/10/12,22:00,0.0, ,161500, ,4.73, ,0.00, ,86.8, 
2005/10/12,23:00,0.0, ,161500, ,0.00, ,0.00, ,86.8, 
2005/10/12,24:00,0.0, ,161500, ,0.00, ,0.00, ,86.8, 
2005/10/13,01:00,0.0, ,161560, ,12.45, ,0.00, ,86.8, 
2005/10/13,02:00,0.0, ,161560, ,2.49, ,0.00, ,86.8, 
2005/10/13,03:00,0.0, ,161560, ,0.00, ,0.00, ,86.8, 
2005/10/13,04:00,0.0, ,161560, ,0.00, ,0.00, ,86.8, 
2005/10/13,05:00,0.0, ,161560, ,0.00, ,0.00, ,86.8, 
2005/10/13,06:00,0.0, ,161560, ,0.00, ,0.00, ,86.8, 
2005/10/13,07:00,0.0, ,161560, ,0.00, ,0.00, ,86.8, 
2005/10/13,08:00,0.0, ,161610, ,3.24, ,0.00, ,86.8, 
2005/10/13,09:00,0.0, ,161610, ,11.70, ,0.00, ,86.8, 
2005/10/13,10:00,0.0, ,161610, ,0.00, ,0.00, ,86.8, 
2005/10/13,11:00,0.0, ,161670, ,5.48, ,0.00, ,86.9, 
2005/10/13,12:00,0.0, ,161670, ,9.56, ,5.50, ,86.9, 
2005/10/13,13:00,0.0, ,161670, ,9.61, ,18.60, ,86.9, 
2005/10/13,14:00,0.0, ,161610, ,24.88, ,38.60, ,86.8, 
2005/10/13,15:00,0.0, ,161500, ,15.17, ,38.80, ,86.8, 
2005/10/13,16:00,0.0, ,161400, ,7.42, ,38.50, ,86.7, 
2005/10/13,17:00,0.0, ,161290, ,12.71, ,38.50, ,86.6, 
2005/10/13,18:00,0.0, ,161180, ,10.23, ,41.40, ,86.6, 
2005/10/13,19:00,0.0, ,161070, ,8.81, ,34.70, ,86.5, 
2005/10/13,20:00,0.0, ,161020, ,5.30, ,4.30, ,86.5, 
2005/10/13,21:00,0.0, ,161020, ,0.68, ,0.00, ,86.5, 
2005/10/13,22:00,0.0, ,161020, ,0.00, ,0.00, ,86.5, 
2005/10/13,23:00,0.0, ,161020, ,0.00, ,0.00, ,86.5, 
2005/10/13,24:00,0.0, ,161020, ,0.00, ,0.00, ,86.5, 
2005/10/14,01:00,0.0, ,161020, ,0.00, ,0.00, ,86.5, 
2005/10/14,02:00,0.6, ,161020, ,0.00, ,0.00, ,86.5, 
2005/10/14,03:00,0.1, ,161020, ,0.00, ,0.00, ,86.5, 
2005/10/14,04:00,1.1, ,161020, ,0.00, ,0.00, ,86.5, 
2005/10/14,05:00,0.0, ,161070, ,10.69, ,0.00, ,86.5, 
2005/10/14,06:00,0.0, ,161070, ,4.22, ,0.00, ,86.5, 
2005/10/14,07:00,0.2, ,161070, ,0.00, ,0.00, ,86.5, 
2005/10/14,08:00,0.1, ,161070, ,0.00, ,0.00, ,86.5, 
2005/10/14,09:00,0.0, ,161070, ,0.00, ,0.00, ,86.5, 
2005/10/14,10:00,0.0, ,161130, ,7.21, ,0.00, ,86.5, 
2005/10/14,11:00,0.1, ,161130, ,7.80, ,5.20, ,86.5, 
2005/10/14,12:00,0.0, ,161130, ,15.02, ,29.80, ,86.5, 
2005/10/14,13:00,0.0, ,161070, ,14.51, ,19.90, ,86.5, 
2005/10/14,14:00,0.1, ,161020, ,16.68, ,38.90, ,86.5, 
2005/10/14,15:00,0.0, ,160860, ,8.19, ,38.80, ,86.4, 
2005/10/14,16:00,0.1, ,160750, ,11.13, ,41.60, ,86.3, 
2005/10/14,17:00,0.5, ,160650, ,11.42, ,38.70, ,86.2, 
2005/10/14,18:00,0.1, ,160590, ,9.77, ,38.90, ,86.2, 
2005/10/14,19:00,0.0, ,160540, ,9.92, ,8.40, ,86.2, 
2005/10/14,20:00,0.0, ,160540, ,9.06, ,0.00, ,86.2, 
2005/10/14,21:00,0.7, ,160540, ,0.00, ,0.00, ,86.2, 
2005/10/14,22:00,0.3, ,160540, ,0.00, ,0.00, ,86.2, 
2005/10/14,23:00,0.5, ,160540, ,0.00, ,0.00, ,86.2, 
2005/10/14,24:00,0.6, ,160590, ,0.99, ,0.00, ,86.2, 
2005/10/15,01:00,0.2, ,160590, ,13.93, ,0.00, ,86.2, 
2005/10/15,02:00,0.9, ,160590, ,0.00, ,0.00, ,86.2, 
2005/10/15,03:00,1.8, ,160590, ,0.00, ,0.00, ,86.2, 
2005/10/15,04:00,3.1, ,160650, ,12.18, ,0.00, ,86.2, 
2005/10/15,05:00,3.0, ,160650, ,2.74, ,0.00, ,86.2, 
2005/10/15,06:00,2.4, ,160700, ,4.48, ,0.00, ,86.3, 
2005/10/15,07:00,0.4, ,160700, ,10.44, ,0.00, ,86.3, 
2005/10/15,08:00,0.2, ,160700, ,0.00, ,0.00, ,86.3, 
2005/10/15,09:00,0.1, ,160700, ,0.00, ,0.00, ,86.3, 
2005/10/15,10:00,0.0, ,160750, ,14.92, ,0.00, ,86.3, 
2005/10/15,11:00,0.0, ,160810, ,7.22, ,0.00, ,86.3, 
2005/10/15,12:00,0.0, ,160810, ,7.71, ,0.00, ,86.3, 
2005/10/15,13:00,0.1, ,160860, ,11.94, ,0.00, ,86.4, 
2005/10/15,14:00,0.5, ,160910, ,11.18, ,0.00, ,86.4, 
2005/10/15,15:00,1.3, ,160970, ,15.15, ,0.00, ,86.4, 
2005/10/15,16:00,0.8, ,161020, ,13.67, ,0.00, ,86.5, 
2005/10/15,17:00,1.9, ,161070, ,15.41, ,0.00, ,86.5, 
2005/10/15,18:00,0.1, ,161130, ,15.16, ,0.00, ,86.5, 
2005/10/15,19:00,0.0, ,161180, ,13.68, ,0.00, ,86.6, 
2005/10/15,20:00,0.0, ,161240, ,11.69, ,0.00, ,86.6, 
2005/10/15,21:00,0.1, ,161290, ,13.93, ,0.00, ,86.6, 
2005/10/15,22:00,0.0, ,161340, ,14.68, ,0.00, ,86.7, 
2005/10/15,23:00,0.0, ,161400, ,17.42, ,0.00, ,86.7, 
2005/10/15,24:00,0.0, ,161450, ,11.45, ,0.00, ,86.0, 
2005/10/16,01:00,0.0, ,161450, ,13.70, ,0.00, ,86.0, 
2005/10/16,02:00,0.0, ,161500, ,8.22, ,0.00, ,86.1, 
2005/10/16,03:00,0.0, ,161500, ,6.72, ,0.00, ,86.1, 
2005/10/16,04:00,0.0, ,161560, ,8.96, ,0.00, ,86.1, 
2005/10/16,05:00,0.0, ,161560, ,5.98, ,0.00, ,86.1, 
2005/10/16,06:00,0.0, ,161610, ,4.98, ,0.00, ,86.1, 
2005/10/16,07:00,0.0, ,161610, ,9.96, ,0.00, ,86.1, 
2005/10/16,08:00,0.0, ,161670, ,1.99, ,0.00, ,86.2, 
2005/10/16,09:00,0.0, ,161670, ,12.96, ,0.00, ,86.2, 
2005/10/16,10:00,0.0, ,161720, ,5.48, ,0.00, ,86.2, 
2005/10/16,11:00,0.0, ,161720, ,9.47, ,0.00, ,86.2, 
2005/10/16,12:00,0.0, ,161770, ,8.97, ,0.00, ,86.2, 
2005/10/16,13:00,0.0, ,161830, ,10.72, ,0.00, ,86.3, 
2005/10/16,14:00,0.0, ,161830, ,10.22, ,0.00, ,86.3, 
2005/10/16,15:00,0.0, ,161880, ,12.72, ,0.00, ,86.3, 
2005/10/16,16:00,0.0, ,161940, ,13.98, ,15.60, ,86.3, 
2005/10/16,17:00,0.0, ,161940, ,13.53, ,25.60, ,86.3, 
2005/10/16,18:00,0.0, ,161940, ,23.03, ,26.90, ,86.3, 
2005/10/16,19:00,0.0, ,161880, ,20.56, ,27.00, ,86.3, 
2005/10/16,20:00,0.0, ,161830, ,14.09, ,27.20, ,86.3, 
2005/10/16,21:00,0.0, ,161830, ,12.19, ,6.90, ,86.3, 
2005/10/16,22:00,0.0, ,161830, ,9.09, ,0.00, ,86.3, 
2005/10/16,23:00,0.0, ,161830, ,0.00, ,0.00, ,86.3, 
2005/10/16,24:00,0.0, ,161830, ,0.00, ,0.00, ,86.3, 
2005/10/17,01:00,0.0, ,161880, ,13.71, ,0.00, ,86.3, 
2005/10/17,02:00,0.0, ,161880, ,1.25, ,0.00, ,86.3, 
2005/10/17,03:00,0.0, ,161880, ,0.00, ,0.00, ,86.3, 
2005/10/17,04:00,0.0, ,161940, ,13.71, ,0.00, ,86.3, 
2005/10/17,05:00,0.0, ,161940, ,1.25, ,0.00, ,86.3, 
2005/10/17,06:00,0.0, ,161940, ,0.00, ,0.00, ,86.3, 
2005/10/17,07:00,0.0, ,161990, ,14.22, ,0.00, ,86.4, 
2005/10/17,08:00,0.0, ,161990, ,0.75, ,0.00, ,86.4, 
2005/10/17,09:00,0.0, ,161990, ,0.00, ,0.00, ,86.4, 
2005/10/17,10:00,0.0, ,162040, ,8.48, ,0.00, ,86.4, 
2005/10/17,11:00,0.0, ,162100, ,9.73, ,0.00, ,86.4, 
2005/10/17,12:00,0.0, ,162100, ,11.73, ,0.00, ,86.4, 
2005/10/17,13:00,0.0, ,162150, ,6.33, ,5.40, ,86.5, 
2005/10/17,14:00,0.0, ,162100, ,21.16, ,32.00, ,86.4, 
2005/10/17,15:00,0.0, ,162040, ,18.58, ,32.00, ,86.4, 
2005/10/17,16:00,0.0, ,161990, ,12.89, ,32.60, ,86.4, 
2005/10/17,17:00,0.0, ,161880, ,11.07, ,32.00, ,87.0, 
2005/10/17,18:00,0.0, ,161880, ,11.14, ,25.90, ,87.0, 
2005/10/17,19:00,0.0, ,161830, ,9.67, ,20.00, ,86.9, 
2005/10/17,20:00,0.0, ,161770, ,16.57, ,8.40, ,86.9, 
2005/10/17,21:00,0.0, ,161770, ,0.66, ,0.00, ,86.9, 
2005/10/17,22:00,0.0, ,161770, ,0.00, ,0.00, ,86.9, 
2005/10/17,23:00,0.0, ,161830, ,3.49, ,0.00, ,86.9, 
2005/10/17,24:00,0.0, ,161830, ,11.47, ,0.00, ,86.9, 
2005/10/18,01:00,0.0, ,161830, ,0.00, ,0.00, ,86.9, 
2005/10/18,02:00,0.0, ,161830, ,0.00, ,0.00, ,86.9, 
2005/10/18,03:00,0.0, ,161830, ,0.00, ,0.00, ,86.9, 
2005/10/18,04:00,0.0, ,161830, ,0.00, ,0.00, ,86.9, 
2005/10/18,05:00,0.0, ,161880, ,1.25, ,0.00, ,87.0, 
2005/10/18,06:00,0.0, ,161880, ,13.71, ,0.00, ,87.0, 
2005/10/18,07:00,0.0, ,161880, ,0.00, ,0.00, ,87.0, 
2005/10/18,08:00,0.0, ,161880, ,0.00, ,0.00, ,87.0, 
2005/10/18,09:00,0.0, ,161880, ,0.09, ,5.20, ,87.0, 
2005/10/18,10:00,0.0, ,161880, ,8.71, ,16.00, ,87.0, 
2005/10/18,11:00,0.0, ,161880, ,16.86, ,18.70, ,87.0, 
2005/10/18,12:00,0.0, ,161830, ,6.61, ,7.50, ,86.9, 
2005/10/18,13:00,0.0, ,161830, ,6.18, ,5.50, ,86.9, 
2005/10/18,14:00,0.0, ,161830, ,8.63, ,15.80, ,86.9, 
2005/10/18,15:00,0.0, ,161770, ,12.93, ,29.50, ,86.9, 
2005/10/18,16:00,0.0, ,161720, ,14.55, ,29.60, ,86.9, 
2005/10/18,17:00,0.0, ,161610, ,7.28, ,29.40, ,86.8, 
2005/10/18,18:00,0.0, ,161560, ,10.61, ,32.10, ,86.8, 
2005/10/18,19:00,0.0, ,161450, ,8.45, ,20.20, ,86.7, 
2005/10/18,20:00,0.0, ,161450, ,6.96, ,4.30, ,86.7, 
2005/10/18,21:00,0.0, ,161450, ,8.83, ,0.00, ,86.7, 
2005/10/18,22:00,0.0, ,161450, ,0.00, ,0.00, ,86.7, 
2005/10/18,23:00,0.0, ,161450, ,0.00, ,0.00, ,86.7, 
2005/10/18,24:00,0.0, ,161450, ,0.00, ,0.00, ,86.7, 
2005/10/19,01:00,0.0, ,161450, ,0.00, ,0.00, ,86.7, 
2005/10/19,02:00,0.0, ,161450, ,0.00, ,0.00, ,86.7, 
2005/10/19,03:00,0.0, ,161450, ,0.00, ,0.00, ,86.7, 
2005/10/19,04:00,0.0, ,161450, ,0.00, ,0.00, ,86.7, 
2005/10/19,05:00,0.0, ,161450, ,0.00, ,0.00, ,86.7, 
2005/10/19,06:00,0.0, ,161500, ,7.72, ,0.00, ,86.7, 
2005/10/19,07:00,0.0, ,161500, ,7.22, ,0.00, ,86.7, 
2005/10/19,08:00,0.0, ,161500, ,0.00, ,0.00, ,86.7, 
2005/10/19,09:00,0.0, ,161500, ,0.00, ,0.00, ,86.7, 
2005/10/19,10:00,0.0, ,161500, ,0.09, ,5.20, ,86.7, 
2005/10/19,11:00,0.0, ,161500, ,9.64, ,18.60, ,86.7, 
2005/10/19,12:00,0.0, ,161450, ,18.37, ,29.70, ,86.7, 
2005/10/19,13:00,0.0, ,161400, ,14.64, ,18.50, ,86.7, 
2005/10/19,14:00,0.0, ,161340, ,7.02, ,29.50, ,86.6, 
2005/10/19,15:00,0.0, ,161290, ,9.01, ,29.70, ,86.6, 
2005/10/19,16:00,0.0, ,161240, ,9.29, ,29.60, ,86.6, 
2005/10/19,17:00,0.0, ,161130, ,10.03, ,29.80, ,86.5, 
2005/10/19,18:00,0.0, ,161070, ,12.16, ,32.20, ,86.5, 
2005/10/19,19:00,0.0, ,160970, ,7.60, ,29.50, ,86.4, 
2005/10/19,20:00,0.0, ,160910, ,5.74, ,7.40, ,86.4, 
2005/10/19,21:00,0.0, ,160910, ,1.89, ,0.00, ,86.4, 
2005/10/19,22:00,0.0, ,160910, ,0.00, ,0.00, ,86.4, 
2005/10/19,23:00,0.0, ,160910, ,0.00, ,0.00, ,86.4, 
2005/10/19,24:00,0.0, ,160910, ,0.00, ,0.00, ,86.4, 
2005/10/20,01:00,0.0, ,160910, ,0.00, ,0.00, ,86.4, 
2005/10/20,02:00,0.0, ,160910, ,0.00, ,0.00, ,86.4, 
2005/10/20,03:00,0.0, ,160910, ,0.00, ,0.00, ,86.4, 
2005/10/20,04:00,0.0, ,160910, ,0.00, ,0.00, ,86.4, 
2005/10/20,05:00,0.0, ,160910, ,0.00, ,0.00, ,86.4, 
2005/10/20,06:00,0.0, ,160910, ,0.00, ,0.00, ,86.4, 
2005/10/20,07:00,0.0, ,160910, ,0.00, ,0.00, ,86.4, 
2005/10/20,08:00,0.0, ,160910, ,0.00, ,0.00, ,86.4, 
2005/10/20,09:00,0.0, ,160970, ,9.44, ,0.00, ,86.4, 
2005/10/20,10:00,0.0, ,160970, ,5.57, ,5.50, ,86.4, 
2005/10/20,11:00,0.0, ,160970, ,8.84, ,24.50, ,86.4, 
2005/10/20,12:00,0.0, ,160910, ,17.46, ,20.80, ,86.4, 
2005/10/20,13:00,0.0, ,160860, ,13.70, ,30.20, ,86.3, 
2005/10/20,14:00,0.0, ,160810, ,4.71, ,33.60, ,86.3, 
2005/10/20,15:00,0.0, ,160700, ,11.53, ,33.30, ,86.2, 
2005/10/20,16:00,0.0, ,160650, ,9.49, ,33.40, ,86.2, 
2005/10/20,17:00,0.0, ,160540, ,9.56, ,33.50, ,86.1, 
2005/10/20,18:00,0.0, ,160430, ,4.66, ,36.00, ,86.1, 
2005/10/20,19:00,0.0, ,160270, ,6.52, ,38.70, ,86.0, 
2005/10/20,20:00,0.0, ,160160, ,5.06, ,21.30, ,85.9, 
2005/10/20,21:00,0.0, ,160160, ,2.89, ,0.00, ,85.9, 
2005/10/20,22:00,0.0, ,160160, ,0.00, ,0.00, ,85.9, 
2005/10/20,23:00,0.0, ,160160, ,0.00, ,0.00, ,85.9, 
2005/10/20,24:00,0.0, ,160160, ,0.00, ,0.00, ,85.9, 
2005/10/21,01:00,0.0, ,160160, ,0.00, ,0.00, ,85.9, 
2005/10/21,02:00,0.0, ,160160, ,0.00, ,0.00, ,85.9, 
2005/10/21,03:00,0.0, ,160160, ,0.00, ,0.00, ,85.9, 
2005/10/21,04:00,0.0, ,160160, ,0.00, ,0.00, ,85.9, 
2005/10/21,05:00,0.0, ,160160, ,0.00, ,0.00, ,85.9, 
2005/10/21,06:00,0.0, ,160160, ,0.00, ,0.00, ,85.9, 
2005/10/21,07:00,0.0, ,160160, ,0.00, ,0.00, ,85.9, 
2005/10/21,08:00,0.0, ,160160, ,0.00, ,0.00, ,85.9, 
2005/10/21,09:00,0.0, ,160160, ,0.00, ,0.00, ,85.9, 
2005/10/21,10:00,0.0, ,160160, ,0.09, ,5.40, ,85.9, 
2005/10/21,11:00,0.0, ,160160, ,9.63, ,18.70, ,85.9, 
2005/10/21,12:00,0.0, ,160110, ,19.01, ,29.70, ,85.9, 
2005/10/21,13:00,0.0, ,160050, ,7.01, ,18.70, ,85.8, 
2005/10/21,14:00,0.0, ,159950, ,8.42, ,37.60, ,85.8, 
2005/10/21,15:00,0.0, ,159840, ,12.64, ,37.60, ,85.7, 
2005/10/21,16:00,0.0, ,159790, ,9.06, ,37.40, ,85.7, 
2005/10/21,17:00,0.0, ,159680, ,11.44, ,40.00, ,85.6, 
2005/10/21,18:00,0.0, ,159570, ,10.16, ,37.30, ,85.5, 
2005/10/21,19:00,0.0, ,159470, ,6.97, ,37.60, ,85.5, 
2005/10/21,20:00,0.0, ,159360, ,6.07, ,7.30, ,85.4, 
2005/10/21,21:00,0.0, ,159360, ,0.28, ,0.00, ,85.4, 
2005/10/21,22:00,0.0, ,159360, ,0.00, ,0.00, ,85.4, 
2005/10/21,23:00,0.0, ,159360, ,0.00, ,0.00, ,85.4, 
2005/10/21,24:00,0.0, ,159360, ,0.00, ,0.00, ,85.4, 
2005/10/22,01:00,0.0, ,159360, ,0.00, ,0.00, ,85.4, 
2005/10/22,02:00,0.0, ,159360, ,0.00, ,0.00, ,85.4, 
2005/10/22,03:00,0.0, ,159360, ,0.00, ,0.00, ,85.4, 
2005/10/22,04:00,0.0, ,159360, ,0.00, ,0.00, ,85.4, 
2005/10/22,05:00,0.0, ,159410, ,6.19, ,0.00, ,85.4, 
2005/10/22,06:00,0.0, ,159410, ,8.67, ,0.00, ,85.4, 
2005/10/22,07:00,0.0, ,159410, ,0.00, ,0.00, ,85.4, 
2005/10/22,08:00,0.0, ,159410, ,0.09, ,5.40, ,85.4, 
2005/10/22,09:00,0.1, ,159360, ,8.82, ,28.30, ,85.4, 
2005/10/22,12:00,0.1, ,159090, ,6.51, ,31.30, ,85.2, 
2005/10/22,14:00,1.6, ,158820, ,10.81, ,60.10, ,85.0, 
2005/10/22,15:00,1.6, ,158610, ,10.18, ,60.00, ,84.9, 
2005/10/22,16:00,1.2, ,158450, ,7.56, ,60.50, ,84.8, 
2005/10/22,17:00,0.1, ,158240, ,11.15, ,60.70, ,84.7, 
2005/10/22,18:00,0.1, ,158080, ,8.21, ,60.60, ,84.6, 
2005/10/22,19:00,0.1, ,157970, ,6.44, ,21.00, ,84.5, 
2005/10/22,20:00,0.0, ,157920, ,3.36, ,7.40, ,84.5, 
2005/10/22,21:00,0.0, ,157920, ,1.73, ,0.00, ,84.5, 
2005/10/22,22:00,0.0, ,157970, ,3.95, ,0.00, ,84.5, 
2005/10/22,23:00,0.0, ,157920, ,4.19, ,0.00, ,84.5, 
2005/10/22,24:00,0.2, ,157920, ,3.70, ,0.00, ,85.0, 
2005/10/23,01:00,0.0, ,157920, ,0.99, ,0.00, ,85.0, 
2005/10/23,02:00,0.0, ,157970, ,9.37, ,0.00, ,85.1, 
2005/10/23,03:00,0.0, ,157970, ,4.44, ,0.00, ,85.1, 
2005/10/23,04:00,0.0, ,157970, ,4.19, ,0.00, ,85.1, 
2005/10/23,05:00,0.0, ,157970, ,4.19, ,0.00, ,85.1, 
2005/10/23,06:00,0.0, ,157970, ,3.70, ,0.00, ,85.1, 
2005/10/23,07:00,0.0, ,157970, ,2.71, ,0.00, ,85.1, 
2005/10/23,08:00,0.0, ,157970, ,0.25, ,0.00, ,85.1, 
2005/10/23,09:00,0.0, ,157970, ,1.23, ,0.00, ,85.1, 
2005/10/23,10:00,0.0, ,158020, ,6.02, ,5.30, ,85.1, 
2005/10/23,11:00,0.0, ,157970, ,5.00, ,18.80, ,85.1, 
2005/10/23,12:00,0.0, ,157920, ,14.87, ,31.20, ,85.0, 
2005/10/23,13:00,0.0, ,157860, ,12.34, ,40.20, ,85.0, 
2005/10/23,14:00,0.0, ,157700, ,6.34, ,33.10, ,84.9, 
2005/10/23,15:00,0.0, ,157600, ,10.52, ,14.90, ,84.8, 
2005/10/23,16:00,0.0, ,157600, ,0.46, ,0.00, ,84.8, 
2005/10/23,17:00,0.0, ,157650, ,8.49, ,20.90, ,84.9, 
2005/10/23,18:00,0.0, ,157600, ,20.01, ,51.40, ,84.8, 
2005/10/23,19:00,0.0, ,157390, ,10.63, ,60.40, ,84.7, 
2005/10/23,20:00,0.0, ,157230, ,4.04, ,60.60, ,84.6, 
2005/10/23,21:00,0.0, ,157120, ,4.16, ,15.00, ,84.5, 
2005/10/23,22:00,0.0, ,157070, ,2.80, ,0.00, ,84.5, 
2005/10/23,23:00,0.0, ,157070, ,0.00, ,0.00, ,84.5, 
2005/10/23,24:00,0.0, ,157070, ,0.00, ,0.00, ,84.5, 
2005/10/24,01:00,0.0, ,157070, ,0.00, ,0.00, ,84.5, 
2005/10/24,02:00,0.0, ,157070, ,0.00, ,0.00, ,84.5, 
2005/10/24,03:00,0.0, ,157070, ,0.00, ,0.00, ,84.5, 
2005/10/24,04:00,0.0, ,157070, ,0.00, ,0.00, ,84.5, 
2005/10/24,05:00,0.0, ,157070, ,0.00, ,0.00, ,84.5, 
2005/10/24,06:00,0.0, ,157070, ,0.00, ,0.00, ,84.5, 
2005/10/24,07:00,0.0, ,157070, ,0.00, ,0.00, ,84.5, 
2005/10/24,08:00,0.0, ,157070, ,0.00, ,0.00, ,84.5, 
2005/10/24,09:00,0.0, ,157120, ,6.15, ,0.00, ,84.5, 
2005/10/24,10:00,0.0, ,157120, ,8.70, ,5.40, ,84.5, 
2005/10/24,11:00,0.0, ,157120, ,9.72, ,18.80, ,84.5, 
2005/10/24,12:00,0.0, ,157070, ,13.44, ,15.20, ,84.5, 
2005/10/24,13:00,0.0, ,157070, ,11.83, ,5.30, ,84.5, 
2005/10/24,14:00,0.0, ,157010, ,4.34, ,18.90, ,84.5, 
2005/10/24,15:00,0.0, ,156960, ,8.78, ,31.10, ,84.4, 
2005/10/24,16:00,0.0, ,156850, ,9.16, ,33.60, ,84.4, 
2005/10/24,17:00,0.0, ,156690, ,8.31, ,50.20, ,84.3, 
2005/10/24,18:00,0.0, ,156540, ,9.00, ,50.10, ,84.2, 
2005/10/24,19:00,0.0, ,156380, ,6.09, ,53.00, ,84.1, 
2005/10/24,20:00,0.0, ,156270, ,5.43, ,14.10, ,84.0, 
2005/10/24,21:00,0.0, ,156270, ,0.86, ,0.00, ,84.0, 
2005/10/24,22:00,0.0, ,156270, ,0.00, ,0.00, ,84.0, 
2005/10/24,23:00,0.0, ,156270, ,0.00, ,0.00, ,84.0, 
2005/10/24,24:00,0.0, ,156270, ,0.00, ,0.00, ,84.0, 
2005/10/25,01:00,0.0, ,156270, ,0.00, ,0.00, ,84.0, 
2005/10/25,02:00,0.0, ,156270, ,0.00, ,0.00, ,84.0, 
2005/10/25,03:00,0.0, ,156270, ,0.00, ,0.00, ,84.0, 
2005/10/25,04:00,0.0, ,156270, ,0.00, ,0.00, ,84.0, 
2005/10/25,05:00,0.0, ,156270, ,0.00, ,0.00, ,84.0, 
2005/10/25,06:00,0.0, ,156270, ,0.00, ,0.00, ,84.0, 
2005/10/25,07:00,0.0, ,156270, ,0.00, ,0.00, ,84.0, 
2005/10/25,08:00,0.0, ,156270, ,0.00, ,0.00, ,84.0, 
2005/10/25,09:00,0.0, ,156270, ,0.00, ,0.00, ,84.0, 
2005/10/25,10:00,0.0, ,156270, ,0.10, ,5.40, ,84.0, 
2005/10/25,11:00,0.0, ,156270, ,10.00, ,27.90, ,84.0, 
2005/10/25,12:00,0.0, ,156220, ,20.23, ,4.50, ,84.0, 
2005/10/25,13:00,0.0, ,156220, ,5.26, ,5.10, ,84.0, 
2005/10/25,14:00,0.0, ,156220, ,9.71, ,18.80, ,84.0, 
2005/10/25,15:00,0.0, ,156110, ,11.05, ,31.40, ,83.9, 
2005/10/25,16:00,0.0, ,156060, ,9.09, ,33.70, ,83.9, 
2005/10/25,17:00,0.0, ,155900, ,7.45, ,51.60, ,83.8, 
2005/10/25,18:00,0.0, ,155690, ,9.02, ,60.80, ,83.6, 
2005/10/25,19:00,0.0, ,155480, ,6.37, ,60.60, ,83.5, 
2005/10/25,20:00,0.0, ,155370, ,4.54, ,14.40, ,83.4, 
2005/10/25,21:00,0.0, ,155370, ,0.90, ,0.00, ,83.4, 
2005/10/25,22:00,0.0, ,155370, ,0.00, ,0.00, ,83.4, 
2005/10/25,23:00,0.0, ,155370, ,0.00, ,0.00, ,83.4, 
2005/10/25,24:00,0.0, ,155370, ,0.00, ,0.00, ,83.4, 
2005/10/26,01:00,0.0, ,155370, ,0.00, ,0.00, ,83.4, 
2005/10/26,02:00,0.0, ,155370, ,0.00, ,0.00, ,83.4, 
2005/10/26,03:00,0.0, ,155370, ,0.00, ,0.00, ,83.4, 
2005/10/26,04:00,0.0, ,155370, ,0.00, ,0.00, ,83.4, 
2005/10/26,05:00,0.0, ,155370, ,0.00, ,0.00, ,83.4, 
2005/10/26,06:00,0.0, ,155370, ,0.00, ,0.00, ,83.4, 
2005/10/26,07:00,0.0, ,155370, ,0.00, ,0.00, ,83.4, 
2005/10/26,08:00,0.0, ,155370, ,0.00, ,0.00, ,83.4, 
2005/10/26,09:00,0.0, ,155370, ,0.00, ,0.00, ,83.4, 
2005/10/26,10:00,0.0, ,155370, ,0.09, ,5.20, ,83.4, 
2005/10/26,11:00,0.0, ,155370, ,9.94, ,31.60, ,83.4, 
2005/10/26,12:00,0.0, ,155320, ,20.79, ,5.00, ,83.4, 
2005/10/26,13:00,0.0, ,155320, ,8.23, ,15.30, ,83.4, 
2005/10/26,14:00,0.0, ,155320, ,10.23, ,28.50, ,83.4, 
2005/10/26,15:00,0.0, ,155210, ,9.91, ,31.20, ,83.3, 
2005/10/26,16:00,0.0, ,155110, ,9.13, ,50.80, ,83.3, 
2005/10/26,17:00,0.0, ,154950, ,5.60, ,60.10, ,83.2, 
2005/10/26,18:00,0.0, ,154740, ,8.72, ,61.20, ,83.0, 
2005/10/26,19:00,0.0, ,154580, ,3.70, ,40.00, ,82.9, 
2005/10/26,20:00,0.5, ,154420, ,4.39, ,23.80, ,82.8, 
2005/10/26,21:00,0.6, ,154370, ,2.51, ,4.30, ,82.8, 
2005/10/26,22:00,0.8, ,154370, ,3.28, ,0.00, ,82.8, 
2005/10/26,23:00,0.1, ,154370, ,0.00, ,0.00, ,82.8, 
2005/10/26,24:00,0.6, ,154370, ,0.00, ,0.00, ,82.8, 
2005/10/27,01:00,0.7, ,154370, ,0.00, ,0.00, ,82.8, 
2005/10/27,02:00,0.9, ,154370, ,0.00, ,0.00, ,82.8, 
2005/10/27,03:00,0.0, ,154370, ,0.00, ,0.00, ,82.8, 
2005/10/27,04:00,0.0, ,154370, ,0.00, ,0.00, ,82.8, 
2005/10/27,05:00,0.1, ,154370, ,0.00, ,0.00, ,82.8, 
2005/10/27,06:00,0.0, ,154370, ,0.00, ,0.00, ,82.8, 
2005/10/27,07:00,0.0, ,154420, ,5.59, ,0.00, ,82.8, 
2005/10/27,08:00,0.0, ,154420, ,9.00, ,0.00, ,82.8, 
2005/10/27,09:00,0.0, ,154420, ,0.00, ,0.00, ,82.8, 
2005/10/27,10:00,0.0, ,154420, ,0.08, ,4.50, ,82.8, 
2005/10/27,11:00,0.0, ,154420, ,0.38, ,0.00, ,82.8, 
2005/10/27,12:00,0.0, ,154420, ,0.00, ,0.00, ,82.8, 
2005/10/27,13:00,0.0, ,154480, ,12.53, ,21.90, ,82.9, 
2005/10/27,14:00,0.0, ,154420, ,16.01, ,41.30, ,82.8, 
2005/10/27,15:00,0.0, ,154320, ,14.14, ,43.30, ,82.8, 
2005/10/27,16:00,0.0, ,154210, ,10.06, ,50.00, ,82.7, 
2005/10/27,17:00,0.0, ,154060, ,8.64, ,53.50, ,82.6, 
2005/10/27,18:00,0.0, ,153900, ,8.07, ,50.50, ,82.5, 
2005/10/27,19:00,0.0, ,153740, ,5.39, ,47.70, ,82.4, 
2005/10/27,20:00,0.0, ,153640, ,6.62, ,27.60, ,82.3, 
2005/10/27,21:00,0.0, ,153590, ,4.27, ,7.50, ,82.3, 
2005/10/27,22:00,0.0, ,153590, ,2.92, ,0.00, ,82.3, 
2005/10/27,23:00,0.0, ,153590, ,0.00, ,0.00, ,82.3, 
2005/10/27,24:00,0.0, ,153590, ,0.00, ,0.00, ,82.3, 
2005/10/28,01:00,0.0, ,153590, ,0.00, ,0.00, ,82.3, 
2005/10/28,02:00,0.0, ,153590, ,0.00, ,0.00, ,82.3, 
2005/10/28,03:00,0.0, ,153590, ,0.00, ,0.00, ,82.3, 
2005/10/28,04:00,0.0, ,153590, ,0.00, ,0.00, ,82.3, 
2005/10/28,05:00,0.0, ,153590, ,0.00, ,0.00, ,82.3, 
2005/10/28,06:00,0.0, ,153590, ,0.00, ,0.00, ,82.3, 
2005/10/28,07:00,0.0, ,153590, ,0.00, ,0.00, ,82.3, 
2005/10/28,08:00,0.0, ,153590, ,0.00, ,0.00, ,82.3, 
2005/10/28,09:00,0.0, ,153590, ,0.00, ,0.00, ,82.3, 
2005/10/28,10:00,0.0, ,153590, ,0.27, ,15.40, ,82.3, 
2005/10/28,11:00,0.0, ,153590, ,10.08, ,18.80, ,82.3, 
2005/10/28,12:00,0.0, ,153530, ,9.58, ,4.40, ,82.3, 
2005/10/28,13:00,0.0, ,153530, ,4.10, ,15.40, ,82.3, 
2005/10/28,14:00,0.0, ,153530, ,8.75, ,15.90, ,82.3, 
2005/10/28,15:00,0.0, ,153480, ,15.27, ,31.30, ,82.2, 
2005/10/28,16:00,0.0, ,153380, ,10.05, ,31.40, ,82.2, 
2005/10/28,17:00,0.0, ,153220, ,8.51, ,54.80, ,82.1, 
2005/10/28,18:00,0.0, ,153010, ,8.92, ,58.30, ,81.9, 
2005/10/28,19:00,0.0, ,152850, ,4.23, ,55.00, ,81.8, 
2005/10/28,20:00,0.0, ,152750, ,5.80, ,33.90, ,81.8, 
2005/10/28,21:00,0.2, ,152700, ,4.42, ,7.50, ,81.7, 
2005/10/28,22:00,0.1, ,152700, ,5.71, ,0.00, ,81.7, 
2005/10/28,23:00,0.1, ,152700, ,0.00, ,0.00, ,81.7, 
2005/10/28,24:00,0.5, ,152700, ,0.00, ,0.00, ,81.7, 
2005/10/29,01:00,0.9, ,152700, ,0.00, ,0.00, ,81.7, 
2005/10/29,02:00,0.5, ,152700, ,0.00, ,0.00, ,81.7, 
2005/10/29,03:00,1.5, ,152700, ,0.00, ,0.00, ,81.7, 
2005/10/29,04:00,1.1, ,152700, ,0.00, ,0.00, ,81.7, 
2005/10/29,05:00,1.1, ,152700, ,0.00, ,0.00, ,81.7, 
2005/10/29,06:00,0.5, ,152700, ,0.00, ,0.00, ,81.7, 
2005/10/29,08:00,0.0, ,152750, ,3.62, ,0.00, ,81.8, 
2005/10/29,09:00,1.3, ,152750, ,10.87, ,0.00, ,81.8, 
2005/10/29,10:00,0.5, ,152750, ,0.00, ,0.00, ,81.8, 
2005/10/29,11:00,0.1, ,152750, ,0.00, ,0.00, ,81.8, 
2005/10/29,12:00,0.0, ,152800, ,12.80, ,0.00, ,81.8, 
2005/10/29,13:00,0.0, ,152850, ,3.38, ,0.00, ,81.8, 
2005/10/29,14:00,0.0, ,152850, ,12.81, ,0.00, ,81.8, 
2005/10/29,15:00,0.0, ,152910, ,10.24, ,5.40, ,81.9, 
2005/10/29,16:00,0.0, ,152910, ,18.16, ,26.40, ,81.9, 
2005/10/29,17:00,0.0, ,152750, ,13.38, ,46.70, ,81.8, 
2005/10/29,18:00,0.0, ,152650, ,11.60, ,46.40, ,81.7, 
2005/10/29,19:00,0.0, ,152490, ,7.77, ,26.40, ,81.6, 
2005/10/29,20:00,0.0, ,152490, ,4.13, ,0.00, ,81.6, 
2005/10/29,21:00,0.0, ,152490, ,0.00, ,0.00, ,81.6, 
2005/10/29,22:00,0.0, ,152540, ,5.07, ,0.00, ,81.6, 
2005/10/29,23:00,0.0, ,152540, ,9.41, ,0.00, ,81.6, 
2005/10/29,24:00,0.0, ,152540, ,0.00, ,0.00, ,81.6, 
2005/10/30,01:00,0.0, ,152540, ,0.00, ,0.00, ,81.6, 
2005/10/30,02:00,0.0, ,152540, ,0.00, ,0.00, ,81.6, 
2005/10/30,03:00,0.0, ,152540, ,0.00, ,0.00, ,81.6, 
2005/10/30,04:00,0.0, ,152540, ,0.00, ,0.00, ,81.6, 
2005/10/30,05:00,0.0, ,152540, ,0.00, ,0.00, ,81.6, 
2005/10/30,06:00,0.0, ,152590, ,7.96, ,0.00, ,81.7, 
2005/10/30,07:00,0.0, ,152590, ,6.52, ,0.00, ,81.7, 
2005/10/30,08:00,0.0, ,152590, ,0.00, ,0.00, ,81.7, 
2005/10/30,09:00,0.0, ,152590, ,0.00, ,0.00, ,81.7, 
2005/10/30,10:00,0.0, ,152590, ,0.00, ,0.00, ,81.7, 
2005/10/30,11:00,0.0, ,152590, ,0.00, ,0.00, ,81.7, 
2005/10/30,12:00,0.0, ,152650, ,1.93, ,0.00, ,81.7, 
2005/10/30,13:00,0.0, ,152650, ,12.55, ,0.00, ,81.7, 
2005/10/30,14:00,0.0, ,152700, ,4.92, ,5.20, ,81.7, 
2005/10/30,15:00,0.0, ,152700, ,19.99, ,20.20, ,81.7, 
2005/10/30,16:00,0.0, ,152650, ,16.73, ,20.20, ,81.7, 
2005/10/30,17:00,0.0, ,152590, ,7.48, ,30.00, ,81.7, 
2005/10/30,18:00,0.0, ,152380, ,10.47, ,56.60, ,81.5, 
2005/10/30,19:00,0.0, ,152230, ,6.90, ,56.90, ,81.4, 
2005/10/30,20:00,0.0, ,152120, ,5.97, ,16.00, ,81.4, 
2005/10/30,21:00,0.0, ,152120, ,2.08, ,0.00, ,81.4, 
2005/10/30,22:00,0.0, ,152120, ,0.00, ,0.00, ,81.4, 
2005/10/30,23:00,0.0, ,152120, ,0.00, ,0.00, ,81.4, 
2005/10/30,24:00,0.0, ,152120, ,0.00, ,0.00, ,81.4, 
2005/10/31,01:00,0.0, ,152120, ,0.00, ,0.00, ,81.4, 
2005/10/31,02:00,0.0, ,152120, ,0.00, ,0.00, ,81.4, 
2005/10/31,03:00,0.0, ,152120, ,0.00, ,0.00, ,81.4, 
2005/10/31,04:00,0.0, ,152120, ,0.00, ,0.00, ,81.4, 
2005/10/31,05:00,0.0, ,152120, ,0.00, ,0.00, ,81.4, 
2005/10/31,06:00,0.0, ,152120, ,0.00, ,0.00, ,81.4, 
2005/10/31,07:00,0.0, ,152120, ,0.00, ,0.00, ,81.4, 
2005/10/31,08:00,0.0, ,152120, ,0.00, ,0.00, ,81.4, 
2005/10/31,09:00,0.0, ,152120, ,0.00, ,0.00, ,81.4, 
2005/10/31,10:00,0.0, ,152120, ,0.09, ,5.40, ,81.4, 
2005/10/31,11:00,0.0, ,152120, ,8.98, ,18.90, ,81.4, 
2005/10/31,12:00,0.0, ,152120, ,18.28, ,7.10, ,81.4, 
2005/10/31,13:00,0.0, ,152120, ,9.27, ,5.50, ,81.4, 
2005/10/31,14:00,0.0, ,152070, ,4.74, ,16.00, ,81.3, 
2005/10/31,15:00,0.0, ,152020, ,9.76, ,27.60, ,81.3, 
2005/10/31,16:00,0.0, ,151970, ,8.48, ,27.60, ,81.3, 
2005/10/31,17:00,0.0, ,151860, ,7.07, ,32.80, ,81.2, 
2005/10/31,18:00,0.0, ,151660, ,8.80, ,61.20, ,81.1, 
2005/10/31,19:00,0.0, ,151450, ,4.15, ,61.70, ,80.9, 
2005/10/31,20:00,0.0, ,151400, ,1.95, ,7.10, ,80.9, 
2005/10/31,21:00,0.0, ,151400, ,4.36, ,0.00, ,80.9, 
2005/10/31,22:00,0.0, ,151400, ,0.00, ,0.00, ,80.9, 
2005/10/31,23:00,0.0, ,151400, ,0.00, ,0.00, ,80.9, 
2005/10/31,24:00,0.0, ,151400, ,0.00, ,0.00, ,80.9, 
