îCà”ä˙ä‘É_ÉÄèîó åüçıåãâ 
êÖånñº,ãgñÏêÏ
âÕêÏñº,ãgñÏêÏ
äœë™èäñº,ëÅñæâYÉ_ÉÄÅiã@ç\Åj
äœë™èäãLçÜ,1368080700010
#
#îNåéì˙,éûçè,ó¨àÊïΩãœâJó ,ó¨àÊïΩãœâJó ëÆê´,íôêÖó ,íôêÖó ëÆê´,ó¨ì¸ó ,ó¨ì¸ó ëÆê´,ï˙ó¨ó ,ï˙ó¨ó ëÆê´,íôêÖó¶,íôêÖó¶ëÆê´
#ëÆê´Å@$:åáë™ -:ñ¢éÛêM
#
2021/11/1,01:00,0.0, ,133820, ,8.67, ,8.67, ,84.7, 
2021/11/1,02:00,0.0, ,133770, ,1.26, ,8.67, ,84.6, 
2021/11/1,03:00,0.0, ,133770, ,2.61, ,8.67, ,84.6, 
2021/11/1,04:00,0.0, ,133770, ,8.67, ,8.67, ,84.6, 
2021/11/1,05:00,0.0, ,133720, ,0.00, ,8.67, ,84.6, 
2021/11/1,06:00,0.0, ,133720, ,7.77, ,8.67, ,84.6, 
2021/11/1,07:00,0.0, ,133670, ,0.00, ,8.67, ,84.6, 
2021/11/1,08:00,0.0, ,133670, ,8.00, ,8.67, ,84.6, 
2021/11/1,09:00,0.0, ,133630, ,0.36, ,8.67, ,84.5, 
2021/11/1,10:00,0.0, ,133630, ,3.51, ,8.67, ,84.5, 
2021/11/1,11:00,0.0, ,133630, ,8.67, ,8.67, ,84.5, 
2021/11/1,12:00,0.0, ,133630, ,11.06, ,13.06, ,84.5, 
2021/11/1,13:00,0.0, ,133630, ,13.07, ,13.06, ,84.5, 
2021/11/1,14:00,0.0, ,133630, ,13.06, ,13.06, ,84.5, 
2021/11/1,15:00,0.0, ,133630, ,13.06, ,13.06, ,84.5, 
2021/11/1,16:00,0.0, ,133580, ,0.00, ,13.06, ,84.5, 
2021/11/1,17:00,0.0, ,133580, ,12.84, ,17.96, ,84.5, 
2021/11/1,18:00,0.0, ,133480, ,7.35, ,32.06, ,84.4, 
2021/11/1,19:00,0.0, ,133330, ,4.74, ,38.76, ,84.3, 
2021/11/1,20:00,0.0, ,133240, ,4.60, ,27.46, ,84.3, 
2021/11/1,21:00,0.0, ,133190, ,2.88, ,13.06, ,84.3, 
2021/11/1,22:00,0.0, ,133190, ,2.31, ,13.06, ,84.3, 
2021/11/1,23:00,0.0, ,133140, ,1.41, ,13.06, ,84.2, 
2021/11/1,24:00,0.0, ,133090, ,3.66, ,13.06, ,84.2, 
2021/11/2,01:00,0.0, ,133040, ,5.67, ,13.04, ,84.2, 
2021/11/2,02:00,0.0, ,133040, ,1.18, ,13.04, ,84.2, 
2021/11/2,03:00,0.0, ,133000, ,1.62, ,13.04, ,84.1, 
2021/11/2,04:00,0.0, ,132950, ,4.53, ,13.04, ,84.1, 
2021/11/2,05:00,0.0, ,132900, ,3.86, ,13.04, ,84.1, 
2021/11/2,06:00,0.0, ,132850, ,1.41, ,17.64, ,84.0, 
2021/11/2,07:00,0.0, ,132750, ,0.13, ,32.24, ,84.0, 
2021/11/2,08:00,0.0, ,132610, ,2.07, ,28.94, ,83.9, 
2021/11/2,09:00,0.0, ,132610, ,3.11, ,13.04, ,83.9, 
2021/11/2,10:00,0.0, ,132560, ,2.32, ,13.04, ,83.9, 
2021/11/2,11:00,0.0, ,132560, ,10.36, ,13.04, ,83.9, 
2021/11/2,12:00,0.0, ,132510, ,5.42, ,15.20, ,83.9, 
2021/11/2,13:00,0.0, ,132510, ,10.28, ,15.20, ,83.9, 
2021/11/2,14:00,0.0, ,132510, ,15.20, ,15.20, ,83.9, 
2021/11/2,15:00,0.0, ,132460, ,7.38, ,15.20, ,83.8, 
2021/11/2,16:00,0.0, ,132460, ,9.62, ,15.20, ,83.8, 
2021/11/2,17:00,0.0, ,132420, ,6.27, ,15.20, ,83.8, 
2021/11/2,18:00,0.0, ,132370, ,9.62, ,15.20, ,83.8, 
2021/11/2,19:00,0.0, ,132370, ,2.93, ,15.20, ,83.8, 
2021/11/2,20:00,0.0, ,132320, ,2.47, ,15.18, ,83.7, 
2021/11/2,21:00,0.0, ,132270, ,4.47, ,15.18, ,83.7, 
2021/11/2,22:00,0.0, ,132220, ,0.00, ,15.18, ,83.7, 
2021/11/2,23:00,0.0, ,132180, ,4.70, ,15.18, ,83.7, 
2021/11/2,24:00,0.0, ,132130, ,0.00, ,15.18, ,83.6, 
2021/11/3,01:00,0.0, ,132080, ,4.92, ,15.18, ,83.6, 
2021/11/3,02:00,0.0, ,132030, ,4.93, ,15.18, ,83.6, 
2021/11/3,03:00,0.0, ,131980, ,5.38, ,15.18, ,83.5, 
2021/11/3,04:00,0.0, ,131980, ,4.04, ,15.18, ,83.5, 
2021/11/3,05:00,0.0, ,131890, ,1.81, ,15.18, ,83.5, 
2021/11/3,06:00,0.0, ,131890, ,1.81, ,15.18, ,83.5, 
2021/11/3,07:00,0.0, ,131840, ,3.60, ,15.18, ,83.4, 
2021/11/3,08:00,0.0, ,131790, ,4.27, ,15.18, ,83.4, 
2021/11/3,09:00,0.0, ,131740, ,1.37, ,15.18, ,83.4, 
2021/11/3,10:00,0.0, ,131690, ,1.60, ,15.18, ,83.3, 
2021/11/3,11:00,0.0, ,131650, ,7.61, ,15.16, ,83.3, 
2021/11/3,12:00,0.0, ,131650, ,5.82, ,15.16, ,83.3, 
2021/11/3,13:00,0.0, ,131650, ,15.16, ,15.16, ,83.3, 
2021/11/3,14:00,0.0, ,131600, ,6.71, ,15.16, ,83.3, 
2021/11/3,15:00,0.0, ,131600, ,10.27, ,15.16, ,83.3, 
2021/11/3,16:00,0.0, ,131550, ,12.71, ,15.16, ,83.3, 
2021/11/3,17:00,0.0, ,131550, ,4.26, ,15.16, ,83.3, 
2021/11/3,18:00,0.0, ,131500, ,7.16, ,15.16, ,83.2, 
2021/11/3,19:00,0.0, ,131450, ,4.04, ,15.16, ,83.2, 
2021/11/3,20:00,0.0, ,131410, ,3.82, ,15.16, ,83.2, 
2021/11/3,21:00,0.0, ,131360, ,4.71, ,15.16, ,83.1, 
2021/11/3,22:00,0.0, ,131310, ,0.00, ,15.16, ,83.1, 
2021/11/3,23:00,0.0, ,131260, ,4.27, ,15.16, ,83.1, 
2021/11/3,24:00,0.0, ,131210, ,1.83, ,15.16, ,83.0, 
2021/11/4,01:00,0.0, ,131210, ,2.27, ,15.16, ,83.0, 
2021/11/4,02:00,0.0, ,131170, ,2.73, ,15.16, ,83.0, 
2021/11/4,03:00,0.0, ,131120, ,5.39, ,15.16, ,83.0, 
2021/11/4,04:00,0.0, ,131070, ,0.00, ,15.16, ,83.0, 
2021/11/4,05:00,0.0, ,131020, ,4.06, ,15.16, ,82.9, 
2021/11/4,06:00,0.0, ,130970, ,5.84, ,15.16, ,82.9, 
2021/11/4,07:00,0.0, ,130930, ,4.07, ,15.14, ,82.9, 
2021/11/4,08:00,0.0, ,130880, ,0.00, ,15.14, ,82.8, 
2021/11/4,09:00,0.0, ,130830, ,5.38, ,15.14, ,82.8, 
2021/11/4,10:00,0.0, ,130780, ,0.00, ,0.00,#,82.8, 
2021/11/4,11:00,0.0, ,130780, ,5.61, ,0.00,#,82.8, 
2021/11/4,12:00,0.0, ,130730, ,9.82, ,0.00,#,82.7, 
2021/11/4,13:00,0.0, ,130730, ,7.79, ,0.00,#,82.7, 
2021/11/4,14:00,0.0, ,130690, ,11.09, ,0.00,#,82.7, 
2021/11/4,15:00,0.0, ,130690, ,7.99, ,0.00,#,82.7, 
2021/11/4,16:00,0.0, ,130640, ,10.87, ,0.00,#,82.7, 
2021/11/4,17:00,0.0, ,130640, ,8.22, ,16.19, ,82.7, 
2021/11/4,18:00,0.0, ,130590, ,2.75, ,15.14, ,82.7, 
2021/11/4,19:00,0.1, ,130540, ,5.84, ,15.14, ,82.6, 
2021/11/4,20:00,0.0, ,130500, ,6.73, ,15.14, ,82.6, 
2021/11/4,21:00,0.1, ,130450, ,3.19, ,15.14, ,82.6, 
2021/11/4,22:00,0.1, ,130400, ,3.85, ,15.14, ,82.5, 
2021/11/4,23:00,0.0, ,130350, ,0.00, ,15.14, ,82.5, 
2021/11/4,24:00,0.1, ,130350, ,4.75, ,15.14, ,82.5, 
2021/11/5,01:00,0.0, ,130300, ,2.10, ,15.14, ,82.5, 
2021/11/5,02:00,0.0, ,130260, ,3.42, ,15.12, ,82.4, 
2021/11/5,03:00,0.0, ,130210, ,2.53, ,15.12, ,82.4, 
2021/11/5,04:00,0.0, ,130160, ,3.42, ,15.12, ,82.4, 
2021/11/5,05:00,0.0, ,130110, ,4.96, ,15.12, ,82.3, 
2021/11/5,06:00,0.0, ,130070, ,5.18, ,15.12, ,82.3, 
2021/11/5,07:00,0.0, ,130020, ,4.53, ,15.12, ,82.3, 
2021/11/5,08:00,0.0, ,130020, ,2.10, ,15.12, ,82.3, 
2021/11/5,09:00,0.0, ,129920, ,3.42, ,15.12, ,82.2, 
2021/11/5,10:00,0.0, ,129920, ,0.35, ,15.12, ,82.2, 
2021/11/5,11:00,0.0, ,129880, ,4.98, ,15.12, ,82.2, 
2021/11/5,12:00,0.0, ,129880, ,12.03, ,15.12, ,82.2, 
2021/11/5,13:00,0.0, ,129830, ,8.51, ,15.12, ,82.2, 
2021/11/5,14:00,0.0, ,129830, ,9.14, ,16.16, ,82.2, 
2021/11/5,15:00,0.0, ,129780, ,8.67, ,16.16, ,82.1, 
2021/11/5,16:00,0.0, ,129780, ,10.43, ,16.16, ,82.1, 
2021/11/5,17:00,0.0, ,129730, ,6.47, ,16.16, ,82.1, 
2021/11/5,18:00,0.0, ,129680, ,8.01, ,16.16, ,82.1, 
2021/11/5,19:00,0.0, ,129640, ,6.25, ,16.16, ,82.1, 
2021/11/5,20:00,0.0, ,129640, ,4.26, ,16.16, ,82.1, 
2021/11/5,21:00,0.0, ,129590, ,3.17, ,16.16, ,82.0, 
2021/11/5,22:00,0.0, ,129540, ,2.72, ,16.15, ,82.0, 
2021/11/5,23:00,0.0, ,129490, ,4.70, ,16.15, ,82.0, 
2021/11/5,24:00,0.0, ,129450, ,1.41, ,16.15, ,81.9, 
2021/11/6,01:00,0.0, ,129350, ,2.07, ,16.15, ,81.9, 
2021/11/6,02:00,0.0, ,129350, ,3.61, ,16.15, ,81.9, 
2021/11/6,03:00,0.0, ,129300, ,4.71, ,16.14, ,81.8, 
2021/11/6,04:00,0.0, ,129260, ,1.85, ,16.14, ,81.8, 
2021/11/6,05:00,0.0, ,129210, ,5.15, ,16.14, ,81.8, 
2021/11/6,06:00,0.0, ,129160, ,2.51, ,16.14, ,81.7, 
2021/11/6,07:00,0.0, ,129110, ,4.50, ,16.14, ,81.7, 
2021/11/6,08:00,0.0, ,129070, ,3.62, ,16.14, ,81.7, 
2021/11/6,09:00,0.0, ,129020, ,2.96, ,16.14, ,81.7, 
2021/11/6,10:00,0.0, ,128970, ,2.53, ,16.14, ,81.6, 
2021/11/6,11:00,0.0, ,128930, ,3.41, ,16.14, ,81.6, 
2021/11/6,12:00,0.0, ,128930, ,11.53, ,16.14, ,81.6, 
2021/11/6,13:00,0.0, ,128880, ,6.48, ,16.13, ,81.6, 
2021/11/6,14:00,0.0, ,128880, ,12.62, ,16.13, ,81.6, 
2021/11/6,15:00,0.0, ,128830, ,7.36, ,16.13, ,81.5, 
2021/11/6,16:00,0.0, ,128830, ,11.74, ,16.13, ,81.5, 
2021/11/6,17:00,0.0, ,128780, ,4.07, ,16.13, ,81.5, 
2021/11/6,18:00,0.0, ,128740, ,6.67, ,17.18, ,81.5, 
2021/11/6,19:00,0.0, ,128690, ,2.70, ,17.16, ,81.4, 
2021/11/6,20:00,0.0, ,128640, ,5.32, ,17.16, ,81.4, 
2021/11/6,21:00,0.0, ,128590, ,4.01, ,17.16, ,81.4, 
2021/11/6,22:00,0.0, ,128550, ,3.35, ,17.16, ,81.4, 
2021/11/6,23:00,0.0, ,128500, ,3.80, ,17.16, ,81.3, 
2021/11/6,24:00,0.0, ,128400, ,1.83, ,17.16, ,81.3, 
2021/11/7,01:00,0.0, ,128400, ,2.93, ,17.16, ,81.3, 
2021/11/7,02:00,0.0, ,128310, ,3.37, ,17.16, ,81.2, 
2021/11/7,03:00,0.0, ,128310, ,4.69, ,17.16, ,81.2, 
2021/11/7,04:00,0.0, ,128220, ,2.94, ,17.16, ,81.2, 
2021/11/7,05:00,0.0, ,128170, ,4.91, ,17.16, ,81.1, 
2021/11/7,06:00,0.0, ,128120, ,2.95, ,17.16, ,81.1, 
2021/11/7,07:00,0.0, ,128070, ,2.73, ,17.14, ,81.1, 
2021/11/7,08:00,0.0, ,128030, ,5.56, ,17.14, ,81.0, 
2021/11/7,09:00,0.0, ,127980, ,1.19, ,17.14, ,81.0, 
2021/11/7,10:00,0.0, ,127930, ,1.41, ,17.14, ,81.0, 
2021/11/7,11:00,0.0, ,127880, ,8.33, ,18.16, ,80.9, 
2021/11/7,12:00,0.0, ,127880, ,7.90, ,18.16, ,80.9, 
2021/11/7,13:00,0.0, ,127840, ,10.08, ,18.16, ,80.9, 
2021/11/7,14:00,0.0, ,127840, ,13.14, ,18.16, ,80.9, 
2021/11/7,15:00,0.0, ,127790, ,7.68, ,18.16, ,80.9, 
2021/11/7,16:00,0.0, ,127740, ,6.81, ,18.16, ,80.8, 
2021/11/7,17:00,0.0, ,127700, ,8.56, ,18.16, ,80.8, 
2021/11/7,18:00,0.0, ,127650, ,3.32, ,18.15, ,80.8, 
2021/11/7,19:00,0.0, ,127600, ,5.93, ,18.15, ,80.8, 
2021/11/7,20:00,0.0, ,127550, ,2.45, ,18.15, ,80.7, 
2021/11/7,21:00,0.0, ,127510, ,7.03, ,18.15, ,80.7, 
2021/11/7,22:00,0.0, ,127460, ,1.14, ,18.14, ,80.7, 
2021/11/7,23:00,0.0, ,127370, ,3.11, ,18.14, ,80.6, 
2021/11/7,24:00,0.0, ,127320, ,4.42, ,18.14, ,80.6, 
2021/11/8,01:00,0.0, ,127270, ,2.68, ,18.14, ,80.6, 
2021/11/8,02:00,0.0, ,127230, ,2.69, ,18.14, ,80.5, 
2021/11/8,03:00,0.0, ,127180, ,5.30, ,18.14, ,80.5, 
2021/11/8,04:00,0.0, ,127130, ,4.43, ,18.13, ,80.5, 
2021/11/8,05:00,0.0, ,127080, ,3.12, ,18.13, ,80.4, 
2021/11/8,06:00,0.0, ,127040, ,3.34, ,18.13, ,80.4, 
2021/11/8,07:00,0.0, ,126990, ,4.43, ,18.13, ,80.4, 
2021/11/8,08:00,0.6, ,126900, ,1.39, ,18.12, ,80.3, 
2021/11/8,09:00,1.5, ,126900, ,5.52, ,18.12, ,80.3, 
2021/11/8,10:00,0.3, ,126800, ,4.00, ,18.12, ,80.3, 
2021/11/8,11:00,1.3, ,126760, ,0.00, ,17.10, ,80.2, 
2021/11/8,12:00,1.2, ,126760, ,10.80, ,17.10, ,80.2, 
2021/11/8,13:00,5.7, ,126710, ,12.76, ,17.10, ,80.2, 
2021/11/8,14:00,5.0, ,126710, ,9.28, ,17.10, ,80.2, 
2021/11/8,15:00,2.6, ,126710, ,16.23, ,17.10, ,80.2, 
2021/11/8,16:00,3.0, ,126660, ,8.64, ,17.10, ,80.2, 
2021/11/8,17:00,5.0, ,126660, ,12.98, ,17.10, ,80.2, 
2021/11/8,18:00,5.7, ,126660, ,13.47, ,14.38, ,80.2, 
2021/11/8,19:00,12.5, ,126660, ,18.07, ,14.38, ,80.2, 
2021/11/8,20:00,16.9, ,126800, ,25.88, ,14.39, ,80.3, 
2021/11/8,21:00,14.5, ,127320, ,84.71, ,6.45, ,80.6, 
2021/11/8,22:00,21.1, ,128450, ,246.59, ,6.47, ,81.3, 
2021/11/8,23:00,6.4, ,129970, ,374.83, ,0.00, ,82.3, 
2021/11/8,24:00,0.9, ,131690, ,479.91, ,0.00, ,83.3, 
2021/11/9,01:00,0.1, ,132710, ,368.45, ,0.00, ,84.0, 
2021/11/9,02:00,0.1, ,133380, ,232.15, ,0.00, ,84.4, 
2021/11/9,03:00,0.4, ,133870, ,156.44, ,0.00, ,84.7, 
2021/11/9,04:00,0.0, ,134210, ,114.32, ,0.00, ,84.9, 
2021/11/9,05:00,0.1, ,134500, ,88.40, ,0.00, ,85.1, 
2021/11/9,06:00,0.0, ,134740, ,75.45, ,0.00, ,85.3, 
2021/11/9,07:00,0.1, ,134940, ,62.45, ,0.00, ,85.4, 
2021/11/9,08:00,0.0, ,135130, ,54.84, ,0.00, ,85.5, 
2021/11/9,09:00,0.0, ,135330, ,45.63, ,0.00, ,85.7, 
2021/11/9,10:00,0.0, ,135470, ,47.05, ,0.00, ,85.7, 
2021/11/9,11:00,0.0, ,135670, ,47.76, ,0.00, ,85.9, 
2021/11/9,12:00,0.0, ,135820, ,46.66, ,0.00, ,86.0, 
2021/11/9,13:00,0.0, ,135960, ,47.60, ,0.00, ,86.1, 
2021/11/9,14:00,0.0, ,136110, ,42.86, ,0.00, ,86.1, 
2021/11/9,15:00,0.0, ,136210, ,32.22, ,0.00, ,86.2, 
2021/11/9,16:00,0.0, ,136360, ,31.33, ,0.00, ,86.3, 
2021/11/9,17:00,0.0, ,136450, ,31.79, ,0.00, ,86.4, 
2021/11/9,18:00,0.0, ,136550, ,27.94, ,0.00, ,86.4, 
2021/11/9,19:00,0.0, ,136650, ,26.59, ,0.00, ,86.5, 
2021/11/9,20:00,0.0, ,136750, ,28.65, ,0.00, ,86.6, 
2021/11/9,21:00,0.0, ,136850, ,22.97, ,0.00, ,86.6, 
2021/11/9,22:00,0.3, ,136950, ,25.94, ,0.00, ,86.7, 
2021/11/9,23:00,0.3, ,136990, ,25.95, ,0.00, ,86.7, 
2021/11/9,24:00,0.0, ,137090, ,23.91, ,0.00, ,86.6, 
2021/11/10,01:00,0.3, ,137190, ,21.41, ,0.00, ,86.7, 
2021/11/10,02:00,0.3, ,137240, ,22.32, ,0.00, ,86.8, 
2021/11/10,03:00,0.3, ,137290, ,19.14, ,0.00, ,86.8, 
2021/11/10,04:00,0.6, ,137340, ,15.73, ,0.00, ,86.9, 
2021/11/10,05:00,0.4, ,137440, ,16.64, ,0.00, ,87.0, 
2021/11/10,06:00,1.1, ,137440, ,11.40, ,0.00, ,87.0, 
2021/11/10,07:00,1.2, ,137490, ,12.31, ,0.00, ,87.0, 
2021/11/10,08:00,0.5, ,137540, ,9.13, ,0.00, ,87.1, 
2021/11/10,09:00,0.0,-,137590, ,14.37, ,0.00, ,87.2, 
2021/11/10,10:00,0.0,-,137630, ,14.37, ,0.00, ,87.2, 
2021/11/10,11:00,0.0,-,137680, ,31.46, ,6.58, ,87.3, 
2021/11/10,12:00,0.0,-,137680, ,15.23, ,6.58, ,87.3, 
2021/11/10,13:00,0.0,-,137730, ,15.03, ,6.58, ,87.3, 
2021/11/10,14:00,0.0,-,137780, ,21.65, ,6.58, ,87.4, 
2021/11/10,15:00,0.0,-,137830, ,21.65, ,6.58, ,87.5, 
2021/11/10,16:00,0.0,-,137880, ,19.14, ,6.58, ,87.5, 
2021/11/10,17:00,0.3, ,137930, ,17.09, ,6.58, ,87.6, 
2021/11/10,18:00,0.4, ,137980, ,18.92, ,6.58, ,87.6, 
2021/11/10,19:00,0.5, ,138030, ,17.78, ,6.58, ,87.7, 
2021/11/10,20:00,0.9, ,138080, ,17.78, ,6.58, ,87.7, 
2021/11/10,21:00,0.3, ,138080, ,19.83, ,6.58, ,87.8, 
2021/11/10,22:00,0.6, ,138130, ,18.02, ,6.59, ,87.8, 
2021/11/10,23:00,0.3, ,138180, ,17.79, ,6.59, ,87.9, 
2021/11/10,24:00,0.1, ,138230, ,14.36, ,6.59, ,87.9, 
2021/11/11,01:00,0.0, ,138280, ,23.28, ,6.59, ,88.0, 
2021/11/11,02:00,0.0, ,138280, ,14.36, ,6.59, ,88.0, 
2021/11/11,03:00,0.6, ,138330, ,14.60, ,6.59, ,88.1, 
2021/11/11,04:00,0.3, ,138330, ,12.31, ,6.59, ,88.1, 
2021/11/11,05:00,0.6, ,138330, ,6.59, ,6.59, ,88.1, 
2021/11/11,06:00,0.6, ,138330, ,6.59, ,6.59, ,88.1, 
2021/11/11,07:00,0.3, ,138330, ,6.59, ,6.59, ,88.2, 
2021/11/11,08:00,1.0, ,138370, ,20.91, ,10.79, ,88.2, 
2021/11/11,09:00,0.1, ,138370, ,12.39, ,10.79, ,88.2, 
2021/11/11,10:00,0.0, ,138370, ,10.79, ,10.79, ,88.3, 
2021/11/11,11:00,0.0, ,138370, ,11.93, ,12.78, ,88.3, 
2021/11/11,12:00,0.3, ,138370, ,12.78, ,12.78, ,88.3, 
2021/11/11,13:00,0.8, ,138420, ,13.47, ,12.78, ,88.4, 
2021/11/11,14:00,0.3, ,138420, ,25.37, ,12.78, ,88.4, 
2021/11/11,15:00,0.1, ,138420, ,12.78, ,12.78, ,88.4, 
2021/11/11,16:00,0.3, ,138470, ,17.36, ,12.78, ,88.5, 
2021/11/11,17:00,0.1, ,138470, ,21.93, ,12.78, ,88.5, 
2021/11/11,18:00,0.0, ,138470, ,12.78, ,12.78, ,88.5, 
2021/11/11,19:00,0.0, ,138520, ,13.37, ,10.80, ,88.6, 
2021/11/11,20:00,0.0, ,138520, ,23.17, ,10.80, ,88.6, 
2021/11/11,21:00,0.0, ,138520, ,10.80, ,10.80, ,88.6, 
2021/11/11,22:00,0.0, ,138570, ,16.98, ,10.80, ,88.7, 
2021/11/11,23:00,0.0, ,138570, ,18.36, ,10.80, ,88.7, 
2021/11/11,24:00,0.0, ,138570, ,10.80, ,10.80, ,88.7, 
2021/11/12,01:00,0.1, ,138620, ,21.79, ,10.80, ,88.8, 
2021/11/12,02:00,0.7, ,138620, ,13.55, ,10.80, ,88.8, 
2021/11/12,03:00,0.0, ,138620, ,10.80, ,10.80, ,88.9, 
2021/11/12,04:00,0.0, ,138620, ,10.80, ,10.80, ,88.9, 
2021/11/12,05:00,0.3, ,138620, ,10.80, ,10.80, ,88.9, 
2021/11/12,06:00,1.2, ,138620, ,10.80, ,10.80, ,88.9, 
2021/11/12,07:00,0.9, ,138620, ,10.80, ,10.80, ,89.0, 
2021/11/12,08:00,0.2, ,138620, ,10.80, ,10.80, ,89.0, 
2021/11/12,09:00,0.1, ,138570, ,0.72, ,10.80, ,89.0, 
2021/11/12,10:00,0.0,-,138570, ,7.14, ,10.80, ,89.0, 
2021/11/12,11:00,0.0,-,138570, ,10.41, ,9.78, ,89.0, 
2021/11/12,12:00,0.0,-,138570, ,9.78, ,9.78, ,89.0, 
2021/11/12,13:00,0.0,-,138620, ,17.80, ,9.78, ,89.1, 
2021/11/12,14:00,0.0,-,138670, ,17.34, ,9.78, ,89.2, 
2021/11/12,15:00,0.0,-,138670, ,21.69, ,9.78, ,89.2, 
2021/11/12,16:00,0.0,-,138670, ,9.78, ,9.78, ,89.2, 
2021/11/12,17:00,0.0, ,138720, ,16.88, ,9.78, ,89.3, 
2021/11/12,18:00,0.0, ,138720, ,16.43, ,9.78, ,89.3, 
2021/11/12,19:00,0.0, ,138720, ,9.78, ,9.78, ,89.3, 
2021/11/12,20:00,0.1, ,138770, ,14.13, ,9.78, ,89.4, 
2021/11/12,21:00,0.0, ,138770, ,19.18, ,9.78, ,89.4, 
2021/11/12,22:00,0.0, ,138770, ,9.78, ,9.78, ,89.4, 
2021/11/12,23:00,0.0, ,138820, ,22.85, ,9.79, ,89.5, 
2021/11/12,24:00,0.0, ,138820, ,10.48, ,9.79, ,89.5, 
2021/11/13,01:00,0.0, ,138870, ,13.46, ,9.79, ,89.6, 
2021/11/13,02:00,0.0, ,138870, ,19.87, ,9.79, ,89.6, 
2021/11/13,03:00,0.3, ,138870, ,9.79, ,9.79, ,89.6, 
2021/11/13,04:00,0.0, ,138870, ,9.79, ,9.79, ,89.6, 
2021/11/13,05:00,0.3, ,138870, ,9.79, ,9.79, ,89.7, 
2021/11/13,06:00,0.0, ,138870, ,9.79, ,9.79, ,89.7, 
2021/11/13,07:00,0.0, ,138870, ,9.79, ,9.79, ,89.7, 
2021/11/13,08:00,0.1, ,138820, ,4.75, ,9.79, ,89.7, 
2021/11/13,09:00,0.1, ,138820, ,1.08, ,9.79, ,89.7, 
2021/11/13,10:00,0.0, ,138820, ,9.79, ,9.79, ,89.8, 
2021/11/13,11:00,0.0, ,138820, ,10.97, ,11.80, ,89.8, 
2021/11/13,12:00,0.0, ,138820, ,11.80, ,11.80, ,89.8, 
2021/11/13,13:00,0.0, ,138820, ,11.80, ,11.80, ,89.8, 
2021/11/13,14:00,0.0, ,138820, ,11.80, ,11.80, ,89.9, 
2021/11/13,15:00,0.0, ,138820, ,11.80, ,11.80, ,89.9, 
2021/11/13,16:00,0.0, ,138870, ,15.01, ,11.80, ,90.0, 
2021/11/13,17:00,0.0, ,138870, ,22.34, ,11.80, ,90.0, 
2021/11/13,18:00,0.0, ,138870, ,11.80, ,11.80, ,90.0, 
2021/11/13,19:00,0.0, ,138870, ,12.54, ,12.79, ,90.0, 
2021/11/13,20:00,0.0, ,138870, ,12.79, ,12.79, ,90.1, 
2021/11/13,21:00,0.0, ,138870, ,12.79, ,12.79, ,90.1, 
2021/11/13,22:00,0.0, ,138870, ,12.79, ,12.79, ,90.1, 
2021/11/13,23:00,0.0, ,138870, ,12.79, ,12.79, ,90.1, 
2021/11/13,24:00,0.0, ,138870, ,12.79, ,12.79, ,90.2, 
2021/11/14,01:00,0.0, ,138920, ,14.85, ,12.79, ,90.2, 
2021/11/14,02:00,0.0, ,138920, ,24.49, ,12.79, ,90.2, 
2021/11/14,03:00,0.0, ,138920, ,12.79, ,12.79, ,90.3, 
2021/11/14,04:00,0.0, ,138870, ,11.18, ,12.79, ,90.3, 
2021/11/14,05:00,0.0, ,138870, ,0.64, ,12.79, ,90.3, 
2021/11/14,06:00,0.0, ,138870, ,12.79, ,12.79, ,90.3, 
2021/11/14,07:00,0.0, ,138820, ,2.71, ,12.79, ,90.3, 
2021/11/14,08:00,0.0, ,138770, ,5.69, ,12.79, ,90.3, 
2021/11/14,09:00,0.0, ,138770, ,2.48, ,12.79, ,90.3, 
2021/11/14,10:00,0.0, ,138770, ,12.79, ,12.79, ,90.4, 
2021/11/14,11:00,0.0, ,138770, ,12.79, ,12.79, ,90.4, 
2021/11/14,12:00,0.0, ,138770, ,12.79, ,12.79, ,90.4, 
2021/11/14,13:00,0.0, ,138770, ,12.79, ,12.79, ,90.4, 
2021/11/14,14:00,0.0, ,138770, ,12.79, ,12.79, ,90.5, 
2021/11/14,15:00,0.0, ,138770, ,12.79, ,12.79, ,90.5, 
2021/11/14,16:00,0.0, ,138770, ,12.79, ,12.79, ,90.5, 
2021/11/14,17:00,0.0, ,138770, ,12.79, ,12.79, ,90.5, 
2021/11/14,18:00,0.0, ,138770, ,12.79, ,12.79, ,90.6, 
2021/11/14,19:00,0.0, ,138770, ,12.79, ,12.79, ,90.6, 
2021/11/14,20:00,0.0, ,138770, ,12.79, ,12.79, ,90.6, 
2021/11/14,21:00,0.0, ,138770, ,12.79, ,12.79, ,90.6, 
2021/11/14,22:00,0.0, ,138770, ,12.79, ,12.79, ,90.7, 
2021/11/14,23:00,0.0, ,138770, ,12.79, ,12.79, ,90.7, 
2021/11/14,24:00,0.0, ,138770, ,12.79, ,12.79, ,90.7, 
2021/11/15,01:00,0.0, ,138770, ,12.79, ,12.79, ,90.7, 
2021/11/15,02:00,0.0, ,138770, ,12.79, ,12.79, ,90.8, 
2021/11/15,03:00,0.0, ,138770, ,12.79, ,12.79, ,90.8, 
2021/11/15,04:00,0.0, ,138770, ,12.79, ,12.79, ,90.8, 
2021/11/15,05:00,0.0, ,138770, ,12.79, ,12.79, ,90.9, 
2021/11/15,06:00,0.0, ,138720, ,1.10, ,12.78, ,90.8, 
2021/11/15,07:00,0.0, ,138670, ,5.45, ,12.78, ,90.8, 
2021/11/15,08:00,0.0, ,138670, ,4.30, ,12.78, ,90.9, 
2021/11/15,09:00,0.0, ,138620, ,4.08, ,12.78, ,90.9, 
2021/11/15,10:00,0.0, ,138620, ,7.74, ,12.78, ,90.9, 
2021/11/15,11:00,0.0, ,138620, ,12.78, ,12.78, ,90.9, 
2021/11/15,12:00,0.0, ,138620, ,12.78, ,12.78, ,90.9, 
2021/11/15,13:00,0.0, ,138620, ,12.78, ,12.78, ,91.0, 
2021/11/15,14:00,0.0, ,138620, ,12.78, ,12.78, ,91.0, 
2021/11/15,15:00,0.0, ,138620, ,12.78, ,12.78, ,91.0, 
2021/11/15,16:00,0.0, ,138620, ,12.78, ,12.78, ,91.0, 
2021/11/15,17:00,0.0, ,138620, ,12.78, ,12.78, ,91.1, 
2021/11/15,18:00,0.0, ,138620, ,12.78, ,12.78, ,91.1, 
2021/11/15,19:00,0.0, ,138620, ,12.78, ,12.78, ,91.1, 
2021/11/15,20:00,0.0, ,138620, ,12.78, ,12.78, ,91.2, 
2021/11/15,21:00,0.0, ,138620, ,12.78, ,12.78, ,91.2, 
2021/11/15,22:00,0.0, ,138620, ,12.78, ,12.78, ,91.2, 
2021/11/15,23:00,0.0, ,138620, ,12.78, ,12.78, ,91.2, 
2021/11/15,24:00,0.0, ,138620, ,12.78, ,12.78, ,91.3, 
2021/11/16,01:00,0.0, ,138620, ,12.78, ,12.78, ,91.3, 
2021/11/16,02:00,0.0, ,138620, ,12.78, ,12.78, ,91.3, 
2021/11/16,03:00,0.0, ,138620, ,12.78, ,12.78, ,91.3, 
2021/11/16,04:00,0.0, ,138620, ,12.78, ,12.78, ,91.4, 
2021/11/16,05:00,0.0, ,138570, ,4.77, ,12.78, ,91.4, 
2021/11/16,06:00,0.0, ,138520, ,4.99, ,12.78, ,91.4, 
2021/11/16,07:00,0.0, ,138520, ,1.10, ,12.78, ,91.4, 
2021/11/16,08:00,0.0, ,138470, ,5.91, ,12.78, ,91.4, 
2021/11/16,09:00,0.0, ,138470, ,5.91, ,12.78, ,91.4, 
2021/11/16,10:00,0.0, ,138420, ,0.00, ,12.78, ,91.4, 
2021/11/16,11:00,0.0, ,138420, ,11.86, ,12.78, ,91.4, 
2021/11/16,12:00,0.0, ,138420, ,12.78, ,12.78, ,91.4, 
2021/11/16,13:00,0.0, ,138420, ,12.78, ,12.78, ,91.5, 
2021/11/16,14:00,0.0, ,138420, ,12.78, ,12.78, ,91.5, 
2021/11/16,15:00,0.0, ,138420, ,12.78, ,12.78, ,91.5, 
2021/11/16,16:00,0.0, ,138420, ,12.78, ,12.78, ,91.6, 
2021/11/16,17:00,0.0, ,138420, ,12.78, ,12.78, ,91.6, 
2021/11/16,18:00,0.0, ,138420, ,12.78, ,12.78, ,91.6, 
2021/11/16,19:00,0.0, ,138420, ,13.61, ,14.70, ,91.6, 
2021/11/16,20:00,0.0, ,138420, ,14.70, ,14.70, ,91.7, 
2021/11/16,21:00,0.0, ,138420, ,14.70, ,14.70, ,91.7, 
2021/11/16,22:00,0.0, ,138370, ,7.38, ,14.70, ,91.7, 
2021/11/16,23:00,0.0, ,138370, ,8.29, ,14.70, ,91.7, 
2021/11/16,24:00,0.0, ,138370, ,14.70, ,14.70, ,91.7, 
2021/11/17,01:00,0.0, ,138370, ,14.70, ,14.70, ,91.8, 
2021/11/17,02:00,0.0, ,138370, ,14.70, ,14.70, ,91.8, 
2021/11/17,03:00,0.0, ,138330, ,3.26, ,14.70, ,91.8, 
2021/11/17,04:00,0.0, ,138280, ,11.73, ,14.70, ,91.8, 
2021/11/17,05:00,0.0, ,138280, ,1.66, ,14.70, ,91.8, 
2021/11/17,06:00,0.0, ,138230, ,4.64, ,14.70, ,91.8, 
2021/11/17,07:00,0.0, ,138180, ,4.64, ,14.70, ,91.8, 
2021/11/17,08:00,0.0, ,138130, ,3.72, ,14.70, ,91.8, 
2021/11/17,09:00,0.0, ,138080, ,1.67, ,14.69, ,91.8, 
2021/11/17,10:00,0.0,-,138080, ,3.95, ,14.69, ,91.8, 
2021/11/17,11:00,0.0,-,138030, ,10.58, ,14.69, ,91.8, 
2021/11/17,12:00,0.0,-,138030, ,5.09, ,14.69, ,91.8, 
2021/11/17,13:00,0.0,-,138030, ,14.69, ,14.69, ,91.9, 
2021/11/17,14:00,0.0,-,138030, ,14.69, ,14.69, ,91.9, 
2021/11/17,15:00,0.0, ,138030, ,14.69, ,14.69, ,91.9, 
2021/11/17,16:00,0.0, ,137980, ,13.78, ,14.69, ,91.9, 
2021/11/17,17:00,0.0, ,137980, ,1.89, ,14.69, ,91.9, 
2021/11/17,18:00,0.0, ,137980, ,14.69, ,14.69, ,92.0, 
2021/11/17,19:00,0.0, ,137930, ,6.01, ,14.69, ,92.0, 
2021/11/17,20:00,0.0, ,137930, ,9.66, ,14.69, ,92.0, 
2021/11/17,21:00,0.0, ,137930, ,14.69, ,14.69, ,92.0, 
2021/11/17,22:00,0.0, ,137880, ,6.01, ,14.69, ,92.0, 
2021/11/17,23:00,0.0, ,137880, ,9.66, ,14.69, ,92.0, 
2021/11/17,24:00,0.0, ,137880, ,14.69, ,14.69, ,92.1, 
2021/11/18,01:00,0.0, ,137830, ,10.35, ,14.69, ,92.0, 
2021/11/18,02:00,0.0, ,137830, ,5.33, ,14.69, ,92.1, 
2021/11/18,03:00,0.0, ,137780, ,9.67, ,14.69, ,92.1, 
2021/11/18,04:00,0.0, ,137780, ,6.01, ,14.69, ,92.1, 
2021/11/18,05:00,0.0, ,137730, ,0.99, ,14.68, ,92.1, 
2021/11/18,06:00,0.0, ,137680, ,5.32, ,14.68, ,92.1, 
2021/11/18,07:00,0.0, ,137630, ,5.32, ,14.68, ,92.1, 
2021/11/18,08:00,0.0, ,137590, ,0.00, ,14.68, ,92.1, 
2021/11/18,09:00,0.0, ,137540, ,4.87, ,14.68, ,92.1, 
2021/11/18,10:00,0.0, ,137540, ,4.41, ,0.00,#,92.1, 
2021/11/18,11:00,0.0, ,137540, ,14.13, ,0.00,#,92.1, 
2021/11/18,12:00,0.0, ,137490, ,4.36, ,0.00,#,92.1, 
2021/11/18,13:00,0.0, ,137490, ,9.38, ,0.00,#,92.1, 
2021/11/18,14:00,0.0, ,137490, ,13.72, ,0.00,#,92.2, 
2021/11/18,15:00,0.0, ,137490, ,13.72, ,0.00,#,92.2, 
2021/11/18,16:00,0.0, ,137490, ,13.72, ,0.00,#,92.2, 
2021/11/18,17:00,0.0, ,137490, ,13.72, ,13.72, ,92.3, 
2021/11/18,18:00,0.0, ,137440, ,2.32, ,13.72, ,92.3, 
2021/11/18,19:00,0.0, ,137440, ,11.44, ,13.72, ,92.3, 
2021/11/18,20:00,0.0, ,137390, ,1.64, ,13.72, ,92.3, 
2021/11/18,21:00,0.0, ,137390, ,12.12, ,13.72, ,92.3, 
2021/11/18,22:00,0.0, ,137390, ,13.72, ,13.72, ,92.3, 
2021/11/18,23:00,0.0, ,137390, ,13.72, ,13.72, ,92.4, 
2021/11/18,24:00,0.0, ,137390, ,13.72, ,13.72, ,92.4, 
2021/11/19,01:00,0.0, ,137340, ,8.48, ,13.72, ,92.4, 
2021/11/19,02:00,0.0, ,137340, ,5.28, ,13.72, ,92.4, 
2021/11/19,03:00,0.0, ,137290, ,5.97, ,13.72, ,92.4, 
2021/11/19,04:00,0.0, ,137240, ,4.15, ,13.72, ,92.4, 
2021/11/19,05:00,0.0, ,137240, ,3.70, ,13.72, ,92.4, 
2021/11/19,06:00,0.0, ,137190, ,0.96, ,13.72, ,92.4, 
2021/11/19,07:00,0.0, ,137140, ,3.24, ,13.72, ,92.4, 
2021/11/19,08:00,0.0, ,137090, ,4.61, ,13.71, ,92.4, 
2021/11/19,09:00,0.0, ,137040, ,2.78, ,13.71, ,92.4, 
2021/11/19,10:00,0.0, ,137040, ,2.33, ,0.00,#,92.4, 
2021/11/19,11:00,0.0,-,0,#,0.00,#,0.00,#,0.0,-
2021/11/19,12:00,0.0,-,0,#,0.00,#,0.00,#,0.0,-
2021/11/19,13:00,0.0,-,0,#,0.00,#,0.00,#,0.0,-
2021/11/19,14:00,0.0, ,136990, ,13.71, ,13.71, ,92.5, 
2021/11/19,15:00,0.0, ,136990, ,13.71, ,13.71, ,92.5, 
2021/11/19,16:00,0.0, ,136990, ,13.71, ,13.71, ,92.6, 
2021/11/19,17:00,0.0, ,136990, ,13.71, ,13.71, ,92.6, 
2021/11/19,18:00,0.0, ,136950, ,3.92, ,13.71, ,92.6, 
2021/11/19,19:00,0.0, ,136950, ,9.84, ,13.71, ,92.6, 
2021/11/19,20:00,0.0, ,136900, ,5.06, ,13.71, ,92.6, 
2021/11/19,21:00,0.0, ,136900, ,8.70, ,13.71, ,92.6, 
2021/11/19,22:00,0.0, ,136900, ,13.71, ,13.71, ,92.7, 
2021/11/19,23:00,0.0, ,136900, ,13.71, ,13.71, ,92.7, 
2021/11/19,24:00,0.0, ,136850, ,5.98, ,13.71, ,92.7, 
2021/11/20,01:00,0.0, ,136850, ,7.80, ,13.71, ,92.7, 
2021/11/20,02:00,0.0, ,136800, ,4.61, ,13.71, ,92.7, 
2021/11/20,03:00,0.0, ,136750, ,4.38, ,13.71, ,92.7, 
2021/11/20,04:00,0.0, ,136700, ,4.16, ,13.70, ,92.7, 
2021/11/20,05:00,0.0, ,136700, ,0.74, ,13.70, ,92.7, 
2021/11/20,06:00,0.0, ,136650, ,2.79, ,13.70, ,92.7, 
2021/11/20,07:00,0.0, ,136600, ,2.79, ,13.70, ,92.7, 
2021/11/20,08:00,0.0, ,136550, ,3.92, ,13.70, ,92.7, 
2021/11/20,09:00,0.0, ,136500, ,0.06, ,13.70, ,92.7, 
2021/11/20,10:00,0.0, ,136500, ,4.38, ,13.70, ,92.7, 
2021/11/20,11:00,0.0, ,136500, ,12.66, ,11.75, ,92.7, 
2021/11/20,12:00,0.0, ,136500, ,11.75, ,11.75, ,92.8, 
2021/11/20,13:00,0.0, ,136500, ,11.75, ,11.75, ,92.8, 
2021/11/20,14:00,0.0, ,136500, ,11.75, ,11.75, ,92.8, 
2021/11/20,15:00,0.0, ,136500, ,11.75, ,11.75, ,92.9, 
2021/11/20,16:00,0.0, ,136500, ,11.75, ,11.75, ,92.9, 
2021/11/20,17:00,0.0, ,136450, ,2.84, ,13.70, ,92.9, 
2021/11/20,18:00,0.0, ,136450, ,9.84, ,13.70, ,92.9, 
2021/11/20,19:00,0.0, ,136400, ,8.93, ,13.70, ,92.9, 
2021/11/20,20:00,0.0, ,136400, ,4.84, ,13.70, ,92.9, 
2021/11/20,21:00,0.0, ,136400, ,13.70, ,13.70, ,93.0, 
2021/11/20,22:00,0.0, ,136360, ,5.75, ,13.70, ,93.0, 
2021/11/20,23:00,0.0, ,136360, ,8.02, ,13.70, ,93.0, 
2021/11/20,24:00,0.0, ,136360, ,13.70, ,13.70, ,93.0, 
2021/11/21,01:00,0.0, ,136310, ,6.43, ,13.69, ,93.0, 
2021/11/21,02:00,0.0, ,136260, ,1.43, ,13.69, ,93.0, 
2021/11/21,03:00,0.0, ,136260, ,5.97, ,13.69, ,93.0, 
2021/11/21,04:00,0.0, ,136210, ,1.43, ,13.69, ,93.0, 
2021/11/21,05:00,0.0, ,136160, ,3.93, ,13.69, ,93.0, 
2021/11/21,06:00,0.0, ,136110, ,1.21, ,13.69, ,93.0, 
2021/11/21,07:00,0.0, ,136060, ,0.98, ,13.69, ,93.0, 
2021/11/21,08:00,0.0, ,136010, ,3.26, ,13.69, ,93.0, 
2021/11/21,09:00,0.0, ,136010, ,3.26, ,13.69, ,93.0, 
2021/11/21,10:00,0.0, ,135960, ,1.44, ,13.69, ,93.0, 
2021/11/21,11:00,0.0, ,135960, ,12.33, ,13.69, ,93.0, 
2021/11/21,12:00,0.0, ,135960, ,13.69, ,13.69, ,93.1, 
2021/11/21,13:00,0.0, ,135910, ,3.25, ,13.68, ,93.1, 
2021/11/21,14:00,0.0, ,135910, ,10.50, ,13.68, ,93.1, 
2021/11/21,15:00,0.0, ,135910, ,13.68, ,13.68, ,93.1, 
2021/11/21,16:00,0.0, ,135910, ,13.68, ,13.68, ,93.2, 
2021/11/21,17:00,0.0, ,135870, ,9.60, ,13.68, ,93.2, 
2021/11/21,18:00,0.0, ,135870, ,4.16, ,13.68, ,93.2, 
2021/11/21,19:00,0.0, ,135870, ,13.68, ,13.68, ,93.2, 
2021/11/21,20:00,0.0, ,135820, ,2.57, ,13.68, ,93.2, 
2021/11/21,21:00,0.0, ,135820, ,11.19, ,13.68, ,93.2, 
2021/11/21,22:00,0.0, ,135820, ,13.68, ,13.68, ,93.3, 
2021/11/21,23:00,0.0, ,135770, ,5.75, ,13.68, ,93.3, 
2021/11/21,24:00,0.0, ,135770, ,8.01, ,13.68, ,93.3, 
2021/11/22,01:00,0.0, ,135720, ,2.12, ,13.68, ,93.3, 
2021/11/22,02:00,0.0, ,135670, ,10.96, ,13.68, ,93.3, 
2021/11/22,03:00,0.0, ,135670, ,0.77, ,13.68, ,93.3, 
2021/11/22,04:00,0.1, ,135620, ,2.58, ,13.68, ,93.3, 
2021/11/22,05:00,2.0, ,135570, ,0.00, ,13.68, ,93.3, 
2021/11/22,06:00,3.1, ,135520, ,10.74, ,13.67, ,93.3, 
2021/11/22,07:00,2.1, ,135520, ,1.90, ,13.67, ,93.3, 
2021/11/22,08:00,2.9, ,135470, ,4.39, ,13.67, ,93.3, 
2021/11/22,09:00,4.2, ,135470, ,9.37, ,13.67, ,93.3, 
2021/11/22,10:00,4.7, ,135430, ,6.20, ,13.67, ,93.3, 
2021/11/22,11:00,9.6, ,135470, ,15.48, ,13.67, ,93.4, 
2021/11/22,12:00,1.9, ,135520, ,30.99, ,10.74, ,93.5, 
2021/11/22,13:00,0.5, ,135620, ,26.60, ,10.74, ,93.6, 
2021/11/22,14:00,0.2, ,135620, ,22.74, ,10.74, ,93.6, 
2021/11/22,15:00,0.3, ,135720, ,26.58, ,6.56, ,93.7, 
2021/11/22,16:00,0.1, ,135820, ,26.05, ,6.56, ,93.8, 
2021/11/22,17:00,0.1, ,135870, ,32.62, ,6.56, ,93.8, 
2021/11/22,18:00,0.1, ,135910, ,24.47, ,6.56, ,93.9, 
2021/11/22,19:00,0.0, ,136010, ,22.21, ,6.56, ,94.0, 
2021/11/22,20:00,0.2, ,136060, ,24.48, ,6.56, ,94.1, 
2021/11/22,21:00,0.1, ,136110, ,17.45, ,6.56, ,94.1, 
2021/11/22,22:00,0.1, ,136160, ,21.53, ,6.56, ,94.2, 
2021/11/22,23:00,0.1, ,136210, ,18.59, ,6.56, ,94.2, 
2021/11/22,24:00,0.0, ,136210, ,17.23, ,6.56, ,94.3, 
2021/11/23,01:00,0.1, ,136260, ,18.59, ,6.56, ,94.3, 
2021/11/23,02:00,0.0, ,136310, ,8.60, ,6.56, ,94.4, 
2021/11/23,03:00,0.0, ,136310, ,19.73, ,6.56, ,94.4, 
2021/11/23,04:00,0.0, ,136310, ,6.56, ,6.56, ,94.5, 
2021/11/23,05:00,0.0, ,136310, ,6.56, ,6.56, ,94.5, 
2021/11/23,06:00,0.0, ,136310, ,6.56, ,6.56, ,94.5, 
2021/11/23,07:00,0.0, ,136310, ,6.56, ,6.56, ,94.5, 
2021/11/23,08:00,0.0, ,136310, ,6.56, ,6.56, ,94.6, 
2021/11/23,09:00,0.0, ,136310, ,6.56, ,6.56, ,94.6, 
2021/11/23,10:00,0.0, ,136310, ,6.56, ,6.56, ,94.6, 
2021/11/23,11:00,0.0, ,136360, ,14.28, ,6.56, ,94.7, 
2021/11/23,12:00,0.0, ,136400, ,14.97, ,6.57, ,94.8, 
2021/11/23,13:00,0.0, ,136400, ,17.70, ,6.57, ,94.8, 
2021/11/23,14:00,0.0, ,136450, ,14.75, ,6.57, ,94.8, 
2021/11/23,15:00,0.0, ,136450, ,12.02, ,6.57, ,94.9, 
2021/11/23,16:00,0.0, ,136500, ,16.57, ,6.57, ,94.9, 
2021/11/23,17:00,0.0, ,136500, ,12.38, ,10.76, ,95.0, 
2021/11/23,18:00,0.0, ,136500, ,10.76, ,10.76, ,95.0, 
2021/11/23,19:00,0.0, ,136500, ,10.76, ,10.76, ,95.0, 
2021/11/23,20:00,0.0, ,136500, ,10.76, ,10.76, ,95.1, 
2021/11/23,21:00,0.0, ,136500, ,10.76, ,10.76, ,95.1, 
2021/11/23,22:00,0.0, ,136550, ,18.03, ,10.76, ,95.2, 
2021/11/23,23:00,0.0, ,136550, ,17.13, ,10.76, ,95.2, 
2021/11/23,24:00,0.0, ,136550, ,10.76, ,10.76, ,95.2, 
2021/11/24,01:00,0.0, ,136550, ,10.76, ,10.76, ,95.2, 
2021/11/24,02:00,0.0, ,136550, ,10.76, ,10.76, ,95.3, 
2021/11/24,03:00,0.0, ,136550, ,10.76, ,10.76, ,95.3, 
2021/11/24,04:00,0.0, ,136550, ,10.76, ,10.76, ,95.3, 
2021/11/24,05:00,0.0, ,136550, ,10.76, ,10.76, ,95.4, 
2021/11/24,06:00,0.0, ,136550, ,10.76, ,10.76, ,95.4, 
2021/11/24,07:00,0.0, ,136550, ,10.76, ,10.76, ,95.4, 
2021/11/24,08:00,0.0, ,136500, ,0.00, ,10.76, ,95.4, 
2021/11/24,09:00,0.0, ,136450, ,7.58, ,10.76, ,95.4, 
2021/11/24,10:00,0.0, ,136450, ,0.08, ,10.76, ,95.4, 
2021/11/24,11:00,0.0, ,136450, ,10.76, ,10.76, ,95.5, 
2021/11/24,12:00,0.0, ,136500, ,11.67, ,10.76, ,95.5, 
2021/11/24,13:00,0.0, ,136500, ,23.48, ,10.76, ,95.6, 
2021/11/24,14:00,0.0, ,136500, ,10.76, ,10.76, ,95.6, 
2021/11/24,15:00,0.0, ,136500, ,10.76, ,10.76, ,95.6, 
2021/11/24,16:00,0.0, ,136500, ,10.76, ,10.76, ,95.6, 
2021/11/24,17:00,0.0, ,136500, ,10.76, ,10.76, ,95.7, 
2021/11/24,18:00,0.0, ,136500, ,10.76, ,10.76, ,95.7, 
2021/11/24,19:00,0.0, ,136500, ,10.76, ,10.76, ,95.7, 
2021/11/24,20:00,0.0, ,136500, ,10.76, ,10.76, ,95.8, 
2021/11/24,21:00,0.0, ,136500, ,10.76, ,10.76, ,95.8, 
2021/11/24,22:00,0.0, ,136500, ,10.76, ,10.76, ,95.8, 
2021/11/24,23:00,0.0, ,136500, ,10.76, ,10.76, ,95.9, 
2021/11/24,24:00,0.0, ,136500, ,10.76, ,10.76, ,95.9, 
2021/11/25,01:00,0.0, ,136500, ,10.76, ,10.76, ,95.9, 
2021/11/25,02:00,0.0, ,136500, ,10.76, ,10.76, ,95.9, 
2021/11/25,03:00,0.0, ,136500, ,10.76, ,10.76, ,96.0, 
2021/11/25,04:00,0.0, ,136500, ,10.76, ,10.76, ,96.0, 
2021/11/25,05:00,0.0, ,136500, ,10.76, ,10.76, ,96.0, 
2021/11/25,06:00,0.0, ,136500, ,10.76, ,10.76, ,96.1, 
2021/11/25,07:00,0.0, ,136450, ,2.35, ,10.76, ,96.1, 
2021/11/25,08:00,0.0, ,136450, ,5.54, ,10.76, ,96.1, 
2021/11/25,09:00,0.0, ,136400, ,2.13, ,10.76, ,96.1, 
2021/11/25,10:00,0.0, ,136400, ,5.76, ,10.76, ,96.1, 
2021/11/25,11:00,0.0, ,136400, ,11.39, ,11.75, ,96.1, 
2021/11/25,12:00,0.0, ,136400, ,11.75, ,11.75, ,96.2, 
2021/11/25,13:00,0.0, ,136400, ,11.75, ,11.75, ,96.2, 
2021/11/25,14:00,0.0, ,136400, ,11.75, ,11.75, ,96.2, 
2021/11/25,15:00,0.0, ,136400, ,11.75, ,11.75, ,96.3, 
2021/11/25,16:00,0.0, ,136400, ,11.75, ,11.75, ,96.3, 
2021/11/25,17:00,0.0, ,136400, ,11.75, ,11.75, ,96.3, 
2021/11/25,18:00,0.0, ,136400, ,11.75, ,11.75, ,96.4, 
2021/11/25,19:00,0.0, ,136400, ,11.75, ,11.75, ,96.4, 
2021/11/25,20:00,0.0, ,136400, ,11.75, ,11.75, ,96.4, 
2021/11/25,21:00,0.0, ,136360, ,0.00, ,11.75, ,96.4, 
2021/11/25,22:00,0.0, ,136360, ,10.16, ,11.75, ,96.4, 
2021/11/25,23:00,0.0, ,136360, ,11.75, ,11.75, ,96.5, 
2021/11/25,24:00,0.0, ,136360, ,11.75, ,11.75, ,96.5, 
2021/11/26,01:00,0.0, ,136360, ,11.75, ,11.75, ,96.5, 
2021/11/26,02:00,0.0, ,136360, ,11.75, ,11.75, ,96.6, 
2021/11/26,03:00,0.0, ,136360, ,11.75, ,11.75, ,96.6, 
2021/11/26,04:00,0.0, ,136310, ,9.02, ,11.75, ,96.6, 
2021/11/26,05:00,0.0, ,136310, ,0.85, ,11.75, ,96.6, 
2021/11/26,06:00,0.0, ,136260, ,9.03, ,11.75, ,96.6, 
2021/11/26,07:00,0.0, ,136260, ,0.85, ,11.75, ,96.6, 
2021/11/26,08:00,0.0, ,136210, ,0.40, ,11.75, ,96.6, 
2021/11/26,09:00,0.0, ,136160, ,8.80, ,11.75, ,96.6, 
2021/11/26,10:00,0.0, ,136160, ,0.00, ,11.75, ,96.7, 
2021/11/26,11:00,0.0, ,136160, ,12.04, ,12.73, ,96.7, 
2021/11/26,12:00,0.0, ,136160, ,12.73, ,12.73, ,96.7, 
2021/11/26,13:00,0.0, ,136160, ,12.73, ,12.73, ,96.8, 
2021/11/26,14:00,0.0, ,136160, ,12.73, ,12.73, ,96.8, 
2021/11/26,15:00,0.0, ,136160, ,12.73, ,12.73, ,96.8, 
2021/11/26,16:00,0.0, ,136160, ,12.73, ,12.73, ,96.8, 
2021/11/26,17:00,0.0, ,136110, ,8.64, ,12.72, ,96.8, 
2021/11/26,18:00,0.0, ,136110, ,3.19, ,12.72, ,96.9, 
2021/11/26,19:00,0.0, ,136110, ,12.72, ,12.72, ,96.9, 
2021/11/26,20:00,0.0, ,136110, ,12.72, ,12.72, ,96.9, 
2021/11/26,21:00,0.0, ,136060, ,4.55, ,12.72, ,96.9, 
2021/11/26,22:00,0.0, ,136060, ,7.28, ,12.72, ,97.0, 
2021/11/26,23:00,0.0, ,136060, ,12.72, ,12.72, ,97.0, 
2021/11/26,24:00,0.0, ,136060, ,12.72, ,12.72, ,97.0, 
2021/11/27,01:00,0.0, ,136060, ,12.72, ,12.72, ,97.1, 
2021/11/27,02:00,0.0, ,136010, ,8.41, ,12.72, ,97.0, 
2021/11/27,03:00,0.0, ,136010, ,3.42, ,12.72, ,97.1, 
2021/11/27,04:00,0.0, ,135960, ,3.42, ,12.72, ,97.1, 
2021/11/27,05:00,0.0, ,135910, ,3.87, ,12.72, ,97.1, 
2021/11/27,06:00,0.0, ,135910, ,3.65, ,12.72, ,97.1, 
2021/11/27,07:00,0.0, ,135870, ,0.25, ,12.72, ,97.1, 
2021/11/27,08:00,0.0, ,135820, ,3.20, ,12.72, ,97.1, 
2021/11/27,09:00,0.0, ,135770, ,3.65, ,12.72, ,97.1, 
2021/11/27,10:00,0.0, ,135770, ,2.97, ,12.72, ,97.1, 
2021/11/27,11:00,0.0, ,135770, ,13.01, ,13.68, ,97.2, 
2021/11/27,12:00,0.0, ,135770, ,13.68, ,13.68, ,97.2, 
2021/11/27,13:00,0.0, ,135720, ,6.43, ,13.68, ,97.2, 
2021/11/27,14:00,0.0, ,135720, ,7.33, ,13.68, ,97.2, 
2021/11/27,15:00,0.0, ,135720, ,13.68, ,13.68, ,97.2, 
2021/11/27,16:00,0.0, ,135720, ,13.68, ,13.68, ,97.3, 
2021/11/27,17:00,0.0, ,135670, ,2.81, ,13.68, ,97.3, 
2021/11/27,18:00,0.0, ,135670, ,10.96, ,13.68, ,97.3, 
2021/11/27,19:00,0.0, ,135620, ,6.21, ,13.68, ,97.3, 
2021/11/27,20:00,0.0, ,135620, ,7.56, ,13.68, ,97.3, 
2021/11/27,21:00,0.0, ,135620, ,13.68, ,13.68, ,97.4, 
2021/11/27,22:00,0.0, ,135620, ,13.68, ,13.68, ,97.4, 
2021/11/27,23:00,0.0, ,135570, ,5.53, ,13.68, ,97.4, 
2021/11/27,24:00,0.0, ,135570, ,8.24, ,13.68, ,97.4, 
2021/11/28,01:00,0.0, ,135520, ,9.15, ,13.67, ,97.4, 
2021/11/28,02:00,0.0, ,135470, ,4.16, ,13.67, ,97.4, 
2021/11/28,03:00,0.0, ,135470, ,0.54, ,13.67, ,97.4, 
2021/11/28,04:00,0.0, ,135430, ,4.84, ,13.67, ,97.4, 
2021/11/28,05:00,0.0, ,135380, ,4.16, ,13.67, ,97.4, 
2021/11/28,06:00,0.0, ,135330, ,3.94, ,13.67, ,97.4, 
2021/11/28,07:00,0.0, ,135330, ,1.00, ,13.67, ,97.5, 
2021/11/28,08:00,0.0, ,135280, ,3.27, ,13.67, ,97.4, 
2021/11/28,09:00,0.0, ,135230, ,1.46, ,13.67, ,97.4, 
2021/11/28,10:00,0.0, ,135230, ,9.15, ,13.67, ,97.5, 
2021/11/28,11:00,0.0, ,135180, ,2.52, ,14.62, ,97.5, 
2021/11/28,12:00,0.0, ,135180, ,12.59, ,14.62, ,97.5, 
2021/11/28,13:00,0.0, ,135180, ,14.62, ,14.62, ,97.5, 
2021/11/28,14:00,0.0, ,135180, ,14.62, ,14.62, ,97.6, 
2021/11/28,15:00,0.0, ,135130, ,11.23, ,14.62, ,97.6, 
2021/11/28,16:00,0.0, ,135130, ,4.46, ,14.62, ,97.6, 
2021/11/28,17:00,0.0, ,135130, ,14.62, ,14.62, ,97.6, 
2021/11/28,18:00,0.0, ,135080, ,3.33, ,14.61, ,97.6, 
2021/11/28,19:00,0.0, ,135030, ,11.90, ,14.61, ,97.6, 
2021/11/28,20:00,0.0, ,135030, ,1.51, ,14.61, ,97.6, 
2021/11/28,21:00,0.0, ,134990, ,14.16, ,14.61, ,97.6, 
2021/11/28,22:00,0.0, ,134990, ,1.52, ,14.61, ,97.7, 
2021/11/28,23:00,0.0, ,134990, ,14.61, ,14.61, ,97.7, 
2021/11/28,24:00,0.0, ,134940, ,4.46, ,14.61, ,97.7, 
2021/11/29,01:00,0.0, ,134890, ,5.81, ,14.61, ,97.7, 
2021/11/29,02:00,0.0, ,134840, ,6.04, ,14.61, ,97.7, 
2021/11/29,03:00,0.0, ,134840, ,1.53, ,14.61, ,97.7, 
2021/11/29,04:00,0.0, ,134790, ,3.34, ,14.61, ,97.7, 
2021/11/29,05:00,0.0, ,134740, ,0.00, ,14.61, ,97.7, 
2021/11/29,06:00,0.0, ,134690, ,6.04, ,14.60, ,97.7, 
2021/11/29,07:00,0.0, ,134650, ,0.18, ,14.60, ,97.7, 
2021/11/29,08:00,0.0, ,134600, ,2.88, ,14.60, ,97.7, 
2021/11/29,09:00,0.0, ,134550, ,5.14, ,14.60, ,97.7, 
2021/11/29,10:00,0.0, ,134550, ,4.69, ,14.60, ,97.7, 
2021/11/29,11:00,0.0, ,134500, ,1.53, ,14.60, ,97.7, 
2021/11/29,12:00,0.0, ,134500, ,14.15, ,14.60, ,97.8, 
2021/11/29,13:00,0.0, ,134500, ,14.60, ,14.60, ,97.8, 
2021/11/29,14:00,0.0, ,134500, ,14.60, ,14.60, ,97.8, 
2021/11/29,15:00,0.0, ,134450, ,9.42, ,14.60, ,97.8, 
2021/11/29,16:00,0.0, ,134450, ,6.27, ,14.60, ,97.8, 
2021/11/29,17:00,0.0, ,134450, ,14.60, ,14.60, ,97.9, 
2021/11/29,18:00,0.0, ,134400, ,1.09, ,14.60, ,97.9, 
2021/11/29,19:00,0.0, ,134350, ,9.20, ,14.59, ,97.9, 
2021/11/29,20:00,0.0, ,134350, ,6.49, ,14.59, ,97.9, 
2021/11/29,21:00,0.0, ,134300, ,7.39, ,14.59, ,97.9, 
2021/11/29,22:00,0.0, ,134300, ,8.29, ,14.59, ,97.9, 
2021/11/29,23:00,0.0, ,134260, ,8.29, ,14.59, ,97.9, 
2021/11/29,24:00,0.0, ,134260, ,7.39, ,14.59, ,98.0, 
2021/11/30,01:00,0.0, ,134210, ,5.59, ,14.59, ,98.0, 
2021/11/30,02:00,0.0, ,134160, ,4.47, ,14.59, ,97.9, 
2021/11/30,03:00,0.0, ,134110, ,3.79, ,14.59, ,97.9, 
2021/11/30,04:00,0.0, ,134060, ,2.90, ,14.59, ,97.9, 
2021/11/30,05:00,0.0, ,134010, ,0.65, ,14.59, ,97.9, 
2021/11/30,06:00,0.0, ,134010, ,2.67, ,14.59, ,98.0, 
2021/11/30,07:00,0.0, ,133960, ,1.11, ,14.58, ,98.0, 
2021/11/30,08:00,0.0, ,133920, ,3.57, ,14.58, ,98.0, 
2021/11/30,09:00,0.0, ,133870, ,0.43, ,14.58, ,98.0, 
2021/11/30,10:00,0.0, ,133820, ,5.37, ,14.58, ,98.0, 
2021/11/30,11:00,0.1, ,133820, ,8.51, ,14.58, ,98.0, 
2021/11/30,12:00,1.1, ,133820, ,14.58, ,14.58, ,98.0, 
2021/11/30,13:00,1.6, ,133820, ,14.58, ,14.58, ,98.0, 
2021/11/30,14:00,1.3, ,133770, ,8.29, ,14.58, ,98.0, 
2021/11/30,15:00,2.9, ,133770, ,7.40, ,14.58, ,98.1, 
2021/11/30,16:00,6.8, ,133770, ,13.44, ,12.67, ,98.1, 
2021/11/30,17:00,10.8, ,133820, ,18.73, ,12.67, ,98.2, 
2021/11/30,18:00,6.8, ,134010, ,46.63, ,6.54, ,98.3, 
2021/11/30,19:00,1.9, ,134110, ,39.58, ,6.54, ,98.5, 
2021/11/30,20:00,6.3, ,134300, ,48.59, ,6.54, ,98.6, 
2021/11/30,21:00,7.0, ,134600, ,77.60, ,0.00, ,98.9, 
2021/11/30,22:00,3.2, ,134840, ,73.68, ,0.00, ,99.1, 
2021/11/30,23:00,3.9, ,135130, ,70.83, ,0.00, ,99.3, 
2021/11/30,24:00,1.1, ,135380, ,71.82, ,0.00, ,99.5, 
