îCà”ä˙ä‘É_ÉÄèîó åüçıåãâ 
êÖånñº,ãgñÏêÏ
âÕêÏñº,ãgñÏêÏ
äœë™èäñº,ëÅñæâYÉ_ÉÄÅiã@ç\Åj
äœë™èäãLçÜ,1368080700010
#
#îNåéì˙,éûçè,ó¨àÊïΩãœâJó ,ó¨àÊïΩãœâJó ëÆê´,íôêÖó ,íôêÖó ëÆê´,ó¨ì¸ó ,ó¨ì¸ó ëÆê´,ï˙ó¨ó ,ï˙ó¨ó ëÆê´,íôêÖó¶,íôêÖó¶ëÆê´
#ëÆê´Å@$:åáë™ -:ñ¢éÛêM
#
2005/12/1,01:00,0.0, ,134300, ,0.00, ,0.00, ,81.9, 
2005/12/1,02:00,0.0, ,134300, ,0.00, ,0.00, ,81.9, 
2005/12/1,03:00,0.0, ,134300, ,0.00, ,0.00, ,81.9, 
2005/12/1,04:00,0.0, ,134300, ,3.15, ,0.00, ,81.9, 
2005/12/1,05:00,0.0, ,134350, ,9.00, ,0.00, ,81.9, 
2005/12/1,06:00,0.0, ,134350, ,1.35, ,0.00, ,81.9, 
2005/12/1,07:00,0.0, ,134350, ,0.00, ,0.00, ,81.9, 
2005/12/1,08:00,0.0, ,134350, ,0.10, ,5.50, ,81.9, 
2005/12/1,09:00,0.0, ,134260, ,1.42, ,19.50, ,81.9, 
2005/12/1,10:00,0.0, ,134160, ,2.11, ,32.70, ,81.8, 
2005/12/1,11:00,0.0, ,134060, ,3.70, ,32.70, ,81.7, 
2005/12/1,12:00,0.0, ,133960, ,4.17, ,17.10, ,81.6, 
2005/12/1,13:00,0.0, ,133960, ,8.34, ,5.60, ,81.6, 
2005/12/1,14:00,0.0, ,133920, ,8.42, ,22.10, ,81.6, 
2005/12/1,15:00,0.0, ,133820, ,7.73, ,31.20, ,81.5, 
2005/12/1,16:00,0.0, ,133770, ,7.88, ,32.50, ,81.5, 
2005/12/1,17:00,0.0, ,133580, ,10.82, ,53.40, ,81.4, 
2005/12/1,18:00,0.0, ,133380, ,6.40, ,63.20, ,81.2, 
2005/12/1,19:00,0.0, ,133190, ,5.80, ,63.30, ,81.1, 
2005/12/1,20:00,0.0, ,133000, ,4.25, ,10.80, ,80.9, 
2005/12/1,21:00,0.0, ,133000, ,4.65, ,0.00, ,80.9, 
2005/12/1,22:00,0.0, ,133040, ,3.13, ,0.00, ,81.0, 
2005/12/1,23:00,0.0, ,133000, ,5.82, ,0.00, ,80.9, 
2005/12/1,24:00,0.0, ,133000, ,6.04, ,0.00, ,81.6, 
2005/12/2,01:00,0.0, ,133040, ,3.36, ,0.00, ,81.6, 
2005/12/2,02:00,0.0, ,133040, ,2.01, ,0.00, ,81.6, 
2005/12/2,03:00,0.0, ,133040, ,0.00, ,0.00, ,81.6, 
2005/12/2,04:00,0.0, ,133040, ,0.00, ,0.00, ,81.6, 
2005/12/2,05:00,0.0, ,133040, ,0.00, ,0.00, ,81.6, 
2005/12/2,06:00,0.0, ,133040, ,0.00, ,0.00, ,81.6, 
2005/12/2,07:00,0.0, ,133040, ,0.32, ,5.70, ,81.6, 
2005/12/2,08:00,0.0, ,133000, ,4.13, ,16.70, ,81.6, 
2005/12/2,09:00,0.0, ,132850, ,2.43, ,32.80, ,81.5, 
2005/12/2,10:00,0.0, ,132660, ,2.91, ,63.10, ,81.3, 
2005/12/2,11:00,0.0, ,132560, ,4.22, ,32.60, ,81.3, 
2005/12/2,12:00,0.0, ,132510, ,4.46, ,12.10, ,81.2, 
2005/12/2,13:00,0.1, ,132510, ,10.03, ,0.00, ,81.2, 
2005/12/2,14:00,0.6, ,132560, ,4.34, ,5.60, ,81.3, 
2005/12/2,15:00,0.6, ,132460, ,7.17, ,26.00, ,81.2, 
2005/12/2,16:00,0.1, ,132270, ,9.37, ,63.80, ,81.0, 
2005/12/2,17:00,0.0, ,132080, ,7.39, ,63.30, ,80.9, 
2005/12/2,18:00,0.0, ,131890, ,8.08, ,63.60, ,80.8, 
2005/12/2,19:00,0.0, ,131650, ,6.88, ,63.70, ,80.6, 
2005/12/2,20:00,0.0, ,131500, ,6.77, ,29.00, ,80.5, 
2005/12/2,21:00,0.0, ,131500, ,2.77, ,0.00, ,80.5, 
2005/12/2,22:00,0.0, ,131500, ,1.12, ,0.00, ,80.5, 
2005/12/2,23:00,0.0, ,131500, ,3.56, ,0.00, ,80.5, 
2005/12/2,24:00,0.0, ,131550, ,8.23, ,0.00, ,81.3, 
2005/12/3,01:00,0.0, ,131550, ,4.00, ,0.00, ,81.3, 
2005/12/3,02:00,0.0, ,131550, ,0.22, ,0.00, ,81.3, 
2005/12/3,03:00,0.0, ,131550, ,0.00, ,0.00, ,81.3, 
2005/12/3,04:00,0.0, ,131550, ,0.00, ,0.00, ,81.3, 
2005/12/3,05:00,0.0, ,131550, ,0.00, ,0.00, ,81.3, 
2005/12/3,06:00,0.0, ,131550, ,0.00, ,0.00, ,81.3, 
2005/12/3,07:00,0.0, ,131550, ,0.10, ,5.50, ,81.3, 
2005/12/3,08:00,0.0, ,131500, ,4.93, ,19.60, ,81.3, 
2005/12/3,09:00,0.0, ,131360, ,2.56, ,32.70, ,81.2, 
2005/12/3,10:00,0.0, ,131170, ,2.41, ,62.00, ,81.0, 
2005/12/3,11:00,0.0, ,131020, ,4.06, ,35.50, ,80.9, 
2005/12/3,12:00,0.0, ,130970, ,3.63, ,13.50, ,80.9, 
2005/12/3,13:00,0.0, ,130970, ,7.41, ,0.00, ,80.9, 
2005/12/3,14:00,0.0, ,131020, ,6.43, ,0.00, ,80.9, 
2005/12/3,15:00,0.0, ,131020, ,6.98, ,5.70, ,80.9, 
2005/12/3,16:00,0.0, ,130970, ,7.30, ,46.50, ,80.9, 
2005/12/3,17:00,0.0, ,130780, ,5.62, ,54.00, ,80.7, 
2005/12/3,18:00,0.0, ,130540, ,7.68, ,65.00, ,80.6, 
2005/12/3,19:00,0.0, ,130350, ,5.87, ,62.70, ,80.4, 
2005/12/3,20:00,0.0, ,130210, ,3.57, ,29.40, ,80.3, 
2005/12/3,21:00,0.0, ,130210, ,5.98, ,0.00, ,80.3, 
2005/12/3,22:00,0.0, ,130210, ,1.33, ,0.00, ,80.3, 
2005/12/3,23:00,0.0, ,130210, ,0.44, ,0.00, ,80.3, 
2005/12/3,24:00,0.0, ,130210, ,0.00, ,0.00, ,81.0, 
2005/12/4,01:00,0.0, ,130210, ,0.00, ,0.00, ,81.0, 
2005/12/4,02:00,0.0, ,130210, ,0.00, ,0.00, ,81.0, 
2005/12/4,03:00,0.0, ,130210, ,1.77, ,0.00, ,81.0, 
2005/12/4,04:00,0.0, ,130210, ,2.87, ,0.00, ,81.0, 
2005/12/4,05:00,0.0, ,130260, ,6.18, ,0.00, ,81.0, 
2005/12/4,06:00,0.0, ,130260, ,4.20, ,0.00, ,81.0, 
2005/12/4,07:00,0.3, ,130260, ,0.99, ,5.90, ,81.0, 
2005/12/4,08:00,0.1, ,130210, ,3.58, ,19.90, ,81.0, 
2005/12/4,09:00,0.2, ,130070, ,3.80, ,32.60, ,80.8, 
2005/12/4,10:00,0.1, ,129970, ,3.18, ,32.90, ,80.8, 
2005/12/4,11:00,0.8, ,129730, ,2.47, ,62.50, ,80.6, 
2005/12/4,12:00,0.3, ,129680, ,8.98, ,14.70, ,80.6, 
2005/12/4,13:00,0.3, ,129730, ,8.09, ,0.00, ,80.6, 
2005/12/4,14:00,1.1, ,129780, ,10.80, ,0.00, ,80.6, 
2005/12/4,15:00,0.7, ,129780, ,10.34, ,5.80, ,80.6, 
2005/12/4,16:00,0.1, ,129730, ,8.36, ,26.20, ,80.6, 
2005/12/4,17:00,0.5, ,129640, ,8.63, ,28.70, ,80.5, 
2005/12/4,18:00,0.0, ,129490, ,8.61, ,52.20, ,80.4, 
2005/12/4,19:00,0.1, ,129300, ,5.11, ,52.60, ,80.3, 
2005/12/4,20:00,0.3, ,129260, ,6.46, ,13.80, ,80.2, 
2005/12/4,21:00,0.0, ,129260, ,4.12, ,0.00, ,80.2, 
2005/12/4,22:00,0.2, ,129260, ,2.20, ,0.00, ,80.2, 
2005/12/4,23:00,0.1, ,129260, ,0.00, ,0.00, ,80.2, 
2005/12/4,24:00,0.1, ,129260, ,1.54, ,0.00, ,80.9, 
2005/12/5,01:00,0.1, ,129260, ,4.18, ,0.00, ,80.9, 
2005/12/5,02:00,0.1, ,129300, ,5.94, ,0.00, ,80.9, 
2005/12/5,03:00,0.1, ,129300, ,2.86, ,0.00, ,80.9, 
2005/12/5,04:00,0.0, ,129300, ,3.52, ,0.00, ,80.9, 
2005/12/5,05:00,0.0, ,129300, ,1.76, ,0.00, ,80.9, 
2005/12/5,06:00,0.0, ,129300, ,0.88, ,0.00, ,80.9, 
2005/12/5,07:00,0.1, ,129300, ,2.20, ,0.00, ,80.9, 
2005/12/5,08:00,0.1, ,129300, ,3.62, ,5.60, ,80.9, 
2005/12/5,09:00,0.1, ,129260, ,4.46, ,19.70, ,80.9, 
2005/12/5,10:00,0.0, ,129210, ,4.87, ,20.00, ,80.8, 
2005/12/5,11:00,0.1, ,129070, ,2.66, ,33.00, ,80.7, 
2005/12/5,12:00,0.0, ,128970, ,4.41, ,18.70, ,80.7, 
2005/12/5,13:00,0.3, ,129020, ,7.14, ,0.00, ,80.7, 
2005/12/5,14:00,0.8, ,129020, ,8.14, ,0.00, ,80.7, 
2005/12/5,15:00,0.4, ,129020, ,6.25, ,5.80, ,80.7, 
2005/12/5,16:00,0.1, ,129020, ,8.80, ,18.20, ,80.7, 
2005/12/5,17:00,0.0, ,128930, ,7.20, ,33.00, ,80.6, 
2005/12/5,18:00,0.0, ,128740, ,7.56, ,62.70, ,80.5, 
2005/12/5,19:00,0.0, ,128550, ,8.62, ,62.70, ,80.3, 
2005/12/5,20:00,0.0, ,128450, ,6.73, ,16.50, ,80.3, 
2005/12/5,21:00,0.0, ,128450, ,5.74, ,0.00, ,80.3, 
2005/12/5,22:00,0.0, ,128450, ,0.88, ,0.00, ,80.3, 
2005/12/5,23:00,0.0, ,128450, ,0.00, ,0.00, ,80.3, 
2005/12/5,24:00,0.0, ,128450, ,0.22, ,0.00, ,80.9, 
2005/12/6,01:00,0.0, ,128450, ,0.22, ,0.00, ,80.9, 
2005/12/6,02:00,0.0, ,128450, ,2.41, ,0.00, ,80.9, 
2005/12/6,03:00,0.0, ,128450, ,4.16, ,0.00, ,80.9, 
2005/12/6,04:00,0.0, ,128500, ,3.72, ,0.00, ,81.0, 
2005/12/6,05:00,0.0, ,128500, ,3.94, ,0.00, ,81.0, 
2005/12/6,06:00,0.0, ,128500, ,0.66, ,0.00, ,81.0, 
2005/12/6,07:00,0.0, ,128500, ,0.66, ,0.00, ,81.0, 
2005/12/6,08:00,0.0, ,128500, ,0.10, ,5.80, ,81.0, 
2005/12/6,09:00,0.1, ,128450, ,3.04, ,16.90, ,80.9, 
2005/12/6,10:00,0.3, ,128310, ,1.76, ,38.70, ,80.8, 
2005/12/6,11:00,0.5, ,128170, ,3.48, ,34.40, ,80.7, 
2005/12/6,12:00,0.3, ,128120, ,6.13, ,19.20, ,80.7, 
2005/12/6,13:00,0.4, ,128120, ,8.28, ,0.00, ,80.7, 
2005/12/6,14:00,0.6, ,128170, ,7.87, ,0.00, ,80.7, 
2005/12/6,15:00,0.6, ,128170, ,8.97, ,0.00, ,80.7, 
2005/12/6,16:00,0.0, ,128170, ,5.56, ,5.60, ,80.7, 
2005/12/6,17:00,0.1, ,128120, ,6.04, ,31.60, ,80.7, 
2005/12/6,18:00,0.1, ,127880, ,9.56, ,62.20, ,80.5, 
2005/12/6,19:00,0.1, ,127700, ,7.40, ,65.00, ,80.3, 
2005/12/6,20:00,0.1, ,127650, ,6.96, ,12.90, ,80.3, 
2005/12/6,21:00,0.1, ,127650, ,6.18, ,0.00, ,80.3, 
2005/12/6,22:00,0.0, ,127650, ,2.62, ,0.00, ,80.3, 
2005/12/6,23:00,0.0, ,127650, ,0.00, ,0.00, ,80.3, 
2005/12/6,24:00,0.0, ,127650, ,0.44, ,0.00, ,81.0, 
2005/12/7,01:00,0.2, ,127650, ,1.96, ,0.00, ,81.0, 
2005/12/7,02:00,0.0, ,127650, ,1.75, ,0.00, ,81.0, 
2005/12/7,03:00,0.0, ,127700, ,3.93, ,0.00, ,81.0, 
2005/12/7,04:00,0.0, ,127700, ,6.11, ,0.00, ,81.0, 
2005/12/7,05:00,0.0, ,127700, ,1.09, ,0.00, ,81.0, 
2005/12/7,06:00,0.0, ,127700, ,0.00, ,0.00, ,81.0, 
2005/12/7,07:00,0.0, ,127700, ,0.00, ,0.00, ,81.0, 
2005/12/7,08:00,0.0, ,127700, ,0.00, ,0.00, ,81.0, 
2005/12/7,09:00,0.0, ,127700, ,1.20, ,19.00, ,81.0, 
2005/12/7,10:00,0.0, ,127600, ,3.90, ,21.10, ,80.9, 
2005/12/7,11:00,0.2, ,127550, ,4.08, ,9.90, ,80.9, 
2005/12/7,12:00,0.1, ,127600, ,3.23, ,0.00, ,80.9, 
2005/12/7,13:00,0.0, ,127600, ,8.73, ,0.00, ,80.9, 
2005/12/7,14:00,0.0, ,127650, ,9.60, ,0.00, ,81.0, 
2005/12/7,15:00,0.0, ,127650, ,6.11, ,0.00, ,81.0, 
2005/12/7,16:00,0.0, ,127700, ,3.54, ,15.70, ,81.0, 
2005/12/7,17:00,0.0, ,127650, ,9.30, ,36.80, ,81.0, 
2005/12/7,18:00,0.0, ,127460, ,8.02, ,52.60, ,80.8, 
2005/12/7,19:00,0.0, ,127270, ,5.35, ,52.70, ,80.7, 
2005/12/7,20:00,0.0, ,127230, ,5.83, ,8.80, ,80.6, 
2005/12/7,21:00,0.0, ,127270, ,2.06, ,0.00, ,80.7, 
2005/12/7,22:00,0.0, ,127270, ,5.01, ,0.00, ,80.7, 
2005/12/7,23:00,0.0, ,127270, ,4.57, ,0.00, ,80.7, 
2005/12/7,24:00,0.0, ,127230, ,1.96, ,0.00, ,81.3, 
2005/12/8,01:00,0.0, ,127270, ,0.65, ,0.00, ,81.3, 
2005/12/8,02:00,0.0, ,127270, ,0.44, ,0.00, ,81.3, 
2005/12/8,03:00,0.0, ,127270, ,0.00, ,0.00, ,81.3, 
2005/12/8,04:00,0.0, ,127270, ,0.00, ,0.00, ,81.3, 
2005/12/8,05:00,0.0, ,127270, ,0.00, ,0.00, ,81.3, 
2005/12/8,06:00,0.0, ,127270, ,2.61, ,0.00, ,81.3, 
2005/12/8,07:00,0.0, ,127320, ,2.83, ,0.00, ,81.4, 
2005/12/8,08:00,0.0, ,127320, ,6.53, ,0.00, ,81.4, 
2005/12/8,09:00,0.0, ,127320, ,3.15, ,5.60, ,81.4, 
2005/12/8,10:00,0.0, ,127230, ,1.66, ,15.40, ,81.3, 
2005/12/8,11:00,0.0, ,127180, ,3.98, ,18.40, ,81.3, 
2005/12/8,12:00,0.0, ,127130, ,4.24, ,8.40, ,81.2, 
2005/12/8,13:00,0.0, ,127180, ,12.08, ,0.00, ,81.3, 
2005/12/8,14:00,0.0, ,127180, ,3.92, ,0.00, ,81.3, 
2005/12/8,15:00,0.0, ,127230, ,9.68, ,5.70, ,81.3, 
2005/12/8,16:00,0.0, ,127130, ,12.18, ,31.60, ,81.2, 
2005/12/8,17:00,0.0, ,126940, ,10.64, ,54.40, ,81.1, 
2005/12/8,18:00,0.0, ,126760, ,7.15, ,62.70, ,80.9, 
2005/12/8,19:00,0.0, ,126520, ,2.88, ,65.00, ,80.7, 
2005/12/8,20:00,0.0, ,126380, ,2.19, ,40.50, ,80.6, 
2005/12/8,21:00,0.0, ,126240, ,2.49, ,36.00, ,80.5, 
2005/12/8,22:00,0.0, ,126190, ,4.49, ,4.70, ,80.5, 
2005/12/8,23:00,0.0, ,126190, ,0.97, ,0.00, ,80.5, 
2005/12/8,24:00,0.0, ,126190, ,0.00, ,0.00, ,81.2, 
2005/12/9,01:00,0.0, ,126190, ,0.00, ,0.00, ,81.2, 
2005/12/9,02:00,0.0, ,126190, ,0.00, ,0.00, ,81.2, 
2005/12/9,03:00,0.0, ,126190, ,0.00, ,0.00, ,81.2, 
2005/12/9,04:00,0.0, ,126190, ,0.00, ,0.00, ,81.2, 
2005/12/9,05:00,0.0, ,126190, ,0.00, ,0.00, ,81.2, 
2005/12/9,06:00,0.0, ,126190, ,0.00, ,0.00, ,81.2, 
2005/12/9,07:00,0.0, ,126190, ,0.00, ,0.00, ,81.2, 
2005/12/9,08:00,0.0, ,126240, ,1.08, ,0.00, ,81.2, 
2005/12/9,09:00,0.0, ,126240, ,12.01, ,5.90, ,81.2, 
2005/12/9,10:00,0.1, ,126150, ,2.95, ,30.30, ,81.1, 
2005/12/9,11:00,0.0, ,125960, ,3.59, ,59.50, ,81.0, 
2005/12/9,12:00,0.1, ,125770, ,5.50, ,38.00, ,80.8, 
2005/12/9,13:00,0.1, ,125770, ,4.53, ,0.00, ,80.8, 
2005/12/9,14:00,0.0, ,125770, ,7.78, ,0.00, ,80.8, 
2005/12/9,15:00,0.0, ,125770, ,0.10, ,5.80, ,80.8, 
2005/12/9,16:00,0.0, ,125730, ,11.03, ,31.70, ,80.8, 
2005/12/9,17:00,0.0, ,125540, ,9.62, ,61.60, ,80.6, 
2005/12/9,18:00,0.0, ,125310, ,11.03, ,64.80, ,80.5, 
2005/12/9,19:00,0.0, ,125120, ,3.22, ,61.40, ,80.3, 
2005/12/9,20:00,0.0, ,124890, ,2.36, ,65.00, ,80.1, 
2005/12/9,21:00,0.0, ,124790, ,3.47, ,15.10, ,80.1, 
2005/12/9,22:00,0.0, ,124750, ,0.37, ,0.00, ,80.0, 
2005/12/9,23:00,0.0, ,124750, ,0.00, ,0.00, ,80.0, 
2005/12/9,24:00,0.0, ,124750, ,0.00, ,0.00, ,80.7, 
2005/12/10,01:00,0.0, ,124750, ,0.00, ,0.00, ,80.7, 
2005/12/10,02:00,0.0, ,124750, ,0.00, ,0.00, ,80.7, 
2005/12/10,03:00,0.2, ,124750, ,0.00, ,0.00, ,80.7, 
2005/12/10,04:00,0.0, ,124750, ,0.00, ,0.00, ,80.7, 
2005/12/10,05:00,0.0, ,124750, ,0.00, ,0.00, ,80.7, 
2005/12/10,06:00,0.0, ,124790, ,0.22, ,0.00, ,80.7, 
2005/12/10,07:00,0.0, ,124790, ,12.72, ,0.00, ,80.7, 
2005/12/10,08:00,0.0, ,124790, ,0.00, ,0.00, ,80.7, 
2005/12/10,09:00,0.0, ,124790, ,0.10, ,5.70, ,80.7, 
2005/12/10,10:00,0.0, ,124750, ,9.21, ,18.70, ,80.7, 
2005/12/10,11:00,0.0, ,124610, ,3.11, ,46.70, ,80.6, 
2005/12/10,12:00,0.0, ,124470, ,5.78, ,26.40, ,80.5, 
2005/12/10,13:00,0.0, ,124470, ,7.28, ,0.00, ,80.5, 
2005/12/10,14:00,0.1, ,124470, ,0.00, ,0.00, ,80.5, 
2005/12/10,15:00,0.0, ,124510, ,3.98, ,5.90, ,80.5, 
2005/12/10,16:00,0.0, ,124420, ,16.38, ,39.70, ,80.4, 
2005/12/10,17:00,0.0, ,124280, ,6.43, ,54.50, ,80.3, 
2005/12/10,18:00,0.0, ,124100, ,4.19, ,61.60, ,80.2, 
2005/12/10,19:00,0.0, ,123910, ,4.46, ,45.40, ,80.0, 
2005/12/10,20:00,0.0, ,123770, ,4.58, ,36.10, ,79.9, 
2005/12/10,21:00,0.0, ,123680, ,2.19, ,8.10, ,79.9, 
2005/12/10,22:00,0.0, ,123680, ,0.53, ,0.00, ,79.9, 
2005/12/10,23:00,0.0, ,123680, ,0.00, ,0.00, ,79.9, 
2005/12/10,24:00,0.0, ,123680, ,0.00, ,0.00, ,80.5, 
2005/12/11,01:00,0.0, ,123680, ,0.00, ,0.00, ,80.5, 
2005/12/11,02:00,0.0, ,123680, ,0.00, ,0.00, ,80.5, 
2005/12/11,03:00,0.0, ,123680, ,0.00, ,0.00, ,80.5, 
2005/12/11,04:00,0.0, ,123680, ,0.00, ,0.00, ,80.5, 
2005/12/11,05:00,0.0, ,123680, ,0.00, ,0.00, ,80.5, 
2005/12/11,06:00,0.0, ,123680, ,0.00, ,0.00, ,80.5, 
2005/12/11,07:00,0.0, ,123680, ,0.00, ,0.00, ,80.5, 
2005/12/11,08:00,0.0, ,123720, ,2.36, ,0.00, ,80.6, 
2005/12/11,09:00,0.0, ,123720, ,10.62, ,5.80, ,80.6, 
2005/12/11,10:00,0.0, ,123680, ,8.06, ,19.90, ,80.5, 
2005/12/11,11:00,0.0, ,123630, ,4.23, ,20.00, ,80.5, 
2005/12/11,12:00,0.0, ,123540, ,4.72, ,21.30, ,80.4, 
2005/12/11,13:00,0.0, ,123490, ,4.73, ,11.70, ,80.4, 
2005/12/11,14:00,0.0, ,123490, ,4.66, ,0.00, ,80.4, 
2005/12/11,15:00,0.1, ,123540, ,11.69, ,5.80, ,80.4, 
2005/12/11,16:00,0.0, ,123490, ,6.55, ,21.10, ,80.4, 
2005/12/11,17:00,0.0, ,123350, ,9.41, ,47.10, ,80.3, 
2005/12/11,18:00,0.0, ,123170, ,6.52, ,61.60, ,80.1, 
2005/12/11,19:00,0.0, ,122940, ,2.15, ,65.00, ,79.9, 
2005/12/11,20:00,0.0, ,122660, ,1.97, ,65.00, ,79.7, 
2005/12/11,21:00,0.0, ,122520, ,3.67, ,46.90, ,79.6, 
2005/12/11,22:00,0.0, ,122430, ,2.39, ,10.30, ,79.5, 
2005/12/11,23:00,0.0, ,122430, ,0.76, ,0.00, ,79.5, 
2005/12/11,24:00,0.0, ,122430, ,0.00, ,0.00, ,80.2, 
2005/12/12,01:00,0.1, ,122430, ,0.00, ,0.00, ,80.2, 
2005/12/12,02:00,0.0, ,122430, ,0.00, ,0.00, ,80.2, 
2005/12/12,03:00,0.0, ,122430, ,0.00, ,0.00, ,80.2, 
2005/12/12,04:00,0.0, ,122430, ,0.00, ,0.00, ,80.2, 
2005/12/12,05:00,0.0, ,122430, ,0.00, ,0.00, ,80.2, 
2005/12/12,06:00,0.0, ,122480, ,5.55, ,0.00, ,80.2, 
2005/12/12,07:00,0.0, ,122480, ,7.26, ,0.00, ,80.2, 
2005/12/12,08:00,0.0, ,122480, ,0.00, ,0.00, ,80.2, 
2005/12/12,09:00,0.0, ,122480, ,0.36, ,21.10, ,80.2, 
2005/12/12,10:00,0.2, ,122380, ,5.66, ,41.90, ,80.2, 
2005/12/12,11:00,0.0, ,122200, ,2.05, ,44.70, ,80.0, 
2005/12/12,12:00,0.0, ,122060, ,3.49, ,21.90, ,79.9, 
2005/12/12,13:00,0.0, ,122110, ,7.43, ,0.00, ,79.9, 
2005/12/12,15:00,0.0, ,122150, ,3.30, ,5.90, ,80.0, 
2005/12/12,16:00,0.0, ,122110, ,11.78, ,20.10, ,79.9, 
2005/12/12,17:00,0.0, ,122010, ,6.99, ,31.90, ,79.9, 
2005/12/12,18:00,0.0, ,121830, ,7.81, ,62.00, ,79.7, 
2005/12/12,19:00,0.0, ,121550, ,4.45, ,65.00, ,79.5, 
2005/12/12,20:00,0.0, ,121370, ,3.38, ,62.30, ,79.4, 
2005/12/12,21:00,0.0, ,121280, ,2.82, ,9.00, ,79.3, 
2005/12/12,22:00,0.0, ,121280, ,0.13, ,0.00, ,79.3, 
2005/12/12,23:00,0.0, ,121280, ,0.00, ,0.00, ,79.3, 
2005/12/12,24:00,0.0, ,121280, ,0.00, ,0.00, ,80.0, 
2005/12/13,01:00,0.0, ,121330, ,3.61, ,0.00, ,80.0, 
2005/12/13,02:00,0.1, ,121330, ,9.14, ,0.00, ,80.0, 
2005/12/13,03:00,0.0, ,121330, ,0.00, ,0.00, ,80.0, 
2005/12/13,04:00,0.1, ,121330, ,0.00, ,0.00, ,80.0, 
2005/12/13,05:00,0.0, ,121370, ,4.68, ,0.00, ,80.0, 
2005/12/13,06:00,0.0, ,121370, ,2.55, ,0.00, ,80.0, 
2005/12/13,07:00,0.0, ,121370, ,5.53, ,0.00, ,80.0, 
2005/12/13,08:00,0.0, ,121370, ,1.91, ,0.00, ,80.0, 
2005/12/13,09:00,0.0, ,121330, ,3.40, ,5.90, ,80.0, 
2005/12/13,10:00,0.0, ,121280, ,7.72, ,25.20, ,80.0, 
2005/12/13,11:00,0.0, ,121140, ,1.51, ,36.20, ,79.8, 
2005/12/13,12:00,0.2, ,121000, ,2.81, ,18.70, ,79.7, 
2005/12/13,13:00,0.0, ,121050, ,7.89, ,0.00, ,79.8, 
2005/12/13,14:00,0.0, ,121100, ,7.24, ,0.00, ,79.8, 
2005/12/13,15:00,0.0, ,121100, ,9.02, ,5.90, ,79.8, 
2005/12/13,16:00,0.0, ,121050, ,4.65, ,20.00, ,79.8, 
2005/12/13,17:00,0.0, ,120960, ,7.86, ,32.20, ,79.7, 
2005/12/13,18:00,0.1, ,120770, ,5.76, ,62.50, ,79.5, 
2005/12/13,19:00,0.0, ,120540, ,3.72, ,62.20, ,79.4, 
2005/12/13,20:00,0.0, ,120400, ,4.48, ,42.50, ,79.2, 
2005/12/13,21:00,0.0, ,120310, ,2.54, ,4.70, ,79.2, 
2005/12/13,22:00,0.2, ,120310, ,0.47, ,0.00, ,79.2, 
2005/12/13,23:00,0.0, ,120310, ,0.00, ,0.00, ,79.2, 
2005/12/13,24:00,0.0, ,120310, ,0.00, ,0.00, ,79.9, 
2005/12/14,01:00,0.0, ,120310, ,0.00, ,0.00, ,79.9, 
2005/12/14,02:00,0.0, ,120310, ,0.00, ,0.00, ,79.9, 
2005/12/14,03:00,0.0, ,120310, ,0.00, ,0.00, ,79.9, 
2005/12/14,04:00,0.0, ,120310, ,0.00, ,0.00, ,79.9, 
2005/12/14,05:00,0.0, ,120310, ,0.00, ,0.00, ,79.9, 
2005/12/14,06:00,0.0, ,120310, ,0.00, ,0.00, ,79.9, 
2005/12/14,07:00,0.0, ,120310, ,0.00, ,0.00, ,79.9, 
2005/12/14,08:00,0.0, ,120310, ,0.00, ,0.00, ,79.9, 
2005/12/14,09:00,0.0, ,120360, ,1.17, ,5.80, ,79.9, 
2005/12/14,10:00,0.0, ,120310, ,19.89, ,28.00, ,79.9, 
2005/12/14,11:00,0.0, ,120170, ,1.95, ,33.50, ,79.7, 
2005/12/14,12:00,0.0, ,120080, ,2.63, ,16.70, ,79.7, 
2005/12/14,13:00,0.0, ,120080, ,4.64, ,0.00, ,79.7, 
2005/12/14,14:00,0.0, ,120080, ,7.88, ,0.00, ,79.7, 
2005/12/14,15:00,0.0, ,120080, ,7.34, ,5.90, ,79.7, 
2005/12/14,16:00,0.0, ,120080, ,6.82, ,22.60, ,79.7, 
2005/12/14,17:00,0.0, ,119940, ,6.27, ,39.50, ,79.6, 
2005/12/14,18:00,0.0, ,119710, ,4.75, ,60.90, ,79.4, 
2005/12/14,19:00,0.0, ,119480, ,4.04, ,64.50, ,79.2, 
2005/12/14,20:00,0.0, ,119300, ,4.49, ,60.80, ,79.0, 
2005/12/14,21:00,0.0, ,119210, ,3.69, ,10.10, ,79.0, 
2005/12/14,22:00,0.0, ,119210, ,0.64, ,0.00, ,79.0, 
2005/12/14,23:00,0.0, ,119210, ,0.00, ,0.00, ,79.0, 
2005/12/14,24:00,0.0, ,119210, ,0.00, ,0.00, ,79.7, 
2005/12/15,01:00,0.0, ,119210, ,0.00, ,0.00, ,79.7, 
2005/12/15,02:00,0.0, ,119210, ,0.00, ,0.00, ,79.7, 
2005/12/15,03:00,0.0, ,119210, ,0.00, ,0.00, ,79.7, 
2005/12/15,04:00,0.0, ,119210, ,0.00, ,0.00, ,79.7, 
2005/12/15,05:00,0.0, ,119210, ,0.00, ,0.00, ,79.7, 
2005/12/15,06:00,0.0, ,119210, ,0.00, ,0.00, ,79.7, 
2005/12/15,07:00,0.0, ,119210, ,0.00, ,0.00, ,79.7, 
2005/12/15,08:00,0.0, ,119210, ,0.11, ,6.00, ,79.7, 
2005/12/15,09:00,0.0, ,119160, ,10.64, ,29.10, ,79.6, 
2005/12/15,10:00,0.0, ,118980, ,5.65, ,60.70, ,79.5, 
2005/12/15,11:00,0.0, ,118800, ,2.31, ,40.90, ,79.3, 
2005/12/15,12:00,0.0, ,118700, ,3.72, ,14.60, ,79.2, 
2005/12/15,13:00,0.0, ,118700, ,0.67, ,0.00, ,79.2, 
2005/12/15,14:00,0.0, ,118700, ,0.00, ,0.00, ,79.2, 
2005/12/15,15:00,0.0, ,118750, ,4.89, ,0.00, ,79.3, 
2005/12/15,16:00,0.0, ,118750, ,8.15, ,16.80, ,79.3, 
2005/12/15,17:00,0.0, ,118700, ,9.28, ,38.20, ,79.2, 
2005/12/15,18:00,0.0, ,118520, ,8.62, ,61.10, ,79.1, 
2005/12/15,19:00,0.0, ,118290, ,2.58, ,64.70, ,78.9, 
2005/12/15,20:00,0.0, ,118110, ,4.01, ,60.80, ,78.7, 
2005/12/15,21:00,0.0, ,118020, ,2.77, ,10.20, ,78.7, 
2005/12/15,22:00,0.0, ,118020, ,4.00, ,0.00, ,78.7, 
2005/12/15,23:00,0.0, ,118020, ,0.00, ,0.00, ,78.7, 
2005/12/15,24:00,0.0, ,0,-,0.00,-,0.00,-,0.0,-
2005/12/16,01:00,0.0, ,118020, ,0.00, ,0.00, ,79.4, 
2005/12/16,02:00,0.0, ,118020, ,0.00, ,0.00, ,79.4, 
2005/12/16,03:00,0.0, ,118020, ,0.00, ,0.00, ,79.4, 
2005/12/16,04:00,0.0, ,118020, ,0.00, ,0.00, ,79.4, 
2005/12/16,05:00,0.0, ,118020, ,0.00, ,0.00, ,79.4, 
2005/12/16,06:00,0.0, ,118020, ,0.00, ,0.00, ,79.4, 
2005/12/16,07:00,0.0, ,118020, ,0.00, ,0.00, ,79.4, 
2005/12/16,08:00,0.0, ,118020, ,0.10, ,5.80, ,79.4, 
2005/12/16,09:00,0.0, ,117920, ,10.65, ,30.90, ,79.3, 
2005/12/16,10:00,0.0, ,117740, ,2.28, ,55.60, ,79.1, 
2005/12/16,11:00,0.0, ,117600, ,5.27, ,36.60, ,79.0, 
2005/12/16,12:00,0.0, ,117510, ,0.19, ,20.90, ,78.9, 
2005/12/16,13:00,0.0, ,117470, ,3.66, ,0.00, ,78.9, 
2005/12/16,14:00,0.0, ,117510, ,5.94, ,0.00, ,78.9, 
2005/12/16,15:00,0.0, ,117510, ,4.88, ,0.00, ,78.9, 
2005/12/16,16:00,0.0, ,117560, ,8.79, ,5.70, ,79.0, 
2005/12/16,17:00,0.0, ,117470, ,3.40, ,33.80, ,78.9, 
2005/12/16,18:00,0.0, ,117240, ,5.88, ,61.40, ,78.7, 
2005/12/16,19:00,0.0, ,117010, ,4.36, ,61.40, ,78.5, 
2005/12/16,20:00,0.0, ,116870, ,3.21, ,49.10, ,78.4, 
2005/12/16,21:00,0.0, ,116780, ,4.38, ,13.20, ,78.3, 
2005/12/16,22:00,0.0, ,116780, ,1.70, ,0.00, ,78.3, 
2005/12/16,23:00,0.0, ,116780, ,0.00, ,0.00, ,78.3, 
2005/12/16,24:00,0.0, ,116780, ,0.00, ,0.00, ,79.0, 
2005/12/17,01:00,0.1, ,116780, ,0.00, ,0.00, ,79.0, 
2005/12/17,02:00,0.1, ,116780, ,0.00, ,0.00, ,79.0, 
2005/12/17,03:00,0.0, ,116780, ,0.00, ,0.00, ,79.0, 
2005/12/17,04:00,0.0, ,116780, ,0.00, ,0.00, ,79.0, 
2005/12/17,05:00,0.1, ,116780, ,0.00, ,0.00, ,79.0, 
2005/12/17,06:00,0.1, ,116780, ,0.00, ,0.00, ,79.0, 
2005/12/17,07:00,0.1, ,116780, ,0.00, ,0.00, ,79.0, 
2005/12/17,08:00,0.1, ,116780, ,0.34, ,19.90, ,79.0, 
2005/12/17,09:00,0.0, ,116730, ,12.33, ,43.30, ,79.0, 
2005/12/17,10:00,0.0, ,116550, ,5.73, ,39.30, ,78.8, 
2005/12/17,12:00,0.3, ,116320, ,3.62, ,13.50, ,78.6, 
2005/12/17,13:00,0.4, ,116320, ,0.97, ,6.20, ,78.6, 
2005/12/17,16:00,0.0, ,116190, ,6.12, ,18.80, ,78.5, 
2005/12/17,17:00,0.1, ,116100, ,2.64, ,30.90, ,78.5, 
2005/12/17,19:00,0.0, ,115690, ,2.77, ,65.00, ,78.1, 
2005/12/17,20:00,0.0, ,115600, ,3.02, ,13.80, ,78.0, 
2005/12/17,21:00,0.0, ,115600, ,4.96, ,0.00, ,78.0, 
2005/12/17,22:00,0.1, ,115600, ,0.00, ,0.00, ,78.0, 
2005/12/17,23:00,0.0, ,115600, ,0.00, ,0.00, ,78.0, 
2005/12/17,24:00,0.1, ,115600, ,0.00, ,0.00, ,78.7, 
2005/12/18,01:00,0.3, ,115640, ,5.02, ,0.00, ,78.8, 
2005/12/18,02:00,0.1, ,115640, ,7.54, ,0.00, ,78.8, 
2005/12/18,03:00,0.1, ,115640, ,0.00, ,0.00, ,78.8, 
2005/12/18,04:00,0.1, ,115690, ,8.79, ,0.00, ,78.8, 
2005/12/18,05:00,0.1, ,115690, ,6.49, ,0.00, ,78.8, 
2005/12/18,06:00,0.1, ,115690, ,5.03, ,0.00, ,78.8, 
2005/12/18,07:00,0.0, ,115690, ,3.56, ,0.00, ,78.8, 
2005/12/18,08:00,0.0, ,115730, ,5.36, ,7.10, ,78.8, 
2005/12/18,09:00,0.0, ,115640, ,0.53, ,25.40, ,78.8, 
2005/12/18,11:00,0.0, ,115330, ,1.36, ,54.80, ,78.5, 
2005/12/18,12:00,0.3, ,115240, ,4.50, ,10.80, ,78.4, 
2005/12/18,13:00,0.0, ,115280, ,3.29, ,0.00, ,78.5, 
2005/12/18,14:00,0.0, ,115280, ,6.06, ,0.00, ,78.5, 
2005/12/18,15:00,0.1, ,115330, ,6.90, ,0.00, ,78.5, 
2005/12/18,16:00,0.1, ,115330, ,6.16, ,5.90, ,78.5, 
2005/12/18,17:00,0.0, ,115240, ,2.50, ,25.60, ,78.4, 
2005/12/18,19:00,0.0, ,114920, ,4.29, ,33.40, ,78.2, 
2005/12/18,20:00,0.0, ,114830, ,7.29, ,11.60, ,78.1, 
2005/12/18,22:00,0.0, ,114830, ,0.00, ,0.00, ,78.1, 
2005/12/18,24:00,0.0, ,114830, ,0.00, ,0.00, ,78.8, 
2005/12/19,01:00,0.0, ,114830, ,0.00, ,0.00, ,78.8, 
2005/12/19,02:00,0.0, ,114830, ,0.00, ,0.00, ,78.8, 
2005/12/19,03:00,0.0, ,114830, ,0.00, ,0.00, ,78.8, 
2005/12/19,04:00,0.0, ,114830, ,0.00, ,0.00, ,78.8, 
2005/12/19,05:00,0.0, ,114880, ,2.71, ,0.00, ,78.8, 
2005/12/19,06:00,0.0, ,114880, ,9.80, ,0.00, ,78.8, 
2005/12/19,07:00,0.0, ,114880, ,0.00, ,0.00, ,78.8, 
2005/12/19,09:00,0.0, ,114790, ,6.97, ,31.10, ,78.8, 
2005/12/19,10:00,0.0, ,114560, ,2.46, ,60.40, ,78.6, 
2005/12/19,12:00,0.0, ,114250, ,1.28, ,20.70, ,78.3, 
2005/12/19,13:00,0.1, ,114290, ,1.17, ,0.00, ,78.3, 
2005/12/19,14:00,0.2, ,114290, ,11.03, ,0.00, ,78.3, 
2005/12/19,16:00,0.2, ,114340, ,6.55, ,6.00, ,78.4, 
2005/12/19,17:00,0.0, ,114250, ,7.89, ,31.00, ,78.3, 
2005/12/19,18:00,0.0, ,114020, ,6.09, ,63.80, ,78.1, 
2005/12/19,19:00,0.0, ,113840, ,3.50, ,60.00, ,77.9, 
2005/12/19,20:00,0.0, ,113750, ,4.03, ,16.90, ,77.9, 
2005/12/19,21:00,0.0, ,113710, ,2.38, ,0.00, ,77.8, 
2005/12/19,22:00,0.0, ,113710, ,0.00, ,0.00, ,77.8, 
2005/12/19,23:00,0.0, ,113710, ,0.00, ,0.00, ,77.8, 
2005/12/19,24:00,0.0, ,113710, ,0.00, ,0.00, ,78.5, 
2005/12/20,01:00,0.0, ,113710, ,0.00, ,0.00, ,78.5, 
2005/12/20,02:00,0.0, ,113750, ,12.23, ,0.00, ,78.6, 
2005/12/20,03:00,0.0, ,113750, ,0.21, ,0.00, ,78.6, 
2005/12/20,04:00,0.0, ,113750, ,0.00, ,0.00, ,78.6, 
2005/12/20,05:00,0.0, ,113750, ,0.00, ,0.00, ,78.6, 
2005/12/20,06:00,0.0, ,113750, ,0.00, ,0.00, ,78.6, 
2005/12/20,07:00,0.0, ,113750, ,0.00, ,0.00, ,78.6, 
2005/12/20,08:00,0.0, ,113750, ,0.10, ,6.00, ,78.6, 
2005/12/20,09:00,0.0, ,113660, ,11.02, ,31.20, ,78.5, 
2005/12/20,10:00,0.0, ,113490, ,2.64, ,60.40, ,78.4, 
2005/12/20,11:00,0.1, ,113260, ,2.63, ,60.40, ,78.2, 
2005/12/20,12:00,0.0, ,113130, ,2.22, ,19.40, ,78.0, 
2005/12/20,13:00,0.9, ,113130, ,0.78, ,0.00, ,78.0, 
2005/12/20,14:00,0.2, ,113170, ,8.90, ,0.00, ,78.1, 
2005/12/20,15:00,0.0, ,113170, ,3.52, ,0.00, ,78.1, 
2005/12/20,16:00,0.0, ,113220, ,12.10, ,5.90, ,78.1, 
2005/12/20,17:00,0.0, ,113130, ,6.93, ,31.20, ,78.0, 
2005/12/20,18:00,0.0, ,112900, ,4.75, ,60.40, ,77.8, 
2005/12/20,19:00,0.0, ,112730, ,4.17, ,63.60, ,77.7, 
2005/12/20,20:00,0.0, ,112550, ,3.81, ,43.60, ,77.5, 
2005/12/20,21:00,0.0, ,112460, ,2.78, ,15.50, ,77.5, 
2005/12/20,22:00,0.0, ,112460, ,1.40, ,0.00, ,77.5, 
2005/12/20,23:00,0.0, ,112460, ,0.00, ,0.00, ,77.5, 
2005/12/20,24:00,0.0, ,112460, ,0.00, ,0.00, ,78.2, 
2005/12/21,01:00,0.0, ,112460, ,0.00, ,0.00, ,78.2, 
2005/12/21,02:00,0.0, ,112460, ,0.00, ,0.00, ,78.2, 
2005/12/21,03:00,0.0, ,112460, ,0.00, ,0.00, ,78.2, 
2005/12/21,04:00,0.0, ,112460, ,0.00, ,0.00, ,78.2, 
2005/12/21,05:00,0.0, ,112460, ,0.00, ,0.00, ,78.2, 
2005/12/21,06:00,0.0, ,112460, ,0.00, ,0.00, ,78.2, 
2005/12/21,07:00,0.0, ,112460, ,0.00, ,0.00, ,78.2, 
2005/12/21,08:00,0.0, ,112500, ,4.64, ,5.90, ,78.2, 
2005/12/21,09:00,0.0, ,112410, ,11.95, ,31.40, ,78.1, 
2005/12/21,10:00,0.0, ,112280, ,2.49, ,32.70, ,78.0, 
2005/12/21,11:00,0.0, ,112150, ,3.61, ,32.80, ,77.9, 
2005/12/21,12:00,0.0, ,112060, ,2.99, ,19.20, ,77.8, 
2005/12/21,13:00,0.1, ,112060, ,2.22, ,6.20, ,77.8, 
2005/12/21,14:00,0.0, ,111970, ,5.42, ,31.50, ,77.7, 
2005/12/21,15:00,0.0, ,111880, ,5.91, ,34.20, ,77.7, 
2005/12/21,16:00,0.0, ,111750, ,7.48, ,34.30, ,77.6, 
2005/12/21,17:00,0.0, ,111660, ,7.20, ,34.20, ,77.5, 
2005/12/21,18:00,0.0, ,111480, ,5.12, ,60.50, ,77.3, 
2005/12/21,19:00,0.1, ,111260, ,6.49, ,64.30, ,77.1, 
2005/12/21,20:00,0.2, ,111130, ,7.32, ,27.00, ,77.0, 
2005/12/21,21:00,0.0, ,111130, ,0.91, ,0.00, ,77.0, 
2005/12/21,22:00,0.3, ,111130, ,10.25, ,0.00, ,77.0, 
2005/12/21,23:00,0.0, ,111130, ,0.00, ,0.00, ,77.0, 
2005/12/21,24:00,0.1, ,111130, ,0.00, ,0.00, ,77.7, 
2005/12/22,01:00,0.1, ,111170, ,6.15, ,0.00, ,77.8, 
2005/12/22,02:00,0.3, ,111130, ,3.90, ,0.00, ,77.7, 
2005/12/22,03:00,0.0, ,111170, ,4.10, ,0.00, ,77.8, 
2005/12/22,04:00,0.1, ,111170, ,4.31, ,0.00, ,77.8, 
2005/12/22,05:00,0.0, ,111130, ,6.36, ,0.00, ,77.7, 
2005/12/22,06:00,0.0, ,111170, ,2.87, ,0.00, ,77.8, 
2005/12/22,07:00,0.1, ,111170, ,1.64, ,0.00, ,77.8, 
2005/12/22,08:00,0.0, ,111170, ,1.23, ,0.00, ,77.8, 
2005/12/22,09:00,0.0, ,111170, ,0.11, ,6.10, ,77.8, 
2005/12/22,10:00,0.0, ,111080, ,3.37, ,31.30, ,77.7, 
2005/12/22,11:00,0.0, ,110910, ,1.74, ,51.60, ,77.5, 
2005/12/22,12:00,0.1, ,110680, ,3.28, ,32.80, ,77.3, 
2005/12/22,13:00,0.0, ,110680, ,0.66, ,5.90, ,77.3, 
2005/12/22,14:00,0.1, ,110600, ,8.50, ,31.40, ,77.3, 
2005/12/22,15:00,0.0, ,110510, ,4.56, ,31.50, ,77.2, 
2005/12/22,16:00,0.0, ,110420, ,9.28, ,35.90, ,77.1, 
2005/12/22,17:00,0.0, ,110240, ,6.75, ,61.10, ,76.9, 
2005/12/22,18:00,0.3, ,110020, ,3.78, ,64.40, ,76.8, 
2005/12/22,19:00,0.0, ,109800, ,5.60, ,60.70, ,76.6, 
2005/12/22,20:00,0.0, ,109580, ,4.81, ,55.80, ,76.4, 
2005/12/22,21:00,0.0, ,109540, ,1.97, ,10.60, ,76.3, 
2005/12/22,22:00,0.0, ,109540, ,4.00, ,0.00, ,76.3, 
2005/12/22,23:00,0.0, ,109540, ,0.00, ,0.00, ,76.3, 
2005/12/22,24:00,0.0, ,109540, ,0.00, ,0.00, ,77.4, 
2005/12/23,01:00,0.0, ,109540, ,0.00, ,0.00, ,77.4, 
2005/12/23,02:00,0.0, ,109540, ,0.00, ,0.00, ,77.4, 
2005/12/23,03:00,0.0, ,109540, ,0.00, ,0.00, ,77.4, 
2005/12/23,04:00,0.0, ,109540, ,0.00, ,0.00, ,77.4, 
2005/12/23,05:00,0.0, ,109540, ,0.00, ,0.00, ,77.4, 
2005/12/23,06:00,0.0, ,109540, ,0.00, ,0.00, ,77.4, 
2005/12/23,07:00,0.0, ,109540, ,0.00, ,0.00, ,77.4, 
2005/12/23,08:00,0.0, ,109540, ,0.00, ,0.00, ,77.4, 
2005/12/23,09:00,0.0, ,109580, ,8.04, ,5.90, ,77.4, 
2005/12/23,10:00,0.0, ,109450, ,7.62, ,31.80, ,77.3, 
2005/12/23,11:00,0.0, ,109320, ,1.12, ,50.50, ,77.2, 
2005/12/23,12:00,0.1, ,109100, ,2.83, ,14.40, ,77.0, 
2005/12/23,13:00,0.3, ,109100, ,0.90, ,0.00, ,77.0, 
2005/12/23,14:00,0.1, ,109100, ,0.00, ,0.00, ,77.0, 
2005/12/23,15:00,0.2, ,109140, ,6.30, ,0.00, ,77.0, 
2005/12/23,16:00,0.1, ,109190, ,9.29, ,20.70, ,77.1, 
2005/12/23,17:00,0.0, ,109100, ,11.59, ,53.60, ,77.0, 
2005/12/23,18:00,0.0, ,108880, ,7.10, ,59.70, ,76.8, 
2005/12/23,19:00,0.1, ,108660, ,4.98, ,63.20, ,76.6, 
2005/12/23,20:00,0.0, ,108440, ,2.33, ,59.40, ,76.4, 
2005/12/23,21:00,0.1, ,108360, ,3.95, ,18.30, ,76.3, 
2005/12/23,22:00,0.2, ,108360, ,2.61, ,0.00, ,76.3, 
2005/12/23,23:00,0.2, ,108360, ,0.00, ,0.00, ,76.3, 
2005/12/23,24:00,0.1, ,108360, ,0.00, ,0.00, ,77.1, 
2005/12/24,01:00,0.1, ,108360, ,0.00, ,0.00, ,77.1, 
2005/12/24,02:00,0.2, ,108360, ,0.00, ,0.00, ,77.1, 
2005/12/24,03:00,0.0, ,108400, ,6.47, ,0.00, ,77.1, 
2005/12/24,04:00,0.0, ,108400, ,6.07, ,0.00, ,77.1, 
2005/12/24,05:00,0.0, ,108400, ,1.21, ,0.00, ,77.1, 
2005/12/24,06:00,0.0, ,108400, ,0.61, ,0.00, ,77.1, 
2005/12/24,07:00,0.0, ,108400, ,0.00, ,0.00, ,77.1, 
2005/12/24,08:00,0.0, ,108400, ,0.00, ,0.00, ,77.1, 
2005/12/24,09:00,0.1, ,108440, ,2.13, ,6.00, ,77.1, 
2005/12/24,10:00,0.0, ,108360, ,7.06, ,22.00, ,77.1, 
2005/12/24,11:00,0.1, ,108180, ,3.96, ,49.00, ,76.9, 
2005/12/24,12:00,0.2, ,108010, ,1.00, ,28.80, ,76.8, 
2005/12/24,13:00,0.1, ,108010, ,4.32, ,0.00, ,76.8, 
2005/12/24,14:00,0.0, ,108050, ,6.87, ,0.00, ,76.8, 
2005/12/24,15:00,0.2, ,108050, ,3.43, ,0.00, ,76.8, 
2005/12/24,16:00,0.0, ,108090, ,10.42, ,6.20, ,76.8, 
2005/12/24,17:00,0.0, ,108050, ,12.56, ,30.20, ,76.8, 
2005/12/24,18:00,0.0, ,107830, ,4.65, ,60.00, ,76.6, 
2005/12/24,19:00,0.0, ,107610, ,5.79, ,60.10, ,76.4, 
2005/12/24,20:00,0.0, ,107570, ,5.14, ,11.60, ,76.4, 
2005/12/24,21:00,0.0, ,107570, ,2.06, ,0.00, ,76.4, 
2005/12/24,22:00,0.0, ,107570, ,0.00, ,0.00, ,76.4, 
2005/12/24,23:00,0.0, ,107570, ,0.00, ,0.00, ,76.4, 
2005/12/24,24:00,0.0, ,107570, ,0.00, ,0.00, ,77.1, 
2005/12/25,01:00,0.0, ,107570, ,0.00, ,0.00, ,77.1, 
2005/12/25,02:00,0.1, ,107570, ,0.00, ,0.00, ,77.1, 
2005/12/25,03:00,0.0, ,107570, ,0.00, ,0.00, ,77.1, 
2005/12/25,04:00,0.0, ,107570, ,0.00, ,0.00, ,77.1, 
2005/12/25,05:00,0.0, ,107570, ,0.00, ,0.00, ,77.1, 
2005/12/25,06:00,0.0, ,107570, ,0.00, ,0.00, ,77.1, 
2005/12/25,07:00,0.0, ,107570, ,0.00, ,0.00, ,77.1, 
2005/12/25,08:00,0.0, ,107570, ,0.00, ,0.00, ,77.1, 
2005/12/25,09:00,0.0, ,107570, ,0.30, ,17.30, ,77.1, 
2005/12/25,10:00,0.0, ,107570, ,11.50, ,22.00, ,77.1, 
2005/12/25,11:00,0.0, ,107400, ,14.51, ,54.80, ,76.9, 
2005/12/25,12:00,0.3, ,107180, ,3.68, ,36.50, ,76.7, 
2005/12/25,13:00,1.4, ,107180, ,0.17, ,0.00, ,76.7, 
2005/12/25,14:00,0.4, ,107180, ,0.00, ,0.00, ,76.7, 
2005/12/25,15:00,0.2, ,107220, ,5.03, ,0.00, ,76.8, 
2005/12/25,16:00,0.2, ,107220, ,7.15, ,6.10, ,76.8, 
2005/12/25,17:00,0.0, ,107180, ,12.61, ,31.80, ,76.7, 
2005/12/25,18:00,0.0, ,106960, ,7.08, ,59.80, ,76.5, 
2005/12/25,19:00,0.0, ,106740, ,3.47, ,59.70, ,76.3, 
2005/12/25,20:00,0.0, ,106530, ,1.76, ,63.60, ,76.1, 
2005/12/25,21:00,0.0, ,106400, ,2.78, ,23.80, ,76.0, 
2005/12/25,22:00,0.0, ,106350, ,1.74, ,0.00, ,76.0, 
2005/12/25,23:00,0.0, ,106350, ,0.00, ,0.00, ,76.0, 
2005/12/25,24:00,0.0, ,106400, ,3.21, ,0.00, ,76.8, 
2005/12/26,01:00,0.0, ,106400, ,8.82, ,0.00, ,76.8, 
2005/12/26,02:00,0.0, ,106400, ,0.00, ,0.00, ,76.8, 
2005/12/26,03:00,0.0, ,106400, ,0.00, ,0.00, ,76.8, 
2005/12/26,04:00,0.0, ,106400, ,0.00, ,0.00, ,76.8, 
2005/12/26,05:00,0.0, ,106400, ,0.00, ,0.00, ,76.8, 
2005/12/26,06:00,0.0, ,106400, ,0.00, ,0.00, ,76.8, 
2005/12/26,07:00,0.0, ,106400, ,0.00, ,0.00, ,76.8, 
2005/12/26,08:00,0.0, ,106440, ,10.23, ,0.00, ,76.8, 
2005/12/26,09:00,0.0, ,106440, ,1.91, ,6.00, ,76.8, 
2005/12/26,10:00,0.0, ,106350, ,4.00, ,26.60, ,76.7, 
2005/12/26,11:00,0.0, ,106180, ,3.15, ,60.40, ,76.6, 
2005/12/26,12:00,0.0, ,105920, ,0.99, ,40.70, ,76.3, 
2005/12/26,13:00,0.0, ,105920, ,2.25, ,0.00, ,76.3, 
2005/12/26,14:00,0.0, ,105960, ,7.10, ,5.90, ,76.4, 
2005/12/26,15:00,0.0, ,105880, ,4.81, ,31.90, ,76.3, 
2005/12/26,16:00,0.0, ,105750, ,7.58, ,35.10, ,76.2, 
2005/12/26,17:00,0.0, ,105660, ,7.09, ,51.30, ,76.1, 
2005/12/26,18:00,0.0, ,105490, ,9.51, ,56.30, ,75.9, 
2005/12/26,19:00,0.0, ,105270, ,4.05, ,42.40, ,75.7, 
2005/12/26,20:00,0.0, ,105190, ,4.77, ,24.80, ,75.7, 
2005/12/26,21:00,0.0, ,105100, ,2.20, ,5.00, ,75.6, 
2005/12/26,22:00,0.0, ,105100, ,2.13, ,0.00, ,75.6, 
2005/12/26,23:00,0.0, ,105150, ,6.78, ,0.00, ,75.6, 
2005/12/26,24:00,0.0, ,105150, ,2.59, ,0.00, ,76.4, 
2005/12/27,01:00,0.0, ,105150, ,0.00, ,0.00, ,76.4, 
2005/12/27,02:00,0.0, ,105150, ,0.00, ,0.00, ,76.4, 
2005/12/27,03:00,0.0, ,105150, ,0.00, ,0.00, ,76.4, 
2005/12/27,04:00,0.0, ,105150, ,2.59, ,0.00, ,76.4, 
2005/12/27,05:00,0.0, ,105150, ,0.00, ,0.00, ,76.4, 
2005/12/27,06:00,0.0, ,105150, ,0.00, ,0.00, ,76.4, 
2005/12/27,07:00,0.0, ,105150, ,0.00, ,0.00, ,76.4, 
2005/12/27,08:00,0.0, ,105150, ,0.00, ,0.00, ,76.4, 
2005/12/27,09:00,0.0, ,105150, ,0.11, ,6.20, ,76.4, 
2005/12/27,10:00,0.0, ,105060, ,10.02, ,30.40, ,76.3, 
2005/12/27,11:00,0.0, ,104840, ,3.02, ,58.30, ,76.1, 
2005/12/27,12:00,0.0, ,104630, ,1.42, ,37.10, ,75.9, 
2005/12/27,13:00,0.0, ,104630, ,1.12, ,0.00, ,75.9, 
2005/12/27,14:00,0.0, ,104670, ,7.67, ,6.10, ,75.9, 
2005/12/27,15:00,0.0, ,104630, ,8.71, ,20.90, ,75.9, 
2005/12/27,16:00,0.0, ,104540, ,7.53, ,26.30, ,75.8, 
2005/12/27,17:00,0.0, ,104460, ,5.39, ,29.20, ,75.7, 
2005/12/27,18:00,0.0, ,104290, ,4.83, ,58.60, ,75.6, 
2005/12/27,19:00,0.0, ,104070, ,5.46, ,62.50, ,75.4, 
2005/12/27,20:00,0.0, ,103940, ,3.73, ,39.80, ,75.2, 
2005/12/27,21:00,0.0, ,103860, ,2.84, ,15.50, ,75.2, 
2005/12/27,22:00,0.0, ,103860, ,4.74, ,0.00, ,75.2, 
2005/12/27,23:00,0.0, ,103860, ,0.00, ,0.00, ,75.2, 
2005/12/27,24:00,0.0, ,103860, ,0.00, ,0.00, ,75.9, 
2005/12/28,01:00,0.0, ,103860, ,0.00, ,0.00, ,75.9, 
2005/12/28,02:00,0.0, ,103860, ,0.00, ,0.00, ,75.9, 
2005/12/28,03:00,0.0, ,103860, ,0.00, ,0.00, ,75.9, 
2005/12/28,04:00,0.0, ,103860, ,0.00, ,0.00, ,75.9, 
2005/12/28,05:00,0.0, ,103860, ,0.00, ,0.00, ,75.9, 
2005/12/28,06:00,0.0, ,103860, ,0.00, ,0.00, ,75.9, 
2005/12/28,07:00,0.0, ,103860, ,0.00, ,0.00, ,75.9, 
2005/12/28,08:00,0.0, ,103860, ,0.34, ,20.10, ,75.9, 
2005/12/28,09:00,0.0, ,103770, ,9.86, ,29.00, ,75.8, 
2005/12/28,10:00,0.0, ,103560, ,2.78, ,58.60, ,75.6, 
2005/12/28,11:00,0.0, ,103350, ,0.94, ,40.70, ,75.4, 
2005/12/28,12:00,0.0, ,103260, ,3.01, ,17.30, ,75.4, 
2005/12/28,13:00,0.0, ,103260, ,1.17, ,0.00, ,75.4, 
2005/12/28,14:00,0.0, ,103260, ,0.27, ,15.50, ,75.4, 
2005/12/28,15:00,0.0, ,103220, ,9.80, ,22.30, ,75.3, 
2005/12/28,16:00,0.0, ,103170, ,8.27, ,29.90, ,75.3, 
2005/12/28,17:00,0.0, ,103090, ,8.89, ,29.10, ,75.2, 
2005/12/28,18:00,0.0, ,102920, ,4.03, ,59.00, ,75.0, 
2005/12/28,19:00,0.0, ,102660, ,3.06, ,62.40, ,74.8, 
2005/12/28,20:00,0.0, ,102620, ,3.09, ,9.90, ,74.8, 
2005/12/28,21:00,0.0, ,102620, ,4.10, ,0.00, ,74.8, 
2005/12/28,22:00,0.0, ,102620, ,0.00, ,0.00, ,74.8, 
2005/12/28,23:00,0.0, ,102620, ,0.00, ,0.00, ,74.8, 
2005/12/28,24:00,0.0, ,102620, ,0.00, ,0.00, ,75.5, 
2005/12/29,01:00,0.0, ,102620, ,0.00, ,0.00, ,75.5, 
2005/12/29,02:00,0.0, ,102620, ,0.00, ,0.00, ,75.5, 
2005/12/29,03:00,0.0, ,102620, ,0.00, ,0.00, ,75.5, 
2005/12/29,04:00,0.0, ,102620, ,0.00, ,0.00, ,75.5, 
2005/12/29,05:00,0.0, ,102620, ,0.00, ,0.00, ,75.5, 
2005/12/29,06:00,0.0, ,102620, ,0.00, ,0.00, ,75.5, 
2005/12/29,07:00,0.0, ,102620, ,0.00, ,0.00, ,75.5, 
2005/12/29,08:00,0.0, ,102620, ,0.00, ,0.00, ,75.5, 
2005/12/29,09:00,0.0, ,102620, ,0.11, ,6.10, ,75.5, 
2005/12/29,10:00,0.0, ,102580, ,11.71, ,26.50, ,75.5, 
2005/12/29,11:00,0.0, ,102450, ,5.29, ,36.70, ,75.3, 
2005/12/29,12:00,0.0, ,102370, ,3.08, ,14.70, ,75.3, 
2005/12/29,13:00,0.0, ,102370, ,1.43, ,0.00, ,75.3, 
2005/12/29,14:00,0.2, ,102370, ,0.11, ,6.20, ,75.3, 
2005/12/29,15:00,0.2, ,102320, ,9.69, ,26.50, ,75.2, 
2005/12/29,16:00,0.2, ,102200, ,7.42, ,43.30, ,75.1, 
2005/12/29,17:00,0.0, ,102030, ,6.61, ,43.30, ,74.9, 
2005/12/29,18:00,0.0, ,101860, ,4.92, ,62.80, ,74.8, 
2005/12/29,19:00,0.0, ,101650, ,3.81, ,59.20, ,74.6, 
2005/12/29,20:00,0.0, ,101390, ,2.06, ,63.20, ,74.3, 
2005/12/29,21:00,0.0, ,101220, ,1.91, ,48.40, ,74.2, 
2005/12/29,22:00,0.0, ,101140, ,1.48, ,10.30, ,74.1, 
2005/12/29,23:00,0.0, ,101140, ,0.11, ,0.00, ,74.1, 
2005/12/29,24:00,0.0, ,101140, ,0.00, ,0.00, ,74.9, 
2005/12/30,01:00,0.0, ,101140, ,0.00, ,0.00, ,74.9, 
2005/12/30,02:00,0.0, ,101140, ,0.00, ,0.00, ,74.9, 
2005/12/30,03:00,0.0, ,101140, ,0.00, ,0.00, ,74.9, 
2005/12/30,04:00,0.0, ,101140, ,0.00, ,0.00, ,74.9, 
2005/12/30,05:00,0.0, ,101140, ,0.00, ,0.00, ,74.9, 
2005/12/30,06:00,0.0, ,101140, ,0.00, ,0.00, ,74.9, 
2005/12/30,07:00,0.0, ,101180, ,9.96, ,0.00, ,74.9, 
2005/12/30,08:00,0.0, ,101180, ,1.76, ,0.00, ,74.9, 
2005/12/30,09:00,0.0, ,101180, ,0.11, ,6.30, ,74.9, 
2005/12/30,10:00,0.0, ,101100, ,6.99, ,26.80, ,74.8, 
2005/12/30,11:00,0.0, ,100970, ,1.54, ,37.10, ,74.7, 
2005/12/30,12:00,0.0, ,100890, ,4.76, ,15.20, ,74.6, 
2005/12/30,13:00,0.0, ,100890, ,0.75, ,0.00, ,74.6, 
2005/12/30,14:00,0.0, ,100890, ,0.00, ,0.00, ,74.6, 
2005/12/30,15:00,0.2, ,100930, ,3.90, ,0.00, ,74.7, 
2005/12/30,16:00,0.3, ,100930, ,7.92, ,6.40, ,74.7, 
2005/12/30,17:00,0.0, ,100890, ,12.68, ,30.90, ,74.6, 
2005/12/30,18:00,0.0, ,100680, ,10.47, ,59.70, ,74.4, 
2005/12/30,19:00,0.0, ,100460, ,4.71, ,63.10, ,74.2, 
2005/12/30,20:00,0.0, ,100250, ,3.29, ,59.40, ,74.0, 
2005/12/30,21:00,0.0, ,100040, ,1.73, ,63.80, ,73.8, 
2005/12/30,22:00,0.0, ,99880, ,1.50, ,23.20, ,73.7, 
2005/12/30,23:00,0.0, ,99880, ,1.06, ,0.00, ,73.7, 
2005/12/30,24:00,0.0, ,99880, ,0.00, ,0.00, ,74.4, 
2005/12/31,01:00,0.0, ,99880, ,0.00, ,0.00, ,74.4, 
2005/12/31,02:00,0.0, ,99880, ,0.00, ,0.00, ,74.4, 
2005/12/31,03:00,0.0, ,99880, ,0.00, ,0.00, ,74.4, 
2005/12/31,04:00,0.0, ,99880, ,0.00, ,0.00, ,74.4, 
2005/12/31,05:00,0.0, ,99880, ,0.00, ,0.00, ,74.4, 
2005/12/31,06:00,0.0, ,99920, ,11.07, ,0.00, ,74.4, 
2005/12/31,07:00,0.0, ,99920, ,0.58, ,0.00, ,74.4, 
2005/12/31,08:00,0.0, ,99920, ,0.00, ,0.00, ,74.4, 
2005/12/31,09:00,0.0, ,99920, ,0.11, ,6.20, ,74.4, 
2005/12/31,10:00,0.0, ,99830, ,5.15, ,26.70, ,74.4, 
2005/12/31,11:00,0.0, ,99710, ,1.70, ,37.20, ,74.2, 
2005/12/31,12:00,0.0, ,99630, ,1.99, ,14.60, ,74.2, 
2005/12/31,13:00,0.0, ,99630, ,4.88, ,0.00, ,74.2, 
2005/12/31,14:00,0.0, ,99630, ,0.00, ,0.00, ,74.2, 
2005/12/31,15:00,0.0, ,99630, ,0.00, ,0.00, ,74.2, 
2005/12/31,16:00,0.2, ,99670, ,7.47, ,6.20, ,74.2, 
2005/12/31,17:00,0.0, ,99630, ,16.51, ,49.60, ,74.2, 
2005/12/31,18:00,0.0, ,99420, ,6.85, ,59.90, ,74.0, 
2005/12/31,19:00,0.0, ,99210, ,5.46, ,60.00, ,73.8, 
2005/12/31,20:00,0.0, ,99000, ,2.91, ,63.10, ,73.6, 
2005/12/31,21:00,0.0, ,98790, ,1.58, ,58.40, ,73.4, 
2005/12/31,22:00,0.0, ,98620, ,1.68, ,30.00, ,73.2, 
2005/12/31,23:00,0.0, ,98580, ,2.55, ,0.00, ,73.2, 
2005/12/31,24:00,0.0, ,98580, ,0.00, ,0.00, ,73.2, 
