îCà”ä˙ä‘É_ÉÄèîó åüçıåãâ 
êÖånñº,ãgñÏêÏ
âÕêÏñº,ãgñÏêÏ
äœë™èäñº,ëÅñæâYÉ_ÉÄÅiã@ç\Åj
äœë™èäãLçÜ,1368080700010
#
#îNåéì˙,éûçè,ó¨àÊïΩãœâJó ,ó¨àÊïΩãœâJó ëÆê´,íôêÖó ,íôêÖó ëÆê´,ó¨ì¸ó ,ó¨ì¸ó ëÆê´,ï˙ó¨ó ,ï˙ó¨ó ëÆê´,íôêÖó¶,íôêÖó¶ëÆê´
#ëÆê´Å@$:åáë™ -:ñ¢éÛêM
#
2010/6/1,01:00,0.0, ,191490, ,21.03, ,58.20, ,100.0, 
2010/6/1,02:00,0.0, ,191370, ,17.77, ,58.50, ,100.1, 
2010/6/1,03:00,0.0, ,191190, ,21.65, ,58.20, ,100.1, 
2010/6/1,04:00,0.0, ,191070, ,19.49, ,58.60, ,100.2, 
2010/6/1,05:00,0.0, ,190950, ,20.91, ,58.50, ,100.2, 
2010/6/1,06:00,0.0, ,190780, ,19.85, ,58.20, ,100.3, 
2010/6/1,07:00,0.0, ,190660, ,19.89, ,58.50, ,100.3, 
2010/6/1,08:00,0.0, ,190540, ,21.87, ,58.60, ,100.4, 
2010/6/1,09:00,0.0, ,190360, ,18.07, ,58.50, ,100.4, 
2010/6/1,10:00,0.0, ,190250, ,19.18, ,58.40, ,100.4, 
2010/6/1,11:00,0.0, ,190130, ,19.76, ,58.80, ,100.5, 
2010/6/1,12:00,0.0, ,189950, ,20.36, ,58.80, ,100.5, 
2010/6/1,13:00,0.5, ,189830, ,18.20, ,58.90, ,100.6, 
2010/6/1,14:00,0.2, ,189660, ,19.05, ,58.30, ,100.6, 
2010/6/1,15:00,0.0, ,189540, ,21.81, ,58.30, ,100.7, 
2010/6/1,16:00,0.8, ,189420, ,19.95, ,55.90, ,100.7, 
2010/6/1,17:00,0.3, ,189300, ,23.75, ,55.60, ,100.6, 
2010/6/1,18:00,0.0, ,189190, ,18.85, ,55.90, ,100.6, 
2010/6/1,19:00,0.0, ,189070, ,19.15, ,55.70, ,100.6, 
2010/6/1,20:00,0.0, ,188890, ,21.63, ,55.70, ,100.5, 
2010/6/1,21:00,0.0, ,188770, ,18.08, ,56.10, ,100.5, 
2010/6/1,22:00,0.0, ,188660, ,17.27, ,55.70, ,100.4, 
2010/6/1,23:00,0.0, ,188480, ,21.66, ,56.20, ,100.4, 
2010/6/1,24:00,0.0, ,188360, ,19.52, ,55.90, ,100.0, 
2010/6/2,01:00,0.0, ,188360, ,16.49, ,20.90, ,100.0, 
2010/6/2,02:00,0.0, ,188300, ,17.42, ,20.80, ,100.1, 
2010/6/2,03:00,0.0, ,188300, ,8.19, ,21.00, ,100.1, 
2010/6/2,04:00,0.0, ,188250, ,8.18, ,20.90, ,100.2, 
2010/6/2,05:00,0.0, ,188190, ,9.01, ,21.30, ,100.2, 
2010/6/2,06:00,0.0, ,188130, ,9.29, ,21.10, ,100.3, 
2010/6/2,07:00,0.0, ,188070, ,8.19, ,21.10, ,100.3, 
2010/6/2,08:00,0.0, ,188010, ,8.60, ,41.80, ,100.4, 
2010/6/2,09:00,0.0, ,187830, ,11.86, ,58.60, ,100.4, 
2010/6/2,10:00,0.0, ,187660, ,15.41, ,58.70, ,100.3, 
2010/6/2,11:00,0.0, ,187540, ,17.08, ,59.20, ,100.3, 
2010/6/2,12:00,0.0, ,187370, ,19.27, ,58.80, ,100.2, 
2010/6/2,13:00,0.0, ,187370, ,14.41, ,21.10, ,100.2, 
2010/6/2,14:00,0.0, ,187190, ,13.17, ,59.00, ,100.2, 
2010/6/2,15:00,0.0, ,187010, ,19.34, ,58.70, ,100.1, 
2010/6/2,16:00,0.8, ,186900, ,18.58, ,59.00, ,100.1, 
2010/6/2,17:00,1.1, ,186780, ,25.15, ,59.10, ,100.0, 
2010/6/2,18:00,2.6, ,186660, ,24.62, ,59.30, ,100.0, 
2010/6/2,19:00,0.9, ,186550, ,21.66, ,58.80, ,100.0, 
2010/6/2,20:00,0.0, ,186370, ,22.80, ,59.20, ,99.9, 
2010/6/2,21:00,0.0, ,186310, ,18.51, ,37.90, ,99.9, 
2010/6/2,22:00,0.0, ,186310, ,15.77, ,21.00, ,100.0, 
2010/6/2,23:00,0.0, ,186310, ,21.08, ,21.10, ,100.0, 
2010/6/2,24:00,0.0, ,186250, ,10.25, ,21.00, ,100.0, 
2010/6/3,01:00,0.0, ,186250, ,16.32, ,22.70, ,100.0, 
2010/6/3,02:00,0.0, ,186200, ,7.08, ,22.20, ,100.1, 
2010/6/3,03:00,0.0, ,186200, ,10.83, ,0.00, ,100.1, 
2010/6/3,04:00,0.0, ,186200, ,0.00, ,0.00, ,100.1, 
2010/6/3,05:00,0.0, ,186200, ,0.00, ,0.00, ,100.2, 
2010/6/3,06:00,0.0, ,186250, ,11.90, ,0.00, ,100.3, 
2010/6/3,07:00,0.0, ,186250, ,4.36, ,1.90, ,100.3, 
2010/6/3,08:00,0.0, ,186250, ,14.46, ,29.60, ,100.4, 
2010/6/3,09:00,0.0, ,186140, ,27.74, ,59.00, ,100.3, 
2010/6/3,10:00,0.0, ,185960, ,16.66, ,59.10, ,100.3, 
2010/6/3,11:00,0.0, ,185790, ,15.36, ,59.40, ,100.2, 
2010/6/3,12:00,0.0, ,185670, ,16.23, ,59.00, ,100.2, 
2010/6/3,13:00,0.0, ,185610, ,14.87, ,25.50, ,100.2, 
2010/6/3,14:00,0.0, ,185500, ,17.52, ,59.30, ,100.1, 
2010/6/3,15:00,0.0, ,185320, ,16.55, ,59.50, ,100.1, 
2010/6/3,16:00,0.0, ,185200, ,18.76, ,59.00, ,100.0, 
2010/6/3,17:00,0.0, ,185030, ,16.90, ,59.30, ,100.0, 
2010/6/3,18:00,0.0, ,184910, ,21.80, ,59.20, ,99.9, 
2010/6/3,19:00,0.0, ,184740, ,18.04, ,59.40, ,99.8, 
2010/6/3,20:00,0.0, ,184560, ,20.78, ,59.10, ,99.8, 
2010/6/3,21:00,0.0, ,184560, ,12.61, ,25.50, ,99.8, 
2010/6/3,22:00,0.0, ,184510, ,19.21, ,25.10, ,99.8, 
2010/6/3,23:00,0.0, ,184450, ,13.27, ,25.40, ,99.8, 
2010/6/3,24:00,0.0, ,184450, ,2.12, ,0.00, ,100.0, 
2010/6/4,01:00,0.0, ,184510, ,0.54, ,0.00, ,100.0, 
2010/6/4,02:00,0.0, ,184510, ,15.61, ,0.00, ,100.1, 
2010/6/4,03:00,0.0, ,184560, ,1.62, ,0.00, ,100.1, 
2010/6/4,04:00,0.0, ,184560, ,14.54, ,0.00, ,100.2, 
2010/6/4,05:00,0.0, ,184620, ,2.15, ,0.00, ,100.2, 
2010/6/4,06:00,0.0, ,184620, ,14.03, ,1.50, ,100.3, 
2010/6/4,07:00,0.0, ,184620, ,11.01, ,23.00, ,100.3, 
2010/6/4,08:00,0.0, ,184560, ,20.15, ,22.30, ,100.4, 
2010/6/4,09:00,0.0, ,184510, ,6.76, ,29.50, ,100.4, 
2010/6/4,10:00,0.0, ,184330, ,13.76, ,59.40, ,100.4, 
2010/6/4,11:00,0.0, ,184160, ,15.24, ,59.30, ,100.3, 
2010/6/4,12:00,0.0, ,184040, ,16.35, ,59.20, ,100.3, 
2010/6/4,13:00,0.0, ,183980, ,18.85, ,22.50, ,100.3, 
2010/6/4,14:00,0.0, ,183870, ,11.53, ,59.70, ,100.3, 
2010/6/4,15:00,0.0, ,183690, ,17.75, ,59.20, ,100.2, 
2010/6/4,16:00,0.0, ,183580, ,17.00, ,59.30, ,100.1, 
2010/6/4,17:00,0.0, ,183400, ,15.70, ,59.40, ,100.1, 
2010/6/4,18:00,0.0, ,183340, ,14.94, ,22.40, ,100.1, 
2010/6/4,19:00,0.0, ,183340, ,15.15, ,25.40, ,100.1, 
2010/6/4,20:00,0.0, ,183290, ,16.80, ,32.50, ,100.1, 
2010/6/4,21:00,0.0, ,183290, ,12.44, ,0.00, ,100.2, 
2010/6/4,22:00,0.0, ,183290, ,0.00, ,0.00, ,100.2, 
2010/6/4,23:00,0.0, ,183340, ,14.76, ,0.00, ,100.3, 
2010/6/4,24:00,0.0, ,183400, ,10.47, ,0.00, ,100.0, 
2010/6/5,01:00,0.0, ,183460, ,11.55, ,0.00, ,100.0, 
2010/6/5,02:00,0.0, ,183460, ,11.55, ,0.00, ,100.0, 
2010/6/5,03:00,0.0, ,183460, ,0.00, ,0.00, ,100.0, 
2010/6/5,04:00,0.0, ,183520, ,13.69, ,0.00, ,100.0, 
2010/6/5,05:00,0.0, ,183520, ,2.42, ,0.00, ,100.0, 
2010/6/5,06:00,0.0, ,183580, ,6.74, ,1.80, ,100.0, 
2010/6/5,07:00,0.0, ,183580, ,23.93, ,29.70, ,100.0, 
2010/6/5,08:00,0.0, ,183460, ,15.02, ,29.90, ,100.0, 
2010/6/5,09:00,0.0, ,183400, ,6.81, ,29.50, ,100.0, 
2010/6/5,10:00,0.0, ,183340, ,12.50, ,29.60, ,100.0, 
2010/6/5,11:00,0.0, ,183230, ,15.55, ,48.10, ,100.0, 
2010/6/5,12:00,0.0, ,183050, ,13.95, ,59.90, ,100.0, 
2010/6/5,13:00,0.0, ,183000, ,15.35, ,22.50, ,100.0, 
2010/6/5,14:00,0.0, ,182880, ,13.64, ,59.40, ,99.9, 
2010/6/5,15:00,0.0, ,182710, ,15.43, ,59.80, ,99.8, 
2010/6/5,16:00,0.0, ,182650, ,20.87, ,46.80, ,99.8, 
2010/6/5,17:00,0.0, ,182480, ,11.83, ,43.90, ,99.6, 
2010/6/5,18:00,0.0, ,182480, ,16.31, ,30.00, ,99.6, 
2010/6/5,19:00,0.0, ,182360, ,10.39, ,29.40, ,99.6, 
2010/6/5,20:00,0.0, ,182250, ,15.59, ,59.40, ,99.5, 
2010/6/5,21:00,0.0, ,182130, ,12.13, ,40.10, ,99.4, 
2010/6/5,22:00,0.0, ,182020, ,16.80, ,39.70, ,99.3, 
2010/6/5,23:00,0.0, ,181960, ,10.28, ,30.00, ,99.3, 
2010/6/5,24:00,0.0, ,181900, ,11.13, ,21.40, ,99.3, 
2010/6/6,01:00,0.0, ,181900, ,1.83, ,0.00, ,99.3, 
2010/6/6,02:00,0.0, ,181900, ,0.00, ,0.00, ,99.3, 
2010/6/6,03:00,0.0, ,181900, ,0.00, ,0.00, ,99.3, 
2010/6/6,04:00,0.0, ,181960, ,13.87, ,0.00, ,99.3, 
2010/6/6,05:00,0.0, ,181960, ,2.13, ,0.00, ,99.3, 
2010/6/6,06:00,0.0, ,182020, ,10.14, ,0.00, ,99.3, 
2010/6/6,07:00,0.0, ,182020, ,5.90, ,1.90, ,99.3, 
2010/6/6,08:00,0.0, ,182020, ,11.79, ,24.30, ,99.3, 
2010/6/6,09:00,0.0, ,181960, ,21.51, ,30.00, ,99.3, 
2010/6/6,10:00,0.0, ,181900, ,13.38, ,29.60, ,99.3, 
2010/6/6,11:00,0.0, ,181840, ,11.08, ,29.60, ,99.2, 
2010/6/6,12:00,0.0, ,181670, ,11.40, ,60.00, ,99.1, 
2010/6/6,13:00,0.0, ,181500, ,14.73, ,59.30, ,99.0, 
2010/6/6,14:00,0.0, ,181320, ,15.84, ,59.80, ,98.9, 
2010/6/6,15:00,0.0, ,181150, ,13.50, ,60.00, ,98.7, 
2010/6/6,16:00,0.0, ,181040, ,13.61, ,59.90, ,98.7, 
2010/6/6,17:00,0.0, ,180860, ,13.23, ,59.50, ,98.5, 
2010/6/6,18:00,0.0, ,180750, ,15.43, ,47.30, ,98.5, 
2010/6/6,19:00,0.0, ,180640, ,11.18, ,32.80, ,98.4, 
2010/6/6,20:00,0.0, ,180520, ,16.58, ,59.70, ,98.3, 
2010/6/6,21:00,0.0, ,180350, ,12.64, ,56.80, ,98.2, 
2010/6/6,22:00,0.0, ,180290, ,14.60, ,29.80, ,98.2, 
2010/6/6,23:00,0.0, ,180180, ,9.47, ,32.60, ,98.1, 
2010/6/6,24:00,0.0, ,180120, ,15.76, ,29.90, ,98.0, 
2010/6/7,01:00,0.0, ,180120, ,3.75, ,0.00, ,98.0, 
2010/6/7,02:00,0.0, ,180120, ,0.00, ,0.00, ,98.0, 
2010/6/7,03:00,0.0, ,180180, ,13.26, ,0.00, ,98.1, 
2010/6/7,04:00,0.0, ,180180, ,2.65, ,0.00, ,98.1, 
2010/6/7,05:00,0.0, ,180180, ,0.00, ,0.00, ,98.1, 
2010/6/7,06:00,0.0, ,180230, ,7.16, ,0.00, ,98.1, 
2010/6/7,07:00,0.3, ,180230, ,8.77, ,1.30, ,98.1, 
2010/6/7,08:00,0.3, ,180230, ,13.26, ,26.90, ,98.1, 
2010/6/7,09:00,0.5, ,180120, ,12.23, ,28.40, ,98.0, 
2010/6/7,10:00,0.1, ,180000, ,11.29, ,57.00, ,98.0, 
2010/6/7,11:00,0.2, ,179830, ,14.68, ,59.80, ,97.8, 
2010/6/7,12:00,0.0, ,179660, ,16.23, ,60.30, ,97.7, 
2010/6/7,13:00,0.0, ,179600, ,18.63, ,25.70, ,97.7, 
2010/6/7,14:00,0.0, ,179490, ,12.81, ,59.80, ,97.6, 
2010/6/7,15:00,0.0, ,179260, ,13.91, ,59.90, ,97.5, 
2010/6/7,16:00,0.3, ,179150, ,14.60, ,59.90, ,97.4, 
2010/6/7,17:00,0.3, ,178980, ,14.73, ,60.50, ,97.3, 
2010/6/7,18:00,0.1, ,178920, ,10.10, ,24.20, ,97.2, 
2010/6/7,19:00,0.0, ,178750, ,10.94, ,53.10, ,97.1, 
2010/6/7,20:00,0.3, ,178580, ,16.24, ,60.20, ,97.0, 
2010/6/7,21:00,0.3, ,178460, ,10.91, ,52.90, ,96.9, 
2010/6/7,22:00,0.3, ,178410, ,12.66, ,24.30, ,96.9, 
2010/6/7,23:00,0.0, ,178350, ,11.96, ,24.70, ,96.8, 
2010/6/7,24:00,0.0, ,178290, ,12.24, ,24.30, ,96.8, 
2010/6/8,01:00,0.0, ,178290, ,1.86, ,0.00, ,96.8, 
2010/6/8,02:00,0.5, ,178290, ,0.00, ,0.00, ,96.8, 
2010/6/8,03:00,1.3, ,178350, ,12.65, ,0.00, ,96.8, 
2010/6/8,04:00,0.0, ,178350, ,3.16, ,0.00, ,96.8, 
2010/6/8,05:00,0.0, ,178410, ,3.95, ,0.00, ,96.9, 
2010/6/8,06:00,0.0, ,178410, ,11.86, ,0.00, ,96.9, 
2010/6/8,07:00,0.0, ,178410, ,0.00, ,0.00, ,96.9, 
2010/6/8,08:00,0.0, ,178410, ,3.68, ,28.80, ,96.9, 
2010/6/8,09:00,0.0, ,178350, ,14.92, ,28.60, ,96.8, 
2010/6/8,10:00,0.0, ,178240, ,17.57, ,57.20, ,96.8, 
2010/6/8,11:00,0.0, ,178060, ,11.97, ,60.20, ,96.6, 
2010/6/8,12:00,0.0, ,177950, ,16.69, ,60.30, ,96.6, 
2010/6/8,13:00,0.0, ,177840, ,14.48, ,28.90, ,96.5, 
2010/6/8,14:00,0.0, ,177720, ,14.24, ,60.50, ,96.4, 
2010/6/8,15:00,2.5, ,177550, ,18.59, ,60.40, ,96.3, 
2010/6/8,16:00,1.2, ,177440, ,18.32, ,60.30, ,96.2, 
2010/6/8,17:00,1.3, ,177270, ,13.52, ,60.50, ,96.1, 
2010/6/8,18:00,1.0, ,177100, ,15.24, ,60.50, ,96.0, 
2010/6/8,19:00,0.2, ,176930, ,13.88, ,50.20, ,95.9, 
2010/6/8,20:00,0.0, ,176870, ,16.81, ,32.90, ,95.8, 
2010/6/8,21:00,0.0, ,176820, ,10.32, ,24.20, ,95.8, 
2010/6/8,22:00,0.0, ,176760, ,11.56, ,24.50, ,95.8, 
2010/6/8,23:00,0.0, ,176760, ,11.51, ,21.70, ,95.8, 
2010/6/8,24:00,0.0, ,176700, ,7.41, ,21.80, ,95.7, 
2010/6/9,01:00,0.0, ,176650, ,11.33, ,21.60, ,95.7, 
2010/6/9,02:00,0.0, ,176650, ,14.47, ,21.70, ,95.7, 
2010/6/9,03:00,0.0, ,176590, ,9.79, ,21.40, ,95.6, 
2010/6/9,04:00,0.0, ,176530, ,5.26, ,21.70, ,95.6, 
2010/6/9,05:00,0.0, ,176480, ,3.15, ,0.00, ,95.6, 
2010/6/9,06:00,0.0, ,176480, ,0.00, ,0.00, ,95.6, 
2010/6/9,07:00,0.0, ,176480, ,0.03, ,1.90, ,95.6, 
2010/6/9,08:00,0.0, ,176480, ,10.67, ,21.90, ,95.6, 
2010/6/9,09:00,0.0, ,176420, ,12.51, ,24.40, ,95.5, 
2010/6/9,10:00,0.0, ,176360, ,8.09, ,28.90, ,95.5, 
2010/6/9,11:00,0.0, ,176250, ,16.97, ,50.60, ,95.4, 
2010/6/9,12:00,0.0, ,176080, ,15.31, ,50.20, ,95.3, 
2010/6/9,13:00,0.0, ,176020, ,14.12, ,24.60, ,95.3, 
2010/6/9,14:00,0.0, ,175850, ,13.15, ,60.70, ,95.1, 
2010/6/9,15:00,0.0, ,175680, ,18.64, ,60.60, ,95.0, 
2010/6/9,16:00,0.0, ,175570, ,16.43, ,60.70, ,94.9, 
2010/6/9,17:00,0.0, ,175350, ,13.79, ,60.60, ,94.8, 
2010/6/9,18:00,0.0, ,175230, ,13.75, ,47.80, ,94.7, 
2010/6/9,19:00,0.0, ,175060, ,10.87, ,60.60, ,94.6, 
2010/6/9,20:00,0.0, ,175010, ,11.72, ,26.00, ,94.6, 
2010/6/9,21:00,0.0, ,174950, ,12.45, ,21.70, ,94.5, 
2010/6/9,22:00,0.0, ,174950, ,8.59, ,21.30, ,94.5, 
2010/6/9,23:00,0.0, ,174890, ,14.88, ,21.40, ,94.5, 
2010/6/9,24:00,0.0, ,174840, ,11.31, ,24.50, ,94.4, 
2010/6/10,01:00,0.0, ,174840, ,10.33, ,22.10, ,94.4, 
2010/6/10,02:00,0.0, ,174730, ,6.76, ,22.00, ,94.4, 
2010/6/10,03:00,0.0, ,174730, ,6.40, ,21.70, ,94.4, 
2010/6/10,04:00,0.0, ,174610, ,6.30, ,21.80, ,94.3, 
2010/6/10,05:00,0.0, ,174560, ,7.09, ,21.50, ,94.3, 
2010/6/10,06:00,0.0, ,174560, ,1.04, ,0.00, ,94.3, 
2010/6/10,07:00,0.0, ,174560, ,0.03, ,1.40, ,94.3, 
2010/6/10,08:00,0.0, ,174500, ,6.12, ,21.60, ,94.2, 
2010/6/10,09:00,0.0, ,174440, ,7.07, ,24.80, ,94.2, 
2010/6/10,10:00,0.0, ,174390, ,6.80, ,21.60, ,94.1, 
2010/6/10,12:00,0.0, ,174220, ,14.85, ,56.50, ,94.0, 
2010/6/10,13:00,0.0, ,174160, ,12.86, ,30.30, ,94.0, 
2010/6/10,14:00,0.0, ,173990, ,11.43, ,56.40, ,93.9, 
2010/6/10,15:00,0.0, ,173830, ,15.90, ,60.80, ,93.8, 
2010/6/10,16:00,0.0, ,173660, ,12.20, ,60.80, ,93.6, 
2010/6/10,17:00,0.0, ,173490, ,13.72, ,61.10, ,93.5, 
2010/6/10,18:00,0.0, ,173320, ,12.79, ,61.00, ,93.4, 
2010/6/10,19:00,0.0, ,173150, ,14.00, ,60.70, ,93.3, 
2010/6/10,20:00,0.0, ,172980, ,12.05, ,60.80, ,93.2, 
2010/6/10,21:00,0.0, ,172930, ,11.60, ,24.50, ,93.1, 
2010/6/10,22:00,0.0, ,172870, ,8.21, ,24.40, ,93.1, 
2010/6/10,23:00,0.0, ,172760, ,9.32, ,24.70, ,93.0, 
2010/6/10,24:00,0.0, ,172760, ,9.25, ,24.50, ,93.0, 
2010/6/11,01:00,0.0, ,172700, ,8.79, ,22.10, ,93.0, 
2010/6/11,02:00,0.0, ,172650, ,9.63, ,21.60, ,93.0, 
2010/6/11,03:00,0.0, ,172540, ,4.16, ,21.70, ,92.9, 
2010/6/11,04:00,0.0, ,172480, ,5.42, ,33.50, ,92.8, 
2010/6/11,05:00,0.0, ,172370, ,4.83, ,36.30, ,92.8, 
2010/6/11,06:00,0.0, ,172310, ,5.03, ,0.00, ,92.7, 
2010/6/11,07:00,0.0, ,172310, ,0.03, ,1.60, ,92.7, 
2010/6/11,08:00,0.0, ,172260, ,10.85, ,28.80, ,92.7, 
2010/6/11,09:00,0.0, ,172200, ,8.83, ,29.40, ,92.7, 
2010/6/11,10:00,0.0, ,172090, ,6.39, ,35.00, ,92.6, 
2010/6/11,11:00,0.0, ,171920, ,11.08, ,61.30, ,92.5, 
2010/6/11,12:00,0.0, ,171750, ,15.76, ,61.20, ,92.3, 
2010/6/11,13:00,0.0, ,171700, ,12.05, ,29.30, ,92.3, 
2010/6/11,14:00,0.0, ,171480, ,8.44, ,61.30, ,92.2, 
2010/6/11,15:00,0.0, ,171310, ,11.85, ,61.70, ,92.0, 
2010/6/11,16:00,0.0, ,171140, ,13.40, ,61.30, ,91.9, 
2010/6/11,17:00,0.0, ,170970, ,14.42, ,61.20, ,91.8, 
2010/6/11,18:00,0.0, ,170810, ,11.20, ,61.40, ,91.7, 
2010/6/11,19:00,0.0, ,170640, ,13.50, ,61.30, ,91.6, 
2010/6/11,20:00,0.0, ,170470, ,11.80, ,61.60, ,91.5, 
2010/6/11,21:00,0.0, ,170250, ,13.07, ,61.40, ,91.3, 
2010/6/11,22:00,0.0, ,170090, ,13.63, ,61.10, ,91.2, 
2010/6/11,23:00,0.0, ,170030, ,9.03, ,26.70, ,91.2, 
2010/6/11,24:00,0.0, ,169970, ,10.75, ,24.70, ,91.1, 
2010/6/12,01:00,0.0, ,169920, ,8.61, ,22.10, ,91.1, 
2010/6/12,02:00,0.0, ,169860, ,5.01, ,21.70, ,91.1, 
2010/6/12,03:00,0.0, ,169750, ,5.33, ,21.70, ,91.0, 
2010/6/12,04:00,0.0, ,169700, ,3.93, ,21.90, ,91.0, 
2010/6/12,05:00,0.0, ,169640, ,5.56, ,21.80, ,90.9, 
2010/6/12,06:00,0.0, ,169590, ,4.69, ,22.10, ,90.9, 
2010/6/12,07:00,0.0, ,169480, ,4.81, ,21.70, ,90.8, 
2010/6/12,08:00,0.0, ,169420, ,4.27, ,29.00, ,90.8, 
2010/6/12,09:00,0.0, ,169310, ,4.17, ,29.70, ,90.7, 
2010/6/12,10:00,0.0, ,169140, ,7.61, ,60.20, ,90.6, 
2010/6/12,11:00,0.0, ,168980, ,12.47, ,61.70, ,90.5, 
2010/6/12,12:00,0.0, ,168760, ,11.74, ,61.50, ,90.3, 
2010/6/12,13:00,0.0, ,168700, ,11.01, ,29.50, ,90.3, 
2010/6/12,14:00,0.0, ,168540, ,9.72, ,61.50, ,90.2, 
2010/6/12,15:00,0.0, ,168370, ,12.86, ,61.80, ,90.0, 
2010/6/12,16:00,0.0, ,168200, ,14.75, ,61.70, ,89.9, 
2010/6/12,17:00,0.0, ,167980, ,13.21, ,61.90, ,89.8, 
2010/6/12,18:00,0.0, ,167820, ,11.49, ,61.60, ,89.7, 
2010/6/12,19:00,0.0, ,167650, ,13.84, ,61.80, ,89.6, 
2010/6/12,20:00,0.0, ,167490, ,13.63, ,61.70, ,89.4, 
2010/6/12,21:00,0.0, ,167320, ,11.41, ,61.60, ,89.3, 
2010/6/12,22:00,0.0, ,167210, ,12.79, ,32.40, ,89.3, 
2010/6/12,23:00,0.0, ,167160, ,8.68, ,25.20, ,89.2, 
2010/6/12,24:00,0.0, ,167100, ,6.62, ,22.10, ,89.2, 
2010/6/13,01:00,0.0, ,166990, ,7.11, ,22.30, ,89.1, 
2010/6/13,02:00,0.0, ,166940, ,3.64, ,22.40, ,89.1, 
2010/6/13,03:00,0.3, ,166880, ,5.24, ,21.80, ,89.0, 
2010/6/13,04:00,0.9, ,166830, ,7.09, ,21.80, ,89.0, 
2010/6/13,05:00,2.5, ,166720, ,4.79, ,21.90, ,88.9, 
2010/6/13,06:00,1.5, ,166660, ,3.66, ,22.20, ,88.9, 
2010/6/13,07:00,4.1, ,166610, ,10.42, ,22.50, ,88.9, 
2010/6/13,08:00,3.9, ,166550, ,6.87, ,32.20, ,88.8, 
2010/6/13,09:00,7.0, ,166500, ,13.16, ,32.30, ,88.8, 
2010/6/13,10:00,10.2, ,166500, ,27.65, ,32.20, ,88.8, 
2010/6/13,11:00,0.1, ,166390, ,26.66, ,60.70, ,88.7, 
2010/6/13,12:00,0.2, ,166330, ,23.29, ,30.80, ,88.7, 
2010/6/13,13:00,0.0, ,166280, ,23.12, ,32.70, ,88.6, 
2010/6/13,14:00,0.1, ,166280, ,22.60, ,32.70, ,88.6, 
2010/6/13,15:00,0.0, ,166230, ,25.25, ,29.90, ,88.6, 
2010/6/13,16:00,0.0, ,166230, ,20.40, ,29.30, ,88.6, 
2010/6/13,17:00,0.0, ,166170, ,22.70, ,29.60, ,88.6, 
2010/6/13,18:00,0.0, ,166170, ,22.34, ,32.60, ,88.6, 
2010/6/13,19:00,0.5, ,166120, ,18.92, ,29.50, ,88.5, 
2010/6/13,20:00,0.0, ,166060, ,19.93, ,29.20, ,88.5, 
2010/6/13,21:00,0.1, ,166010, ,19.65, ,29.70, ,88.4, 
2010/6/13,22:00,0.0, ,166010, ,13.51, ,25.10, ,88.4, 
2010/6/13,23:00,0.0, ,165950, ,12.25, ,22.20, ,88.4, 
2010/6/13,24:00,0.0, ,165900, ,12.54, ,22.10, ,88.4, 
2010/6/14,01:00,0.0, ,165900, ,13.04, ,22.50, ,88.4, 
2010/6/14,02:00,0.0, ,165840, ,8.22, ,21.80, ,88.3, 
2010/6/14,03:00,0.0, ,165790, ,6.96, ,21.90, ,88.3, 
2010/6/14,04:00,0.0, ,165730, ,6.51, ,22.30, ,88.3, 
2010/6/14,05:00,0.0, ,165680, ,7.73, ,22.40, ,88.2, 
2010/6/14,06:00,0.0, ,165680, ,10.48, ,1.30, ,88.2, 
2010/6/14,07:00,0.0, ,165620, ,6.43, ,29.80, ,88.2, 
2010/6/14,08:00,0.0, ,165410, ,6.71, ,59.00, ,88.0, 
2010/6/14,09:00,0.0, ,165240, ,11.94, ,62.00, ,87.9, 
2010/6/14,10:00,0.0, ,165080, ,11.92, ,62.20, ,87.8, 
2010/6/14,11:00,0.0, ,164910, ,16.30, ,62.30, ,87.7, 
2010/6/14,12:00,0.0, ,164750, ,12.55, ,62.00, ,87.6, 
2010/6/14,13:00,0.0, ,164640, ,14.87, ,25.40, ,87.5, 
2010/6/14,14:00,0.0, ,164530, ,12.14, ,61.90, ,87.4, 
2010/6/14,15:00,0.0, ,164320, ,15.48, ,62.60, ,87.3, 
2010/6/14,16:00,0.0, ,164210, ,17.28, ,62.20, ,87.2, 
2010/6/14,17:00,0.0, ,163990, ,16.60, ,62.20, ,87.1, 
2010/6/14,18:00,0.0, ,163880, ,17.41, ,62.70, ,87.0, 
2010/6/14,19:00,0.0, ,163660, ,14.69, ,62.40, ,86.8, 
2010/6/14,20:00,0.0, ,163560, ,19.24, ,55.10, ,86.8, 
2010/6/14,21:00,0.0, ,163500, ,13.85, ,25.10, ,86.7, 
2010/6/14,22:00,0.0, ,163450, ,15.94, ,25.40, ,86.7, 
2010/6/14,23:00,0.0, ,163390, ,9.02, ,25.60, ,86.7, 
2010/6/14,24:00,0.0, ,163340, ,11.24, ,25.40, ,86.6, 
2010/6/15,01:00,0.0, ,163290, ,9.22, ,25.40, ,86.6, 
2010/6/15,02:00,0.1, ,163230, ,9.81, ,22.40, ,86.6, 
2010/6/15,03:00,0.0, ,163180, ,5.95, ,22.30, ,86.5, 
2010/6/15,04:00,1.5, ,163120, ,9.25, ,22.20, ,86.5, 
2010/6/15,05:00,1.1, ,163070, ,10.54, ,22.50, ,86.4, 
2010/6/15,06:00,2.3, ,163010, ,6.07, ,22.10, ,86.4, 
2010/6/15,07:00,3.0, ,162960, ,11.30, ,22.10, ,86.4, 
2010/6/15,08:00,1.8, ,162910, ,6.52, ,32.70, ,86.3, 
2010/6/15,09:00,0.4, ,162740, ,13.40, ,50.70, ,86.2, 
2010/6/15,10:00,1.6, ,162580, ,11.89, ,62.30, ,86.1, 
2010/6/15,11:00,3.7, ,162420, ,17.86, ,62.30, ,86.0, 
2010/6/15,12:00,3.6, ,162310, ,24.42, ,62.30, ,85.9, 
2010/6/15,13:00,2.0, ,162150, ,22.48, ,62.80, ,85.8, 
2010/6/15,14:00,3.0, ,162040, ,25.50, ,62.70, ,85.7, 
2010/6/15,15:00,9.5, ,161940, ,29.28, ,62.60, ,85.7, 
2010/6/15,16:00,12.1, ,161940, ,40.33, ,42.00, ,85.7, 
2010/6/15,17:00,8.8, ,162100, ,53.46, ,22.40, ,85.8, 
2010/6/15,18:00,4.5, ,162470, ,101.01, ,22.30, ,86.0, 
2010/6/15,19:00,0.0, ,163010, ,144.80, ,0.00, ,86.4, 
2010/6/15,20:00,0.0, ,163500, ,134.73, ,0.00, ,86.7, 
2010/6/15,21:00,0.0, ,163880, ,117.39, ,0.00, ,87.0, 
2010/6/15,22:00,0.0, ,164210, ,95.46, ,0.00, ,87.2, 
2010/6/15,23:00,0.0, ,164420, ,79.22, ,0.00, ,87.4, 
2010/6/15,24:00,0.0, ,164640, ,63.19, ,0.00, ,87.5, 
2010/6/16,01:00,0.0, ,164810, ,56.94, ,0.00, ,87.6, 
2010/6/16,02:00,0.0, ,165020, ,47.90, ,0.00, ,87.8, 
2010/6/16,03:00,0.1, ,165130, ,43.39, ,0.00, ,87.8, 
2010/6/16,04:00,0.0, ,165300, ,37.36, ,0.00, ,88.0, 
2010/6/16,05:00,0.0, ,165410, ,34.60, ,0.00, ,88.0, 
2010/6/16,06:00,0.0, ,165510, ,34.61, ,0.00, ,88.1, 
2010/6/16,07:00,0.0, ,165570, ,26.29, ,0.00, ,88.1, 
2010/6/16,08:00,0.0, ,165730, ,30.34, ,0.00, ,88.3, 
2010/6/16,09:00,0.0, ,165790, ,27.82, ,0.00, ,88.3, 
2010/6/16,10:00,0.0, ,165900, ,29.61, ,0.00, ,88.4, 
2010/6/16,11:00,0.0, ,166060, ,30.63, ,0.00, ,88.5, 
2010/6/16,12:00,0.0, ,166120, ,30.64, ,0.00, ,88.5, 
2010/6/16,13:00,0.0, ,166230, ,25.84, ,0.00, ,88.6, 
2010/6/16,14:00,0.0, ,166280, ,23.57, ,0.00, ,88.6, 
2010/6/16,15:00,0.0, ,166390, ,24.86, ,0.00, ,88.7, 
2010/6/16,16:00,0.0, ,166500, ,21.07, ,0.00, ,88.8, 
2010/6/16,17:00,0.0, ,166550, ,24.88, ,0.00, ,88.8, 
2010/6/16,18:00,0.0, ,166660, ,21.58, ,0.00, ,88.9, 
2010/6/16,19:00,0.0, ,166720, ,24.92, ,1.40, ,88.9, 
2010/6/16,20:00,0.0, ,166720, ,21.35, ,24.80, ,88.9, 
2010/6/16,21:00,0.0, ,166720, ,24.37, ,23.40, ,88.9, 
2010/6/16,22:00,0.0, ,166720, ,23.58, ,23.10, ,88.9, 
2010/6/16,23:00,0.0, ,166720, ,23.59, ,23.80, ,88.9, 
2010/6/16,24:00,0.0, ,166720, ,12.19, ,0.00, ,88.9, 
2010/6/17,01:00,0.0, ,166770, ,10.17, ,0.00, ,89.0, 
2010/6/17,02:00,0.0, ,166830, ,20.33, ,0.00, ,89.0, 
2010/6/17,03:00,0.0, ,166880, ,10.42, ,0.00, ,89.0, 
2010/6/17,04:00,0.0, ,166940, ,17.79, ,0.00, ,89.1, 
2010/6/17,05:00,0.0, ,166990, ,5.85, ,0.00, ,89.1, 
2010/6/17,06:00,0.0, ,167050, ,18.07, ,0.80, ,89.1, 
2010/6/17,07:00,0.0, ,167050, ,21.79, ,26.80, ,89.1, 
2010/6/17,08:00,0.0, ,166990, ,22.46, ,26.30, ,89.1, 
2010/6/17,09:00,0.0, ,166940, ,12.36, ,36.90, ,89.1, 
2010/6/17,10:00,0.0, ,166880, ,17.55, ,36.70, ,89.0, 
2010/6/17,11:00,0.0, ,166770, ,17.73, ,51.70, ,89.0, 
2010/6/17,12:00,0.0, ,166660, ,23.77, ,48.80, ,88.9, 
2010/6/17,13:00,0.0, ,166610, ,18.86, ,29.60, ,88.9, 
2010/6/17,14:00,0.0, ,166500, ,21.06, ,48.80, ,88.8, 
2010/6/17,15:00,0.0, ,166390, ,19.29, ,49.00, ,88.7, 
2010/6/17,16:00,0.0, ,166330, ,22.75, ,51.80, ,88.7, 
2010/6/17,17:00,0.0, ,166230, ,25.90, ,48.50, ,88.6, 
2010/6/17,18:00,0.0, ,166170, ,19.38, ,33.90, ,88.6, 
2010/6/17,19:00,0.0, ,166120, ,21.82, ,34.00, ,88.5, 
2010/6/17,20:00,0.0, ,166120, ,18.95, ,23.90, ,88.5, 
2010/6/17,21:00,0.0, ,166060, ,17.87, ,22.10, ,88.5, 
2010/6/17,22:00,0.0, ,166060, ,13.16, ,24.90, ,88.5, 
2010/6/17,23:00,0.0, ,166010, ,18.37, ,22.10, ,88.4, 
2010/6/17,24:00,0.0, ,166010, ,12.55, ,21.80, ,88.4, 
2010/6/18,01:00,0.0, ,165950, ,17.08, ,22.30, ,88.4, 
2010/6/18,02:00,0.0, ,165950, ,2.57, ,0.00, ,88.4, 
2010/6/18,03:00,0.0, ,165950, ,0.00, ,0.00, ,88.4, 
2010/6/18,04:00,0.0, ,166010, ,14.43, ,0.00, ,88.4, 
2010/6/18,05:00,0.0, ,166060, ,5.06, ,0.00, ,88.5, 
2010/6/18,06:00,0.6, ,166060, ,10.89, ,0.00, ,88.5, 
2010/6/18,07:00,1.0, ,166120, ,13.71, ,1.80, ,88.5, 
2010/6/18,08:00,1.4, ,166120, ,12.30, ,22.30, ,88.5, 
2010/6/18,09:00,1.1, ,166060, ,28.74, ,37.20, ,88.5, 
2010/6/18,10:00,0.6, ,166010, ,17.00, ,35.40, ,88.4, 
2010/6/18,11:00,1.9, ,166010, ,19.64, ,25.00, ,88.4, 
2010/6/18,12:00,0.5, ,166010, ,23.89, ,22.30, ,88.4, 
2010/6/18,13:00,2.0, ,165950, ,10.26, ,22.20, ,88.4, 
2010/6/18,14:00,1.5, ,165900, ,23.72, ,48.90, ,88.4, 
2010/6/18,15:00,1.2, ,165790, ,25.26, ,48.80, ,88.3, 
2010/6/18,16:00,4.2, ,165680, ,21.15, ,51.50, ,88.2, 
2010/6/18,17:00,4.3, ,165620, ,27.57, ,48.60, ,88.2, 
2010/6/18,18:00,7.4, ,165570, ,36.12, ,51.80, ,88.1, 
2010/6/18,19:00,3.3, ,165510, ,34.44, ,49.00, ,88.1, 
2010/6/18,20:00,2.8, ,165510, ,41.01, ,47.40, ,88.1, 
2010/6/18,21:00,0.1, ,165620, ,37.39, ,0.00, ,88.2, 
2010/6/18,22:00,2.2, ,165840, ,45.77, ,0.00, ,88.3, 
2010/6/18,23:00,1.2, ,166010, ,56.18, ,0.00, ,88.4, 
2010/6/18,24:00,0.9, ,166230, ,53.94, ,0.00, ,88.6, 
2010/6/19,01:00,0.1, ,166330, ,45.62, ,0.00, ,88.7, 
2010/6/19,02:00,0.1, ,166500, ,44.66, ,0.00, ,88.8, 
2010/6/19,03:00,0.3, ,166610, ,27.17, ,0.00, ,88.9, 
2010/6/19,04:00,4.7, ,166720, ,35.81, ,0.00, ,88.9, 
2010/6/19,05:00,0.8, ,166880, ,37.35, ,0.00, ,89.0, 
2010/6/19,06:00,0.0, ,166940, ,29.74, ,0.00, ,89.1, 
2010/6/19,07:00,0.0, ,167100, ,34.11, ,2.00, ,89.2, 
2010/6/19,08:00,0.0, ,167100, ,28.83, ,22.50, ,89.2, 
2010/6/19,09:00,0.0, ,167100, ,36.49, ,51.50, ,89.2, 
2010/6/19,10:00,0.1, ,167050, ,48.06, ,51.70, ,89.1, 
2010/6/19,11:00,0.7, ,166990, ,40.31, ,54.70, ,89.1, 
2010/6/19,12:00,1.2, ,166990, ,38.87, ,51.50, ,89.1, 
2010/6/19,13:00,0.1, ,166880, ,37.79, ,54.90, ,89.0, 
2010/6/19,14:00,0.0, ,166830, ,38.83, ,54.40, ,89.0, 
2010/6/19,15:00,0.0, ,166770, ,33.59, ,51.60, ,89.0, 
2010/6/19,16:00,0.0, ,166720, ,33.23, ,54.50, ,88.9, 
2010/6/19,17:00,0.0, ,166660, ,34.32, ,50.20, ,88.9, 
2010/6/19,18:00,0.0, ,166720, ,27.27, ,2.60, ,88.9, 
2010/6/19,19:00,0.0, ,166720, ,26.37, ,29.70, ,88.9, 
2010/6/19,20:00,0.0, ,166660, ,41.46, ,48.50, ,88.9, 
2010/6/19,21:00,0.0, ,166770, ,29.24, ,0.00, ,89.0, 
2010/6/19,22:00,0.0, ,166830, ,25.41, ,0.00, ,89.0, 
2010/6/19,23:00,0.0, ,166940, ,25.67, ,0.00, ,89.1, 
2010/6/19,24:00,0.0, ,167050, ,24.41, ,0.00, ,90.4, 
2010/6/20,01:00,0.0, ,167160, ,29.51, ,0.00, ,90.4, 
2010/6/20,02:00,0.0, ,167210, ,29.01, ,0.00, ,90.5, 
2010/6/20,03:00,0.0, ,167270, ,13.74, ,0.00, ,90.5, 
2010/6/20,04:00,0.0, ,167380, ,20.11, ,0.00, ,90.6, 
2010/6/20,05:00,0.0, ,167430, ,23.94, ,0.00, ,90.6, 
2010/6/20,06:00,0.0, ,167490, ,14.54, ,1.60, ,90.7, 
2010/6/20,07:00,0.0, ,167490, ,20.41, ,22.40, ,90.7, 
2010/6/20,08:00,0.0, ,167430, ,31.89, ,52.00, ,90.6, 
2010/6/20,09:00,0.0, ,167320, ,23.58, ,51.70, ,90.6, 
2010/6/20,10:00,0.2, ,167210, ,24.36, ,51.30, ,90.5, 
2010/6/20,11:00,0.1, ,167160, ,27.42, ,51.50, ,90.4, 
2010/6/20,12:00,0.2, ,167050, ,25.91, ,51.70, ,90.4, 
2010/6/20,13:00,0.0, ,166940, ,27.23, ,51.90, ,90.3, 
2010/6/20,14:00,0.0, ,166880, ,26.21, ,51.60, ,90.3, 
2010/6/20,15:00,0.0, ,166770, ,27.50, ,51.70, ,90.2, 
2010/6/20,16:00,0.0, ,166720, ,27.22, ,49.90, ,90.1, 
2010/6/20,17:00,0.4, ,166720, ,20.33, ,0.00, ,90.1, 
2010/6/20,18:00,1.1, ,166830, ,13.98, ,0.00, ,90.2, 
2010/6/20,19:00,0.6, ,166880, ,24.40, ,0.00, ,90.3, 
2010/6/20,20:00,0.3, ,166990, ,25.93, ,0.00, ,90.3, 
2010/6/20,21:00,3.9, ,167100, ,20.35, ,0.00, ,90.4, 
2010/6/20,22:00,3.3, ,167160, ,27.73, ,0.00, ,90.4, 
2010/6/20,23:00,0.2, ,167270, ,31.55, ,0.00, ,90.5, 
2010/6/20,24:00,0.0, ,167380, ,24.94, ,0.00, ,91.6, 
2010/6/21,01:00,0.0, ,167430, ,23.17, ,0.00, ,91.6, 
2010/6/21,02:00,0.1, ,167540, ,25.47, ,0.00, ,91.7, 
2010/6/21,03:00,0.0, ,167600, ,14.01, ,0.00, ,91.7, 
2010/6/21,04:00,0.0, ,167650, ,18.86, ,0.00, ,91.8, 
2010/6/21,05:00,0.0, ,167710, ,17.58, ,0.00, ,91.8, 
2010/6/21,06:00,0.0, ,167760, ,16.06, ,0.00, ,91.9, 
2010/6/21,07:00,0.0, ,167820, ,18.61, ,0.00, ,91.9, 
2010/6/21,08:00,0.0, ,167870, ,15.56, ,0.00, ,91.9, 
2010/6/21,09:00,0.0, ,167980, ,19.89, ,0.00, ,92.0, 
2010/6/21,10:00,0.0, ,168040, ,19.65, ,0.00, ,92.0, 
2010/6/21,11:00,0.0, ,168150, ,26.28, ,0.00, ,92.1, 
2010/6/21,12:00,0.0, ,168200, ,19.66, ,0.00, ,92.2, 
2010/6/21,13:00,0.0, ,168310, ,21.19, ,0.00, ,92.2, 
2010/6/21,14:00,0.0, ,168370, ,23.49, ,0.00, ,92.3, 
2010/6/21,15:00,0.0, ,168480, ,21.97, ,0.00, ,92.3, 
2010/6/21,16:00,0.0, ,168540, ,24.28, ,0.00, ,92.4, 
2010/6/21,17:00,0.0, ,168650, ,21.98, ,0.00, ,92.5, 
2010/6/21,18:00,0.0, ,168700, ,25.57, ,0.00, ,92.5, 
2010/6/21,19:00,0.0, ,168810, ,23.79, ,0.00, ,92.6, 
2010/6/21,20:00,0.5, ,168870, ,22.79, ,1.30, ,92.6, 
2010/6/21,21:00,0.6, ,168870, ,22.25, ,29.20, ,92.6, 
2010/6/21,22:00,0.5, ,168870, ,35.63, ,42.20, ,92.6, 
2010/6/21,23:00,0.6, ,168870, ,21.51, ,0.00, ,92.6, 
2010/6/21,24:00,0.0, ,168980, ,11.52, ,0.00, ,92.7, 
2010/6/22,01:00,0.0, ,169030, ,23.04, ,0.00, ,92.7, 
2010/6/22,02:00,0.0, ,169090, ,12.54, ,0.00, ,92.8, 
2010/6/22,03:00,1.9, ,169140, ,18.43, ,0.00, ,92.8, 
2010/6/22,04:00,0.2, ,169200, ,12.55, ,0.00, ,92.8, 
2010/6/22,05:00,0.0, ,169250, ,17.93, ,0.00, ,92.9, 
2010/6/22,06:00,0.0, ,169310, ,12.04, ,0.00, ,92.9, 
2010/6/22,07:00,0.0, ,169360, ,18.70, ,0.00, ,92.9, 
2010/6/22,08:00,0.0, ,169420, ,12.05, ,0.00, ,93.0, 
2010/6/22,09:00,0.0, ,169420, ,14.87, ,0.00, ,93.0, 
2010/6/22,10:00,0.0, ,169530, ,15.38, ,0.00, ,93.1, 
2010/6/22,11:00,0.0, ,169590, ,23.59, ,0.00, ,93.1, 
2010/6/22,12:00,0.0, ,169700, ,22.06, ,0.00, ,93.2, 
2010/6/22,13:00,0.0, ,169750, ,23.60, ,0.00, ,93.2, 
2010/6/22,14:00,0.0, ,169860, ,19.76, ,0.00, ,93.3, 
2010/6/22,15:00,0.0, ,169920, ,20.02, ,0.00, ,93.3, 
2010/6/22,16:00,0.0, ,169970, ,20.02, ,0.00, ,93.4, 
2010/6/22,17:00,3.5, ,170090, ,20.29, ,0.00, ,93.4, 
2010/6/22,18:00,0.0, ,170140, ,30.06, ,0.00, ,93.5, 
2010/6/22,19:00,0.1, ,170250, ,24.41, ,0.00, ,93.5, 
2010/6/22,20:00,0.4, ,170310, ,20.59, ,1.70, ,93.6, 
2010/6/22,21:00,4.5, ,170360, ,23.81, ,29.10, ,93.6, 
2010/6/22,22:00,4.0, ,170420, ,53.78, ,42.20, ,93.7, 
2010/6/22,23:00,3.4, ,170530, ,47.16, ,0.00, ,93.7, 
2010/6/22,24:00,1.3, ,170700, ,40.14, ,0.00, ,93.8, 
2010/6/23,01:00,0.4, ,170860, ,48.40, ,0.00, ,93.9, 
2010/6/23,02:00,0.5, ,171030, ,47.39, ,0.00, ,94.0, 
2010/6/23,03:00,2.5, ,171200, ,40.20, ,0.00, ,94.2, 
2010/6/23,04:00,1.4, ,171360, ,43.57, ,0.00, ,94.3, 
2010/6/23,05:00,0.0, ,171480, ,38.69, ,0.00, ,94.3, 
2010/6/23,06:00,0.0, ,171590, ,36.64, ,0.00, ,94.4, 
2010/6/23,07:00,1.0, ,171750, ,35.88, ,0.00, ,94.5, 
2010/6/23,08:00,0.0, ,171870, ,39.78, ,0.00, ,94.6, 
2010/6/23,09:00,0.0, ,171980, ,31.01, ,0.00, ,94.7, 
2010/6/23,10:00,0.0, ,172090, ,39.03, ,0.00, ,94.8, 
2010/6/23,11:00,0.0, ,172260, ,38.27, ,0.00, ,94.9, 
2010/6/23,12:00,0.0, ,172370, ,36.48, ,0.00, ,95.0, 
2010/6/23,13:00,0.0, ,172540, ,38.57, ,0.00, ,95.1, 
2010/6/23,14:00,0.0, ,172650, ,36.25, ,0.00, ,95.1, 
2010/6/23,15:00,0.0, ,172820, ,33.93, ,0.00, ,95.3, 
2010/6/23,16:00,0.0, ,172930, ,36.80, ,0.00, ,95.3, 
2010/6/23,17:00,0.0, ,173040, ,34.74, ,0.00, ,95.4, 
2010/6/23,18:00,0.0, ,173150, ,30.86, ,0.00, ,95.5, 
2010/6/23,19:00,0.0, ,173260, ,33.47, ,0.00, ,95.6, 
2010/6/23,20:00,0.0, ,173380, ,30.10, ,0.00, ,95.6, 
2010/6/23,21:00,0.0, ,173490, ,31.68, ,0.00, ,95.7, 
2010/6/23,22:00,0.0, ,173600, ,29.35, ,0.00, ,95.8, 
2010/6/23,23:00,0.0, ,173710, ,30.40, ,0.00, ,95.9, 
2010/6/23,24:00,0.0, ,173770, ,26.77, ,0.00, ,95.5, 
2010/6/24,01:00,0.0, ,173880, ,25.74, ,0.00, ,95.6, 
2010/6/24,02:00,0.0, ,173940, ,21.06, ,0.00, ,95.7, 
2010/6/24,03:00,0.0, ,174050, ,20.03, ,0.00, ,95.7, 
2010/6/24,04:00,0.0, ,174110, ,21.85, ,0.00, ,95.8, 
2010/6/24,05:00,0.0, ,174160, ,20.30, ,0.00, ,95.8, 
2010/6/24,06:00,0.0, ,174220, ,20.04, ,0.00, ,95.8, 
2010/6/24,07:00,0.0, ,174330, ,17.18, ,0.00, ,95.9, 
2010/6/24,08:00,0.0, ,174390, ,22.39, ,0.00, ,96.0, 
2010/6/24,09:00,0.0, ,174440, ,20.58, ,0.00, ,96.0, 
2010/6/24,10:00,0.0, ,174560, ,25.27, ,0.00, ,96.1, 
2010/6/24,11:00,0.0, ,174670, ,22.41, ,0.00, ,96.1, 
2010/6/24,12:00,0.0, ,174730, ,26.59, ,0.00, ,96.2, 
2010/6/24,13:00,0.0, ,174840, ,24.25, ,0.00, ,96.3, 
2010/6/24,14:00,0.0, ,174890, ,23.73, ,0.00, ,96.3, 
2010/6/24,15:00,0.0, ,175010, ,24.79, ,0.00, ,96.4, 
2010/6/24,16:00,0.0, ,175120, ,24.79, ,0.00, ,96.5, 
2010/6/24,17:00,0.0, ,175180, ,26.63, ,0.00, ,96.5, 
2010/6/24,18:00,0.0, ,175290, ,20.89, ,0.00, ,96.6, 
2010/6/24,19:00,0.0, ,175350, ,26.67, ,1.70, ,96.6, 
2010/6/24,20:00,0.0, ,175350, ,23.27, ,28.80, ,96.6, 
2010/6/24,21:00,0.0, ,175350, ,28.87, ,28.70, ,96.6, 
2010/6/24,22:00,0.0, ,175400, ,19.01, ,0.00, ,96.6, 
2010/6/24,23:00,0.0, ,175460, ,20.39, ,0.00, ,96.7, 
2010/6/24,24:00,0.0, ,175510, ,19.08, ,0.00, ,96.6, 
2010/6/25,01:00,0.0, ,175630, ,20.91, ,0.00, ,96.7, 
2010/6/25,02:00,0.0, ,175630, ,13.86, ,0.00, ,96.7, 
2010/6/25,03:00,0.0, ,175740, ,16.21, ,0.00, ,96.7, 
2010/6/25,04:00,0.0, ,175740, ,15.17, ,0.00, ,96.7, 
2010/6/25,05:00,0.0, ,175800, ,14.92, ,0.00, ,96.8, 
2010/6/25,06:00,0.0, ,175850, ,14.65, ,0.00, ,96.8, 
2010/6/25,07:00,0.0, ,175910, ,16.22, ,0.00, ,96.9, 
2010/6/25,08:00,0.0, ,175970, ,11.78, ,0.00, ,96.9, 
2010/6/25,09:00,0.2, ,176020, ,13.35, ,0.00, ,96.9, 
2010/6/25,10:00,1.6, ,176140, ,20.42, ,0.00, ,97.0, 
2010/6/25,11:00,1.2, ,176190, ,24.35, ,0.00, ,97.0, 
2010/6/25,12:00,1.3, ,176250, ,21.48, ,0.00, ,97.1, 
2010/6/25,13:00,3.5, ,176360, ,24.89, ,0.00, ,97.2, 
2010/6/25,14:00,4.7, ,176480, ,30.14, ,0.00, ,97.2, 
2010/6/25,15:00,4.1, ,176590, ,29.37, ,0.00, ,97.3, 
2010/6/25,16:00,3.2, ,176700, ,31.47, ,0.00, ,97.4, 
2010/6/25,17:00,1.2, ,176820, ,31.48, ,0.00, ,97.5, 
2010/6/25,18:00,1.1, ,176930, ,32.02, ,0.00, ,97.5, 
2010/6/25,19:00,3.9, ,177040, ,33.87, ,0.00, ,97.6, 
2010/6/25,20:00,7.6, ,177330, ,54.64, ,0.00, ,97.8, 
2010/6/25,21:00,9.4, ,177720, ,87.52, ,0.00, ,98.1, 
2010/6/25,22:00,8.4, ,178120, ,108.88, ,0.00, ,98.4, 
2010/6/25,23:00,11.9, ,178690, ,147.24, ,0.00, ,98.7, 
2010/6/25,24:00,10.1, ,179430, ,176.03, ,0.00, ,99.0, 
2010/6/26,01:00,9.5, ,180410, ,230.46, ,0.00, ,99.6, 
2010/6/26,02:00,11.0, ,181670, ,313.48, ,0.00, ,100.0, 
2010/6/26,03:00,27.4, ,183110, ,359.55, ,0.00, ,100.0, 
2010/6/26,04:00,15.9, ,186310, ,617.92, ,28.20, ,100.0, 
2010/6/26,05:00,6.1, ,190070, ,1084.09, ,115.70, ,100.0, 
2010/6/26,06:00,10.5, ,192500, ,1025.94, ,377.06, ,100.0, 
2010/6/26,07:00,7.0, ,193750, ,898.49, ,660.14, ,100.0, 
2010/6/26,08:00,6.2, ,194160, ,859.56, ,668.04, ,100.0, 
2010/6/26,09:00,0.9, ,194280, ,716.54, ,540.12, ,100.0, 
2010/6/26,10:00,1.0, ,194580, ,593.05, ,410.96, ,100.0, 
2010/6/26,11:00,5.9, ,195060, ,510.94, ,319.96, ,100.0, 
2010/6/26,12:00,6.7, ,195720, ,474.59, ,276.84, ,100.0, 
2010/6/26,13:00,11.3, ,196680, ,512.07, ,330.68, ,100.0, 
2010/6/26,14:00,10.9, ,197580, ,613.58, ,452.10, ,100.0, 
2010/6/26,15:00,6.6, ,198310, ,737.82, ,717.96, ,100.0, 
2010/6/26,16:00,4.6, ,198370, ,756.36, ,718.20, ,100.0, 
2010/6/26,17:00,2.9, ,198250, ,668.19, ,578.80, ,100.0, 
2010/6/26,18:00,3.4, ,198430, ,577.62, ,475.44, ,100.0, 
2010/6/26,19:00,4.6, ,198670, ,533.28, ,389.44, ,100.0, 
2010/6/26,20:00,6.6, ,199160, ,501.27, ,371.20, ,100.0, 
2010/6/26,21:00,2.8, ,199760, ,520.70, ,393.36, ,100.0, 
2010/6/26,22:00,1.5, ,200190, ,546.03, ,434.24, ,100.0, 
2010/6/26,23:00,0.1, ,200370, ,519.51, ,435.56, ,100.0, 
2010/6/26,24:00,0.2, ,200550, ,473.92, ,364.00, ,100.0, 
2010/6/27,01:00,0.3, ,200800, ,422.16, ,323.72, ,100.0, 
2010/6/27,02:00,1.7, ,201100, ,385.81, ,275.98, ,100.0, 
2010/6/27,03:00,0.7, ,201290, ,351.68, ,242.36, ,100.0, 
2010/6/27,04:00,0.5, ,201710, ,317.91, ,185.89, ,100.0, 
2010/6/27,05:00,0.0, ,202140, ,296.44, ,166.24, ,100.0, 
2010/6/27,06:00,0.0, ,202570, ,284.27, ,145.30, ,100.0, 
2010/6/27,07:00,0.0, ,203000, ,268.01, ,127.68, ,100.0, 
2010/6/27,08:00,0.0, ,203370, ,250.56, ,127.90, ,100.0, 
2010/6/27,09:00,0.0, ,203800, ,231.50, ,110.56, ,100.0, 
2010/6/27,10:00,0.0, ,204170, ,213.68, ,110.78, ,100.0, 
2010/6/27,11:00,0.0, ,204470, ,208.02, ,111.14, ,100.0, 
2010/6/27,12:00,0.0, ,204780, ,195.77, ,111.10, ,100.0, 
2010/6/27,13:00,0.0, ,205030, ,187.18, ,111.70, ,100.0, 
2010/6/27,14:00,0.0, ,205210, ,183.48, ,139.26, ,100.0, 
2010/6/27,15:00,0.0, ,205280, ,172.48, ,156.54, ,100.0, 
2010/6/27,16:00,0.0, ,205280, ,161.52, ,157.04, ,100.0, 
2010/6/27,17:00,0.0, ,205340, ,166.95, ,150.20, ,100.0, 
2010/6/27,18:00,0.0, ,205340, ,153.17, ,150.00, ,100.0, 
2010/6/27,19:00,2.1, ,205340, ,144.64, ,139.52, ,100.0, 
2010/6/27,20:00,0.3, ,205340, ,138.12, ,133.96, ,100.0, 
2010/6/27,21:00,0.8, ,205400, ,141.60, ,136.36, ,100.0, 
2010/6/27,22:00,0.1, ,205400, ,145.55, ,136.36, ,100.0, 
2010/6/27,23:00,0.0, ,205400, ,136.60, ,136.96, ,100.0, 
2010/6/27,24:00,0.0, ,205400, ,135.99, ,131.48, ,100.0, 
2010/6/28,01:00,0.0, ,205400, ,131.90, ,131.48, ,100.0, 
2010/6/28,02:00,0.0, ,205340, ,113.94, ,127.28, ,100.0, 
2010/6/28,03:00,0.0, ,205280, ,122.56, ,121.70, ,100.0, 
2010/6/28,04:00,0.0, ,205280, ,101.17, ,103.34, ,100.0, 
2010/6/28,05:00,0.0, ,205280, ,107.11, ,103.24, ,100.0, 
2010/6/28,06:00,0.0, ,205280, ,103.32, ,103.44, ,100.0, 
2010/6/28,07:00,0.0, ,205280, ,103.34, ,103.44, ,100.0, 
2010/6/28,08:00,0.0, ,205280, ,103.34, ,103.04, ,100.0, 
2010/6/28,09:00,0.0, ,205280, ,103.01, ,100.54, ,100.0, 
2010/6/28,10:00,0.0, ,205210, ,98.34, ,79.06, ,100.0, 
2010/6/28,11:00,0.0, ,205210, ,74.14, ,63.68, ,100.0, 
2010/6/28,12:00,0.0, ,205280, ,74.84, ,60.29, ,100.0, 
2010/6/28,13:00,0.0, ,205400, ,87.79, ,60.10, ,100.0, 
2010/6/28,14:00,0.0, ,205520, ,87.22, ,59.81, ,100.0, 
2010/6/28,15:00,0.0, ,205580, ,91.76, ,72.24, ,100.0, 
2010/6/28,16:00,0.1, ,205580, ,82.69, ,80.82, ,100.0, 
2010/6/28,17:00,0.1, ,205580, ,80.95, ,90.66, ,100.0, 
2010/6/28,18:00,0.0, ,205580, ,90.54, ,99.14, ,100.0, 
2010/6/28,19:00,5.4, ,205520, ,91.90, ,99.20, ,100.0, 
2010/6/28,20:00,3.1, ,205400, ,72.67, ,99.32, ,100.0, 
2010/6/28,21:00,0.0, ,205340, ,79.19, ,98.98, ,100.0, 
2010/6/28,22:00,0.0, ,205280, ,76.89, ,100.34, ,100.0, 
2010/6/28,23:00,0.3, ,205150, ,75.31, ,100.46, ,100.0, 
2010/6/28,24:00,0.6, ,205090, ,72.21, ,100.22, ,100.0, 
2010/6/29,01:00,0.4, ,204970, ,75.02, ,100.34, ,100.0, 
2010/6/29,02:00,0.5, ,204840, ,72.69, ,100.26, ,100.0, 
2010/6/29,03:00,0.0, ,204720, ,66.92, ,100.38, ,100.0, 
2010/6/29,04:00,0.0, ,204600, ,63.43, ,100.00, ,100.0, 
2010/6/29,05:00,0.0, ,204470, ,65.38, ,100.02, ,100.0, 
2010/6/29,06:00,0.4, ,204350, ,63.33, ,99.94, ,100.0, 
2010/6/29,07:00,0.0, ,204230, ,63.85, ,100.16, ,100.0, 
2010/6/29,08:00,0.0, ,204110, ,62.65, ,100.16, ,100.0, 
2010/6/29,09:00,0.0, ,203920, ,57.45, ,99.64, ,100.0, 
2010/6/29,10:00,0.1, ,203800, ,59.95, ,99.56, ,100.0, 
2010/6/29,11:00,0.0, ,203610, ,55.91, ,99.44, ,100.0, 
2010/6/29,12:00,0.8, ,203490, ,58.13, ,99.66, ,100.0, 
2010/6/29,13:00,0.1, ,203310, ,54.08, ,99.62, ,100.0, 
2010/6/29,14:00,0.0, ,203120, ,52.85, ,99.30, ,100.0, 
2010/6/29,15:00,0.1, ,202940, ,55.36, ,99.48, ,100.0, 
2010/6/29,16:00,0.0, ,202820, ,50.54, ,100.54, ,100.0, 
2010/6/29,17:00,0.0, ,202630, ,53.68, ,100.10, ,100.0, 
2010/6/29,18:00,0.0, ,202450, ,49.91, ,100.38, ,100.0, 
2010/6/29,19:00,0.0, ,202260, ,48.97, ,100.34, ,100.0, 
2010/6/29,20:00,0.0, ,202080, ,54.31, ,100.32, ,100.0, 
2010/6/29,21:00,0.0, ,201900, ,47.71, ,99.88, ,100.0, 
2010/6/29,22:00,0.0, ,201710, ,43.93, ,99.94, ,100.0, 
2010/6/29,23:00,0.0, ,201470, ,45.83, ,99.78, ,100.0, 
2010/6/29,24:00,0.0, ,201290, ,42.63, ,99.34, ,100.0, 
2010/6/30,01:00,0.2, ,201100, ,42.24, ,99.20, ,99.9, 
2010/6/30,02:00,0.0, ,200860, ,45.83, ,99.72, ,99.9, 
2010/6/30,03:00,0.0, ,200680, ,39.32, ,99.40, ,99.8, 
2010/6/30,04:00,0.0, ,200490, ,43.19, ,98.96, ,99.8, 
2010/6/30,05:00,0.0, ,200250, ,43.39, ,98.88, ,99.7, 
2010/6/30,06:00,0.0, ,200070, ,41.87, ,98.64, ,99.7, 
2010/6/30,07:00,0.0, ,199880, ,42.35, ,98.80, ,99.6, 
2010/6/30,08:00,0.0, ,199640, ,42.28, ,98.92, ,99.6, 
2010/6/30,09:00,0.0, ,199460, ,40.49, ,98.48, ,99.5, 
2010/6/30,10:00,0.0, ,199220, ,38.99, ,98.60, ,99.5, 
2010/6/30,11:00,0.0, ,199040, ,39.58, ,89.52, ,99.4, 
2010/6/30,12:00,0.0, ,198910, ,40.95, ,89.26, ,99.4, 
2010/6/30,13:00,0.0, ,198670, ,43.14, ,89.50, ,99.3, 
2010/6/30,14:00,0.0, ,198490, ,35.49, ,89.20, ,99.3, 
2010/6/30,15:00,0.0, ,198310, ,32.92, ,89.10, ,99.2, 
2010/6/30,16:00,0.0, ,198130, ,37.34, ,88.98, ,99.2, 
2010/6/30,17:00,0.0, ,197950, ,39.80, ,89.18, ,99.1, 
2010/6/30,18:00,0.0, ,197770, ,38.61, ,88.76, ,99.1, 
2010/6/30,19:00,0.0, ,197580, ,36.87, ,88.56, ,99.0, 
2010/6/30,20:00,0.0, ,197400, ,39.05, ,88.54, ,99.0, 
2010/6/30,21:00,0.0, ,197220, ,37.59, ,87.92, ,98.9, 
2010/6/30,22:00,0.0, ,197040, ,36.95, ,89.54, ,98.9, 
2010/6/30,23:00,0.0, ,196860, ,37.53, ,89.72, ,98.8, 
2010/6/30,24:00,0.0, ,196680, ,37.13, ,79.70, ,100.0, 
