îCà”ä˙ä‘É_ÉÄèîó åüçıåãâ 
êÖånñº,ãgñÏêÏ
âÕêÏñº,ãgñÏêÏ
äœë™èäñº,ëÅñæâYÉ_ÉÄÅiã@ç\Åj
äœë™èäãLçÜ,1368080700010
#
#îNåéì˙,éûçè,ó¨àÊïΩãœâJó ,ó¨àÊïΩãœâJó ëÆê´,íôêÖó ,íôêÖó ëÆê´,ó¨ì¸ó ,ó¨ì¸ó ëÆê´,ï˙ó¨ó ,ï˙ó¨ó ëÆê´,íôêÖó¶,íôêÖó¶ëÆê´
#ëÆê´Å@$:åáë™ -:ñ¢éÛêM
#
2022/12/1,01:00,0.0, ,167320, ,10.69, ,0.00, ,100.0, 
2022/12/1,02:00,0.0, ,167380, ,14.01, ,0.00, ,100.0, 
2022/12/1,03:00,0.0, ,167430, ,1.53, ,0.00, ,100.0, 
2022/12/1,04:00,0.0, ,167430, ,15.03, ,0.00, ,100.0, 
2022/12/1,05:00,0.0, ,167430, ,0.00, ,0.00, ,100.0, 
2022/12/1,06:00,0.0, ,167430, ,0.00, ,0.00, ,100.0, 
2022/12/1,07:00,0.0, ,167430, ,0.00, ,0.00, ,100.0, 
2022/12/1,08:00,0.0, ,167430, ,0.00, ,0.00, ,100.0, 
2022/12/1,09:00,0.0, ,167430, ,0.00, ,0.00, ,100.0, 
2022/12/1,10:00,0.0, ,167490, ,13.24, ,0.00, ,100.0, 
2022/12/1,11:00,0.0, ,167540, ,14.26, ,0.00, ,100.0, 
2022/12/1,12:00,0.0, ,167600, ,16.05, ,0.00, ,100.0, 
2022/12/1,13:00,0.0, ,167650, ,5.86, ,0.00, ,100.0, 
2022/12/1,14:00,0.0, ,167710, ,19.11, ,0.00, ,100.0, 
2022/12/1,15:00,0.0, ,167760, ,11.21, ,0.00, ,100.0, 
2022/12/1,16:00,0.0, ,167760, ,11.99, ,0.00, ,100.0, 
2022/12/1,17:00,0.0, ,167820, ,3.08, ,19.30, ,100.0, 
2022/12/1,18:00,0.0, ,167760, ,22.02, ,47.40, ,100.0, 
2022/12/1,19:00,0.0, ,167600, ,13.71, ,56.90, ,100.0, 
2022/12/1,20:00,0.0, ,167430, ,13.27, ,59.40, ,100.0, 
2022/12/1,21:00,0.0, ,167270, ,11.99, ,57.50, ,100.0, 
2022/12/1,22:00,0.0, ,167160, ,14.28, ,38.70, ,100.0, 
2022/12/1,23:00,0.0, ,167100, ,10.32, ,29.20, ,100.0, 
2022/12/1,24:00,0.0, ,167050, ,14.22, ,19.00, ,100.0, 
2022/12/2,01:00,0.0, ,167050, ,11.93, ,0.00, ,100.0, 
2022/12/2,02:00,0.0, ,167050, ,0.00, ,0.00, ,100.0, 
2022/12/2,03:00,0.0, ,167050, ,0.00, ,0.00, ,100.0, 
2022/12/2,04:00,0.0, ,167050, ,0.00, ,0.00, ,100.0, 
2022/12/2,05:00,0.0, ,167100, ,14.75, ,0.00, ,100.0, 
2022/12/2,06:00,0.0, ,167100, ,0.51, ,0.00, ,100.0, 
2022/12/2,07:00,0.0, ,167100, ,0.00, ,0.00, ,100.0, 
2022/12/2,08:00,0.0, ,167100, ,0.00, ,0.00, ,100.0, 
2022/12/2,09:00,0.0, ,167160, ,4.58, ,0.00, ,100.0, 
2022/12/2,10:00,0.0, ,167160, ,10.69, ,0.00, ,100.0, 
2022/12/2,11:00,0.0, ,167210, ,9.16, ,0.00, ,100.0, 
2022/12/2,12:00,0.0, ,167270, ,18.32, ,0.00, ,100.0, 
2022/12/2,13:00,0.0, ,167320, ,4.07, ,0.00, ,100.0, 
2022/12/2,14:00,0.0, ,167320, ,14.25, ,0.00, ,100.0, 
2022/12/2,15:00,0.0, ,167380, ,2.04, ,0.00, ,100.0, 
2022/12/2,16:00,0.0, ,167380, ,13.24, ,0.00, ,100.0, 
2022/12/2,17:00,0.0, ,167430, ,1.29, ,19.20, ,100.0, 
2022/12/2,18:00,0.0, ,167380, ,24.81, ,47.20, ,100.0, 
2022/12/2,19:00,0.0, ,167210, ,8.14, ,56.90, ,100.0, 
2022/12/2,20:00,0.0, ,167050, ,14.12, ,59.40, ,100.0, 
2022/12/2,21:00,0.0, ,166880, ,13.90, ,57.40, ,100.0, 
2022/12/2,22:00,0.0, ,166720, ,12.81, ,38.60, ,100.0, 
2022/12/2,23:00,0.0, ,166660, ,7.44, ,29.10, ,100.0, 
2022/12/2,24:00,0.0, ,166610, ,9.82, ,19.00, ,100.0, 
2022/12/3,01:00,0.0, ,166610, ,7.26, ,0.00, ,100.0, 
2022/12/3,02:00,0.0, ,166610, ,0.00, ,0.00, ,100.0, 
2022/12/3,03:00,0.0, ,166610, ,0.00, ,0.00, ,100.0, 
2022/12/3,04:00,0.0, ,166610, ,0.00, ,0.00, ,100.0, 
2022/12/3,05:00,0.0, ,166610, ,0.00, ,0.00, ,100.0, 
2022/12/3,06:00,0.0, ,166610, ,0.00, ,0.00, ,100.0, 
2022/12/3,07:00,0.0, ,166610, ,0.00, ,0.00, ,100.0, 
2022/12/3,08:00,0.0, ,166610, ,0.00, ,0.00, ,100.0, 
2022/12/3,09:00,0.0, ,166610, ,0.00, ,0.00, ,100.0, 
2022/12/3,10:00,0.1, ,166660, ,7.11, ,0.00, ,100.0, 
2022/12/3,11:00,0.0, ,166660, ,8.13, ,0.00, ,100.0, 
2022/12/3,12:00,0.0, ,166720, ,14.48, ,0.00, ,100.0, 
2022/12/3,13:00,0.0, ,166770, ,11.18, ,0.00, ,100.0, 
2022/12/3,14:00,0.3, ,166830, ,7.37, ,0.00, ,100.0, 
2022/12/3,15:00,0.0, ,166830, ,12.71, ,0.00, ,100.0, 
2022/12/3,16:00,0.3, ,166880, ,11.69, ,0.00, ,100.0, 
2022/12/3,17:00,0.0, ,166880, ,3.57, ,15.90, ,100.0, 
2022/12/3,18:00,0.1, ,166880, ,14.05, ,44.80, ,100.0, 
2022/12/3,19:00,0.0, ,166720, ,18.68, ,53.50, ,100.0, 
2022/12/3,20:00,0.1, ,166550, ,9.61, ,53.20, ,100.0, 
2022/12/3,21:00,0.0, ,166440, ,11.29, ,35.40, ,100.0, 
2022/12/3,22:00,0.0, ,166330, ,11.49, ,26.90, ,100.0, 
2022/12/3,23:00,0.0, ,166280, ,4.42, ,19.40, ,100.0, 
2022/12/3,24:00,0.0, ,166280, ,3.33, ,0.00, ,100.0, 
2022/12/4,01:00,0.0, ,166280, ,0.00, ,0.00, ,100.0, 
2022/12/4,02:00,0.0, ,166280, ,0.00, ,0.00, ,100.0, 
2022/12/4,03:00,0.0, ,166280, ,0.00, ,0.00, ,100.0, 
2022/12/4,04:00,0.0, ,166280, ,0.00, ,0.00, ,100.0, 
2022/12/4,05:00,0.0, ,166280, ,0.00, ,0.00, ,100.0, 
2022/12/4,06:00,0.0, ,166280, ,0.02, ,15.80, ,100.0, 
2022/12/4,07:00,0.1, ,166230, ,12.28, ,19.40, ,100.0, 
2022/12/4,08:00,0.0, ,166230, ,0.00, ,0.00, ,100.0, 
2022/12/4,09:00,0.1, ,166230, ,0.00, ,0.00, ,100.0, 
2022/12/4,10:00,0.4, ,166280, ,2.54, ,0.00, ,100.0, 
2022/12/4,11:00,0.1, ,166280, ,12.68, ,0.00, ,100.0, 
2022/12/4,12:00,0.1, ,166330, ,12.68, ,0.00, ,100.0, 
2022/12/4,13:00,0.0, ,166390, ,11.67, ,0.00, ,100.0, 
2022/12/4,14:00,0.0, ,166440, ,18.28, ,0.00, ,100.0, 
2022/12/4,15:00,0.0, ,166440, ,3.05, ,0.00, ,100.0, 
2022/12/4,16:00,0.0, ,166500, ,12.95, ,0.00, ,100.0, 
2022/12/4,17:00,0.0, ,166500, ,2.30, ,19.40, ,100.0, 
2022/12/4,18:00,0.0, ,166440, ,14.68, ,47.30, ,100.0, 
2022/12/4,19:00,0.0, ,166330, ,13.67, ,57.10, ,100.0, 
2022/12/4,20:00,0.0, ,166120, ,6.54, ,59.60, ,100.0, 
2022/12/4,21:00,0.0, ,165950, ,10.93, ,42.30, ,100.0, 
2022/12/4,22:00,0.0, ,165840, ,8.20, ,21.40, ,100.0, 
2022/12/4,23:00,0.0, ,165840, ,0.00, ,0.00, ,100.0, 
2022/12/4,24:00,0.0, ,165840, ,0.00, ,0.00, ,100.0, 
2022/12/5,01:00,0.0, ,165840, ,0.00, ,0.00, ,100.0, 
2022/12/5,02:00,0.0, ,165900, ,0.76, ,0.00, ,100.0, 
2022/12/5,03:00,0.0, ,165900, ,14.43, ,0.00, ,100.0, 
2022/12/5,04:00,0.0, ,165900, ,0.00, ,0.00, ,100.0, 
2022/12/5,05:00,0.0, ,165900, ,0.00, ,0.00, ,100.0, 
2022/12/5,06:00,0.0, ,165900, ,0.02, ,15.70, ,100.0, 
2022/12/5,07:00,0.0, ,165840, ,10.99, ,19.20, ,100.0, 
2022/12/5,08:00,0.0, ,165840, ,0.99, ,0.00, ,100.0, 
2022/12/5,09:00,0.0,-,165840, ,0.00, ,0.00, ,100.0, 
2022/12/5,10:00,0.0,-,165840, ,0.00, ,0.00, ,100.0, 
2022/12/5,11:00,0.0,-,165900, ,8.86, ,0.00, ,100.0, 
2022/12/5,12:00,0.0,-,165950, ,11.39, ,0.00, ,100.0, 
2022/12/5,13:00,0.0,-,166010, ,11.65, ,0.00, ,100.0, 
2022/12/5,14:00,0.0,-,166010, ,13.67, ,0.00, ,100.0, 
2022/12/5,15:00,0.0,-,166060, ,10.38, ,0.00, ,100.0, 
2022/12/5,16:00,0.0, ,166060, ,4.81, ,0.00, ,100.0, 
2022/12/5,17:00,0.1, ,166120, ,13.70, ,19.40, ,100.0, 
2022/12/5,18:00,0.0, ,166060, ,11.63, ,47.40, ,100.0, 
2022/12/5,19:00,0.4, ,165840, ,9.47, ,57.20, ,100.0, 
2022/12/5,20:00,0.0, ,165730, ,8.07, ,59.70, ,100.0, 
2022/12/5,21:00,0.0, ,165510, ,6.35, ,42.60, ,100.0, 
2022/12/5,22:00,0.0, ,165410, ,7.05, ,29.40, ,100.0, 
2022/12/5,23:00,0.0, ,165350, ,2.71, ,19.00, ,100.0, 
2022/12/5,24:00,0.0, ,165300, ,0.00, ,0.00, ,100.0, 
2022/12/6,01:00,0.0, ,165300, ,0.00, ,0.00, ,100.0, 
2022/12/6,02:00,0.0, ,165300, ,0.00, ,0.00, ,100.0, 
2022/12/6,03:00,0.0, ,165300, ,0.00, ,0.00, ,100.0, 
2022/12/6,04:00,0.0, ,165300, ,0.00, ,0.00, ,100.0, 
2022/12/6,05:00,0.0, ,165350, ,0.76, ,0.00, ,100.0, 
2022/12/6,06:00,0.2, ,165350, ,14.41, ,16.10, ,100.0, 
2022/12/6,07:00,0.0, ,165300, ,7.27, ,26.60, ,100.0, 
2022/12/6,08:00,0.0, ,165190, ,4.49, ,19.40, ,100.0, 
2022/12/6,09:00,0.0, ,165190, ,0.00, ,0.00, ,100.0, 
2022/12/6,10:00,0.0, ,165190, ,0.00, ,0.00, ,100.0, 
2022/12/6,11:00,0.0, ,165240, ,9.85, ,0.00, ,100.0, 
2022/12/6,12:00,0.1, ,165300, ,5.81, ,0.00, ,100.0, 
2022/12/6,13:00,0.0, ,165300, ,14.65, ,0.00, ,100.0, 
2022/12/6,14:00,0.0, ,165350, ,12.12, ,0.00, ,100.0, 
2022/12/6,15:00,0.0, ,165410, ,6.82, ,0.00, ,100.0, 
2022/12/6,16:00,0.0, ,165410, ,11.37, ,0.00, ,100.0, 
2022/12/6,17:00,0.0, ,165410, ,0.02, ,19.80, ,100.0, 
2022/12/6,18:00,0.0, ,165410, ,15.44, ,47.60, ,100.0, 
2022/12/6,19:00,0.0, ,165240, ,16.85, ,57.00, ,100.0, 
2022/12/6,20:00,0.0, ,165020, ,7.30, ,57.30, ,100.0, 
2022/12/6,21:00,0.0, ,164860, ,3.97, ,39.40, ,100.0, 
2022/12/6,22:00,0.0, ,164750, ,2.03, ,30.50, ,100.0, 
2022/12/6,23:00,0.0, ,164640, ,2.42, ,18.90, ,100.0, 
2022/12/6,24:00,0.0, ,164640, ,0.00, ,0.00, ,100.0, 
2022/12/7,01:00,0.0, ,164640, ,0.00, ,0.00, ,100.0, 
2022/12/7,02:00,0.0, ,164640, ,0.00, ,0.00, ,100.0, 
2022/12/7,03:00,0.0, ,164640, ,0.00, ,0.00, ,100.0, 
2022/12/7,04:00,0.0, ,164640, ,0.00, ,0.00, ,100.0, 
2022/12/7,05:00,0.0, ,164640, ,0.00, ,0.00, ,100.0, 
2022/12/7,06:00,0.0, ,164640, ,0.02, ,15.90, ,100.0, 
2022/12/7,07:00,0.0, ,164590, ,11.37, ,26.70, ,100.0, 
2022/12/7,08:00,0.0, ,164480, ,3.37, ,18.90, ,100.0, 
2022/12/7,09:00,0.0, ,164480, ,0.00, ,0.00, ,100.0, 
2022/12/7,10:00,0.0, ,164480, ,0.00, ,0.00, ,100.0, 
2022/12/7,11:00,0.0, ,164530, ,14.86, ,0.00, ,100.0, 
2022/12/7,12:00,0.0, ,164590, ,1.01, ,0.00, ,100.0, 
2022/12/7,13:00,0.0, ,164590, ,14.35, ,0.00, ,100.0, 
2022/12/7,14:00,0.0, ,164640, ,10.08, ,0.00, ,100.0, 
2022/12/7,15:00,0.0, ,164700, ,9.32, ,0.00, ,100.0, 
2022/12/7,16:00,0.0, ,164700, ,10.84, ,0.00, ,100.0, 
2022/12/7,17:00,0.0, ,164750, ,8.33, ,19.70, ,100.0, 
2022/12/7,18:00,0.0, ,164700, ,18.49, ,47.90, ,100.0, 
2022/12/7,19:00,0.0, ,164530, ,10.10, ,57.60, ,100.0, 
2022/12/7,20:00,0.0, ,164370, ,4.37, ,59.50, ,100.0, 
2022/12/7,21:00,0.0, ,164100, ,6.20, ,42.20, ,100.0, 
2022/12/7,22:00,0.0, ,164040, ,0.00, ,19.10, ,100.0, 
2022/12/7,23:00,0.0, ,164040, ,6.69, ,0.00, ,100.0, 
2022/12/7,24:00,0.0, ,164040, ,0.00, ,0.00, ,100.0, 
2022/12/8,01:00,0.0, ,164040, ,0.00, ,0.00, ,100.0, 
2022/12/8,02:00,0.0, ,164040, ,0.00, ,0.00, ,100.0, 
2022/12/8,03:00,0.0, ,164040, ,0.00, ,0.00, ,100.0, 
2022/12/8,04:00,0.0, ,164040, ,0.00, ,0.00, ,100.0, 
2022/12/8,05:00,0.0, ,164040, ,0.00, ,0.00, ,100.0, 
2022/12/8,06:00,0.0, ,164040, ,0.02, ,19.80, ,100.0, 
2022/12/8,07:00,0.0, ,164040, ,15.46, ,38.30, ,100.0, 
2022/12/8,08:00,0.0, ,163940, ,22.60, ,27.50, ,100.0, 
2022/12/8,09:00,0.0, ,163940, ,9.10, ,0.00, ,100.0, 
2022/12/8,10:00,0.0, ,163940, ,0.00, ,0.00, ,100.0, 
2022/12/8,11:00,0.0, ,163940, ,0.00, ,0.00, ,100.0, 
2022/12/8,12:00,0.0, ,163940, ,0.00, ,0.00, ,100.0, 
2022/12/8,13:00,0.0, ,163990, ,14.58, ,0.00, ,100.0, 
2022/12/8,14:00,0.0, ,163990, ,0.50, ,0.00, ,100.0, 
2022/12/8,15:00,0.0, ,163990, ,0.00, ,0.00, ,100.0, 
2022/12/8,16:00,0.0, ,163990, ,0.00, ,0.00, ,100.0, 
2022/12/8,17:00,0.0, ,163990, ,0.02, ,20.00, ,100.0, 
2022/12/8,18:00,0.0, ,163940, ,15.05, ,47.90, ,100.0, 
2022/12/8,19:00,0.0, ,163770, ,6.96, ,57.40, ,100.0, 
2022/12/8,20:00,0.0, ,163560, ,5.40, ,59.90, ,100.0, 
2022/12/8,21:00,0.0, ,163390, ,4.18, ,57.80, ,100.0, 
2022/12/8,22:00,0.0, ,163180, ,4.11, ,31.20, ,100.0, 
2022/12/8,23:00,0.0, ,163180, ,0.00, ,0.00, ,100.0, 
2022/12/8,24:00,0.0, ,163180, ,0.00, ,0.00, ,100.0, 
2022/12/9,01:00,0.0, ,163230, ,3.51, ,0.00, ,100.0, 
2022/12/9,02:00,0.0, ,163230, ,11.53, ,0.00, ,100.0, 
2022/12/9,03:00,0.0, ,163230, ,0.00, ,0.00, ,100.0, 
2022/12/9,04:00,0.0, ,163230, ,0.00, ,0.00, ,100.0, 
2022/12/9,05:00,0.0, ,163230, ,0.00, ,0.00, ,100.0, 
2022/12/9,06:00,0.0, ,163230, ,0.02, ,16.50, ,100.0, 
2022/12/9,07:00,0.0, ,163180, ,12.08, ,41.20, ,100.0, 
2022/12/9,08:00,0.0, ,163010, ,9.58, ,29.90, ,100.0, 
2022/12/9,09:00,0.0, ,163010, ,0.00, ,0.00, ,100.0, 
2022/12/9,10:00,0.0, ,163010, ,0.00, ,0.00, ,100.0, 
2022/12/9,11:00,0.0, ,163010, ,0.00, ,0.00, ,100.0, 
2022/12/9,12:00,0.0, ,163070, ,9.02, ,0.00, ,100.0, 
2022/12/9,13:00,0.0, ,163120, ,6.26, ,0.00, ,100.0, 
2022/12/9,14:00,0.0, ,163120, ,14.78, ,0.00, ,100.0, 
2022/12/9,15:00,0.0, ,163180, ,8.52, ,0.00, ,100.0, 
2022/12/9,16:00,0.0, ,163230, ,7.77, ,0.00, ,100.0, 
2022/12/9,17:00,0.0, ,163230, ,13.80, ,16.20, ,100.0, 
2022/12/9,18:00,0.0, ,163230, ,14.81, ,47.00, ,100.0, 
2022/12/9,19:00,0.0, ,163010, ,9.05, ,56.20, ,100.0, 
2022/12/9,20:00,0.0, ,162800, ,6.97, ,60.00, ,100.0, 
2022/12/9,21:00,0.0, ,162640, ,2.17, ,55.70, ,100.0, 
2022/12/9,22:00,0.0, ,162470, ,5.59, ,39.30, ,100.0, 
2022/12/9,23:00,0.0, ,162370, ,0.00, ,21.50, ,100.0, 
2022/12/9,24:00,0.0, ,162370, ,3.85, ,0.00, ,100.0, 
2022/12/10,01:00,0.0, ,162370, ,0.00, ,0.00, ,100.0, 
2022/12/10,02:00,0.0, ,162370, ,0.00, ,0.00, ,100.0, 
2022/12/10,03:00,0.0, ,162370, ,0.00, ,0.00, ,100.0, 
2022/12/10,04:00,0.0, ,162370, ,0.00, ,0.00, ,100.0, 
2022/12/10,05:00,0.0, ,162370, ,0.00, ,0.00, ,100.0, 
2022/12/10,06:00,0.0, ,162370, ,0.02, ,16.10, ,100.0, 
2022/12/10,07:00,0.0, ,162310, ,6.98, ,29.10, ,100.0, 
2022/12/10,08:00,0.0, ,162200, ,4.59, ,36.90, ,100.0, 
2022/12/10,09:00,0.0, ,162040, ,2.66, ,19.10, ,100.0, 
2022/12/10,10:00,0.0, ,162040, ,0.00, ,0.00, ,100.0, 
2022/12/10,11:00,0.0, ,162040, ,0.00, ,0.00, ,100.0, 
2022/12/10,12:00,0.0, ,162100, ,5.99, ,0.00, ,100.0, 
2022/12/10,13:00,0.0, ,162100, ,8.98, ,0.00, ,100.0, 
2022/12/10,14:00,0.0, ,162150, ,14.47, ,0.00, ,100.0, 
2022/12/10,15:00,0.0, ,162200, ,4.24, ,0.00, ,100.0, 
2022/12/10,16:00,0.0, ,162200, ,11.24, ,0.00, ,100.0, 
2022/12/10,17:00,0.0, ,162260, ,9.75, ,19.30, ,100.0, 
2022/12/10,18:00,0.0, ,162200, ,15.48, ,47.50, ,100.0, 
2022/12/10,19:00,0.0, ,161990, ,8.46, ,56.40, ,100.0, 
2022/12/10,20:00,0.0, ,161830, ,3.08, ,60.00, ,100.0, 
2022/12/10,21:00,0.0, ,161610, ,7.40, ,55.80, ,100.0, 
2022/12/10,22:00,0.0, ,161450, ,2.99, ,38.80, ,100.0, 
2022/12/10,23:00,0.0, ,161340, ,0.69, ,20.60, ,100.0, 
2022/12/10,24:00,0.0, ,161340, ,0.00, ,0.00, ,100.0, 
2022/12/11,01:00,0.0, ,161340, ,0.00, ,0.00, ,100.0, 
2022/12/11,02:00,0.0, ,161340, ,0.00, ,0.00, ,100.0, 
2022/12/11,03:00,0.0, ,161340, ,0.00, ,0.00, ,100.0, 
2022/12/11,04:00,0.0, ,161340, ,0.00, ,0.00, ,100.0, 
2022/12/11,05:00,0.0, ,161340, ,0.00, ,0.00, ,100.0, 
2022/12/11,06:00,0.0, ,161340, ,0.02, ,19.40, ,100.0, 
2022/12/11,07:00,0.0, ,161290, ,10.26, ,46.70, ,100.0, 
2022/12/11,08:00,0.0, ,161070, ,7.34, ,39.10, ,100.0, 
2022/12/11,09:00,0.0, ,161070, ,0.00, ,0.00, ,100.0, 
2022/12/11,10:00,0.0, ,161070, ,0.00, ,0.00, ,100.0, 
2022/12/11,11:00,0.0, ,161130, ,3.73, ,0.00, ,100.0, 
2022/12/11,12:00,0.0, ,161180, ,11.69, ,0.00, ,100.0, 
2022/12/11,13:00,0.0, ,161180, ,14.42, ,0.00, ,100.0, 
2022/12/11,14:00,0.0, ,161240, ,2.98, ,0.00, ,100.0, 
2022/12/11,15:00,0.0, ,161240, ,11.94, ,0.00, ,100.0, 
2022/12/11,16:00,0.0, ,161290, ,4.48, ,0.00, ,100.0, 
2022/12/11,17:00,0.0, ,161290, ,10.45, ,0.00, ,100.0, 
2022/12/11,18:00,0.2, ,161290, ,0.02, ,19.60, ,100.0, 
2022/12/11,19:00,0.6, ,161290, ,15.55, ,48.20, ,100.0, 
2022/12/11,20:00,1.4, ,161070, ,11.57, ,58.00, ,100.0, 
2022/12/11,21:00,1.1, ,160860, ,6.07, ,60.00, ,100.0, 
2022/12/11,22:00,0.6, ,160700, ,2.15, ,60.10, ,100.0, 
2022/12/11,23:00,0.3, ,160480, ,3.59, ,43.10, ,100.0, 
2022/12/11,24:00,0.0, ,160480, ,5.63, ,0.00, ,100.0, 
2022/12/12,01:00,0.0, ,160480, ,0.00, ,0.00, ,100.0, 
2022/12/12,02:00,0.0, ,160480, ,0.00, ,0.00, ,100.0, 
2022/12/12,03:00,0.0, ,160480, ,0.00, ,0.00, ,100.0, 
2022/12/12,04:00,0.0, ,160480, ,0.00, ,0.00, ,100.0, 
2022/12/12,05:00,0.0, ,160480, ,0.00, ,0.00, ,100.0, 
2022/12/12,06:00,0.0, ,160480, ,0.02, ,16.30, ,100.0, 
2022/12/12,07:00,0.0, ,160430, ,9.41, ,37.00, ,100.0, 
2022/12/12,08:00,0.0, ,160270, ,1.78, ,25.70, ,100.0, 
2022/12/12,09:00,0.0, ,160220, ,0.00, ,0.00, ,100.0, 
2022/12/12,10:00,0.0, ,160270, ,0.00, ,0.00, ,100.0, 
2022/12/12,11:00,0.3, ,160270, ,14.40, ,0.00, ,100.0, 
2022/12/12,12:00,0.1, ,160320, ,7.95, ,0.00, ,100.0, 
2022/12/12,13:00,0.1, ,160380, ,11.18, ,0.00, ,100.0, 
2022/12/12,14:00,0.1, ,160380, ,10.69, ,0.00, ,100.0, 
2022/12/12,15:00,0.0, ,160430, ,7.21, ,0.00, ,100.0, 
2022/12/12,16:00,0.0, ,160430, ,7.70, ,0.00, ,100.0, 
2022/12/12,17:00,0.0, ,160480, ,7.97, ,16.70, ,100.0, 
2022/12/12,18:00,0.0, ,160430, ,16.67, ,46.70, ,100.0, 
2022/12/12,19:00,0.0, ,160270, ,8.85, ,56.60, ,100.0, 
2022/12/12,20:00,0.0, ,160050, ,3.92, ,60.20, ,100.0, 
2022/12/12,21:00,0.0, ,159840, ,3.80, ,58.20, ,100.0, 
2022/12/12,22:00,0.0, ,159680, ,3.13, ,39.20, ,100.0, 
2022/12/12,23:00,0.0, ,159570, ,2.28, ,20.90, ,100.0, 
2022/12/12,24:00,0.0, ,159570, ,2.64, ,0.00, ,100.0, 
2022/12/13,01:00,0.3, ,159570, ,0.00, ,0.00, ,100.0, 
2022/12/13,02:00,1.4, ,159570, ,0.00, ,0.00, ,100.0, 
2022/12/13,03:00,0.8, ,159570, ,0.00, ,0.00, ,100.0, 
2022/12/13,04:00,0.4, ,159570, ,0.00, ,0.00, ,100.0, 
2022/12/13,05:00,0.6, ,159570, ,0.50, ,0.00, ,100.0, 
2022/12/13,06:00,0.3, ,159570, ,0.02, ,16.20, ,100.0, 
2022/12/13,07:00,0.0, ,159520, ,9.69, ,46.40, ,100.0, 
2022/12/13,08:00,0.0, ,159310, ,5.48, ,56.20, ,100.0, 
2022/12/13,09:00,0.0, ,159140, ,4.28, ,43.60, ,100.0, 
2022/12/13,10:00,0.0, ,159140, ,6.66, ,0.00, ,100.0, 
2022/12/13,11:00,0.0, ,159140, ,0.00, ,0.00, ,100.0, 
2022/12/13,12:00,0.0, ,159200, ,3.47, ,0.00, ,100.0, 
2022/12/13,13:00,0.0, ,159200, ,11.39, ,0.00, ,100.0, 
2022/12/13,14:00,0.0, ,159250, ,5.69, ,0.00, ,100.0, 
2022/12/13,15:00,0.0, ,159310, ,17.58, ,0.00, ,100.0, 
2022/12/13,16:00,0.0, ,159310, ,6.44, ,0.00, ,100.0, 
2022/12/13,17:00,0.0, ,159360, ,10.17, ,16.60, ,100.0, 
2022/12/13,18:00,0.0, ,159250, ,12.97, ,46.80, ,100.0, 
2022/12/13,19:00,0.0, ,159140, ,6.39, ,56.60, ,100.0, 
2022/12/13,20:00,0.0, ,158930, ,9.67, ,60.20, ,100.0, 
2022/12/13,21:00,0.0, ,158770, ,6.94, ,44.40, ,100.0, 
2022/12/13,22:00,0.0, ,158610, ,3.69, ,21.70, ,100.0, 
2022/12/13,23:00,0.0, ,158610, ,0.00, ,0.00, ,100.0, 
2022/12/13,24:00,0.0, ,158610, ,0.00, ,0.00, ,100.0, 
2022/12/14,01:00,0.0, ,158610, ,0.00, ,0.00, ,100.0, 
2022/12/14,02:00,0.0, ,158610, ,0.00, ,0.00, ,100.0, 
2022/12/14,03:00,0.0, ,158610, ,0.00, ,0.00, ,100.0, 
2022/12/14,04:00,0.0, ,158610, ,0.00, ,0.00, ,100.0, 
2022/12/14,05:00,0.1, ,158660, ,4.94, ,0.00, ,100.0, 
2022/12/14,06:00,0.0, ,158660, ,9.90, ,16.60, ,100.0, 
2022/12/14,07:00,0.0, ,158560, ,1.30, ,28.30, ,100.0, 
2022/12/14,08:00,0.1, ,158450, ,1.40, ,29.10, ,100.0, 
2022/12/14,09:00,0.0, ,158400, ,5.16, ,17.30, ,100.0, 
2022/12/14,10:00,0.0, ,158400, ,6.44, ,0.00, ,100.0, 
2022/12/14,11:00,0.0, ,158450, ,3.21, ,0.00, ,100.0, 
2022/12/14,12:00,0.0, ,158450, ,14.57, ,0.00, ,100.0, 
2022/12/14,13:00,0.0, ,158500, ,3.95, ,0.00, ,100.0, 
2022/12/14,14:00,0.0, ,158500, ,10.13, ,0.00, ,100.0, 
2022/12/14,15:00,0.0, ,158560, ,10.13, ,0.00, ,100.0, 
2022/12/14,16:00,0.0, ,158560, ,4.45, ,0.00, ,100.0, 
2022/12/14,17:00,0.0, ,158610, ,3.23, ,16.60, ,100.0, 
2022/12/14,18:00,0.2, ,158500, ,14.47, ,46.60, ,100.0, 
2022/12/14,19:00,0.0, ,158340, ,6.87, ,56.10, ,100.0, 
2022/12/14,20:00,0.0, ,158180, ,5.68, ,60.40, ,100.0, 
2022/12/14,21:00,0.0, ,157920, ,2.14, ,60.40, ,100.0, 
2022/12/14,22:00,0.0, ,157760, ,3.89, ,43.70, ,100.0, 
2022/12/14,23:00,0.0, ,157700, ,0.00, ,0.00, ,100.0, 
2022/12/14,24:00,0.0, ,157700, ,0.00, ,0.00, ,100.0, 
2022/12/15,01:00,0.0, ,157700, ,0.00, ,0.00, ,100.0, 
2022/12/15,02:00,0.0, ,157700, ,0.00, ,0.00, ,100.0, 
2022/12/15,03:00,0.0, ,157700, ,0.00, ,0.00, ,100.0, 
2022/12/15,04:00,0.0, ,157700, ,0.00, ,0.00, ,100.0, 
2022/12/15,05:00,0.0, ,157700, ,0.00, ,0.00, ,100.0, 
2022/12/15,06:00,0.0, ,157700, ,0.02, ,16.40, ,100.0, 
2022/12/15,07:00,0.0, ,157650, ,12.28, ,46.30, ,100.0, 
2022/12/15,08:00,0.0, ,157490, ,8.93, ,54.50, ,100.0, 
2022/12/15,09:00,0.0, ,157330, ,3.43, ,35.20, ,100.0, 
2022/12/15,10:00,0.0, ,157280, ,0.00, ,0.00, ,100.0, 
2022/12/15,11:00,0.0, ,157330, ,0.00, ,0.00, ,100.0, 
2022/12/15,12:00,0.0, ,157330, ,13.53, ,0.00, ,100.0, 
2022/12/15,13:00,0.0, ,157390, ,2.95, ,0.00, ,100.0, 
2022/12/15,14:00,0.0, ,157390, ,11.82, ,0.00, ,100.0, 
2022/12/15,15:00,0.0, ,157390, ,0.00, ,0.00, ,100.0, 
2022/12/15,16:00,0.0, ,157440, ,14.03, ,0.00, ,100.0, 
2022/12/15,17:00,0.0, ,157440, ,0.76, ,16.50, ,100.0, 
2022/12/15,18:00,0.0, ,157440, ,14.95, ,46.80, ,100.0, 
2022/12/15,19:00,0.0, ,157230, ,14.18, ,56.10, ,100.0, 
2022/12/15,20:00,0.0, ,157070, ,3.71, ,60.60, ,100.0, 
2022/12/15,21:00,0.0, ,156800, ,2.01, ,60.50, ,100.0, 
2022/12/15,22:00,0.0, ,156640, ,3.25, ,44.60, ,100.0, 
2022/12/15,23:00,0.0, ,156590, ,0.00, ,0.00, ,100.0, 
2022/12/15,24:00,0.0, ,156590, ,0.00, ,0.00, ,100.0, 
2022/12/16,01:00,0.0, ,156590, ,0.00, ,0.00, ,100.0, 
2022/12/16,02:00,0.0, ,156590, ,0.00, ,0.00, ,100.0, 
2022/12/16,03:00,0.0, ,156590, ,0.00, ,0.00, ,100.0, 
2022/12/16,04:00,0.0, ,156590, ,0.00, ,0.00, ,100.0, 
2022/12/16,05:00,0.0, ,156590, ,0.00, ,0.00, ,100.0, 
2022/12/16,06:00,0.0, ,156590, ,0.02, ,16.30, ,100.0, 
2022/12/16,07:00,0.0, ,156540, ,10.60, ,32.30, ,100.0, 
2022/12/16,08:00,0.0, ,156430, ,9.16, ,41.80, ,100.0, 
2022/12/16,09:00,0.0, ,156270, ,2.47, ,23.70, ,100.0, 
2022/12/16,10:00,0.0, ,156270, ,0.95, ,0.00, ,100.0, 
2022/12/16,11:00,0.0, ,156270, ,0.00, ,0.00, ,100.0, 
2022/12/16,12:00,0.1, ,156270, ,0.00, ,0.00, ,100.0, 
2022/12/16,13:00,0.0, ,156320, ,10.06, ,0.00, ,100.0, 
2022/12/16,14:00,0.0, ,156380, ,10.79, ,0.00, ,100.0, 
2022/12/16,15:00,0.0, ,156380, ,8.59, ,0.00, ,100.0, 
2022/12/16,16:00,0.0, ,156430, ,13.74, ,0.00, ,100.0, 
2022/12/16,17:00,0.0, ,156430, ,1.00, ,16.40, ,100.0, 
2022/12/16,18:00,0.0, ,156380, ,13.73, ,46.70, ,100.0, 
2022/12/16,19:00,0.0, ,156220, ,9.72, ,57.30, ,100.0, 
2022/12/16,20:00,0.0, ,156010, ,8.16, ,60.60, ,100.0, 
2022/12/16,21:00,0.1, ,155790, ,2.76, ,60.60, ,100.0, 
2022/12/16,22:00,0.0, ,155580, ,2.54, ,44.80, ,100.0, 
2022/12/16,23:00,0.0, ,155580, ,0.00, ,0.00, ,100.0, 
2022/12/16,24:00,0.0, ,155580, ,0.00, ,0.00, ,100.0, 
2022/12/17,01:00,0.0, ,155580, ,0.00, ,0.00, ,100.0, 
2022/12/17,02:00,0.0, ,155580, ,0.00, ,0.00, ,100.0, 
2022/12/17,03:00,0.0, ,155580, ,0.00, ,0.00, ,100.0, 
2022/12/17,04:00,0.0, ,155580, ,0.00, ,0.00, ,100.0, 
2022/12/17,05:00,0.0, ,155580, ,0.00, ,0.00, ,100.0, 
2022/12/17,06:00,0.0, ,155580, ,0.02, ,16.10, ,100.0, 
2022/12/17,07:00,0.0, ,155530, ,9.73, ,44.70, ,100.0, 
2022/12/17,08:00,0.0, ,155370, ,6.59, ,53.40, ,100.0, 
2022/12/17,09:00,0.0, ,155160, ,5.51, ,34.00, ,100.0, 
2022/12/17,10:00,0.0, ,155160, ,0.00, ,0.00, ,100.0, 
2022/12/17,11:00,0.0, ,155160, ,0.00, ,0.00, ,100.0, 
2022/12/17,12:00,0.0, ,155210, ,4.15, ,0.00, ,100.0, 
2022/12/17,13:00,0.2, ,155210, ,10.48, ,0.00, ,100.0, 
2022/12/17,14:00,0.2, ,155270, ,6.10, ,0.00, ,100.0, 
2022/12/17,15:00,0.0, ,155270, ,8.54, ,0.00, ,100.0, 
2022/12/17,16:00,0.4, ,155320, ,12.93, ,0.00, ,100.0, 
2022/12/17,17:00,0.2, ,155320, ,1.72, ,16.00, ,100.0, 
2022/12/17,18:00,0.1, ,155320, ,15.04, ,46.40, ,100.0, 
2022/12/17,19:00,0.0, ,155110, ,10.08, ,57.00, ,100.0, 
2022/12/17,20:00,0.0, ,154900, ,7.93, ,60.90, ,100.0, 
2022/12/17,21:00,0.0, ,154690, ,0.38, ,45.30, ,100.0, 
2022/12/17,22:00,0.0, ,154580, ,0.75, ,21.60, ,100.0, 
2022/12/17,23:00,0.0, ,154580, ,0.00, ,0.00, ,100.0, 
2022/12/17,24:00,0.0, ,154580, ,0.00, ,0.00, ,100.0, 
2022/12/18,01:00,0.0, ,154630, ,1.22, ,0.00, ,100.0, 
2022/12/18,02:00,0.0, ,154580, ,0.00, ,0.00, ,100.0, 
2022/12/18,03:00,0.0, ,154630, ,1.22, ,0.00, ,100.0, 
2022/12/18,04:00,0.0, ,154580, ,5.84, ,0.00, ,100.0, 
2022/12/18,05:00,0.0, ,154630, ,0.00, ,0.00, ,100.0, 
2022/12/18,06:00,0.0, ,154630, ,10.48, ,15.80, ,100.0, 
2022/12/18,07:00,0.0, ,154580, ,4.40, ,44.70, ,100.0, 
2022/12/18,08:00,0.1, ,154370, ,0.00, ,53.70, ,100.0, 
2022/12/18,09:00,0.1, ,154210, ,4.29, ,34.90, ,100.0, 
2022/12/18,10:00,0.1, ,154160, ,0.00, ,0.00, ,100.0, 
2022/12/18,11:00,0.0, ,154210, ,2.43, ,0.00, ,100.0, 
2022/12/18,12:00,0.2, ,154210, ,10.20, ,0.00, ,100.0, 
2022/12/18,13:00,0.1, ,154270, ,0.24, ,0.00, ,100.0, 
2022/12/18,14:00,0.1, ,154270, ,14.34, ,0.00, ,100.0, 
2022/12/18,15:00,0.0, ,154270, ,0.00, ,0.00, ,100.0, 
2022/12/18,16:00,0.1, ,154320, ,14.34, ,0.00, ,100.0, 
2022/12/18,17:00,0.0, ,154320, ,0.26, ,16.00, ,100.0, 
2022/12/18,18:00,0.0, ,154270, ,14.52, ,46.50, ,100.0, 
2022/12/18,19:00,0.0, ,154110, ,7.66, ,57.40, ,100.0, 
2022/12/18,20:00,0.0, ,153900, ,8.55, ,60.90, ,100.0, 
2022/12/18,21:00,0.0, ,153690, ,1.87, ,61.10, ,100.0, 
2022/12/18,22:00,0.0, ,153480, ,5.54, ,45.40, ,100.0, 
2022/12/18,23:00,0.0, ,153480, ,0.00, ,0.00, ,100.0, 
2022/12/18,24:00,0.0, ,153480, ,0.00, ,0.00, ,100.0, 
2022/12/19,01:00,0.0, ,153480, ,0.00, ,0.00, ,100.0, 
2022/12/19,02:00,0.0, ,153480, ,0.00, ,0.00, ,100.0, 
2022/12/19,03:00,0.0, ,153480, ,0.00, ,0.00, ,100.0, 
2022/12/19,04:00,0.0, ,153480, ,0.00, ,0.00, ,100.0, 
2022/12/19,05:00,0.0, ,153480, ,0.00, ,0.00, ,100.0, 
2022/12/19,06:00,0.0, ,153480, ,0.02, ,16.30, ,100.0, 
2022/12/19,07:00,0.0, ,153430, ,10.44, ,45.10, ,100.0, 
2022/12/19,08:00,0.0, ,153270, ,2.14, ,53.40, ,100.0, 
2022/12/19,09:00,0.0, ,153060, ,4.22, ,35.00, ,100.0, 
2022/12/19,10:00,0.0, ,153060, ,2.12, ,0.00, ,100.0, 
2022/12/19,11:00,0.0, ,153120, ,0.24, ,0.00, ,100.0, 
2022/12/19,12:00,0.4, ,153120, ,13.54, ,0.00, ,100.0, 
2022/12/19,13:00,0.3, ,153120, ,2.66, ,0.00, ,100.0, 
2022/12/19,14:00,0.0, ,153170, ,11.12, ,0.00, ,100.0, 
2022/12/19,15:00,0.2, ,153170, ,1.45, ,0.00, ,100.0, 
2022/12/19,16:00,0.0, ,153220, ,12.83, ,0.00, ,100.0, 
2022/12/19,17:00,0.0, ,153220, ,1.71, ,16.20, ,100.0, 
2022/12/19,18:00,0.0, ,153170, ,10.72, ,46.80, ,100.0, 
2022/12/19,19:00,0.0, ,153010, ,9.33, ,56.60, ,100.0, 
2022/12/19,20:00,0.0, ,152800, ,2.53, ,61.00, ,100.0, 
2022/12/19,21:00,0.0, ,152590, ,3.50, ,60.90, ,100.0, 
2022/12/19,22:00,0.0, ,152380, ,4.74, ,45.00, ,100.0, 
2022/12/19,23:00,0.0, ,152330, ,0.00, ,0.00, ,100.0, 
2022/12/19,24:00,0.0, ,152330, ,0.00, ,0.00, ,100.0, 
2022/12/20,01:00,0.0, ,152330, ,0.00, ,0.00, ,100.0, 
2022/12/20,02:00,0.0, ,152330, ,0.00, ,0.00, ,100.0, 
2022/12/20,03:00,0.0, ,152330, ,0.00, ,0.00, ,100.0, 
2022/12/20,04:00,0.0, ,152330, ,0.00, ,0.00, ,100.0, 
2022/12/20,05:00,0.0, ,152330, ,0.00, ,0.00, ,100.0, 
2022/12/20,06:00,0.0, ,152330, ,0.01, ,8.60, ,100.0, 
2022/12/20,07:00,0.0, ,152330, ,5.29, ,28.90, ,100.0, 
2022/12/20,08:00,0.0, ,152230, ,12.10, ,56.00, ,100.0, 
2022/12/20,09:00,0.0, ,152020, ,4.13, ,60.50, ,100.0, 
2022/12/20,10:00,0.0, ,152020, ,0.00,#,0.00,#,100.0, 
2022/12/20,11:00,0.0, ,152020, ,0.00,#,0.00,#,100.0, 
2022/12/20,12:00,0.0, ,152070, ,0.00,#,0.00,#,100.0, 
2022/12/20,13:00,0.0, ,152070, ,0.00,#,0.00,#,100.0, 
2022/12/20,14:00,0.0, ,152070, ,0.00,#,0.00,#,100.0, 
2022/12/20,15:00,0.0, ,152120, ,0.00,#,0.00,#,100.0, 
2022/12/20,16:00,0.0, ,152180, ,0.00,#,0.00,#,100.0, 
2022/12/20,17:00,0.0, ,152180, ,0.00,#,0.00,#,100.0, 
2022/12/20,18:00,0.0, ,152120, ,0.00,#,0.00,#,100.0, 
2022/12/20,19:00,0.0, ,151970, ,0.00,#,0.00,#,100.0, 
2022/12/20,20:00,0.0, ,151760, ,0.00,#,0.00,#,100.0, 
2022/12/20,21:00,0.0, ,151550, ,0.00,#,0.00,#,100.0, 
2022/12/20,22:00,0.0, ,151350, ,0.00,#,0.00,#,100.0, 
2022/12/20,23:00,0.0, ,151240, ,0.00,#,0.00,#,100.0, 
2022/12/20,24:00,0.0, ,151190, ,0.00,#,0.00,#,100.0, 
2022/12/21,01:00,0.0, ,151190, ,0.00,#,0.00,#,100.0, 
2022/12/21,02:00,0.0, ,151190, ,0.00,#,0.00,#,100.0, 
2022/12/21,03:00,0.0, ,151190, ,0.00,#,0.00,#,100.0, 
2022/12/21,04:00,0.0, ,151190, ,0.00,#,0.00,#,100.0, 
2022/12/21,05:00,0.0, ,151190, ,0.00,#,0.00,#,100.0, 
2022/12/21,06:00,0.0, ,151190, ,0.00,#,0.00,#,100.0, 
2022/12/21,07:00,0.0, ,151140, ,0.00,#,0.00,#,100.0, 
2022/12/21,08:00,0.0, ,150980, ,0.00,#,0.00,#,100.0, 
2022/12/21,09:00,0.0, ,150830, ,4.56, ,45.80, ,100.0, 
2022/12/21,10:00,0.0, ,150780, ,0.00, ,0.00, ,100.0, 
2022/12/21,11:00,0.0, ,150780, ,0.00, ,0.00, ,100.0, 
2022/12/21,12:00,0.0, ,150830, ,3.12, ,0.00, ,100.0, 
2022/12/21,13:00,0.2, ,150830, ,11.26, ,0.00, ,100.0, 
2022/12/21,14:00,0.0, ,150880, ,5.51, ,0.00, ,100.0, 
2022/12/21,15:00,0.3, ,150880, ,8.87, ,0.00, ,100.0, 
2022/12/21,16:00,0.4, ,150930, ,10.55, ,0.00, ,100.0, 
2022/12/21,17:00,0.7, ,150930, ,3.85, ,16.20, ,100.0, 
2022/12/21,18:00,2.1, ,150930, ,15.09, ,46.90, ,100.0, 
2022/12/21,19:00,3.2, ,150720, ,13.97, ,56.60, ,100.0, 
2022/12/21,20:00,3.7, ,150570, ,9.69, ,61.30, ,100.0, 
2022/12/21,21:00,2.9, ,150360, ,7.26, ,61.40, ,100.0, 
2022/12/21,22:00,2.3, ,150210, ,8.69, ,46.00, ,100.0, 
2022/12/21,23:00,1.4, ,150150, ,2.42, ,0.00, ,100.0, 
2022/12/21,24:00,0.1, ,150210, ,7.19, ,0.00, ,100.0, 
2022/12/22,01:00,0.2, ,150210, ,4.31, ,0.00, ,100.0, 
2022/12/22,02:00,0.0, ,150210, ,0.00, ,0.00, ,100.0, 
2022/12/22,03:00,0.0, ,150210, ,0.00, ,0.00, ,100.0, 
2022/12/22,04:00,0.1, ,150260, ,10.54, ,0.00, ,100.0, 
2022/12/22,05:00,0.0, ,150260, ,3.83, ,0.00, ,100.0, 
2022/12/22,06:00,0.0, ,150310, ,2.16, ,0.00, ,100.0, 
2022/12/22,07:00,0.1, ,150310, ,12.21, ,0.00, ,100.0, 
2022/12/22,08:00,0.5, ,150310, ,0.02, ,16.20, ,100.0, 
2022/12/22,09:00,0.2, ,150310, ,15.10, ,20.20, ,100.0, 
2022/12/22,10:00,0.6, ,150310, ,14.09, ,0.00, ,100.0, 
2022/12/22,11:00,0.0, ,150360, ,8.13, ,0.00, ,100.0, 
2022/12/22,12:00,0.0, ,150410, ,19.13, ,0.00, ,100.0, 
2022/12/22,13:00,0.0, ,150460, ,11.72, ,0.00, ,100.0, 
2022/12/22,14:00,0.0, ,150520, ,20.58, ,0.00, ,100.0, 
2022/12/22,15:00,0.0, ,150570, ,9.33, ,0.00, ,100.0, 
2022/12/22,16:00,0.0, ,150620, ,17.23, ,0.00, ,100.0, 
2022/12/22,17:00,0.0, ,150670, ,0.73, ,16.10, ,100.0, 
2022/12/22,18:00,0.0, ,150620, ,17.26, ,34.00, ,100.0, 
2022/12/22,19:00,0.0, ,150520, ,21.85, ,48.70, ,100.0, 
2022/12/22,20:00,0.0, ,150360, ,14.93, ,58.90, ,100.0, 
2022/12/22,21:00,0.1, ,150210, ,14.80, ,41.40, ,100.0, 
2022/12/22,22:00,0.0, ,150210, ,5.64, ,0.00, ,100.0, 
2022/12/22,23:00,0.1, ,150260, ,6.23, ,0.00, ,100.0, 
2022/12/22,24:00,0.0, ,150260, ,8.14, ,0.00, ,100.0, 
2022/12/23,01:00,0.1, ,150310, ,14.13, ,0.00, ,100.0, 
2022/12/23,02:00,0.0, ,150360, ,11.72, ,0.00, ,100.0, 
2022/12/23,03:00,0.0, ,150360, ,2.87, ,0.00, ,100.0, 
2022/12/23,04:00,0.1, ,150410, ,5.74, ,0.00, ,100.0, 
2022/12/23,05:00,0.0, ,150410, ,8.61, ,0.00, ,100.0, 
2022/12/23,06:00,0.1, ,150410, ,0.02, ,16.20, ,100.0, 
2022/12/23,07:00,0.0, ,150360, ,11.09, ,46.70, ,100.0, 
2022/12/23,08:00,0.1, ,150210, ,10.77, ,56.80, ,100.0, 
2022/12/23,09:00,0.1, ,150000, ,5.24, ,45.90, ,100.0, 
2022/12/23,10:00,0.0, ,150000, ,2.94, ,0.00, ,100.0, 
2022/12/23,11:00,0.1, ,150050, ,7.18, ,0.00, ,100.0, 
2022/12/23,12:00,0.0, ,150050, ,9.57, ,0.00, ,100.0, 
2022/12/23,13:00,0.1, ,150100, ,8.86, ,0.00, ,100.0, 
2022/12/23,14:00,0.1, ,150150, ,12.21, ,0.00, ,100.0, 
2022/12/23,15:00,0.0, ,150210, ,14.61, ,0.00, ,100.0, 
2022/12/23,16:00,0.0, ,150260, ,9.58, ,0.00, ,100.0, 
2022/12/23,17:00,0.0, ,150260, ,6.48, ,16.60, ,100.0, 
2022/12/23,18:00,0.0, ,150150, ,4.60, ,47.20, ,100.0, 
2022/12/23,19:00,0.0, ,150000, ,11.95, ,56.90, ,100.0, 
2022/12/23,20:00,0.0, ,149790, ,5.46, ,61.30, ,100.0, 
2022/12/23,21:00,0.0, ,149690, ,13.69, ,61.40, ,100.0, 
2022/12/23,22:00,0.0, ,149430, ,8.55, ,46.60, ,100.0, 
2022/12/23,23:00,0.0, ,149430, ,11.37, ,0.00, ,100.0, 
2022/12/23,24:00,0.0, ,149480, ,2.87, ,0.00, ,100.0, 
2022/12/24,01:00,0.0, ,149480, ,1.91, ,0.00, ,100.0, 
2022/12/24,02:00,0.0, ,149480, ,0.00, ,0.00, ,100.0, 
2022/12/24,03:00,0.0, ,149480, ,0.00, ,0.00, ,100.0, 
2022/12/24,04:00,0.0, ,149530, ,1.67, ,0.00, ,100.0, 
2022/12/24,05:00,0.0, ,149530, ,12.67, ,0.00, ,100.0, 
2022/12/24,06:00,0.0, ,149530, ,0.00, ,0.00, ,100.0, 
2022/12/24,07:00,0.0, ,149530, ,0.02, ,16.50, ,100.0, 
2022/12/24,08:00,0.0, ,149480, ,10.10, ,28.90, ,100.0, 
2022/12/24,09:00,0.0, ,149380, ,5.64, ,20.70, ,100.0, 
2022/12/24,10:00,0.0, ,149380, ,0.00, ,0.00, ,100.0, 
2022/12/24,11:00,0.0, ,149380, ,0.00, ,0.00, ,100.0, 
2022/12/24,12:00,0.0, ,149430, ,11.23, ,0.00, ,100.0, 
2022/12/24,13:00,0.6, ,149480, ,11.70, ,0.00, ,100.0, 
2022/12/24,14:00,0.5, ,149530, ,15.77, ,0.00, ,100.0, 
2022/12/24,15:00,0.3, ,149530, ,4.30, ,0.00, ,100.0, 
2022/12/24,16:00,0.3, ,149590, ,7.65, ,0.00, ,100.0, 
2022/12/24,17:00,0.0, ,149590, ,6.71, ,16.40, ,100.0, 
2022/12/24,18:00,0.0, ,149530, ,11.82, ,46.80, ,100.0, 
2022/12/24,19:00,0.0, ,149380, ,8.07, ,57.00, ,100.0, 
2022/12/24,20:00,0.2, ,149170, ,8.94, ,61.40, ,100.0, 
2022/12/24,21:00,0.0, ,148970, ,0.56, ,40.60, ,100.0, 
2022/12/24,22:00,0.0, ,148970, ,2.00, ,0.00, ,100.0, 
2022/12/24,23:00,0.0, ,148970, ,0.00, ,0.00, ,100.0, 
2022/12/24,24:00,0.0, ,148970, ,1.91, ,0.00, ,100.0, 
2022/12/25,01:00,0.0, ,148970, ,0.00, ,0.00, ,100.0, 
2022/12/25,02:00,0.0, ,148970, ,0.00, ,0.00, ,100.0, 
2022/12/25,03:00,0.0, ,148970, ,0.00, ,0.00, ,100.0, 
2022/12/25,04:00,0.0, ,148970, ,0.00, ,0.00, ,100.0, 
2022/12/25,05:00,0.0, ,148970, ,0.00, ,0.00, ,100.0, 
2022/12/25,06:00,0.0, ,148970, ,0.00, ,0.00, ,100.0, 
2022/12/25,07:00,0.0, ,149020, ,12.42, ,16.20, ,100.0, 
2022/12/25,08:00,0.0, ,148920, ,3.48, ,20.60, ,100.0, 
2022/12/25,09:00,0.0, ,148920, ,0.00, ,0.00, ,100.0, 
2022/12/25,10:00,0.0, ,148920, ,0.00, ,0.00, ,100.0, 
2022/12/25,11:00,0.1, ,148970, ,12.64, ,0.00, ,100.0, 
2022/12/25,12:00,0.5, ,148970, ,1.67, ,0.00, ,100.0, 
2022/12/25,13:00,0.3, ,149020, ,14.31, ,0.00, ,100.0, 
2022/12/25,14:00,0.1, ,149070, ,9.78, ,0.00, ,100.0, 
2022/12/25,15:00,0.1, ,149120, ,13.60, ,0.00, ,100.0, 
2022/12/25,16:00,0.0, ,149170, ,14.32, ,0.00, ,100.0, 
2022/12/25,17:00,0.0, ,149170, ,5.27, ,16.10, ,100.0, 
2022/12/25,18:00,0.0, ,149120, ,8.68, ,46.60, ,100.0, 
2022/12/25,19:00,0.0, ,148920, ,5.19, ,56.50, ,100.0, 
2022/12/25,20:00,0.0, ,148760, ,7.74, ,59.10, ,100.0, 
2022/12/25,21:00,0.0, ,148560, ,9.59, ,58.50, ,100.0, 
2022/12/25,22:00,0.0, ,148350, ,0.00, ,35.60, ,100.0, 
2022/12/25,23:00,0.0, ,148350, ,0.00, ,0.00, ,100.0, 
2022/12/25,24:00,0.0, ,148350, ,0.00, ,0.00, ,100.0, 
2022/12/26,01:00,0.0, ,148350, ,0.00, ,0.00, ,100.0, 
2022/12/26,02:00,0.0, ,148350, ,0.00, ,0.00, ,100.0, 
2022/12/26,03:00,0.0, ,148350, ,0.00, ,0.00, ,100.0, 
2022/12/26,04:00,0.0, ,148400, ,7.14, ,0.00, ,100.0, 
2022/12/26,05:00,0.0, ,148400, ,7.14, ,0.00, ,100.0, 
2022/12/26,06:00,0.0, ,148400, ,0.00, ,0.00, ,100.0, 
2022/12/26,07:00,0.0, ,148400, ,0.02, ,15.90, ,100.0, 
2022/12/26,08:00,0.0, ,148300, ,4.03, ,41.70, ,100.0, 
2022/12/26,09:00,0.0, ,148140, ,4.31, ,32.20, ,100.0, 
2022/12/26,10:00,0.0, ,148140, ,1.06, ,0.00,#,100.0, 
2022/12/26,11:00,0.0, ,148200, ,5.95, ,0.00,#,100.0, 
2022/12/26,12:00,0.0, ,148250, ,11.42, ,0.00,#,100.0, 
2022/12/26,13:00,0.0, ,148250, ,11.18, ,0.00,#,100.0, 
2022/12/26,14:00,0.0, ,148300, ,5.24, ,0.00,#,100.0, 
2022/12/26,15:00,0.0, ,148300, ,9.04, ,0.00,#,100.0, 
2022/12/26,16:00,0.0, ,148350, ,13.57, ,0.00, ,100.0, 
2022/12/26,17:00,0.0, ,148350, ,0.73, ,16.70, ,100.0, 
2022/12/26,18:00,0.0, ,148300, ,14.23, ,47.30, ,100.0, 
2022/12/26,19:00,0.0, ,148140, ,13.17, ,56.40, ,100.0, 
2022/12/26,20:00,0.0, ,147940, ,8.58, ,58.70, ,100.0, 
2022/12/26,21:00,0.0, ,147790, ,5.73, ,40.20, ,100.0, 
2022/12/26,22:00,0.0, ,147680, ,5.05, ,20.90, ,100.0, 
2022/12/26,23:00,0.0, ,147680, ,0.00, ,0.00, ,100.0, 
2022/12/26,24:00,0.0, ,147680, ,0.00, ,0.00, ,100.0, 
2022/12/27,01:00,0.0, ,147680, ,0.00, ,0.00, ,100.0, 
2022/12/27,02:00,0.0, ,147680, ,0.00, ,0.00, ,100.0, 
2022/12/27,03:00,0.0, ,147680, ,0.00, ,0.00, ,100.0, 
2022/12/27,04:00,0.0, ,147680, ,0.00, ,0.00, ,100.0, 
2022/12/27,05:00,0.0, ,147680, ,0.00, ,0.00, ,100.0, 
2022/12/27,06:00,0.0, ,147680, ,0.02, ,16.20, ,100.0, 
2022/12/27,07:00,0.0, ,147630, ,13.28, ,29.00, ,100.0, 
2022/12/27,08:00,0.0, ,147530, ,7.49, ,31.70, ,100.0, 
2022/12/27,09:00,0.0, ,147430, ,1.15, ,22.30, ,100.0, 
2022/12/27,10:00,0.0, ,147430, ,5.09, ,0.00, ,100.0, 
2022/12/27,11:00,0.0, ,147430, ,0.00, ,0.00, ,100.0, 
2022/12/27,12:00,0.0, ,147480, ,4.27, ,0.00, ,100.0, 
2022/12/27,13:00,0.0, ,147480, ,9.97, ,0.00, ,100.0, 
2022/12/27,14:00,0.0, ,147530, ,13.29, ,0.00, ,100.0, 
2022/12/27,15:00,0.0, ,147580, ,7.59, ,0.00, ,100.0, 
2022/12/27,16:00,0.2, ,147580, ,7.59, ,0.00, ,100.0, 
2022/12/27,17:00,0.0, ,147630, ,9.51, ,16.50, ,100.0, 
2022/12/27,18:00,0.0, ,147580, ,17.78, ,31.30, ,100.0, 
2022/12/27,19:00,0.0, ,147480, ,11.28, ,50.20, ,100.0, 
2022/12/27,20:00,0.0, ,147320, ,7.30, ,59.20, ,100.0, 
2022/12/27,21:00,0.0, ,147120, ,6.31, ,41.20, ,100.0, 
2022/12/27,22:00,0.0, ,147020, ,1.28, ,22.90, ,100.0, 
2022/12/27,23:00,0.0, ,147020, ,5.35, ,0.00, ,100.0, 
2022/12/27,24:00,0.0, ,147020, ,0.00, ,0.00, ,100.0, 
2022/12/28,01:00,0.0, ,147020, ,0.00, ,0.00, ,100.0, 
2022/12/28,02:00,0.0, ,147020, ,0.00, ,0.00, ,100.0, 
2022/12/28,03:00,0.0, ,147020, ,0.00, ,0.00, ,100.0, 
2022/12/28,04:00,0.0, ,147020, ,0.00, ,0.00, ,100.0, 
2022/12/28,05:00,0.0, ,147020, ,0.00, ,0.00, ,100.0, 
2022/12/28,06:00,0.0, ,147020, ,0.02, ,16.40, ,100.0, 
2022/12/28,07:00,0.0, ,146910, ,7.86, ,28.70, ,100.0, 
2022/12/28,08:00,0.0, ,146860, ,0.24, ,34.50, ,100.0, 
2022/12/28,09:00,0.0, ,146710, ,4.01, ,24.60, ,100.0, 
2022/12/28,10:00,0.0, ,146660, ,0.00, ,0.00, ,100.0, 
2022/12/28,11:00,0.0, ,146710, ,1.89, ,0.00, ,100.0, 
2022/12/28,12:00,0.0, ,146760, ,9.70, ,0.00, ,100.0, 
2022/12/28,13:00,0.1, ,146760, ,10.41, ,0.00, ,100.0, 
2022/12/28,14:00,0.2, ,146810, ,6.39, ,0.00, ,100.0, 
2022/12/28,15:00,0.0, ,146860, ,9.47, ,0.00, ,100.0, 
2022/12/28,16:00,0.3, ,146860, ,12.55, ,0.00, ,100.0, 
2022/12/28,17:00,0.0, ,146910, ,1.67, ,16.40, ,100.0, 
2022/12/28,18:00,0.0, ,146860, ,24.95, ,47.20, ,100.0, 
2022/12/28,19:00,0.0, ,146710, ,10.21, ,56.70, ,100.0, 
2022/12/28,20:00,0.0, ,146510, ,6.48, ,57.10, ,100.0, 
2022/12/28,21:00,0.0, ,146350, ,7.22, ,48.10, ,100.0, 
2022/12/28,22:00,0.0, ,146250, ,6.48, ,22.00, ,100.0, 
2022/12/28,23:00,0.0, ,146200, ,0.00, ,0.00, ,100.0, 
2022/12/28,24:00,0.0, ,146200, ,0.00, ,0.00, ,100.0, 
2022/12/29,01:00,0.0, ,146200, ,0.00, ,0.00, ,100.0, 
2022/12/29,02:00,0.2, ,146200, ,0.00, ,0.00, ,100.0, 
2022/12/29,03:00,0.0, ,146200, ,0.00, ,0.00, ,100.0, 
2022/12/29,04:00,0.0, ,146200, ,0.00, ,0.00, ,100.0, 
2022/12/29,05:00,0.0, ,146200, ,0.00, ,0.00, ,100.0, 
2022/12/29,06:00,0.0, ,146200, ,0.02, ,16.50, ,100.0, 
2022/12/29,07:00,0.0, ,146150, ,11.88, ,29.30, ,100.0, 
2022/12/29,08:00,0.0, ,146050, ,8.75, ,42.40, ,100.0, 
2022/12/29,09:00,0.0, ,145890, ,2.73, ,32.10, ,100.0, 
2022/12/29,10:00,0.0, ,145890, ,0.00, ,0.00, ,100.0, 
2022/12/29,11:00,0.0, ,145890, ,5.90, ,0.00, ,100.0, 
2022/12/29,12:00,0.0, ,145940, ,13.69, ,0.00, ,100.0, 
2022/12/29,13:00,0.0, ,145990, ,1.42, ,0.00, ,100.0, 
2022/12/29,14:00,0.0, ,145990, ,13.22, ,0.00, ,100.0, 
2022/12/29,15:00,0.0, ,146050, ,10.63, ,0.00, ,100.0, 
2022/12/29,16:00,0.0, ,146050, ,3.54, ,0.00, ,100.0, 
2022/12/29,17:00,0.0, ,146100, ,10.88, ,16.80, ,100.0, 
2022/12/29,18:00,0.0, ,146050, ,14.79, ,46.20, ,100.0, 
2022/12/29,19:00,0.0, ,145890, ,9.12, ,54.40, ,100.0, 
2022/12/29,20:00,0.0, ,145690, ,6.00, ,56.70, ,100.0, 
2022/12/29,21:00,0.0, ,145540, ,8.31, ,39.50, ,100.0, 
2022/12/29,22:00,0.0, ,145490, ,0.00, ,0.00, ,100.0, 
2022/12/29,23:00,0.0, ,145490, ,0.00, ,0.00, ,100.0, 
2022/12/29,24:00,0.0, ,145490, ,0.00, ,0.00, ,100.0, 
2022/12/30,01:00,0.0, ,145490, ,0.00, ,0.00, ,100.0, 
2022/12/30,02:00,0.0, ,145540, ,14.14, ,0.00, ,100.0, 
2022/12/30,03:00,0.0, ,145540, ,0.00, ,0.00, ,100.0, 
2022/12/30,04:00,0.0, ,145540, ,0.00, ,0.00, ,100.0, 
2022/12/30,05:00,0.0, ,145540, ,0.00, ,0.00, ,100.0, 
2022/12/30,06:00,0.0, ,145540, ,0.02, ,16.30, ,100.0, 
2022/12/30,07:00,0.0, ,145490, ,8.87, ,28.50, ,100.0, 
2022/12/30,08:00,0.0, ,145330, ,4.04, ,43.00, ,100.0, 
2022/12/30,09:00,0.0, ,145180, ,4.21, ,32.60, ,100.0, 
2022/12/30,10:00,0.0, ,145180, ,0.00, ,0.00, ,100.0, 
2022/12/30,11:00,0.0, ,145180, ,0.00, ,0.00, ,100.0, 
2022/12/30,12:00,0.0, ,145230, ,13.66, ,0.00, ,100.0, 
2022/12/30,13:00,0.0, ,145280, ,8.71, ,0.00, ,100.0, 
2022/12/30,14:00,0.0, ,145330, ,9.89, ,0.00, ,100.0, 
2022/12/30,15:00,0.0, ,145330, ,10.13, ,0.00, ,100.0, 
2022/12/30,16:00,0.0, ,145380, ,6.36, ,0.00, ,100.0, 
2022/12/30,17:00,0.0, ,145380, ,7.79, ,16.20, ,100.0, 
2022/12/30,18:00,0.0, ,145330, ,12.59, ,45.10, ,100.0, 
2022/12/30,19:00,0.0, ,145180, ,9.14, ,54.70, ,100.0, 
2022/12/30,20:00,0.0, ,144980, ,3.76, ,57.00, ,100.0, 
2022/12/30,21:00,0.0, ,144830, ,6.11, ,39.60, ,100.0, 
2022/12/30,22:00,0.0, ,144720, ,0.94, ,20.90, ,100.0, 
2022/12/30,23:00,0.0, ,144670, ,0.00, ,0.00, ,100.0, 
2022/12/30,24:00,0.0, ,144670, ,0.00, ,0.00, ,100.0, 
2022/12/31,01:00,0.0, ,144670, ,0.00, ,0.00, ,100.0, 
2022/12/31,02:00,0.0, ,144670, ,0.00, ,0.00, ,100.0, 
2022/12/31,03:00,0.0, ,144670, ,0.00, ,0.00, ,100.0, 
2022/12/31,04:00,0.0, ,144670, ,0.00, ,0.00, ,100.0, 
2022/12/31,05:00,0.0, ,144670, ,0.00, ,0.00, ,100.0, 
2022/12/31,06:00,0.0, ,144670, ,0.02, ,16.30, ,100.0, 
2022/12/31,07:00,0.0, ,144620, ,12.24, ,41.30, ,100.0, 
2022/12/31,08:00,0.0, ,144470, ,7.99, ,43.40, ,100.0, 
2022/12/31,09:00,0.0, ,144320, ,2.95, ,17.80, ,100.0, 
2022/12/31,10:00,0.0, ,144320, ,0.00, ,0.00, ,100.0, 
2022/12/31,11:00,0.0, ,144320, ,0.00, ,0.00, ,100.0, 
2022/12/31,12:00,0.0, ,144370, ,12.88, ,0.00, ,100.0, 
2022/12/31,13:00,0.0, ,144420, ,10.30, ,0.00, ,100.0, 
2022/12/31,14:00,0.0, ,144470, ,11.01, ,0.00, ,100.0, 
2022/12/31,15:00,0.0, ,144520, ,8.66, ,0.00, ,100.0, 
2022/12/31,16:00,0.0, ,144520, ,13.36, ,0.00, ,100.0, 
2022/12/31,17:00,0.0, ,144570, ,7.75, ,16.00, ,100.0, 
2022/12/31,18:00,0.0, ,144520, ,14.17, ,44.50, ,100.0, 
2022/12/31,19:00,0.0, ,144320, ,4.00, ,54.50, ,100.0, 
2022/12/31,20:00,0.0, ,144170, ,5.60, ,54.70, ,100.0, 
2022/12/31,21:00,0.0, ,143970, ,3.03, ,58.70, ,100.0, 
2022/12/31,22:00,0.0, ,143760, ,3.15, ,30.60, ,100.0, 
2022/12/31,23:00,0.0, ,143760, ,0.00, ,0.00, ,100.0, 
2022/12/31,24:00,0.0, ,143760, ,0.00, ,0.00, ,100.0, 
