îCà”ä˙ä‘É_ÉÄèîó åüçıåãâ 
êÖånñº,ãgñÏêÏ
âÕêÏñº,ãgñÏêÏ
äœë™èäñº,ëÅñæâYÉ_ÉÄÅiã@ç\Åj
äœë™èäãLçÜ,1368080700010
#
#îNåéì˙,éûçè,ó¨àÊïΩãœâJó ,ó¨àÊïΩãœâJó ëÆê´,íôêÖó ,íôêÖó ëÆê´,ó¨ì¸ó ,ó¨ì¸ó ëÆê´,ï˙ó¨ó ,ï˙ó¨ó ëÆê´,íôêÖó¶,íôêÖó¶ëÆê´
#ëÆê´Å@$:åáë™ -:ñ¢éÛêM
#
2015/2/1,01:00,0.0, ,150980, ,19.42, ,0.00, ,100.0, 
2015/2/1,02:00,0.0, ,151030, ,13.19, ,0.00, ,100.0, 
2015/2/1,03:00,0.0, ,151090, ,17.03, ,0.00, ,100.0, 
2015/2/1,04:00,0.0, ,151140, ,10.79, ,0.00, ,100.0, 
2015/2/1,05:00,0.0, ,151140, ,6.00, ,0.00, ,100.0, 
2015/2/1,06:00,0.0, ,151190, ,8.16, ,0.00, ,100.0, 
2015/2/1,07:00,0.0, ,151190, ,6.24, ,0.90, ,100.0, 
2015/2/1,08:00,0.0, ,151190, ,9.11, ,20.10, ,100.0, 
2015/2/1,09:00,0.0, ,151030, ,15.29, ,47.20, ,100.0, 
2015/2/1,10:00,0.0, ,150880, ,13.43, ,60.40, ,100.0, 
2015/2/1,11:00,0.0, ,150880, ,14.58, ,0.00, ,100.0, 
2015/2/1,12:00,0.0, ,150930, ,13.96, ,0.00, ,100.0, 
2015/2/1,13:00,0.0, ,150980, ,11.75, ,0.00, ,100.0, 
2015/2/1,14:00,0.0, ,151030, ,19.66, ,0.00, ,100.0, 
2015/2/1,15:00,0.0, ,151090, ,11.51, ,3.00, ,100.0, 
2015/2/1,16:00,0.0, ,151090, ,19.37, ,31.20, ,100.0, 
2015/2/1,17:00,0.0, ,150930, ,22.37, ,60.90, ,100.0, 
2015/2/1,18:00,0.0, ,150780, ,19.69, ,63.10, ,100.0, 
2015/2/1,19:00,0.0, ,150620, ,18.07, ,63.20, ,100.0, 
2015/2/1,20:00,0.0, ,150470, ,19.30, ,63.10, ,100.0, 
2015/2/1,21:00,0.0, ,150310, ,18.15, ,59.40, ,100.0, 
2015/2/1,22:00,0.0, ,150260, ,17.80, ,0.00, ,100.0, 
2015/2/1,23:00,0.0, ,150260, ,5.03, ,0.00, ,100.0, 
2015/2/1,24:00,0.0, ,150310, ,13.41, ,0.00, ,100.0, 
2015/2/2,01:00,0.0, ,150410, ,16.03, ,0.00, ,100.0, 
2015/2/2,02:00,0.0, ,150410, ,13.63, ,0.00, ,100.0, 
2015/2/2,03:00,0.0, ,150470, ,13.64, ,0.00, ,100.0, 
2015/2/2,04:00,0.0, ,150520, ,10.29, ,0.00, ,100.0, 
2015/2/2,05:00,0.0, ,150520, ,4.79, ,0.00, ,100.0, 
2015/2/2,06:00,0.0, ,150570, ,11.97, ,2.80, ,100.0, 
2015/2/2,07:00,0.0, ,150520, ,14.09, ,31.30, ,100.0, 
2015/2/2,08:00,0.0, ,150360, ,10.88, ,57.80, ,100.0, 
2015/2/2,09:00,0.0, ,150150, ,8.41, ,60.90, ,100.0, 
2015/2/2,10:00,0.0, ,150000, ,15.96, ,59.70, ,100.0, 
2015/2/2,11:00,0.0, ,149950, ,14.75, ,31.90, ,100.0, 
2015/2/2,12:00,0.0, ,149950, ,8.12, ,0.00, ,100.0, 
2015/2/2,13:00,0.0, ,150000, ,11.49, ,3.30, ,100.0, 
2015/2/2,14:00,0.0, ,150000, ,17.51, ,31.20, ,100.0, 
2015/2/2,15:00,0.0, ,149900, ,28.53, ,57.90, ,100.0, 
2015/2/2,16:00,0.0, ,149690, ,16.13, ,61.10, ,100.0, 
2015/2/2,17:00,0.0, ,149530, ,17.45, ,63.40, ,100.0, 
2015/2/2,18:00,0.0, ,149380, ,15.08, ,61.10, ,100.0, 
2015/2/2,19:00,0.0, ,149230, ,19.29, ,61.00, ,100.0, 
2015/2/2,20:00,0.0, ,149120, ,16.99, ,45.80, ,100.0, 
2015/2/2,21:00,0.0, ,149070, ,14.62, ,32.20, ,100.0, 
2015/2/2,22:00,0.0, ,149020, ,14.95, ,29.30, ,100.0, 
2015/2/2,23:00,0.0, ,148970, ,15.78, ,29.10, ,100.0, 
2015/2/2,24:00,0.0, ,148920, ,16.43, ,27.70, ,100.0, 
2015/2/3,01:00,0.0, ,148920, ,8.04, ,0.00, ,100.0, 
2015/2/3,02:00,0.0, ,148970, ,10.49, ,0.00, ,100.0, 
2015/2/3,03:00,0.0, ,149020, ,12.16, ,0.00, ,100.0, 
2015/2/3,04:00,0.0, ,149070, ,8.11, ,0.00, ,100.0, 
2015/2/3,05:00,0.0, ,149070, ,12.16, ,0.00, ,100.0, 
2015/2/3,06:00,0.0, ,149070, ,0.00, ,3.10, ,100.0, 
2015/2/3,07:00,0.0, ,149020, ,11.57, ,31.20, ,100.0, 
2015/2/3,08:00,0.0, ,148860, ,12.76, ,58.30, ,100.0, 
2015/2/3,09:00,0.0, ,148660, ,8.14, ,61.20, ,100.0, 
2015/2/3,10:00,0.0, ,148500, ,12.15, ,59.80, ,100.0, 
2015/2/3,11:00,0.0, ,148400, ,14.84, ,32.10, ,100.0, 
2015/2/3,12:00,0.0, ,148500, ,12.03, ,0.00, ,100.0, 
2015/2/3,13:00,0.0, ,148500, ,14.29, ,3.40, ,100.0, 
2015/2/3,14:00,0.0, ,148450, ,14.45, ,31.10, ,100.0, 
2015/2/3,15:00,0.0, ,148350, ,18.78, ,58.20, ,100.0, 
2015/2/3,16:00,0.0, ,148200, ,17.80, ,61.20, ,100.0, 
2015/2/3,17:00,0.0, ,148040, ,16.80, ,63.40, ,100.0, 
2015/2/3,18:00,0.0, ,147840, ,17.96, ,61.20, ,100.0, 
2015/2/3,19:00,0.0, ,147680, ,15.98, ,61.30, ,100.0, 
2015/2/3,20:00,0.0, ,147580, ,16.26, ,46.10, ,100.0, 
2015/2/3,21:00,0.0, ,147530, ,14.96, ,30.30, ,100.0, 
2015/2/3,22:00,0.0, ,147530, ,8.73, ,0.00, ,100.0, 
2015/2/3,23:00,0.0, ,147580, ,5.93, ,0.00, ,100.0, 
2015/2/3,24:00,0.0, ,147630, ,14.00, ,0.00, ,100.0, 
2015/2/4,01:00,0.0, ,147680, ,14.96, ,0.00, ,100.0, 
2015/2/4,02:00,0.0, ,147730, ,13.54, ,0.00, ,100.0, 
2015/2/4,03:00,0.0, ,147790, ,9.26, ,0.00, ,100.0, 
2015/2/4,04:00,0.0, ,147790, ,13.54, ,0.00, ,100.0, 
2015/2/4,05:00,0.0, ,147790, ,0.00, ,0.00, ,100.0, 
2015/2/4,06:00,0.0, ,147840, ,12.12, ,3.10, ,100.0, 
2015/2/4,07:00,0.0, ,147790, ,15.18, ,31.40, ,100.0, 
2015/2/4,08:00,0.0, ,147630, ,9.61, ,58.30, ,100.0, 
2015/2/4,09:00,0.0, ,147430, ,6.85, ,61.40, ,100.0, 
2015/2/4,10:00,0.0, ,147270, ,11.84, ,59.60, ,100.0, 
2015/2/4,11:00,0.0, ,147170, ,16.32, ,31.90, ,100.0, 
2015/2/4,12:00,0.0, ,147220, ,5.18, ,0.00, ,100.0, 
2015/2/4,13:00,0.1, ,147220, ,11.85, ,3.20, ,100.0, 
2015/2/4,14:00,0.0, ,147220, ,14.75, ,29.30, ,100.0, 
2015/2/4,15:00,0.0, ,147170, ,25.43, ,31.20, ,100.0, 
2015/2/4,16:00,0.0, ,147020, ,18.08, ,58.40, ,100.0, 
2015/2/4,17:00,0.0, ,146860, ,16.48, ,63.20, ,100.0, 
2015/2/4,18:00,0.0, ,146710, ,16.39, ,61.60, ,100.0, 
2015/2/4,19:00,0.0, ,146560, ,15.40, ,63.10, ,100.0, 
2015/2/4,20:00,0.0, ,146350, ,13.94, ,63.20, ,100.0, 
2015/2/4,21:00,0.0, ,146250, ,18.11, ,49.30, ,100.0, 
2015/2/4,22:00,0.0, ,146200, ,10.26, ,29.30, ,100.0, 
2015/2/4,23:00,0.0, ,146100, ,15.80, ,29.20, ,100.0, 
2015/2/4,24:00,0.0, ,146100, ,13.16, ,27.80, ,100.0, 
2015/2/5,01:00,0.0, ,146100, ,14.56, ,0.00, ,100.0, 
2015/2/5,02:00,0.0, ,146100, ,0.00, ,0.00, ,100.0, 
2015/2/5,03:00,0.0, ,146150, ,6.38, ,0.00, ,100.0, 
2015/2/5,04:00,0.0, ,146150, ,7.79, ,0.00, ,100.0, 
2015/2/5,05:00,0.0, ,146200, ,9.21, ,0.00, ,100.0, 
2015/2/5,06:00,0.0, ,146200, ,4.96, ,2.80, ,100.0, 
2015/2/5,07:00,0.0, ,146150, ,10.69, ,31.40, ,100.0, 
2015/2/5,08:00,0.0, ,145940, ,11.89, ,58.60, ,100.0, 
2015/2/5,09:00,0.0, ,145790, ,5.64, ,61.70, ,100.0, 
2015/2/5,10:00,0.0, ,145590, ,12.65, ,60.20, ,100.0, 
2015/2/5,11:00,0.0, ,145590, ,16.67, ,32.40, ,100.0, 
2015/2/5,12:00,0.0, ,145490, ,13.78, ,28.00, ,100.0, 
2015/2/5,13:00,0.0, ,145540, ,10.80, ,3.50, ,100.0, 
2015/2/5,14:00,0.0, ,145490, ,12.76, ,29.30, ,100.0, 
2015/2/5,15:00,0.0, ,145380, ,16.60, ,31.40, ,100.0, 
2015/2/5,16:00,0.0, ,145280, ,13.52, ,58.60, ,100.0, 
2015/2/5,17:00,0.0, ,145080, ,18.12, ,63.30, ,100.0, 
2015/2/5,18:00,0.0, ,144980, ,17.56, ,61.70, ,100.0, 
2015/2/5,19:00,0.0, ,144720, ,10.79, ,63.30, ,100.0, 
2015/2/5,20:00,0.0, ,144620, ,14.81, ,63.10, ,100.0, 
2015/2/5,21:00,0.1, ,144420, ,15.09, ,57.20, ,100.0, 
2015/2/5,22:00,0.2, ,144370, ,18.21, ,33.90, ,100.0, 
2015/2/5,23:00,0.0, ,144370, ,13.36, ,21.60, ,100.0, 
2015/2/5,24:00,0.2, ,144370, ,14.54, ,0.00, ,100.0, 
2015/2/6,01:00,0.1, ,144420, ,13.58, ,0.00, ,100.0, 
2015/2/6,02:00,0.0, ,144470, ,11.47, ,0.00, ,100.0, 
2015/2/6,03:00,0.1, ,144520, ,8.43, ,0.00, ,100.0, 
2015/2/6,04:00,0.2, ,144470, ,3.51, ,0.00, ,100.0, 
2015/2/6,05:00,0.0, ,144520, ,10.31, ,0.00, ,100.0, 
2015/2/6,06:00,0.1, ,144520, ,0.94, ,0.00, ,100.0, 
2015/2/6,07:00,0.0, ,144570, ,3.05, ,2.90, ,100.0, 
2015/2/6,08:00,0.0, ,144470, ,10.05, ,31.60, ,100.0, 
2015/2/6,09:00,0.0, ,144320, ,10.26, ,58.80, ,100.0, 
2015/2/6,10:00,0.0, ,144170, ,13.92, ,59.80, ,100.0, 
2015/2/6,11:00,0.0, ,144070, ,9.34, ,29.40, ,100.0, 
2015/2/6,12:00,0.0, ,144070, ,9.39, ,0.00, ,100.0, 
2015/2/6,13:00,0.0, ,144120, ,13.80, ,0.00, ,100.0, 
2015/2/6,14:00,0.0, ,144170, ,12.63, ,0.00, ,100.0, 
2015/2/6,15:00,0.7, ,144220, ,15.44, ,0.60, ,100.0, 
2015/2/6,16:00,0.1, ,144220, ,9.48, ,19.10, ,100.0, 
2015/2/6,17:00,0.0, ,144120, ,19.62, ,47.90, ,100.0, 
2015/2/6,18:00,0.0, ,143910, ,16.96, ,61.80, ,100.0, 
2015/2/6,19:00,0.0, ,143760, ,10.41, ,61.80, ,100.0, 
2015/2/6,20:00,0.0, ,143610, ,16.38, ,63.30, ,100.0, 
2015/2/6,21:00,0.0, ,143460, ,12.51, ,48.90, ,100.0, 
2015/2/6,22:00,0.0, ,143410, ,8.50, ,21.50, ,100.0, 
2015/2/6,23:00,0.0, ,143410, ,5.75, ,0.00, ,100.0, 
2015/2/6,24:00,0.0, ,143460, ,6.30, ,0.00, ,100.0, 
2015/2/7,01:00,0.0, ,143510, ,10.49, ,0.00, ,100.0, 
2015/2/7,02:00,0.0, ,143510, ,11.20, ,0.00, ,100.0, 
2015/2/7,03:00,0.0, ,143560, ,12.13, ,0.00, ,100.0, 
2015/2/7,04:00,0.0, ,143560, ,1.87, ,0.00, ,100.0, 
2015/2/7,05:00,0.0, ,143610, ,13.07, ,0.00, ,100.0, 
2015/2/7,06:00,0.0, ,143610, ,0.94, ,3.20, ,100.0, 
2015/2/7,07:00,0.0, ,143560, ,12.54, ,29.30, ,100.0, 
2015/2/7,08:00,0.0, ,143460, ,7.96, ,29.30, ,100.0, 
2015/2/7,09:00,0.0, ,143460, ,3.03, ,11.80, ,100.0, 
2015/2/7,10:00,0.0, ,143460, ,11.65, ,11.50, ,100.0, 
2015/2/7,11:00,0.0, ,143460, ,11.27, ,11.20, ,100.0, 
2015/2/7,12:00,0.3, ,143410, ,1.12, ,10.20, ,100.0, 
2015/2/7,13:00,0.2, ,143410, ,9.05, ,10.10, ,100.0, 
2015/2/7,14:00,0.0, ,143410, ,9.95, ,10.00, ,100.0, 
2015/2/7,15:00,0.0, ,143410, ,10.07, ,10.10, ,100.0, 
2015/2/7,16:00,0.0, ,143410, ,9.25, ,0.00, ,100.0, 
2015/2/7,17:00,0.1, ,143410, ,2.32, ,0.00, ,100.0, 
2015/2/7,18:00,0.0, ,143460, ,12.34, ,2.40, ,100.0, 
2015/2/7,19:00,0.0, ,143460, ,16.87, ,31.30, ,100.0, 
2015/2/7,20:00,0.0, ,143310, ,19.80, ,61.80, ,100.0, 
2015/2/7,21:00,0.0, ,143110, ,13.69, ,62.00, ,100.0, 
2015/2/7,22:00,0.0, ,142960, ,11.47, ,52.50, ,100.0, 
2015/2/7,23:00,0.0, ,142910, ,10.73, ,21.80, ,100.0, 
2015/2/7,24:00,0.0, ,142910, ,8.57, ,0.00, ,100.0, 
2015/2/8,01:00,0.0, ,142910, ,0.00, ,0.00, ,100.0, 
2015/2/8,02:00,0.0, ,142960, ,2.79, ,0.00, ,100.0, 
2015/2/8,03:00,0.0, ,142960, ,11.17, ,0.00, ,100.0, 
2015/2/8,04:00,0.0, ,142960, ,0.00, ,0.00, ,100.0, 
2015/2/8,05:00,0.0, ,143010, ,7.68, ,0.00, ,100.0, 
2015/2/8,06:00,0.0, ,143010, ,6.28, ,0.00, ,100.0, 
2015/2/8,07:00,0.0, ,143010, ,0.00, ,0.00, ,100.0, 
2015/2/8,08:00,0.0, ,143060, ,5.12, ,3.00, ,100.0, 
2015/2/8,09:00,0.0, ,143010, ,16.94, ,29.60, ,100.0, 
2015/2/8,10:00,0.0, ,142910, ,4.25, ,0.00, ,100.0, 
2015/2/8,11:00,0.0, ,142860, ,0.00, ,0.00, ,100.0, 
2015/2/8,12:00,0.0, ,142910, ,6.05, ,0.00, ,100.0, 
2015/2/8,13:00,0.0, ,142960, ,13.26, ,0.00, ,100.0, 
2015/2/8,14:00,0.0, ,143010, ,11.17, ,0.00, ,100.0, 
2015/2/8,15:00,0.0, ,143010, ,12.80, ,0.00, ,100.0, 
2015/2/8,16:00,0.0, ,143110, ,14.67, ,0.60, ,100.0, 
2015/2/8,17:00,0.0, ,143010, ,10.37, ,31.00, ,100.0, 
2015/2/8,18:00,0.0, ,142860, ,16.09, ,58.80, ,100.0, 
2015/2/8,19:00,0.0, ,142710, ,12.86, ,62.20, ,100.0, 
2015/2/8,20:00,0.1, ,142510, ,12.46, ,63.10, ,100.0, 
2015/2/8,21:00,0.0, ,142360, ,13.19, ,63.10, ,100.0, 
2015/2/8,22:00,0.0, ,142150, ,12.32, ,62.00, ,100.0, 
2015/2/8,23:00,0.0, ,142050, ,11.12, ,38.70, ,100.0, 
2015/2/8,24:00,0.0, ,141900, ,12.95, ,34.70, ,100.0, 
2015/2/9,01:00,0.0, ,141950, ,6.86, ,0.00, ,100.0, 
2015/2/9,02:00,0.0, ,141950, ,5.56, ,0.00, ,100.0, 
2015/2/9,03:00,0.0, ,141950, ,0.00, ,0.00, ,100.0, 
2015/2/9,04:00,0.0, ,141950, ,0.00, ,0.00, ,100.0, 
2015/2/9,05:00,0.0, ,142000, ,3.24, ,0.00, ,100.0, 
2015/2/9,06:00,0.0, ,142000, ,10.66, ,3.50, ,100.0, 
2015/2/9,07:00,0.0, ,141950, ,9.75, ,32.20, ,100.0, 
2015/2/9,08:00,0.0, ,141750, ,5.55, ,59.10, ,100.0, 
2015/2/9,09:00,0.0, ,141550, ,5.64, ,62.20, ,100.0, 
2015/2/9,10:00,0.0, ,141350, ,7.85, ,59.80, ,100.0, 
2015/2/9,11:00,0.0, ,141300, ,15.70, ,32.60, ,100.0, 
2015/2/9,12:00,0.0, ,141210, ,6.88, ,27.70, ,100.0, 
2015/2/9,13:00,0.0, ,141250, ,8.57, ,4.10, ,100.0, 
2015/2/9,14:00,0.0, ,141210, ,18.18, ,29.30, ,100.0, 
2015/2/9,15:00,0.0, ,141110, ,12.00, ,29.60, ,100.0, 
2015/2/9,16:00,0.0, ,141010, ,9.86, ,49.50, ,100.0, 
2015/2/9,17:00,0.0, ,140810, ,12.27, ,52.90, ,100.0, 
2015/2/9,18:00,0.0, ,140660, ,11.82, ,62.20, ,100.0, 
2015/2/9,19:00,0.0, ,140460, ,11.43, ,62.00, ,100.0, 
2015/2/9,20:00,0.0, ,140310, ,14.21, ,63.10, ,100.0, 
2015/2/9,21:00,0.0, ,140160, ,12.69, ,52.50, ,100.0, 
2015/2/9,22:00,0.0, ,140060, ,8.43, ,34.40, ,100.0, 
2015/2/9,23:00,0.0, ,140010, ,10.88, ,26.30, ,100.0, 
2015/2/9,24:00,0.0, ,139910, ,7.03, ,21.60, ,100.0, 
2015/2/10,01:00,0.0, ,139910, ,0.15, ,0.00, ,100.0, 
2015/2/10,02:00,0.0, ,139910, ,0.00, ,0.00, ,100.0, 
2015/2/10,03:00,0.0, ,139910, ,0.00, ,0.00, ,100.0, 
2015/2/10,04:00,0.0, ,139960, ,7.60, ,0.00, ,100.0, 
2015/2/10,05:00,0.0, ,139960, ,6.21, ,0.00, ,100.0, 
2015/2/10,06:00,0.0, ,139960, ,0.00, ,3.00, ,100.0, 
2015/2/10,07:00,0.0, ,139910, ,12.80, ,32.20, ,100.0, 
2015/2/10,08:00,0.0, ,139710, ,9.31, ,59.20, ,99.8, 
2015/2/10,09:00,0.0, ,139510, ,5.55, ,62.20, ,99.6, 
2015/2/10,10:00,0.0, ,139320, ,5.79, ,60.30, ,99.4, 
2015/2/10,11:00,0.2, ,139270, ,11.85, ,32.70, ,99.4, 
2015/2/10,12:00,0.0, ,139220, ,17.47, ,27.60, ,99.3, 
2015/2/10,13:00,0.0, ,139220, ,9.24, ,4.10, ,99.3, 
2015/2/10,14:00,0.2, ,139170, ,7.64, ,29.50, ,99.3, 
2015/2/10,15:00,0.0, ,139070, ,9.19, ,29.40, ,99.2, 
2015/2/10,16:00,0.0, ,138920, ,7.86, ,49.90, ,99.0, 
2015/2/10,17:00,0.0, ,138770, ,10.42, ,52.80, ,98.9, 
2015/2/10,18:00,0.0, ,138620, ,11.79, ,62.20, ,98.8, 
2015/2/10,19:00,0.0, ,138420, ,11.49, ,62.40, ,98.6, 
2015/2/10,20:00,0.0, ,138230, ,10.51, ,62.70, ,98.4, 
2015/2/10,21:00,0.0, ,138080, ,10.04, ,53.00, ,98.2, 
2015/2/10,22:00,0.0, ,137980, ,10.05, ,34.40, ,98.1, 
2015/2/10,23:00,0.0, ,137930, ,10.52, ,30.10, ,98.1, 
2015/2/10,24:00,0.0, ,137830, ,5.97, ,18.80, ,100.0, 
2015/2/11,01:00,0.0, ,137830, ,0.50, ,0.00, ,100.0, 
2015/2/11,02:00,0.0, ,137830, ,0.00, ,0.00, ,100.0, 
2015/2/11,03:00,0.0, ,137830, ,0.00, ,0.00, ,100.0, 
2015/2/11,04:00,0.0, ,137880, ,1.14, ,0.00, ,100.0, 
2015/2/11,05:00,0.0, ,137880, ,12.56, ,0.00, ,100.0, 
2015/2/11,06:00,0.0, ,137880, ,0.00, ,0.00, ,100.0, 
2015/2/11,07:00,0.0, ,137880, ,0.00, ,1.60, ,100.0, 
2015/2/11,08:00,0.0, ,137830, ,13.90, ,29.70, ,100.0, 
2015/2/11,09:00,0.0, ,137680, ,9.41, ,56.50, ,99.9, 
2015/2/11,10:00,0.0, ,137590, ,5.09, ,31.20, ,99.8, 
2015/2/11,11:00,0.0, ,137540, ,9.04, ,25.10, ,99.7, 
2015/2/11,12:00,0.0, ,137540, ,10.30, ,0.00, ,99.7, 
2015/2/11,13:00,0.0, ,137590, ,0.23, ,0.00, ,99.8, 
2015/2/11,14:00,0.0, ,137590, ,13.46, ,0.00, ,99.8, 
2015/2/11,15:00,0.0, ,137630, ,10.50, ,2.20, ,99.8, 
2015/2/11,16:00,0.0, ,137590, ,13.63, ,28.00, ,99.8, 
2015/2/11,17:00,0.0, ,137440, ,12.34, ,49.80, ,99.6, 
2015/2/11,18:00,0.0, ,137290, ,11.16, ,62.50, ,99.5, 
2015/2/11,19:00,0.0, ,137090, ,13.30, ,63.10, ,99.3, 
2015/2/11,20:00,0.0, ,136900, ,10.19, ,63.10, ,99.1, 
2015/2/11,21:00,0.0, ,136700, ,9.73, ,60.70, ,98.9, 
2015/2/11,22:00,0.0, ,136600, ,12.14, ,31.80, ,98.8, 
2015/2/11,23:00,0.0, ,136600, ,1.72, ,0.00, ,98.8, 
2015/2/11,24:00,0.0, ,136650, ,2.96, ,0.00, ,100.0, 
2015/2/12,01:00,0.0, ,136650, ,10.68, ,0.00, ,100.0, 
2015/2/12,02:00,0.0, ,136650, ,0.00, ,0.00, ,100.0, 
2015/2/12,03:00,0.0, ,136650, ,0.00, ,0.00, ,100.0, 
2015/2/12,04:00,0.0, ,136700, ,6.37, ,0.00, ,100.0, 
2015/2/12,05:00,0.0, ,136700, ,7.27, ,0.00, ,100.0, 
2015/2/12,06:00,0.0, ,136700, ,0.00, ,0.00, ,100.0, 
2015/2/12,07:00,0.0, ,136700, ,0.00, ,2.00, ,100.0, 
2015/2/12,08:00,0.0, ,136650, ,10.50, ,29.20, ,100.0, 
2015/2/12,09:00,0.0, ,136450, ,10.68, ,56.10, ,99.8, 
2015/2/12,10:00,0.0, ,136310, ,5.22, ,61.10, ,99.7, 
2015/2/12,11:00,0.0, ,136110, ,11.11, ,61.10, ,99.5, 
2015/2/12,12:00,0.0, ,135960, ,11.27, ,51.80, ,99.3, 
2015/2/12,13:00,0.0, ,135910, ,6.15, ,2.10, ,99.3, 
2015/2/12,14:00,0.0, ,135870, ,9.52, ,28.20, ,99.3, 
2015/2/12,15:00,0.0, ,135820, ,12.59, ,31.20, ,99.2, 
2015/2/12,16:00,0.0, ,135720, ,12.46, ,39.10, ,99.1, 
2015/2/12,17:00,0.0, ,135570, ,9.39, ,50.00, ,99.0, 
2015/2/12,18:00,0.0, ,135380, ,11.40, ,61.50, ,98.8, 
2015/2/12,19:00,0.0, ,135180, ,9.12, ,61.10, ,98.6, 
2015/2/12,20:00,0.0, ,134990, ,10.30, ,63.40, ,98.4, 
2015/2/12,21:00,0.0, ,134840, ,9.47, ,63.00, ,98.3, 
2015/2/12,22:00,0.0, ,134650, ,9.90, ,48.60, ,98.1, 
2015/2/12,23:00,0.0, ,134600, ,7.84, ,29.30, ,98.0, 
2015/2/12,24:00,0.0, ,134600, ,5.67, ,0.00, ,99.8, 
2015/2/13,01:00,0.0, ,134600, ,4.06, ,0.00, ,99.8, 
2015/2/13,02:00,0.0, ,134600, ,0.00, ,0.00, ,99.8, 
2015/2/13,03:00,0.0, ,134600, ,0.00, ,0.00, ,99.8, 
2015/2/13,04:00,0.0, ,134650, ,6.99, ,0.00, ,99.9, 
2015/2/13,05:00,0.0, ,134650, ,7.66, ,0.00, ,99.9, 
2015/2/13,06:00,0.0, ,134650, ,3.15, ,0.00, ,99.9, 
2015/2/13,07:00,0.0, ,134690, ,6.76, ,1.90, ,99.9, 
2015/2/13,08:00,0.0, ,134600, ,4.61, ,28.80, ,99.8, 
2015/2/13,09:00,0.0, ,134400, ,4.22, ,56.30, ,99.6, 
2015/2/13,10:00,0.0, ,134210, ,7.40, ,61.10, ,99.5, 
2015/2/13,11:00,0.0, ,134010, ,7.29, ,61.80, ,99.3, 
2015/2/13,12:00,0.0, ,133870, ,12.53, ,50.50, ,99.1, 
2015/2/13,13:00,0.0, ,133870, ,9.88, ,1.80, ,99.1, 
2015/2/13,14:00,0.0, ,133820, ,9.44, ,28.20, ,99.1, 
2015/2/13,15:00,0.0, ,133670, ,10.30, ,31.40, ,98.9, 
2015/2/13,16:00,0.0, ,133630, ,8.88, ,39.40, ,98.9, 
2015/2/13,17:00,0.0, ,133430, ,10.69, ,53.40, ,98.7, 
2015/2/13,18:00,0.0, ,133290, ,10.06, ,61.40, ,98.6, 
2015/2/13,19:00,0.0, ,133040, ,7.07, ,61.40, ,98.3, 
2015/2/13,20:00,0.0, ,132850, ,12.78, ,62.90, ,98.2, 
2015/2/13,21:00,0.0, ,132660, ,8.95, ,62.80, ,98.0, 
2015/2/13,22:00,0.0, ,132510, ,7.96, ,51.80, ,97.8, 
2015/2/13,23:00,0.0, ,132420, ,4.53, ,25.90, ,97.7, 
2015/2/13,24:00,0.0, ,132420, ,3.81, ,0.00, ,99.6, 
2015/2/14,01:00,0.0, ,132420, ,0.00, ,0.00, ,99.6, 
2015/2/14,02:00,0.0, ,132460, ,7.15, ,0.00, ,99.6, 
2015/2/14,03:00,0.0, ,132460, ,6.25, ,0.00, ,99.6, 
2015/2/14,04:00,0.0, ,132460, ,0.00, ,0.00, ,99.6, 
2015/2/14,05:00,0.0, ,132510, ,4.24, ,0.00, ,99.6, 
2015/2/14,06:00,0.0, ,132510, ,9.16, ,0.00, ,99.6, 
2015/2/14,07:00,0.0, ,132560, ,12.95, ,1.70, ,99.7, 
2015/2/14,08:00,0.0, ,132510, ,10.83, ,29.00, ,99.6, 
2015/2/14,09:00,0.0, ,132320, ,11.28, ,56.80, ,99.5, 
2015/2/14,10:00,0.0, ,132270, ,5.74, ,31.50, ,99.4, 
2015/2/14,11:00,0.0, ,132180, ,4.73, ,25.20, ,99.3, 
2015/2/14,12:00,0.0, ,132180, ,3.78, ,0.00, ,99.3, 
2015/2/14,13:00,0.0, ,132180, ,0.00, ,0.00, ,99.3, 
2015/2/14,14:00,0.0, ,132180, ,0.00, ,0.00, ,99.3, 
2015/2/14,15:00,0.0, ,132180, ,0.00, ,2.00, ,99.3, 
2015/2/14,16:00,0.0, ,132130, ,10.88, ,28.20, ,99.3, 
2015/2/14,17:00,0.0, ,131980, ,4.04, ,47.10, ,99.1, 
2015/2/14,18:00,0.0, ,131740, ,5.55, ,61.60, ,98.9, 
2015/2/14,19:00,0.0, ,131550, ,5.79, ,61.50, ,98.7, 
2015/2/14,20:00,0.0, ,131310, ,5.85, ,61.30, ,98.5, 
2015/2/14,21:00,0.0, ,131120, ,6.31, ,60.40, ,98.3, 
2015/2/14,22:00,0.0, ,131070, ,7.71, ,30.50, ,98.3, 
2015/2/14,23:00,0.0, ,131070, ,9.96, ,0.00, ,98.3, 
2015/2/14,24:00,0.0, ,131070, ,0.00, ,0.00, ,99.1, 
2015/2/15,01:00,0.0, ,131120, ,5.33, ,0.00, ,99.2, 
2015/2/15,02:00,0.0, ,131120, ,7.99, ,0.00, ,99.2, 
2015/2/15,03:00,0.0, ,131170, ,6.22, ,0.00, ,99.2, 
2015/2/15,04:00,0.0, ,131170, ,7.10, ,0.00, ,99.2, 
2015/2/15,05:00,0.0, ,131210, ,2.22, ,0.00, ,99.3, 
2015/2/15,06:00,0.0, ,131210, ,11.10, ,0.60, ,99.3, 
2015/2/15,07:00,0.0, ,131210, ,9.42, ,18.80, ,99.3, 
2015/2/15,08:00,0.0, ,131120, ,18.99, ,38.10, ,99.2, 
2015/2/15,09:00,0.0, ,130970, ,12.72, ,56.40, ,99.0, 
2015/2/15,10:00,0.0, ,130880, ,9.95, ,28.20, ,98.9, 
2015/2/15,11:00,0.0, ,130880, ,0.78, ,0.00, ,98.9, 
2015/2/15,12:00,0.0, ,130930, ,4.44, ,0.00, ,99.0, 
2015/2/15,13:00,0.0, ,130930, ,8.87, ,0.00, ,99.0, 
2015/2/15,14:00,0.0, ,130930, ,0.00, ,0.00, ,99.0, 
2015/2/15,15:00,0.0, ,130930, ,0.00, ,0.00, ,99.0, 
2015/2/15,16:00,0.0, ,130970, ,4.66, ,0.60, ,99.0, 
2015/2/15,17:00,0.0, ,130930, ,12.00, ,28.50, ,99.0, 
2015/2/15,18:00,0.0, ,130780, ,4.02, ,56.90, ,98.8, 
2015/2/15,19:00,0.0, ,130590, ,3.40, ,61.60, ,98.7, 
2015/2/15,20:00,0.0, ,130350, ,5.72, ,61.60, ,98.4, 
2015/2/15,21:00,0.0, ,130160, ,5.44, ,61.50, ,98.3, 
2015/2/15,22:00,0.0, ,129970, ,5.59, ,52.20, ,98.1, 
2015/2/15,23:00,0.0, ,129880, ,7.28, ,28.60, ,98.0, 
2015/2/15,24:00,0.0, ,129830, ,5.24, ,0.00, ,98.7, 
2015/2/16,01:00,0.0, ,129830, ,0.16, ,0.00, ,98.7, 
2015/2/16,02:00,0.1, ,129830, ,0.00, ,0.00, ,98.7, 
2015/2/16,03:00,0.0, ,129830, ,0.00, ,0.00, ,98.7, 
2015/2/16,04:00,0.1, ,129880, ,9.70, ,0.00, ,98.8, 
2015/2/16,05:00,0.0, ,129880, ,3.53, ,0.00, ,98.8, 
2015/2/16,06:00,0.0, ,129880, ,0.00, ,1.00, ,98.8, 
2015/2/16,07:00,0.0, ,129880, ,9.42, ,18.90, ,98.8, 
2015/2/16,08:00,0.0, ,129780, ,7.34, ,29.30, ,98.7, 
2015/2/16,09:00,0.0, ,129590, ,3.25, ,56.90, ,98.5, 
2015/2/16,10:00,0.0, ,129350, ,7.40, ,61.80, ,98.3, 
2015/2/16,11:00,0.0, ,129210, ,8.77, ,61.80, ,98.1, 
2015/2/16,12:00,0.0, ,129020, ,13.19, ,51.00, ,97.9, 
2015/2/16,13:00,0.0, ,129020, ,6.90, ,2.20, ,97.9, 
2015/2/16,14:00,0.0, ,128970, ,9.91, ,29.50, ,97.9, 
2015/2/16,15:00,0.0, ,128780, ,12.10, ,59.00, ,97.7, 
2015/2/16,16:00,0.0, ,128640, ,8.23, ,53.90, ,97.6, 
2015/2/16,17:00,0.0, ,128450, ,6.67, ,57.30, ,97.4, 
2015/2/16,18:00,0.0, ,128260, ,8.30, ,61.80, ,97.2, 
2015/2/16,19:00,0.3, ,128070, ,6.26, ,62.90, ,97.0, 
2015/2/16,20:00,0.1, ,127880, ,6.52, ,51.10, ,96.8, 
2015/2/16,21:00,0.5, ,127840, ,8.90, ,31.80, ,96.8, 
2015/2/16,22:00,0.9, ,127740, ,7.11, ,19.10, ,96.7, 
2015/2/16,23:00,0.1, ,127700, ,4.48, ,22.10, ,96.7, 
2015/2/16,24:00,0.9, ,127600, ,4.23, ,19.00, ,98.2, 
2015/2/17,01:00,0.3, ,127600, ,0.53, ,0.00, ,98.2, 
2015/2/17,02:00,1.1, ,127600, ,0.00, ,0.00, ,98.2, 
2015/2/17,03:00,0.5, ,127600, ,0.00, ,0.00, ,98.2, 
2015/2/17,04:00,0.6, ,127650, ,9.38, ,0.00, ,98.2, 
2015/2/17,05:00,0.5, ,127650, ,3.71, ,0.00, ,98.2, 
2015/2/17,06:00,0.2, ,127650, ,0.00, ,0.00, ,98.2, 
2015/2/17,07:00,0.0, ,127700, ,7.42, ,1.00, ,98.3, 
2015/2/17,08:00,0.0, ,127650, ,10.48, ,24.40, ,98.2, 
2015/2/17,09:00,0.0, ,127510, ,2.09, ,39.70, ,98.1, 
2015/2/17,10:00,0.0, ,127320, ,7.62, ,62.20, ,97.9, 
2015/2/17,11:00,0.0, ,127130, ,13.04, ,62.20, ,97.7, 
2015/2/17,12:00,0.0, ,126940, ,12.23, ,51.10, ,97.5, 
2015/2/17,13:00,0.0, ,126940, ,3.81, ,2.50, ,97.5, 
2015/2/17,14:00,0.0, ,126940, ,14.36, ,28.70, ,97.5, 
2015/2/17,15:00,0.0, ,126850, ,18.53, ,35.00, ,97.4, 
2015/2/17,16:00,0.3, ,126800, ,14.48, ,35.10, ,97.4, 
2015/2/17,17:00,0.0, ,126620, ,7.56, ,55.70, ,97.2, 
2015/2/17,18:00,0.0, ,126430, ,11.80, ,62.00, ,97.0, 
2015/2/17,19:00,0.0, ,126240, ,11.37, ,61.90, ,96.9, 
2015/2/17,20:00,0.0, ,126050, ,11.78, ,62.70, ,96.7, 
2015/2/17,21:00,0.0, ,125870, ,11.55, ,62.80, ,96.5, 
2015/2/17,22:00,0.0, ,125730, ,8.73, ,51.10, ,96.4, 
2015/2/17,23:00,0.0, ,125630, ,11.25, ,34.90, ,96.3, 
2015/2/17,24:00,0.0, ,125590, ,10.98, ,19.10, ,98.0, 
2015/2/18,01:00,0.0, ,125590, ,2.35, ,0.00, ,98.0, 
2015/2/18,02:00,0.0, ,125630, ,0.65, ,0.00, ,98.0, 
2015/2/18,03:00,0.0, ,125630, ,12.33, ,0.00, ,98.0, 
2015/2/18,04:00,0.0, ,125630, ,0.00, ,0.00, ,98.0, 
2015/2/18,05:00,0.0, ,125630, ,0.00, ,0.00, ,98.0, 
2015/2/18,06:00,0.0, ,125680, ,3.46, ,0.00, ,98.1, 
2015/2/18,07:00,0.0, ,125680, ,9.52, ,1.00, ,98.1, 
2015/2/18,08:00,0.0, ,125630, ,5.87, ,24.70, ,98.0, 
2015/2/18,09:00,0.0, ,125450, ,4.63, ,52.50, ,97.9, 
2015/2/18,10:00,0.0, ,125260, ,3.55, ,62.20, ,97.7, 
2015/2/18,11:00,0.0, ,125030, ,6.94, ,61.60, ,97.5, 
2015/2/18,12:00,0.0, ,124930, ,7.94, ,34.10, ,97.4, 
2015/2/18,13:00,0.0, ,124930, ,8.18, ,1.70, ,97.4, 
2015/2/18,14:00,0.0, ,124890, ,8.88, ,29.30, ,97.3, 
2015/2/18,15:00,0.0, ,124790, ,10.98, ,32.00, ,97.2, 
2015/2/18,16:00,0.0, ,124750, ,9.69, ,31.90, ,97.2, 
2015/2/18,17:00,0.0, ,124560, ,11.49, ,51.10, ,97.0, 
2015/2/18,18:00,0.0, ,124420, ,9.62, ,47.80, ,96.9, 
2015/2/18,19:00,0.0, ,124330, ,9.97, ,47.70, ,96.8, 
2015/2/18,20:00,0.0, ,124140, ,9.23, ,47.90, ,96.6, 
2015/2/18,21:00,0.0, ,124000, ,9.86, ,51.00, ,96.5, 
2015/2/18,22:00,0.0, ,123860, ,6.69, ,47.60, ,96.3, 
2015/2/18,23:00,0.0, ,123770, ,8.60, ,23.80, ,96.3, 
2015/2/18,24:00,0.0, ,123720, ,4.45, ,27.10, ,98.0, 
2015/2/19,01:00,0.0, ,123720, ,5.65, ,0.00, ,98.0, 
2015/2/19,02:00,0.0, ,123720, ,0.00, ,0.00, ,98.0, 
2015/2/19,03:00,0.2, ,123720, ,0.00, ,0.00, ,98.0, 
2015/2/19,04:00,0.0, ,123770, ,2.79, ,0.00, ,98.1, 
2015/2/19,05:00,0.3, ,123770, ,10.09, ,0.00, ,98.1, 
2015/2/19,06:00,0.0, ,123770, ,0.00, ,0.00, ,98.1, 
2015/2/19,07:00,0.0, ,123770, ,0.00, ,0.70, ,98.1, 
2015/2/19,08:00,0.0, ,123720, ,9.20, ,24.20, ,98.0, 
2015/2/19,09:00,0.1, ,123590, ,5.94, ,36.70, ,97.9, 
2015/2/19,10:00,0.0, ,123490, ,3.13, ,36.90, ,97.8, 
2015/2/19,11:00,0.0, ,123450, ,7.63, ,24.10, ,97.8, 
2015/2/19,12:00,0.0, ,123450, ,9.04, ,0.00, ,97.8, 
2015/2/19,13:00,0.3, ,123450, ,6.65, ,0.00, ,97.8, 
2015/2/19,14:00,0.1, ,123490, ,5.79, ,0.00, ,97.8, 
2015/2/19,15:00,0.0, ,123540, ,12.23, ,1.60, ,97.8, 
2015/2/19,16:00,0.0, ,123490, ,7.22, ,28.70, ,97.8, 
2015/2/19,17:00,0.0, ,123310, ,10.60, ,48.00, ,97.6, 
2015/2/19,18:00,0.0, ,123120, ,5.50, ,62.70, ,97.4, 
2015/2/19,19:00,0.0, ,122940, ,11.24, ,62.80, ,97.3, 
2015/2/19,20:00,0.0, ,122750, ,9.06, ,61.50, ,97.1, 
2015/2/19,21:00,0.0, ,122660, ,7.04, ,35.60, ,97.0, 
2015/2/19,22:00,0.0, ,122570, ,6.26, ,22.50, ,96.9, 
2015/2/19,23:00,0.0, ,122520, ,6.01, ,20.00, ,96.9, 
2015/2/19,24:00,0.0, ,122480, ,6.02, ,19.20, ,98.1, 
2015/2/20,01:00,0.0, ,122430, ,4.95, ,19.20, ,98.0, 
2015/2/20,02:00,0.0, ,122340, ,3.55, ,18.90, ,97.9, 
2015/2/20,03:00,0.0, ,122290, ,3.02, ,19.60, ,97.8, 
2015/2/20,04:00,0.0, ,122290, ,4.45, ,0.00, ,97.7, 
2015/2/20,05:00,0.0, ,122290, ,0.00, ,0.00, ,97.7, 
2015/2/20,06:00,0.0, ,122290, ,0.00, ,1.10, ,97.7, 
2015/2/20,07:00,0.0, ,122250, ,4.52, ,19.90, ,97.6, 
2015/2/20,08:00,0.0, ,122110, ,7.15, ,35.80, ,97.4, 
2015/2/20,09:00,0.0, ,122110, ,3.29, ,0.00, ,97.4, 
2015/2/20,10:00,0.0, ,122110, ,0.00, ,0.00, ,97.3, 
2015/2/20,11:00,0.0, ,122150, ,4.05, ,0.00, ,97.3, 
2015/2/20,12:00,0.0, ,122150, ,8.74, ,0.00, ,97.3, 
2015/2/20,13:00,0.2, ,122200, ,5.55, ,0.00, ,97.3, 
2015/2/20,14:00,0.6, ,122250, ,9.39, ,0.00, ,97.3, 
2015/2/20,15:00,0.2, ,122250, ,10.67, ,0.00, ,97.3, 
2015/2/20,16:00,0.0, ,122250, ,0.00, ,0.00, ,97.2, 
2015/2/20,17:00,0.0, ,122290, ,9.17, ,0.00, ,97.2, 
2015/2/20,18:00,0.0, ,122250, ,14.90, ,6.39, ,97.2, 
2015/2/20,19:00,0.0, ,122250, ,2.20, ,6.39, ,97.1, 
2015/2/20,20:00,0.0, ,122250, ,6.39, ,6.39, ,97.1, 
2015/2/20,21:00,0.0, ,122250, ,6.39, ,6.39, ,97.0, 
2015/2/20,22:00,0.0, ,122250, ,6.39, ,6.39, ,97.0, 
2015/2/20,23:00,0.0, ,122250, ,6.39, ,6.39, ,97.0, 
2015/2/20,24:00,0.0, ,122250, ,6.39, ,6.39, ,96.9, 
2015/2/21,01:00,0.0, ,122250, ,6.39, ,6.39, ,96.9, 
2015/2/21,02:00,0.0, ,122250, ,6.39, ,6.39, ,96.9, 
2015/2/21,03:00,0.0, ,122250, ,6.39, ,6.39, ,96.8, 
2015/2/21,04:00,0.0, ,122200, ,4.90, ,6.39, ,96.7, 
2015/2/21,05:00,0.0, ,122200, ,1.49, ,6.39, ,96.7, 
2015/2/21,06:00,0.0, ,122200, ,6.39, ,6.39, ,96.7, 
2015/2/21,07:00,0.0, ,122200, ,6.39, ,6.39, ,96.6, 
2015/2/21,08:00,0.0, ,122150, ,0.21, ,6.39, ,96.5, 
2015/2/21,09:00,0.0, ,122150, ,6.18, ,6.39, ,96.5, 
2015/2/21,10:00,0.0, ,122150, ,7.96, ,9.48, ,96.5, 
2015/2/21,11:00,0.3, ,122150, ,9.48, ,9.48, ,96.4, 
2015/2/21,12:00,0.3, ,122150, ,9.48, ,9.48, ,96.4, 
2015/2/21,13:00,0.0, ,122150, ,9.48, ,9.48, ,96.4, 
2015/2/21,14:00,0.3, ,122110, ,2.84, ,9.48, ,96.3, 
2015/2/21,15:00,0.1, ,122110, ,6.64, ,9.48, ,96.2, 
2015/2/21,16:00,0.1, ,122110, ,9.48, ,9.48, ,96.2, 
2015/2/21,17:00,0.3, ,122110, ,9.48, ,9.48, ,96.2, 
2015/2/21,18:00,0.1, ,122110, ,9.48, ,9.48, ,96.1, 
2015/2/21,19:00,0.3, ,122060, ,3.95, ,9.48, ,96.0, 
2015/2/21,20:00,1.1, ,122060, ,5.53, ,9.48, ,96.0, 
2015/2/21,21:00,1.2, ,122060, ,9.48, ,9.48, ,96.0, 
2015/2/21,22:00,2.1, ,122060, ,9.48, ,9.48, ,95.9, 
2015/2/21,23:00,2.6, ,122060, ,9.48, ,9.48, ,95.9, 
2015/2/21,24:00,2.4, ,122060, ,9.48, ,9.48, ,95.9, 
2015/2/22,01:00,1.7, ,122060, ,9.48, ,9.48, ,95.8, 
2015/2/22,02:00,1.2, ,122060, ,9.48, ,9.48, ,95.8, 
2015/2/22,03:00,0.9, ,122060, ,9.48, ,9.48, ,95.8, 
2015/2/22,04:00,1.2, ,122060, ,9.48, ,9.48, ,95.7, 
2015/2/22,05:00,1.7, ,122060, ,9.48, ,9.48, ,95.7, 
2015/2/22,06:00,1.1, ,122060, ,7.91, ,6.39, ,95.6, 
2015/2/22,07:00,1.7, ,122060, ,6.39, ,6.39, ,95.6, 
2015/2/22,08:00,1.5, ,122060, ,6.39, ,6.39, ,95.6, 
2015/2/22,09:00,0.9, ,122060, ,6.39, ,6.39, ,95.5, 
2015/2/22,10:00,1.3, ,122060, ,3.14, ,0.00, ,95.5, 
2015/2/22,11:00,0.9, ,122110, ,8.31, ,0.00, ,95.5, 
2015/2/22,12:00,3.0, ,122200, ,19.19, ,0.00, ,95.6, 
2015/2/22,13:00,2.0, ,122250, ,17.07, ,0.00, ,95.6, 
2015/2/22,14:00,2.7, ,122340, ,22.62, ,0.00, ,95.6, 
2015/2/22,15:00,3.3, ,122430, ,22.41, ,0.00, ,95.7, 
2015/2/22,16:00,1.2, ,122520, ,26.90, ,0.00, ,95.7, 
2015/2/22,17:00,1.3, ,122610, ,30.33, ,0.00, ,95.8, 
2015/2/22,18:00,1.7, ,122750, ,34.45, ,6.40, ,95.8, 
2015/2/22,19:00,0.7, ,122890, ,41.89, ,6.40, ,95.9, 
2015/2/22,20:00,0.6, ,123030, ,43.62, ,6.40, ,96.0, 
2015/2/22,21:00,0.0, ,123170, ,41.29, ,6.40, ,96.1, 
2015/2/22,22:00,0.0, ,123310, ,42.77, ,0.00, ,96.2, 
2015/2/22,23:00,0.0, ,123450, ,37.72, ,0.00, ,96.3, 
2015/2/22,24:00,0.0, ,123540, ,35.16, ,0.00, ,96.4, 
2015/2/23,01:00,0.0, ,123680, ,33.68, ,0.00, ,96.5, 
2015/2/23,02:00,0.0, ,123770, ,32.84, ,0.00, ,96.5, 
2015/2/23,03:00,0.1, ,123910, ,30.71, ,0.00, ,96.6, 
2015/2/23,04:00,0.0, ,123960, ,23.85, ,0.00, ,96.6, 
2015/2/23,05:00,0.0, ,124050, ,21.92, ,0.00, ,96.7, 
2015/2/23,06:00,0.0, ,124100, ,17.84, ,0.00, ,96.7, 
2015/2/23,07:00,0.0, ,124140, ,17.42, ,0.00, ,96.7, 
2015/2/23,08:00,0.0, ,124190, ,12.04, ,0.00, ,96.7, 
2015/2/23,09:00,0.0, ,124280, ,15.71, ,0.00, ,96.7, 
2015/2/23,10:00,0.0, ,124370, ,21.95, ,0.00, ,96.8, 
2015/2/23,11:00,0.0, ,124420, ,21.52, ,0.00, ,96.8, 
2015/2/23,12:00,0.0, ,124510, ,20.89, ,0.00, ,96.8, 
2015/2/23,13:00,0.0, ,124560, ,19.81, ,0.00, ,96.8, 
2015/2/23,14:00,0.0, ,124650, ,21.33, ,0.00, ,96.9, 
2015/2/23,15:00,0.0, ,124700, ,18.10, ,0.00, ,96.9, 
2015/2/23,16:00,0.0, ,124790, ,20.05, ,0.00, ,96.9, 
2015/2/23,17:00,0.0, ,124890, ,20.27, ,0.00, ,97.0, 
2015/2/23,18:00,0.0, ,124930, ,20.06, ,0.00, ,97.0, 
2015/2/23,19:00,0.0, ,124980, ,13.81, ,0.00, ,97.0, 
2015/2/23,20:00,0.0, ,125070, ,19.43, ,0.00, ,97.1, 
2015/2/23,21:00,0.0, ,125120, ,20.08, ,0.00, ,97.1, 
2015/2/23,22:00,0.0, ,125170, ,16.84, ,0.00, ,97.1, 
2015/2/23,23:00,0.0, ,125260, ,20.74, ,0.00, ,97.1, 
2015/2/23,24:00,0.0, ,125310, ,14.26, ,0.00, ,96.9, 
2015/2/24,01:00,0.0, ,125350, ,16.64, ,0.00, ,96.9, 
2015/2/24,02:00,0.0, ,125450, ,18.37, ,0.00, ,97.0, 
2015/2/24,03:00,0.0, ,125450, ,12.11, ,0.00, ,96.9, 
2015/2/24,04:00,0.0, ,125490, ,12.75, ,0.00, ,96.9, 
2015/2/24,05:00,0.0, ,125540, ,9.52, ,0.00, ,96.9, 
2015/2/24,06:00,0.0, ,125540, ,3.68, ,0.00, ,96.9, 
2015/2/24,07:00,0.0, ,125590, ,12.98, ,0.00, ,96.9, 
2015/2/24,08:00,0.0, ,125630, ,3.46, ,0.00, ,96.9, 
2015/2/24,09:00,0.0, ,125630, ,9.52, ,0.00, ,96.9, 
2015/2/24,10:00,0.0, ,125680, ,9.52, ,0.00, ,96.9, 
2015/2/24,11:00,0.0, ,125730, ,12.53, ,0.00, ,96.9, 
2015/2/24,12:00,0.0, ,125820, ,19.87, ,0.00, ,96.9, 
2015/2/24,13:00,0.0, ,125870, ,13.19, ,0.00, ,96.9, 
2015/2/24,14:00,0.0, ,125910, ,17.29, ,0.00, ,96.9, 
2015/2/24,15:00,0.0, ,125960, ,16.22, ,0.00, ,96.9, 
2015/2/24,16:00,0.0, ,126050, ,15.14, ,0.00, ,97.0, 
2015/2/24,17:00,0.0, ,126100, ,17.53, ,0.00, ,97.0, 
2015/2/24,18:00,0.0, ,126150, ,14.07, ,0.00, ,97.0, 
2015/2/24,19:00,0.0, ,126190, ,15.59, ,0.00, ,97.0, 
2015/2/24,20:00,0.0, ,126240, ,16.67, ,0.00, ,97.0, 
2015/2/24,21:00,0.0, ,126330, ,14.73, ,0.00, ,97.1, 
2015/2/24,22:00,0.0, ,126380, ,14.52, ,0.00, ,97.1, 
2015/2/24,23:00,0.0, ,126430, ,16.04, ,0.00, ,97.1, 
2015/2/24,24:00,0.0, ,126470, ,14.09, ,0.00, ,97.0, 
2015/2/25,01:00,0.0, ,126520, ,16.48, ,0.00, ,97.0, 
2015/2/25,02:00,0.0, ,126570, ,11.50, ,0.00, ,97.0, 
2015/2/25,03:00,0.0, ,126620, ,15.62, ,0.00, ,97.0, 
2015/2/25,04:00,0.0, ,126660, ,9.98, ,0.00, ,97.0, 
2015/2/25,05:00,0.0, ,126660, ,5.21, ,0.00, ,97.0, 
2015/2/25,06:00,0.0, ,126710, ,9.11, ,0.00, ,97.0, 
2015/2/25,07:00,0.0, ,126710, ,3.91, ,0.00, ,96.9, 
2015/2/25,08:00,0.0, ,126760, ,8.47, ,0.00, ,96.9, 
2015/2/25,09:00,0.0, ,126760, ,4.56, ,0.00, ,96.9, 
2015/2/25,10:00,0.0, ,126800, ,3.69, ,0.00, ,96.9, 
2015/2/25,11:00,0.0, ,126850, ,15.20, ,0.00, ,96.9, 
2015/2/25,12:00,0.0, ,126900, ,13.69, ,0.00, ,96.9, 
2015/2/25,13:00,0.0, ,126940, ,13.04, ,0.00, ,96.9, 
2015/2/25,14:00,0.0, ,126990, ,15.87, ,0.00, ,96.9, 
2015/2/25,15:00,0.0, ,127040, ,15.87, ,0.00, ,96.9, 
2015/2/25,16:00,0.0, ,127130, ,15.01, ,0.00, ,97.0, 
2015/2/25,17:00,0.0, ,127180, ,12.62, ,0.00, ,97.0, 
2015/2/25,18:00,0.0, ,127230, ,16.53, ,0.00, ,97.0, 
2015/2/25,19:00,0.0, ,127270, ,12.41, ,0.00, ,97.0, 
2015/2/25,20:00,0.0, ,127320, ,15.89, ,0.00, ,97.0, 
2015/2/25,21:00,0.0, ,127370, ,13.94, ,0.00, ,97.0, 
2015/2/25,22:00,0.0, ,127410, ,15.47, ,0.00, ,97.0, 
2015/2/25,23:00,0.0, ,127460, ,12.42, ,0.00, ,97.0, 
2015/2/25,24:00,0.0, ,127510, ,16.13, ,0.00, ,96.9, 
2015/2/26,01:00,0.3, ,127600, ,14.82, ,0.00, ,97.0, 
2015/2/26,02:00,0.1, ,127650, ,15.04, ,0.00, ,97.0, 
2015/2/26,03:00,0.9, ,127650, ,10.47, ,0.00, ,97.0, 
2015/2/26,04:00,1.7, ,127700, ,11.13, ,0.00, ,97.0, 
2015/2/26,05:00,1.7, ,127740, ,6.76, ,0.00, ,97.0, 
2015/2/26,06:00,1.4, ,127740, ,8.29, ,0.00, ,96.9, 
2015/2/26,07:00,1.1, ,127790, ,6.55, ,0.00, ,97.0, 
2015/2/26,08:00,1.2, ,127790, ,6.55, ,0.00, ,96.9, 
2015/2/26,09:00,1.4, ,127840, ,7.86, ,0.00, ,96.9, 
2015/2/26,10:00,2.4, ,127880, ,13.76, ,0.00, ,96.9, 
2015/2/26,11:00,2.6, ,127980, ,17.91, ,0.00, ,97.0, 
2015/2/26,12:00,3.7, ,128030, ,20.10, ,0.00, ,97.0, 
2015/2/26,13:00,1.0, ,128120, ,19.45, ,0.00, ,97.0, 
2015/2/26,14:00,0.5, ,128170, ,19.89, ,0.00, ,97.0, 
2015/2/26,15:00,0.9, ,128260, ,22.31, ,0.00, ,97.1, 
2015/2/26,16:00,0.2, ,128360, ,24.72, ,0.00, ,97.1, 
2015/2/26,17:00,0.0, ,128450, ,23.42, ,0.00, ,97.2, 
2015/2/26,18:00,0.0, ,128500, ,20.58, ,0.00, ,97.2, 
2015/2/26,19:00,0.0, ,128590, ,24.75, ,0.00, ,97.2, 
2015/2/26,20:00,0.0, ,128690, ,22.79, ,0.00, ,97.3, 
2015/2/26,21:00,0.0, ,128780, ,26.97, ,0.00, ,97.3, 
2015/2/26,22:00,0.0, ,128880, ,21.71, ,0.00, ,97.4, 
2015/2/26,23:00,0.0, ,128930, ,21.28, ,0.00, ,97.4, 
2015/2/26,24:00,0.0, ,129020, ,21.29, ,0.00, ,97.3, 
2015/2/27,01:00,0.0, ,129070, ,20.86, ,0.00, ,97.3, 
2015/2/27,02:00,0.0, ,129160, ,20.43, ,0.00, ,97.4, 
2015/2/27,03:00,0.0, ,129210, ,17.14, ,0.00, ,97.4, 
2015/2/27,04:00,0.0, ,129260, ,12.53, ,0.00, ,97.4, 
2015/2/27,05:00,0.0, ,129300, ,10.33, ,0.00, ,97.4, 
2015/2/27,06:00,0.0, ,129300, ,10.55, ,0.00, ,97.3, 
2015/2/27,07:00,0.0, ,129350, ,12.32, ,0.00, ,97.4, 
2015/2/27,08:00,0.0, ,129400, ,1.98, ,0.00, ,97.4, 
2015/2/27,09:00,0.0, ,129400, ,12.10, ,0.00, ,97.3, 
2015/2/27,10:00,0.0, ,129490, ,17.16, ,0.00, ,97.4, 
2015/2/27,11:00,0.0, ,129590, ,18.71, ,0.00, ,97.4, 
2015/2/27,12:00,0.0, ,129640, ,17.83, ,0.00, ,97.4, 
2015/2/27,13:00,0.0, ,129680, ,14.75, ,0.00, ,97.4, 
2015/2/27,14:00,0.0, ,129730, ,18.95, ,0.00, ,97.4, 
2015/2/27,15:00,0.0, ,129830, ,18.73, ,0.00, ,97.5, 
2015/2/27,16:00,0.0, ,129880, ,19.62, ,0.00, ,97.5, 
2015/2/27,17:00,0.0, ,129920, ,11.91, ,0.00, ,97.5, 
2015/2/27,18:00,0.0, ,130020, ,16.10, ,0.00, ,97.6, 
2015/2/27,19:00,0.0, ,130070, ,18.31, ,0.00, ,97.6, 
2015/2/27,20:00,0.0, ,130110, ,14.79, ,0.00, ,97.6, 
2015/2/27,21:00,0.0, ,130160, ,18.76, ,0.00, ,97.6, 
2015/2/27,22:00,0.0, ,130210, ,16.12, ,0.00, ,97.6, 
2015/2/27,23:00,0.0, ,130300, ,17.23, ,0.00, ,97.6, 
2015/2/27,24:00,0.0, ,130350, ,13.70, ,0.00, ,97.5, 
2015/2/28,01:00,0.0, ,130400, ,16.58, ,0.00, ,97.5, 
2015/2/28,02:00,0.0, ,130450, ,16.81, ,0.00, ,97.5, 
2015/2/28,03:00,0.0, ,130500, ,10.62, ,0.00, ,97.5, 
2015/2/28,04:00,0.0, ,130500, ,7.75, ,0.00, ,97.5, 
2015/2/28,05:00,0.0, ,130540, ,8.63, ,0.00, ,97.5, 
2015/2/28,06:00,0.0, ,130540, ,4.65, ,0.00, ,97.4, 
2015/2/28,07:00,0.0, ,130590, ,4.87, ,0.00, ,97.4, 
2015/2/28,08:00,0.0, ,130590, ,8.42, ,0.00, ,97.4, 
2015/2/28,09:00,0.0, ,130640, ,0.22, ,0.00, ,97.4, 
2015/2/28,10:00,0.0, ,130690, ,15.06, ,0.00, ,97.4, 
2015/2/28,11:00,0.0, ,130730, ,16.84, ,0.00, ,97.4, 
2015/2/28,12:00,0.0, ,130780, ,12.64, ,0.00, ,97.4, 
2015/2/28,13:00,0.0, ,130830, ,15.52, ,0.00, ,97.4, 
2015/2/28,14:00,0.0, ,130880, ,13.74, ,0.00, ,97.5, 
2015/2/28,15:00,0.0, ,130930, ,15.30, ,0.00, ,97.5, 
2015/2/28,16:00,0.0, ,130970, ,14.86, ,0.00, ,97.5, 
2015/2/28,17:00,0.0, ,131070, ,17.30, ,0.00, ,97.5, 
2015/2/28,18:00,0.0, ,131120, ,17.76, ,0.00, ,97.5, 
2015/2/28,19:00,0.0, ,131170, ,12.21, ,0.00, ,97.5, 
2015/2/28,20:00,0.0, ,131210, ,16.65, ,0.00, ,97.5, 
2015/2/28,21:00,0.0, ,131260, ,12.44, ,0.00, ,97.5, 
2015/2/28,22:00,0.0, ,131360, ,16.66, ,0.00, ,97.6, 
2015/2/28,23:00,0.0, ,131360, ,15.77, ,0.00, ,97.6, 
2015/2/28,24:00,0.0, ,131450, ,16.22, ,0.00, ,97.5, 
