îCà”ä˙ä‘É_ÉÄèîó åüçıåãâ 
êÖånñº,ãgñÏêÏ
âÕêÏñº,ãgñÏêÏ
äœë™èäñº,ëÅñæâYÉ_ÉÄÅiã@ç\Åj
äœë™èäãLçÜ,1368080700010
#
#îNåéì˙,éûçè,ó¨àÊïΩãœâJó ,ó¨àÊïΩãœâJó ëÆê´,íôêÖó ,íôêÖó ëÆê´,ó¨ì¸ó ,ó¨ì¸ó ëÆê´,ï˙ó¨ó ,ï˙ó¨ó ëÆê´,íôêÖó¶,íôêÖó¶ëÆê´
#ëÆê´Å@$:åáë™ -:ñ¢éÛêM
#
2005/3/1,01:00,0.0, ,105150, ,0.00, ,0.00, ,91.0, 
2005/3/1,02:00,0.0, ,105190, ,16.74, ,0.00, ,91.0, 
2005/3/1,03:00,0.0, ,105230, ,14.35, ,0.00, ,91.1, 
2005/3/1,04:00,0.0, ,105270, ,3.19, ,0.00, ,91.1, 
2005/3/1,05:00,0.0, ,105270, ,0.00, ,0.00, ,91.1, 
2005/3/1,06:00,0.0, ,105320, ,3.99, ,0.00, ,91.2, 
2005/3/1,07:00,0.0, ,105360, ,15.96, ,0.00, ,91.2, 
2005/3/1,08:00,0.0, ,105360, ,0.04, ,6.20, ,91.2, 
2005/3/1,09:00,0.0, ,105360, ,28.92, ,28.90, ,91.2, 
2005/3/1,10:00,0.0, ,105190, ,12.12, ,58.60, ,91.0, 
2005/3/1,11:00,0.0, ,105020, ,12.02, ,58.50, ,90.9, 
2005/3/1,12:00,0.1, ,104930, ,17.90, ,28.90, ,90.8, 
2005/3/1,13:00,0.0, ,104930, ,0.02, ,0.00, ,90.8, 
2005/3/1,14:00,0.0, ,104970, ,23.09, ,0.00, ,90.8, 
2005/3/1,15:00,0.0, ,105020, ,10.36, ,0.00, ,90.9, 
2005/3/1,16:00,0.1, ,105060, ,3.98, ,0.00, ,90.9, 
2005/3/1,17:00,0.0, ,105150, ,5.62, ,6.20, ,91.0, 
2005/3/1,18:00,0.0, ,105150, ,31.74, ,31.80, ,91.0, 
2005/3/1,19:00,0.0, ,104970, ,14.83, ,62.10, ,90.8, 
2005/3/1,20:00,0.0, ,104800, ,13.23, ,58.30, ,90.7, 
2005/3/1,21:00,0.0, ,104720, ,17.23, ,29.20, ,90.6, 
2005/3/1,22:00,0.0, ,104720, ,0.02, ,0.00, ,90.6, 
2005/3/1,23:00,0.0, ,104720, ,0.00, ,0.00, ,90.6, 
2005/3/1,24:00,0.0, ,104760, ,1.59, ,0.00, ,90.9, 
2005/3/2,01:00,0.0, ,104800, ,11.14, ,0.00, ,91.0, 
2005/3/2,02:00,0.0, ,104840, ,23.88, ,0.00, ,91.0, 
2005/3/2,03:00,0.0, ,104890, ,11.14, ,0.00, ,91.0, 
2005/3/2,04:00,0.0, ,104890, ,0.00, ,0.00, ,91.0, 
2005/3/2,05:00,0.0, ,104930, ,19.91, ,0.00, ,91.1, 
2005/3/2,06:00,0.0, ,104930, ,0.00, ,0.00, ,91.1, 
2005/3/2,07:00,0.0, ,104970, ,16.72, ,0.00, ,91.1, 
2005/3/2,08:00,0.0, ,105020, ,8.76, ,0.00, ,91.1, 
2005/3/2,09:00,0.0, ,105020, ,0.00, ,0.00, ,91.1, 
2005/3/2,10:00,0.0, ,105060, ,18.32, ,0.00, ,91.2, 
2005/3/2,11:00,0.0, ,105100, ,19.13, ,0.00, ,91.2, 
2005/3/2,12:00,0.0, ,105150, ,15.94, ,0.00, ,91.3, 
2005/3/2,13:00,0.0, ,105190, ,7.97, ,0.00, ,91.3, 
2005/3/2,14:00,0.0, ,105270, ,7.98, ,0.00, ,91.4, 
2005/3/2,15:00,0.0, ,105320, ,18.35, ,0.00, ,91.4, 
2005/3/2,16:00,0.0, ,105360, ,15.96, ,0.00, ,91.4, 
2005/3/2,17:00,0.0, ,105400, ,11.97, ,0.00, ,91.5, 
2005/3/2,18:00,0.0, ,105450, ,2.40, ,0.00, ,91.5, 
2005/3/2,19:00,0.0, ,105530, ,10.38, ,0.00, ,91.6, 
2005/3/2,20:00,0.0, ,105580, ,19.97, ,0.00, ,91.6, 
2005/3/2,21:00,0.0, ,105620, ,15.18, ,0.00, ,91.7, 
2005/3/2,22:00,0.0, ,105660, ,14.38, ,0.00, ,91.7, 
2005/3/2,23:00,0.0, ,105710, ,4.80, ,0.00, ,91.8, 
2005/3/2,24:00,0.0, ,105750, ,11.19, ,0.00, ,90.9, 
2005/3/3,01:00,0.0, ,105750, ,0.00, ,0.00, ,90.9, 
2005/3/3,02:00,0.0, ,105790, ,12.00, ,0.00, ,91.0, 
2005/3/3,03:00,0.0, ,105790, ,0.00, ,0.00, ,91.0, 
2005/3/3,04:00,0.0, ,105790, ,0.00, ,0.00, ,91.0, 
2005/3/3,05:00,0.0, ,105840, ,9.60, ,0.00, ,91.0, 
2005/3/3,06:00,0.0, ,105840, ,0.00, ,0.00, ,91.0, 
2005/3/3,07:00,0.0, ,105840, ,0.00, ,0.00, ,91.0, 
2005/3/3,08:00,0.0, ,105880, ,18.40, ,0.00, ,91.1, 
2005/3/3,09:00,0.0, ,105880, ,0.00, ,0.00, ,91.1, 
2005/3/3,10:00,0.0, ,105920, ,16.00, ,0.00, ,91.1, 
2005/3/3,11:00,0.3, ,105960, ,15.21, ,0.00, ,91.1, 
2005/3/3,12:00,0.0, ,106010, ,22.41, ,0.00, ,91.2, 
2005/3/3,13:00,0.1, ,106050, ,16.81, ,0.00, ,91.2, 
2005/3/3,14:00,0.0, ,106140, ,8.81, ,0.00, ,91.3, 
2005/3/3,15:00,0.5, ,106180, ,5.61, ,0.00, ,91.3, 
2005/3/3,16:00,0.2, ,106220, ,16.03, ,0.00, ,91.4, 
2005/3/3,17:00,0.4, ,106270, ,20.83, ,0.00, ,91.4, 
2005/3/3,18:00,0.5, ,106310, ,20.04, ,0.00, ,91.4, 
2005/3/3,19:00,0.2, ,106400, ,12.03, ,0.00, ,91.5, 
2005/3/3,20:00,0.5, ,106440, ,17.64, ,0.00, ,91.5, 
2005/3/3,21:00,0.2, ,106480, ,22.47, ,0.00, ,91.6, 
2005/3/3,22:00,0.1, ,106530, ,16.05, ,0.00, ,91.6, 
2005/3/3,23:00,0.3, ,106570, ,18.46, ,0.00, ,91.7, 
2005/3/3,24:00,0.5, ,106610, ,12.84, ,0.00, ,90.9, 
2005/3/4,01:00,0.3, ,106660, ,23.29, ,0.00, ,90.9, 
2005/3/4,02:00,0.4, ,106700, ,1.61, ,0.00, ,90.9, 
2005/3/4,03:00,0.2, ,106700, ,0.00, ,0.00, ,90.9, 
2005/3/4,04:00,0.2, ,106740, ,12.05, ,0.00, ,91.0, 
2005/3/4,05:00,0.0, ,106740, ,0.00, ,0.00, ,91.0, 
2005/3/4,06:00,0.0, ,106740, ,0.00, ,0.00, ,91.0, 
2005/3/4,07:00,0.0, ,106790, ,17.67, ,0.00, ,91.0, 
2005/3/4,08:00,0.0, ,106790, ,0.00, ,0.00, ,91.0, 
2005/3/4,09:00,0.0, ,106830, ,9.64, ,0.00, ,91.1, 
2005/3/4,10:00,0.5, ,106830, ,0.00, ,0.00, ,91.1, 
2005/3/4,11:00,1.3, ,106870, ,7.23, ,0.00, ,91.1, 
2005/3/4,12:00,0.1, ,106920, ,16.88, ,0.00, ,91.1, 
2005/3/4,13:00,0.0, ,107000, ,13.67, ,0.00, ,91.2, 
2005/3/4,14:00,0.1, ,107050, ,12.07, ,0.00, ,91.2, 
2005/3/4,15:00,0.0, ,107130, ,21.73, ,0.00, ,91.3, 
2005/3/4,16:00,0.2, ,107180, ,17.71, ,0.00, ,91.4, 
2005/3/4,17:00,0.0, ,107220, ,20.93, ,0.00, ,91.4, 
2005/3/4,18:00,0.2, ,107270, ,16.11, ,0.00, ,91.4, 
2005/3/4,19:00,0.0, ,107310, ,14.50, ,0.00, ,91.5, 
2005/3/4,20:00,0.0, ,107350, ,22.56, ,0.00, ,91.5, 
2005/3/4,21:00,0.0, ,107400, ,8.06, ,0.00, ,91.6, 
2005/3/4,22:00,0.0, ,107440, ,18.54, ,0.00, ,91.6, 
2005/3/4,23:00,0.0, ,107480, ,18.54, ,0.00, ,91.6, 
2005/3/4,24:00,0.0, ,107530, ,7.26, ,0.00, ,90.8, 
2005/3/5,01:00,0.0, ,107530, ,0.00, ,0.00, ,90.8, 
2005/3/5,02:00,0.0, ,107570, ,9.68, ,0.00, ,90.9, 
2005/3/5,03:00,0.0, ,107570, ,0.00, ,0.00, ,90.9, 
2005/3/5,04:00,0.0, ,107610, ,16.13, ,0.00, ,90.9, 
2005/3/5,05:00,0.0, ,107610, ,0.00, ,0.00, ,90.9, 
2005/3/5,06:00,0.0, ,107610, ,0.00, ,0.00, ,90.9, 
2005/3/5,07:00,0.0, ,107660, ,8.07, ,0.00, ,90.9, 
2005/3/5,08:00,0.0, ,107660, ,0.00, ,0.00, ,90.9, 
2005/3/5,09:00,0.0, ,107660, ,0.00, ,0.00, ,90.9, 
2005/3/5,10:00,0.0, ,107700, ,14.53, ,0.00, ,91.0, 
2005/3/5,11:00,0.3, ,107740, ,4.84, ,0.00, ,91.0, 
2005/3/5,12:00,0.1, ,107790, ,15.34, ,0.00, ,91.1, 
2005/3/5,13:00,0.1, ,107830, ,21.80, ,0.00, ,91.1, 
2005/3/5,14:00,0.3, ,107880, ,21.81, ,0.00, ,91.1, 
2005/3/5,15:00,0.0, ,107920, ,7.27, ,0.00, ,91.2, 
2005/3/5,16:00,0.2, ,107960, ,4.85, ,0.00, ,91.2, 
2005/3/5,17:00,0.0, ,108010, ,16.97, ,0.00, ,91.2, 
2005/3/5,18:00,0.0, ,108050, ,0.00, ,0.00, ,91.3, 
2005/3/5,19:00,0.0, ,108140, ,8.90, ,0.00, ,91.4, 
2005/3/5,20:00,0.0, ,108180, ,15.36, ,0.00, ,91.4, 
2005/3/5,21:00,0.0, ,108220, ,15.37, ,0.00, ,91.4, 
2005/3/5,22:00,0.0, ,108270, ,20.23, ,0.00, ,91.5, 
2005/3/5,23:00,0.0, ,108270, ,0.00, ,0.00, ,91.5, 
2005/3/5,24:00,0.0, ,108310, ,9.71, ,0.00, ,90.7, 
2005/3/6,01:00,0.0, ,108310, ,0.00, ,0.00, ,90.7, 
2005/3/6,02:00,0.0, ,108360, ,8.09, ,0.00, ,90.7, 
2005/3/6,03:00,0.0, ,108360, ,0.00, ,0.00, ,90.7, 
2005/3/6,04:00,0.0, ,108360, ,0.00, ,0.00, ,90.7, 
2005/3/6,05:00,0.0, ,108400, ,14.57, ,0.00, ,90.8, 
2005/3/6,06:00,0.0, ,108400, ,0.00, ,0.00, ,90.8, 
2005/3/6,07:00,0.0, ,108400, ,0.00, ,0.00, ,90.8, 
2005/3/6,08:00,0.0, ,108400, ,0.00, ,0.00, ,90.8, 
2005/3/6,09:00,0.0, ,108440, ,15.38, ,0.00, ,90.8, 
2005/3/6,10:00,0.0, ,108440, ,0.00, ,0.00, ,90.8, 
2005/3/6,11:00,0.0, ,108530, ,8.91, ,0.00, ,90.9, 
2005/3/6,12:00,0.1, ,108570, ,5.67, ,0.00, ,90.9, 
2005/3/6,13:00,0.1, ,108620, ,12.16, ,0.00, ,91.0, 
2005/3/6,14:00,0.0, ,108660, ,12.16, ,0.00, ,91.0, 
2005/3/6,15:00,0.2, ,108710, ,11.35, ,0.00, ,91.0, 
2005/3/6,16:00,0.0, ,108750, ,11.35, ,0.00, ,91.1, 
2005/3/6,17:00,0.0, ,108790, ,10.54, ,0.00, ,91.1, 
2005/3/6,18:00,0.0, ,108840, ,8.15, ,6.00, ,91.2, 
2005/3/6,19:00,0.0, ,108840, ,24.60, ,24.70, ,91.2, 
2005/3/6,20:00,0.0, ,108840, ,0.01, ,0.00, ,91.2, 
2005/3/6,21:00,0.0, ,108840, ,0.00, ,0.00, ,91.2, 
2005/3/6,22:00,0.0, ,108880, ,22.72, ,0.00, ,91.2, 
2005/3/6,23:00,0.0, ,108880, ,0.00, ,0.00, ,91.2, 
2005/3/6,24:00,0.0, ,108880, ,0.00, ,0.00, ,90.4, 
2005/3/7,01:00,0.0, ,108920, ,2.44, ,0.00, ,90.5, 
2005/3/7,02:00,0.0, ,108920, ,0.00, ,0.00, ,90.5, 
2005/3/7,03:00,0.0, ,108920, ,0.00, ,0.00, ,90.5, 
2005/3/7,04:00,0.0, ,108970, ,14.61, ,0.00, ,90.5, 
2005/3/7,05:00,0.0, ,108970, ,0.00, ,0.00, ,90.5, 
2005/3/7,06:00,0.0, ,108970, ,0.00, ,0.00, ,90.5, 
2005/3/7,07:00,0.0, ,109010, ,7.31, ,0.00, ,90.5, 
2005/3/7,08:00,0.0, ,109010, ,0.04, ,5.90, ,90.5, 
2005/3/7,09:00,0.1, ,109010, ,24.53, ,24.70, ,90.5, 
2005/3/7,10:00,0.1, ,108880, ,4.57, ,47.00, ,90.4, 
2005/3/7,11:00,0.3, ,108840, ,0.00, ,0.00, ,90.4, 
2005/3/7,12:00,0.1, ,108880, ,1.62, ,0.00, ,90.4, 
2005/3/7,13:00,0.3, ,108880, ,0.00, ,0.00, ,90.4, 
2005/3/7,14:00,0.0, ,108970, ,12.99, ,0.00, ,90.5, 
2005/3/7,15:00,0.0, ,109010, ,4.87, ,0.00, ,90.5, 
2005/3/7,16:00,0.0, ,109060, ,17.05, ,0.00, ,90.6, 
2005/3/7,17:00,0.0, ,109100, ,12.19, ,0.00, ,90.6, 
2005/3/7,18:00,0.0, ,109140, ,4.06, ,0.00, ,90.7, 
2005/3/7,19:00,0.0, ,109190, ,16.25, ,0.00, ,90.7, 
2005/3/7,20:00,0.0, ,109230, ,12.19, ,0.00, ,90.7, 
2005/3/7,21:00,0.0, ,109280, ,22.76, ,0.00, ,90.8, 
2005/3/7,22:00,0.0, ,109280, ,0.00, ,0.00, ,90.8, 
2005/3/7,23:00,0.0, ,109320, ,21.95, ,0.00, ,90.8, 
2005/3/7,24:00,0.0, ,109320, ,0.00, ,0.00, ,90.1, 
2005/3/8,01:00,0.0, ,109320, ,0.00, ,0.00, ,90.1, 
2005/3/8,02:00,0.0, ,109320, ,0.00, ,0.00, ,90.1, 
2005/3/8,03:00,0.0, ,109360, ,3.25, ,0.00, ,90.1, 
2005/3/8,04:00,0.0, ,109360, ,0.00, ,0.00, ,90.1, 
2005/3/8,05:00,0.0, ,109360, ,0.00, ,0.00, ,90.1, 
2005/3/8,06:00,0.0, ,109410, ,13.83, ,0.00, ,90.1, 
2005/3/8,07:00,0.0, ,109410, ,0.00, ,0.00, ,90.1, 
2005/3/8,08:00,0.0, ,109410, ,0.02, ,5.80, ,90.1, 
2005/3/8,09:00,0.0, ,109410, ,30.05, ,30.00, ,90.1, 
2005/3/8,10:00,0.0, ,109190, ,5.97, ,59.30, ,90.0, 
2005/3/8,11:00,0.0, ,109100, ,13.03, ,30.20, ,89.9, 
2005/3/8,12:00,0.0, ,109100, ,0.02, ,0.00, ,89.9, 
2005/3/8,13:00,0.0, ,109140, ,0.81, ,0.00, ,89.9, 
2005/3/8,14:00,0.0, ,109190, ,10.56, ,0.00, ,90.0, 
2005/3/8,15:00,0.0, ,109230, ,5.69, ,0.00, ,90.0, 
2005/3/8,16:00,0.0, ,109230, ,0.00, ,0.00, ,90.0, 
2005/3/8,17:00,0.0, ,109280, ,4.88, ,0.00, ,90.0, 
2005/3/8,18:00,0.0, ,109320, ,13.82, ,0.00, ,90.1, 
2005/3/8,19:00,0.0, ,109360, ,23.59, ,0.00, ,90.1, 
2005/3/8,20:00,0.0, ,109410, ,13.01, ,0.00, ,90.1, 
2005/3/8,21:00,0.0, ,109450, ,23.60, ,0.00, ,90.2, 
2005/3/8,22:00,0.0, ,109490, ,9.76, ,0.00, ,90.2, 
2005/3/8,23:00,0.0, ,109490, ,0.00, ,0.00, ,90.2, 
2005/3/8,24:00,0.0, ,109490, ,0.00, ,0.00, ,89.5, 
2005/3/9,01:00,0.0, ,109540, ,4.07, ,0.00, ,89.5, 
2005/3/9,02:00,0.0, ,109540, ,0.00, ,0.00, ,89.5, 
2005/3/9,03:00,0.0, ,109540, ,0.00, ,0.00, ,89.5, 
2005/3/9,04:00,0.0, ,109580, ,8.14, ,0.00, ,89.6, 
2005/3/9,05:00,0.0, ,109580, ,0.00, ,0.00, ,89.6, 
2005/3/9,06:00,0.0, ,109580, ,0.00, ,0.00, ,89.6, 
2005/3/9,07:00,0.0, ,109580, ,0.00, ,0.00, ,89.6, 
2005/3/9,08:00,0.0, ,109630, ,10.62, ,6.20, ,89.6, 
2005/3/9,09:00,0.0, ,109580, ,16.96, ,30.00, ,89.6, 
2005/3/9,10:00,0.0, ,109410, ,7.70, ,59.20, ,89.4, 
2005/3/9,11:00,0.0, ,109320, ,5.28, ,30.10, ,89.3, 
2005/3/9,12:00,0.0, ,109320, ,0.02, ,0.00, ,89.3, 
2005/3/9,13:00,0.0, ,109320, ,0.00, ,0.00, ,89.3, 
2005/3/9,14:00,0.0, ,109360, ,23.59, ,0.00, ,89.4, 
2005/3/9,15:00,0.0, ,109410, ,23.59, ,0.00, ,89.4, 
2005/3/9,16:00,0.0, ,109450, ,22.78, ,0.00, ,89.4, 
2005/3/9,17:00,0.0, ,109490, ,18.71, ,0.00, ,89.5, 
2005/3/9,18:00,0.0, ,109540, ,15.49, ,6.10, ,89.5, 
2005/3/9,19:00,0.0, ,109540, ,24.51, ,24.50, ,89.5, 
2005/3/9,20:00,0.0, ,109540, ,0.01, ,0.00, ,89.5, 
2005/3/9,21:00,0.0, ,109580, ,14.65, ,0.00, ,89.6, 
2005/3/9,22:00,0.0, ,109630, ,21.17, ,0.00, ,89.6, 
2005/3/9,23:00,0.0, ,109630, ,0.00, ,0.00, ,89.6, 
2005/3/9,24:00,0.0, ,109630, ,0.00, ,0.00, ,88.9, 
2005/3/10,01:00,0.0, ,109670, ,22.80, ,0.00, ,88.9, 
2005/3/10,02:00,0.0, ,109670, ,0.00, ,0.00, ,88.9, 
2005/3/10,03:00,0.0, ,109670, ,0.00, ,0.00, ,88.9, 
2005/3/10,04:00,0.0, ,109710, ,15.48, ,0.00, ,88.9, 
2005/3/10,05:00,0.0, ,109710, ,0.00, ,0.00, ,88.9, 
2005/3/10,06:00,0.0, ,109710, ,0.00, ,0.00, ,88.9, 
2005/3/10,07:00,0.0, ,109760, ,2.44, ,0.00, ,89.0, 
2005/3/10,08:00,0.0, ,109760, ,0.00, ,0.00, ,89.0, 
2005/3/10,09:00,0.0, ,109760, ,0.04, ,5.90, ,89.0, 
2005/3/10,10:00,0.0, ,109760, ,27.20, ,27.10, ,89.0, 
2005/3/10,11:00,0.0, ,109670, ,10.17, ,27.40, ,88.9, 
2005/3/10,12:00,0.0, ,109670, ,0.00, ,0.00, ,88.9, 
2005/3/10,13:00,0.0, ,109710, ,7.33, ,0.00, ,88.9, 
2005/3/10,14:00,0.0, ,109760, ,21.18, ,0.00, ,89.0, 
2005/3/10,15:00,0.3, ,109800, ,13.04, ,0.00, ,89.0, 
2005/3/10,16:00,0.2, ,109850, ,22.01, ,0.00, ,89.1, 
2005/3/10,17:00,0.0, ,109890, ,21.20, ,0.00, ,89.1, 
2005/3/10,18:00,0.0, ,109930, ,17.12, ,0.00, ,89.1, 
2005/3/10,19:00,0.0, ,109980, ,17.94, ,0.00, ,89.2, 
2005/3/10,20:00,0.1, ,110020, ,6.53, ,0.00, ,89.2, 
2005/3/10,21:00,0.3, ,110070, ,7.34, ,0.00, ,89.2, 
2005/3/10,22:00,0.2, ,110110, ,18.77, ,0.00, ,89.3, 
2005/3/10,23:00,0.1, ,110110, ,0.00, ,0.00, ,89.3, 
2005/3/10,24:00,0.0, ,110160, ,19.59, ,0.00, ,88.6, 
2005/3/11,01:00,0.0, ,110160, ,0.00, ,0.00, ,88.6, 
2005/3/11,02:00,0.0, ,110160, ,0.00, ,0.00, ,88.6, 
2005/3/11,03:00,0.0, ,110200, ,24.49, ,0.00, ,88.6, 
2005/3/11,04:00,0.0, ,110200, ,0.00, ,0.00, ,88.6, 
2005/3/11,05:00,0.0, ,110200, ,0.00, ,0.00, ,88.6, 
2005/3/11,06:00,0.0, ,110240, ,8.98, ,0.00, ,88.7, 
2005/3/11,07:00,0.0, ,110240, ,0.00, ,0.00, ,88.7, 
2005/3/11,08:00,0.0, ,110240, ,0.00, ,0.00, ,88.7, 
2005/3/11,09:00,0.2, ,110290, ,0.00, ,0.00, ,88.7, 
2005/3/11,10:00,0.5, ,110290, ,0.00, ,0.00, ,88.7, 
2005/3/11,11:00,0.7, ,110330, ,0.82, ,0.00, ,88.7, 
2005/3/11,12:00,0.5, ,110420, ,4.09, ,0.00, ,88.8, 
2005/3/11,13:00,0.0, ,110460, ,12.26, ,0.00, ,88.8, 
2005/3/11,14:00,0.1, ,110510, ,21.26, ,0.00, ,88.9, 
2005/3/11,15:00,0.0, ,110550, ,16.35, ,0.00, ,88.9, 
2005/3/11,16:00,0.0, ,110600, ,3.27, ,0.00, ,89.0, 
2005/3/11,17:00,0.0, ,110680, ,13.09, ,0.00, ,89.0, 
2005/3/11,18:00,0.0, ,110730, ,8.18, ,0.00, ,89.1, 
2005/3/11,19:00,0.0, ,110770, ,22.10, ,0.00, ,89.1, 
2005/3/11,20:00,0.0, ,110820, ,14.74, ,0.00, ,89.1, 
2005/3/11,21:00,0.0, ,110860, ,15.56, ,0.00, ,89.2, 
2005/3/11,22:00,0.0, ,110950, ,15.57, ,0.00, ,89.2, 
2005/3/11,23:00,0.0, ,110990, ,23.76, ,0.00, ,89.3, 
2005/3/11,24:00,0.0, ,111040, ,24.59, ,0.00, ,88.6, 
2005/3/12,01:00,0.0, ,111040, ,0.00, ,0.00, ,88.6, 
2005/3/12,02:00,0.0, ,111040, ,0.00, ,0.00, ,88.6, 
2005/3/12,03:00,0.0, ,111080, ,3.28, ,0.00, ,88.6, 
2005/3/12,04:00,0.0, ,111130, ,6.56, ,0.00, ,88.6, 
2005/3/12,05:00,0.0, ,111130, ,3.28, ,0.00, ,88.6, 
2005/3/12,06:00,0.0, ,111170, ,17.22, ,0.00, ,88.7, 
2005/3/12,07:00,0.0, ,111170, ,0.00, ,0.00, ,88.7, 
2005/3/12,08:00,0.0, ,111170, ,0.00, ,0.00, ,88.7, 
2005/3/12,09:00,0.0, ,111220, ,5.74, ,0.00, ,88.7, 
2005/3/12,10:00,0.0, ,111220, ,0.00, ,0.00, ,88.7, 
2005/3/12,11:00,0.0, ,111260, ,17.23, ,0.00, ,88.7, 
2005/3/12,12:00,0.0, ,111300, ,13.95, ,0.00, ,88.8, 
2005/3/12,13:00,0.0, ,111350, ,0.82, ,0.00, ,88.8, 
2005/3/12,14:00,0.0, ,111440, ,10.67, ,0.00, ,88.9, 
2005/3/12,15:00,0.0, ,111480, ,2.46, ,0.00, ,88.9, 
2005/3/12,16:00,0.0, ,111480, ,0.00, ,0.00, ,88.9, 
2005/3/12,17:00,0.0, ,111530, ,12.36, ,6.00, ,88.9, 
2005/3/12,18:00,0.0, ,111530, ,19.17, ,19.40, ,88.9, 
2005/3/12,19:00,0.0, ,111480, ,26.84, ,28.70, ,88.9, 
2005/3/12,20:00,0.0, ,111480, ,10.69, ,0.00, ,88.9, 
2005/3/12,21:00,0.0, ,111480, ,0.00, ,0.00, ,88.9, 
2005/3/12,22:00,0.0, ,111530, ,0.82, ,0.00, ,88.9, 
2005/3/12,23:00,0.0, ,111570, ,12.33, ,0.00, ,89.0, 
2005/3/12,24:00,0.0, ,111610, ,23.01, ,0.00, ,88.3, 
2005/3/13,01:00,0.0, ,111610, ,0.00, ,0.00, ,88.3, 
2005/3/13,02:00,0.0, ,111610, ,0.00, ,0.00, ,88.3, 
2005/3/13,03:00,0.0, ,111660, ,23.02, ,0.00, ,88.4, 
2005/3/13,04:00,0.0, ,111660, ,0.00, ,0.00, ,88.4, 
2005/3/13,05:00,0.0, ,111660, ,0.00, ,0.00, ,88.4, 
2005/3/13,06:00,0.0, ,111700, ,22.19, ,0.00, ,88.4, 
2005/3/13,07:00,0.0, ,111700, ,0.00, ,0.00, ,88.4, 
2005/3/13,08:00,0.0, ,111750, ,0.82, ,0.00, ,88.4, 
2005/3/13,09:00,0.0, ,111750, ,0.00, ,0.00, ,88.4, 
2005/3/13,10:00,0.0, ,111840, ,13.16, ,0.00, ,88.5, 
2005/3/13,11:00,0.1, ,111880, ,13.99, ,0.00, ,88.5, 
2005/3/13,12:00,0.0, ,111880, ,0.00, ,0.00, ,88.5, 
2005/3/13,13:00,0.0, ,111970, ,9.05, ,0.00, ,88.6, 
2005/3/13,14:00,0.2, ,112010, ,18.09, ,0.00, ,88.6, 
2005/3/13,15:00,0.0, ,112060, ,13.16, ,0.00, ,88.7, 
2005/3/13,16:00,0.0, ,112100, ,6.58, ,0.00, ,88.7, 
2005/3/13,17:00,0.0, ,112100, ,0.00, ,0.00, ,88.7, 
2005/3/13,18:00,0.0, ,112150, ,13.20, ,6.90, ,88.7, 
2005/3/13,19:00,0.0, ,112150, ,23.19, ,23.40, ,88.7, 
2005/3/13,20:00,0.0, ,112010, ,10.25, ,28.00, ,88.6, 
2005/3/13,21:00,0.0, ,112010, ,0.00, ,0.00, ,88.6, 
2005/3/13,22:00,0.0, ,112010, ,0.00, ,0.00, ,88.6, 
2005/3/13,23:00,0.0, ,112010, ,0.00, ,0.00, ,88.6, 
2005/3/13,24:00,0.0, ,112010, ,0.00, ,0.00, ,87.9, 
2005/3/14,01:00,0.0, ,112010, ,0.00, ,0.00, ,87.9, 
2005/3/14,02:00,0.0, ,112010, ,0.00, ,0.00, ,87.9, 
2005/3/14,03:00,0.0, ,112060, ,10.69, ,0.00, ,88.0, 
2005/3/14,04:00,0.0, ,112060, ,0.00, ,0.00, ,88.0, 
2005/3/14,05:00,0.0, ,112060, ,0.00, ,0.00, ,88.0, 
2005/3/14,06:00,0.0, ,112060, ,0.00, ,0.00, ,88.0, 
2005/3/14,07:00,0.0, ,112100, ,23.03, ,0.00, ,88.0, 
2005/3/14,08:00,0.0, ,112100, ,0.03, ,5.80, ,88.0, 
2005/3/14,09:00,0.0, ,112100, ,23.86, ,25.70, ,88.0, 
2005/3/14,10:00,0.0, ,111930, ,1.59, ,48.40, ,87.9, 
2005/3/14,11:00,0.0, ,111750, ,10.38, ,55.30, ,87.7, 
2005/3/14,21:00,0.0, ,111840, ,0.00, ,0.00, ,0.0,$
2005/3/14,22:00,0.0, ,111880, ,12.34, ,0.00, ,0.0,$
2005/3/14,23:00,0.0, ,111880, ,0.00, ,0.00, ,0.0,$
2005/3/14,24:00,0.0, ,111880, ,0.00, ,0.00, ,0.0,$
2005/3/15,01:00,0.0, ,111930, ,17.28, ,0.00, ,0.0,$
2005/3/15,02:00,0.0, ,111930, ,0.00, ,0.00, ,0.0,$
2005/3/15,03:00,0.0, ,111930, ,0.00, ,0.00, ,0.0,$
2005/3/15,04:00,0.0, ,111930, ,0.00, ,0.00, ,0.0,$
2005/3/15,05:00,0.0, ,111970, ,20.58, ,0.00, ,0.0,$
2005/3/15,06:00,0.0, ,111970, ,0.00, ,0.00, ,0.0,$
2005/3/15,07:00,0.0, ,111970, ,0.00, ,0.00, ,0.0,$
2005/3/15,08:00,0.0, ,112010, ,6.62, ,6.00, ,0.0,$
2005/3/15,09:00,0.0, ,111970, ,15.89, ,29.80, ,0.0,$
2005/3/15,10:00,0.0, ,111880, ,6.73, ,29.80, ,0.0,$
2005/3/15,11:00,0.0, ,111790, ,15.18, ,30.10, ,87.4, 
2005/3/15,12:00,0.1, ,111750, ,13.51, ,15.20, ,87.3, 
2005/3/15,13:00,0.0, ,111750, ,0.00, ,0.00, ,87.3, 
2005/3/15,14:00,0.1, ,111750, ,0.00, ,0.00, ,87.3, 
2005/3/15,15:00,0.1, ,111750, ,0.00, ,0.00, ,87.3, 
2005/3/15,16:00,0.0, ,111790, ,6.58, ,0.00, ,87.4, 
2005/3/15,17:00,0.6, ,111840, ,13.99, ,0.00, ,87.4, 
2005/3/15,18:00,0.4, ,111880, ,0.86, ,6.10, ,87.4, 
2005/3/15,19:00,0.6, ,111880, ,32.66, ,32.70, ,87.4, 
2005/3/15,20:00,0.7, ,111840, ,12.71, ,5.20, ,87.4, 
2005/3/15,21:00,0.3, ,111840, ,0.00, ,0.00, ,87.4, 
2005/3/15,22:00,0.1, ,111840, ,0.00, ,0.00, ,87.4, 
2005/3/15,23:00,0.1, ,111840, ,0.00, ,0.00, ,87.4, 
2005/3/15,24:00,0.0, ,111840, ,0.00, ,0.00, ,87.0, 
2005/3/16,01:00,0.1, ,111840, ,0.00, ,0.00, ,87.0, 
2005/3/16,02:00,0.0, ,111840, ,0.00, ,0.00, ,87.0, 
2005/3/16,03:00,0.0, ,111880, ,12.34, ,0.00, ,87.1, 
2005/3/16,04:00,0.1, ,111880, ,0.00, ,0.00, ,87.1, 
2005/3/16,05:00,0.2, ,111880, ,0.00, ,0.00, ,87.1, 
2005/3/16,06:00,0.0, ,111880, ,0.00, ,0.00, ,87.1, 
2005/3/16,07:00,0.0, ,111880, ,0.00, ,0.00, ,87.1, 
2005/3/16,08:00,0.1, ,111930, ,1.65, ,0.00, ,87.1, 
2005/3/16,09:00,0.1, ,111930, ,0.06, ,6.00, ,87.1, 
2005/3/16,10:00,0.0, ,111930, ,24.37, ,11.50, ,87.1, 
2005/3/16,11:00,0.0, ,111930, ,0.01, ,0.00, ,87.1, 
2005/3/16,12:00,0.0, ,111930, ,0.00, ,0.00, ,87.1, 
2005/3/16,13:00,0.0, ,111930, ,0.00, ,0.00, ,87.1, 
2005/3/16,14:00,0.0, ,112010, ,12.34, ,0.00, ,87.2, 
2005/3/16,15:00,0.0, ,112060, ,2.47, ,0.00, ,87.2, 
2005/3/16,16:00,0.0, ,112060, ,0.00, ,0.00, ,87.2, 
2005/3/16,17:00,0.0, ,112100, ,12.34, ,0.00, ,87.2, 
2005/3/16,18:00,0.0, ,112150, ,16.46, ,0.00, ,87.3, 
2005/3/16,19:00,0.0, ,112190, ,23.87, ,0.00, ,87.3, 
2005/3/16,20:00,0.0, ,112240, ,14.82, ,0.00, ,87.3, 
2005/3/16,21:00,0.0, ,112280, ,23.88, ,0.00, ,87.4, 
2005/3/16,22:00,0.0, ,112330, ,13.18, ,0.00, ,87.4, 
2005/3/16,23:00,0.0, ,112330, ,0.00, ,0.00, ,87.4, 
2005/3/16,24:00,0.0, ,112330, ,0.00, ,0.00, ,86.7, 
2005/3/17,01:00,0.0, ,112330, ,0.00, ,0.00, ,86.7, 
2005/3/17,02:00,0.0, ,112370, ,9.88, ,0.00, ,86.8, 
2005/3/17,03:00,0.0, ,112370, ,0.00, ,0.00, ,86.8, 
2005/3/17,04:00,1.1, ,112370, ,0.00, ,0.00, ,86.8, 
2005/3/17,05:00,2.8, ,112410, ,9.89, ,0.00, ,86.8, 
2005/3/17,06:00,3.0, ,112410, ,0.00, ,0.00, ,86.8, 
2005/3/17,07:00,2.9, ,112460, ,0.82, ,0.00, ,86.8, 
2005/3/17,08:00,3.1, ,112500, ,11.54, ,0.00, ,86.9, 
2005/3/17,09:00,4.0, ,112500, ,0.00, ,0.00, ,86.9, 
2005/3/17,10:00,4.1, ,112590, ,10.72, ,0.00, ,86.9, 
2005/3/17,11:00,5.0, ,112640, ,24.75, ,0.00, ,87.0, 
2005/3/17,12:00,6.1, ,112770, ,40.44, ,0.00, ,87.1, 
2005/3/17,13:00,3.1, ,112900, ,48.72, ,0.00, ,87.2, 
2005/3/17,14:00,3.9, ,113130, ,53.73, ,0.00, ,87.4, 
2005/3/17,15:00,1.9, ,113350, ,57.93, ,0.00, ,87.5, 
2005/3/17,16:00,0.6, ,113620, ,70.43, ,0.00, ,87.8, 
2005/3/17,17:00,1.0, ,113840, ,69.69, ,0.00, ,87.9, 
2005/3/17,18:00,0.0, ,114070, ,63.95, ,0.00, ,88.1, 
2005/3/17,19:00,0.1, ,114290, ,50.72, ,0.00, ,88.3, 
2005/3/17,20:00,0.0, ,114430, ,53.25, ,0.00, ,88.4, 
2005/3/17,21:00,0.0, ,114610, ,41.65, ,0.00, ,88.5, 
2005/3/17,22:00,0.0, ,114740, ,41.67, ,0.00, ,88.6, 
2005/3/17,23:00,0.0, ,114880, ,41.70, ,0.00, ,88.7, 
2005/3/17,24:00,0.0, ,115010, ,38.39, ,0.00, ,87.9, 
2005/3/18,01:00,0.0, ,115150, ,38.41, ,0.00, ,88.0, 
2005/3/18,02:00,0.0, ,115240, ,26.74, ,0.00, ,88.1, 
2005/3/18,03:00,0.0, ,115330, ,19.23, ,0.00, ,88.2, 
2005/3/18,04:00,0.0, ,115420, ,24.25, ,0.00, ,88.2, 
2005/3/18,05:00,0.0, ,115460, ,20.08, ,0.00, ,88.3, 
2005/3/18,06:00,0.0, ,115550, ,23.43, ,0.00, ,88.3, 
2005/3/18,07:00,0.0, ,115600, ,18.41, ,0.00, ,88.4, 
2005/3/18,08:00,0.0, ,115690, ,23.45, ,0.00, ,88.5, 
2005/3/18,09:00,0.0, ,115730, ,23.45, ,0.00, ,88.5, 
2005/3/18,10:00,0.1, ,115830, ,9.22, ,0.00, ,88.6, 
2005/3/18,11:00,0.0, ,115920, ,25.99, ,0.00, ,88.6, 
2005/3/18,12:00,0.0, ,116010, ,33.55, ,0.00, ,88.7, 
2005/3/18,13:00,0.0, ,116100, ,25.17, ,0.00, ,88.8, 
2005/3/18,14:00,0.0, ,116140, ,22.66, ,0.00, ,88.8, 
2005/3/18,15:00,0.0, ,116230, ,25.19, ,0.00, ,88.9, 
2005/3/18,16:00,0.2, ,116280, ,23.52, ,0.00, ,88.9, 
2005/3/18,17:00,0.1, ,116370, ,21.85, ,0.00, ,89.0, 
2005/3/18,18:00,0.0, ,116460, ,15.13, ,0.00, ,89.1, 
2005/3/18,19:00,0.2, ,116510, ,13.54, ,0.00, ,89.1, 
2005/3/18,20:00,0.0, ,116550, ,12.70, ,0.00, ,89.1, 
2005/3/18,21:00,0.0, ,116640, ,23.70, ,0.00, ,89.2, 
2005/3/18,22:00,0.0, ,116690, ,21.17, ,0.00, ,89.2, 
2005/3/18,23:00,0.0, ,116780, ,23.71, ,0.00, ,89.3, 
2005/3/18,24:00,0.0, ,116870, ,16.09, ,0.00, ,88.5, 
2005/3/19,01:00,0.0, ,116870, ,0.00, ,0.00, ,88.5, 
2005/3/19,02:00,0.0, ,116920, ,22.02, ,0.00, ,88.5, 
2005/3/19,03:00,0.0, ,116960, ,19.48, ,0.00, ,88.5, 
2005/3/19,04:00,0.0, ,117010, ,7.62, ,0.00, ,88.6, 
2005/3/19,05:00,0.0, ,117050, ,6.78, ,0.00, ,88.6, 
2005/3/19,06:00,0.0, ,117050, ,0.00, ,0.00, ,88.6, 
2005/3/19,07:00,0.0, ,117100, ,14.40, ,0.00, ,88.6, 
2005/3/19,08:00,0.0, ,117150, ,24.57, ,0.00, ,88.7, 
2005/3/19,09:00,0.0, ,117190, ,21.18, ,0.00, ,88.7, 
2005/3/19,10:00,0.0, ,117240, ,22.04, ,0.00, ,88.7, 
2005/3/19,11:00,0.0, ,117280, ,10.17, ,0.00, ,88.8, 
2005/3/19,12:00,0.0, ,117330, ,1.70, ,0.00, ,88.8, 
2005/3/19,13:00,0.0, ,117420, ,14.41, ,0.00, ,88.9, 
2005/3/19,14:00,0.0, ,117470, ,21.20, ,0.00, ,88.9, 
2005/3/19,15:00,0.0, ,117560, ,16.11, ,0.00, ,89.0, 
2005/3/19,16:00,0.0, ,117600, ,20.35, ,0.00, ,89.0, 
2005/3/19,17:00,0.0, ,117650, ,18.66, ,0.00, ,89.1, 
2005/3/19,18:00,0.0, ,117740, ,9.33, ,0.00, ,89.1, 
2005/3/19,19:00,0.0, ,117790, ,20.36, ,0.00, ,89.2, 
2005/3/19,20:00,0.0, ,117830, ,14.42, ,0.00, ,89.2, 
2005/3/19,21:00,0.0, ,117920, ,15.28, ,0.00, ,89.3, 
2005/3/19,22:00,0.0, ,117970, ,19.52, ,0.00, ,89.3, 
2005/3/19,23:00,0.0, ,118020, ,13.58, ,0.00, ,89.3, 
2005/3/19,24:00,0.0, ,118110, ,11.89, ,0.00, ,88.6, 
2005/3/20,01:00,0.0, ,118150, ,7.64, ,0.00, ,88.7, 
2005/3/20,02:00,0.0, ,118150, ,0.00, ,0.00, ,88.7, 
2005/3/20,03:00,0.0, ,118200, ,5.94, ,0.00, ,88.7, 
2005/3/20,04:00,0.0, ,118250, ,24.62, ,0.00, ,88.7, 
2005/3/20,05:00,0.0, ,118290, ,8.49, ,0.00, ,88.8, 
2005/3/20,06:00,0.0, ,118290, ,0.00, ,0.00, ,88.8, 
2005/3/20,07:00,0.0, ,118340, ,1.70, ,0.00, ,88.8, 
2005/3/20,08:00,0.0, ,118380, ,16.99, ,0.00, ,88.8, 
2005/3/20,09:00,0.0, ,118430, ,11.89, ,0.00, ,88.9, 
2005/3/20,10:00,0.0, ,118470, ,1.70, ,0.00, ,88.9, 
2005/3/20,11:00,0.0, ,118520, ,11.05, ,0.00, ,88.9, 
2005/3/20,12:00,0.0, ,118610, ,17.84, ,0.00, ,89.0, 
2005/3/20,13:00,0.0, ,118610, ,0.00, ,0.00, ,89.0, 
2005/3/20,14:00,0.0, ,118700, ,12.75, ,0.00, ,89.1, 
2005/3/20,15:00,0.0, ,118750, ,3.40, ,0.00, ,89.1, 
2005/3/20,16:00,0.0, ,118800, ,19.55, ,0.00, ,89.1, 
2005/3/20,17:00,0.0, ,118840, ,14.45, ,0.00, ,89.2, 
2005/3/20,18:00,0.0, ,118890, ,17.01, ,0.00, ,89.2, 
2005/3/20,19:00,0.0, ,118980, ,16.16, ,0.00, ,89.3, 
2005/3/20,20:00,0.0, ,119030, ,24.66, ,0.00, ,89.3, 
2005/3/20,21:00,0.0, ,119070, ,17.86, ,0.00, ,89.4, 
2005/3/20,22:00,0.0, ,119160, ,22.97, ,0.00, ,89.4, 
2005/3/20,23:00,0.0, ,119260, ,25.52, ,0.00, ,89.5, 
2005/3/20,24:00,0.0, ,119260, ,0.00, ,0.00, ,88.8, 
2005/3/21,01:00,0.0, ,119300, ,3.40, ,0.00, ,88.8, 
2005/3/21,02:00,0.0, ,119350, ,14.47, ,0.00, ,88.8, 
2005/3/21,03:00,0.0, ,119390, ,9.36, ,0.00, ,88.9, 
2005/3/21,04:00,0.0, ,119390, ,0.00, ,0.00, ,88.9, 
2005/3/21,05:00,0.0, ,119440, ,24.68, ,0.00, ,88.9, 
2005/3/21,06:00,0.0, ,119440, ,0.00, ,0.00, ,88.9, 
2005/3/21,07:00,0.0, ,119480, ,23.83, ,0.00, ,88.9, 
2005/3/21,08:00,0.0, ,119480, ,0.00, ,0.00, ,88.9, 
2005/3/21,09:00,0.0, ,119530, ,1.70, ,0.00, ,89.0, 
2005/3/21,10:00,0.0, ,119580, ,16.18, ,0.00, ,89.0, 
2005/3/21,11:00,0.0, ,119620, ,23.84, ,0.00, ,89.0, 
2005/3/21,12:00,0.0, ,119670, ,17.03, ,0.00, ,89.1, 
2005/3/21,13:00,0.0, ,119710, ,22.14, ,0.00, ,89.1, 
2005/3/21,14:00,0.0, ,119760, ,22.14, ,0.00, ,89.1, 
2005/3/21,15:00,0.0, ,119810, ,11.92, ,0.00, ,89.2, 
2005/3/21,16:00,0.0, ,119900, ,11.92, ,0.00, ,89.2, 
2005/3/21,17:00,0.0, ,119940, ,11.08, ,0.00, ,89.3, 
2005/3/21,18:00,0.0, ,119990, ,24.71, ,0.00, ,89.3, 
2005/3/21,19:00,0.0, ,120040, ,18.74, ,0.00, ,89.3, 
2005/3/21,20:00,0.0, ,120080, ,16.19, ,0.00, ,89.4, 
2005/3/21,21:00,0.0, ,120130, ,3.41, ,0.00, ,89.4, 
2005/3/21,22:00,0.0, ,120220, ,13.64, ,0.00, ,89.5, 
2005/3/21,23:00,0.0, ,120270, ,13.64, ,0.00, ,89.5, 
2005/3/21,24:00,0.0, ,120310, ,14.49, ,0.00, ,88.8, 
2005/3/22,01:00,0.0, ,120310, ,0.00, ,0.00, ,88.8, 
2005/3/22,02:00,0.0, ,120360, ,7.67, ,0.00, ,88.9, 
2005/3/22,03:00,0.0, ,120400, ,17.91, ,0.00, ,88.9, 
2005/3/22,04:00,0.0, ,120400, ,0.00, ,0.00, ,88.9, 
2005/3/22,05:00,0.0, ,120450, ,5.97, ,0.00, ,88.9, 
2005/3/22,06:00,2.4, ,120500, ,20.46, ,0.00, ,89.0, 
2005/3/22,07:00,3.1, ,120540, ,8.53, ,0.00, ,89.0, 
2005/3/22,08:00,2.6, ,120540, ,0.00, ,0.00, ,89.0, 
2005/3/22,09:00,3.0, ,120590, ,12.80, ,0.00, ,89.0, 
2005/3/22,10:00,3.1, ,120640, ,13.65, ,0.00, ,89.1, 
2005/3/22,11:00,3.1, ,120730, ,13.65, ,0.00, ,89.1, 
2005/3/22,12:00,3.1, ,120820, ,16.21, ,0.00, ,89.2, 
2005/3/22,13:00,7.1, ,120910, ,22.19, ,0.00, ,89.3, 
2005/3/22,14:00,9.0, ,121050, ,38.41, ,0.00, ,89.4, 
2005/3/22,15:00,9.3, ,121230, ,53.51, ,0.00, ,89.5, 
2005/3/22,16:00,5.9, ,121460, ,71.41, ,0.00, ,89.7, 
2005/3/22,17:00,1.9, ,121880, ,109.83, ,0.00, ,90.0, 
2005/3/22,18:00,1.2, ,122340, ,132.20, ,0.00, ,90.3, 
2005/3/22,19:00,0.7, ,122800, ,127.34, ,0.00, ,90.7, 
2005/3/22,20:00,0.0, ,123170, ,105.32, ,0.00, ,91.0, 
2005/3/22,21:00,0.3, ,123540, ,89.17, ,0.00, ,91.2, 
2005/3/22,22:00,0.1, ,123770, ,78.98, ,0.00, ,91.4, 
2005/3/22,23:00,0.0, ,124050, ,71.33, ,0.00, ,91.6, 
2005/3/22,24:00,0.0, ,124240, ,58.49, ,0.00, ,90.9, 
2005/3/23,01:00,0.0, ,124420, ,64.57, ,0.00, ,91.0, 
2005/3/23,02:00,0.0, ,124610, ,49.11, ,0.00, ,91.2, 
2005/3/23,03:00,0.2, ,124790, ,48.28, ,0.00, ,91.3, 
2005/3/23,04:00,0.0, ,124930, ,37.96, ,0.00, ,91.4, 
2005/3/23,05:00,0.0, ,125070, ,41.44, ,0.00, ,91.5, 
2005/3/23,06:00,0.0, ,125210, ,41.46, ,0.00, ,91.6, 
2005/3/23,07:00,0.0, ,125350, ,31.12, ,0.00, ,91.7, 
2005/3/23,08:00,1.5, ,125490, ,33.73, ,0.00, ,91.8, 
2005/3/23,09:00,3.7, ,125630, ,40.67, ,0.00, ,91.9, 
2005/3/23,10:00,2.3, ,125770, ,42.35, ,0.00, ,92.0, 
2005/3/23,11:00,0.3, ,125960, ,38.91, ,0.00, ,92.2, 
2005/3/23,12:00,0.0, ,126100, ,44.13, ,0.00, ,92.3, 
2005/3/23,13:00,1.0, ,126240, ,42.44, ,0.00, ,92.4, 
2005/3/23,14:00,1.4, ,126430, ,49.41, ,0.00, ,92.5, 
2005/3/23,15:00,0.8, ,126620, ,39.91, ,0.00, ,92.7, 
2005/3/23,16:00,0.4, ,126760, ,46.88, ,0.00, ,92.8, 
2005/3/23,17:00,0.5, ,126940, ,46.05, ,0.00, ,92.9, 
2005/3/23,18:00,0.0, ,127040, ,42.61, ,0.00, ,93.0, 
2005/3/23,19:00,0.0, ,127230, ,47.86, ,0.00, ,93.1, 
2005/3/23,20:00,0.0, ,127320, ,27.00, ,0.00, ,93.2, 
2005/3/23,21:00,0.0, ,127460, ,33.12, ,0.00, ,93.3, 
2005/3/23,22:00,0.0, ,127600, ,38.37, ,0.00, ,93.4, 
2005/3/23,23:00,0.0, ,127740, ,39.27, ,0.00, ,93.5, 
2005/3/23,24:00,0.0, ,127840, ,27.94, ,0.00, ,92.5, 
2005/3/24,01:00,0.1, ,127980, ,28.83, ,0.00, ,92.6, 
2005/3/24,02:00,0.0, ,128070, ,25.35, ,0.00, ,92.7, 
2005/3/24,03:00,0.0, ,128170, ,24.48, ,0.00, ,92.8, 
2005/3/24,04:00,0.0, ,128260, ,34.99, ,0.00, ,92.8, 
2005/3/24,05:00,0.0, ,128360, ,23.63, ,0.00, ,92.9, 
2005/3/24,06:00,0.0, ,128450, ,26.27, ,0.00, ,93.0, 
2005/3/24,07:00,0.0, ,128550, ,20.15, ,0.00, ,93.0, 
2005/3/24,08:00,0.0, ,128590, ,25.46, ,5.60, ,93.1, 
2005/3/24,09:00,0.1, ,128640, ,26.16, ,16.60, ,93.1, 
2005/3/24,10:00,0.1, ,128690, ,40.12, ,15.80, ,93.2, 
2005/3/24,11:00,0.0, ,128780, ,33.17, ,15.70, ,93.2, 
2005/3/24,12:00,0.0, ,128780, ,15.47, ,15.00, ,93.2, 
2005/3/24,13:00,0.0, ,128880, ,31.93, ,14.90, ,93.3, 
2005/3/24,14:00,0.9, ,128930, ,34.36, ,16.20, ,93.3, 
2005/3/24,15:00,0.4, ,128970, ,39.79, ,15.80, ,93.4, 
2005/3/24,16:00,0.2, ,129020, ,28.72, ,16.10, ,93.4, 
2005/3/24,17:00,0.0, ,129160, ,32.53, ,0.00, ,93.5, 
2005/3/24,18:00,0.0, ,129260, ,29.89, ,0.00, ,93.6, 
2005/3/24,19:00,0.1, ,129400, ,30.78, ,0.00, ,93.7, 
2005/3/24,20:00,0.0, ,129450, ,33.44, ,0.00, ,93.7, 
2005/3/24,21:00,0.0, ,129540, ,27.29, ,0.00, ,93.8, 
2005/3/24,22:00,0.0, ,129640, ,27.31, ,0.00, ,93.9, 
2005/3/24,23:00,0.0, ,129730, ,31.73, ,0.00, ,93.9, 
2005/3/24,24:00,0.0, ,129830, ,15.87, ,0.00, ,93.3, 
2005/3/25,01:00,0.0, ,129880, ,26.46, ,0.00, ,93.3, 
2005/3/25,02:00,0.0, ,129970, ,17.64, ,0.00, ,93.4, 
2005/3/25,03:00,0.0, ,130020, ,15.01, ,0.00, ,93.4, 
2005/3/25,04:00,0.0, ,130070, ,22.07, ,0.00, ,93.5, 
2005/3/25,05:00,0.1, ,130160, ,13.25, ,0.00, ,93.5, 
2005/3/25,06:00,0.0, ,130210, ,22.97, ,0.00, ,93.6, 
2005/3/25,07:00,0.0, ,130260, ,20.32, ,0.00, ,93.6, 
2005/3/25,08:00,0.0, ,130350, ,29.17, ,0.00, ,93.7, 
2005/3/25,09:00,0.1, ,130300, ,19.84, ,31.10, ,93.7, 
2005/3/25,10:00,0.5, ,130210, ,25.91, ,59.40, ,93.6, 
2005/3/25,11:00,0.7, ,130070, ,27.73, ,59.80, ,93.5, 
2005/3/25,12:00,0.0, ,130070, ,31.06, ,31.10, ,93.5, 
2005/3/25,13:00,0.2, ,130110, ,22.13, ,5.50, ,93.5, 
2005/3/25,14:00,0.0, ,130110, ,26.56, ,33.90, ,93.5, 
2005/3/25,15:00,0.0, ,130070, ,24.98, ,33.90, ,93.5, 
2005/3/25,16:00,0.0, ,130020, ,5.72, ,31.20, ,93.4, 
2005/3/25,17:00,0.0, ,129970, ,26.77, ,31.10, ,93.4, 
2005/3/25,18:00,0.0, ,129970, ,33.77, ,34.00, ,93.4, 
2005/3/25,19:00,0.0, ,129920, ,12.73, ,31.10, ,93.4, 
2005/3/25,20:00,0.0, ,129920, ,31.12, ,31.30, ,93.4, 
2005/3/25,21:00,0.0, ,129970, ,13.25, ,0.00, ,93.4, 
2005/3/25,22:00,0.0, ,130020, ,24.71, ,0.00, ,93.4, 
2005/3/25,23:00,0.0, ,130110, ,19.43, ,0.00, ,93.5, 
2005/3/25,24:00,0.0, ,130160, ,15.89, ,0.00, ,93.7, 
2005/3/26,01:00,0.0, ,130260, ,11.48, ,0.00, ,93.7, 
2005/3/26,02:00,0.2, ,130300, ,19.44, ,0.00, ,93.8, 
2005/3/26,03:00,0.0, ,130350, ,14.14, ,0.00, ,93.8, 
2005/3/26,04:00,0.0, ,130400, ,25.64, ,0.00, ,93.8, 
2005/3/26,05:00,0.0, ,130450, ,24.79, ,0.00, ,93.9, 
2005/3/26,06:00,0.0, ,130540, ,21.25, ,0.00, ,93.9, 
2005/3/26,07:00,0.0, ,130590, ,5.32, ,0.00, ,94.0, 
2005/3/26,08:00,0.1, ,130590, ,0.00, ,0.00, ,94.0, 
2005/3/26,09:00,0.1, ,130690, ,7.98, ,0.00, ,94.0, 
2005/3/26,10:00,0.3, ,130730, ,23.04, ,0.00, ,94.1, 
2005/3/26,11:00,0.4, ,130830, ,26.60, ,0.00, ,94.2, 
2005/3/26,12:00,0.3, ,130930, ,17.74, ,0.00, ,94.2, 
2005/3/26,13:00,0.1, ,130970, ,23.07, ,0.00, ,94.3, 
2005/3/26,14:00,0.0, ,131070, ,24.85, ,0.00, ,94.3, 
2005/3/26,15:00,0.0, ,131120, ,15.10, ,0.00, ,94.4, 
2005/3/26,16:00,0.0, ,131210, ,20.43, ,0.00, ,94.4, 
2005/3/26,17:00,0.0, ,131260, ,18.66, ,0.00, ,94.5, 
2005/3/26,18:00,0.0, ,131360, ,23.11, ,0.00, ,94.5, 
2005/3/26,19:00,0.0, ,131410, ,18.67, ,0.00, ,94.6, 
2005/3/26,20:00,0.0, ,131500, ,18.68, ,0.00, ,94.6, 
2005/3/26,21:00,0.0, ,131550, ,25.80, ,0.00, ,94.7, 
2005/3/26,22:00,0.0, ,131650, ,16.02, ,0.00, ,94.7, 
2005/3/26,23:00,0.0, ,131690, ,26.70, ,0.00, ,94.8, 
2005/3/26,24:00,0.0, ,131740, ,11.57, ,0.00, ,94.0, 
2005/3/27,01:00,0.0, ,131840, ,13.36, ,0.00, ,94.0, 
2005/3/27,02:00,0.0, ,131840, ,0.00, ,0.00, ,94.0, 
2005/3/27,03:00,0.0, ,131890, ,6.24, ,0.00, ,94.1, 
2005/3/27,04:00,0.0, ,131930, ,11.58, ,0.00, ,94.1, 
2005/3/27,05:00,0.0, ,131980, ,3.57, ,0.00, ,94.1, 
2005/3/27,06:00,0.0, ,132030, ,11.59, ,0.00, ,94.2, 
2005/3/27,07:00,0.0, ,132080, ,23.18, ,0.00, ,94.2, 
2005/3/27,08:00,0.0, ,132130, ,24.97, ,0.00, ,94.3, 
2005/3/27,09:00,0.0, ,132180, ,19.62, ,0.00, ,94.3, 
2005/3/27,10:00,0.0, ,132220, ,20.52, ,0.00, ,94.3, 
2005/3/27,11:00,0.0, ,132320, ,12.50, ,0.00, ,94.4, 
2005/3/27,12:00,0.0, ,132370, ,23.21, ,0.00, ,94.4, 
2005/3/27,13:00,0.0, ,132460, ,28.58, ,0.00, ,94.5, 
2005/3/27,14:00,0.0, ,132510, ,16.97, ,0.00, ,94.5, 
2005/3/27,15:00,0.3, ,132610, ,24.13, ,0.00, ,94.6, 
2005/3/27,16:00,0.9, ,132660, ,26.81, ,0.00, ,94.6, 
2005/3/27,17:00,1.7, ,132750, ,18.78, ,0.00, ,94.7, 
2005/3/27,18:00,2.8, ,132800, ,24.15, ,0.00, ,94.7, 
2005/3/27,19:00,2.1, ,132900, ,26.84, ,0.00, ,94.8, 
2005/3/27,20:00,3.6, ,133000, ,22.38, ,0.00, ,94.9, 
2005/3/27,21:00,2.6, ,133090, ,26.86, ,0.00, ,94.9, 
2005/3/27,22:00,3.1, ,133140, ,26.87, ,0.00, ,95.0, 
2005/3/27,23:00,3.4, ,133290, ,25.09, ,0.00, ,95.1, 
2005/3/27,24:00,3.4, ,133330, ,26.89, ,0.00, ,94.3, 
2005/3/28,01:00,2.4, ,133430, ,26.90, ,0.00, ,94.4, 
2005/3/28,02:00,2.9, ,133530, ,21.53, ,0.00, ,94.5, 
2005/3/28,03:00,4.9, ,133630, ,29.62, ,0.00, ,94.5, 
2005/3/28,04:00,6.4, ,133770, ,41.31, ,0.00, ,94.6, 
2005/3/28,05:00,3.7, ,133960, ,52.11, ,0.00, ,94.8, 
2005/3/28,06:00,3.5, ,134160, ,52.16, ,0.00, ,94.9, 
2005/3/28,07:00,2.1, ,134400, ,69.30, ,0.00, ,95.1, 
2005/3/28,08:00,1.1, ,134650, ,77.49, ,0.00, ,95.3, 
2005/3/28,09:00,0.0, ,134940, ,68.56, ,0.00, ,95.5, 
2005/3/28,10:00,0.1, ,135130, ,68.66, ,5.50, ,95.6, 
2005/3/28,11:00,0.2, ,135330, ,59.72, ,24.60, ,95.7, 
2005/3/28,12:00,0.1, ,135430, ,62.45, ,24.30, ,95.8, 
2005/3/28,13:00,0.1, ,135620, ,52.58, ,5.70, ,96.0, 
2005/3/28,14:00,0.2, ,135770, ,57.44, ,22.10, ,96.1, 
2005/3/28,15:00,0.0, ,135870, ,50.56, ,24.50, ,96.1, 
2005/3/28,16:00,0.0, ,135960, ,49.83, ,24.50, ,96.2, 
2005/3/28,17:00,0.1, ,136010, ,47.11, ,24.50, ,96.2, 
2005/3/28,18:00,0.0, ,136110, ,42.58, ,24.40, ,96.3, 
2005/3/28,19:00,0.0, ,136160, ,48.05, ,24.50, ,96.3, 
2005/3/28,20:00,0.0, ,136310, ,43.60, ,0.00, ,96.4, 
2005/3/28,21:00,0.0, ,136450, ,42.70, ,0.00, ,96.5, 
2005/3/28,22:00,0.0, ,136600, ,40.00, ,0.00, ,96.7, 
2005/3/28,23:00,0.0, ,136750, ,43.66, ,0.00, ,96.8, 
2005/3/28,24:00,0.0, ,136900, ,35.49, ,0.00, ,96.3, 
2005/3/29,01:00,0.0, ,136990, ,33.69, ,0.00, ,96.4, 
2005/3/29,02:00,0.0, ,137140, ,51.93, ,0.00, ,96.5, 
2005/3/29,03:00,0.0, ,137290, ,23.70, ,0.00, ,96.6, 
2005/3/29,04:00,0.0, ,137390, ,38.30, ,0.00, ,96.7, 
2005/3/29,05:00,0.0, ,137540, ,41.97, ,0.00, ,96.8, 
2005/3/29,06:00,0.0, ,137630, ,37.42, ,0.00, ,96.9, 
2005/3/29,07:00,0.0, ,137780, ,35.61, ,0.00, ,97.0, 
2005/3/29,08:00,0.0, ,137930, ,34.71, ,0.00, ,97.1, 
2005/3/29,09:00,0.0, ,138030, ,26.51, ,0.00, ,97.2, 
2005/3/29,10:00,0.0, ,138130, ,23.77, ,0.00, ,97.2, 
2005/3/29,11:00,0.0, ,138230, ,35.67, ,0.00, ,97.3, 
2005/3/29,12:00,0.0, ,138330, ,27.45, ,0.00, ,97.4, 
2005/3/29,13:00,0.0, ,138470, ,36.62, ,0.00, ,97.5, 
2005/3/29,14:00,0.0, ,138570, ,27.47, ,0.00, ,97.5, 
2005/3/29,15:00,0.0, ,138670, ,31.15, ,0.00, ,97.6, 
2005/3/29,16:00,0.0, ,138770, ,34.83, ,0.00, ,97.7, 
2005/3/29,17:00,0.0, ,138870, ,27.51, ,0.00, ,97.8, 
2005/3/29,18:00,0.0, ,138970, ,27.52, ,0.00, ,97.8, 
2005/3/29,19:00,0.0, ,139070, ,25.69, ,0.00, ,97.9, 
2005/3/29,20:00,0.0, ,139170, ,27.54, ,0.00, ,98.0, 
2005/3/29,21:00,0.0, ,139320, ,33.98, ,0.00, ,98.1, 
2005/3/29,22:00,0.0, ,139370, ,21.13, ,0.00, ,98.1, 
2005/3/29,23:00,0.0, ,139460, ,25.73, ,0.00, ,98.2, 
2005/3/29,24:00,0.0, ,139560, ,26.66, ,0.00, ,97.3, 
2005/3/30,01:00,0.0, ,139660, ,27.59, ,0.00, ,97.4, 
2005/3/30,02:00,0.0, ,139760, ,29.44, ,0.00, ,97.4, 
2005/3/30,03:00,0.0, ,139860, ,30.37, ,0.00, ,97.5, 
2005/3/30,04:00,0.0, ,139960, ,19.33, ,0.00, ,97.6, 
2005/3/30,05:00,0.0, ,140060, ,25.78, ,0.00, ,97.7, 
2005/3/30,06:00,0.0, ,140160, ,23.95, ,0.00, ,97.7, 
2005/3/30,07:00,0.0, ,140260, ,26.67, ,0.00, ,97.8, 
2005/3/30,08:00,0.0, ,140360, ,27.60, ,0.00, ,97.9, 
2005/3/30,09:00,0.0, ,140460, ,26.69, ,0.00, ,97.9, 
2005/3/30,10:00,0.0, ,140560, ,28.54, ,0.00, ,98.0, 
2005/3/30,11:00,0.0, ,140610, ,27.64, ,0.00, ,98.0, 
2005/3/30,12:00,0.0, ,140710, ,18.43, ,0.00, ,98.1, 
2005/3/30,13:00,0.0, ,140810, ,23.97, ,0.00, ,98.2, 
2005/3/30,14:00,0.0, ,140910, ,23.06, ,0.00, ,98.3, 
2005/3/30,15:00,0.0, ,140960, ,24.91, ,0.00, ,98.3, 
2005/3/30,16:00,0.0, ,141060, ,20.30, ,0.00, ,98.4, 
2005/3/30,17:00,0.0, ,141160, ,26.78, ,0.00, ,98.4, 
2005/3/30,18:00,0.0, ,141250, ,23.09, ,0.00, ,98.5, 
2005/3/30,19:00,0.0, ,141300, ,27.72, ,0.00, ,98.5, 
2005/3/30,20:00,0.0, ,141400, ,22.18, ,0.00, ,98.6, 
2005/3/30,21:00,0.0, ,141500, ,23.12, ,0.00, ,98.7, 
2005/3/30,22:00,0.0, ,141550, ,23.13, ,0.00, ,98.7, 
2005/3/30,23:00,0.0, ,141650, ,24.06, ,0.00, ,98.8, 
2005/3/30,24:00,0.0, ,141750, ,28.70, ,0.00, ,98.0, 
2005/3/31,01:00,0.0, ,141850, ,27.78, ,0.00, ,98.0, 
2005/3/31,02:00,0.0, ,141900, ,22.23, ,0.00, ,98.1, 
2005/3/31,03:00,0.0, ,142000, ,21.32, ,0.00, ,98.2, 
2005/3/31,04:00,0.0, ,142050, ,19.47, ,0.00, ,98.2, 
2005/3/31,05:00,0.0, ,142150, ,22.26, ,0.00, ,98.3, 
2005/3/31,06:00,0.0, ,142260, ,23.19, ,0.00, ,98.3, 
2005/3/31,07:00,0.0, ,142310, ,27.84, ,0.00, ,98.4, 
2005/3/31,08:00,0.0, ,142410, ,19.50, ,0.00, ,98.4, 
2005/3/31,09:00,0.0, ,142510, ,28.79, ,0.00, ,98.5, 
2005/3/31,10:00,0.0, ,142560, ,26.94, ,0.00, ,98.5, 
2005/3/31,11:00,0.0, ,142660, ,26.03, ,0.00, ,98.6, 
2005/3/31,12:00,0.0, ,142760, ,31.62, ,0.00, ,98.7, 
2005/3/31,13:00,0.0, ,142860, ,15.81, ,0.00, ,98.8, 
2005/3/31,14:00,0.0, ,142910, ,26.06, ,0.00, ,98.8, 
2005/3/31,15:00,0.0, ,143010, ,19.55, ,0.00, ,98.9, 
2005/3/31,16:00,0.0, ,143060, ,27.00, ,0.00, ,98.9, 
2005/3/31,17:00,0.0, ,143160, ,20.49, ,0.00, ,99.0, 
2005/3/31,18:00,0.0, ,143210, ,25.16, ,0.00, ,99.0, 
2005/3/31,19:00,0.0, ,143310, ,16.78, ,0.00, ,99.1, 
2005/3/31,20:00,0.0, ,143360, ,25.17, ,0.00, ,99.1, 
2005/3/31,21:00,0.0, ,143460, ,16.79, ,0.00, ,99.2, 
2005/3/31,22:00,0.0, ,143510, ,26.12, ,0.00, ,99.2, 
2005/3/31,23:00,0.0, ,143610, ,18.67, ,0.00, ,99.3, 
2005/3/31,24:00,0.0, ,143660, ,26.14, ,0.00, ,98.5, 
