îCà”ä˙ä‘É_ÉÄèîó åüçıåãâ 
êÖånñº,ãgñÏêÏ
âÕêÏñº,ãgñÏêÏ
äœë™èäñº,ëÅñæâYÉ_ÉÄÅiã@ç\Åj
äœë™èäãLçÜ,1368080700010
#
#îNåéì˙,éûçè,ó¨àÊïΩãœâJó ,ó¨àÊïΩãœâJó ëÆê´,íôêÖó ,íôêÖó ëÆê´,ó¨ì¸ó ,ó¨ì¸ó ëÆê´,ï˙ó¨ó ,ï˙ó¨ó ëÆê´,íôêÖó¶,íôêÖó¶ëÆê´
#ëÆê´Å@$:åáë™ -:ñ¢éÛêM
#
2003/7/1,01:00,0.2, ,194580, ,24.42, ,56.30, ,100.0, 
2003/7/1,02:00,0.0, ,194520, ,25.44, ,56.40, ,100.0, 
2003/7/1,03:00,0.3, ,194340, ,22.26, ,56.30, ,100.0, 
2003/7/1,04:00,0.2, ,194220, ,24.38, ,56.50, ,100.0, 
2003/7/1,05:00,0.3, ,194100, ,20.37, ,56.60, ,100.0, 
2003/7/1,06:00,3.9, ,194040, ,25.64, ,56.30, ,100.0, 
2003/7/1,07:00,8.8, ,193920, ,28.11, ,56.40, ,100.0, 
2003/7/1,08:00,12.9, ,193920, ,43.44, ,56.90, ,100.0, 
2003/7/1,09:00,13.0, ,193920, ,56.62, ,56.40, ,100.0, 
2003/7/1,10:00,8.3, ,194040, ,84.08, ,56.60, ,100.0, 
2003/7/1,11:00,5.5, ,194160, ,110.51, ,102.54, ,100.0, 
2003/7/1,12:00,2.4, ,194280, ,172.04, ,150.56, ,100.0, 
2003/7/1,13:00,2.5, ,194280, ,152.20, ,149.42, ,100.0, 
2003/7/1,14:00,4.8, ,194280, ,149.53, ,149.62, ,100.0, 
2003/7/1,15:00,1.3, ,194340, ,176.96, ,149.64, ,100.0, 
2003/7/1,16:00,10.7, ,194520, ,207.61, ,179.42, ,100.0, 
2003/7/1,17:00,5.3, ,194580, ,231.38, ,235.32, ,100.0, 
2003/7/1,18:00,3.5, ,194760, ,295.42, ,274.88, ,100.0, 
2003/7/1,19:00,0.5, ,194760, ,308.53, ,309.76, ,100.0, 
2003/7/1,20:00,0.1, ,194640, ,274.16, ,260.66, ,100.0, 
2003/7/1,21:00,0.0, ,194700, ,238.87, ,176.72, ,100.0, 
2003/7/1,22:00,0.0, ,194820, ,214.72, ,176.96, ,100.0, 
2003/7/1,23:00,0.0, ,194880, ,190.02, ,136.74, ,100.0, 
2003/7/1,24:00,0.0, ,195000, ,151.02, ,111.68, ,100.0, 
2003/7/2,01:00,0.0, ,195120, ,154.09, ,78.96, ,100.0, 
2003/7/2,02:00,0.0, ,195360, ,131.01, ,79.18, ,100.0, 
2003/7/2,03:00,0.0, ,195480, ,129.92, ,79.34, ,100.0, 
2003/7/2,04:00,0.0, ,195600, ,110.13, ,79.10, ,100.0, 
2003/7/2,05:00,0.0, ,195780, ,120.19, ,79.38, ,100.0, 
2003/7/2,06:00,0.0, ,195900, ,124.75, ,79.54, ,100.0, 
2003/7/2,07:00,0.0, ,196020, ,105.94, ,79.30, ,100.0, 
2003/7/2,08:00,0.0, ,196080, ,110.90, ,89.30, ,100.0, 
2003/7/2,09:00,0.0, ,196140, ,111.13, ,88.94, ,100.0, 
2003/7/2,10:00,0.0, ,196140, ,89.03, ,89.04, ,100.0, 
2003/7/2,11:00,0.0, ,196140, ,88.97, ,89.04, ,100.0, 
2003/7/2,12:00,0.0, ,196140, ,88.98, ,88.74, ,100.0, 
2003/7/2,13:00,0.0, ,196140, ,88.96, ,88.94, ,100.0, 
2003/7/2,14:00,0.0, ,196140, ,82.59, ,80.76, ,100.0, 
2003/7/2,15:00,0.0, ,196140, ,80.79, ,80.86, ,100.0, 
2003/7/2,16:00,0.0, ,196140, ,77.54, ,74.62, ,100.0, 
2003/7/2,17:00,0.0, ,196140, ,74.54, ,74.42, ,100.0, 
2003/7/2,18:00,0.0, ,196140, ,69.72, ,69.78, ,100.0, 
2003/7/2,19:00,0.0, ,196140, ,69.83, ,69.58, ,100.0, 
2003/7/2,20:00,0.0, ,196140, ,66.15, ,66.02, ,100.0, 
2003/7/2,21:00,0.0, ,196140, ,64.30, ,66.12, ,100.0, 
2003/7/2,22:00,0.0, ,196140, ,62.77, ,59.47, ,100.0, 
2003/7/2,23:00,0.0, ,196140, ,59.38, ,59.27, ,100.0, 
2003/7/2,24:00,0.0, ,196140, ,59.34, ,59.27, ,100.0, 
2003/7/3,01:00,0.0, ,196140, ,58.54, ,59.47, ,100.0, 
2003/7/3,02:00,0.0, ,196140, ,59.36, ,59.67, ,100.0, 
2003/7/3,03:00,0.0, ,196080, ,39.42, ,59.67, ,100.0, 
2003/7/3,04:00,0.0, ,196080, ,56.52, ,56.20, ,100.0, 
2003/7/3,05:00,0.0, ,196020, ,29.69, ,56.60, ,100.0, 
2003/7/3,06:00,0.0, ,196020, ,56.36, ,56.80, ,100.0, 
2003/7/3,07:00,0.0, ,195960, ,23.29, ,56.20, ,100.0, 
2003/7/3,08:00,1.0, ,195960, ,56.39, ,56.30, ,100.0, 
2003/7/3,09:00,0.8, ,195900, ,49.29, ,56.30, ,100.0, 
2003/7/3,10:00,1.7, ,195900, ,56.36, ,56.40, ,100.0, 
2003/7/3,11:00,1.3, ,195840, ,36.97, ,56.40, ,100.0, 
2003/7/3,12:00,0.9, ,195840, ,56.37, ,56.60, ,100.0, 
2003/7/3,13:00,1.3, ,195780, ,39.22, ,56.20, ,100.0, 
2003/7/3,14:00,0.6, ,195720, ,55.09, ,56.10, ,100.0, 
2003/7/3,15:00,0.4, ,195720, ,56.38, ,56.40, ,100.0, 
2003/7/3,16:00,0.4, ,195660, ,27.68, ,56.40, ,100.0, 
2003/7/3,17:00,0.0, ,195600, ,31.58, ,56.60, ,100.0, 
2003/7/3,18:00,0.0, ,195600, ,56.33, ,56.20, ,100.0, 
2003/7/3,19:00,0.1, ,195540, ,24.32, ,56.40, ,100.0, 
2003/7/3,20:00,0.0, ,195480, ,51.46, ,56.20, ,100.0, 
2003/7/3,21:00,0.1, ,195480, ,56.34, ,56.20, ,100.0, 
2003/7/3,22:00,1.1, ,195420, ,33.14, ,56.60, ,100.0, 
2003/7/3,23:00,4.2, ,195360, ,54.04, ,56.20, ,100.0, 
2003/7/3,24:00,3.6, ,195360, ,56.46, ,56.20, ,100.0, 
2003/7/4,01:00,0.2, ,195300, ,38.33, ,56.20, ,100.0, 
2003/7/4,02:00,0.0, ,195300, ,56.40, ,56.30, ,100.0, 
2003/7/4,03:00,0.0, ,195240, ,54.55, ,56.30, ,100.0, 
2003/7/4,04:00,0.0, ,195240, ,56.42, ,56.50, ,100.0, 
2003/7/4,05:00,0.0, ,195180, ,23.73, ,56.60, ,100.0, 
2003/7/4,06:00,0.0, ,195180, ,56.49, ,56.20, ,100.0, 
2003/7/4,07:00,0.0, ,195120, ,35.46, ,56.40, ,100.0, 
2003/7/4,08:00,0.0, ,195120, ,56.45, ,56.70, ,100.0, 
2003/7/4,09:00,0.0, ,195060, ,44.46, ,56.50, ,100.0, 
2003/7/4,10:00,0.0, ,195000, ,32.01, ,56.40, ,100.0, 
2003/7/4,11:00,0.0, ,194940, ,27.75, ,56.50, ,100.0, 
2003/7/4,12:00,0.0, ,194880, ,35.85, ,56.40, ,100.0, 
2003/7/4,13:00,0.0, ,194820, ,27.30, ,56.50, ,100.0, 
2003/7/4,14:00,0.0, ,194760, ,44.58, ,56.40, ,100.0, 
2003/7/4,15:00,0.0, ,194700, ,55.08, ,56.70, ,100.0, 
2003/7/4,16:00,0.0, ,194700, ,56.42, ,56.30, ,100.0, 
2003/7/4,17:00,0.0, ,194640, ,42.11, ,56.30, ,100.0, 
2003/7/4,18:00,0.0, ,194640, ,56.43, ,56.50, ,100.0, 
2003/7/4,19:00,0.0, ,194580, ,50.95, ,56.30, ,100.0, 
2003/7/4,20:00,0.0, ,194520, ,43.39, ,56.30, ,100.0, 
2003/7/4,21:00,0.0, ,194520, ,56.38, ,56.40, ,100.0, 
2003/7/4,22:00,0.3, ,194400, ,40.02, ,56.50, ,100.0, 
2003/7/4,23:00,4.3, ,194340, ,46.28, ,56.60, ,100.0, 
2003/7/4,24:00,0.1, ,194280, ,36.43, ,56.60, ,100.0, 
2003/7/5,01:00,0.1, ,194220, ,47.97, ,56.40, ,100.0, 
2003/7/5,02:00,0.0, ,194220, ,56.60, ,56.90, ,100.0, 
2003/7/5,03:00,0.0, ,194100, ,37.10, ,56.50, ,100.0, 
2003/7/5,04:00,0.0, ,194040, ,50.13, ,56.60, ,100.0, 
2003/7/5,05:00,0.0, ,193980, ,33.84, ,56.80, ,100.0, 
2003/7/5,06:00,0.0, ,193920, ,42.42, ,56.50, ,100.0, 
2003/7/5,07:00,0.0, ,193860, ,26.01, ,56.90, ,100.0, 
2003/7/5,08:00,0.0, ,193800, ,29.83, ,56.70, ,100.0, 
2003/7/5,09:00,0.0, ,193690, ,32.68, ,56.90, ,100.0, 
2003/7/5,10:00,0.0, ,193690, ,56.50, ,56.70, ,100.0, 
2003/7/5,11:00,0.0, ,193570, ,38.47, ,56.20, ,100.0, 
2003/7/5,12:00,0.0, ,193510, ,25.94, ,56.60, ,100.0, 
2003/7/5,13:00,0.0, ,193450, ,24.29, ,56.80, ,100.0, 
2003/7/5,14:00,0.0, ,193330, ,33.80, ,56.60, ,100.0, 
2003/7/5,15:00,0.0, ,193270, ,25.24, ,56.60, ,100.0, 
2003/7/5,16:00,0.0, ,193210, ,38.16, ,56.80, ,100.0, 
2003/7/5,17:00,0.0, ,193090, ,42.73, ,56.70, ,100.0, 
2003/7/5,18:00,0.0, ,193030, ,28.21, ,56.60, ,100.0, 
2003/7/5,19:00,0.3, ,192910, ,33.03, ,56.50, ,100.0, 
2003/7/5,20:00,0.0, ,192850, ,30.21, ,56.60, ,100.0, 
2003/7/5,21:00,0.0, ,192790, ,31.60, ,56.50, ,100.0, 
2003/7/5,22:00,0.0, ,192670, ,32.10, ,57.10, ,100.0, 
2003/7/5,23:00,0.0, ,192550, ,32.42, ,56.70, ,100.0, 
2003/7/5,24:00,0.0, ,192500, ,27.16, ,57.00, ,100.0, 
2003/7/6,01:00,0.0, ,192380, ,22.58, ,57.00, ,100.0, 
2003/7/6,02:00,0.0, ,192320, ,35.28, ,56.70, ,100.0, 
2003/7/6,03:00,0.0, ,192200, ,36.37, ,56.80, ,100.0, 
2003/7/6,04:00,0.0, ,192140, ,24.65, ,56.70, ,100.0, 
2003/7/6,05:00,0.0, ,192020, ,34.42, ,56.70, ,100.0, 
2003/7/6,06:00,0.0, ,191960, ,32.37, ,56.70, ,100.0, 
2003/7/6,07:00,0.0, ,191840, ,34.72, ,56.60, ,100.0, 
2003/7/6,08:00,0.0, ,191720, ,35.04, ,56.70, ,100.0, 
2003/7/6,10:00,0.0, ,191550, ,30.79, ,57.00, ,100.0, 
2003/7/6,11:00,0.0, ,191490, ,28.29, ,57.20, ,100.0, 
2003/7/6,12:00,0.0, ,191370, ,33.41, ,57.30, ,100.0, 
2003/7/6,13:00,0.6, ,191250, ,30.27, ,57.10, ,100.0, 
2003/7/6,14:00,0.3, ,191190, ,27.27, ,57.00, ,100.0, 
2003/7/6,15:00,0.0, ,191070, ,16.93, ,57.30, ,100.0, 
2003/7/6,16:00,0.0, ,190950, ,31.16, ,57.00, ,100.0, 
2003/7/6,17:00,0.0, ,190840, ,33.62, ,57.20, ,100.0, 
2003/7/6,18:00,0.0, ,190780, ,27.28, ,57.10, ,100.0, 
2003/7/6,19:00,0.0, ,190660, ,31.22, ,57.00, ,100.0, 
2003/7/6,20:00,0.0, ,190540, ,32.32, ,57.10, ,100.0, 
2003/7/6,21:00,0.0, ,190480, ,25.32, ,56.90, ,100.0, 
2003/7/6,22:00,0.0, ,190310, ,28.17, ,57.10, ,100.0, 
2003/7/6,23:00,0.0, ,190250, ,24.71, ,57.00, ,100.0, 
2003/7/6,24:00,0.0, ,190130, ,26.20, ,57.10, ,100.0, 
2003/7/7,01:00,0.0, ,190010, ,30.95, ,57.40, ,100.0, 
2003/7/7,02:00,0.0, ,189950, ,26.30, ,57.20, ,100.0, 
2003/7/7,03:00,0.0, ,189770, ,24.79, ,56.90, ,100.0, 
2003/7/7,04:00,0.0, ,189720, ,27.76, ,56.60, ,100.0, 
2003/7/7,05:00,0.0, ,189600, ,32.45, ,57.00, ,100.0, 
2003/7/7,06:00,0.0, ,189480, ,32.23, ,57.10, ,100.0, 
2003/7/7,07:00,0.0, ,189420, ,29.81, ,57.10, ,100.0, 
2003/7/7,08:00,0.0, ,189250, ,24.32, ,57.30, ,100.0, 
2003/7/7,09:00,0.0, ,189190, ,29.35, ,57.30, ,100.0, 
2003/7/7,10:00,0.0, ,189070, ,27.83, ,57.10, ,100.0, 
2003/7/7,11:00,0.0, ,188950, ,24.23, ,56.90, ,100.0, 
2003/7/7,12:00,0.0, ,188830, ,24.07, ,57.30, ,100.0, 
2003/7/7,13:00,0.0, ,188720, ,30.18, ,57.40, ,100.0, 
2003/7/7,14:00,0.0, ,188600, ,24.80, ,57.40, ,100.0, 
2003/7/7,15:00,0.0, ,188480, ,24.75, ,57.20, ,100.0, 
2003/7/7,16:00,0.0, ,188360, ,28.52, ,57.50, ,100.0, 
2003/7/7,17:00,0.0, ,188250, ,19.83, ,57.40, ,100.0, 
2003/7/7,18:00,0.0, ,188130, ,27.00, ,57.30, ,100.0, 
2003/7/7,19:00,0.0, ,188010, ,20.72, ,57.60, ,100.0, 
2003/7/7,20:00,0.0, ,187890, ,25.78, ,57.40, ,100.0, 
2003/7/7,21:00,0.0, ,187780, ,24.21, ,57.20, ,100.0, 
2003/7/7,22:00,0.0, ,187660, ,23.23, ,57.50, ,100.0, 
2003/7/7,23:00,0.0, ,187480, ,20.13, ,57.20, ,100.0, 
2003/7/7,24:00,0.0, ,187370, ,22.82, ,57.20, ,100.0, 
2003/7/8,01:00,0.0, ,187250, ,21.58, ,57.50, ,100.0, 
2003/7/8,02:00,2.1, ,187130, ,18.87, ,57.80, ,100.0, 
2003/7/8,03:00,0.3, ,186960, ,22.85, ,57.60, ,100.0, 
2003/7/8,04:00,0.0, ,186840, ,23.63, ,57.40, ,100.0, 
2003/7/8,05:00,0.0, ,186720, ,17.11, ,57.60, ,100.0, 
2003/7/8,06:00,0.0, ,186600, ,27.00, ,57.40, ,99.9, 
2003/7/8,07:00,0.2, ,186490, ,19.51, ,57.60, ,99.8, 
2003/7/8,08:00,0.2, ,186370, ,27.08, ,57.90, ,99.7, 
2003/7/8,09:00,0.1, ,186250, ,20.02, ,57.80, ,99.7, 
2003/7/8,10:00,0.0, ,186080, ,22.42, ,57.30, ,99.6, 
2003/7/8,11:00,0.0, ,185960, ,19.62, ,57.70, ,99.5, 
2003/7/8,12:00,0.0, ,185850, ,18.64, ,57.70, ,99.4, 
2003/7/8,13:00,0.0, ,185670, ,21.05, ,57.50, ,99.3, 
2003/7/8,14:00,0.0, ,185550, ,20.75, ,57.70, ,99.2, 
2003/7/8,15:00,0.0, ,185380, ,19.80, ,57.70, ,99.1, 
2003/7/8,16:00,0.0, ,185260, ,17.66, ,57.80, ,99.0, 
2003/7/8,17:00,0.0, ,185150, ,20.19, ,57.60, ,99.0, 
2003/7/8,18:00,0.0, ,184970, ,20.16, ,57.90, ,98.9, 
2003/7/8,19:00,0.0, ,184850, ,16.38, ,57.50, ,98.8, 
2003/7/8,20:00,0.0, ,184740, ,19.80, ,58.00, ,98.7, 
2003/7/8,21:00,0.0, ,184560, ,18.92, ,57.50, ,98.6, 
2003/7/8,22:00,0.0, ,184450, ,17.37, ,57.70, ,98.5, 
2003/7/8,23:00,0.0, ,184270, ,17.20, ,57.90, ,98.4, 
2003/7/8,24:00,0.0, ,184160, ,19.27, ,57.90, ,99.9, 
2003/7/9,01:00,0.0, ,183980, ,17.87, ,57.60, ,99.8, 
2003/7/9,02:00,0.0, ,183870, ,16.56, ,57.90, ,99.7, 
2003/7/9,03:00,0.0, ,183690, ,17.19, ,57.90, ,99.6, 
2003/7/9,04:00,0.0, ,183580, ,17.39, ,57.80, ,99.6, 
2003/7/9,05:00,0.0, ,183400, ,16.51, ,57.80, ,99.4, 
2003/7/9,06:00,0.0, ,183290, ,18.64, ,58.10, ,99.4, 
2003/7/9,07:00,0.0, ,183110, ,17.71, ,57.70, ,99.3, 
2003/7/9,08:00,0.0, ,183000, ,15.66, ,58.00, ,99.2, 
2003/7/9,09:00,0.0, ,182820, ,16.74, ,57.90, ,99.1, 
2003/7/9,10:00,0.0, ,182650, ,19.38, ,58.00, ,99.0, 
2003/7/9,11:00,0.0, ,182530, ,14.75, ,58.00, ,98.9, 
2003/7/9,12:00,0.0, ,182360, ,17.90, ,58.00, ,98.8, 
2003/7/9,13:00,0.0, ,182250, ,15.83, ,58.00, ,98.7, 
2003/7/9,14:00,0.0, ,182070, ,16.27, ,58.20, ,98.6, 
2003/7/9,15:00,0.0, ,181900, ,15.61, ,58.40, ,98.5, 
2003/7/9,16:00,0.0, ,181780, ,14.81, ,58.40, ,98.4, 
2003/7/9,17:00,0.0, ,181610, ,17.33, ,57.90, ,98.3, 
2003/7/9,18:00,0.0, ,181440, ,13.48, ,58.10, ,98.2, 
2003/7/9,19:00,0.0, ,181320, ,15.06, ,58.20, ,98.2, 
2003/7/9,20:00,0.0, ,181150, ,14.86, ,58.60, ,98.1, 
2003/7/9,21:00,0.0, ,180980, ,13.58, ,58.40, ,97.9, 
2003/7/9,22:00,0.0, ,180810, ,13.38, ,58.50, ,97.8, 
2003/7/9,23:00,0.0, ,180640, ,10.03, ,58.40, ,97.7, 
2003/7/9,24:00,0.0, ,180460, ,10.11, ,58.30, ,99.6, 
2003/7/10,01:00,0.0, ,180290, ,10.48, ,58.10, ,99.5, 
2003/7/10,02:00,0.0, ,180120, ,9.91, ,58.40, ,99.4, 
2003/7/10,03:00,0.0, ,179950, ,10.00, ,58.50, ,99.3, 
2003/7/10,04:00,0.0, ,179780, ,9.90, ,58.40, ,99.1, 
2003/7/10,05:00,0.0, ,179600, ,11.00, ,58.70, ,99.0, 
2003/7/10,06:00,0.0, ,179430, ,10.87, ,58.40, ,98.9, 
2003/7/10,07:00,0.0, ,179260, ,9.71, ,58.40, ,98.8, 
2003/7/10,08:00,0.0, ,179090, ,9.21, ,58.60, ,98.7, 
2003/7/10,09:00,0.0, ,178920, ,11.39, ,58.60, ,98.6, 
2003/7/10,10:00,0.0, ,178750, ,12.12, ,58.50, ,98.5, 
2003/7/10,11:00,0.0, ,178580, ,15.21, ,58.50, ,98.4, 
2003/7/10,12:00,0.0, ,178460, ,17.21, ,58.40, ,98.3, 
2003/7/10,13:00,0.1, ,178290, ,18.15, ,58.60, ,98.2, 
2003/7/10,14:00,0.0, ,178180, ,20.95, ,58.80, ,98.2, 
2003/7/10,15:00,0.0, ,178010, ,13.36, ,58.60, ,98.1, 
2003/7/10,16:00,0.0, ,177840, ,19.33, ,59.00, ,98.0, 
2003/7/10,17:00,0.0, ,177720, ,16.53, ,58.80, ,97.9, 
2003/7/10,18:00,0.0, ,177550, ,18.60, ,58.90, ,97.8, 
2003/7/10,19:00,0.0, ,177380, ,16.63, ,58.80, ,97.7, 
2003/7/10,20:00,0.0, ,177270, ,16.69, ,58.90, ,97.6, 
2003/7/10,21:00,0.0, ,177100, ,16.56, ,58.90, ,97.5, 
2003/7/10,22:00,0.0, ,176930, ,19.06, ,59.00, ,97.4, 
2003/7/10,23:00,0.0, ,176760, ,13.68, ,58.70, ,97.3, 
2003/7/10,24:00,0.0, ,176650, ,13.04, ,36.50, ,99.1, 
2003/7/11,01:00,0.0, ,176590, ,8.49, ,18.50, ,99.0, 
2003/7/11,02:00,0.0, ,176590, ,15.39, ,18.40, ,99.0, 
2003/7/11,03:00,0.0, ,176530, ,5.70, ,4.20, ,99.0, 
2003/7/11,04:00,0.0, ,176530, ,5.49, ,0.00, ,99.0, 
2003/7/11,05:00,0.0, ,176530, ,0.00, ,0.00, ,99.0, 
2003/7/11,06:00,0.0, ,176590, ,6.13, ,18.40, ,99.0, 
2003/7/11,07:00,0.0, ,176590, ,19.57, ,18.30, ,99.0, 
2003/7/11,08:00,0.0, ,176590, ,18.42, ,28.60, ,99.0, 
2003/7/11,09:00,0.0, ,176530, ,9.62, ,48.10, ,99.0, 
2003/7/11,10:00,0.0, ,176360, ,12.94, ,57.40, ,98.9, 
2003/7/11,11:00,0.0, ,176250, ,20.87, ,54.90, ,98.8, 
2003/7/11,12:00,0.0, ,176080, ,14.46, ,35.00, ,98.7, 
2003/7/11,13:00,0.0, ,176020, ,18.64, ,51.50, ,98.7, 
2003/7/11,14:00,0.0, ,175910, ,13.96, ,54.90, ,98.6, 
2003/7/11,15:00,0.0, ,175740, ,14.72, ,57.80, ,98.5, 
2003/7/11,16:00,0.0, ,175630, ,17.87, ,54.70, ,98.5, 
2003/7/11,17:00,0.0, ,175460, ,16.73, ,57.80, ,98.4, 
2003/7/11,18:00,0.0, ,175350, ,16.91, ,29.00, ,98.3, 
2003/7/11,19:00,1.8, ,175290, ,18.33, ,31.10, ,98.3, 
2003/7/11,20:00,1.7, ,175230, ,20.98, ,18.60, ,98.2, 
2003/7/11,21:00,1.6, ,175230, ,14.22, ,20.80, ,98.2, 
2003/7/11,22:00,0.0, ,175230, ,19.82, ,18.40, ,98.2, 
2003/7/11,23:00,0.9, ,175230, ,18.47, ,18.50, ,98.2, 
2003/7/11,24:00,0.2, ,175180, ,14.66, ,4.40, ,98.2, 
2003/7/12,01:00,0.4, ,175180, ,0.52, ,0.00, ,98.2, 
2003/7/12,02:00,0.6, ,175230, ,10.31, ,0.00, ,98.2, 
2003/7/12,03:00,0.7, ,175230, ,5.35, ,0.00, ,98.2, 
2003/7/12,04:00,1.4, ,175290, ,13.47, ,0.00, ,98.2, 
2003/7/12,05:00,5.9, ,175350, ,10.86, ,0.00, ,98.3, 
2003/7/12,06:00,2.6, ,175400, ,20.00, ,0.00, ,98.3, 
2003/7/12,07:00,0.0, ,175460, ,12.01, ,18.10, ,98.3, 
2003/7/12,08:00,0.0, ,175460, ,16.40, ,27.20, ,98.3, 
2003/7/12,09:00,1.6, ,175400, ,20.50, ,48.40, ,98.3, 
2003/7/12,10:00,0.4, ,175290, ,16.37, ,54.90, ,98.2, 
2003/7/12,11:00,0.0, ,175180, ,18.02, ,55.10, ,98.2, 
2003/7/12,12:00,0.0, ,175010, ,18.95, ,36.40, ,98.1, 
2003/7/12,13:00,0.0, ,174950, ,21.27, ,48.40, ,98.0, 
2003/7/12,14:00,0.0, ,174840, ,19.09, ,55.10, ,98.0, 
2003/7/12,15:00,0.0, ,174730, ,21.02, ,57.90, ,97.9, 
2003/7/12,16:00,0.0, ,174560, ,13.41, ,57.90, ,97.8, 
2003/7/12,17:00,0.0, ,174440, ,20.94, ,55.20, ,97.7, 
2003/7/12,18:00,0.0, ,174330, ,15.52, ,41.50, ,97.7, 
2003/7/12,19:00,0.1, ,174220, ,15.49, ,40.00, ,97.6, 
2003/7/12,20:00,0.0, ,174110, ,18.38, ,29.20, ,97.5, 
2003/7/12,21:00,0.0, ,174050, ,14.96, ,31.70, ,97.5, 
2003/7/12,22:00,0.0, ,174050, ,17.45, ,20.40, ,97.5, 
2003/7/12,23:00,0.0, ,173990, ,9.14, ,4.20, ,97.5, 
2003/7/12,24:00,0.0, ,173990, ,7.03, ,0.00, ,96.4, 
2003/7/13,01:00,0.0, ,174050, ,10.46, ,0.00, ,96.5, 
2003/7/13,02:00,0.0, ,174050, ,5.15, ,0.00, ,96.5, 
2003/7/13,03:00,0.0, ,174110, ,12.20, ,0.00, ,96.5, 
2003/7/13,04:00,0.0, ,174110, ,3.41, ,0.00, ,96.5, 
2003/7/13,05:00,0.0, ,174160, ,13.41, ,0.00, ,96.5, 
2003/7/13,06:00,0.0, ,174160, ,2.21, ,0.00, ,96.5, 
2003/7/13,07:00,0.0, ,174220, ,14.29, ,0.00, ,96.6, 
2003/7/13,08:00,0.0, ,174220, ,1.34, ,21.50, ,96.6, 
2003/7/13,09:00,0.0, ,174220, ,15.23, ,49.00, ,96.6, 
2003/7/13,10:00,0.0, ,174110, ,25.14, ,55.40, ,96.5, 
2003/7/13,11:00,0.0, ,173940, ,21.35, ,55.40, ,96.4, 
2003/7/13,12:00,0.0, ,173830, ,15.42, ,36.50, ,96.3, 
2003/7/13,13:00,0.2, ,173770, ,12.87, ,55.30, ,96.3, 
2003/7/13,14:00,0.7, ,173660, ,20.68, ,55.10, ,96.2, 
2003/7/13,15:00,1.4, ,173490, ,16.27, ,55.10, ,96.1, 
2003/7/13,16:00,6.4, ,173380, ,20.00, ,58.00, ,96.1, 
2003/7/13,17:00,6.1, ,173260, ,25.73, ,55.10, ,96.0, 
2003/7/13,18:00,3.8, ,173150, ,28.46, ,58.10, ,95.9, 
2003/7/13,19:00,8.4, ,173100, ,26.10, ,55.40, ,95.9, 
2003/7/13,20:00,8.4, ,173040, ,41.14, ,37.50, ,95.9, 
2003/7/13,21:00,7.4, ,173100, ,40.41, ,35.20, ,95.9, 
2003/7/13,22:00,7.8, ,173210, ,63.01, ,24.40, ,96.0, 
2003/7/13,23:00,6.2, ,173430, ,76.04, ,27.70, ,96.1, 
2003/7/13,24:00,2.0, ,173600, ,80.39, ,49.90, ,95.2, 
2003/7/14,01:00,1.2, ,173660, ,82.56, ,59.50, ,95.3, 
2003/7/14,02:00,0.4, ,173770, ,81.55, ,57.80, ,95.3, 
2003/7/14,03:00,0.1, ,173830, ,76.91, ,10.60, ,95.4, 
2003/7/14,04:00,0.0, ,174050, ,72.61, ,0.00, ,95.5, 
2003/7/14,05:00,0.3, ,174270, ,60.42, ,0.00, ,95.6, 
2003/7/14,06:00,0.0, ,174440, ,55.02, ,0.00, ,95.7, 
2003/7/14,07:00,0.3, ,174670, ,51.58, ,0.00, ,95.9, 
2003/7/14,08:00,0.0, ,174840, ,46.02, ,0.00, ,96.0, 
2003/7/14,09:00,0.0, ,174950, ,48.14, ,19.60, ,96.0, 
2003/7/14,10:00,0.0, ,175060, ,37.87, ,38.20, ,96.1, 
2003/7/14,11:00,0.0, ,175060, ,52.57, ,46.60, ,96.1, 
2003/7/14,12:00,0.0, ,175060, ,46.63, ,18.70, ,96.1, 
2003/7/14,13:00,0.0, ,175060, ,32.48, ,20.70, ,96.1, 
2003/7/14,14:00,0.0, ,175120, ,28.30, ,18.40, ,96.1, 
2003/7/14,15:00,0.0, ,175180, ,39.00, ,18.50, ,96.2, 
2003/7/14,16:00,0.0, ,175230, ,33.01, ,18.50, ,96.2, 
2003/7/14,17:00,0.0, ,175290, ,34.94, ,18.40, ,96.2, 
2003/7/14,18:00,0.0, ,175350, ,34.36, ,20.70, ,96.3, 
2003/7/14,19:00,0.0, ,175400, ,31.38, ,18.40, ,96.3, 
2003/7/14,20:00,0.0, ,175460, ,36.40, ,4.40, ,96.3, 
2003/7/14,21:00,0.0, ,175570, ,27.82, ,0.00, ,96.4, 
2003/7/14,22:00,0.0, ,175680, ,31.88, ,0.00, ,96.5, 
2003/7/14,23:00,0.0, ,175740, ,25.87, ,0.00, ,96.5, 
2003/7/14,24:00,0.0, ,175850, ,27.74, ,0.00, ,96.2, 
2003/7/15,01:00,0.0, ,175970, ,27.64, ,0.00, ,96.2, 
2003/7/15,02:00,0.0, ,176080, ,30.79, ,0.00, ,96.3, 
2003/7/15,03:00,0.0, ,176140, ,23.84, ,0.00, ,96.3, 
2003/7/15,04:00,0.0, ,176250, ,28.71, ,0.00, ,96.4, 
2003/7/15,05:00,0.0, ,176360, ,24.77, ,0.00, ,96.5, 
2003/7/15,06:00,0.0, ,176420, ,24.90, ,0.00, ,96.5, 
2003/7/15,07:00,0.0, ,176530, ,26.88, ,0.00, ,96.6, 
2003/7/15,08:00,0.0, ,176650, ,24.47, ,0.00, ,96.6, 
2003/7/15,09:00,0.0, ,176700, ,25.68, ,0.00, ,96.7, 
2003/7/15,10:00,0.0, ,176820, ,23.80, ,0.00, ,96.7, 
2003/7/15,11:00,0.0, ,176870, ,23.97, ,0.00, ,96.8, 
2003/7/15,12:00,0.0, ,176990, ,23.95, ,0.00, ,96.8, 
2003/7/15,13:00,0.0, ,177040, ,23.56, ,0.00, ,96.9, 
2003/7/15,14:00,0.0, ,177160, ,24.59, ,0.00, ,96.9, 
2003/7/15,15:00,0.0, ,177210, ,23.26, ,0.00, ,97.0, 
2003/7/15,16:00,0.0, ,177270, ,20.74, ,0.00, ,97.0, 
2003/7/15,17:00,0.0, ,177380, ,15.92, ,0.00, ,97.1, 
2003/7/15,18:00,0.0, ,177440, ,24.14, ,0.00, ,97.1, 
2003/7/15,19:00,0.0, ,177500, ,20.29, ,19.50, ,97.1, 
2003/7/15,20:00,0.0, ,177500, ,16.43, ,21.60, ,97.1, 
2003/7/15,21:00,0.0, ,177500, ,22.57, ,4.30, ,97.1, 
2003/7/15,22:00,0.0, ,177500, ,11.01, ,0.00, ,97.1, 
2003/7/15,23:00,0.0, ,177550, ,3.30, ,0.00, ,97.2, 
2003/7/15,24:00,0.0, ,177550, ,12.42, ,0.00, ,97.1, 
2003/7/16,01:00,0.0, ,177610, ,15.56, ,0.00, ,97.1, 
2003/7/16,02:00,0.0, ,177670, ,12.34, ,0.00, ,97.2, 
2003/7/16,03:00,0.0, ,177720, ,16.62, ,0.00, ,97.2, 
2003/7/16,04:00,0.0, ,177780, ,11.82, ,0.00, ,97.2, 
2003/7/16,05:00,0.0, ,177840, ,12.72, ,0.00, ,97.2, 
2003/7/16,06:00,0.0, ,177890, ,12.41, ,0.00, ,97.3, 
2003/7/16,07:00,0.0, ,177950, ,22.23, ,0.00, ,97.3, 
2003/7/16,08:00,0.0, ,177950, ,6.44, ,15.10, ,97.3, 
2003/7/16,09:00,0.0, ,177950, ,9.76, ,26.70, ,97.3, 
2003/7/16,10:00,0.0, ,177950, ,23.83, ,44.70, ,97.3, 
2003/7/16,11:00,0.0, ,177890, ,33.62, ,47.70, ,97.3, 
2003/7/16,12:00,0.0, ,177780, ,21.97, ,28.90, ,97.2, 
2003/7/16,13:00,0.0, ,177780, ,21.37, ,47.70, ,97.2, 
2003/7/16,14:00,0.0, ,177670, ,19.77, ,47.80, ,97.2, 
2003/7/16,15:00,0.0, ,177550, ,22.43, ,50.40, ,97.1, 
2003/7/16,16:00,0.0, ,177500, ,22.09, ,30.10, ,97.1, 
2003/7/16,17:00,0.0, ,177440, ,17.51, ,28.80, ,97.0, 
2003/7/16,18:00,0.0, ,177380, ,19.27, ,28.60, ,97.0, 
2003/7/16,19:00,0.0, ,177380, ,18.87, ,26.50, ,97.0, 
2003/7/16,20:00,0.0, ,177380, ,26.42, ,26.50, ,97.0, 
2003/7/16,21:00,0.0, ,177330, ,20.39, ,26.20, ,97.0, 
2003/7/16,22:00,0.0, ,177330, ,16.66, ,26.40, ,97.0, 
2003/7/16,23:00,0.0, ,177270, ,20.99, ,28.90, ,96.9, 
2003/7/16,24:00,0.0, ,177210, ,16.72, ,4.20, ,96.9, 
2003/7/17,01:00,0.0, ,177210, ,1.91, ,0.00, ,96.9, 
2003/7/17,02:00,0.0, ,177270, ,7.72, ,0.00, ,96.9, 
2003/7/17,03:00,0.0, ,177270, ,8.03, ,0.00, ,96.9, 
2003/7/17,04:00,0.0, ,177330, ,12.92, ,0.00, ,97.0, 
2003/7/17,05:00,0.0, ,177380, ,9.53, ,0.00, ,97.0, 
2003/7/17,06:00,0.0, ,177440, ,11.35, ,0.00, ,97.0, 
2003/7/17,07:00,0.0, ,177440, ,13.51, ,28.70, ,97.0, 
2003/7/17,08:00,0.0, ,177440, ,15.66, ,57.20, ,97.0, 
2003/7/17,09:00,0.0, ,177330, ,27.24, ,57.70, ,97.0, 
2003/7/17,10:00,0.0, ,177160, ,18.22, ,57.30, ,96.9, 
2003/7/17,11:00,0.0, ,177040, ,19.23, ,57.80, ,96.8, 
2003/7/17,12:00,0.0, ,176870, ,18.40, ,20.60, ,96.7, 
2003/7/17,13:00,0.0, ,176870, ,14.29, ,57.50, ,96.7, 
2003/7/17,14:00,0.0, ,176760, ,19.98, ,57.70, ,96.6, 
2003/7/17,15:00,0.0, ,176590, ,19.24, ,57.20, ,96.5, 
2003/7/17,16:00,0.0, ,176480, ,20.73, ,57.50, ,96.5, 
2003/7/17,17:00,0.0, ,176310, ,17.16, ,36.40, ,96.4, 
2003/7/17,18:00,0.0, ,176310, ,21.94, ,22.10, ,96.4, 
2003/7/17,19:00,0.0, ,176250, ,11.15, ,20.60, ,96.3, 
2003/7/17,20:00,0.0, ,176250, ,19.58, ,20.80, ,96.3, 
2003/7/17,21:00,0.0, ,176250, ,20.68, ,20.60, ,96.3, 
2003/7/17,22:00,0.0, ,176250, ,19.87, ,18.40, ,96.3, 
2003/7/17,23:00,0.0, ,176250, ,18.47, ,18.20, ,96.3, 
2003/7/17,24:00,0.0, ,176250, ,18.17, ,4.10, ,96.3, 
2003/7/18,01:00,0.0, ,176250, ,8.81, ,0.00, ,96.3, 
2003/7/18,02:00,0.0, ,176250, ,0.00, ,0.00, ,96.3, 
2003/7/18,03:00,0.2, ,176310, ,4.79, ,0.00, ,96.4, 
2003/7/18,04:00,0.9, ,176310, ,10.92, ,0.00, ,96.4, 
2003/7/18,05:00,1.3, ,176360, ,15.53, ,0.00, ,96.4, 
2003/7/18,06:00,2.5, ,176420, ,10.71, ,0.00, ,96.4, 
2003/7/18,07:00,2.1, ,176480, ,20.43, ,28.70, ,96.5, 
2003/7/18,08:00,0.9, ,176480, ,15.80, ,57.70, ,96.5, 
2003/7/18,09:00,0.6, ,176310, ,25.98, ,57.60, ,96.4, 
2003/7/18,10:00,1.6, ,176190, ,19.53, ,57.50, ,96.3, 
2003/7/18,11:00,0.5, ,176080, ,22.55, ,57.50, ,96.2, 
2003/7/18,12:00,7.0, ,176020, ,32.50, ,21.00, ,96.2, 
2003/7/18,13:00,1.5, ,176020, ,28.87, ,39.30, ,96.2, 
2003/7/18,14:00,5.7, ,175970, ,34.44, ,57.70, ,96.2, 
2003/7/18,15:00,1.6, ,175910, ,38.70, ,57.60, ,96.1, 
2003/7/18,16:00,1.9, ,175850, ,45.94, ,43.10, ,96.1, 
2003/7/18,17:00,0.9, ,175850, ,37.67, ,26.90, ,96.1, 
2003/7/18,18:00,1.5, ,175970, ,44.61, ,4.30, ,96.2, 
2003/7/18,19:00,0.1, ,176080, ,43.68, ,0.00, ,96.3, 
2003/7/18,20:00,1.3, ,176310, ,47.68, ,0.00, ,96.5, 
2003/7/18,21:00,1.2, ,176420, ,46.92, ,0.00, ,96.5, 
2003/7/18,22:00,3.3, ,176650, ,46.60, ,0.00, ,96.7, 
2003/7/18,23:00,2.5, ,176760, ,43.61, ,0.00, ,96.7, 
2003/7/18,24:00,1.4, ,176990, ,54.67, ,0.00, ,96.8, 
2003/7/19,01:00,0.9, ,177160, ,48.61, ,0.00, ,96.9, 
2003/7/19,02:00,0.3, ,177330, ,44.75, ,0.00, ,97.0, 
2003/7/19,03:00,0.1, ,177500, ,54.01, ,0.00, ,97.1, 
2003/7/19,04:00,0.0, ,177670, ,49.30, ,0.00, ,97.2, 
2003/7/19,05:00,0.0, ,177840, ,43.75, ,0.00, ,97.3, 
2003/7/19,06:00,0.0, ,178010, ,45.94, ,0.00, ,97.4, 
2003/7/19,07:00,0.0, ,178180, ,45.92, ,0.00, ,97.5, 
2003/7/19,08:00,0.2, ,178290, ,39.66, ,23.10, ,97.6, 
2003/7/19,09:00,0.0, ,178350, ,43.72, ,38.40, ,97.6, 
2003/7/19,10:00,0.0, ,178410, ,43.56, ,40.90, ,97.7, 
2003/7/19,11:00,1.0, ,178410, ,46.31, ,41.00, ,97.7, 
2003/7/19,12:00,4.1, ,178410, ,41.10, ,41.00, ,97.7, 
2003/7/19,13:00,0.3, ,178410, ,41.07, ,41.20, ,97.7, 
2003/7/19,14:00,0.0, ,178410, ,41.09, ,41.40, ,97.7, 
2003/7/19,15:00,0.0, ,178350, ,36.35, ,43.50, ,97.6, 
2003/7/19,16:00,0.0, ,178350, ,32.64, ,5.70, ,97.6, 
2003/7/19,17:00,0.0, ,178460, ,30.33, ,0.00, ,97.7, 
2003/7/19,18:00,0.0, ,178580, ,33.10, ,0.00, ,97.8, 
2003/7/19,19:00,0.0, ,178690, ,36.42, ,0.00, ,97.8, 
2003/7/19,20:00,0.0, ,178860, ,34.26, ,0.00, ,97.9, 
2003/7/19,21:00,0.0, ,178980, ,39.55, ,0.00, ,98.0, 
2003/7/19,22:00,0.0, ,179090, ,37.23, ,0.00, ,98.1, 
2003/7/19,23:00,0.0, ,179200, ,34.40, ,0.00, ,98.1, 
2003/7/19,24:00,0.0, ,179320, ,33.73, ,0.00, ,98.6, 
2003/7/20,01:00,0.0, ,179490, ,35.26, ,0.00, ,98.7, 
2003/7/20,02:00,0.0, ,179600, ,31.47, ,0.00, ,98.7, 
2003/7/20,03:00,0.0, ,179720, ,33.94, ,0.00, ,98.8, 
2003/7/20,04:00,0.0, ,179830, ,30.23, ,0.00, ,98.9, 
2003/7/20,05:00,0.0, ,179950, ,31.97, ,0.00, ,98.9, 
2003/7/20,06:00,0.0, ,180060, ,31.35, ,26.10, ,99.0, 
2003/7/20,07:00,0.0, ,180060, ,34.75, ,39.80, ,99.0, 
2003/7/20,08:00,0.0, ,180060, ,33.14, ,42.30, ,99.0, 
2003/7/20,09:00,0.0, ,180060, ,42.21, ,42.10, ,99.0, 
2003/7/20,10:00,0.0, ,180000, ,27.95, ,42.40, ,99.0, 
2003/7/20,11:00,0.0, ,179950, ,31.43, ,42.30, ,98.9, 
2003/7/20,12:00,0.0, ,179890, ,31.17, ,42.10, ,98.9, 
2003/7/20,13:00,0.3, ,179830, ,25.81, ,44.70, ,98.9, 
2003/7/20,14:00,2.2, ,179780, ,24.99, ,42.30, ,98.8, 
2003/7/20,15:00,0.0, ,179720, ,23.95, ,42.30, ,98.8, 
2003/7/20,16:00,0.0, ,179660, ,27.61, ,0.00, ,98.8, 
2003/7/20,17:00,0.0, ,179660, ,13.48, ,0.00, ,98.8, 
2003/7/20,18:00,0.0, ,179780, ,16.46, ,0.00, ,98.8, 
2003/7/20,19:00,0.0, ,179890, ,26.56, ,0.00, ,98.9, 
2003/7/20,20:00,0.0, ,179950, ,26.65, ,0.00, ,98.9, 
2003/7/20,21:00,0.0, ,180000, ,20.43, ,0.00, ,99.0, 
2003/7/20,22:00,0.0, ,180120, ,23.36, ,0.00, ,99.0, 
2003/7/20,23:00,0.0, ,180180, ,20.52, ,0.00, ,99.1, 
2003/7/20,24:00,0.0, ,180230, ,19.81, ,0.00, ,99.1, 
2003/7/21,01:00,0.5, ,180290, ,15.12, ,0.00, ,99.1, 
2003/7/21,02:00,0.1, ,180410, ,23.60, ,0.00, ,99.2, 
2003/7/21,03:00,3.3, ,180460, ,17.42, ,0.00, ,99.2, 
2003/7/21,04:00,4.2, ,180580, ,29.06, ,0.00, ,99.3, 
2003/7/21,05:00,2.6, ,180640, ,23.91, ,0.00, ,99.3, 
2003/7/21,06:00,1.4, ,180750, ,19.03, ,0.00, ,99.4, 
2003/7/21,07:00,5.3, ,180860, ,32.25, ,0.00, ,99.5, 
2003/7/21,08:00,5.1, ,180980, ,32.84, ,28.40, ,99.5, 
2003/7/21,09:00,5.7, ,181040, ,43.23, ,42.00, ,99.6, 
2003/7/21,10:00,2.6, ,181040, ,41.69, ,44.40, ,99.6, 
2003/7/21,11:00,1.0, ,181090, ,51.74, ,44.80, ,99.6, 
2003/7/21,12:00,0.3, ,181150, ,54.17, ,44.80, ,99.6, 
2003/7/21,13:00,0.4, ,181210, ,54.60, ,34.90, ,99.7, 
2003/7/21,14:00,0.1, ,181270, ,52.67, ,44.70, ,99.7, 
2003/7/21,15:00,0.0, ,181270, ,49.26, ,47.40, ,99.7, 
2003/7/21,16:00,0.0, ,181270, ,47.34, ,47.20, ,99.7, 
2003/7/21,17:00,0.0, ,181270, ,46.28, ,44.70, ,99.7, 
2003/7/21,18:00,0.0, ,181270, ,44.70, ,28.70, ,99.7, 
2003/7/21,19:00,0.0, ,181320, ,41.14, ,26.10, ,99.7, 
2003/7/21,20:00,0.0, ,181380, ,39.51, ,22.90, ,99.8, 
2003/7/21,21:00,0.0, ,181440, ,41.53, ,4.20, ,99.8, 
2003/7/21,22:00,0.0, ,181550, ,38.85, ,0.00, ,99.9, 
2003/7/21,23:00,0.0, ,181730, ,39.54, ,0.00, ,100.0, 
2003/7/21,24:00,0.0, ,181840, ,38.89, ,0.00, ,100.0, 
2003/7/22,01:00,0.0, ,181960, ,36.96, ,0.00, ,100.0, 
2003/7/22,02:00,0.0, ,182130, ,36.36, ,0.00, ,100.0, 
2003/7/22,03:00,0.0, ,182250, ,35.90, ,0.00, ,100.0, 
2003/7/22,04:00,0.0, ,182360, ,36.24, ,0.00, ,100.0, 
2003/7/22,05:00,0.0, ,182480, ,34.27, ,0.00, ,100.0, 
2003/7/22,06:00,0.0, ,182650, ,38.04, ,0.00, ,100.0, 
2003/7/22,07:00,0.0, ,182770, ,33.23, ,0.00, ,100.0, 
2003/7/22,08:00,0.0, ,182880, ,33.71, ,28.30, ,100.0, 
2003/7/22,09:00,0.0, ,182880, ,36.46, ,30.80, ,100.0, 
2003/7/22,10:00,0.0, ,182880, ,29.76, ,30.80, ,100.0, 
2003/7/22,11:00,0.0, ,182940, ,32.57, ,30.80, ,100.0, 
2003/7/22,12:00,0.0, ,182940, ,45.12, ,4.10, ,100.0, 
2003/7/22,13:00,0.0, ,183050, ,27.18, ,29.40, ,100.0, 
2003/7/22,14:00,0.0, ,183050, ,36.04, ,32.00, ,100.0, 
2003/7/22,15:00,0.5, ,183050, ,29.77, ,29.60, ,100.0, 
2003/7/22,16:00,0.0, ,183050, ,29.06, ,29.60, ,100.0, 
2003/7/22,17:00,0.0, ,183050, ,29.65, ,13.20, ,100.0, 
2003/7/22,18:00,0.0, ,183170, ,33.51, ,0.00, ,100.0, 
2003/7/22,19:00,0.0, ,183290, ,28.01, ,0.00, ,100.0, 
2003/7/22,20:00,0.0, ,183400, ,27.22, ,0.00, ,100.0, 
2003/7/22,21:00,0.0, ,183520, ,35.30, ,0.00, ,100.0, 
2003/7/22,22:00,0.0, ,183580, ,27.87, ,0.00, ,100.0, 
2003/7/22,23:00,0.0, ,183690, ,30.84, ,0.00, ,100.0, 
2003/7/22,24:00,0.0, ,183810, ,26.77, ,0.00, ,100.0, 
2003/7/23,01:00,0.0, ,183920, ,32.62, ,0.00, ,100.0, 
2003/7/23,02:00,0.0, ,184040, ,28.61, ,0.00, ,100.0, 
2003/7/23,03:00,0.2, ,184100, ,24.20, ,0.00, ,100.0, 
2003/7/23,04:00,0.0, ,184160, ,16.57, ,0.00, ,100.0, 
2003/7/23,05:00,0.0, ,184210, ,20.67, ,0.00, ,100.0, 
2003/7/23,06:00,0.1, ,184330, ,21.81, ,15.80, ,100.0, 
2003/7/23,07:00,0.7, ,184330, ,25.73, ,27.00, ,100.0, 
2003/7/23,08:00,0.1, ,184330, ,23.67, ,28.30, ,100.0, 
2003/7/23,09:00,0.0, ,184330, ,28.41, ,48.90, ,100.0, 
2003/7/23,10:00,0.0, ,184270, ,35.94, ,53.60, ,100.0, 
2003/7/23,11:00,0.0, ,184160, ,27.47, ,54.10, ,100.0, 
2003/7/23,12:00,0.0, ,184040, ,22.02, ,34.10, ,100.0, 
2003/7/23,13:00,0.0, ,184040, ,25.51, ,56.70, ,100.0, 
2003/7/23,14:00,0.0, ,183920, ,28.48, ,53.60, ,100.0, 
2003/7/23,15:00,0.0, ,183810, ,23.78, ,56.70, ,100.0, 
2003/7/23,16:00,0.0, ,183750, ,28.15, ,53.70, ,100.0, 
2003/7/23,17:00,0.0, ,183580, ,24.35, ,57.00, ,99.9, 
2003/7/23,18:00,0.0, ,183520, ,22.57, ,42.60, ,99.8, 
2003/7/23,19:00,0.0, ,183460, ,25.55, ,34.10, ,99.8, 
2003/7/23,20:00,0.0, ,183400, ,24.79, ,30.90, ,99.8, 
2003/7/23,21:00,0.0, ,183400, ,27.64, ,33.30, ,99.8, 
2003/7/23,22:00,0.0, ,183340, ,20.81, ,30.80, ,99.7, 
2003/7/23,23:00,0.0, ,183340, ,26.15, ,20.20, ,99.7, 
2003/7/23,24:00,0.3, ,183340, ,24.33, ,5.60, ,100.0, 
2003/7/24,01:00,0.5, ,183340, ,8.67, ,0.00, ,100.0, 
2003/7/24,02:00,3.0, ,183400, ,4.01, ,0.00, ,100.0, 
2003/7/24,03:00,1.3, ,183460, ,20.60, ,0.00, ,100.0, 
2003/7/24,04:00,0.0, ,183520, ,20.22, ,0.00, ,100.0, 
2003/7/24,06:00,0.0, ,183630, ,15.00, ,0.00, ,100.0, 
2003/7/24,07:00,0.0, ,183750, ,16.19, ,0.00, ,100.0, 
2003/7/24,08:00,0.0, ,183750, ,17.43, ,0.00, ,100.0, 
2003/7/24,09:00,0.0, ,183870, ,20.12, ,17.60, ,100.0, 
2003/7/24,10:00,0.0, ,183870, ,23.19, ,30.30, ,100.0, 
2003/7/24,11:00,0.0, ,183870, ,26.45, ,31.80, ,100.0, 
2003/7/24,12:00,0.0, ,183870, ,31.93, ,0.00, ,100.0, 
2003/7/24,13:00,0.0, ,183920, ,20.15, ,21.70, ,100.0, 
2003/7/24,14:00,0.0, ,183920, ,26.37, ,48.50, ,100.0, 
2003/7/24,15:00,0.0, ,183870, ,37.67, ,53.60, ,100.0, 
2003/7/24,16:00,0.0, ,183750, ,22.49, ,21.70, ,100.0, 
2003/7/24,17:00,0.0, ,183750, ,23.95, ,0.00, ,100.0, 
2003/7/24,18:00,0.0, ,183750, ,10.13, ,0.00, ,100.0, 
2003/7/24,19:00,0.0, ,183870, ,12.90, ,0.00, ,100.0, 
2003/7/24,20:00,0.0, ,183920, ,25.38, ,0.00, ,100.0, 
2003/7/24,21:00,0.0, ,183980, ,20.50, ,0.00, ,100.0, 
2003/7/24,22:00,0.0, ,184040, ,16.39, ,0.00, ,100.0, 
2003/7/24,23:00,0.0, ,184160, ,24.76, ,0.00, ,100.0, 
2003/7/24,24:00,0.0, ,184210, ,20.75, ,0.00, ,100.0, 
2003/7/25,01:00,0.0, ,184270, ,12.64, ,0.00, ,100.0, 
2003/7/25,02:00,0.0, ,184330, ,12.48, ,0.00, ,100.0, 
2003/7/25,03:00,0.0, ,184330, ,15.87, ,0.00, ,100.0, 
2003/7/25,04:00,0.0, ,184390, ,11.40, ,0.00, ,100.0, 
2003/7/25,05:00,0.0, ,184450, ,14.12, ,0.00, ,100.0, 
2003/7/25,06:00,0.0, ,184510, ,12.08, ,0.00, ,100.0, 
2003/7/25,07:00,0.0, ,184560, ,17.61, ,0.00, ,100.0, 
2003/7/25,08:00,0.0, ,184560, ,9.49, ,0.00, ,100.0, 
2003/7/25,09:00,0.0, ,184620, ,15.87, ,22.50, ,100.0, 
2003/7/25,10:00,0.0, ,184620, ,15.88, ,50.20, ,100.0, 
2003/7/25,11:00,0.1, ,184560, ,39.54, ,56.80, ,100.0, 
2003/7/25,12:00,0.0, ,184450, ,26.78, ,31.60, ,100.0, 
2003/7/25,13:00,0.0, ,184450, ,22.98, ,40.00, ,100.0, 
2003/7/25,14:00,0.0, ,184390, ,23.06, ,46.90, ,100.0, 
2003/7/25,15:00,0.0, ,184270, ,20.41, ,46.90, ,100.0, 
2003/7/25,16:00,0.0, ,184160, ,16.28, ,49.90, ,100.0, 
2003/7/25,17:00,0.0, ,184040, ,23.27, ,47.00, ,99.9, 
2003/7/25,18:00,0.0, ,183920, ,21.09, ,49.60, ,99.8, 
2003/7/25,19:00,0.0, ,183870, ,13.09, ,35.30, ,99.8, 
2003/7/25,20:00,0.1, ,183810, ,20.05, ,31.00, ,99.8, 
2003/7/25,21:00,0.5, ,183750, ,18.52, ,33.00, ,99.7, 
2003/7/25,22:00,0.3, ,183690, ,17.78, ,0.00, ,99.7, 
2003/7/25,23:00,0.1, ,183630, ,17.16, ,29.80, ,99.7, 
2003/7/25,24:00,0.0, ,183580, ,10.19, ,20.00, ,99.6, 
2003/7/26,01:00,0.0, ,183520, ,9.48, ,18.20, ,99.6, 
2003/7/26,02:00,0.0, ,183520, ,12.96, ,18.40, ,99.6, 
2003/7/26,03:00,0.0, ,183460, ,6.17, ,18.40, ,99.6, 
2003/7/26,04:00,0.0, ,183460, ,14.33, ,18.10, ,99.6, 
2003/7/26,05:00,0.0, ,183400, ,6.08, ,18.30, ,99.5, 
2003/7/26,06:00,0.0, ,183340, ,14.17, ,27.90, ,99.5, 
2003/7/26,07:00,0.0, ,183290, ,4.57, ,51.00, ,99.5, 
2003/7/26,08:00,0.0, ,183170, ,13.20, ,30.90, ,99.4, 
2003/7/26,09:00,0.0, ,183110, ,4.56, ,0.00, ,99.4, 
2003/7/26,10:00,0.0, ,183170, ,11.78, ,0.00, ,99.4, 
2003/7/26,11:00,0.0, ,183230, ,11.78, ,0.00, ,99.4, 
2003/7/26,12:00,0.0, ,183290, ,18.66, ,29.60, ,99.5, 
2003/7/26,13:00,0.0, ,183290, ,22.26, ,56.70, ,99.5, 
2003/7/26,14:00,0.0, ,183110, ,27.29, ,56.50, ,99.4, 
2003/7/26,15:00,0.0, ,183000, ,12.19, ,56.40, ,99.3, 
2003/7/26,16:00,0.0, ,182880, ,18.52, ,45.30, ,99.2, 
2003/7/26,17:00,0.0, ,182770, ,17.81, ,47.10, ,99.2, 
2003/7/26,18:00,0.0, ,182650, ,15.29, ,44.50, ,99.1, 
2003/7/26,19:00,0.0, ,182530, ,16.47, ,56.80, ,99.0, 
2003/7/26,20:00,0.0, ,182360, ,14.68, ,56.60, ,98.9, 
2003/7/26,21:00,0.0, ,182360, ,19.68, ,20.50, ,98.9, 
2003/7/26,22:00,0.0, ,182300, ,5.58, ,20.50, ,98.9, 
2003/7/26,23:00,0.0, ,182300, ,18.56, ,18.40, ,98.9, 
2003/7/26,24:00,0.0, ,182300, ,18.34, ,5.90, ,98.9, 
2003/7/27,01:00,0.0, ,182300, ,8.98, ,0.00, ,98.9, 
2003/7/27,02:00,0.0, ,182300, ,0.00, ,0.00, ,98.9, 
2003/7/27,03:00,0.0, ,182300, ,0.00, ,0.00, ,98.9, 
2003/7/27,04:00,0.0, ,182360, ,13.96, ,0.00, ,98.9, 
2003/7/27,05:00,0.0, ,182420, ,4.33, ,0.00, ,99.0, 
2003/7/27,06:00,0.0, ,182420, ,13.83, ,15.70, ,99.0, 
2003/7/27,07:00,0.0, ,182420, ,8.91, ,25.40, ,99.0, 
2003/7/27,08:00,0.0, ,182360, ,18.20, ,56.70, ,98.9, 
2003/7/27,09:00,0.0, ,182190, ,10.40, ,57.00, ,98.8, 
2003/7/27,10:00,0.0, ,182070, ,13.33, ,57.10, ,98.8, 
2003/7/27,11:00,0.0, ,181900, ,14.25, ,56.70, ,98.7, 
2003/7/27,12:00,0.0, ,181730, ,16.19, ,47.20, ,98.6, 
2003/7/27,13:00,0.0, ,181610, ,13.69, ,47.30, ,98.5, 
2003/7/27,14:00,0.0, ,181550, ,17.70, ,44.50, ,98.5, 
2003/7/27,15:00,0.0, ,181380, ,17.01, ,47.30, ,98.4, 
2003/7/27,16:00,0.0, ,181320, ,11.09, ,44.80, ,98.3, 
2003/7/27,17:00,0.0, ,181210, ,17.04, ,44.70, ,98.3, 
2003/7/27,18:00,0.0, ,181090, ,20.26, ,44.80, ,98.2, 
2003/7/27,19:00,0.0, ,181040, ,17.47, ,27.50, ,98.2, 
2003/7/27,20:00,0.0, ,180980, ,14.75, ,24.00, ,98.1, 
2003/7/27,21:00,0.0, ,180980, ,20.11, ,24.20, ,98.1, 
2003/7/27,22:00,0.0, ,180920, ,20.43, ,19.60, ,98.1, 
2003/7/27,23:00,0.0, ,180920, ,7.32, ,0.00, ,98.1, 
2003/7/27,24:00,0.0, ,180920, ,9.14, ,0.00, ,0.0,-
2003/7/28,01:00,0.0, ,180920, ,0.00, ,0.00, ,0.0,-
2003/7/28,02:00,0.0, ,180980, ,12.16, ,0.00, ,0.0,-
2003/7/28,03:00,0.0, ,181040, ,4.29, ,0.00, ,98.2, 
2003/7/28,04:00,0.0, ,181040, ,15.49, ,0.00, ,98.2, 
2003/7/28,05:00,0.0, ,181090, ,4.05, ,22.10, ,98.2, 
2003/7/28,06:00,0.0, ,181090, ,26.35, ,26.20, ,98.2, 
2003/7/28,07:00,0.0, ,180980, ,13.77, ,50.40, ,98.1, 
2003/7/28,08:00,0.0, ,180860, ,10.15, ,56.80, ,98.1, 
2003/7/28,09:00,0.0, ,180690, ,9.77, ,57.20, ,98.0, 
2003/7/28,10:00,0.0, ,180520, ,14.64, ,56.70, ,97.9, 
2003/7/28,11:00,0.0, ,180350, ,11.97, ,57.30, ,97.8, 
2003/7/28,12:00,0.0, ,180230, ,15.62, ,35.10, ,97.7, 
2003/7/28,13:00,0.0, ,180180, ,16.87, ,51.90, ,97.7, 
2003/7/28,14:00,0.0, ,180000, ,14.81, ,56.80, ,97.6, 
2003/7/28,15:00,0.0, ,179890, ,19.50, ,57.10, ,97.5, 
2003/7/28,16:00,0.0, ,179780, ,16.84, ,57.00, ,97.4, 
2003/7/28,17:00,0.0, ,179600, ,16.28, ,57.10, ,97.3, 
2003/7/28,18:00,0.0, ,179430, ,16.90, ,57.00, ,97.2, 
2003/7/28,19:00,0.0, ,179320, ,16.11, ,57.00, ,97.2, 
2003/7/28,20:00,0.0, ,179150, ,17.47, ,44.90, ,97.1, 
2003/7/28,21:00,0.0, ,179030, ,15.22, ,28.80, ,97.0, 
2003/7/28,22:00,0.0, ,178980, ,16.88, ,28.70, ,97.0, 
2003/7/28,23:00,0.0, ,178980, ,14.06, ,28.70, ,97.0, 
2003/7/28,24:00,0.0, ,178920, ,14.79, ,9.90, ,96.9, 
2003/7/29,01:00,0.0, ,178920, ,9.75, ,0.00, ,96.9, 
2003/7/29,02:00,0.0, ,178920, ,0.00, ,0.00, ,96.9, 
2003/7/29,03:00,0.0, ,178920, ,0.00, ,0.00, ,96.9, 
2003/7/29,04:00,0.0, ,178980, ,1.85, ,0.00, ,97.0, 
2003/7/29,05:00,0.0, ,178980, ,13.98, ,0.00, ,97.0, 
2003/7/29,06:00,0.0, ,179030, ,12.36, ,21.60, ,97.0, 
2003/7/29,07:00,0.0, ,179030, ,18.93, ,50.00, ,97.0, 
2003/7/29,08:00,0.0, ,178860, ,14.53, ,57.70, ,96.9, 
2003/7/29,09:00,0.8, ,178690, ,9.11, ,58.00, ,96.8, 
2003/7/29,10:00,0.5, ,178520, ,12.60, ,57.90, ,96.7, 
2003/7/29,11:00,0.1, ,178350, ,17.40, ,58.10, ,96.6, 
2003/7/29,12:00,1.0, ,178240, ,16.35, ,58.00, ,96.5, 
2003/7/29,13:00,1.4, ,178060, ,17.35, ,58.10, ,96.4, 
2003/7/29,14:00,1.6, ,177950, ,18.14, ,57.80, ,96.4, 
2003/7/29,15:00,0.8, ,177780, ,17.23, ,58.10, ,96.3, 
2003/7/29,16:00,1.5, ,177670, ,20.55, ,58.50, ,96.2, 
2003/7/29,17:00,2.6, ,177500, ,19.78, ,58.20, ,96.1, 
2003/7/29,18:00,3.2, ,177380, ,21.71, ,58.10, ,96.1, 
2003/7/29,19:00,2.1, ,177270, ,23.27, ,42.40, ,96.0, 
2003/7/29,20:00,1.1, ,177160, ,21.58, ,41.10, ,95.9, 
2003/7/29,21:00,2.4, ,177100, ,20.75, ,27.00, ,95.9, 
2003/7/29,22:00,3.5, ,177100, ,20.20, ,27.60, ,95.9, 
2003/7/29,23:00,7.4, ,177100, ,26.68, ,25.40, ,95.9, 
2003/7/29,24:00,6.4, ,177100, ,25.26, ,9.60, ,95.9, 
2003/7/30,01:00,7.3, ,177210, ,25.07, ,0.00, ,96.0, 
2003/7/30,02:00,0.0, ,177380, ,40.80, ,0.00, ,96.1, 
2003/7/30,03:00,0.0, ,177550, ,48.66, ,0.00, ,96.2, 
2003/7/30,04:00,0.0, ,177780, ,60.25, ,0.00, ,96.3, 
2003/7/30,05:00,0.1, ,177950, ,51.01, ,0.00, ,96.4, 
2003/7/30,06:00,0.0, ,178120, ,39.18, ,22.90, ,96.5, 
2003/7/30,07:00,0.0, ,178120, ,41.91, ,20.60, ,96.5, 
2003/7/30,08:00,0.4, ,178180, ,35.97, ,32.30, ,96.5, 
2003/7/30,09:00,0.0, ,178180, ,29.15, ,54.60, ,96.5, 
2003/7/30,10:00,0.0, ,178180, ,44.22, ,54.60, ,96.5, 
2003/7/30,11:00,0.0, ,178120, ,45.60, ,41.10, ,96.5, 
2003/7/30,12:00,0.0, ,178060, ,28.92, ,27.80, ,96.4, 
2003/7/30,13:00,0.0, ,178060, ,30.26, ,38.90, ,96.4, 
2003/7/30,14:00,0.0, ,178010, ,22.37, ,38.40, ,96.4, 
2003/7/30,15:00,0.0, ,177950, ,32.00, ,38.50, ,96.4, 
2003/7/30,16:00,0.0, ,177950, ,23.65, ,38.60, ,96.4, 
2003/7/30,17:00,0.0, ,177890, ,31.51, ,26.40, ,96.3, 
2003/7/30,18:00,0.0, ,177890, ,24.64, ,24.10, ,96.3, 
2003/7/30,19:00,0.0, ,177890, ,24.09, ,23.90, ,96.3, 
2003/7/30,20:00,0.0, ,177890, ,24.96, ,26.20, ,96.3, 
2003/7/30,21:00,0.0, ,177890, ,25.43, ,24.00, ,96.3, 
2003/7/30,22:00,0.0, ,177840, ,11.77, ,24.10, ,96.3, 
2003/7/30,23:00,0.0, ,177840, ,20.59, ,24.10, ,96.3, 
2003/7/30,24:00,0.0, ,177780, ,21.90, ,9.50, ,96.3, 
2003/7/31,01:00,0.0, ,177780, ,1.49, ,0.00, ,96.3, 
2003/7/31,02:00,0.0, ,177840, ,0.92, ,0.00, ,96.3, 
2003/7/31,03:00,0.0, ,177840, ,14.82, ,0.00, ,96.3, 
2003/7/31,04:00,0.0, ,177890, ,14.95, ,0.00, ,96.3, 
2003/7/31,05:00,0.0, ,177950, ,8.82, ,0.00, ,96.4, 
2003/7/31,06:00,0.0, ,178010, ,12.73, ,18.30, ,96.4, 
2003/7/31,07:00,0.0, ,178010, ,19.50, ,26.20, ,96.4, 
2003/7/31,08:00,0.0, ,178010, ,21.89, ,49.40, ,96.4, 
2003/7/31,09:00,0.0, ,177840, ,13.37, ,54.50, ,96.3, 
2003/7/31,10:00,0.0, ,177720, ,18.11, ,54.50, ,96.2, 
2003/7/31,11:00,0.0, ,177550, ,17.04, ,57.30, ,96.2, 
2003/7/31,12:00,0.0, ,177440, ,19.79, ,57.60, ,96.1, 
2003/7/31,13:00,0.0, ,177270, ,16.73, ,54.30, ,96.0, 
2003/7/31,14:00,0.0, ,177160, ,18.98, ,54.90, ,95.9, 
2003/7/31,15:00,0.0, ,177040, ,18.59, ,57.30, ,95.9, 
2003/7/31,16:00,0.0, ,176870, ,19.21, ,57.60, ,95.8, 
2003/7/31,17:00,0.0, ,176760, ,18.08, ,57.50, ,95.7, 
2003/7/31,18:00,0.0, ,176590, ,17.40, ,57.50, ,95.6, 
2003/7/31,19:00,0.0, ,176480, ,19.77, ,57.40, ,95.5, 
2003/7/31,20:00,0.0, ,176310, ,16.19, ,57.40, ,95.4, 
2003/7/31,21:00,0.0, ,176190, ,19.66, ,34.90, ,95.4, 
2003/7/31,22:00,0.0, ,176140, ,17.46, ,30.10, ,95.3, 
2003/7/31,23:00,0.0, ,176080, ,15.81, ,30.00, ,95.3, 
2003/7/31,24:00,0.0, ,176020, ,14.87, ,27.60, ,95.3, 
