îCà”ä˙ä‘É_ÉÄèîó åüçıåãâ 
êÖånñº,ãgñÏêÏ
âÕêÏñº,ãgñÏêÏ
äœë™èäñº,ëÅñæâYÉ_ÉÄÅiã@ç\Åj
äœë™èäãLçÜ,1368080700010
#
#îNåéì˙,éûçè,ó¨àÊïΩãœâJó ,ó¨àÊïΩãœâJó ëÆê´,íôêÖó ,íôêÖó ëÆê´,ó¨ì¸ó ,ó¨ì¸ó ëÆê´,ï˙ó¨ó ,ï˙ó¨ó ëÆê´,íôêÖó¶,íôêÖó¶ëÆê´
#ëÆê´Å@$:åáë™ -:ñ¢éÛêM
#
2018/5/1,01:00,0.0, ,188480, ,18.51, ,21.40, ,100.0, 
2018/5/1,02:00,0.0, ,188360, ,14.60, ,45.10, ,99.9, 
2018/5/1,03:00,0.0, ,188250, ,13.60, ,52.90, ,99.8, 
2018/5/1,04:00,0.0, ,188070, ,10.28, ,53.00, ,99.7, 
2018/5/1,05:00,0.0, ,187950, ,15.01, ,40.90, ,99.6, 
2018/5/1,06:00,0.0, ,187890, ,2.66, ,18.60, ,99.5, 
2018/5/1,07:00,0.0, ,187890, ,7.39, ,0.00, ,99.5, 
2018/5/1,08:00,0.0, ,187890, ,0.00, ,0.00, ,99.5, 
2018/5/1,09:00,0.0, ,187890, ,0.00, ,0.00, ,99.5, 
2018/5/1,10:00,0.0, ,187950, ,4.08, ,0.00, ,99.5, 
2018/5/1,11:00,0.0, ,188010, ,19.83, ,0.00, ,99.5, 
2018/5/1,12:00,0.0, ,188070, ,16.30, ,0.00, ,99.5, 
2018/5/1,13:00,0.0, ,188130, ,14.68, ,0.00, ,99.5, 
2018/5/1,14:00,0.0, ,188190, ,16.31, ,0.00, ,99.5, 
2018/5/1,15:00,0.0, ,188250, ,17.13, ,0.00, ,99.5, 
2018/5/1,16:00,0.0, ,188300, ,13.05, ,2.90, ,99.6, 
2018/5/1,17:00,0.0, ,188300, ,27.42, ,32.20, ,99.5, 
2018/5/1,18:00,0.0, ,188190, ,24.13, ,58.90, ,99.4, 
2018/5/1,19:00,0.0, ,188010, ,19.38, ,58.80, ,99.3, 
2018/5/1,20:00,0.0, ,187890, ,19.16, ,55.00, ,99.2, 
2018/5/1,21:00,0.0, ,187830, ,18.63, ,28.40, ,99.2, 
2018/5/1,22:00,0.0, ,187830, ,10.15, ,0.00, ,99.1, 
2018/5/1,23:00,0.0, ,187830, ,0.00, ,0.00, ,99.1, 
2018/5/1,24:00,0.0, ,187890, ,6.52, ,0.00, ,100.0, 
2018/5/2,01:00,0.0, ,187950, ,20.65, ,0.00, ,100.0, 
2018/5/2,02:00,0.2, ,188010, ,13.31, ,0.00, ,100.0, 
2018/5/2,03:00,0.3, ,188070, ,19.02, ,0.00, ,100.0, 
2018/5/2,04:00,0.2, ,188130, ,13.86, ,0.00, ,100.0, 
2018/5/2,05:00,0.1, ,188190, ,19.57, ,0.00, ,100.0, 
2018/5/2,06:00,0.1, ,188250, ,13.59, ,0.00, ,100.0, 
2018/5/2,07:00,0.6, ,188300, ,20.40, ,0.00, ,100.0, 
2018/5/2,08:00,0.3, ,188360, ,13.06, ,0.00, ,100.0, 
2018/5/2,09:00,0.8, ,188420, ,13.06, ,3.00, ,100.0, 
2018/5/2,10:00,0.8, ,188420, ,24.72, ,28.80, ,100.0, 
2018/5/2,11:00,1.0, ,188360, ,27.12, ,28.80, ,100.0, 
2018/5/2,12:00,0.9, ,188360, ,13.98, ,25.50, ,100.0, 
2018/5/2,13:00,0.5, ,188360, ,14.10, ,3.00, ,100.0, 
2018/5/2,14:00,1.1, ,188360, ,14.74, ,29.20, ,100.0, 
2018/5/2,15:00,1.8, ,188250, ,18.21, ,39.00, ,99.9, 
2018/5/2,16:00,3.2, ,188190, ,23.33, ,42.90, ,99.8, 
2018/5/2,17:00,4.3, ,188130, ,22.63, ,43.10, ,99.8, 
2018/5/2,18:00,2.0, ,188070, ,23.48, ,45.60, ,99.7, 
2018/5/2,19:00,3.1, ,188010, ,22.86, ,43.50, ,99.7, 
2018/5/2,20:00,2.2, ,187950, ,23.69, ,29.90, ,99.6, 
2018/5/2,21:00,0.7, ,187950, ,19.76, ,18.90, ,99.6, 
2018/5/2,22:00,0.1, ,187950, ,18.80, ,18.70, ,99.6, 
2018/5/2,23:00,1.3, ,187950, ,18.78, ,18.80, ,99.5, 
2018/5/2,24:00,0.5, ,187950, ,18.77, ,18.80, ,100.0, 
2018/5/3,01:00,0.2, ,187950, ,18.77, ,18.80, ,100.0, 
2018/5/3,02:00,0.0, ,187950, ,22.47, ,29.70, ,100.0, 
2018/5/3,03:00,0.0, ,187830, ,21.57, ,54.50, ,99.9, 
2018/5/3,04:00,0.0, ,187720, ,21.61, ,54.50, ,99.8, 
2018/5/3,05:00,0.0, ,187600, ,20.02, ,50.90, ,99.7, 
2018/5/3,06:00,0.0, ,187540, ,18.65, ,25.50, ,99.6, 
2018/5/3,07:00,0.0, ,187540, ,9.03, ,0.00, ,99.6, 
2018/5/3,08:00,0.0, ,187600, ,8.69, ,0.00, ,99.6, 
2018/5/3,09:00,0.0, ,187720, ,24.43, ,0.00, ,99.7, 
2018/5/3,10:00,0.0, ,187780, ,16.83, ,0.00, ,99.7, 
2018/5/3,11:00,0.0, ,187780, ,15.20, ,0.00, ,99.7, 
2018/5/3,12:00,0.0, ,187890, ,16.30, ,0.00, ,99.7, 
2018/5/3,13:00,0.0, ,187890, ,16.30, ,0.00, ,99.7, 
2018/5/3,14:00,0.0, ,188010, ,18.47, ,0.00, ,99.7, 
2018/5/3,15:00,0.0, ,188010, ,14.13, ,0.00, ,99.7, 
2018/5/3,16:00,0.0, ,188070, ,14.41, ,0.00, ,99.7, 
2018/5/3,17:00,0.0, ,188190, ,16.31, ,2.90, ,99.8, 
2018/5/3,18:00,0.0, ,188130, ,30.13, ,32.20, ,99.7, 
2018/5/3,19:00,0.0, ,188010, ,12.94, ,59.10, ,99.6, 
2018/5/3,20:00,0.0, ,187830, ,17.47, ,59.00, ,99.5, 
2018/5/3,21:00,0.0, ,187720, ,15.28, ,58.90, ,99.4, 
2018/5/3,22:00,0.0, ,187600, ,18.93, ,25.30, ,99.3, 
2018/5/3,23:00,0.0, ,187600, ,7.04, ,0.00, ,99.3, 
2018/5/3,24:00,0.0, ,187660, ,11.95, ,0.00, ,100.0, 
2018/5/4,01:00,0.0, ,187720, ,10.86, ,0.00, ,100.0, 
2018/5/4,02:00,0.0, ,187780, ,11.40, ,0.00, ,100.0, 
2018/5/4,03:00,0.8, ,187830, ,17.38, ,0.00, ,100.0, 
2018/5/4,04:00,0.3, ,187830, ,13.58, ,0.00, ,100.0, 
2018/5/4,05:00,0.0, ,187890, ,8.15, ,0.00, ,100.0, 
2018/5/4,06:00,0.0, ,187890, ,8.15, ,0.00, ,100.0, 
2018/5/4,07:00,0.0, ,187890, ,0.00, ,0.00, ,100.0, 
2018/5/4,08:00,0.0, ,187950, ,12.77, ,0.00, ,100.0, 
2018/5/4,09:00,0.0, ,187950, ,3.53, ,0.00, ,100.0, 
2018/5/4,10:00,0.0, ,188010, ,16.03, ,0.00, ,100.0, 
2018/5/4,11:00,0.0, ,188130, ,21.74, ,0.00, ,100.0, 
2018/5/4,12:00,0.0, ,188130, ,11.96, ,0.00, ,100.0, 
2018/5/4,13:00,0.0, ,188190, ,12.50, ,0.00, ,100.0, 
2018/5/4,14:00,0.0, ,188250, ,17.13, ,0.00, ,100.0, 
2018/5/4,15:00,0.0, ,188300, ,8.70, ,0.00, ,100.0, 
2018/5/4,16:00,0.0, ,188300, ,9.79, ,0.00, ,100.0, 
2018/5/4,17:00,0.0, ,188360, ,11.97, ,3.00, ,100.0, 
2018/5/4,18:00,0.0, ,188360, ,18.82, ,32.10, ,100.0, 
2018/5/4,19:00,0.0, ,188250, ,27.95, ,59.00, ,99.9, 
2018/5/4,20:00,0.0, ,188070, ,18.42, ,59.00, ,99.8, 
2018/5/4,21:00,0.0, ,187950, ,14.36, ,58.90, ,99.7, 
2018/5/4,22:00,0.0, ,187780, ,14.96, ,35.00, ,99.6, 
2018/5/4,23:00,0.0, ,187780, ,4.94, ,0.00, ,99.6, 
2018/5/4,24:00,0.0, ,187830, ,1.36, ,0.00, ,100.0, 
2018/5/5,01:00,0.0, ,187890, ,19.56, ,0.00, ,100.0, 
2018/5/5,02:00,0.0, ,187890, ,11.68, ,0.00, ,100.0, 
2018/5/5,03:00,0.0, ,187950, ,6.79, ,0.00, ,100.0, 
2018/5/5,04:00,0.0, ,187950, ,9.51, ,0.00, ,100.0, 
2018/5/5,05:00,0.0, ,188010, ,8.15, ,0.00, ,100.0, 
2018/5/5,06:00,0.0, ,188010, ,8.15, ,0.00, ,100.0, 
2018/5/5,07:00,0.0, ,188010, ,0.00, ,0.00, ,100.0, 
2018/5/5,08:00,0.0, ,188070, ,5.71, ,0.00, ,100.0, 
2018/5/5,09:00,0.0, ,188070, ,10.60, ,0.00, ,100.0, 
2018/5/5,10:00,0.0, ,188070, ,0.00, ,0.00, ,100.0, 
2018/5/5,11:00,0.0, ,188130, ,13.59, ,0.00, ,100.0, 
2018/5/5,12:00,0.0, ,188190, ,12.50, ,0.00, ,100.0, 
2018/5/5,13:00,0.0, ,188250, ,13.05, ,0.00, ,100.0, 
2018/5/5,14:00,0.0, ,188300, ,20.12, ,0.00, ,100.0, 
2018/5/5,15:00,0.0, ,188300, ,5.98, ,0.00, ,100.0, 
2018/5/5,16:00,0.0, ,188360, ,15.50, ,0.00, ,100.0, 
2018/5/5,17:00,0.0, ,188420, ,9.52, ,0.00, ,100.0, 
2018/5/5,18:00,0.0, ,188420, ,16.43, ,17.60, ,100.0, 
2018/5/5,19:00,0.0, ,188420, ,26.34, ,35.00, ,100.0, 
2018/5/5,20:00,0.0, ,188300, ,22.45, ,35.00, ,100.0, 
2018/5/5,21:00,0.0, ,188250, ,9.92, ,34.80, ,100.0, 
2018/5/5,22:00,0.0, ,188250, ,16.70, ,21.20, ,100.0, 
2018/5/5,23:00,0.0, ,188250, ,10.64, ,0.00, ,100.0, 
2018/5/5,24:00,0.0, ,188250, ,0.00, ,0.00, ,100.0, 
2018/5/6,01:00,0.0, ,188300, ,12.24, ,0.00, ,100.0, 
2018/5/6,02:00,0.0, ,188360, ,11.70, ,0.00, ,100.0, 
2018/5/6,03:00,0.0, ,188360, ,8.70, ,0.00, ,100.0, 
2018/5/6,04:00,0.0, ,188360, ,0.00, ,0.00, ,100.0, 
2018/5/6,05:00,0.0, ,188420, ,16.32, ,0.00, ,100.0, 
2018/5/6,06:00,0.0, ,188420, ,0.00, ,0.00, ,100.0, 
2018/5/6,07:00,0.0, ,188420, ,0.00, ,0.00, ,100.0, 
2018/5/6,08:00,0.0, ,188480, ,2.72, ,0.00, ,100.0, 
2018/5/6,09:00,0.0, ,188480, ,13.60, ,0.00, ,100.0, 
2018/5/6,10:00,0.0, ,188480, ,0.00, ,0.00, ,100.0, 
2018/5/6,11:00,0.0, ,188600, ,16.87, ,0.00, ,100.0, 
2018/5/6,12:00,0.0, ,188600, ,15.79, ,0.00, ,100.0, 
2018/5/6,13:00,0.0, ,188660, ,12.52, ,0.00, ,100.0, 
2018/5/6,14:00,0.0, ,188720, ,11.16, ,0.00, ,100.0, 
2018/5/6,15:00,0.0, ,188770, ,11.70, ,0.00, ,100.0, 
2018/5/6,16:00,0.6, ,188770, ,13.62, ,0.00, ,100.0, 
2018/5/6,17:00,1.7, ,188830, ,16.34, ,0.00, ,100.0, 
2018/5/6,18:00,1.5, ,188830, ,8.88, ,17.60, ,100.0, 
2018/5/6,19:00,2.2, ,188830, ,26.23, ,34.60, ,100.0, 
2018/5/6,20:00,2.7, ,188770, ,23.42, ,34.30, ,100.0, 
2018/5/6,21:00,2.5, ,188660, ,14.72, ,34.20, ,100.0, 
2018/5/6,22:00,2.8, ,188660, ,10.35, ,23.00, ,100.0, 
2018/5/6,23:00,3.7, ,188660, ,11.54, ,0.00, ,100.0, 
2018/5/6,24:00,2.9, ,188720, ,10.61, ,0.00, ,100.0, 
2018/5/7,01:00,4.0, ,188770, ,19.60, ,0.00, ,100.0, 
2018/5/7,02:00,5.9, ,188890, ,19.88, ,0.00, ,100.0, 
2018/5/7,03:00,7.8, ,188950, ,23.15, ,0.00, ,100.0, 
2018/5/7,04:00,5.8, ,189130, ,26.96, ,0.00, ,100.0, 
2018/5/7,05:00,5.8, ,189190, ,37.00, ,0.00, ,100.0, 
2018/5/7,06:00,3.6, ,189360, ,35.38, ,0.00, ,100.0, 
2018/5/7,07:00,1.3, ,189480, ,44.31, ,18.50, ,100.0, 
2018/5/7,08:00,0.5, ,189540, ,61.20, ,41.80, ,100.0, 
2018/5/7,09:00,2.5, ,189540, ,46.94, ,41.90, ,100.0, 
2018/5/7,10:00,8.2, ,189660, ,59.46, ,26.00, ,100.0, 
2018/5/7,11:00,11.4, ,189890, ,68.51, ,0.00, ,100.0, 
2018/5/7,12:00,5.2, ,190130, ,66.83, ,0.00, ,100.0, 
2018/5/7,13:00,0.2, ,190540, ,86.27, ,0.00, ,100.0, 
2018/5/7,14:00,3.2, ,190900, ,108.23, ,0.00, ,100.0, 
2018/5/7,15:00,6.2, ,191370, ,122.60, ,2.60, ,100.0, 
2018/5/7,16:00,0.8, ,191610, ,112.66, ,32.40, ,100.0, 
2018/5/7,17:00,0.5, ,191780, ,100.12, ,58.50, ,100.0, 
2018/5/7,18:00,1.6, ,191840, ,87.31, ,58.50, ,100.0, 
2018/5/7,19:00,2.0, ,191960, ,87.36, ,58.50, ,100.0, 
2018/5/7,20:00,0.7, ,192080, ,85.98, ,58.60, ,100.0, 
2018/5/7,21:00,0.2, ,192080, ,75.02, ,58.70, ,100.0, 
2018/5/7,22:00,0.0, ,192140, ,66.32, ,58.80, ,100.0, 
2018/5/7,23:00,0.0, ,192140, ,67.43, ,58.50, ,100.0, 
2018/5/7,24:00,0.0, ,192140, ,58.52, ,58.80, ,100.0, 
2018/5/8,01:00,0.0, ,192140, ,58.57, ,58.50, ,100.0, 
2018/5/8,02:00,0.0, ,192140, ,58.53, ,58.80, ,100.0, 
2018/5/8,03:00,0.0, ,192080, ,56.75, ,58.80, ,100.0, 
2018/5/8,04:00,0.0, ,192080, ,44.19, ,58.70, ,100.0, 
2018/5/8,05:00,0.0, ,192020, ,47.44, ,58.50, ,99.9, 
2018/5/8,06:00,0.0, ,191960, ,43.15, ,58.50, ,99.9, 
2018/5/8,07:00,0.0, ,191900, ,39.60, ,58.70, ,99.9, 
2018/5/8,08:00,0.0, ,191840, ,43.04, ,58.80, ,99.8, 
2018/5/8,09:00,0.1, ,191780, ,43.35, ,58.80, ,99.8, 
2018/5/8,10:00,1.4, ,191720, ,38.17, ,58.70, ,99.8, 
2018/5/8,11:00,2.6, ,191660, ,41.96, ,58.70, ,99.7, 
2018/5/8,12:00,2.9, ,191550, ,40.56, ,58.70, ,99.7, 
2018/5/8,13:00,3.9, ,191550, ,42.47, ,58.80, ,99.7, 
2018/5/8,14:00,4.1, ,191490, ,51.55, ,58.80, ,99.6, 
2018/5/8,15:00,5.6, ,191490, ,49.35, ,58.50, ,99.6, 
2018/5/8,16:00,5.3, ,191490, ,58.54, ,58.60, ,99.6, 
2018/5/8,17:00,1.5, ,191490, ,58.54, ,58.70, ,99.6, 
2018/5/8,18:00,0.5, ,191550, ,67.70, ,58.70, ,99.7, 
2018/5/8,19:00,1.9, ,191660, ,83.11, ,58.60, ,99.7, 
2018/5/8,20:00,2.4, ,191720, ,81.90, ,58.70, ,99.8, 
2018/5/8,21:00,2.1, ,191840, ,78.43, ,58.70, ,99.8, 
2018/5/8,22:00,0.9, ,191900, ,87.27, ,58.80, ,99.9, 
2018/5/8,23:00,0.8, ,192020, ,89.73, ,58.80, ,99.9, 
2018/5/8,24:00,0.7, ,192140, ,84.80, ,58.80, ,100.0, 
2018/5/9,01:00,1.2, ,192260, ,86.75, ,58.50, ,100.0, 
2018/5/9,02:00,0.7, ,192380, ,98.74, ,58.60, ,100.0, 
2018/5/9,03:00,0.0, ,192380, ,75.40, ,58.80, ,100.0, 
2018/5/9,04:00,0.3, ,192500, ,78.83, ,58.80, ,100.0, 
2018/5/9,05:00,1.1, ,192550, ,73.38, ,58.80, ,100.0, 
2018/5/9,06:00,0.0, ,192610, ,79.12, ,58.60, ,100.0, 
2018/5/9,07:00,0.0, ,192670, ,71.25, ,58.80, ,100.0, 
2018/5/9,08:00,0.1, ,192670, ,73.56, ,58.70, ,100.0, 
2018/5/9,09:00,0.0, ,192730, ,65.96, ,58.80, ,100.0, 
2018/5/9,10:00,0.0, ,192730, ,68.11, ,58.70, ,100.0, 
2018/5/9,11:00,0.0, ,192730, ,58.71, ,58.70, ,100.0, 
2018/5/9,12:00,0.0, ,192790, ,68.64, ,58.70, ,100.0, 
2018/5/9,13:00,0.0, ,192790, ,65.35, ,58.90, ,100.0, 
2018/5/9,14:00,0.0, ,192790, ,58.77, ,58.80, ,100.0, 
2018/5/9,15:00,0.0, ,192790, ,58.77, ,58.80, ,100.0, 
2018/5/9,16:00,0.0, ,192790, ,58.79, ,58.80, ,100.0, 
2018/5/9,17:00,0.0, ,192790, ,58.79, ,58.80, ,100.0, 
2018/5/9,18:00,0.0, ,192790, ,58.85, ,59.00, ,100.0, 
2018/5/9,19:00,0.0, ,192790, ,58.62, ,57.30, ,100.0, 
2018/5/9,20:00,0.0, ,192730, ,52.81, ,57.10, ,100.0, 
2018/5/9,21:00,0.0, ,192730, ,45.29, ,57.30, ,100.0, 
2018/5/9,22:00,0.0, ,192730, ,57.23, ,57.30, ,100.0, 
2018/5/9,23:00,0.0, ,192670, ,45.95, ,57.20, ,100.0, 
2018/5/9,24:00,0.0, ,192670, ,51.92, ,57.00, ,100.0, 
2018/5/10,01:00,0.0, ,192610, ,45.48, ,57.10, ,100.0, 
2018/5/10,02:00,0.0, ,192610, ,52.16, ,57.30, ,100.0, 
2018/5/10,03:00,0.0, ,192550, ,44.06, ,57.30, ,99.9, 
2018/5/10,04:00,0.0, ,192500, ,52.04, ,57.20, ,99.9, 
2018/5/10,05:00,0.0, ,192500, ,42.67, ,57.20, ,99.9, 
2018/5/10,06:00,0.0, ,192440, ,42.65, ,57.30, ,99.9, 
2018/5/10,07:00,0.0, ,192380, ,45.94, ,57.10, ,99.8, 
2018/5/10,08:00,0.0, ,192320, ,42.90, ,57.30, ,99.8, 
2018/5/10,09:00,0.0, ,192260, ,42.67, ,57.30, ,99.8, 
2018/5/10,10:00,0.0, ,192260, ,45.99, ,57.20, ,99.8, 
2018/5/10,11:00,0.0, ,192200, ,41.34, ,57.30, ,99.7, 
2018/5/10,12:00,0.0, ,192140, ,43.57, ,57.30, ,99.7, 
2018/5/10,13:00,0.0, ,192080, ,41.66, ,57.30, ,99.7, 
2018/5/10,14:00,0.0, ,192020, ,39.17, ,57.30, ,99.6, 
2018/5/10,15:00,0.0, ,191900, ,38.34, ,57.30, ,99.6, 
2018/5/10,16:00,0.0, ,191840, ,34.51, ,57.30, ,99.5, 
2018/5/10,17:00,0.0, ,191780, ,42.49, ,57.40, ,99.5, 
2018/5/10,18:00,0.0, ,191720, ,36.98, ,57.30, ,99.5, 
2018/5/10,19:00,0.0, ,191660, ,42.47, ,57.30, ,99.4, 
2018/5/10,20:00,0.0, ,191610, ,37.81, ,57.50, ,99.4, 
2018/5/10,21:00,0.0, ,191550, ,36.52, ,57.50, ,99.4, 
2018/5/10,22:00,0.0, ,191430, ,35.54, ,57.60, ,99.3, 
2018/5/10,23:00,0.0, ,191370, ,35.92, ,57.50, ,99.2, 
2018/5/10,24:00,0.0, ,191250, ,35.66, ,57.50, ,100.0, 
2018/5/11,01:00,0.0, ,191190, ,32.90, ,57.60, ,100.0, 
2018/5/11,02:00,0.0, ,191130, ,36.76, ,57.60, ,99.9, 
2018/5/11,03:00,0.0, ,191010, ,38.68, ,57.60, ,99.9, 
2018/5/11,04:00,0.0, ,190950, ,29.69, ,57.50, ,99.8, 
2018/5/11,05:00,0.0, ,190900, ,40.60, ,57.50, ,99.8, 
2018/5/11,06:00,0.0, ,190780, ,31.80, ,57.60, ,99.7, 
2018/5/11,07:00,0.0, ,190720, ,32.89, ,57.40, ,99.7, 
2018/5/11,08:00,0.0, ,190600, ,29.32, ,57.30, ,99.6, 
2018/5/11,09:00,0.0, ,190480, ,34.61, ,58.10, ,99.6, 
2018/5/11,10:00,0.0, ,190420, ,31.23, ,58.20, ,99.5, 
2018/5/11,11:00,0.0, ,190310, ,34.14, ,58.30, ,99.5, 
2018/5/11,12:00,0.0, ,190250, ,32.88, ,58.20, ,99.4, 
2018/5/11,13:00,0.0, ,190130, ,27.69, ,58.70, ,99.4, 
2018/5/11,14:00,0.0, ,190010, ,30.38, ,58.70, ,99.3, 
2018/5/11,15:00,0.0, ,189950, ,31.90, ,58.60, ,99.2, 
2018/5/11,16:00,0.0, ,189830, ,32.15, ,58.60, ,99.2, 
2018/5/11,17:00,0.0, ,189720, ,32.43, ,58.60, ,99.1, 
2018/5/11,18:00,0.0, ,189660, ,29.94, ,58.50, ,99.1, 
2018/5/11,19:00,0.0, ,189480, ,25.28, ,58.60, ,99.0, 
2018/5/11,20:00,0.0, ,189420, ,27.51, ,58.60, ,98.9, 
2018/5/11,21:00,0.0, ,189300, ,29.08, ,58.40, ,98.9, 
2018/5/11,22:00,0.0, ,189190, ,26.81, ,58.40, ,98.8, 
2018/5/11,23:00,0.0, ,189070, ,27.38, ,58.50, ,98.7, 
2018/5/11,24:00,0.0, ,188950, ,25.80, ,41.60, ,100.0, 
2018/5/12,01:00,0.0, ,188950, ,24.30, ,21.50, ,100.0, 
2018/5/12,02:00,0.0, ,188950, ,20.97, ,20.20, ,100.0, 
2018/5/12,03:00,0.0, ,188890, ,23.96, ,30.50, ,100.0, 
2018/5/12,04:00,0.0, ,188890, ,15.55, ,30.60, ,100.0, 
2018/5/12,05:00,0.0, ,188890, ,30.61, ,30.60, ,100.0, 
2018/5/12,06:00,0.0, ,188830, ,22.44, ,30.60, ,99.9, 
2018/5/12,07:00,0.0, ,188830, ,22.40, ,30.60, ,99.9, 
2018/5/12,08:00,0.0, ,188770, ,17.71, ,20.00, ,99.9, 
2018/5/12,09:00,0.0, ,188770, ,11.33, ,20.00, ,99.9, 
2018/5/12,10:00,0.0, ,188770, ,20.06, ,20.10, ,99.9, 
2018/5/12,11:00,0.0, ,188830, ,14.10, ,0.00, ,99.9, 
2018/5/12,12:00,0.0, ,188890, ,21.24, ,0.00, ,100.0, 
2018/5/12,13:00,0.0, ,188950, ,20.43, ,0.00, ,100.0, 
2018/5/12,14:00,0.0, ,189070, ,22.61, ,0.00, ,100.0, 
2018/5/12,15:00,0.0, ,189130, ,20.67, ,0.00, ,100.0, 
2018/5/12,16:00,0.0, ,189250, ,25.58, ,0.00, ,100.0, 
2018/5/12,17:00,0.0, ,189250, ,25.60, ,19.00, ,100.0, 
2018/5/12,18:00,0.0, ,189250, ,19.00, ,19.00, ,100.0, 
2018/5/12,19:00,0.0, ,189250, ,24.73, ,33.80, ,100.0, 
2018/5/12,20:00,0.0, ,189130, ,31.88, ,58.70, ,100.0, 
2018/5/12,21:00,0.0, ,189010, ,25.62, ,58.80, ,100.0, 
2018/5/12,22:00,0.0, ,188890, ,20.44, ,58.90, ,100.0, 
2018/5/12,23:00,0.0, ,188770, ,23.67, ,55.00, ,99.9, 
2018/5/12,24:00,0.0, ,188720, ,19.75, ,33.00, ,100.0, 
2018/5/13,01:00,0.0, ,188660, ,23.94, ,36.40, ,100.0, 
2018/5/13,02:00,0.0, ,188540, ,20.23, ,58.90, ,99.9, 
2018/5/13,03:00,0.0, ,188360, ,21.37, ,59.00, ,99.8, 
2018/5/13,04:00,0.0, ,188250, ,20.98, ,59.10, ,99.7, 
2018/5/13,05:00,1.0, ,188130, ,23.97, ,59.00, ,99.7, 
2018/5/13,06:00,1.3, ,188010, ,20.69, ,59.10, ,99.6, 
2018/5/13,07:00,2.4, ,187890, ,31.09, ,55.20, ,99.5, 
2018/5/13,08:00,2.0, ,187830, ,21.14, ,24.90, ,99.5, 
2018/5/13,09:00,1.1, ,187890, ,10.58, ,0.00, ,99.5, 
2018/5/13,10:00,3.4, ,188010, ,24.72, ,0.00, ,99.6, 
2018/5/13,11:00,8.9, ,188190, ,47.02, ,0.00, ,99.7, 
2018/5/13,12:00,1.3, ,188300, ,36.16, ,0.00, ,99.8, 
2018/5/13,13:00,3.5, ,188420, ,40.80, ,0.00, ,99.8, 
2018/5/13,14:00,2.0, ,188600, ,33.19, ,3.50, ,99.9, 
2018/5/13,15:00,1.5, ,188660, ,49.63, ,27.40, ,100.0, 
2018/5/13,16:00,2.3, ,188770, ,53.87, ,30.20, ,100.0, 
2018/5/13,17:00,2.9, ,188830, ,45.26, ,33.30, ,100.0, 
2018/5/13,18:00,1.2, ,188890, ,53.85, ,34.60, ,100.0, 
2018/5/13,19:00,0.6, ,188830, ,51.34, ,58.50, ,100.0, 
2018/5/13,20:00,1.3, ,188830, ,50.33, ,58.40, ,100.0, 
2018/5/13,21:00,1.1, ,188770, ,45.66, ,58.60, ,100.0, 
2018/5/13,22:00,0.0, ,188720, ,49.32, ,58.60, ,100.0, 
2018/5/13,23:00,0.0, ,188660, ,37.62, ,54.60, ,100.0, 
2018/5/13,24:00,0.1, ,188660, ,36.83, ,36.70, ,100.0, 
2018/5/14,01:00,0.0, ,188600, ,45.24, ,58.70, ,100.0, 
2018/5/14,02:00,0.0, ,188540, ,37.20, ,58.90, ,99.9, 
2018/5/14,03:00,0.0, ,188480, ,39.70, ,58.70, ,99.9, 
2018/5/14,04:00,0.0, ,188420, ,36.18, ,58.80, ,99.9, 
2018/5/14,05:00,0.0, ,188300, ,34.83, ,58.80, ,99.8, 
2018/5/14,06:00,0.0, ,188190, ,34.55, ,58.70, ,99.7, 
2018/5/14,07:00,0.0, ,188130, ,30.45, ,58.60, ,99.7, 
2018/5/14,08:00,0.0, ,188010, ,32.20, ,58.50, ,99.6, 
2018/5/14,09:00,0.0, ,187890, ,33.05, ,58.70, ,99.6, 
2018/5/14,10:00,0.0, ,187830, ,32.95, ,58.80, ,99.5, 
2018/5/14,11:00,0.0, ,187720, ,28.60, ,58.70, ,99.5, 
2018/5/14,12:00,0.0, ,187600, ,32.71, ,58.80, ,99.4, 
2018/5/14,13:00,0.0, ,187480, ,28.92, ,58.70, ,99.3, 
2018/5/14,14:00,0.0, ,187420, ,27.20, ,58.70, ,99.3, 
2018/5/14,15:00,0.0, ,187310, ,31.53, ,58.70, ,99.2, 
2018/5/14,16:00,0.0, ,187190, ,30.49, ,58.90, ,99.2, 
2018/5/14,17:00,0.0, ,187070, ,26.29, ,58.90, ,99.1, 
2018/5/14,18:00,0.0, ,186960, ,26.84, ,58.80, ,99.0, 
2018/5/14,19:00,0.0, ,186840, ,31.70, ,58.60, ,98.9, 
2018/5/14,20:00,0.0, ,186720, ,26.12, ,58.60, ,98.9, 
2018/5/14,21:00,0.0, ,186600, ,25.02, ,58.80, ,98.8, 
2018/5/14,22:00,0.0, ,186490, ,25.43, ,58.70, ,98.7, 
2018/5/14,23:00,0.0, ,186370, ,24.64, ,58.60, ,98.7, 
2018/5/14,24:00,0.0, ,186250, ,25.42, ,51.40, ,100.0, 
2018/5/15,01:00,0.0, ,186250, ,25.72, ,29.80, ,100.0, 
2018/5/15,02:00,0.0, ,186200, ,22.61, ,28.40, ,100.0, 
2018/5/15,03:00,0.0, ,186200, ,18.99, ,28.40, ,100.0, 
2018/5/15,04:00,0.0, ,186200, ,28.47, ,28.40, ,100.0, 
2018/5/15,05:00,0.0, ,186200, ,28.41, ,28.40, ,100.0, 
2018/5/15,06:00,0.0, ,186140, ,18.91, ,28.40, ,99.9, 
2018/5/15,07:00,0.0, ,186140, ,16.86, ,18.70, ,99.9, 
2018/5/15,08:00,0.0, ,186140, ,18.79, ,18.80, ,99.9, 
2018/5/15,09:00,0.0, ,186140, ,18.83, ,18.90, ,99.9, 
2018/5/15,10:00,0.0, ,186140, ,18.78, ,18.90, ,99.9, 
2018/5/15,11:00,0.0, ,186200, ,14.78, ,0.00, ,100.0, 
2018/5/15,12:00,0.0, ,186310, ,28.13, ,0.00, ,100.0, 
2018/5/15,13:00,0.0, ,186430, ,30.84, ,0.00, ,100.0, 
2018/5/15,14:00,0.0, ,186490, ,25.71, ,0.00, ,100.0, 
2018/5/15,15:00,0.0, ,186600, ,25.71, ,0.00, ,100.0, 
2018/5/15,16:00,0.0, ,186660, ,24.37, ,2.80, ,100.0, 
2018/5/15,17:00,0.0, ,186660, ,20.57, ,28.50, ,100.0, 
2018/5/15,18:00,0.0, ,186660, ,35.29, ,42.00, ,100.0, 
2018/5/15,19:00,0.0, ,186600, ,45.34, ,58.80, ,100.0, 
2018/5/15,20:00,0.0, ,186490, ,32.08, ,55.10, ,100.0, 
2018/5/15,21:00,0.0, ,186490, ,27.16, ,29.60, ,100.0, 
2018/5/15,22:00,0.0, ,186490, ,24.08, ,18.60, ,100.0, 
2018/5/15,23:00,0.0, ,186490, ,9.27, ,0.00, ,100.0, 
2018/5/15,24:00,0.0, ,186600, ,15.97, ,0.00, ,100.0, 
2018/5/16,01:00,0.0, ,186660, ,26.26, ,0.00, ,100.0, 
2018/5/16,02:00,0.0, ,186780, ,26.00, ,0.00, ,100.0, 
2018/5/16,03:00,0.0, ,186900, ,27.08, ,0.00, ,100.0, 
2018/5/16,04:00,0.0, ,186960, ,25.47, ,0.00, ,100.0, 
2018/5/16,05:00,0.0, ,187070, ,24.39, ,0.00, ,100.0, 
2018/5/16,06:00,0.0, ,187130, ,24.40, ,3.00, ,100.0, 
2018/5/16,07:00,0.0, ,187130, ,24.00, ,28.80, ,100.0, 
2018/5/16,08:00,0.0, ,187130, ,35.48, ,42.00, ,100.0, 
2018/5/16,09:00,0.0, ,187070, ,34.43, ,26.20, ,100.0, 
2018/5/16,10:00,0.0, ,187070, ,11.79, ,0.00, ,100.0, 
2018/5/16,11:00,0.0, ,187190, ,17.08, ,0.00, ,100.0, 
2018/5/16,12:00,0.0, ,187250, ,24.68, ,0.00, ,100.0, 
2018/5/16,13:00,0.0, ,187370, ,26.03, ,0.00, ,100.0, 
2018/5/16,14:00,0.0, ,187420, ,23.60, ,0.00, ,100.0, 
2018/5/16,15:00,0.0, ,187540, ,27.95, ,0.00, ,100.0, 
2018/5/16,16:00,0.0, ,187600, ,21.71, ,2.60, ,100.0, 
2018/5/16,17:00,0.0, ,187600, ,20.05, ,28.70, ,100.0, 
2018/5/16,18:00,0.0, ,187600, ,35.24, ,41.80, ,100.0, 
2018/5/16,19:00,0.0, ,187480, ,34.35, ,58.70, ,100.0, 
2018/5/16,20:00,0.0, ,187370, ,29.44, ,58.80, ,100.0, 
2018/5/16,21:00,0.0, ,187310, ,24.19, ,44.70, ,100.0, 
2018/5/16,22:00,0.0, ,187250, ,26.99, ,25.80, ,100.0, 
2018/5/16,23:00,0.0, ,187250, ,9.56, ,0.00, ,100.0, 
2018/5/16,24:00,0.0, ,187370, ,13.83, ,0.00, ,100.0, 
2018/5/17,01:00,0.0, ,187420, ,25.23, ,0.00, ,100.0, 
2018/5/17,02:00,0.0, ,187480, ,21.71, ,0.00, ,100.0, 
2018/5/17,03:00,0.0, ,187600, ,22.52, ,0.00, ,100.0, 
2018/5/17,04:00,0.0, ,187660, ,21.17, ,0.00, ,100.0, 
2018/5/17,05:00,0.0, ,187720, ,20.91, ,0.00, ,100.0, 
2018/5/17,06:00,0.0, ,187830, ,23.08, ,2.50, ,100.0, 
2018/5/17,07:00,0.0, ,187830, ,29.19, ,32.40, ,100.0, 
2018/5/17,08:00,0.0, ,187780, ,37.75, ,58.90, ,100.0, 
2018/5/17,09:00,0.0, ,187600, ,22.21, ,55.40, ,100.0, 
2018/5/17,10:00,0.0, ,187600, ,22.03, ,26.40, ,100.0, 
2018/5/17,11:00,0.0, ,187600, ,14.64, ,0.00, ,100.0, 
2018/5/17,12:00,0.0, ,187660, ,9.50, ,0.00, ,100.0, 
2018/5/17,13:00,0.0, ,187720, ,20.36, ,0.00, ,100.0, 
2018/5/17,14:00,0.0, ,187830, ,20.09, ,0.00, ,100.0, 
2018/5/17,15:00,0.0, ,187890, ,23.09, ,0.00, ,100.0, 
2018/5/17,16:00,0.0, ,187950, ,20.38, ,2.20, ,100.0, 
2018/5/17,17:00,0.0, ,187950, ,18.98, ,32.10, ,100.0, 
2018/5/17,18:00,0.0, ,187890, ,40.81, ,58.90, ,100.0, 
2018/5/17,19:00,0.0, ,187780, ,32.75, ,59.00, ,100.0, 
2018/5/17,20:00,0.0, ,187660, ,18.64, ,50.30, ,100.0, 
2018/5/17,21:00,0.0, ,187660, ,23.26, ,29.60, ,100.0, 
2018/5/17,22:00,0.0, ,187600, ,14.92, ,26.30, ,100.0, 
2018/5/17,23:00,0.0, ,187600, ,12.94, ,0.00, ,100.0, 
2018/5/17,24:00,0.0, ,187720, ,14.93, ,0.00, ,100.0, 
2018/5/18,01:00,0.0, ,187780, ,23.35, ,0.00, ,100.0, 
2018/5/18,02:00,0.0, ,187830, ,15.21, ,0.00, ,100.0, 
2018/5/18,03:00,0.0, ,187890, ,20.92, ,0.00, ,100.0, 
2018/5/18,04:00,0.0, ,187950, ,20.92, ,0.00, ,100.0, 
2018/5/18,05:00,0.0, ,188010, ,11.68, ,0.00, ,100.0, 
2018/5/18,06:00,0.0, ,188070, ,11.14, ,2.50, ,100.0, 
2018/5/18,07:00,0.0, ,188010, ,23.38, ,32.30, ,100.0, 
2018/5/18,08:00,0.0, ,187890, ,17.51, ,58.90, ,100.0, 
2018/5/18,09:00,0.0, ,187720, ,15.35, ,55.10, ,100.0, 
2018/5/18,10:00,0.0, ,187660, ,18.13, ,26.20, ,100.0, 
2018/5/18,11:00,0.0, ,187720, ,4.11, ,0.00, ,100.0, 
2018/5/18,12:00,0.0, ,187720, ,15.20, ,0.00, ,100.0, 
2018/5/18,13:00,0.0, ,187830, ,19.01, ,0.00, ,100.0, 
2018/5/18,14:00,0.0, ,187890, ,20.92, ,0.00, ,100.0, 
2018/5/18,15:00,0.0, ,187950, ,17.12, ,3.10, ,100.0, 
2018/5/18,16:00,0.0, ,187950, ,22.69, ,28.50, ,100.0, 
2018/5/18,17:00,0.0, ,187890, ,34.81, ,46.10, ,100.0, 
2018/5/18,18:00,0.0, ,187780, ,30.28, ,59.10, ,100.0, 
2018/5/18,19:00,0.0, ,187660, ,18.05, ,59.10, ,100.0, 
2018/5/18,20:00,0.1, ,187540, ,18.91, ,59.00, ,99.9, 
2018/5/18,21:00,3.6, ,187370, ,21.08, ,59.00, ,99.8, 
2018/5/18,22:00,11.1, ,187310, ,29.77, ,55.60, ,99.8, 
2018/5/18,23:00,2.9, ,187310, ,39.26, ,28.60, ,99.8, 
2018/5/18,24:00,0.6, ,187370, ,20.05, ,0.00, ,100.0, 
2018/5/19,01:00,1.8, ,187420, ,21.16, ,0.00, ,100.0, 
2018/5/19,02:00,1.6, ,187480, ,15.74, ,0.00, ,100.0, 
2018/5/19,03:00,0.3, ,187600, ,23.06, ,0.00, ,100.0, 
2018/5/19,04:00,0.1, ,187600, ,17.10, ,0.00, ,100.0, 
2018/5/19,05:00,0.1, ,187660, ,15.48, ,0.00, ,100.0, 
2018/5/19,06:00,0.0, ,187720, ,13.03, ,2.60, ,100.0, 
2018/5/19,07:00,0.0, ,187720, ,18.73, ,32.30, ,100.0, 
2018/5/19,08:00,0.0, ,187600, ,31.60, ,41.40, ,100.0, 
2018/5/19,09:00,0.0, ,187660, ,12.62, ,0.00, ,100.0, 
2018/5/19,10:00,0.0, ,187720, ,21.18, ,0.00, ,100.0, 
2018/5/19,11:00,0.0, ,187720, ,17.13, ,19.10, ,100.0, 
2018/5/19,12:00,0.0, ,187720, ,29.88, ,40.70, ,100.0, 
2018/5/19,13:00,0.0, ,187660, ,26.80, ,40.50, ,100.0, 
2018/5/19,14:00,0.0, ,187600, ,22.14, ,40.80, ,100.0, 
2018/5/19,15:00,0.0, ,187480, ,19.28, ,40.70, ,100.0, 
2018/5/19,16:00,0.0, ,187420, ,19.85, ,40.70, ,100.0, 
2018/5/19,17:00,0.0, ,187370, ,28.55, ,40.60, ,100.0, 
2018/5/19,18:00,0.0, ,187370, ,25.22, ,32.00, ,100.0, 
2018/5/19,19:00,0.0, ,187310, ,17.04, ,29.80, ,100.0, 
2018/5/19,20:00,0.0, ,187310, ,27.70, ,29.80, ,100.0, 
2018/5/19,21:00,0.0, ,187250, ,14.10, ,29.90, ,99.9, 
2018/5/19,22:00,0.0, ,187190, ,17.86, ,26.60, ,99.9, 
2018/5/19,23:00,0.0, ,187190, ,9.81, ,0.00, ,99.9, 
2018/5/19,24:00,0.0, ,187250, ,10.03, ,0.00, ,100.0, 
2018/5/20,01:00,0.0, ,187370, ,21.42, ,0.00, ,100.0, 
2018/5/20,02:00,0.0, ,187420, ,18.99, ,0.00, ,100.0, 
2018/5/20,03:00,0.0, ,187420, ,14.65, ,0.00, ,100.0, 
2018/5/20,04:00,0.0, ,187480, ,12.48, ,0.00, ,100.0, 
2018/5/20,05:00,0.0, ,187480, ,3.80, ,0.00, ,100.0, 
2018/5/20,06:00,0.0, ,187540, ,14.38, ,0.00, ,100.0, 
2018/5/20,07:00,0.0, ,187540, ,11.47, ,19.30, ,100.0, 
2018/5/20,08:00,0.0, ,187420, ,19.76, ,40.50, ,100.0, 
2018/5/20,09:00,0.0, ,187370, ,11.14, ,40.50, ,100.0, 
2018/5/20,10:00,0.0, ,187310, ,21.82, ,40.60, ,100.0, 
2018/5/20,11:00,0.0, ,187250, ,18.30, ,40.70, ,100.0, 
2018/5/20,12:00,0.0, ,187130, ,18.60, ,40.50, ,100.0, 
2018/5/20,13:00,0.0, ,187070, ,20.25, ,40.60, ,100.0, 
2018/5/20,14:00,0.0, ,186960, ,18.83, ,26.10, ,100.0, 
2018/5/20,15:00,0.0, ,186960, ,3.75, ,0.00, ,100.0, 
2018/5/20,16:00,0.0, ,187070, ,14.91, ,0.00, ,100.0, 
2018/5/20,17:00,0.0, ,187130, ,21.95, ,0.00, ,100.0, 
2018/5/20,18:00,0.0, ,187190, ,13.83, ,2.80, ,100.0, 
2018/5/20,19:00,0.0, ,187190, ,28.94, ,32.20, ,100.0, 
2018/5/20,20:00,0.0, ,187070, ,27.61, ,59.10, ,100.0, 
2018/5/20,21:00,0.0, ,186900, ,22.47, ,51.80, ,100.0, 
2018/5/20,22:00,0.0, ,186900, ,15.22, ,25.90, ,100.0, 
2018/5/20,23:00,0.0, ,186900, ,14.25, ,0.00, ,100.0, 
2018/5/20,24:00,0.0, ,186960, ,5.15, ,0.00, ,100.0, 
2018/5/21,01:00,0.0, ,187010, ,16.26, ,0.00, ,100.0, 
2018/5/21,02:00,0.0, ,187010, ,11.11, ,0.00, ,100.0, 
2018/5/21,03:00,0.0, ,187070, ,15.18, ,0.00, ,100.0, 
2018/5/21,04:00,0.3, ,187130, ,9.22, ,0.00, ,100.0, 
2018/5/21,05:00,0.1, ,187190, ,11.39, ,0.00, ,100.0, 
2018/5/21,06:00,0.0, ,187190, ,13.02, ,2.40, ,100.0, 
2018/5/21,07:00,0.0, ,187190, ,14.62, ,31.80, ,100.0, 
2018/5/21,08:00,0.0, ,187010, ,14.67, ,59.20, ,100.0, 
2018/5/21,09:00,0.0, ,186840, ,12.87, ,42.00, ,100.0, 
2018/5/21,10:00,0.0, ,186840, ,16.96, ,18.70, ,100.0, 
2018/5/21,11:00,0.0, ,186840, ,9.35, ,0.00, ,100.0, 
2018/5/21,12:00,0.0, ,186840, ,0.00, ,0.00, ,100.0, 
2018/5/21,13:00,0.0, ,186960, ,16.26, ,0.00, ,100.0, 
2018/5/21,14:00,0.0, ,187010, ,17.61, ,0.00, ,100.0, 
2018/5/21,15:00,0.0, ,187070, ,17.62, ,0.00, ,100.0, 
2018/5/21,16:00,0.0, ,187130, ,15.18, ,0.00, ,100.0, 
2018/5/21,17:00,0.0, ,187190, ,17.63, ,2.50, ,100.0, 
2018/5/21,18:00,0.0, ,187190, ,27.88, ,32.00, ,100.0, 
2018/5/21,19:00,0.0, ,187010, ,21.63, ,59.00, ,100.0, 
2018/5/21,20:00,0.0, ,186900, ,21.54, ,58.90, ,100.0, 
2018/5/21,21:00,0.0, ,186780, ,18.30, ,59.00, ,100.0, 
2018/5/21,22:00,0.0, ,186600, ,19.65, ,55.60, ,100.0, 
2018/5/21,23:00,0.0, ,186550, ,16.45, ,28.30, ,100.0, 
2018/5/21,24:00,0.0, ,186550, ,7.82, ,0.00, ,100.0, 
2018/5/22,01:00,0.0, ,186600, ,0.81, ,0.00, ,100.0, 
2018/5/22,02:00,0.0, ,186600, ,15.43, ,0.00, ,100.0, 
2018/5/22,03:00,0.0, ,186660, ,10.02, ,0.00, ,100.0, 
2018/5/22,04:00,0.0, ,186660, ,6.23, ,0.00, ,100.0, 
2018/5/22,05:00,0.0, ,186720, ,14.90, ,0.00, ,100.0, 
2018/5/22,06:00,0.0, ,186720, ,1.35, ,2.50, ,100.0, 
2018/5/22,07:00,0.0, ,186720, ,14.55, ,31.90, ,100.0, 
2018/5/22,08:00,0.0, ,186550, ,21.44, ,59.30, ,100.0, 
2018/5/22,09:00,0.0, ,186370, ,10.84, ,59.40, ,100.0, 
2018/5/22,10:00,0.0,-,0,#,0.00,#,0.00,#,0.0,-
2018/5/22,11:00,0.0,-,0,#,0.00,#,0.00,#,0.0,-
2018/5/22,12:00,0.0,-,0,#,0.00,#,0.00,#,0.0,-
2018/5/22,13:00,0.0,-,0,#,0.00,#,0.00,#,0.0,-
2018/5/22,14:00,0.0,-,0,#,0.00,#,0.00,#,0.0,-
2018/5/22,15:00,0.0,-,0,#,0.00,#,0.00,#,0.0,-
2018/5/22,16:00,0.0, ,186550, ,16.24, ,0.00,#,100.0, 
2018/5/22,17:00,0.0, ,186600, ,12.99, ,2.30, ,100.0, 
2018/5/22,18:00,0.0, ,186600, ,23.65, ,32.20, ,100.0, 
2018/5/22,19:00,0.0, ,186490, ,31.14, ,58.80, ,100.0, 
2018/5/22,20:00,0.0, ,186310, ,17.35, ,58.80, ,100.0, 
2018/5/22,21:00,0.0, ,186200, ,16.84, ,58.70, ,100.0, 
2018/5/22,22:00,0.0, ,186020, ,17.15, ,42.50, ,100.0, 
2018/5/22,23:00,0.0, ,186020, ,16.77, ,24.60, ,100.0, 
2018/5/22,24:00,0.0, ,186020, ,12.37, ,0.00, ,100.0, 
2018/5/23,01:00,0.0, ,186080, ,0.54, ,0.00, ,100.0, 
2018/5/23,02:00,0.1, ,186080, ,15.68, ,0.00, ,100.0, 
2018/5/23,03:00,0.2, ,186140, ,13.52, ,0.00, ,100.0, 
2018/5/23,04:00,0.4, ,186140, ,2.70, ,0.00, ,100.0, 
2018/5/23,05:00,0.3, ,186200, ,7.03, ,0.00, ,100.0, 
2018/5/23,06:00,0.6, ,186200, ,9.20, ,0.00, ,100.0, 
2018/5/23,07:00,0.8, ,186250, ,4.60, ,2.60, ,100.0, 
2018/5/23,08:00,2.0, ,186250, ,26.23, ,28.70, ,100.0, 
2018/5/23,09:00,3.9, ,186140, ,14.99, ,0.00,#,100.0, 
2018/5/23,10:00,4.4, ,186080, ,20.22, ,0.00,#,100.0, 
2018/5/23,11:00,5.8, ,185960, ,21.82, ,0.00,#,100.0, 
2018/5/23,12:00,3.7, ,185900, ,30.02, ,0.00,#,100.0, 
2018/5/23,13:00,2.6, ,185900, ,17.45, ,0.00,#,100.0, 
2018/5/23,14:00,2.7, ,185900, ,14.70, ,0.00,#,100.0, 
2018/5/23,15:00,1.6, ,185850, ,36.28, ,0.00,#,100.0, 
2018/5/23,16:00,0.8, ,185850, ,31.43, ,0.00,#,100.0, 
2018/5/23,17:00,0.8, ,185730, ,28.13, ,45.90, ,100.0, 
2018/5/23,18:00,0.7, ,185730, ,21.66, ,25.20, ,100.0, 
2018/5/23,19:00,0.6, ,185790, ,21.72, ,0.00, ,100.0, 
2018/5/23,20:00,0.1, ,185900, ,23.77, ,0.00, ,100.0, 
2018/5/23,21:00,0.4, ,185960, ,26.48, ,0.00, ,100.0, 
2018/5/23,22:00,0.3, ,186080, ,25.95, ,0.00, ,100.0, 
2018/5/23,23:00,0.3, ,186140, ,22.44, ,0.00, ,100.0, 
2018/5/23,24:00,0.3, ,186250, ,27.04, ,0.00, ,100.0, 
2018/5/24,01:00,0.1, ,186310, ,22.72, ,0.00, ,100.0, 
2018/5/24,02:00,0.3, ,186370, ,16.23, ,0.00, ,100.0, 
2018/5/24,03:00,0.0, ,186430, ,18.94, ,0.00, ,100.0, 
2018/5/24,04:00,0.0, ,186490, ,12.45, ,0.00, ,100.0, 
2018/5/24,05:00,0.0, ,186550, ,9.20, ,0.00, ,100.0, 
2018/5/24,06:00,0.0, ,186550, ,13.26, ,2.70, ,100.0, 
2018/5/24,07:00,0.0, ,186550, ,14.74, ,32.10, ,100.0, 
2018/5/24,08:00,0.2, ,186370, ,20.69, ,58.20, ,100.0, 
2018/5/24,09:00,0.0, ,186200, ,13.95, ,58.20, ,100.0, 
2018/5/24,10:00,0.0, ,186080, ,17.33, ,41.30, ,100.0, 
2018/5/24,11:00,0.0, ,186080, ,17.49, ,20.50, ,100.0, 
2018/5/24,12:00,0.0, ,186080, ,10.25, ,0.00, ,100.0, 
2018/5/24,13:00,0.0, ,186140, ,7.84, ,0.00, ,100.0, 
2018/5/24,14:00,0.0, ,186200, ,18.66, ,0.00, ,100.0, 
2018/5/24,15:00,0.0, ,186250, ,15.15, ,0.00, ,100.0, 
2018/5/24,16:00,0.0, ,186310, ,19.48, ,0.00, ,100.0, 
2018/5/24,17:00,0.0, ,186370, ,14.34, ,0.00, ,100.0, 
2018/5/24,18:00,0.0, ,186370, ,15.29, ,28.80, ,100.0, 
2018/5/24,19:00,0.0, ,186310, ,32.39, ,59.20, ,100.0, 
2018/5/24,20:00,0.0, ,186140, ,22.59, ,59.10, ,100.0, 
2018/5/24,21:00,0.0, ,185960, ,17.45, ,59.00, ,100.0, 
2018/5/24,22:00,0.0, ,185850, ,15.01, ,59.30, ,100.0, 
2018/5/24,23:00,0.0, ,185670, ,17.50, ,59.20, ,100.0, 
2018/5/24,24:00,0.0, ,185550, ,18.64, ,42.50, ,100.0, 
2018/5/25,01:00,0.0, ,185550, ,11.76, ,0.00, ,100.0, 
2018/5/25,02:00,0.0, ,185550, ,0.00, ,0.00, ,100.0, 
2018/5/25,03:00,0.0, ,185610, ,5.94, ,0.00, ,100.0, 
2018/5/25,04:00,0.0, ,185610, ,10.26, ,0.00, ,100.0, 
2018/5/25,05:00,0.0, ,185670, ,7.02, ,0.00, ,100.0, 
2018/5/25,06:00,0.0, ,185670, ,9.18, ,2.10, ,100.0, 
2018/5/25,07:00,0.0, ,185670, ,14.78, ,32.20, ,100.0, 
2018/5/25,08:00,0.0, ,185500, ,13.90, ,59.80, ,100.0, 
2018/5/25,09:00,0.0, ,185320, ,9.45, ,43.10, ,100.0, 
2018/5/25,10:00,0.0, ,185320, ,14.22, ,0.00, ,100.0, 
2018/5/25,11:00,0.0, ,185320, ,0.00, ,0.00, ,100.0, 
2018/5/25,12:00,0.0, ,185380, ,7.02, ,0.00, ,100.0, 
2018/5/25,13:00,0.0, ,185440, ,19.97, ,2.70, ,100.0, 
2018/5/25,14:00,0.0, ,185440, ,20.06, ,32.20, ,100.0, 
2018/5/25,15:00,0.0, ,185320, ,29.01, ,59.40, ,100.0, 
2018/5/25,16:00,0.0, ,185150, ,17.06, ,59.60, ,100.0, 
2018/5/25,17:00,0.0, ,185030, ,18.18, ,59.40, ,100.0, 
2018/5/25,18:00,0.0, ,184850, ,16.27, ,59.50, ,100.0, 
2018/5/25,19:00,0.0, ,184680, ,15.74, ,59.60, ,100.0, 
2018/5/25,20:00,0.0, ,184560, ,17.71, ,59.30, ,100.0, 
2018/5/25,21:00,0.0, ,184390, ,15.18, ,59.40, ,100.0, 
2018/5/25,22:00,0.0, ,184210, ,14.93, ,42.60, ,100.0, 
2018/5/25,23:00,0.0, ,184160, ,15.95, ,22.00, ,100.0, 
2018/5/25,24:00,0.0, ,184160, ,0.78, ,0.00, ,100.0, 
2018/5/26,01:00,0.0, ,184210, ,10.76, ,0.00, ,100.0, 
2018/5/26,02:00,0.0, ,184270, ,19.37, ,0.00, ,100.0, 
2018/5/26,03:00,0.0, ,184270, ,2.15, ,0.00, ,100.0, 
2018/5/26,04:00,0.0, ,184330, ,6.73, ,0.00, ,100.0, 
2018/5/26,05:00,0.0, ,184330, ,9.42, ,0.00, ,100.0, 
2018/5/26,06:00,0.0, ,184330, ,0.00, ,2.50, ,100.0, 
2018/5/26,07:00,0.0, ,184330, ,14.77, ,32.30, ,100.0, 
2018/5/26,08:00,0.0, ,184160, ,15.89, ,59.80, ,100.0, 
2018/5/26,09:00,0.0, ,183980, ,10.63, ,58.40, ,100.0, 
2018/5/26,10:00,0.0, ,183810, ,14.52, ,58.50, ,100.0, 
2018/5/26,11:00,0.0, ,183630, ,16.03, ,41.70, ,100.0, 
2018/5/26,12:00,0.0, ,183630, ,11.98, ,23.10, ,100.0, 
2018/5/26,13:00,0.0, ,183630, ,11.63, ,0.00, ,100.0, 
2018/5/26,14:00,0.0, ,183630, ,0.00, ,0.00, ,100.0, 
2018/5/26,15:00,0.0, ,183750, ,18.27, ,2.80, ,100.0, 
2018/5/26,16:00,0.0, ,183690, ,23.82, ,32.40, ,100.0, 
2018/5/26,17:00,0.0, ,183580, ,20.90, ,59.40, ,100.0, 
2018/5/26,18:00,0.0, ,183400, ,17.29, ,59.50, ,100.0, 
2018/5/26,19:00,0.0, ,183290, ,18.95, ,59.60, ,100.0, 
2018/5/26,20:00,0.0, ,183110, ,11.73, ,59.50, ,100.0, 
2018/5/26,21:00,0.0, ,182940, ,16.85, ,59.40, ,100.0, 
2018/5/26,22:00,0.0, ,182820, ,16.99, ,44.40, ,100.0, 
2018/5/26,23:00,0.0, ,182820, ,15.00, ,21.10, ,100.0, 
2018/5/26,24:00,0.0, ,182770, ,6.03, ,18.90, ,100.0, 
2018/5/27,01:00,0.0, ,182770, ,17.10, ,19.00, ,100.0, 
2018/5/27,02:00,0.0, ,182710, ,11.17, ,19.00, ,100.0, 
2018/5/27,03:00,0.0, ,182650, ,7.16, ,19.00, ,100.0, 
2018/5/27,04:00,0.0, ,182650, ,6.39, ,19.00, ,100.0, 
2018/5/27,05:00,0.0, ,182530, ,2.36, ,18.90, ,100.0, 
2018/5/27,06:00,0.0, ,182480, ,5.02, ,21.90, ,100.0, 
2018/5/27,07:00,0.0, ,182360, ,2.83, ,48.00, ,100.0, 
2018/5/27,08:00,0.0, ,182190, ,10.65, ,47.90, ,100.0, 
2018/5/27,09:00,0.0, ,182070, ,5.06, ,44.60, ,99.9, 
2018/5/27,10:00,0.0, ,182020, ,9.47, ,19.10, ,100.0, 
2018/5/27,11:00,0.0, ,182020, ,13.17, ,19.10, ,100.0, 
2018/5/27,12:00,0.0, ,181960, ,8.63, ,19.00, ,100.0, 
2018/5/27,13:00,0.0, ,181960, ,13.45, ,19.10, ,100.0, 
2018/5/27,14:00,0.0, ,181900, ,16.15, ,19.00, ,100.0, 
2018/5/27,15:00,0.0, ,181900, ,8.95, ,25.00, ,100.0, 
2018/5/27,16:00,0.0, ,181840, ,13.82, ,25.00, ,100.0, 
2018/5/27,17:00,0.0, ,181780, ,12.74, ,25.20, ,100.0, 
2018/5/27,18:00,0.0, ,181670, ,14.94, ,45.40, ,100.0, 
2018/5/27,19:00,0.0, ,181550, ,18.76, ,60.00, ,100.0, 
2018/5/27,20:00,0.0, ,181380, ,16.54, ,59.80, ,100.0, 
2018/5/27,21:00,0.0, ,181210, ,14.04, ,59.90, ,99.9, 
2018/5/27,22:00,0.0, ,181040, ,16.21, ,56.80, ,99.9, 
2018/5/27,23:00,0.0, ,180980, ,13.15, ,42.10, ,99.9, 
2018/5/27,24:00,0.0, ,180920, ,12.78, ,20.80, ,99.9, 
2018/5/28,01:00,0.0, ,180920, ,15.08, ,19.20, ,99.9, 
2018/5/28,02:00,0.0, ,180860, ,11.78, ,22.30, ,99.9, 
2018/5/28,03:00,0.0, ,180690, ,6.95, ,48.40, ,99.8, 
2018/5/28,04:00,0.0, ,180520, ,6.67, ,59.90, ,99.8, 
2018/5/28,05:00,0.0, ,180350, ,8.67, ,59.80, ,99.7, 
2018/5/28,06:00,0.0, ,180180, ,8.51, ,59.90, ,99.7, 
2018/5/28,07:00,0.0, ,179950, ,6.48, ,59.60, ,99.6, 
2018/5/28,08:00,0.0, ,179830, ,8.09, ,22.70, ,99.5, 
2018/5/28,09:00,0.0, ,179830, ,1.71, ,0.00, ,99.6, 
2018/5/28,10:00,0.0, ,179830, ,0.00, ,0.00, ,99.6, 
2018/5/28,11:00,0.0, ,179890, ,8.47, ,0.00, ,99.7, 
2018/5/28,12:00,0.0, ,179950, ,19.87, ,0.00, ,99.8, 
2018/5/28,13:00,0.0, ,180000, ,10.34, ,2.60, ,99.8, 
2018/5/28,14:00,0.0, ,180000, ,23.23, ,31.30, ,99.9, 
2018/5/28,15:00,0.0, ,179830, ,16.93, ,57.20, ,99.8, 
2018/5/28,16:00,0.0, ,179720, ,19.18, ,59.60, ,99.8, 
2018/5/28,17:00,0.0, ,179490, ,14.07, ,59.70, ,99.7, 
2018/5/28,18:00,0.0, ,179380, ,17.62, ,59.60, ,99.7, 
2018/5/28,19:00,0.0, ,179200, ,16.80, ,59.70, ,99.6, 
2018/5/28,20:00,0.0, ,179090, ,17.00, ,49.00, ,99.6, 
2018/5/28,21:00,0.0, ,179030, ,6.86, ,25.20, ,99.6, 
2018/5/28,22:00,0.0, ,179030, ,19.91, ,19.20, ,99.6, 
2018/5/28,23:00,0.0, ,178980, ,3.97, ,19.30, ,99.6, 
2018/5/28,24:00,0.0, ,178920, ,18.21, ,19.30, ,99.6, 
2018/5/29,01:00,0.0, ,178920, ,3.96, ,19.30, ,99.7, 
2018/5/29,02:00,0.0, ,178860, ,17.16, ,22.00, ,99.7, 
2018/5/29,03:00,0.1, ,178750, ,6.45, ,46.80, ,99.6, 
2018/5/29,04:00,0.0, ,178520, ,8.68, ,60.20, ,99.5, 
2018/5/29,05:00,0.0, ,178350, ,8.65, ,60.10, ,99.5, 
2018/5/29,06:00,0.0, ,178180, ,7.14, ,60.20, ,99.4, 
2018/5/29,07:00,0.0, ,178010, ,7.89, ,56.70, ,99.3, 
2018/5/29,08:00,0.0, ,177840, ,4.96, ,29.30, ,99.3, 
2018/5/29,09:00,0.0, ,177840, ,1.08, ,0.00, ,99.3, 
2018/5/29,10:00,0.0, ,177890, ,0.26, ,0.00, ,99.4, 
2018/5/29,11:00,0.0, ,177890, ,15.53, ,0.00, ,99.4, 
2018/5/29,12:00,0.0, ,177950, ,11.84, ,0.00, ,99.5, 
2018/5/29,13:00,0.0, ,178010, ,11.05, ,2.60, ,99.6, 
2018/5/29,14:00,0.2, ,178010, ,22.99, ,31.40, ,99.6, 
2018/5/29,15:00,0.0, ,177840, ,20.12, ,57.40, ,99.6, 
2018/5/29,16:00,0.2, ,177720, ,15.75, ,59.60, ,99.5, 
2018/5/29,17:00,0.0, ,177550, ,15.97, ,59.60, ,99.5, 
2018/5/29,18:00,0.0, ,177380, ,17.61, ,59.70, ,99.4, 
2018/5/29,19:00,0.3, ,177210, ,11.08, ,59.70, ,99.4, 
2018/5/29,20:00,0.5, ,177040, ,17.46, ,59.70, ,99.3, 
2018/5/29,21:00,0.0, ,176930, ,16.82, ,43.00, ,99.3, 
2018/5/29,22:00,0.0, ,176870, ,12.19, ,20.90, ,99.3, 
2018/5/29,23:00,0.0, ,176820, ,12.19, ,20.70, ,99.3, 
2018/5/29,24:00,0.3, ,176760, ,10.58, ,20.80, ,99.3, 
2018/5/30,01:00,0.0, ,176760, ,6.36, ,20.80, ,99.3, 
2018/5/30,02:00,0.0, ,176650, ,12.90, ,31.60, ,99.3, 
2018/5/30,03:00,0.0, ,176530, ,10.34, ,57.60, ,99.3, 
2018/5/30,04:00,0.1, ,176310, ,9.17, ,60.00, ,99.2, 
2018/5/30,05:00,0.4, ,176140, ,10.48, ,56.20, ,99.1, 
2018/5/30,06:00,2.6, ,176020, ,6.03, ,33.40, ,99.1, 
2018/5/30,07:00,3.1, ,176020, ,10.62, ,19.30, ,99.1, 
2018/5/30,08:00,2.0, ,175970, ,5.71, ,19.20, ,99.1, 
2018/5/30,09:00,0.4, ,175910, ,13.44, ,33.20, ,99.1, 
2018/5/30,10:00,0.3, ,175850, ,9.74, ,23.70, ,99.1, 
2018/5/30,11:00,0.1, ,175850, ,10.98, ,0.00, ,99.2, 
2018/5/30,12:00,0.1, ,175850, ,0.00, ,0.00, ,99.2, 
2018/5/30,13:00,0.0, ,175910, ,15.44, ,0.00, ,99.3, 
2018/5/30,14:00,0.0, ,175970, ,11.51, ,0.00, ,99.4, 
2018/5/30,15:00,0.0, ,176020, ,11.78, ,0.00, ,99.5, 
2018/5/30,16:00,0.2, ,176020, ,17.50, ,18.10, ,99.5, 
2018/5/30,17:00,0.0, ,176020, ,22.47, ,26.90, ,99.5, 
2018/5/30,18:00,0.0, ,175970, ,24.04, ,35.50, ,99.5, 
2018/5/30,19:00,0.8, ,175910, ,15.04, ,35.50, ,99.6, 
2018/5/30,20:00,0.2, ,175800, ,18.38, ,38.60, ,99.5, 
2018/5/30,21:00,0.0, ,175740, ,14.97, ,36.50, ,99.5, 
2018/5/30,22:00,0.0, ,175680, ,11.44, ,19.30, ,99.5, 
2018/5/30,23:00,0.4, ,175680, ,10.38, ,19.30, ,99.6, 
2018/5/30,24:00,1.2, ,175680, ,19.27, ,19.20, ,99.6, 
2018/5/31,01:00,0.4, ,175630, ,3.82, ,19.30, ,99.6, 
2018/5/31,02:00,0.0, ,175570, ,17.94, ,19.20, ,99.6, 
2018/5/31,03:00,0.1, ,175570, ,4.61, ,19.30, ,99.7, 
2018/5/31,04:00,0.0, ,175510, ,6.74, ,19.30, ,99.7, 
2018/5/31,05:00,0.0, ,175400, ,6.17, ,28.30, ,99.7, 
2018/5/31,06:00,0.0, ,175350, ,6.77, ,28.40, ,99.7, 
2018/5/31,07:00,0.0, ,175230, ,6.76, ,25.10, ,99.6, 
2018/5/31,08:00,0.0, ,175230, ,0.95, ,0.00, ,99.7, 
2018/5/31,09:00,0.0, ,175230, ,0.00, ,0.00, ,99.7, 
2018/5/31,10:00,0.3, ,175290, ,5.22, ,0.00, ,99.8, 
2018/5/31,11:00,0.5, ,175290, ,10.45, ,0.00, ,99.9, 
2018/5/31,12:00,0.0, ,175350, ,8.62, ,0.00, ,99.9, 
2018/5/31,13:00,0.0, ,175400, ,19.07, ,0.00, ,100.0, 
2018/5/31,14:00,0.0, ,175400, ,12.64, ,17.80, ,100.0, 
2018/5/31,15:00,0.0, ,175350, ,26.31, ,37.20, ,100.0, 
2018/5/31,16:00,0.0, ,175230, ,16.22, ,60.70, ,100.0, 
2018/5/31,17:00,0.0, ,175010, ,17.10, ,60.70, ,99.9, 
2018/5/31,18:00,0.0, ,174890, ,13.53, ,60.60, ,99.9, 
2018/5/31,19:00,0.0, ,174730, ,16.66, ,60.70, ,99.8, 
2018/5/31,20:00,0.0, ,174560, ,14.28, ,60.90, ,99.8, 
2018/5/31,21:00,0.0, ,174390, ,16.29, ,60.80, ,99.7, 
2018/5/31,22:00,0.0, ,174220, ,12.94, ,60.60, ,99.6, 
2018/5/31,23:00,0.0, ,174050, ,15.99, ,52.80, ,99.6, 
2018/5/31,24:00,0.0, ,174050, ,13.85, ,31.00, ,99.6, 
