îCà”ä˙ä‘É_ÉÄèîó åüçıåãâ 
êÖånñº,ãgñÏêÏ
âÕêÏñº,ãgñÏêÏ
äœë™èäñº,ëÅñæâYÉ_ÉÄÅiã@ç\Åj
äœë™èäãLçÜ,1368080700010
#
#îNåéì˙,éûçè,ó¨àÊïΩãœâJó ,ó¨àÊïΩãœâJó ëÆê´,íôêÖó ,íôêÖó ëÆê´,ó¨ì¸ó ,ó¨ì¸ó ëÆê´,ï˙ó¨ó ,ï˙ó¨ó ëÆê´,íôêÖó¶,íôêÖó¶ëÆê´
#ëÆê´Å@$:åáë™ -:ñ¢éÛêM
#
2018/10/1,01:00,0.2, ,220570, ,892.69, ,729.37, ,100.0, 
2018/10/1,02:00,0.0, ,220500, ,717.21, ,609.36, ,100.0, 
2018/10/1,03:00,0.0, ,220570, ,595.42, ,488.37, ,100.0, 
2018/10/1,04:00,0.0, ,220630, ,519.35, ,487.56, ,100.0, 
2018/10/1,05:00,0.0, ,220570, ,481.41, ,447.10, ,100.0, 
2018/10/1,06:00,0.0, ,220500, ,430.16, ,397.68, ,100.0, 
2018/10/1,07:00,0.0, ,220370, ,386.25, ,397.18, ,100.0, 
2018/10/1,08:00,0.0, ,220180, ,351.89, ,396.40, ,100.0, 
2018/10/1,09:00,0.0, ,219920, ,326.47, ,395.56, ,100.0, 
2018/10/1,10:00,0.0, ,219540, ,309.19, ,394.16, ,100.0, 
2018/10/1,11:00,0.0, ,219150, ,283.58, ,369.16, ,100.0, 
2018/10/1,12:00,0.0, ,218770, ,265.23, ,367.75, ,100.0, 
2018/10/1,13:00,0.0, ,218260, ,245.39, ,366.09, ,100.0, 
2018/10/1,14:00,0.0, ,217880, ,231.38, ,336.98, ,100.0, 
2018/10/1,15:00,0.0, ,217430, ,218.58, ,335.66, ,100.0, 
2018/10/1,16:00,0.0, ,217050, ,208.09, ,302.66, ,100.0, 
2018/10/1,17:00,0.0, ,216660, ,195.96, ,301.50, ,100.0, 
2018/10/1,18:00,0.0, ,216220, ,187.79, ,300.24, ,100.0, 
2018/10/1,19:00,0.0, ,215840, ,176.14, ,277.06, ,100.0, 
2018/10/1,20:00,0.0, ,215520, ,173.79, ,252.18, ,100.0, 
2018/10/1,21:00,0.0, ,215200, ,165.01, ,251.46, ,100.0, 
2018/10/1,22:00,0.0, ,214820, ,156.59, ,250.56, ,100.0, 
2018/10/1,23:00,0.0, ,214440, ,147.06, ,249.66, ,100.0, 
2018/10/1,24:00,0.0, ,214060, ,142.17, ,248.78, ,100.0, 
2018/10/2,01:00,0.0, ,213620, ,133.45, ,247.74, ,100.0, 
2018/10/2,02:00,0.0, ,213180, ,129.73, ,231.14, ,100.0, 
2018/10/2,03:00,0.0, ,212800, ,123.92, ,230.20, ,100.0, 
2018/10/2,04:00,0.0, ,212430, ,121.05, ,229.46, ,100.0, 
2018/10/2,05:00,0.0, ,211990, ,117.68, ,228.30, ,100.0, 
2018/10/2,06:00,0.0, ,211610, ,111.15, ,215.10, ,100.0, 
2018/10/2,07:00,0.0, ,211230, ,111.36, ,214.22, ,100.0, 
2018/10/2,08:00,0.0, ,210860, ,108.43, ,213.52, ,100.0, 
2018/10/2,09:00,0.0, ,210420, ,103.10, ,212.48, ,100.0, 
2018/10/2,10:00,0.0, ,210050, ,101.79, ,211.68, ,100.0, 
2018/10/2,11:00,0.0, ,209670, ,99.63, ,200.30, ,100.0, 
2018/10/2,12:00,0.0, ,209300, ,100.42, ,199.64, ,100.0, 
2018/10/2,13:00,0.0, ,208930, ,97.28, ,198.98, ,100.0, 
2018/10/2,14:00,0.0, ,208550, ,93.24, ,198.20, ,100.0, 
2018/10/2,15:00,0.0, ,208120, ,88.80, ,197.10, ,100.0, 
2018/10/2,16:00,0.0, ,207750, ,86.45, ,196.54, ,100.0, 
2018/10/2,17:00,0.0, ,207320, ,81.88, ,195.62, ,100.0, 
2018/10/2,18:00,0.0, ,206880, ,78.24, ,194.82, ,100.0, 
2018/10/2,19:00,0.0, ,206510, ,76.80, ,181.84, ,100.0, 
2018/10/2,20:00,0.0, ,206140, ,75.03, ,181.12, ,100.0, 
2018/10/2,21:00,0.0, ,205710, ,73.35, ,180.48, ,100.0, 
2018/10/2,22:00,0.0, ,205340, ,71.77, ,179.20, ,100.0, 
2018/10/2,23:00,0.0, ,204970, ,69.81, ,178.38, ,100.0, 
2018/10/2,24:00,0.0, ,204540, ,69.04, ,165.18, ,100.0, 
2018/10/3,01:00,0.0, ,204230, ,65.16, ,164.72, ,100.0, 
2018/10/3,02:00,0.0, ,203860, ,66.96, ,164.18, ,100.0, 
2018/10/3,03:00,0.0, ,203490, ,64.25, ,163.52, ,100.0, 
2018/10/3,04:00,0.0, ,203120, ,64.84, ,162.76, ,100.0, 
2018/10/3,05:00,0.0, ,202750, ,61.69, ,162.58, ,100.0, 
2018/10/3,06:00,0.0, ,202390, ,59.71, ,161.92, ,100.0, 
2018/10/3,07:00,0.0, ,202020, ,61.06, ,161.44, ,100.0, 
2018/10/3,08:00,0.0, ,201650, ,59.09, ,160.66, ,100.0, 
2018/10/3,09:00,0.0, ,201290, ,56.51, ,159.98, ,100.0, 
2018/10/3,10:00,0.0, ,200920, ,56.20, ,159.40, ,100.0, 
2018/10/3,11:00,0.0, ,200550, ,56.85, ,158.70, ,100.0, 
2018/10/3,12:00,0.0, ,200190, ,54.37, ,157.90, ,100.0, 
2018/10/3,13:00,0.0, ,199760, ,54.06, ,157.40, ,100.0, 
2018/10/3,14:00,0.0, ,199400, ,51.55, ,156.58, ,100.0, 
2018/10/3,15:00,0.0, ,199040, ,53.23, ,155.78, ,100.0, 
2018/10/3,16:00,0.0, ,198790, ,53.35, ,125.56, ,100.0, 
2018/10/3,17:00,0.0, ,198550, ,47.11, ,95.94, ,100.0, 
2018/10/3,18:00,0.0, ,198430, ,48.52, ,95.14, ,100.0, 
2018/10/3,19:00,0.0, ,198250, ,45.56, ,69.60, ,100.0, 
2018/10/3,20:00,0.0, ,198130, ,45.65, ,69.57, ,100.0, 
2018/10/3,21:00,0.0, ,198070, ,43.87, ,69.55, ,100.0, 
2018/10/3,22:00,0.0, ,197950, ,47.23, ,60.28, ,100.0, 
2018/10/3,23:00,0.0, ,197890, ,42.62, ,60.28, ,100.0, 
2018/10/3,24:00,0.0, ,197830, ,39.34, ,60.28, ,100.0, 
2018/10/4,01:00,0.0, ,197770, ,42.43, ,60.37, ,100.0, 
2018/10/4,02:00,0.0, ,197700, ,41.88, ,60.27, ,100.0, 
2018/10/4,03:00,0.0, ,197640, ,39.33, ,60.37, ,100.0, 
2018/10/4,04:00,0.0, ,197520, ,38.25, ,60.36, ,100.0, 
2018/10/4,05:00,0.0, ,197460, ,34.61, ,60.25, ,100.0, 
2018/10/4,06:00,0.0, ,197400, ,45.22, ,60.25, ,100.0, 
2018/10/4,07:00,0.0, ,197280, ,38.23, ,60.24, ,100.0, 
2018/10/4,08:00,0.1, ,197220, ,33.74, ,60.24, ,100.0, 
2018/10/4,09:00,0.0, ,197160, ,39.08, ,60.34, ,100.0, 
2018/10/4,10:00,0.0, ,197040, ,41.31, ,60.33, ,100.0, 
2018/10/4,11:00,0.0, ,196980, ,29.59, ,60.33, ,100.0, 
2018/10/4,12:00,0.0, ,196860, ,39.94, ,60.22, ,100.0, 
2018/10/4,13:00,0.3, ,196800, ,32.93, ,60.21, ,100.0, 
2018/10/4,14:00,2.3, ,196740, ,44.10, ,60.31, ,100.0, 
2018/10/4,15:00,0.3, ,196680, ,41.88, ,60.31, ,100.0, 
2018/10/4,16:00,0.5, ,196560, ,34.91, ,60.40, ,100.0, 
2018/10/4,17:00,0.0, ,196500, ,33.72, ,57.10, ,100.0, 
2018/10/4,18:00,0.1, ,196380, ,31.39, ,57.20, ,100.0, 
2018/10/4,19:00,0.1, ,196320, ,34.08, ,57.10, ,100.0, 
2018/10/4,20:00,0.0, ,196260, ,36.29, ,57.10, ,100.0, 
2018/10/4,21:00,0.5, ,196140, ,37.97, ,57.20, ,100.0, 
2018/10/4,22:00,0.3, ,196080, ,32.14, ,57.30, ,100.0, 
2018/10/4,23:00,1.3, ,195960, ,33.59, ,57.30, ,100.0, 
2018/10/4,24:00,0.1, ,195900, ,30.54, ,57.20, ,100.0, 
2018/10/5,01:00,0.0, ,195780, ,36.87, ,57.10, ,100.0, 
2018/10/5,02:00,3.3, ,195720, ,30.20, ,57.20, ,100.0, 
2018/10/5,03:00,0.7, ,195660, ,39.41, ,57.20, ,100.0, 
2018/10/5,04:00,1.8, ,195540, ,30.23, ,57.00, ,100.0, 
2018/10/5,05:00,2.1, ,195480, ,32.96, ,57.10, ,100.0, 
2018/10/5,06:00,2.7, ,195420, ,32.12, ,57.10, ,100.0, 
2018/10/5,07:00,2.6, ,195300, ,33.79, ,57.10, ,100.0, 
2018/10/5,08:00,2.9, ,195240, ,34.33, ,57.10, ,100.0, 
2018/10/5,09:00,3.1, ,195240, ,51.54, ,57.20, ,100.0, 
2018/10/5,10:00,4.8, ,195240, ,57.10, ,57.10, ,100.0, 
2018/10/5,11:00,6.9, ,195300, ,65.69, ,57.10, ,100.0, 
2018/10/5,12:00,6.2, ,195540, ,100.66, ,57.10, ,100.0, 
2018/10/5,13:00,5.8, ,196020, ,144.57, ,57.20, ,100.0, 
2018/10/5,14:00,5.4, ,196680, ,236.90, ,96.22, ,100.0, 
2018/10/5,15:00,4.3, ,197280, ,302.91, ,254.92, ,100.0, 
2018/10/5,16:00,5.4, ,197280, ,338.05, ,378.30, ,100.0, 
2018/10/5,17:00,5.7, ,197160, ,350.92, ,377.24, ,100.0, 
2018/10/5,18:00,4.9, ,197220, ,394.22, ,377.96, ,100.0, 
2018/10/5,19:00,4.0, ,197280, ,493.92, ,494.68, ,100.0, 
2018/10/5,20:00,2.2, ,197100, ,481.51, ,551.10, ,100.0, 
2018/10/5,21:00,3.6, ,196800, ,443.29, ,486.64, ,100.0, 
2018/10/5,22:00,4.3, ,196620, ,409.08, ,428.75, ,100.0, 
2018/10/5,23:00,8.7, ,196500, ,389.32, ,418.74, ,100.0, 
2018/10/5,24:00,9.8, ,196560, ,436.67, ,419.22, ,100.0, 
2018/10/6,01:00,8.2, ,196920, ,561.98, ,529.08, ,100.0, 
2018/10/6,02:00,8.5, ,196920, ,615.80, ,626.44, ,100.0, 
2018/10/6,03:00,5.1, ,196920, ,605.82, ,626.54, ,100.0, 
2018/10/6,04:00,3.4, ,196800, ,610.04, ,624.62, ,100.0, 
2018/10/6,05:00,1.8, ,196680, ,566.07, ,578.36, ,100.0, 
2018/10/6,06:00,6.1, ,196560, ,500.72, ,517.54, ,100.0, 
2018/10/6,07:00,3.7, ,196440, ,464.43, ,462.08, ,100.0, 
2018/10/6,08:00,2.7, ,196440, ,452.37, ,447.26, ,100.0, 
2018/10/6,09:00,2.3, ,196500, ,450.79, ,447.80, ,100.0, 
2018/10/6,10:00,7.6, ,196440, ,423.16, ,385.54, ,100.0, 
2018/10/6,11:00,5.0, ,196440, ,394.77, ,364.98, ,100.0, 
2018/10/6,12:00,8.1, ,196800, ,496.65, ,462.68, ,100.0, 
2018/10/6,13:00,0.6, ,196740, ,484.17, ,499.74, ,100.0, 
2018/10/6,14:00,1.1, ,196620, ,466.54, ,467.96, ,100.0, 
2018/10/6,15:00,0.4, ,196620, ,414.77, ,407.96, ,100.0, 
2018/10/6,16:00,0.3, ,196500, ,344.49, ,339.18, ,100.0, 
2018/10/6,17:00,0.0, ,196560, ,295.63, ,259.02, ,100.0, 
2018/10/6,18:00,0.0, ,196620, ,289.50, ,259.58, ,100.0, 
2018/10/6,19:00,0.0, ,196680, ,265.41, ,259.76, ,100.0, 
2018/10/6,20:00,0.0, ,196680, ,246.16, ,229.74, ,100.0, 
2018/10/6,21:00,0.0, ,196740, ,217.54, ,187.14, ,100.0, 
2018/10/6,22:00,0.0, ,196800, ,214.18, ,187.30, ,100.0, 
2018/10/6,23:00,0.0, ,196860, ,202.39, ,187.48, ,100.0, 
2018/10/6,24:00,0.0, ,196920, ,200.37, ,172.12, ,100.0, 
2018/10/7,01:00,0.0, ,196980, ,186.12, ,172.18, ,100.0, 
2018/10/7,02:00,0.0, ,196980, ,180.10, ,172.28, ,100.0, 
2018/10/7,03:00,0.0, ,196980, ,169.98, ,151.94, ,100.0, 
2018/10/7,04:00,0.0, ,196980, ,154.76, ,151.94, ,100.0, 
2018/10/7,05:00,0.0, ,196980, ,151.99, ,152.04, ,100.0, 
2018/10/7,06:00,0.0, ,197040, ,147.87, ,126.64, ,100.0, 
2018/10/7,07:00,0.0, ,197100, ,143.10, ,126.74, ,100.0, 
2018/10/7,08:00,0.0, ,197100, ,135.68, ,126.84, ,100.0, 
2018/10/7,09:00,0.0, ,197100, ,125.17, ,114.04, ,100.0, 
2018/10/7,10:00,0.0, ,197160, ,131.76, ,113.90, ,100.0, 
2018/10/7,11:00,0.0, ,197220, ,116.40, ,113.88, ,100.0, 
2018/10/7,12:00,0.0, ,197220, ,128.73, ,114.08, ,100.0, 
2018/10/7,13:00,0.0, ,197220, ,113.17, ,99.88, ,100.0, 
2018/10/7,14:00,0.0, ,197220, ,102.82, ,99.78, ,100.0, 
2018/10/7,15:00,0.0, ,197280, ,98.28, ,84.16, ,100.0, 
2018/10/7,16:00,0.0, ,197340, ,102.77, ,83.88, ,100.0, 
2018/10/7,17:00,0.0, ,197340, ,99.75, ,84.18, ,100.0, 
2018/10/7,18:00,0.0, ,197400, ,89.14, ,84.22, ,100.0, 
2018/10/7,19:00,0.0, ,197400, ,95.86, ,84.22, ,100.0, 
2018/10/7,20:00,0.0, ,197400, ,84.18, ,84.22, ,100.0, 
2018/10/7,21:00,0.0, ,197460, ,85.58, ,84.26, ,100.0, 
2018/10/7,22:00,0.0, ,197460, ,99.57, ,84.26, ,100.0, 
2018/10/7,23:00,0.0, ,197460, ,84.14, ,83.44, ,100.0, 
2018/10/7,24:00,0.0, ,197460, ,83.63, ,83.44, ,100.0, 
2018/10/8,01:00,0.0, ,197460, ,83.53, ,83.54, ,100.0, 
2018/10/8,02:00,0.0, ,197460, ,83.49, ,83.54, ,100.0, 
2018/10/8,03:00,0.0, ,197400, ,70.92, ,83.50, ,100.0, 
2018/10/8,04:00,0.0, ,197340, ,71.81, ,70.66, ,100.0, 
2018/10/8,05:00,0.0, ,197340, ,64.26, ,70.66, ,100.0, 
2018/10/8,06:00,0.0, ,197340, ,70.65, ,70.66, ,100.0, 
2018/10/8,07:00,0.0, ,197340, ,70.69, ,70.66, ,100.0, 
2018/10/8,08:00,0.0, ,197340, ,70.62, ,70.13, ,100.0, 
2018/10/8,09:00,0.0, ,197280, ,65.16, ,70.22, ,100.0, 
2018/10/8,10:00,0.0, ,197280, ,58.36, ,70.12, ,100.0, 
2018/10/8,11:00,0.0, ,197220, ,68.13, ,70.00, ,100.0, 
2018/10/8,12:00,0.0, ,197220, ,55.29, ,70.10, ,100.0, 
2018/10/8,13:00,0.0, ,197160, ,59.40, ,64.65, ,100.0, 
2018/10/8,14:00,0.0, ,197160, ,56.13, ,64.05, ,100.0, 
2018/10/8,15:00,0.0, ,197160, ,64.09, ,63.85, ,100.0, 
2018/10/8,16:00,0.0, ,197160, ,63.92, ,63.95, ,100.0, 
2018/10/8,17:00,0.0, ,197100, ,60.00, ,63.95, ,100.0, 
2018/10/8,18:00,0.0, ,197100, ,51.02, ,63.85, ,100.0, 
2018/10/8,19:00,0.0, ,197100, ,61.30, ,57.40, ,100.0, 
2018/10/8,20:00,0.0, ,197040, ,55.58, ,57.50, ,100.0, 
2018/10/8,21:00,0.0, ,197040, ,42.76, ,57.70, ,100.0, 
2018/10/8,22:00,0.0, ,197040, ,57.57, ,57.80, ,100.0, 
2018/10/8,23:00,0.0, ,196980, ,44.46, ,57.50, ,100.0, 
2018/10/8,24:00,0.0, ,196980, ,53.91, ,57.50, ,100.0, 
2018/10/9,01:00,0.0, ,196920, ,42.45, ,57.50, ,100.0, 
2018/10/9,02:00,0.0, ,196860, ,55.58, ,57.60, ,100.0, 
2018/10/9,03:00,0.0, ,196860, ,41.08, ,57.50, ,100.0, 
2018/10/9,04:00,0.0, ,196800, ,48.66, ,57.50, ,100.0, 
2018/10/9,05:00,0.0, ,196740, ,48.93, ,57.50, ,100.0, 
2018/10/9,06:00,0.0, ,196740, ,41.68, ,57.50, ,100.0, 
2018/10/9,07:00,0.0, ,196680, ,42.51, ,57.50, ,100.0, 
2018/10/9,08:00,0.0, ,196620, ,43.62, ,57.60, ,100.0, 
2018/10/9,09:00,0.0, ,196560, ,40.59, ,57.70, ,100.0, 
2018/10/9,10:00,0.0, ,196500, ,42.86, ,57.70, ,100.0, 
2018/10/9,11:00,0.0, ,196440, ,43.42, ,57.70, ,100.0, 
2018/10/9,12:00,0.0, ,196380, ,40.40, ,57.70, ,100.0, 
2018/10/9,13:00,0.0, ,196320, ,43.17, ,57.70, ,100.0, 
2018/10/9,14:00,0.0, ,196260, ,37.06, ,57.70, ,100.0, 
2018/10/9,15:00,0.0, ,196140, ,38.46, ,57.60, ,100.0, 
2018/10/9,16:00,0.0, ,196080, ,32.61, ,57.60, ,100.0, 
2018/10/9,17:00,0.0, ,196020, ,35.93, ,57.60, ,100.0, 
2018/10/9,18:00,0.0, ,195900, ,31.73, ,57.60, ,100.0, 
2018/10/9,19:00,0.0, ,195840, ,33.39, ,57.60, ,100.0, 
2018/10/9,20:00,0.0, ,195720, ,34.75, ,57.60, ,100.0, 
2018/10/9,21:00,0.0, ,195660, ,33.65, ,57.60, ,100.0, 
2018/10/9,22:00,0.0, ,195540, ,34.80, ,57.50, ,100.0, 
2018/10/9,23:00,0.0, ,195480, ,28.70, ,57.60, ,100.0, 
2018/10/9,24:00,0.0, ,195360, ,30.93, ,57.70, ,100.0, 
2018/10/10,01:00,0.0, ,195300, ,28.47, ,57.60, ,100.0, 
2018/10/10,02:00,0.0, ,195180, ,37.04, ,57.50, ,100.0, 
2018/10/10,03:00,0.2, ,195120, ,31.75, ,57.50, ,100.0, 
2018/10/10,04:00,0.0, ,195000, ,30.64, ,57.50, ,100.0, 
2018/10/10,05:00,0.0, ,194880, ,32.57, ,57.50, ,100.0, 
2018/10/10,06:00,0.0, ,194760, ,23.43, ,57.50, ,100.0, 
2018/10/10,07:00,0.1, ,194700, ,32.03, ,57.50, ,100.0, 
2018/10/10,08:00,0.5, ,194580, ,29.81, ,57.50, ,100.0, 
2018/10/10,09:00,1.4, ,194520, ,33.98, ,57.60, ,100.0, 
2018/10/10,10:00,0.0, ,194400, ,33.71, ,57.50, ,100.0, 
2018/10/10,11:00,0.0, ,194340, ,29.85, ,57.60, ,100.0, 
2018/10/10,12:00,0.0, ,194220, ,26.83, ,57.50, ,100.0, 
2018/10/10,13:00,0.0, ,194100, ,30.13, ,57.40, ,100.0, 
2018/10/10,14:00,0.0, ,194040, ,34.31, ,57.50, ,100.0, 
2018/10/10,15:00,0.0, ,193920, ,30.98, ,57.30, ,100.0, 
2018/10/10,16:00,0.0, ,193860, ,30.64, ,57.40, ,100.0, 
2018/10/10,17:00,0.0, ,193750, ,25.73, ,57.50, ,100.0, 
2018/10/10,18:00,1.5, ,193630, ,29.85, ,57.40, ,100.0, 
2018/10/10,19:00,0.0, ,193510, ,31.50, ,57.40, ,100.0, 
2018/10/10,20:00,0.0, ,193450, ,28.23, ,57.50, ,100.0, 
2018/10/10,21:00,0.0, ,193330, ,29.05, ,57.40, ,100.0, 
2018/10/10,22:00,0.5, ,193210, ,32.60, ,57.50, ,100.0, 
2018/10/10,23:00,0.8, ,193150, ,29.05, ,57.40, ,100.0, 
2018/10/10,24:00,0.1, ,193030, ,31.80, ,57.30, ,100.0, 
2018/10/11,01:00,0.0, ,192910, ,27.64, ,57.30, ,99.9, 
2018/10/11,02:00,0.9, ,192790, ,28.98, ,57.40, ,99.8, 
2018/10/11,03:00,0.9, ,192730, ,28.18, ,57.30, ,99.8, 
2018/10/11,04:00,0.7, ,192670, ,38.39, ,57.40, ,99.8, 
2018/10/11,05:00,0.6, ,192550, ,36.19, ,57.30, ,99.7, 
2018/10/11,06:00,0.7, ,192500, ,27.65, ,57.30, ,99.7, 
2018/10/11,07:00,2.0, ,192380, ,35.08, ,57.40, ,99.6, 
2018/10/11,08:00,1.5, ,192320, ,31.01, ,57.50, ,99.6, 
2018/10/11,09:00,0.2, ,192200, ,29.11, ,57.40, ,99.5, 
2018/10/11,10:00,0.1, ,192140, ,34.29, ,57.30, ,99.4, 
2018/10/11,11:00,0.9, ,192020, ,27.64, ,57.30, ,99.4, 
2018/10/11,12:00,1.2, ,191960, ,35.91, ,57.40, ,99.3, 
2018/10/11,13:00,0.9, ,191840, ,31.54, ,57.40, ,99.2, 
2018/10/11,14:00,0.8, ,191780, ,35.97, ,57.40, ,99.2, 
2018/10/11,15:00,0.7, ,191720, ,40.09, ,57.20, ,99.2, 
2018/10/11,16:00,0.1, ,191610, ,33.43, ,57.40, ,99.1, 
2018/10/11,17:00,0.7, ,191550, ,34.26, ,57.30, ,99.1, 
2018/10/11,18:00,0.9, ,191490, ,36.44, ,57.30, ,99.0, 
2018/10/11,19:00,0.1, ,191370, ,30.13, ,57.20, ,98.9, 
2018/10/11,20:00,0.0, ,191310, ,35.74, ,57.80, ,98.9, 
2018/10/11,21:00,0.0, ,191190, ,28.74, ,57.90, ,98.8, 
2018/10/11,22:00,0.0, ,191070, ,37.31, ,57.90, ,98.8, 
2018/10/11,23:00,0.0, ,191010, ,30.24, ,57.90, ,98.7, 
2018/10/11,24:00,0.0, ,190900, ,34.62, ,57.70, ,100.0, 
2018/10/12,01:00,0.0, ,190840, ,31.36, ,57.90, ,100.0, 
2018/10/12,02:00,0.0, ,190720, ,29.17, ,57.90, ,99.9, 
2018/10/12,03:00,0.0, ,190660, ,33.80, ,57.80, ,99.8, 
2018/10/12,04:00,0.0, ,190540, ,35.19, ,57.80, ,99.8, 
2018/10/12,05:00,0.0, ,190480, ,29.98, ,57.90, ,99.7, 
2018/10/12,06:00,0.0, ,190360, ,33.26, ,57.80, ,99.7, 
2018/10/12,07:00,0.0, ,190250, ,29.97, ,57.80, ,99.6, 
2018/10/12,08:00,0.0, ,190130, ,26.17, ,57.80, ,99.5, 
2018/10/12,09:00,0.0, ,190070, ,31.64, ,58.00, ,99.5, 
2018/10/12,10:00,0.0, ,189950, ,31.70, ,57.90, ,99.4, 
2018/10/12,11:00,0.0, ,189830, ,30.37, ,57.90, ,99.3, 
2018/10/12,12:00,0.0, ,189770, ,30.13, ,57.90, ,99.3, 
2018/10/12,13:00,0.0, ,189660, ,26.32, ,58.00, ,99.2, 
2018/10/12,14:00,0.0, ,189540, ,30.16, ,58.10, ,99.1, 
2018/10/12,15:00,0.0, ,189420, ,26.64, ,57.80, ,99.1, 
2018/10/12,16:00,0.0, ,189360, ,30.97, ,58.00, ,99.0, 
2018/10/12,17:00,0.0, ,189190, ,26.90, ,57.90, ,98.9, 
2018/10/12,18:00,0.0, ,189130, ,25.79, ,57.80, ,98.9, 
2018/10/12,19:00,0.0, ,188950, ,28.72, ,57.80, ,98.8, 
2018/10/12,20:00,0.0, ,188830, ,19.99, ,57.90, ,98.7, 
2018/10/12,21:00,0.0, ,188720, ,25.23, ,57.90, ,98.6, 
2018/10/12,22:00,0.0, ,188600, ,22.49, ,57.90, ,98.5, 
2018/10/12,23:00,0.0, ,188480, ,27.07, ,57.80, ,98.5, 
2018/10/12,24:00,0.0, ,188360, ,22.16, ,57.80, ,100.0, 
2018/10/13,01:00,0.0, ,188250, ,21.55, ,57.60, ,99.9, 
2018/10/13,02:00,0.0, ,188130, ,26.20, ,57.70, ,99.9, 
2018/10/13,03:00,0.0, ,188010, ,22.15, ,57.80, ,99.8, 
2018/10/13,04:00,0.0, ,187890, ,25.99, ,57.80, ,99.7, 
2018/10/13,05:00,0.0, ,187780, ,21.39, ,57.70, ,99.6, 
2018/10/13,06:00,0.0, ,187600, ,21.66, ,57.70, ,99.5, 
2018/10/13,07:00,0.0, ,187480, ,24.13, ,58.20, ,99.4, 
2018/10/13,08:00,0.0, ,187370, ,23.92, ,58.40, ,99.4, 
2018/10/13,09:00,0.0, ,187250, ,18.20, ,58.50, ,99.3, 
2018/10/13,10:00,0.0, ,187130, ,23.70, ,58.40, ,99.2, 
2018/10/13,11:00,0.0, ,187010, ,25.06, ,58.40, ,99.1, 
2018/10/13,12:00,0.0, ,186840, ,24.56, ,58.40, ,99.0, 
2018/10/13,13:00,0.0, ,186720, ,23.99, ,58.50, ,99.0, 
2018/10/13,14:00,0.0, ,186600, ,19.67, ,58.40, ,98.9, 
2018/10/13,15:00,0.0, ,186490, ,23.47, ,58.30, ,98.8, 
2018/10/13,16:00,0.0, ,186310, ,21.02, ,58.40, ,98.7, 
2018/10/13,17:00,0.0, ,186200, ,22.40, ,58.30, ,98.6, 
2018/10/13,18:00,0.0, ,186080, ,24.04, ,58.40, ,98.6, 
2018/10/13,19:00,0.0, ,185960, ,24.01, ,58.30, ,98.5, 
2018/10/13,20:00,0.0, ,185850, ,19.97, ,58.40, ,98.4, 
2018/10/13,21:00,0.0, ,185670, ,24.32, ,58.30, ,98.3, 
2018/10/13,22:00,0.0, ,185550, ,22.14, ,58.40, ,98.2, 
2018/10/13,23:00,0.0, ,185440, ,19.72, ,58.20, ,98.2, 
2018/10/13,24:00,0.0, ,185320, ,23.48, ,58.10, ,100.0, 
2018/10/14,01:00,0.0, ,185200, ,19.08, ,41.80, ,99.9, 
2018/10/14,02:00,0.0, ,185200, ,19.03, ,28.40, ,99.9, 
2018/10/14,03:00,0.0, ,185150, ,24.10, ,28.40, ,99.9, 
2018/10/14,04:00,0.0, ,185090, ,18.74, ,50.60, ,99.9, 
2018/10/14,05:00,0.0, ,184970, ,21.28, ,50.60, ,99.8, 
2018/10/14,06:00,0.0, ,184910, ,19.91, ,28.40, ,99.7, 
2018/10/14,07:00,0.0, ,184910, ,21.74, ,28.50, ,99.7, 
2018/10/14,08:00,0.0, ,184850, ,23.87, ,28.50, ,99.7, 
2018/10/14,09:00,0.0, ,184850, ,16.85, ,28.60, ,99.7, 
2018/10/14,10:00,0.0, ,184800, ,15.27, ,28.50, ,99.7, 
2018/10/14,11:00,0.0, ,184800, ,25.46, ,28.50, ,99.7, 
2018/10/14,12:00,0.0, ,184740, ,12.82, ,28.50, ,99.6, 
2018/10/14,13:00,0.0, ,184680, ,27.33, ,28.40, ,99.6, 
2018/10/14,14:00,0.0, ,184680, ,12.79, ,28.60, ,99.6, 
2018/10/14,15:00,0.0, ,184620, ,25.04, ,28.60, ,99.6, 
2018/10/14,16:00,0.0, ,184620, ,15.92, ,28.60, ,99.6, 
2018/10/14,17:00,0.0, ,184510, ,21.26, ,50.60, ,99.5, 
2018/10/14,18:00,0.0, ,184390, ,21.49, ,50.60, ,99.4, 
2018/10/14,19:00,0.0, ,184270, ,18.82, ,50.60, ,99.3, 
2018/10/14,20:00,0.0, ,184160, ,22.37, ,53.40, ,99.3, 
2018/10/14,21:00,0.0, ,184040, ,20.41, ,50.80, ,99.2, 
2018/10/14,22:00,0.0, ,184040, ,18.66, ,28.40, ,99.2, 
2018/10/14,23:00,0.0, ,183980, ,16.34, ,30.60, ,99.2, 
2018/10/14,24:00,0.0, ,183920, ,23.42, ,28.60, ,100.0, 
2018/10/15,01:00,0.0, ,183920, ,10.96, ,19.00, ,100.0, 
2018/10/15,02:00,0.0, ,183920, ,18.90, ,18.70, ,100.0, 
2018/10/15,03:00,0.0, ,183920, ,18.86, ,19.30, ,100.0, 
2018/10/15,04:00,0.0, ,183810, ,12.86, ,46.40, ,99.9, 
2018/10/15,05:00,0.0, ,183630, ,25.12, ,59.40, ,99.8, 
2018/10/15,06:00,0.0, ,183520, ,18.25, ,58.90, ,99.7, 
2018/10/15,07:00,0.0, ,183520, ,14.84, ,18.80, ,99.7, 
2018/10/15,08:00,0.0, ,183520, ,18.73, ,18.70, ,99.7, 
2018/10/15,09:00,0.0, ,183520, ,18.69, ,18.70, ,99.7, 
2018/10/15,10:00,0.0, ,183520, ,18.67, ,18.70, ,99.7, 
2018/10/15,11:00,0.0, ,183460, ,6.29, ,18.60, ,99.7, 
2018/10/15,12:00,0.0, ,183460, ,14.91, ,18.60, ,99.7, 
2018/10/15,13:00,0.0, ,183460, ,18.64, ,18.80, ,99.7, 
2018/10/15,14:00,0.0, ,183460, ,18.68, ,18.70, ,99.7, 
2018/10/15,15:00,0.0, ,183460, ,18.66, ,18.50, ,99.7, 
2018/10/15,16:00,0.0, ,183460, ,18.58, ,18.80, ,99.7, 
2018/10/15,17:00,0.0, ,183340, ,14.53, ,46.70, ,99.6, 
2018/10/15,18:00,0.0, ,183230, ,24.48, ,46.80, ,99.6, 
2018/10/15,19:00,0.0, ,183110, ,15.56, ,59.60, ,99.5, 
2018/10/15,20:00,0.0, ,182940, ,21.24, ,59.50, ,99.4, 
2018/10/15,21:00,0.0, ,182820, ,16.46, ,59.50, ,99.3, 
2018/10/15,22:00,0.0, ,182650, ,21.31, ,59.20, ,99.2, 
2018/10/15,23:00,0.0, ,182650, ,12.58, ,20.70, ,99.2, 
2018/10/15,24:00,0.0, ,182650, ,20.60, ,20.60, ,100.0, 
2018/10/16,01:00,0.0, ,182650, ,10.37, ,0.00, ,100.0, 
2018/10/16,02:00,0.0, ,182710, ,1.07, ,0.00, ,100.0, 
2018/10/16,03:00,0.0, ,182710, ,14.97, ,0.00, ,100.0, 
2018/10/16,04:00,0.0, ,182770, ,12.31, ,0.00, ,100.0, 
2018/10/16,05:00,0.0, ,182820, ,10.97, ,0.00, ,100.0, 
2018/10/16,06:00,0.0, ,182820, ,8.83, ,0.00, ,100.0, 
2018/10/16,07:00,0.0, ,182880, ,7.22, ,0.00, ,100.0, 
2018/10/16,08:00,0.0, ,182880, ,17.79, ,18.00, ,100.0, 
2018/10/16,09:00,0.0, ,182820, ,14.24, ,0.00,#,100.0, 
2018/10/16,10:00,0.0, ,182820, ,5.62, ,0.00,#,100.0, 
2018/10/16,11:00,0.0, ,182820, ,17.93, ,0.00,#,100.0, 
2018/10/16,12:00,0.0, ,182820, ,19.06, ,0.00,#,100.0, 
2018/10/16,13:00,0.0, ,182820, ,10.45, ,0.00,#,100.0, 
2018/10/16,14:00,0.0, ,182820, ,8.80, ,0.00,#,100.0, 
2018/10/16,15:00,0.0, ,182820, ,17.69, ,0.00,#,100.0, 
2018/10/16,16:00,0.0, ,182820, ,18.96, ,0.00,#,100.0, 
2018/10/16,17:00,0.0, ,182820, ,20.15, ,18.90, ,100.0, 
2018/10/16,18:00,0.0, ,182710, ,19.43, ,42.30, ,100.0, 
2018/10/16,19:00,0.0, ,182590, ,17.11, ,59.00, ,100.0, 
2018/10/16,20:00,0.0, ,182590, ,19.93, ,19.10, ,100.0, 
2018/10/16,21:00,0.0, ,182530, ,3.67, ,19.10, ,99.9, 
2018/10/16,22:00,0.0, ,182530, ,18.62, ,19.30, ,99.9, 
2018/10/16,23:00,0.0, ,182530, ,19.14, ,19.10, ,99.9, 
2018/10/16,24:00,0.6, ,182480, ,8.68, ,19.10, ,100.0, 
2018/10/17,01:00,0.3, ,182480, ,13.50, ,19.10, ,100.0, 
2018/10/17,02:00,0.0, ,182480, ,19.12, ,19.20, ,100.0, 
2018/10/17,03:00,0.0, ,182420, ,8.73, ,19.10, ,100.0, 
2018/10/17,04:00,0.0, ,182360, ,8.50, ,32.60, ,99.9, 
2018/10/17,05:00,0.0, ,182300, ,11.42, ,18.80, ,99.9, 
2018/10/17,06:00,0.0, ,182250, ,2.17, ,18.80, ,99.9, 
2018/10/17,07:00,0.0, ,182250, ,9.23, ,0.00, ,99.9, 
2018/10/17,08:00,0.0, ,182250, ,0.00, ,0.00, ,99.9, 
2018/10/17,09:00,0.0, ,0,#,0.00,#,0.00,#,0.0,-
2018/10/17,10:00,0.0, ,0,#,0.00,#,0.00,#,0.0,-
2018/10/17,11:00,0.0, ,0,#,0.00,#,0.00,#,0.0,-
2018/10/17,12:00,0.0, ,0,#,0.00,#,0.00,#,0.0,-
2018/10/17,13:00,0.0, ,0,#,0.00,#,0.00,#,0.0,-
2018/10/17,14:00,0.0, ,0,#,0.00,#,0.00,#,0.0,-
2018/10/17,15:00,0.0, ,0,#,0.00,#,0.00,#,0.0,-
2018/10/17,16:00,0.0, ,0,#,0.00,#,0.00,#,0.0,-
2018/10/17,17:00,0.0, ,182130, ,18.73, ,60.20, ,99.8, 
2018/10/17,18:00,0.0, ,181960, ,17.96, ,60.20, ,99.7, 
2018/10/17,19:00,0.0, ,181780, ,14.53, ,60.30, ,99.6, 
2018/10/17,20:00,0.0, ,181730, ,12.23, ,37.30, ,99.5, 
2018/10/17,21:00,0.0, ,181610, ,14.91, ,37.30, ,99.4, 
2018/10/17,22:00,0.0, ,181550, ,19.97, ,37.20, ,99.4, 
2018/10/17,23:00,0.0, ,181500, ,16.50, ,37.20, ,99.4, 
2018/10/17,24:00,0.0, ,181440, ,16.78, ,37.20, ,100.0, 
2018/10/18,01:00,0.0, ,181380, ,12.58, ,20.60, ,100.0, 
2018/10/18,02:00,0.0, ,181380, ,14.65, ,18.80, ,100.0, 
2018/10/18,03:00,0.0, ,181320, ,4.52, ,18.90, ,99.9, 
2018/10/18,04:00,0.0, ,181270, ,10.14, ,18.70, ,99.9, 
2018/10/18,05:00,0.0, ,181210, ,3.18, ,18.80, ,99.9, 
2018/10/18,06:00,0.0, ,181150, ,8.50, ,18.90, ,99.8, 
2018/10/18,07:00,0.0, ,181150, ,0.31, ,0.00, ,99.8, 
2018/10/18,08:00,0.0, ,181150, ,0.00, ,0.00, ,99.8, 
2018/10/18,09:00,0.0, ,181150, ,0.00, ,0.00,#,99.8, 
2018/10/18,10:00,0.0, ,181210, ,9.84, ,0.00,#,99.9, 
2018/10/18,11:00,0.0, ,181270, ,19.43, ,0.00,#,99.9, 
2018/10/18,12:00,0.0, ,181320, ,13.04, ,0.00,#,99.9, 
2018/10/18,13:00,0.0, ,181380, ,12.24, ,0.00,#,100.0, 
2018/10/18,14:00,0.0, ,181440, ,17.31, ,0.00,#,100.0, 
2018/10/18,15:00,0.0, ,181500, ,11.99, ,0.00,#,100.0, 
2018/10/18,16:00,0.0, ,181550, ,13.58, ,0.00,#,100.0, 
2018/10/18,17:00,0.1, ,181550, ,28.28, ,27.60, ,100.0, 
2018/10/18,18:00,0.6, ,181500, ,22.57, ,35.20, ,100.0, 
2018/10/18,19:00,0.0, ,181380, ,14.64, ,35.20, ,100.0, 
2018/10/18,20:00,0.0, ,181320, ,11.98, ,34.60, ,99.9, 
2018/10/18,21:00,0.0, ,181320, ,14.98, ,18.70, ,99.9, 
2018/10/18,22:00,0.0, ,181320, ,9.48, ,0.00, ,99.9, 
2018/10/18,23:00,0.0, ,181320, ,0.00, ,0.00, ,99.9, 
2018/10/18,24:00,0.0, ,181380, ,10.38, ,0.00, ,100.0, 
2018/10/19,01:00,0.0, ,181440, ,14.11, ,0.00, ,100.0, 
2018/10/19,02:00,0.0, ,181500, ,12.25, ,0.00, ,100.0, 
2018/10/19,03:00,0.0, ,181500, ,11.19, ,0.00, ,100.0, 
2018/10/19,04:00,0.0, ,181550, ,15.18, ,0.00, ,100.0, 
2018/10/19,05:00,0.0, ,181550, ,0.80, ,0.00, ,100.0, 
2018/10/19,06:00,0.0, ,181610, ,8.53, ,0.00, ,100.0, 
2018/10/19,07:00,0.0, ,181610, ,7.46, ,0.40, ,100.0, 
2018/10/19,08:00,0.0, ,181610, ,13.96, ,27.70, ,100.0, 
2018/10/19,09:00,0.0, ,181440, ,15.70, ,0.00,#,100.0, 
2018/10/19,10:00,0.0, ,181270, ,10.60, ,0.00,#,99.9, 
2018/10/19,11:00,0.0, ,181150, ,17.04, ,0.00,#,99.9, 
2018/10/19,12:00,0.0, ,181040, ,16.93, ,0.00,#,99.8, 
2018/10/19,13:00,0.0, ,181040, ,6.30, ,0.00,#,99.8, 
2018/10/19,14:00,0.0, ,181090, ,7.71, ,0.00,#,99.8, 
2018/10/19,15:00,0.0, ,181150, ,11.70, ,0.00,#,99.9, 
2018/10/19,16:00,0.0, ,181150, ,12.50, ,0.00,#,99.9, 
2018/10/19,17:00,0.0, ,181210, ,8.78, ,0.00, ,99.9, 
2018/10/19,18:00,0.0, ,181270, ,17.56, ,0.00, ,99.9, 
2018/10/19,19:00,0.0, ,181320, ,13.04, ,0.00, ,100.0, 
2018/10/19,20:00,0.1, ,181380, ,11.45, ,0.00, ,100.0, 
2018/10/19,21:00,0.0, ,181380, ,13.04, ,0.00, ,100.0, 
2018/10/19,22:00,0.3, ,181440, ,13.58, ,0.00, ,100.0, 
2018/10/19,23:00,0.4, ,181500, ,11.99, ,0.00, ,100.0, 
2018/10/19,24:00,0.5, ,181550, ,18.64, ,0.00, ,100.0, 
2018/10/20,01:00,0.1, ,181610, ,12.26, ,0.00, ,100.0, 
2018/10/20,02:00,0.2, ,181610, ,7.46, ,0.00, ,100.0, 
2018/10/20,03:00,0.1, ,181670, ,1.87, ,0.00, ,100.0, 
2018/10/20,04:00,0.0, ,181670, ,14.12, ,0.00, ,100.0, 
2018/10/20,05:00,0.3, ,181670, ,0.00, ,0.00, ,100.0, 
2018/10/20,06:00,0.1, ,181670, ,0.00, ,0.00, ,100.0, 
2018/10/20,07:00,0.1, ,181730, ,14.66, ,0.00, ,100.0, 
2018/10/20,08:00,0.0, ,181730, ,1.33, ,0.00, ,100.0, 
2018/10/20,09:00,0.0, ,181780, ,4.53, ,0.00, ,100.0, 
2018/10/20,10:00,0.0, ,181840, ,14.13, ,0.00, ,100.0, 
2018/10/20,11:00,0.0, ,181900, ,19.47, ,0.00, ,100.0, 
2018/10/20,12:00,0.0, ,181900, ,9.87, ,0.00, ,100.0, 
2018/10/20,13:00,0.0, ,181960, ,14.13, ,0.00, ,100.0, 
2018/10/20,14:00,0.0, ,182020, ,13.61, ,0.00, ,100.0, 
2018/10/20,15:00,0.0, ,182070, ,11.47, ,0.00, ,100.0, 
2018/10/20,16:00,0.0, ,182130, ,13.88, ,0.50, ,100.0, 
2018/10/20,17:00,0.0, ,182070, ,24.63, ,28.10, ,100.0, 
2018/10/20,18:00,0.0, ,181960, ,12.53, ,56.80, ,100.0, 
2018/10/20,19:00,0.0, ,181780, ,16.88, ,59.20, ,100.0, 
2018/10/20,20:00,0.0, ,181610, ,12.96, ,59.00, ,100.0, 
2018/10/20,21:00,0.0, ,181550, ,13.30, ,36.00, ,100.0, 
2018/10/20,22:00,0.0, ,181550, ,9.60, ,0.00, ,100.0, 
2018/10/20,23:00,0.0, ,181550, ,0.00, ,0.00, ,100.0, 
2018/10/20,24:00,0.0, ,181610, ,15.72, ,0.00, ,100.0, 
2018/10/21,01:00,0.0, ,181670, ,8.53, ,0.00, ,100.0, 
2018/10/21,02:00,0.0, ,181670, ,7.73, ,0.00, ,100.0, 
2018/10/21,03:00,0.0, ,181730, ,0.53, ,0.00, ,100.0, 
2018/10/21,04:00,0.0, ,181730, ,15.46, ,0.00, ,100.0, 
2018/10/21,05:00,0.0, ,181730, ,0.00, ,0.00, ,100.0, 
2018/10/21,06:00,0.0, ,181730, ,0.00, ,0.00, ,100.0, 
2018/10/21,07:00,0.0, ,181780, ,6.40, ,0.00, ,100.0, 
2018/10/21,08:00,0.0, ,181780, ,9.59, ,0.00, ,100.0, 
2018/10/21,09:00,0.0, ,181780, ,0.00, ,0.00, ,100.0, 
2018/10/21,10:00,0.0, ,181840, ,14.13, ,0.00, ,100.0, 
2018/10/21,11:00,0.0, ,181900, ,11.73, ,0.00, ,100.0, 
2018/10/21,12:00,0.0, ,181960, ,10.13, ,0.00, ,100.0, 
2018/10/21,13:00,0.0, ,182020, ,13.07, ,0.00, ,100.0, 
2018/10/21,14:00,0.0, ,182020, ,14.94, ,0.00, ,100.0, 
2018/10/21,15:00,0.0, ,182070, ,10.14, ,0.00, ,100.0, 
2018/10/21,16:00,0.0, ,182130, ,14.94, ,0.10, ,100.0, 
2018/10/21,17:00,0.0, ,182130, ,20.94, ,27.80, ,100.0, 
2018/10/21,18:00,0.0, ,182020, ,22.04, ,49.40, ,100.0, 
2018/10/21,19:00,0.0, ,181840, ,10.87, ,60.10, ,100.0, 
2018/10/21,20:00,0.0, ,181670, ,12.90, ,59.80, ,100.0, 
2018/10/21,21:00,0.0, ,181610, ,9.69, ,20.50, ,100.0, 
2018/10/21,22:00,0.0, ,181610, ,4.67, ,0.00, ,100.0, 
2018/10/21,23:00,0.0, ,181610, ,0.00, ,0.00, ,100.0, 
2018/10/21,24:00,0.0, ,181670, ,9.33, ,0.00, ,100.0, 
2018/10/22,01:00,0.0, ,181670, ,6.66, ,0.00, ,100.0, 
2018/10/22,02:00,0.0, ,181730, ,13.33, ,0.00, ,100.0, 
2018/10/22,03:00,0.0, ,181730, ,2.67, ,0.00, ,100.0, 
2018/10/22,04:00,0.0, ,181730, ,0.00, ,0.00, ,100.0, 
2018/10/22,05:00,0.0, ,181780, ,8.79, ,0.00, ,100.0, 
2018/10/22,06:00,0.0, ,181780, ,7.20, ,0.00, ,100.0, 
2018/10/22,07:00,0.0, ,181780, ,0.00, ,0.00, ,100.0, 
2018/10/22,08:00,0.0, ,181780, ,0.00, ,0.00, ,100.0, 
2018/10/22,09:00,0.0, ,181840, ,3.47, ,0.00, ,100.0, 
2018/10/22,10:00,0.0, ,181840, ,12.53, ,0.00, ,100.0, 
2018/10/22,11:00,0.0, ,181900, ,12.27, ,0.00, ,100.0, 
2018/10/22,12:00,0.0, ,181960, ,12.27, ,0.00, ,100.0, 
2018/10/22,13:00,0.0, ,182020, ,15.20, ,0.00, ,100.0, 
2018/10/22,14:00,0.0, ,182020, ,8.27, ,0.00, ,100.0, 
2018/10/22,15:00,0.0, ,182070, ,13.88, ,0.00, ,100.0, 
2018/10/22,16:00,0.0, ,182130, ,12.54, ,0.00, ,100.0, 
2018/10/22,17:00,0.0, ,182130, ,19.67, ,27.90, ,100.0, 
2018/10/22,18:00,0.0, ,182020, ,22.40, ,49.40, ,100.0, 
2018/10/22,19:00,0.0, ,181840, ,13.32, ,59.50, ,100.0, 
2018/10/22,20:00,0.0, ,181670, ,11.84, ,59.30, ,100.0, 
2018/10/22,21:00,0.0, ,181610, ,7.92, ,20.80, ,100.0, 
2018/10/22,22:00,0.0, ,181610, ,4.81, ,0.00, ,100.0, 
2018/10/22,23:00,0.0, ,181610, ,0.00, ,0.00, ,100.0, 
2018/10/22,24:00,0.0, ,181670, ,11.46, ,0.00, ,100.0, 
2018/10/23,01:00,0.0, ,181670, ,4.53, ,0.00, ,100.0, 
2018/10/23,02:00,0.0, ,181730, ,8.79, ,0.00, ,100.0, 
2018/10/23,03:00,0.0, ,181730, ,7.20, ,0.00, ,100.0, 
2018/10/23,04:00,0.0, ,181730, ,0.00, ,0.00, ,100.0, 
2018/10/23,05:00,0.0, ,181780, ,5.33, ,0.00, ,100.0, 
2018/10/23,06:00,0.1, ,181780, ,10.66, ,0.00, ,100.0, 
2018/10/23,07:00,0.1, ,181780, ,0.00, ,0.00, ,100.0, 
2018/10/23,08:00,0.0, ,181780, ,0.00, ,0.00, ,100.0, 
2018/10/23,09:00,0.0, ,181840, ,3.73, ,0.00, ,100.0, 
2018/10/23,10:00,0.0, ,181840, ,12.27, ,0.00, ,100.0, 
2018/10/23,11:00,0.2, ,181900, ,13.07, ,0.00, ,100.0, 
2018/10/23,12:00,0.1, ,181960, ,9.87, ,0.00, ,100.0, 
2018/10/23,13:00,0.4, ,182020, ,17.07, ,0.00, ,100.0, 
2018/10/23,14:00,1.5, ,182070, ,9.07, ,0.00, ,100.0, 
2018/10/23,15:00,3.0, ,182070, ,23.81, ,18.20, ,100.0, 
2018/10/23,16:00,0.7, ,181960, ,25.34, ,46.60, ,100.0, 
2018/10/23,17:00,0.6, ,181840, ,12.38, ,59.90, ,100.0, 
2018/10/23,18:00,1.0, ,181670, ,15.42, ,59.80, ,100.0, 
2018/10/23,19:00,2.8, ,181610, ,10.31, ,20.80, ,100.0, 
2018/10/23,20:00,2.2, ,181610, ,5.02, ,0.00, ,100.0, 
2018/10/23,21:00,0.0, ,181670, ,4.53, ,0.00, ,100.0, 
2018/10/23,22:00,0.1, ,181670, ,11.46, ,0.00, ,100.0, 
2018/10/23,23:00,0.2, ,181730, ,5.60, ,0.00, ,100.0, 
2018/10/23,24:00,0.2, ,181730, ,10.39, ,0.00, ,100.0, 
2018/10/24,01:00,0.0, ,181780, ,14.92, ,0.00, ,100.0, 
2018/10/24,02:00,0.0, ,181840, ,3.47, ,0.00, ,100.0, 
2018/10/24,03:00,0.0, ,181840, ,13.60, ,0.00, ,100.0, 
2018/10/24,04:00,0.0, ,181840, ,0.00, ,0.00, ,100.0, 
2018/10/24,05:00,0.0, ,181840, ,0.00, ,0.00, ,100.0, 
2018/10/24,06:00,0.0, ,181900, ,14.93, ,0.00, ,100.0, 
2018/10/24,07:00,0.0, ,181900, ,1.07, ,0.00, ,100.0, 
2018/10/24,08:00,0.0, ,181960, ,2.40, ,0.00, ,100.0, 
2018/10/24,09:00,0.0, ,181960, ,13.60, ,0.00, ,100.0, 
2018/10/24,10:00,0.0, ,182020, ,4.54, ,0.00, ,100.0, 
2018/10/24,11:00,0.0, ,182070, ,12.81, ,0.00, ,100.0, 
2018/10/24,12:00,0.0, ,182070, ,14.68, ,0.00, ,100.0, 
2018/10/24,13:00,0.0, ,182190, ,15.48, ,0.00, ,100.0, 
2018/10/24,14:00,0.0, ,182190, ,16.55, ,0.00, ,100.0, 
2018/10/24,15:00,0.0, ,182190, ,8.79, ,17.90, ,100.0, 
2018/10/24,16:00,0.0, ,182130, ,27.56, ,47.00, ,100.0, 
2018/10/24,17:00,0.0, ,181960, ,18.46, ,59.90, ,100.0, 
2018/10/24,18:00,0.0, ,181780, ,12.30, ,59.70, ,100.0, 
2018/10/24,19:00,0.0, ,181780, ,15.19, ,19.10, ,100.0, 
2018/10/24,20:00,0.0, ,181730, ,1.86, ,0.00, ,100.0, 
2018/10/24,21:00,0.0, ,181780, ,6.93, ,0.00, ,100.0, 
2018/10/24,22:00,0.0, ,181840, ,10.93, ,0.00, ,100.0, 
2018/10/24,23:00,0.0, ,181840, ,14.13, ,0.00, ,100.0, 
2018/10/24,24:00,0.0, ,181900, ,13.07, ,0.00, ,100.0, 
2018/10/25,01:00,0.0, ,181960, ,10.40, ,0.00, ,100.0, 
2018/10/25,02:00,0.0, ,181960, ,8.53, ,0.00, ,100.0, 
2018/10/25,03:00,0.0, ,182020, ,15.74, ,0.00, ,100.0, 
2018/10/25,04:00,0.0, ,182020, ,0.27, ,0.00, ,100.0, 
2018/10/25,05:00,0.0, ,182020, ,0.00, ,0.00, ,100.0, 
2018/10/25,06:00,0.0, ,182070, ,6.94, ,0.00, ,100.0, 
2018/10/25,07:00,0.0, ,182070, ,9.07, ,0.00, ,100.0, 
2018/10/25,08:00,0.0, ,182070, ,0.00, ,0.00, ,100.0, 
2018/10/25,09:00,0.0, ,182070, ,0.00, ,0.00, ,100.0, 
2018/10/25,10:00,0.0, ,182130, ,15.48, ,0.00, ,100.0, 
2018/10/25,11:00,0.0, ,182190, ,10.95, ,0.00, ,100.0, 
2018/10/25,12:00,0.0, ,182250, ,12.02, ,0.00, ,100.0, 
2018/10/25,13:00,0.0, ,182300, ,9.88, ,0.00, ,100.0, 
2018/10/25,14:00,0.0, ,182300, ,15.75, ,0.00, ,100.0, 
2018/10/25,15:00,0.0, ,182300, ,8.72, ,17.90, ,100.0, 
2018/10/25,16:00,0.0, ,182250, ,27.03, ,46.50, ,100.0, 
2018/10/25,17:00,0.0, ,182070, ,13.99, ,59.60, ,100.0, 
2018/10/25,18:00,0.0, ,181900, ,11.66, ,59.20, ,100.0, 
2018/10/25,19:00,0.0, ,181780, ,11.02, ,33.30, ,99.9, 
2018/10/25,20:00,0.0, ,181780, ,2.57, ,0.00, ,99.9, 
2018/10/25,21:00,0.0, ,181780, ,0.00, ,0.00, ,99.9, 
2018/10/25,22:00,0.0, ,181780, ,0.00, ,0.00, ,99.9, 
2018/10/25,23:00,0.0, ,181840, ,12.53, ,0.00, ,100.0, 
2018/10/25,24:00,0.0, ,181840, ,3.47, ,0.00, ,100.0, 
2018/10/26,01:00,0.0, ,181900, ,10.13, ,0.00, ,100.0, 
2018/10/26,02:00,0.0, ,181900, ,5.87, ,0.00, ,100.0, 
2018/10/26,03:00,0.0, ,181900, ,0.00, ,0.00, ,100.0, 
2018/10/26,04:00,0.0, ,181960, ,15.47, ,0.00, ,100.0, 
2018/10/26,05:00,0.0, ,181960, ,0.53, ,0.00, ,100.0, 
2018/10/26,06:00,0.0, ,181960, ,0.00, ,0.00, ,100.0, 
2018/10/26,07:00,0.0, ,182020, ,1.87, ,0.00, ,100.0, 
2018/10/26,08:00,0.0, ,182020, ,14.14, ,0.00, ,100.0, 
2018/10/26,09:00,0.0, ,182020, ,0.00, ,0.00, ,100.0, 
2018/10/26,10:00,0.0, ,182020, ,0.00, ,0.00, ,100.0, 
2018/10/26,11:00,0.0, ,182070, ,15.48, ,0.00, ,100.0, 
2018/10/26,12:00,0.0, ,182130, ,14.14, ,0.00, ,100.0, 
2018/10/26,13:00,0.0, ,182190, ,12.55, ,0.00, ,100.0, 
2018/10/26,14:00,0.0, ,182250, ,10.15, ,0.00, ,100.0, 
2018/10/26,15:00,0.0, ,182250, ,11.75, ,0.00, ,100.0, 
2018/10/26,16:00,0.0, ,182250, ,8.85, ,18.20, ,100.0, 
2018/10/26,17:00,0.0, ,182190, ,24.13, ,46.80, ,100.0, 
2018/10/26,18:00,0.0, ,181960, ,11.76, ,59.70, ,100.0, 
2018/10/26,19:00,1.8, ,181840, ,12.21, ,59.30, ,100.0, 
2018/10/26,20:00,3.1, ,181730, ,10.57, ,33.40, ,99.9, 
2018/10/26,21:00,2.4, ,181730, ,6.60, ,0.00, ,99.9, 
2018/10/26,22:00,2.1, ,181780, ,7.20, ,0.00, ,100.0, 
2018/10/26,23:00,0.9, ,181840, ,12.79, ,0.00, ,100.0, 
2018/10/26,24:00,1.5, ,181840, ,12.00, ,0.00, ,100.0, 
2018/10/27,01:00,3.5, ,181900, ,11.73, ,0.00, ,100.0, 
2018/10/27,02:00,2.1, ,181960, ,12.27, ,0.00, ,100.0, 
2018/10/27,03:00,1.3, ,181960, ,8.00, ,0.00, ,100.0, 
2018/10/27,04:00,0.3, ,182020, ,16.01, ,0.00, ,100.0, 
2018/10/27,05:00,0.0, ,182020, ,0.00, ,0.00, ,100.0, 
2018/10/27,06:00,0.0, ,182070, ,5.07, ,0.00, ,100.0, 
2018/10/27,07:00,0.0, ,182070, ,10.94, ,0.00, ,100.0, 
2018/10/27,08:00,0.0, ,182070, ,0.00, ,0.00, ,100.0, 
2018/10/27,09:00,0.0, ,182130, ,15.21, ,0.00, ,100.0, 
2018/10/27,10:00,0.0, ,182190, ,9.88, ,0.00, ,100.0, 
2018/10/27,11:00,0.0, ,182250, ,14.42, ,0.00, ,100.0, 
2018/10/27,12:00,0.0, ,182300, ,16.02, ,0.00, ,100.0, 
2018/10/27,13:00,0.0, ,182360, ,15.76, ,0.00, ,100.0, 
2018/10/27,14:00,0.0, ,182420, ,13.09, ,0.00, ,100.0, 
2018/10/27,15:00,0.0, ,182480, ,13.36, ,0.00, ,100.0, 
2018/10/27,16:00,0.0, ,182480, ,14.43, ,0.00, ,100.0, 
2018/10/27,17:00,0.0, ,182480, ,13.85, ,27.40, ,100.0, 
2018/10/27,18:00,0.0, ,182360, ,29.69, ,49.10, ,100.0, 
2018/10/27,19:00,0.0, ,182250, ,17.05, ,59.70, ,100.0, 
2018/10/27,20:00,0.0, ,182070, ,14.06, ,59.50, ,100.0, 
2018/10/27,21:00,0.0, ,182020, ,9.82, ,21.00, ,100.0, 
2018/10/27,22:00,0.0, ,182020, ,5.07, ,0.00, ,100.0, 
2018/10/27,23:00,0.0, ,182020, ,0.00, ,0.00, ,100.0, 
2018/10/27,24:00,0.0, ,182070, ,14.68, ,0.00, ,100.0, 
2018/10/28,01:00,0.0, ,182130, ,11.47, ,0.00, ,100.0, 
2018/10/28,02:00,0.0, ,182190, ,11.48, ,0.00, ,100.0, 
2018/10/28,03:00,0.0, ,182190, ,10.41, ,0.00, ,100.0, 
2018/10/28,04:00,0.0, ,182190, ,0.00, ,0.00, ,100.0, 
2018/10/28,05:00,0.0, ,182250, ,10.15, ,0.00, ,100.0, 
2018/10/28,06:00,0.0, ,182250, ,5.87, ,0.00, ,100.0, 
2018/10/28,07:00,0.0, ,182250, ,0.00, ,0.00, ,100.0, 
2018/10/28,08:00,0.0, ,182250, ,0.00, ,0.00, ,100.0, 
2018/10/28,09:00,0.0, ,182300, ,0.80, ,0.00, ,100.0, 
2018/10/28,10:00,0.0, ,182300, ,15.22, ,0.00, ,100.0, 
2018/10/28,11:00,0.0, ,182360, ,10.69, ,0.00, ,100.0, 
2018/10/28,12:00,0.0, ,182420, ,13.89, ,0.00, ,100.0, 
2018/10/28,13:00,0.0, ,182480, ,13.36, ,0.00, ,100.0, 
2018/10/28,14:00,0.0, ,182480, ,10.15, ,0.00, ,100.0, 
2018/10/28,15:00,0.0, ,182530, ,13.36, ,0.00, ,100.0, 
2018/10/28,16:00,0.0, ,182590, ,7.75, ,0.00, ,100.0, 
2018/10/28,17:00,0.0, ,182590, ,24.85, ,27.60, ,100.0, 
2018/10/28,18:00,0.0, ,182420, ,13.02, ,49.80, ,100.0, 
2018/10/28,19:00,0.0, ,182250, ,14.89, ,59.80, ,100.0, 
2018/10/28,20:00,0.0, ,182070, ,11.48, ,59.50, ,100.0, 
2018/10/28,21:00,0.0, ,182020, ,9.28, ,20.60, ,100.0, 
2018/10/28,22:00,0.0, ,182020, ,0.56, ,0.00, ,100.0, 
2018/10/28,23:00,0.0, ,182020, ,0.00, ,0.00, ,100.0, 
2018/10/28,24:00,0.0, ,182070, ,12.54, ,0.00, ,100.0, 
2018/10/29,01:00,0.0, ,182130, ,4.54, ,0.00, ,100.0, 
2018/10/29,02:00,0.0, ,182130, ,14.94, ,0.00, ,100.0, 
2018/10/29,03:00,0.0, ,182130, ,0.00, ,0.00, ,100.0, 
2018/10/29,04:00,0.0, ,182190, ,1.34, ,0.00, ,100.0, 
2018/10/29,05:00,0.0, ,182190, ,14.69, ,0.00, ,100.0, 
2018/10/29,06:00,0.0, ,182190, ,0.00, ,0.00, ,100.0, 
2018/10/29,07:00,0.0, ,182190, ,0.00, ,0.00, ,100.0, 
2018/10/29,08:00,0.0, ,182190, ,0.00, ,0.00, ,100.0, 
2018/10/29,09:00,0.0, ,182250, ,10.95, ,0.00, ,100.0, 
2018/10/29,10:00,0.0, ,182250, ,5.07, ,0.00, ,100.0, 
2018/10/29,11:00,0.0, ,182300, ,11.48, ,0.00, ,100.0, 
2018/10/29,12:00,0.0, ,182360, ,5.07, ,0.00, ,100.0, 
2018/10/29,13:00,0.0, ,182360, ,15.50, ,0.00, ,100.0, 
2018/10/29,14:00,0.0, ,182420, ,11.22, ,0.00, ,100.0, 
2018/10/29,15:00,0.0, ,182480, ,9.89, ,0.00, ,100.0, 
2018/10/29,16:00,0.0, ,182480, ,10.95, ,0.00, ,100.0, 
2018/10/29,17:00,0.0, ,182480, ,13.93, ,27.60, ,100.0, 
2018/10/29,18:00,0.0, ,182360, ,22.05, ,49.50, ,100.0, 
2018/10/29,19:00,0.0, ,182190, ,10.93, ,59.50, ,100.0, 
2018/10/29,20:00,0.0, ,182020, ,12.22, ,59.70, ,100.0, 
2018/10/29,21:00,0.0, ,181960, ,6.84, ,20.90, ,99.9, 
2018/10/29,22:00,0.0, ,181960, ,7.58, ,0.00, ,99.9, 
2018/10/29,23:00,0.0, ,181960, ,0.00, ,0.00, ,99.9, 
2018/10/29,24:00,0.0, ,181960, ,0.00, ,0.00, ,100.0, 
2018/10/30,01:00,0.0, ,181960, ,0.00, ,0.00, ,100.0, 
2018/10/30,02:00,0.0, ,181960, ,0.00, ,0.00, ,100.0, 
2018/10/30,03:00,0.0, ,181960, ,0.00, ,0.00, ,100.0, 
2018/10/30,04:00,0.0, ,182020, ,14.94, ,0.00, ,100.0, 
2018/10/30,05:00,0.0, ,182020, ,1.07, ,0.00, ,100.0, 
2018/10/30,06:00,0.0, ,182020, ,0.00, ,0.00, ,100.0, 
2018/10/30,07:00,0.0, ,182020, ,0.00, ,0.00, ,100.0, 
2018/10/30,08:00,0.0, ,182020, ,0.00, ,0.00, ,100.0, 
2018/10/30,09:00,0.0, ,182070, ,12.01, ,0.00, ,100.0, 
2018/10/30,10:00,0.0, ,182070, ,4.00, ,0.00, ,100.0, 
2018/10/30,11:00,0.0, ,182130, ,12.27, ,0.00, ,100.0, 
2018/10/30,12:00,0.0, ,182190, ,12.01, ,0.00, ,100.0, 
2018/10/30,13:00,0.0, ,182250, ,12.28, ,0.00, ,100.0, 
2018/10/30,14:00,0.0, ,182250, ,11.48, ,0.00, ,100.0, 
2018/10/30,15:00,0.0, ,182300, ,16.02, ,0.00, ,100.0, 
2018/10/30,16:00,0.0, ,182300, ,0.00, ,0.00, ,100.0, 
2018/10/30,17:00,0.0, ,182300, ,8.89, ,18.20, ,100.0, 
2018/10/30,18:00,0.0, ,182190, ,24.71, ,46.80, ,100.0, 
2018/10/30,19:00,0.0, ,182070, ,13.43, ,59.70, ,100.0, 
2018/10/30,20:00,0.0, ,181840, ,9.24, ,59.50, ,99.9, 
2018/10/30,21:00,0.0, ,181840, ,10.89, ,18.90, ,99.9, 
2018/10/30,22:00,0.0, ,181780, ,1.32, ,0.00, ,99.9, 
2018/10/30,23:00,0.0, ,181780, ,0.00, ,0.00, ,99.9, 
2018/10/30,24:00,0.0, ,181780, ,0.00, ,0.00, ,100.0, 
2018/10/31,01:00,0.0, ,181780, ,0.00, ,0.00, ,100.0, 
2018/10/31,02:00,0.0, ,181840, ,10.93, ,0.00, ,100.0, 
2018/10/31,03:00,0.0, ,181840, ,5.07, ,0.00, ,100.0, 
2018/10/31,04:00,0.0, ,181840, ,0.00, ,0.00, ,100.0, 
2018/10/31,05:00,0.0, ,181840, ,0.00, ,0.00, ,100.0, 
2018/10/31,06:00,0.0, ,181840, ,0.00, ,0.00, ,100.0, 
2018/10/31,07:00,0.0, ,181840, ,0.00, ,0.00, ,100.0, 
2018/10/31,08:00,0.0, ,181900, ,7.20, ,0.00, ,100.0, 
2018/10/31,09:00,0.0, ,181900, ,8.80, ,0.00, ,100.0, 
2018/10/31,10:00,0.0, ,181960, ,4.27, ,0.00, ,100.0, 
2018/10/31,11:00,0.0, ,182020, ,13.07, ,0.00, ,100.0, 
2018/10/31,12:00,0.0, ,182020, ,14.68, ,0.00, ,100.0, 
2018/10/31,13:00,0.0, ,182070, ,4.27, ,0.00, ,100.0, 
2018/10/31,14:00,0.0, ,182070, ,11.74, ,0.00, ,100.0, 
2018/10/31,15:00,0.0, ,182130, ,6.94, ,0.00, ,100.0, 
2018/10/31,16:00,0.0, ,182130, ,23.12, ,28.20, ,100.0, 
2018/10/31,17:00,0.0, ,181900, ,10.33, ,56.80, ,100.0, 
2018/10/31,18:00,0.0, ,181780, ,10.27, ,46.80, ,100.0, 
2018/10/31,19:00,0.0, ,181730, ,9.96, ,34.40, ,100.0, 
2018/10/31,20:00,0.0, ,181670, ,7.84, ,18.90, ,99.9, 
2018/10/31,21:00,0.0, ,181670, ,5.87, ,0.00, ,99.9, 
2018/10/31,22:00,0.0, ,181670, ,0.00, ,0.00, ,99.9, 
2018/10/31,23:00,0.0, ,181670, ,0.00, ,0.00, ,99.9, 
2018/10/31,24:00,0.0, ,181670, ,0.00, ,0.00, ,100.0, 
