îCà”ä˙ä‘É_ÉÄèîó åüçıåãâ 
êÖånñº,ãgñÏêÏ
âÕêÏñº,ãgñÏêÏ
äœë™èäñº,ëÅñæâYÉ_ÉÄÅiã@ç\Åj
äœë™èäãLçÜ,1368080700010
#
#îNåéì˙,éûçè,ó¨àÊïΩãœâJó ,ó¨àÊïΩãœâJó ëÆê´,íôêÖó ,íôêÖó ëÆê´,ó¨ì¸ó ,ó¨ì¸ó ëÆê´,ï˙ó¨ó ,ï˙ó¨ó ëÆê´,íôêÖó¶,íôêÖó¶ëÆê´
#ëÆê´Å@$:åáë™ -:ñ¢éÛêM
#
2014/10/1,01:00,0.0, ,167380, ,0.00, ,0.00, ,95.4, 
2014/10/1,02:00,0.0, ,167380, ,0.00, ,0.00, ,95.4, 
2014/10/1,03:00,0.0, ,167380, ,0.00, ,0.00, ,95.4, 
2014/10/1,04:00,0.0, ,167430, ,3.57, ,0.00, ,95.4, 
2014/10/1,05:00,0.0, ,167430, ,11.71, ,0.00, ,95.3, 
2014/10/1,06:00,0.0, ,167430, ,0.00, ,0.00, ,95.3, 
2014/10/1,07:00,0.0, ,167430, ,0.00, ,0.00, ,95.3, 
2014/10/1,08:00,0.0, ,167430, ,0.00, ,0.00, ,95.3, 
2014/10/1,09:00,0.0, ,167430, ,0.00, ,3.00, ,95.2, 
2014/10/1,10:00,0.0, ,167380, ,13.00, ,29.20, ,95.2, 
2014/10/1,11:00,0.0, ,167320, ,8.40, ,29.30, ,95.1, 
2014/10/1,12:00,0.0, ,167270, ,10.28, ,27.60, ,95.0, 
2014/10/1,13:00,0.0, ,167270, ,11.28, ,0.60, ,95.0, 
2014/10/1,14:00,0.0, ,167210, ,4.58, ,19.00, ,94.9, 
2014/10/1,15:00,0.0, ,167160, ,8.29, ,19.60, ,94.9, 
2014/10/1,16:00,0.0, ,167050, ,7.36, ,43.80, ,94.8, 
2014/10/1,17:00,0.0, ,166940, ,10.81, ,46.90, ,94.7, 
2014/10/1,18:00,0.0, ,166830, ,9.53, ,44.10, ,94.6, 
2014/10/1,19:00,0.0, ,166660, ,6.55, ,44.00, ,94.4, 
2014/10/1,20:00,0.0, ,166610, ,10.36, ,29.20, ,94.4, 
2014/10/1,21:00,0.0, ,166550, ,2.27, ,0.00, ,94.3, 
2014/10/1,22:00,0.0, ,166550, ,0.00, ,0.00, ,94.3, 
2014/10/1,23:00,0.0, ,166610, ,10.41, ,0.00, ,94.3, 
2014/10/1,24:00,0.0, ,166610, ,4.83, ,0.00, ,94.2, 
2014/10/2,01:00,0.0, ,166610, ,0.00, ,0.00, ,94.2, 
2014/10/2,02:00,0.0, ,166660, ,4.57, ,0.00, ,94.2, 
2014/10/2,03:00,0.0, ,166660, ,10.67, ,0.00, ,94.2, 
2014/10/2,04:00,0.0, ,166660, ,0.00, ,0.00, ,94.2, 
2014/10/2,05:00,0.0, ,166660, ,0.00, ,0.00, ,94.1, 
2014/10/2,06:00,0.5, ,166660, ,0.00, ,0.00, ,94.1, 
2014/10/2,07:00,0.1, ,166660, ,0.00, ,0.00, ,94.1, 
2014/10/2,08:00,0.0, ,166660, ,0.00, ,0.00, ,94.0, 
2014/10/2,09:00,0.2, ,166720, ,14.99, ,0.00, ,94.1, 
2014/10/2,10:00,0.0, ,166720, ,0.26, ,0.70, ,94.0, 
2014/10/2,11:00,0.1, ,166720, ,9.47, ,18.90, ,94.0, 
2014/10/2,12:00,1.2, ,166660, ,13.41, ,27.80, ,93.9, 
2014/10/2,13:00,1.0, ,166660, ,10.03, ,0.40, ,93.9, 
2014/10/2,14:00,1.4, ,166660, ,9.45, ,19.80, ,93.9, 
2014/10/2,15:00,0.9, ,166500, ,5.71, ,43.80, ,93.7, 
2014/10/2,16:00,1.2, ,166440, ,16.32, ,44.00, ,93.7, 
2014/10/2,17:00,0.5, ,166230, ,8.94, ,51.30, ,93.5, 
2014/10/2,18:00,1.0, ,166060, ,10.17, ,61.60, ,93.4, 
2014/10/2,19:00,1.7, ,165900, ,11.10, ,58.10, ,93.2, 
2014/10/2,20:00,0.5, ,165840, ,12.48, ,31.70, ,93.2, 
2014/10/2,21:00,0.3, ,165790, ,1.90, ,0.00, ,93.1, 
2014/10/2,22:00,0.3, ,165790, ,0.00, ,0.00, ,93.1, 
2014/10/2,23:00,0.6, ,165840, ,4.30, ,0.00, ,93.1, 
2014/10/2,24:00,0.7, ,165840, ,10.88, ,0.00, ,93.0, 
2014/10/3,01:00,0.7, ,165840, ,0.00, ,0.00, ,93.0, 
2014/10/3,02:00,0.5, ,165900, ,7.34, ,0.00, ,93.0, 
2014/10/3,03:00,0.4, ,165900, ,7.85, ,0.00, ,93.0, 
2014/10/3,04:00,0.0, ,165900, ,0.00, ,0.00, ,93.0, 
2014/10/3,05:00,0.0, ,165900, ,0.00, ,0.00, ,92.9, 
2014/10/3,06:00,0.0, ,165900, ,0.00, ,0.00, ,92.9, 
2014/10/3,07:00,0.0, ,165950, ,11.90, ,0.00, ,92.9, 
2014/10/3,08:00,0.0, ,165950, ,3.29, ,0.00, ,92.9, 
2014/10/3,09:00,0.0, ,165950, ,0.00, ,0.60, ,92.9, 
2014/10/3,10:00,0.1, ,165950, ,9.49, ,19.20, ,92.8, 
2014/10/3,11:00,0.0, ,165900, ,21.09, ,31.70, ,92.8, 
2014/10/3,12:00,0.1, ,165790, ,14.33, ,48.40, ,92.7, 
2014/10/3,13:00,0.0, ,165680, ,11.32, ,19.70, ,92.6, 
2014/10/3,14:00,0.0, ,165620, ,10.20, ,44.20, ,92.5, 
2014/10/3,15:00,0.0, ,165460, ,10.97, ,44.20, ,92.4, 
2014/10/3,16:00,0.0, ,165410, ,16.01, ,44.10, ,92.3, 
2014/10/3,17:00,0.0, ,165300, ,6.80, ,30.90, ,92.2, 
2014/10/3,18:00,0.0, ,165240, ,17.23, ,32.50, ,92.1, 
2014/10/3,19:00,0.0, ,165130, ,8.57, ,29.40, ,92.0, 
2014/10/3,20:00,0.0, ,165080, ,7.62, ,29.40, ,92.0, 
2014/10/3,21:00,0.0, ,165020, ,13.51, ,19.00, ,91.9, 
2014/10/3,22:00,0.0, ,165020, ,0.95, ,0.00, ,91.9, 
2014/10/3,23:00,0.0, ,165080, ,7.57, ,0.00, ,91.9, 
2014/10/3,24:00,0.0, ,165080, ,7.57, ,0.00, ,92.3, 
2014/10/4,01:00,0.0, ,165130, ,10.35, ,0.00, ,92.3, 
2014/10/4,02:00,0.0, ,165130, ,4.79, ,0.00, ,92.3, 
2014/10/4,03:00,0.0, ,165190, ,12.37, ,0.00, ,92.3, 
2014/10/4,04:00,0.0, ,165190, ,2.78, ,0.00, ,92.3, 
2014/10/4,05:00,0.0, ,165190, ,0.00, ,0.00, ,92.2, 
2014/10/4,06:00,0.0, ,165190, ,0.00, ,0.00, ,92.2, 
2014/10/4,07:00,0.0, ,165240, ,0.25, ,0.00, ,92.2, 
2014/10/4,08:00,0.0, ,165240, ,17.28, ,19.20, ,92.2, 
2014/10/4,09:00,0.0, ,165190, ,5.88, ,19.00, ,92.1, 
2014/10/4,10:00,0.0, ,165130, ,3.49, ,19.20, ,92.0, 
2014/10/4,11:00,0.0, ,165080, ,10.05, ,19.20, ,92.0, 
2014/10/4,12:00,0.0, ,165020, ,11.30, ,28.00, ,91.9, 
2014/10/4,13:00,0.0, ,165020, ,4.60, ,0.00, ,91.9, 
2014/10/4,14:00,0.0, ,165080, ,0.25, ,0.60, ,91.9, 
2014/10/4,15:00,0.0, ,165020, ,18.62, ,19.30, ,91.8, 
2014/10/4,16:00,0.0, ,164910, ,5.91, ,42.90, ,91.7, 
2014/10/4,17:00,0.0, ,164700, ,8.38, ,62.10, ,91.6, 
2014/10/4,18:00,0.0, ,164530, ,7.18, ,61.70, ,91.4, 
2014/10/4,19:00,0.0, ,164320, ,6.86, ,61.10, ,91.3, 
2014/10/4,20:00,0.0, ,164210, ,9.99, ,33.40, ,91.2, 
2014/10/4,21:00,0.0, ,164210, ,4.67, ,0.00, ,91.1, 
2014/10/4,22:00,0.0, ,164210, ,0.00, ,0.00, ,91.1, 
2014/10/4,23:00,0.0, ,164210, ,0.00, ,0.00, ,91.1, 
2014/10/4,24:00,0.0, ,164210, ,0.00, ,0.00, ,91.1, 
2014/10/5,01:00,0.0, ,164260, ,11.32, ,0.00, ,91.1, 
2014/10/5,02:00,0.0, ,164260, ,3.77, ,0.00, ,91.0, 
2014/10/5,03:00,0.2, ,164260, ,0.00, ,0.00, ,91.0, 
2014/10/5,04:00,0.3, ,164260, ,0.00, ,0.00, ,91.0, 
2014/10/5,05:00,0.0, ,164260, ,0.00, ,0.00, ,91.0, 
2014/10/5,06:00,0.0, ,164320, ,9.06, ,1.60, ,91.0, 
2014/10/5,07:00,0.0, ,164260, ,10.36, ,23.90, ,90.9, 
2014/10/5,08:00,0.0, ,164150, ,4.95, ,23.70, ,90.8, 
2014/10/5,09:00,0.0, ,164150, ,0.54, ,0.00, ,90.8, 
2014/10/5,10:00,0.0, ,164150, ,0.00, ,0.00, ,90.7, 
2014/10/5,11:00,0.0, ,164210, ,6.54, ,0.00, ,90.8, 
2014/10/5,12:00,1.0, ,164260, ,16.60, ,0.00, ,90.8, 
2014/10/5,13:00,2.2, ,164320, ,11.32, ,0.50, ,90.8, 
2014/10/5,14:00,0.4, ,164260, ,16.59, ,19.10, ,90.7, 
2014/10/5,15:00,3.6, ,164210, ,23.56, ,29.70, ,90.6, 
2014/10/5,16:00,0.0, ,164100, ,5.62, ,43.70, ,90.5, 
2014/10/5,17:00,0.5, ,163990, ,8.95, ,19.20, ,90.4, 
2014/10/5,18:00,4.6, ,163990, ,6.40, ,19.10, ,90.4, 
2014/10/5,19:00,7.0, ,163880, ,25.86, ,37.90, ,90.3, 
2014/10/5,20:00,8.5, ,163770, ,23.68, ,60.30, ,90.2, 
2014/10/5,21:00,9.6, ,163720, ,30.47, ,32.50, ,90.2, 
2014/10/5,22:00,9.9, ,163770, ,33.22, ,22.00, ,90.2, 
2014/10/5,23:00,9.5, ,163880, ,58.52, ,19.30, ,90.2, 
2014/10/5,24:00,8.2, ,164040, ,79.53, ,19.20, ,90.4, 
2014/10/6,01:00,6.5, ,164480, ,127.86, ,19.00, ,90.7, 
2014/10/6,02:00,2.3, ,164810, ,135.08, ,19.10, ,90.9, 
2014/10/6,03:00,4.2, ,165240, ,106.89, ,19.00, ,91.1, 
2014/10/6,04:00,1.7, ,165570, ,118.17, ,19.20, ,91.3, 
2014/10/6,05:00,1.5, ,165900, ,91.95, ,19.20, ,91.5, 
2014/10/6,06:00,1.0, ,166120, ,76.87, ,19.20, ,91.6, 
2014/10/6,07:00,0.9, ,166280, ,69.71, ,18.90, ,91.7, 
2014/10/6,08:00,0.3, ,166390, ,61.57, ,18.90, ,91.7, 
2014/10/6,09:00,0.0, ,166500, ,49.33, ,21.90, ,91.8, 
2014/10/6,10:00,0.0, ,166610, ,60.76, ,19.20, ,91.8, 
2014/10/6,11:00,0.0, ,166660, ,45.51, ,42.40, ,91.8, 
2014/10/6,12:00,0.5, ,166610, ,42.28, ,51.00, ,91.8, 
2014/10/6,13:00,0.0, ,166720, ,36.59, ,0.80, ,91.8, 
2014/10/6,14:00,0.0, ,166770, ,27.15, ,19.00, ,91.8, 
2014/10/6,15:00,0.0, ,166770, ,32.10, ,32.10, ,91.8, 
2014/10/6,16:00,0.7, ,166770, ,29.32, ,29.30, ,91.8, 
2014/10/6,17:00,0.7, ,166720, ,25.14, ,42.40, ,91.7, 
2014/10/6,18:00,0.3, ,166720, ,44.02, ,43.90, ,91.7, 
2014/10/6,19:00,0.0, ,166550, ,26.96, ,57.70, ,91.5, 
2014/10/6,20:00,0.1, ,166500, ,31.23, ,30.40, ,91.5, 
2014/10/6,21:00,0.0, ,166660, ,29.46, ,0.00, ,91.6, 
2014/10/6,22:00,0.0, ,166660, ,30.48, ,0.00, ,91.5, 
2014/10/6,23:00,0.0, ,166770, ,25.41, ,0.00, ,91.6, 
2014/10/6,24:00,0.0, ,166880, ,21.35, ,0.00, ,92.7, 
2014/10/7,01:00,0.0, ,166940, ,17.29, ,0.00, ,92.7, 
2014/10/7,02:00,0.0, ,166990, ,25.43, ,0.00, ,92.7, 
2014/10/7,03:00,0.0, ,167050, ,3.05, ,0.00, ,92.7, 
2014/10/7,04:00,0.0, ,167100, ,22.39, ,0.00, ,92.7, 
2014/10/7,05:00,0.0, ,167160, ,7.12, ,0.00, ,92.7, 
2014/10/7,06:00,0.0, ,167210, ,9.16, ,0.00, ,92.8, 
2014/10/7,07:00,0.0, ,167210, ,0.00, ,0.00, ,92.7, 
2014/10/7,08:00,0.0, ,167270, ,20.36, ,0.00, ,92.7, 
2014/10/7,09:00,0.0, ,167320, ,25.46, ,0.00, ,92.7, 
2014/10/7,10:00,0.0, ,167380, ,20.62, ,0.00, ,92.8, 
2014/10/7,11:00,0.0, ,167430, ,17.32, ,0.00, ,92.8, 
2014/10/7,12:00,0.0, ,167490, ,12.99, ,0.00, ,92.8, 
2014/10/7,13:00,0.0, ,167600, ,24.45, ,0.00, ,92.8, 
2014/10/7,14:00,0.0, ,167650, ,14.02, ,0.00, ,92.8, 
2014/10/7,15:00,0.0, ,167710, ,18.35, ,0.00, ,92.8, 
2014/10/7,16:00,0.0, ,167760, ,17.08, ,0.00, ,92.8, 
2014/10/7,17:00,0.0, ,167820, ,15.05, ,0.00, ,92.8, 
2014/10/7,18:00,0.0, ,167870, ,15.30, ,0.00, ,92.8, 
2014/10/7,19:00,0.0, ,167930, ,17.60, ,0.00, ,92.9, 
2014/10/7,20:00,0.0, ,167980, ,13.78, ,0.00, ,92.9, 
2014/10/7,21:00,0.0, ,168040, ,17.35, ,0.00, ,92.9, 
2014/10/7,22:00,0.0, ,168090, ,16.08, ,0.00, ,92.9, 
2014/10/7,23:00,0.0, ,168150, ,15.06, ,0.00, ,92.9, 
2014/10/7,24:00,0.0, ,168200, ,16.09, ,0.00, ,92.8, 
2014/10/8,01:00,0.0, ,168260, ,15.58, ,0.00, ,92.8, 
2014/10/8,02:00,0.0, ,168310, ,13.53, ,0.00, ,92.8, 
2014/10/8,03:00,0.0, ,168370, ,17.37, ,0.00, ,92.8, 
2014/10/8,04:00,0.0, ,168370, ,2.04, ,0.00, ,92.8, 
2014/10/8,05:00,0.0, ,168420, ,10.73, ,0.00, ,92.8, 
2014/10/8,06:00,0.0, ,168420, ,4.60, ,0.00, ,92.7, 
2014/10/8,07:00,0.0, ,168480, ,5.62, ,0.00, ,92.7, 
2014/10/8,08:00,0.0, ,168480, ,9.71, ,0.00, ,92.7, 
2014/10/8,09:00,0.0, ,168480, ,0.00, ,0.00, ,92.7, 
2014/10/8,10:00,0.0, ,168590, ,16.35, ,0.00, ,92.7, 
2014/10/8,11:00,0.0, ,168590, ,14.32, ,0.00, ,92.7, 
2014/10/8,12:00,0.0, ,168650, ,14.83, ,0.00, ,92.7, 
2014/10/8,13:00,0.0, ,168760, ,15.08, ,0.00, ,92.8, 
2014/10/8,14:00,0.0, ,168760, ,16.12, ,0.00, ,92.7, 
2014/10/8,15:00,0.0, ,168810, ,15.09, ,0.00, ,92.7, 
2014/10/8,16:00,0.0, ,168870, ,15.61, ,0.00, ,92.8, 
2014/10/8,17:00,0.0, ,168980, ,14.33, ,0.00, ,92.8, 
2014/10/8,18:00,0.0, ,168980, ,16.38, ,0.00, ,92.8, 
2014/10/8,19:00,0.0, ,169090, ,14.34, ,0.00, ,92.8, 
2014/10/8,20:00,0.0, ,169090, ,16.38, ,0.00, ,92.8, 
2014/10/8,21:00,0.0, ,169140, ,13.58, ,0.00, ,92.8, 
2014/10/8,22:00,0.0, ,169200, ,13.06, ,0.00, ,92.8, 
2014/10/8,23:00,0.0, ,169250, ,14.86, ,0.00, ,92.8, 
2014/10/8,24:00,0.0, ,169310, ,14.86, ,0.00, ,92.7, 
2014/10/9,01:00,0.0, ,169360, ,12.81, ,0.00, ,92.7, 
2014/10/9,02:00,0.0, ,169420, ,9.23, ,0.00, ,92.8, 
2014/10/9,03:00,0.0, ,169420, ,13.84, ,0.00, ,92.7, 
2014/10/9,04:00,0.0, ,169480, ,1.79, ,0.00, ,92.7, 
2014/10/9,05:00,0.0, ,169480, ,13.59, ,0.00, ,92.7, 
2014/10/9,06:00,0.0, ,169480, ,0.00, ,1.20, ,92.7, 
2014/10/9,07:00,0.1, ,169480, ,11.70, ,23.20, ,92.7, 
2014/10/9,08:00,0.3, ,169420, ,14.33, ,23.50, ,92.6, 
2014/10/9,09:00,1.0, ,169420, ,5.40, ,0.00, ,92.6, 
2014/10/9,10:00,0.9, ,169420, ,0.00, ,0.00, ,92.5, 
2014/10/9,11:00,0.5, ,169480, ,12.31, ,3.60, ,92.6, 
2014/10/9,12:00,0.3, ,169480, ,17.81, ,27.30, ,92.5, 
2014/10/9,13:00,0.0, ,169480, ,14.49, ,0.00, ,92.5, 
2014/10/9,14:00,0.0, ,169530, ,11.28, ,0.00, ,92.5, 
2014/10/9,15:00,0.0, ,169590, ,10.26, ,0.00, ,92.5, 
2014/10/9,16:00,0.0, ,169640, ,12.57, ,1.00, ,92.5, 
2014/10/9,17:00,0.0, ,169640, ,21.49, ,18.80, ,92.5, 
2014/10/9,18:00,0.0, ,169590, ,24.78, ,33.40, ,92.4, 
2014/10/9,19:00,0.0, ,169530, ,15.20, ,33.40, ,92.4, 
2014/10/9,20:00,0.0, ,169480, ,13.38, ,27.40, ,92.3, 
2014/10/9,21:00,0.2, ,169480, ,5.88, ,0.00, ,92.3, 
2014/10/9,22:00,0.3, ,169530, ,7.69, ,0.00, ,92.3, 
2014/10/9,23:00,0.3, ,169590, ,14.10, ,0.00, ,92.3, 
2014/10/9,24:00,0.0, ,169640, ,11.54, ,0.00, ,92.3, 
2014/10/10,01:00,0.0, ,169640, ,12.83, ,0.00, ,92.3, 
2014/10/10,02:00,0.0, ,169700, ,14.88, ,0.00, ,92.3, 
2014/10/10,03:00,0.0, ,169750, ,8.47, ,0.00, ,92.4, 
2014/10/10,04:00,0.0, ,169750, ,7.44, ,0.00, ,92.4, 
2014/10/10,05:00,0.1, ,169750, ,0.00, ,0.00, ,92.4, 
2014/10/10,06:00,0.0, ,169810, ,8.98, ,0.00, ,92.4, 
2014/10/10,07:00,0.0, ,169810, ,6.42, ,0.00, ,92.4, 
2014/10/10,08:00,0.0, ,169810, ,0.00, ,0.00, ,92.4, 
2014/10/10,09:00,0.0, ,169860, ,4.88, ,0.00, ,92.4, 
2014/10/10,10:00,0.0, ,169920, ,10.78, ,0.00, ,92.5, 
2014/10/10,11:00,0.0, ,169920, ,15.14, ,0.00, ,92.5, 
2014/10/10,12:00,0.0, ,169970, ,12.58, ,0.00, ,92.5, 
2014/10/10,13:00,0.0, ,170030, ,11.56, ,0.00, ,92.6, 
2014/10/10,14:00,0.0, ,170090, ,15.15, ,0.00, ,92.6, 
2014/10/10,15:00,0.0, ,170140, ,15.42, ,0.00, ,92.6, 
2014/10/10,16:00,0.0, ,170200, ,12.08, ,0.00, ,92.7, 
2014/10/10,17:00,0.0, ,170250, ,13.88, ,0.00, ,92.7, 
2014/10/10,18:00,0.0, ,170310, ,13.62, ,0.00, ,92.7, 
2014/10/10,19:00,0.0, ,170310, ,13.62, ,0.00, ,92.7, 
2014/10/10,20:00,0.0, ,170360, ,13.89, ,0.00, ,92.8, 
2014/10/10,21:00,0.0, ,170420, ,13.12, ,0.00, ,92.8, 
2014/10/10,22:00,0.0, ,170470, ,12.34, ,0.00, ,92.8, 
2014/10/10,23:00,0.0, ,170530, ,12.09, ,0.00, ,92.9, 
2014/10/10,24:00,0.0, ,170580, ,11.32, ,0.00, ,92.9, 
2014/10/11,01:00,0.0, ,170580, ,14.41, ,0.00, ,92.9, 
2014/10/11,02:00,0.0, ,170640, ,10.55, ,0.00, ,92.9, 
2014/10/11,03:00,0.0, ,170640, ,4.89, ,0.00, ,92.9, 
2014/10/11,04:00,0.0, ,170700, ,13.64, ,0.00, ,92.9, 
2014/10/11,05:00,0.0, ,170700, ,1.80, ,0.00, ,92.9, 
2014/10/11,06:00,0.0, ,170700, ,0.00, ,0.00, ,92.9, 
2014/10/11,07:00,0.0, ,170750, ,0.52, ,0.00, ,93.0, 
2014/10/11,08:00,0.0, ,170750, ,14.94, ,0.00, ,93.0, 
2014/10/11,09:00,0.0, ,170750, ,0.00, ,0.00, ,93.0, 
2014/10/11,10:00,0.0, ,170810, ,7.98, ,0.00, ,93.0, 
2014/10/11,11:00,0.0, ,170860, ,11.33, ,0.00, ,93.0, 
2014/10/11,12:00,0.0, ,170920, ,14.42, ,0.00, ,93.1, 
2014/10/11,13:00,0.0, ,170920, ,12.62, ,0.00, ,93.1, 
2014/10/11,14:00,0.0, ,170970, ,13.66, ,0.00, ,93.1, 
2014/10/11,15:00,0.0, ,171030, ,12.88, ,0.00, ,93.1, 
2014/10/11,16:00,0.0, ,171090, ,11.60, ,0.00, ,93.2, 
2014/10/11,17:00,0.0, ,171140, ,11.34, ,0.00, ,93.2, 
2014/10/11,18:00,0.0, ,171200, ,17.02, ,0.00, ,93.2, 
2014/10/11,19:00,0.0, ,171250, ,12.12, ,0.00, ,93.3, 
2014/10/11,20:00,0.0, ,171250, ,14.18, ,0.00, ,93.3, 
2014/10/11,21:00,0.0, ,171310, ,10.06, ,0.00, ,93.3, 
2014/10/11,22:00,0.0, ,171360, ,11.35, ,0.00, ,93.3, 
2014/10/11,23:00,0.0, ,171420, ,11.61, ,0.00, ,93.4, 
2014/10/11,24:00,0.0, ,171420, ,13.42, ,0.00, ,93.3, 
2014/10/12,01:00,0.0, ,171480, ,14.45, ,0.00, ,93.4, 
2014/10/12,02:00,0.0, ,171530, ,8.77, ,0.00, ,93.4, 
2014/10/12,03:00,0.0, ,171530, ,7.74, ,0.00, ,93.4, 
2014/10/12,04:00,0.0, ,171530, ,0.00, ,0.00, ,93.4, 
2014/10/12,05:00,0.0, ,171590, ,8.00, ,0.00, ,93.5, 
2014/10/12,06:00,0.0, ,171590, ,7.49, ,0.00, ,93.5, 
2014/10/12,07:00,0.0, ,171590, ,0.00, ,0.00, ,93.5, 
2014/10/12,08:00,0.0, ,171590, ,0.00, ,0.00, ,93.5, 
2014/10/12,09:00,0.0, ,171640, ,11.36, ,0.00, ,93.5, 
2014/10/12,10:00,0.0, ,171640, ,4.13, ,0.00, ,93.5, 
2014/10/12,11:00,0.0, ,171700, ,11.88, ,0.00, ,93.5, 
2014/10/12,12:00,0.0, ,171750, ,14.72, ,0.00, ,93.6, 
2014/10/12,13:00,0.0, ,171810, ,12.40, ,0.00, ,93.6, 
2014/10/12,14:00,0.0, ,171870, ,9.82, ,0.00, ,93.6, 
2014/10/12,15:00,0.0, ,171870, ,13.18, ,1.10, ,93.6, 
2014/10/12,16:00,0.0, ,171870, ,11.60, ,23.10, ,93.6, 
2014/10/12,17:00,0.0, ,171870, ,23.09, ,23.10, ,93.6, 
2014/10/12,18:00,0.0, ,171810, ,18.87, ,24.60, ,93.6, 
2014/10/12,19:00,0.5, ,171750, ,4.93, ,24.10, ,93.6, 
2014/10/12,20:00,0.8, ,171750, ,0.00, ,0.00, ,93.6, 
2014/10/12,21:00,2.5, ,171810, ,6.20, ,0.00, ,93.6, 
2014/10/12,22:00,2.6, ,171870, ,22.74, ,0.70, ,93.6, 
2014/10/12,23:00,6.2, ,171870, ,18.81, ,18.90, ,93.6, 
2014/10/12,24:00,9.2, ,171870, ,18.85, ,18.70, ,93.9, 
2014/10/13,01:00,8.8, ,171870, ,18.74, ,18.80, ,93.9, 
2014/10/13,02:00,7.0, ,171870, ,18.79, ,18.70, ,93.9, 
2014/10/13,03:00,6.0, ,171870, ,18.81, ,18.90, ,93.9, 
2014/10/13,04:00,8.7, ,171980, ,48.84, ,18.80, ,94.0, 
2014/10/13,05:00,8.3, ,172140, ,69.53, ,19.40, ,94.1, 
2014/10/13,06:00,7.5, ,172420, ,109.58, ,43.50, ,94.3, 
2014/10/13,07:00,6.5, ,172590, ,117.58, ,60.80, ,94.4, 
2014/10/13,08:00,5.4, ,172930, ,147.70, ,60.90, ,94.6, 
2014/10/13,09:00,10.4, ,173320, ,177.88, ,60.40, ,94.8, 
2014/10/13,10:00,22.3, ,173990, ,245.47, ,60.50, ,95.3, 
2014/10/13,11:00,31.4, ,175510, ,486.94, ,60.20, ,96.2, 
2014/10/13,12:00,27.1, ,179030, ,1038.87, ,132.36, ,98.4, 
2014/10/13,13:00,26.2, ,182590, ,1126.88, ,184.30, ,100.0, 
2014/10/13,14:00,31.7, ,186080, ,1287.62, ,479.06, ,100.0, 
2014/10/13,15:00,31.2, ,190190, ,1733.08, ,675.74, ,100.0, 
2014/10/13,16:00,33.6, ,194880, ,2116.69, ,924.54, ,100.0, 
2014/10/13,17:00,9.0, ,199520, ,2417.29, ,1205.40, ,100.0, 
2014/10/13,18:00,1.3, ,203610, ,1966.15, ,297.02, ,100.0, 
2014/10/13,19:00,2.1, ,208120, ,1522.85, ,295.60, ,100.0, 
2014/10/13,20:00,3.5, ,211170, ,1141.82, ,296.50, ,100.0, 
2014/10/13,21:00,3.5, ,213060, ,826.75, ,297.10, ,100.0, 
2014/10/13,22:00,1.8, ,214570, ,690.36, ,296.26, ,100.0, 
2014/10/13,23:00,0.0, ,215780, ,645.67, ,294.42, ,100.0, 
2014/10/13,24:00,0.3, ,216790, ,569.95, ,297.02, ,100.0, 
2014/10/14,01:00,0.6, ,217490, ,489.69, ,295.46, ,100.0, 
2014/10/14,02:00,0.1, ,217940, ,453.34, ,296.86, ,100.0, 
2014/10/14,03:00,0.0, ,218320, ,378.84, ,297.68, ,100.0, 
2014/10/14,04:00,0.0, ,218390, ,339.80, ,294.58, ,100.0, 
2014/10/14,05:00,0.7, ,218510, ,316.16, ,294.92, ,100.0, 
2014/10/14,06:00,0.0, ,218510, ,294.91, ,294.72, ,100.0, 
2014/10/14,07:00,0.1, ,218450, ,286.55, ,294.74, ,100.0, 
2014/10/14,08:00,0.2, ,218320, ,263.93, ,294.52, ,100.0, 
2014/10/14,09:00,0.3, ,218130, ,246.85, ,294.00, ,100.0, 
2014/10/14,10:00,0.0, ,217880, ,223.56, ,293.32, ,100.0, 
2014/10/14,11:00,0.0, ,217490, ,208.71, ,292.12, ,100.0, 
2014/10/14,12:00,0.0, ,217240, ,203.52, ,291.74, ,100.0, 
2014/10/14,13:00,0.0, ,216860, ,195.99, ,259.78, ,100.0, 
2014/10/14,14:00,0.0, ,216600, ,184.33, ,259.58, ,100.0, 
2014/10/14,15:00,0.0, ,216280, ,178.23, ,258.74, ,100.0, 
2014/10/14,16:00,0.0, ,215900, ,167.35, ,257.74, ,100.0, 
2014/10/14,17:00,0.0, ,215580, ,153.11, ,257.08, ,100.0, 
2014/10/14,18:00,0.0, ,215140, ,147.77, ,244.88, ,100.0, 
2014/10/14,19:00,0.0, ,214760, ,138.18, ,232.68, ,100.0, 
2014/10/14,20:00,0.0, ,214380, ,130.84, ,227.04, ,100.0, 
2014/10/14,21:00,0.0, ,214000, ,126.38, ,226.24, ,100.0, 
2014/10/14,22:00,0.0, ,213620, ,121.33, ,225.64, ,100.0, 
2014/10/14,23:00,0.0, ,213240, ,118.69, ,225.04, ,100.0, 
2014/10/14,24:00,0.0, ,212870, ,116.97, ,224.14, ,100.0, 
2014/10/15,01:00,0.0, ,212490, ,109.99, ,213.04, ,100.0, 
2014/10/15,02:00,0.0, ,212110, ,108.31, ,212.20, ,100.0, 
2014/10/15,03:00,0.0, ,211740, ,106.27, ,211.72, ,100.0, 
2014/10/15,04:00,0.0, ,211300, ,99.57, ,210.74, ,100.0, 
2014/10/15,05:00,0.0, ,210860, ,98.70, ,209.94, ,100.0, 
2014/10/15,06:00,0.0, ,210480, ,92.96, ,198.60, ,100.0, 
2014/10/15,07:00,0.0, ,210110, ,89.00, ,197.88, ,100.0, 
2014/10/15,08:00,0.0, ,209740, ,92.46, ,188.76, ,100.0, 
2014/10/15,09:00,0.0, ,209420, ,88.19, ,188.00, ,100.0, 
2014/10/15,10:00,0.0, ,209050, ,85.95, ,187.41, ,100.0, 
2014/10/15,11:00,0.0, ,208620, ,83.08, ,186.61, ,100.0, 
2014/10/15,12:00,0.0, ,208240, ,80.29, ,186.21, ,100.0, 
2014/10/15,13:00,0.0, ,207870, ,77.76, ,185.22, ,100.0, 
2014/10/15,14:00,0.0, ,207440, ,72.88, ,184.92, ,100.0, 
2014/10/15,15:00,0.0, ,207010, ,70.93, ,184.01, ,100.0, 
2014/10/15,16:00,0.0, ,206630, ,66.15, ,183.20, ,100.0, 
2014/10/15,17:00,0.0, ,206260, ,70.29, ,168.78, ,100.0, 
2014/10/15,18:00,0.0, ,205890, ,65.83, ,168.04, ,100.0, 
2014/10/15,19:00,0.0, ,205520, ,64.53, ,167.70, ,100.0, 
2014/10/15,20:00,0.0, ,205210, ,59.75, ,59.89, ,100.0, 
2014/10/15,21:00,0.0, ,205210, ,41.65, ,56.10, ,100.0, 
2014/10/15,22:00,0.0, ,205210, ,56.87, ,56.00, ,100.0, 
2014/10/15,23:00,0.0, ,205210, ,56.05, ,56.00, ,100.0, 
2014/10/15,24:00,0.0, ,205210, ,56.05, ,56.20, ,100.0, 
2014/10/16,01:00,0.0, ,205210, ,56.07, ,56.10, ,100.0, 
2014/10/16,02:00,0.0, ,205210, ,56.06, ,56.00, ,100.0, 
2014/10/16,03:00,0.0, ,205210, ,56.09, ,56.20, ,100.0, 
2014/10/16,04:00,0.0, ,205210, ,56.10, ,56.20, ,100.0, 
2014/10/16,05:00,0.0, ,205210, ,56.07, ,56.00, ,100.0, 
2014/10/16,06:00,0.0, ,205150, ,53.49, ,56.30, ,100.0, 
2014/10/16,07:00,0.0, ,205150, ,41.52, ,56.10, ,100.0, 
2014/10/16,08:00,0.0, ,205090, ,53.76, ,55.90, ,100.0, 
2014/10/16,09:00,0.0, ,205090, ,41.22, ,56.10, ,100.0, 
2014/10/16,10:00,0.0, ,205030, ,50.07, ,56.10, ,100.0, 
2014/10/16,11:00,0.0, ,205030, ,44.94, ,56.20, ,100.0, 
2014/10/16,12:00,0.0, ,204970, ,39.88, ,56.10, ,100.0, 
2014/10/16,13:00,0.0, ,204910, ,52.69, ,56.10, ,100.0, 
2014/10/16,14:00,0.0, ,204910, ,41.59, ,56.20, ,100.0, 
2014/10/16,15:00,0.0, ,204840, ,41.07, ,56.20, ,100.0, 
2014/10/16,16:00,0.0, ,204780, ,40.20, ,56.10, ,100.0, 
2014/10/16,17:00,0.0, ,204720, ,40.77, ,56.20, ,100.0, 
2014/10/16,18:00,0.0, ,204660, ,40.22, ,56.10, ,100.0, 
2014/10/16,19:00,0.0, ,204600, ,38.20, ,56.10, ,100.0, 
2014/10/16,20:00,0.0, ,204540, ,38.43, ,56.10, ,100.0, 
2014/10/16,21:00,0.0, ,204410, ,35.02, ,56.10, ,100.0, 
2014/10/16,22:00,0.0, ,204350, ,31.63, ,56.20, ,100.0, 
2014/10/16,23:00,0.0, ,204230, ,33.36, ,56.10, ,100.0, 
2014/10/16,24:00,0.0, ,204170, ,29.09, ,56.50, ,100.0, 
2014/10/17,01:00,0.0, ,204110, ,34.26, ,56.10, ,100.0, 
2014/10/17,02:00,0.0, ,203980, ,31.73, ,56.50, ,100.0, 
2014/10/17,03:00,0.0, ,203920, ,28.95, ,56.50, ,100.0, 
2014/10/17,04:00,0.0, ,203800, ,32.34, ,56.40, ,100.0, 
2014/10/17,05:00,0.0, ,203740, ,32.08, ,56.40, ,100.0, 
2014/10/17,06:00,0.0, ,203610, ,30.09, ,56.40, ,100.0, 
2014/10/17,07:00,0.0, ,203550, ,30.11, ,56.10, ,100.0, 
2014/10/17,08:00,0.0, ,203430, ,29.54, ,56.60, ,100.0, 
2014/10/17,09:00,0.0, ,203370, ,30.71, ,56.30, ,100.0, 
2014/10/17,10:00,0.0, ,203250, ,31.54, ,56.40, ,100.0, 
2014/10/17,11:00,0.0, ,203180, ,30.43, ,56.30, ,100.0, 
2014/10/17,12:00,0.0, ,203060, ,27.33, ,56.20, ,100.0, 
2014/10/17,13:00,0.0, ,202940, ,30.49, ,56.50, ,100.0, 
2014/10/17,14:00,0.0, ,202880, ,27.96, ,56.30, ,100.0, 
2014/10/17,15:00,0.0, ,202750, ,27.08, ,56.60, ,100.0, 
2014/10/17,16:00,0.0, ,202630, ,29.96, ,56.20, ,100.0, 
2014/10/17,17:00,0.0, ,202570, ,26.83, ,56.30, ,100.0, 
2014/10/17,18:00,0.0, ,202450, ,30.24, ,56.60, ,100.0, 
2014/10/17,19:00,0.0, ,202330, ,27.52, ,56.40, ,100.0, 
2014/10/17,20:00,0.0, ,202260, ,24.96, ,56.50, ,100.0, 
2014/10/17,21:00,0.0, ,202140, ,24.74, ,56.60, ,100.0, 
2014/10/17,22:00,0.0, ,202020, ,25.31, ,56.40, ,100.0, 
2014/10/17,23:00,0.0, ,201900, ,20.79, ,56.30, ,100.0, 
2014/10/17,24:00,0.0, ,201770, ,25.62, ,56.60, ,100.0, 
2014/10/18,01:00,0.0, ,201650, ,21.68, ,56.40, ,100.0, 
2014/10/18,02:00,0.0, ,201530, ,21.72, ,56.50, ,100.0, 
2014/10/18,03:00,0.0, ,201410, ,24.62, ,56.60, ,100.0, 
2014/10/18,04:00,0.0, ,201290, ,20.95, ,56.70, ,100.0, 
2014/10/18,05:00,0.0, ,201160, ,22.35, ,56.70, ,100.0, 
2014/10/18,06:00,0.0, ,201040, ,21.56, ,56.50, ,100.0, 
2014/10/18,07:00,0.0, ,200920, ,24.73, ,56.90, ,100.0, 
2014/10/18,08:00,0.0, ,200800, ,18.57, ,56.70, ,100.0, 
2014/10/18,09:00,0.0, ,200610, ,21.44, ,56.60, ,100.0, 
2014/10/18,10:00,0.0, ,200490, ,20.87, ,56.60, ,100.0, 
2014/10/18,11:00,0.0, ,200370, ,22.36, ,56.90, ,100.0, 
2014/10/18,12:00,0.0, ,200250, ,23.00, ,56.90, ,100.0, 
2014/10/18,13:00,0.0, ,200130, ,22.16, ,56.90, ,100.0, 
2014/10/18,14:00,0.0, ,200010, ,23.03, ,56.10, ,100.0, 
2014/10/18,15:00,0.0, ,199950, ,22.70, ,34.00, ,100.0, 
2014/10/18,16:00,0.0, ,199950, ,17.73, ,33.90, ,100.0, 
2014/10/18,17:00,0.0, ,199880, ,21.17, ,33.80, ,100.0, 
2014/10/18,18:00,0.0, ,199820, ,22.58, ,33.90, ,100.0, 
2014/10/18,19:00,0.0, ,199760, ,19.48, ,33.80, ,100.0, 
2014/10/18,20:00,0.0, ,199700, ,19.47, ,33.70, ,100.0, 
2014/10/18,21:00,0.0, ,199700, ,18.89, ,33.80, ,100.0, 
2014/10/18,22:00,0.0, ,199640, ,13.48, ,18.90, ,100.0, 
2014/10/18,23:00,0.0, ,199640, ,14.99, ,18.90, ,100.0, 
2014/10/18,24:00,0.0, ,199640, ,18.96, ,19.10, ,100.0, 
2014/10/19,01:00,0.0, ,199640, ,18.99, ,19.10, ,100.0, 
2014/10/19,02:00,0.0, ,199640, ,19.03, ,19.00, ,100.0, 
2014/10/19,03:00,0.0, ,199640, ,19.00, ,18.80, ,100.0, 
2014/10/19,04:00,0.0, ,199580, ,17.97, ,37.90, ,100.0, 
2014/10/19,05:00,0.0, ,199520, ,17.99, ,38.10, ,100.0, 
2014/10/19,06:00,0.0, ,199460, ,22.74, ,38.00, ,100.0, 
2014/10/19,07:00,0.0, ,199400, ,13.55, ,19.10, ,100.0, 
2014/10/19,08:00,0.0, ,199400, ,11.87, ,19.10, ,100.0, 
2014/10/19,09:00,0.0, ,199400, ,18.99, ,19.00, ,100.0, 
2014/10/19,10:00,0.0, ,199400, ,19.04, ,19.10, ,100.0, 
2014/10/19,11:00,0.0, ,199400, ,18.98, ,19.10, ,100.0, 
2014/10/19,12:00,0.0, ,199400, ,18.92, ,18.80, ,100.0, 
2014/10/19,13:00,0.0, ,199400, ,18.88, ,18.90, ,100.0, 
2014/10/19,14:00,0.0, ,199400, ,18.95, ,18.90, ,100.0, 
2014/10/19,15:00,0.0, ,199400, ,18.91, ,18.90, ,100.0, 
2014/10/19,16:00,0.0, ,199340, ,17.96, ,40.40, ,100.0, 
2014/10/19,17:00,0.0, ,199220, ,19.02, ,54.20, ,100.0, 
2014/10/19,18:00,0.0, ,199040, ,16.49, ,56.90, ,100.0, 
2014/10/19,19:00,0.0, ,198910, ,21.26, ,57.00, ,100.0, 
2014/10/19,20:00,0.0, ,198790, ,17.75, ,54.10, ,100.0, 
2014/10/19,21:00,0.0, ,198670, ,16.97, ,42.00, ,100.0, 
2014/10/19,22:00,0.0, ,198610, ,12.43, ,18.80, ,100.0, 
2014/10/19,23:00,0.2, ,198610, ,13.93, ,18.90, ,100.0, 
2014/10/19,24:00,1.1, ,198610, ,18.96, ,18.90, ,100.0, 
2014/10/20,01:00,0.4, ,198610, ,18.98, ,19.20, ,100.0, 
2014/10/20,02:00,0.8, ,198610, ,18.97, ,19.10, ,100.0, 
2014/10/20,03:00,2.0, ,198610, ,18.94, ,19.20, ,100.0, 
2014/10/20,04:00,2.0, ,198610, ,18.99, ,18.90, ,100.0, 
2014/10/20,05:00,1.4, ,198610, ,18.92, ,19.10, ,100.0, 
2014/10/20,06:00,0.9, ,198610, ,19.05, ,19.10, ,100.0, 
2014/10/20,07:00,0.0, ,198550, ,3.34, ,19.00, ,100.0, 
2014/10/20,08:00,0.0, ,198490, ,10.58, ,18.80, ,100.0, 
2014/10/20,09:00,0.0, ,198490, ,9.46, ,19.10, ,100.0, 
2014/10/20,10:00,0.0, ,198430, ,20.06, ,40.60, ,100.0, 
2014/10/20,11:00,0.1, ,198370, ,19.67, ,40.50, ,100.0, 
2014/10/20,12:00,0.0, ,198250, ,22.79, ,40.80, ,100.0, 
2014/10/20,13:00,0.0, ,198250, ,11.35, ,19.10, ,100.0, 
2014/10/20,14:00,0.0, ,198190, ,27.07, ,40.70, ,100.0, 
2014/10/20,15:00,0.0, ,198130, ,25.30, ,40.60, ,100.0, 
2014/10/20,16:00,0.0, ,198070, ,20.01, ,40.70, ,100.0, 
2014/10/20,17:00,0.0, ,197950, ,19.55, ,56.80, ,100.0, 
2014/10/20,18:00,0.0, ,197830, ,22.39, ,57.10, ,100.0, 
2014/10/20,19:00,0.0, ,197700, ,19.63, ,56.60, ,100.0, 
2014/10/20,20:00,0.0, ,197580, ,21.14, ,34.10, ,100.0, 
2014/10/20,21:00,0.0, ,197580, ,6.97, ,19.00, ,100.0, 
2014/10/20,22:00,0.0, ,197580, ,18.96, ,18.90, ,100.0, 
2014/10/20,23:00,0.0, ,197580, ,18.97, ,19.10, ,100.0, 
2014/10/20,24:00,0.0, ,197580, ,19.00, ,18.90, ,100.0, 
2014/10/21,01:00,0.0, ,197580, ,9.55, ,0.00, ,100.0, 
2014/10/21,02:00,0.0, ,197640, ,12.01, ,0.00, ,100.0, 
2014/10/21,03:00,0.0, ,197700, ,11.45, ,0.00, ,100.0, 
2014/10/21,04:00,0.0, ,197700, ,10.06, ,0.00, ,100.0, 
2014/10/21,05:00,0.0, ,197770, ,8.94, ,0.00, ,100.0, 
2014/10/21,06:00,0.0, ,197770, ,7.83, ,0.40, ,100.0, 
2014/10/21,07:00,0.0, ,197770, ,9.49, ,19.00, ,100.0, 
2014/10/21,08:00,0.0, ,197700, ,18.47, ,19.30, ,100.0, 
2014/10/21,09:00,0.0, ,197640, ,7.62, ,40.60, ,100.0, 
2014/10/21,10:00,0.0, ,197520, ,16.43, ,40.80, ,100.0, 
2014/10/21,11:00,0.0, ,197460, ,20.69, ,57.00, ,100.0, 
2014/10/21,12:00,0.0, ,197280, ,17.74, ,45.00, ,100.0, 
2014/10/21,13:00,0.0, ,197280, ,19.04, ,31.80, ,100.0, 
2014/10/21,14:00,0.0, ,197100, ,13.22, ,57.40, ,100.0, 
2014/10/21,15:00,0.0, ,196980, ,20.56, ,57.10, ,100.0, 
2014/10/21,16:00,0.0, ,196860, ,21.51, ,57.30, ,100.0, 
2014/10/21,17:00,0.0, ,196740, ,21.00, ,57.10, ,100.0, 
2014/10/21,18:00,0.0, ,196620, ,16.22, ,57.10, ,100.0, 
2014/10/21,19:00,0.0, ,196440, ,16.23, ,57.10, ,100.0, 
2014/10/21,20:00,0.0, ,196380, ,20.35, ,41.00, ,100.0, 
2014/10/21,21:00,0.0, ,196320, ,7.98, ,19.10, ,100.0, 
2014/10/21,22:00,0.0, ,196320, ,18.55, ,19.10, ,100.0, 
2014/10/21,23:00,0.1, ,196320, ,19.13, ,19.00, ,100.0, 
2014/10/21,24:00,1.1, ,196320, ,19.08, ,19.20, ,100.0, 
2014/10/22,01:00,0.1, ,196320, ,9.60, ,0.00, ,100.0, 
2014/10/22,02:00,0.0, ,196380, ,1.67, ,0.00, ,100.0, 
2014/10/22,03:00,0.0, ,196380, ,15.03, ,0.00, ,100.0, 
2014/10/22,04:00,0.0, ,196440, ,11.97, ,0.00, ,100.0, 
2014/10/22,05:00,0.1, ,196440, ,4.73, ,0.00, ,100.0, 
2014/10/22,06:00,0.0, ,196500, ,11.97, ,0.00, ,100.0, 
2014/10/22,07:00,0.4, ,196500, ,4.73, ,1.20, ,100.0, 
2014/10/22,08:00,0.0, ,196500, ,9.55, ,19.20, ,100.0, 
2014/10/22,09:00,0.0, ,196380, ,17.50, ,40.90, ,100.0, 
2014/10/22,10:00,0.0, ,196320, ,17.82, ,40.70, ,100.0, 
2014/10/22,11:00,0.1, ,196260, ,18.58, ,43.50, ,100.0, 
2014/10/22,12:00,0.0, ,196140, ,16.16, ,43.10, ,100.0, 
2014/10/22,13:00,2.5, ,196140, ,19.10, ,21.00, ,100.0, 
2014/10/22,14:00,1.0, ,196020, ,18.53, ,45.00, ,100.0, 
2014/10/22,15:00,0.1, ,195960, ,18.96, ,48.90, ,100.0, 
2014/10/22,16:00,0.0, ,195840, ,18.23, ,49.10, ,100.0, 
2014/10/22,17:00,0.2, ,195720, ,22.18, ,49.20, ,100.0, 
2014/10/22,18:00,0.1, ,195600, ,13.15, ,57.30, ,100.0, 
2014/10/22,19:00,0.1, ,195420, ,17.32, ,57.50, ,100.0, 
2014/10/22,20:00,0.0, ,195360, ,18.96, ,41.00, ,100.0, 
2014/10/22,21:00,0.1, ,195300, ,11.49, ,19.10, ,100.0, 
2014/10/22,22:00,0.2, ,195300, ,14.71, ,19.10, ,100.0, 
2014/10/22,23:00,0.1, ,195360, ,10.47, ,0.00, ,100.0, 
2014/10/22,24:00,0.3, ,195360, ,15.82, ,0.00, ,100.0, 
2014/10/23,01:00,0.3, ,195480, ,16.65, ,0.00, ,100.0, 
2014/10/23,02:00,0.0, ,195480, ,16.65, ,0.00, ,100.0, 
2014/10/23,03:00,0.3, ,195540, ,4.72, ,0.00, ,100.0, 
2014/10/23,04:00,0.1, ,195540, ,11.93, ,0.00, ,100.0, 
2014/10/23,05:00,0.0, ,195540, ,0.00, ,0.00, ,100.0, 
2014/10/23,06:00,0.0, ,195600, ,14.16, ,0.00, ,100.0, 
2014/10/23,07:00,0.0, ,195600, ,2.50, ,0.00, ,100.0, 
2014/10/23,08:00,0.0, ,195660, ,5.55, ,0.00, ,100.0, 
2014/10/23,09:00,0.0, ,195660, ,11.11, ,0.20, ,100.0, 
2014/10/23,10:00,0.0, ,195660, ,9.50, ,19.00, ,100.0, 
2014/10/23,11:00,0.0, ,195660, ,19.04, ,19.10, ,100.0, 
2014/10/23,12:00,0.0, ,195660, ,19.04, ,19.00, ,100.0, 
2014/10/23,13:00,0.0, ,195660, ,9.61, ,0.00, ,100.0, 
2014/10/23,14:00,0.0, ,195720, ,15.55, ,0.00, ,100.0, 
2014/10/23,15:00,0.0, ,195780, ,14.73, ,0.70, ,100.0, 
2014/10/23,16:00,0.0, ,195780, ,12.61, ,19.20, ,100.0, 
2014/10/23,17:00,0.0, ,195780, ,25.22, ,31.50, ,100.0, 
2014/10/23,18:00,0.0, ,195660, ,25.80, ,43.50, ,100.0, 
2014/10/23,19:00,0.0, ,195540, ,16.02, ,55.60, ,100.0, 
2014/10/23,20:00,0.0, ,195480, ,12.93, ,28.80, ,100.0, 
2014/10/23,21:00,0.0, ,195420, ,16.53, ,28.60, ,100.0, 
2014/10/23,22:00,0.0, ,195360, ,15.42, ,26.70, ,100.0, 
2014/10/23,23:00,0.0, ,195360, ,2.64, ,0.00, ,100.0, 
2014/10/23,24:00,0.0, ,195420, ,10.27, ,0.00, ,100.0, 
2014/10/24,01:00,0.0, ,195480, ,13.60, ,0.00, ,100.0, 
2014/10/24,02:00,0.0, ,195540, ,12.77, ,0.00, ,100.0, 
2014/10/24,03:00,0.0, ,195540, ,13.32, ,0.00, ,100.0, 
2014/10/24,04:00,0.0, ,195600, ,1.67, ,0.00, ,100.0, 
2014/10/24,05:00,0.0, ,195600, ,14.99, ,0.00, ,100.0, 
2014/10/24,06:00,0.0, ,195600, ,0.00, ,1.30, ,100.0, 
2014/10/24,07:00,0.0, ,195600, ,9.59, ,19.30, ,100.0, 
2014/10/24,08:00,0.0, ,195600, ,19.14, ,19.00, ,100.0, 
2014/10/24,09:00,0.0, ,195540, ,17.33, ,26.70, ,100.0, 
2014/10/24,10:00,0.0, ,195540, ,8.14, ,0.00, ,100.0, 
2014/10/24,11:00,0.0, ,195540, ,0.00, ,0.00, ,100.0, 
2014/10/24,12:00,0.0, ,195600, ,8.33, ,0.00, ,100.0, 
2014/10/24,13:00,0.0, ,195660, ,13.05, ,0.00, ,100.0, 
2014/10/24,14:00,0.0, ,195720, ,18.60, ,0.00, ,100.0, 
2014/10/24,15:00,0.0, ,195780, ,14.72, ,0.00, ,100.0, 
2014/10/24,16:00,0.0, ,195840, ,13.61, ,0.00, ,100.0, 
2014/10/24,17:00,0.0, ,195840, ,15.00, ,0.10, ,100.0, 
2014/10/24,18:00,0.0, ,195840, ,9.50, ,19.70, ,100.0, 
2014/10/24,19:00,0.0, ,195840, ,30.79, ,41.70, ,100.0, 
2014/10/24,20:00,0.0, ,195780, ,17.75, ,0.00, ,100.0, 
2014/10/24,21:00,0.0, ,195840, ,1.94, ,0.00, ,100.0, 
2014/10/24,22:00,0.0, ,195840, ,15.00, ,0.00, ,100.0, 
2014/10/24,23:00,0.0, ,195900, ,14.45, ,0.00, ,100.0, 
2014/10/24,24:00,0.0, ,195960, ,13.34, ,0.00, ,100.0, 
2014/10/25,01:00,0.0, ,196020, ,17.79, ,0.00, ,100.0, 
2014/10/25,02:00,0.0, ,196080, ,13.07, ,0.00, ,100.0, 
2014/10/25,03:00,0.0, ,196080, ,8.06, ,0.00, ,100.0, 
2014/10/25,04:00,0.0, ,196140, ,1.11, ,0.00, ,100.0, 
2014/10/25,05:00,0.0, ,196140, ,15.57, ,0.00, ,100.0, 
2014/10/25,06:00,0.1, ,196140, ,0.00, ,0.00, ,100.0, 
2014/10/25,07:00,0.6, ,196140, ,0.00, ,0.00, ,100.0, 
2014/10/25,08:00,0.0, ,196200, ,14.74, ,0.00, ,100.0, 
2014/10/25,09:00,0.0, ,196200, ,1.95, ,0.00, ,100.0, 
2014/10/25,10:00,0.0, ,196260, ,13.35, ,0.00, ,100.0, 
2014/10/25,11:00,0.1, ,196320, ,15.02, ,0.00, ,100.0, 
2014/10/25,12:00,0.0, ,196380, ,16.98, ,0.00, ,100.0, 
2014/10/25,13:00,0.0, ,196440, ,9.74, ,0.00, ,100.0, 
2014/10/25,14:00,0.0, ,196500, ,16.98, ,0.00, ,100.0, 
2014/10/25,15:00,0.0, ,196560, ,11.97, ,0.00, ,100.0, 
2014/10/25,16:00,0.0, ,196560, ,16.15, ,2.50, ,100.0, 
2014/10/25,17:00,0.0, ,196560, ,14.44, ,30.60, ,100.0, 
2014/10/25,18:00,0.0, ,196440, ,29.29, ,55.90, ,100.0, 
2014/10/25,19:00,0.0, ,196320, ,17.57, ,45.70, ,100.0, 
2014/10/25,20:00,0.0, ,196320, ,13.56, ,0.00, ,100.0, 
2014/10/25,21:00,0.0, ,196320, ,0.00, ,0.00, ,100.0, 
2014/10/25,22:00,0.0, ,196380, ,10.02, ,0.00, ,100.0, 
2014/10/25,23:00,0.0, ,196440, ,17.81, ,0.00, ,100.0, 
2014/10/25,24:00,0.0, ,196500, ,12.25, ,0.00, ,100.0, 
2014/10/26,01:00,0.0, ,196560, ,12.81, ,0.00, ,100.0, 
2014/10/26,02:00,0.0, ,196560, ,13.93, ,0.00, ,100.0, 
2014/10/26,03:00,0.0, ,196620, ,3.90, ,0.00, ,100.0, 
2014/10/26,04:00,0.0, ,196620, ,12.81, ,0.00, ,100.0, 
2014/10/26,05:00,0.0, ,196620, ,0.00, ,0.00, ,100.0, 
2014/10/26,06:00,0.0, ,196680, ,0.84, ,0.00, ,100.0, 
2014/10/26,07:00,0.0, ,196680, ,15.87, ,0.00, ,100.0, 
2014/10/26,08:00,0.0, ,196680, ,0.00, ,0.00, ,100.0, 
2014/10/26,09:00,0.0, ,196740, ,4.74, ,0.00, ,100.0, 
2014/10/26,10:00,0.0, ,196740, ,11.98, ,0.00, ,100.0, 
2014/10/26,11:00,0.0, ,196800, ,8.64, ,0.00, ,100.0, 
2014/10/26,12:00,0.0, ,196860, ,11.98, ,0.00, ,100.0, 
2014/10/26,13:00,0.0, ,196920, ,17.00, ,0.00, ,100.0, 
2014/10/26,14:00,0.0, ,196980, ,15.33, ,0.00, ,100.0, 
2014/10/26,15:00,0.0, ,196980, ,13.94, ,0.00, ,100.0, 
2014/10/26,16:00,0.3, ,197040, ,15.34, ,2.20, ,100.0, 
2014/10/26,17:00,0.0, ,197040, ,15.77, ,30.60, ,100.0, 
2014/10/26,18:00,0.0, ,196920, ,27.57, ,56.00, ,100.0, 
2014/10/26,19:00,0.0, ,196800, ,15.26, ,57.10, ,100.0, 
2014/10/26,20:00,0.0, ,196620, ,14.60, ,57.10, ,100.0, 
2014/10/26,21:00,0.0, ,196500, ,13.46, ,26.90, ,100.0, 
2014/10/26,22:00,0.0, ,196500, ,4.20, ,0.00, ,100.0, 
2014/10/26,23:00,0.4, ,196560, ,6.41, ,0.00, ,100.0, 
2014/10/26,24:00,1.4, ,196620, ,20.33, ,0.00, ,100.0, 
2014/10/27,01:00,2.5, ,196680, ,12.81, ,0.00, ,100.0, 
2014/10/27,02:00,3.6, ,196740, ,13.65, ,0.00, ,100.0, 
2014/10/27,03:00,1.8, ,196740, ,13.65, ,0.00, ,100.0, 
2014/10/27,04:00,0.3, ,196740, ,0.00, ,0.00, ,100.0, 
2014/10/27,05:00,0.7, ,196800, ,10.59, ,0.00, ,100.0, 
2014/10/27,06:00,0.0, ,196800, ,6.13, ,0.00, ,100.0, 
2014/10/27,07:00,0.0, ,196800, ,0.00, ,0.00, ,100.0, 
2014/10/27,08:00,0.0, ,196860, ,4.18, ,0.00, ,100.0, 
2014/10/27,09:00,0.0, ,196860, ,12.54, ,0.40, ,100.0, 
2014/10/27,10:00,0.0, ,196860, ,9.50, ,18.90, ,100.0, 
2014/10/27,11:00,0.0, ,196800, ,25.68, ,34.40, ,100.0, 
2014/10/27,12:00,0.0, ,196740, ,17.37, ,28.10, ,100.0, 
2014/10/27,13:00,0.0, ,196740, ,4.33, ,0.00, ,100.0, 
2014/10/27,14:00,0.0, ,196800, ,12.54, ,0.50, ,100.0, 
2014/10/27,15:00,0.0, ,196800, ,14.39, ,20.30, ,100.0, 
2014/10/27,16:00,0.0, ,196740, ,23.01, ,28.50, ,100.0, 
2014/10/27,17:00,0.0, ,196680, ,12.75, ,31.00, ,100.0, 
2014/10/27,18:00,0.0, ,196560, ,12.27, ,54.50, ,100.0, 
2014/10/27,19:00,0.0, ,196380, ,15.20, ,57.40, ,100.0, 
2014/10/27,20:00,0.0, ,196260, ,13.84, ,49.90, ,100.0, 
2014/10/27,21:00,0.0, ,196200, ,13.19, ,22.40, ,100.0, 
2014/10/27,22:00,0.0, ,196200, ,3.26, ,0.00, ,100.0, 
2014/10/27,23:00,0.0, ,196260, ,14.74, ,0.00, ,100.0, 
2014/10/27,24:00,0.0, ,196320, ,10.29, ,0.00, ,100.0, 
2014/10/28,01:00,0.0, ,196380, ,9.18, ,0.00, ,100.0, 
2014/10/28,02:00,0.0, ,196380, ,15.87, ,0.00, ,100.0, 
2014/10/28,03:00,0.0, ,196380, ,0.00, ,0.00, ,100.0, 
2014/10/28,04:00,0.0, ,196380, ,0.00, ,0.00, ,100.0, 
2014/10/28,05:00,0.0, ,196440, ,14.47, ,0.00, ,100.0, 
2014/10/28,06:00,0.0, ,196440, ,2.23, ,0.00, ,100.0, 
2014/10/28,07:00,0.0, ,196440, ,0.00, ,0.00, ,100.0, 
2014/10/28,08:00,0.0, ,196500, ,9.46, ,0.00, ,100.0, 
2014/10/28,09:00,0.0, ,196500, ,7.24, ,0.80, ,100.0, 
2014/10/28,10:00,0.0, ,196500, ,9.49, ,19.00, ,100.0, 
2014/10/28,11:00,0.0, ,196500, ,20.39, ,21.80, ,100.0, 
2014/10/28,12:00,0.0, ,196440, ,15.91, ,25.10, ,100.0, 
2014/10/28,13:00,0.0, ,196440, ,5.63, ,0.00, ,100.0, 
2014/10/28,14:00,0.0, ,196500, ,2.23, ,2.80, ,100.0, 
2014/10/28,15:00,0.0, ,196440, ,24.99, ,28.80, ,100.0, 
2014/10/28,16:00,0.0, ,196380, ,15.23, ,30.80, ,100.0, 
2014/10/28,17:00,0.0, ,196260, ,14.08, ,57.50, ,100.0, 
2014/10/28,18:00,0.0, ,196080, ,14.13, ,57.20, ,100.0, 
2014/10/28,19:00,0.0, ,195960, ,11.93, ,54.90, ,100.0, 
2014/10/28,20:00,0.0, ,195840, ,11.76, ,28.60, ,100.0, 
2014/10/28,21:00,0.0, ,195840, ,7.09, ,19.10, ,100.0, 
2014/10/28,22:00,0.0, ,195840, ,9.64, ,0.00, ,100.0, 
2014/10/28,23:00,0.0, ,195840, ,0.00, ,0.00, ,100.0, 
2014/10/28,24:00,0.0, ,195900, ,12.50, ,0.00, ,100.0, 
2014/10/29,01:00,0.0, ,195960, ,10.28, ,0.00, ,100.0, 
2014/10/29,02:00,0.0, ,195960, ,10.56, ,0.00, ,100.0, 
2014/10/29,03:00,0.0, ,196020, ,4.17, ,0.00, ,100.0, 
2014/10/29,04:00,0.0, ,196020, ,12.51, ,0.00, ,100.0, 
2014/10/29,05:00,0.0, ,196020, ,0.00, ,0.00, ,100.0, 
2014/10/29,06:00,0.0, ,196020, ,0.00, ,0.00, ,100.0, 
2014/10/29,07:00,0.0, ,196020, ,0.00, ,0.00, ,100.0, 
2014/10/29,08:00,0.0, ,196080, ,15.57, ,0.00, ,100.0, 
2014/10/29,09:00,0.0, ,196080, ,1.11, ,0.00, ,100.0, 
2014/10/29,10:00,0.0, ,196140, ,6.67, ,0.00, ,100.0, 
2014/10/29,11:00,0.0, ,196200, ,12.51, ,0.00, ,100.0, 
2014/10/29,12:00,0.0, ,196200, ,14.19, ,0.00, ,100.0, 
2014/10/29,13:00,0.0, ,196260, ,14.74, ,0.00, ,100.0, 
2014/10/29,14:00,0.0, ,196320, ,12.80, ,0.00, ,100.0, 
2014/10/29,15:00,0.0, ,196380, ,10.85, ,2.90, ,100.0, 
2014/10/29,16:00,0.0, ,196380, ,26.11, ,31.00, ,100.0, 
2014/10/29,17:00,0.0, ,196200, ,13.52, ,57.50, ,100.0, 
2014/10/29,18:00,0.0, ,196020, ,13.28, ,57.50, ,100.0, 
2014/10/29,19:00,0.0, ,195900, ,11.28, ,52.80, ,100.0, 
2014/10/29,20:00,0.0, ,195840, ,13.87, ,24.30, ,100.0, 
2014/10/29,21:00,0.0, ,195780, ,0.67, ,0.00, ,100.0, 
2014/10/29,22:00,0.0, ,195840, ,6.39, ,0.00, ,100.0, 
2014/10/29,23:00,0.0, ,195840, ,10.28, ,0.00, ,100.0, 
2014/10/29,24:00,0.0, ,195900, ,9.72, ,0.00, ,100.0, 
2014/10/30,01:00,0.0, ,195900, ,6.95, ,0.00, ,100.0, 
2014/10/30,02:00,0.0, ,195960, ,12.79, ,0.00, ,100.0, 
2014/10/30,03:00,0.0, ,195960, ,3.89, ,0.00, ,100.0, 
2014/10/30,04:00,0.0, ,195960, ,0.00, ,0.00, ,100.0, 
2014/10/30,05:00,0.0, ,196020, ,12.23, ,0.00, ,100.0, 
2014/10/30,06:00,0.0, ,196020, ,4.45, ,0.00, ,100.0, 
2014/10/30,07:00,0.0, ,196020, ,0.00, ,0.00, ,100.0, 
2014/10/30,08:00,0.0, ,196020, ,0.00, ,0.00, ,100.0, 
2014/10/30,09:00,0.0, ,196080, ,2.78, ,0.00, ,100.0, 
2014/10/30,10:00,0.0, ,196080, ,13.90, ,0.00, ,100.0, 
2014/10/30,11:00,0.0, ,196140, ,14.18, ,0.00, ,100.0, 
2014/10/30,12:00,0.0, ,196200, ,10.57, ,0.00, ,100.0, 
2014/10/30,13:00,0.0, ,196260, ,11.68, ,0.00, ,100.0, 
2014/10/30,14:00,0.0, ,196260, ,13.63, ,0.00, ,100.0, 
2014/10/30,15:00,0.0, ,196320, ,11.13, ,0.00, ,100.0, 
2014/10/30,16:00,0.0, ,196380, ,7.79, ,3.30, ,100.0, 
2014/10/30,17:00,0.0, ,196380, ,28.27, ,27.40, ,100.0, 
2014/10/30,18:00,0.0, ,196200, ,13.49, ,49.00, ,100.0, 
2014/10/30,19:00,0.0, ,196080, ,11.97, ,44.90, ,100.0, 
2014/10/30,20:00,0.0, ,196020, ,10.22, ,21.70, ,100.0, 
2014/10/30,21:00,0.0, ,195960, ,8.82, ,19.00, ,100.0, 
2014/10/30,22:00,0.0, ,195960, ,1.97, ,0.00, ,100.0, 
2014/10/30,23:00,0.0, ,196020, ,0.83, ,0.00, ,100.0, 
2014/10/30,24:00,0.0, ,196020, ,15.85, ,0.00, ,100.0, 
2014/10/31,01:00,0.0, ,196080, ,1.95, ,0.00, ,100.0, 
2014/10/31,02:00,0.0, ,196080, ,14.73, ,0.00, ,100.0, 
2014/10/31,03:00,0.0, ,196080, ,0.00, ,0.00, ,100.0, 
2014/10/31,04:00,0.0, ,196080, ,0.00, ,0.00, ,100.0, 
2014/10/31,05:00,0.0, ,196080, ,0.00, ,0.00, ,100.0, 
2014/10/31,06:00,0.0, ,196140, ,1.11, ,0.00, ,100.0, 
2014/10/31,07:00,0.0, ,196140, ,15.57, ,0.00, ,100.0, 
2014/10/31,08:00,0.1, ,196140, ,0.00, ,0.00, ,100.0, 
2014/10/31,09:00,1.7, ,196200, ,8.07, ,0.00, ,100.0, 
2014/10/31,10:00,0.8, ,196200, ,8.62, ,0.00, ,100.0, 
2014/10/31,11:00,0.5, ,196260, ,14.46, ,0.00, ,100.0, 
2014/10/31,12:00,0.1, ,196320, ,17.80, ,0.00, ,100.0, 
2014/10/31,13:00,0.0, ,196380, ,12.52, ,0.00, ,100.0, 
2014/10/31,14:00,0.1, ,196380, ,5.29, ,0.00, ,100.0, 
2014/10/31,15:00,0.5, ,196500, ,16.70, ,0.00, ,100.0, 
2014/10/31,16:00,0.1, ,196500, ,16.70, ,1.10, ,100.0, 
2014/10/31,17:00,0.1, ,196500, ,12.31, ,26.60, ,100.0, 
2014/10/31,18:00,0.5, ,196380, ,19.21, ,53.20, ,100.0, 
2014/10/31,19:00,1.3, ,196200, ,14.00, ,44.40, ,100.0, 
2014/10/31,20:00,0.8, ,196200, ,15.20, ,19.20, ,100.0, 
2014/10/31,21:00,1.6, ,196200, ,9.66, ,0.00, ,100.0, 
2014/10/31,22:00,1.9, ,196200, ,0.00, ,0.00, ,100.0, 
2014/10/31,23:00,1.6, ,196260, ,8.07, ,0.00, ,100.0, 
2014/10/31,24:00,2.3, ,196320, ,12.24, ,0.00, ,100.0, 
