îCà”ä˙ä‘É_ÉÄèîó åüçıåãâ 
êÖånñº,ãgñÏêÏ
âÕêÏñº,ãgñÏêÏ
äœë™èäñº,ëÅñæâYÉ_ÉÄÅiã@ç\Åj
äœë™èäãLçÜ,1368080700010
#
#îNåéì˙,éûçè,ó¨àÊïΩãœâJó ,ó¨àÊïΩãœâJó ëÆê´,íôêÖó ,íôêÖó ëÆê´,ó¨ì¸ó ,ó¨ì¸ó ëÆê´,ï˙ó¨ó ,ï˙ó¨ó ëÆê´,íôêÖó¶,íôêÖó¶ëÆê´
#ëÆê´Å@$:åáë™ -:ñ¢éÛêM
#
2007/10/1,01:00,0.0, ,172590, ,11.91, ,0.00, ,99.0, 
2007/10/1,02:00,0.1, ,172650, ,7.25, ,0.00, ,99.0, 
2007/10/1,03:00,0.0, ,172650, ,8.29, ,0.00, ,99.0, 
2007/10/1,04:00,0.0, ,172700, ,2.33, ,0.00, ,99.1, 
2007/10/1,05:00,0.0, ,172700, ,13.21, ,0.00, ,99.1, 
2007/10/1,06:00,0.0, ,172760, ,1.30, ,0.00, ,99.1, 
2007/10/1,07:00,0.0, ,172760, ,14.25, ,0.00, ,99.1, 
2007/10/1,08:00,0.0, ,172760, ,0.00, ,0.00, ,99.1, 
2007/10/1,09:00,0.0, ,172820, ,10.63, ,0.00, ,99.1, 
2007/10/1,10:00,0.0, ,172870, ,7.00, ,0.00, ,99.2, 
2007/10/1,11:00,0.0, ,172870, ,13.61, ,5.20, ,99.2, 
2007/10/1,12:00,0.0, ,172870, ,15.67, ,31.10, ,99.2, 
2007/10/1,13:00,0.0, ,172820, ,30.32, ,43.40, ,99.1, 
2007/10/1,14:00,0.0, ,172760, ,15.78, ,44.20, ,99.1, 
2007/10/1,15:00,0.0, ,172650, ,14.94, ,45.00, ,99.0, 
2007/10/1,16:00,0.0, ,172540, ,12.95, ,45.20, ,98.9, 
2007/10/1,17:00,0.0, ,172370, ,13.02, ,45.00, ,98.8, 
2007/10/1,18:00,0.0, ,172310, ,14.83, ,30.20, ,98.8, 
2007/10/1,19:00,0.1, ,172260, ,12.09, ,31.10, ,98.8, 
2007/10/1,20:00,0.0, ,172200, ,17.90, ,31.10, ,98.7, 
2007/10/1,21:00,0.0, ,172140, ,13.38, ,13.70, ,98.7, 
2007/10/1,22:00,0.0, ,172140, ,4.21, ,0.00, ,98.7, 
2007/10/1,23:00,0.0, ,172200, ,6.99, ,0.00, ,98.7, 
2007/10/1,24:00,0.0, ,172200, ,8.54, ,0.00, ,98.0, 
2007/10/2,01:00,0.0, ,172260, ,11.64, ,0.00, ,98.0, 
2007/10/2,02:00,0.0, ,172260, ,3.88, ,0.00, ,98.0, 
2007/10/2,03:00,0.0, ,172310, ,9.05, ,0.00, ,98.1, 
2007/10/2,04:00,0.0, ,172310, ,6.47, ,0.00, ,98.1, 
2007/10/2,05:00,0.0, ,172370, ,0.78, ,0.00, ,98.1, 
2007/10/2,06:00,0.0, ,172370, ,14.75, ,0.00, ,98.1, 
2007/10/2,07:00,0.0, ,172370, ,0.00, ,0.00, ,98.1, 
2007/10/2,08:00,0.0, ,172420, ,7.25, ,0.00, ,98.1, 
2007/10/2,09:00,0.0, ,172420, ,8.38, ,5.30, ,98.1, 
2007/10/2,10:00,0.0, ,172420, ,9.52, ,18.50, ,98.1, 
2007/10/2,11:00,0.0, ,172420, ,22.54, ,26.70, ,98.1, 
2007/10/2,12:00,0.0, ,172370, ,24.83, ,26.70, ,98.1, 
2007/10/2,13:00,0.0, ,172310, ,12.37, ,26.70, ,98.1, 
2007/10/2,14:00,0.0, ,172260, ,13.53, ,44.20, ,98.0, 
2007/10/2,15:00,0.0, ,172090, ,11.81, ,47.00, ,97.9, 
2007/10/2,16:00,0.0, ,171980, ,11.74, ,44.50, ,97.8, 
2007/10/2,17:00,0.0, ,171870, ,15.69, ,44.50, ,97.8, 
2007/10/2,18:00,0.0, ,171870, ,11.78, ,20.90, ,97.8, 
2007/10/2,19:00,0.0, ,171870, ,19.96, ,7.80, ,97.8, 
2007/10/2,20:00,0.0, ,171870, ,9.78, ,0.00, ,97.8, 
2007/10/2,21:00,0.0, ,171870, ,0.00, ,0.00, ,97.8, 
2007/10/2,22:00,0.0, ,171920, ,5.43, ,0.00, ,97.8, 
2007/10/2,23:00,0.0, ,171980, ,12.14, ,0.00, ,97.8, 
2007/10/2,24:00,0.0, ,171980, ,13.44, ,0.00, ,97.1, 
2007/10/3,01:00,0.0, ,172030, ,11.89, ,0.00, ,97.2, 
2007/10/3,02:00,0.0, ,172030, ,3.62, ,0.00, ,97.2, 
2007/10/3,03:00,0.0, ,172090, ,1.55, ,0.00, ,97.2, 
2007/10/3,04:00,0.0, ,172090, ,13.96, ,0.00, ,97.2, 
2007/10/3,05:00,0.0, ,172090, ,0.00, ,0.00, ,97.2, 
2007/10/3,06:00,0.0, ,172090, ,0.02, ,0.00, ,97.2, 
2007/10/3,07:00,0.0, ,172140, ,1.83, ,0.00, ,97.2, 
2007/10/3,08:00,0.0, ,172140, ,13.71, ,0.00, ,97.2, 
2007/10/3,09:00,0.0, ,172140, ,0.09, ,5.30, ,97.2, 
2007/10/3,10:00,0.0, ,172140, ,9.54, ,18.50, ,97.2, 
2007/10/3,11:00,0.0, ,172140, ,22.55, ,26.60, ,97.2, 
2007/10/3,12:00,0.0, ,172090, ,22.69, ,26.60, ,97.2, 
2007/10/3,13:00,0.0, ,172030, ,13.30, ,28.90, ,97.2, 
2007/10/3,14:00,0.0, ,171920, ,13.37, ,56.80, ,97.1, 
2007/10/3,15:00,0.2, ,171750, ,13.14, ,56.90, ,97.0, 
2007/10/3,16:00,0.1, ,171590, ,12.37, ,56.90, ,96.9, 
2007/10/3,17:00,0.0, ,171420, ,14.04, ,56.70, ,96.8, 
2007/10/3,18:00,0.0, ,171360, ,11.39, ,29.10, ,96.7, 
2007/10/3,19:00,0.4, ,171310, ,15.36, ,29.00, ,96.7, 
2007/10/3,20:00,0.5, ,171250, ,10.11, ,12.00, ,96.6, 
2007/10/3,21:00,1.3, ,171250, ,7.87, ,0.00, ,96.6, 
2007/10/3,22:00,0.6, ,171250, ,0.00, ,0.00, ,96.6, 
2007/10/3,23:00,0.5, ,171310, ,12.89, ,0.00, ,96.7, 
2007/10/3,24:00,0.3, ,171360, ,10.32, ,0.00, ,96.0, 
2007/10/4,01:00,0.0, ,171360, ,7.74, ,0.00, ,96.0, 
2007/10/4,02:00,0.3, ,171420, ,9.55, ,0.00, ,96.1, 
2007/10/4,03:00,0.0, ,171420, ,5.93, ,0.00, ,96.1, 
2007/10/4,04:00,0.6, ,171420, ,0.00, ,0.00, ,96.1, 
2007/10/4,05:00,0.2, ,171480, ,5.16, ,0.00, ,96.1, 
2007/10/4,06:00,0.2, ,171480, ,10.32, ,0.00, ,96.1, 
2007/10/4,07:00,0.0, ,171480, ,0.03, ,0.00, ,96.1, 
2007/10/4,08:00,0.0, ,171530, ,1.04, ,0.00, ,96.1, 
2007/10/4,09:00,0.0, ,171530, ,14.54, ,5.00, ,96.1, 
2007/10/4,10:00,0.0, ,171530, ,9.61, ,19.00, ,96.1, 
2007/10/4,11:00,0.0, ,171530, ,18.44, ,18.90, ,96.1, 
2007/10/4,12:00,0.0, ,171530, ,18.23, ,19.00, ,96.1, 
2007/10/4,13:00,0.0, ,171480, ,18.51, ,26.70, ,96.1, 
2007/10/4,14:00,0.0, ,171360, ,14.87, ,55.20, ,96.0, 
2007/10/4,15:00,0.2, ,171200, ,13.90, ,58.40, ,95.9, 
2007/10/4,16:00,0.6, ,171030, ,12.65, ,56.10, ,95.8, 
2007/10/4,17:00,0.3, ,170920, ,16.25, ,48.50, ,95.7, 
2007/10/4,18:00,0.0, ,170920, ,16.49, ,18.60, ,95.7, 
2007/10/4,19:00,0.0, ,170860, ,14.45, ,4.30, ,95.7, 
2007/10/4,20:00,0.0, ,170860, ,0.79, ,0.00, ,95.7, 
2007/10/4,21:00,0.0, ,170920, ,10.56, ,0.00, ,95.7, 
2007/10/4,22:00,0.0, ,170970, ,12.36, ,0.00, ,95.8, 
2007/10/4,23:00,0.1, ,171030, ,9.53, ,0.00, ,95.8, 
2007/10/4,24:00,0.0, ,171030, ,13.91, ,0.00, ,95.1, 
2007/10/5,01:00,0.0, ,171090, ,5.41, ,0.00, ,95.1, 
2007/10/5,02:00,0.1, ,171090, ,10.05, ,0.00, ,95.1, 
2007/10/5,03:00,0.1, ,171140, ,14.18, ,0.00, ,95.2, 
2007/10/5,04:00,0.0, ,171140, ,1.29, ,0.00, ,95.2, 
2007/10/5,05:00,0.0, ,171140, ,0.00, ,0.00, ,95.2, 
2007/10/5,06:00,0.0, ,171200, ,11.86, ,0.00, ,95.2, 
2007/10/5,07:00,0.1, ,171200, ,3.61, ,0.00, ,95.2, 
2007/10/5,08:00,0.0, ,171200, ,0.00, ,0.00, ,95.2, 
2007/10/5,09:00,0.0, ,171200, ,0.09, ,5.00, ,95.2, 
2007/10/5,10:00,0.0, ,171200, ,9.53, ,18.60, ,95.2, 
2007/10/5,11:00,0.0, ,171200, ,18.68, ,18.80, ,95.2, 
2007/10/5,12:00,0.0, ,171200, ,27.03, ,35.50, ,95.2, 
2007/10/5,13:00,0.0, ,171140, ,13.51, ,19.60, ,95.2, 
2007/10/5,14:00,0.0, ,171030, ,18.18, ,44.80, ,95.1, 
2007/10/5,15:00,0.0, ,170860, ,12.78, ,57.30, ,95.0, 
2007/10/5,16:00,0.0, ,170750, ,12.50, ,47.00, ,94.9, 
2007/10/5,17:00,0.0, ,170640, ,17.32, ,44.70, ,94.8, 
2007/10/5,18:00,0.0, ,170640, ,11.06, ,20.90, ,94.8, 
2007/10/5,19:00,0.0, ,170530, ,10.33, ,16.20, ,94.8, 
2007/10/5,20:00,0.0, ,170530, ,5.19, ,0.00, ,94.8, 
2007/10/5,21:00,0.0, ,170530, ,0.03, ,0.00, ,94.8, 
2007/10/5,22:00,0.0, ,170580, ,15.44, ,0.00, ,94.8, 
2007/10/5,23:00,0.0, ,170640, ,1.03, ,0.00, ,94.8, 
2007/10/5,24:00,0.0, ,170640, ,14.41, ,0.00, ,94.2, 
2007/10/6,01:00,0.0, ,170700, ,1.54, ,0.00, ,94.2, 
2007/10/6,02:00,0.0, ,170700, ,13.90, ,0.00, ,94.2, 
2007/10/6,03:00,0.0, ,170700, ,0.00, ,0.00, ,94.2, 
2007/10/6,04:00,0.0, ,170700, ,0.00, ,0.00, ,94.2, 
2007/10/6,05:00,0.0, ,170700, ,0.00, ,0.00, ,94.2, 
2007/10/6,06:00,0.0, ,170750, ,7.98, ,0.00, ,94.2, 
2007/10/6,07:00,0.0, ,170750, ,7.47, ,0.00, ,94.2, 
2007/10/6,08:00,0.0, ,170750, ,0.00, ,0.00, ,94.2, 
2007/10/6,09:00,0.0, ,170750, ,0.09, ,5.10, ,94.2, 
2007/10/6,10:00,0.0, ,170750, ,9.24, ,35.20, ,94.2, 
2007/10/6,11:00,0.0, ,170700, ,27.95, ,40.60, ,94.2, 
2007/10/6,12:00,0.0, ,170640, ,18.39, ,24.10, ,94.2, 
2007/10/6,13:00,0.0, ,170580, ,12.75, ,36.30, ,94.1, 
2007/10/6,14:00,0.0, ,170470, ,14.63, ,56.20, ,94.1, 
2007/10/6,15:00,0.0, ,170310, ,12.66, ,57.80, ,94.0, 
2007/10/6,16:00,0.0, ,170140, ,12.26, ,57.90, ,93.8, 
2007/10/6,17:00,0.0, ,169970, ,12.50, ,57.80, ,93.7, 
2007/10/6,18:00,0.0, ,169920, ,13.22, ,33.00, ,93.7, 
2007/10/6,19:00,0.0, ,169920, ,13.73, ,6.70, ,93.7, 
2007/10/6,20:00,0.0, ,169920, ,9.09, ,0.00, ,93.7, 
2007/10/6,21:00,0.0, ,169920, ,0.00, ,0.00, ,93.7, 
2007/10/6,22:00,0.0, ,169920, ,0.00, ,0.00, ,93.7, 
2007/10/6,23:00,0.0, ,169970, ,0.51, ,0.00, ,93.7, 
2007/10/6,24:00,0.0, ,169970, ,14.90, ,0.00, ,93.1, 
2007/10/7,01:00,0.0, ,169970, ,0.00, ,0.00, ,93.1, 
2007/10/7,02:00,0.0, ,169970, ,0.00, ,0.00, ,93.1, 
2007/10/7,03:00,0.0, ,170030, ,2.57, ,0.00, ,93.1, 
2007/10/7,04:00,0.0, ,170030, ,12.84, ,0.00, ,93.1, 
2007/10/7,05:00,0.0, ,170030, ,0.00, ,0.00, ,93.1, 
2007/10/7,06:00,0.0, ,170030, ,0.00, ,0.00, ,93.1, 
2007/10/7,07:00,0.0, ,170030, ,0.09, ,5.30, ,93.1, 
2007/10/7,08:00,0.0, ,170030, ,11.43, ,23.10, ,93.1, 
2007/10/7,09:00,0.0, ,169970, ,12.67, ,24.30, ,93.1, 
2007/10/7,10:00,0.0, ,169920, ,8.84, ,30.60, ,93.0, 
2007/10/7,11:00,0.0, ,169810, ,17.40, ,30.50, ,93.0, 
2007/10/7,12:00,0.0, ,169810, ,11.61, ,31.20, ,93.0, 
2007/10/7,13:00,0.0, ,169700, ,15.38, ,31.60, ,92.9, 
2007/10/7,14:00,0.0, ,169640, ,9.37, ,31.60, ,92.9, 
2007/10/7,15:00,0.0, ,169590, ,12.44, ,31.30, ,92.8, 
2007/10/7,16:00,0.0, ,169530, ,15.77, ,31.20, ,92.8, 
2007/10/7,17:00,0.0, ,169420, ,9.36, ,31.40, ,92.7, 
2007/10/7,18:00,0.0, ,169310, ,12.66, ,50.50, ,92.6, 
2007/10/7,19:00,0.0, ,169090, ,10.02, ,58.70, ,92.5, 
2007/10/7,20:00,0.0, ,168980, ,9.46, ,35.80, ,92.4, 
2007/10/7,21:00,0.0, ,168920, ,6.83, ,0.00, ,92.4, 
2007/10/7,22:00,0.0, ,168920, ,0.02, ,0.00, ,92.4, 
2007/10/7,23:00,0.0, ,168980, ,13.82, ,0.00, ,92.4, 
2007/10/7,24:00,0.0, ,168980, ,1.54, ,0.00, ,91.8, 
2007/10/8,01:00,0.0, ,168980, ,0.00, ,0.00, ,91.8, 
2007/10/8,02:00,0.0, ,169030, ,3.08, ,0.00, ,91.8, 
2007/10/8,03:00,0.1, ,169030, ,12.32, ,0.00, ,91.8, 
2007/10/8,04:00,1.2, ,169030, ,0.21, ,0.00, ,91.8, 
2007/10/8,05:00,1.8, ,169030, ,0.04, ,0.00, ,91.8, 
2007/10/8,06:00,0.4, ,169090, ,1.30, ,0.00, ,91.8, 
2007/10/8,07:00,0.3, ,169090, ,14.10, ,0.00, ,91.8, 
2007/10/8,08:00,0.3, ,169090, ,0.00, ,0.00, ,91.8, 
2007/10/8,09:00,0.0, ,169090, ,0.09, ,5.10, ,91.8, 
2007/10/8,10:00,0.0, ,169090, ,14.96, ,30.40, ,91.8, 
2007/10/8,11:00,0.0, ,169030, ,18.91, ,30.80, ,91.8, 
2007/10/8,12:00,0.0, ,168920, ,14.71, ,30.90, ,91.7, 
2007/10/8,13:00,0.0, ,168870, ,6.60, ,31.20, ,91.7, 
2007/10/8,14:00,0.0, ,168760, ,12.94, ,39.50, ,91.6, 
2007/10/8,15:00,0.0, ,168650, ,12.53, ,39.50, ,91.6, 
2007/10/8,16:00,0.0, ,168590, ,10.26, ,32.90, ,91.5, 
2007/10/8,17:00,0.0, ,168540, ,15.55, ,32.30, ,91.5, 
2007/10/8,18:00,0.0, ,168370, ,12.21, ,54.40, ,91.4, 
2007/10/8,19:00,0.0, ,168200, ,12.06, ,59.10, ,91.3, 
2007/10/8,20:00,0.0, ,168090, ,13.51, ,34.90, ,91.2, 
2007/10/8,21:00,0.0, ,168040, ,7.56, ,0.00, ,91.2, 
2007/10/8,22:00,0.0, ,168040, ,0.00, ,0.00, ,91.2, 
2007/10/8,23:00,1.3, ,168090, ,8.17, ,0.00, ,91.2, 
2007/10/8,24:00,0.0, ,168150, ,18.89, ,0.00, ,90.6, 
2007/10/9,01:00,0.0, ,168150, ,3.57, ,0.00, ,90.6, 
2007/10/9,02:00,0.0, ,168150, ,0.00, ,0.00, ,90.6, 
2007/10/9,03:00,0.0, ,168150, ,0.00, ,0.00, ,90.6, 
2007/10/9,04:00,0.0, ,168200, ,2.30, ,0.00, ,90.6, 
2007/10/9,05:00,0.0, ,168200, ,13.02, ,0.00, ,90.6, 
2007/10/9,06:00,1.7, ,168200, ,0.00, ,0.00, ,90.6, 
2007/10/9,07:00,2.3, ,168260, ,6.89, ,0.00, ,90.7, 
2007/10/9,08:00,0.3, ,168260, ,8.43, ,0.00, ,90.7, 
2007/10/9,09:00,0.3, ,168260, ,0.00, ,0.00, ,90.7, 
2007/10/9,10:00,0.0, ,168310, ,1.04, ,0.00, ,90.7, 
2007/10/9,11:00,0.3, ,168310, ,14.41, ,5.20, ,90.7, 
2007/10/9,12:00,0.0, ,168310, ,15.58, ,30.60, ,90.7, 
2007/10/9,13:00,0.0, ,168260, ,29.39, ,30.40, ,90.7, 
2007/10/9,14:00,0.0, ,168150, ,15.36, ,58.80, ,90.6, 
2007/10/9,15:00,0.6, ,167930, ,12.76, ,58.50, ,90.5, 
2007/10/9,16:00,0.5, ,167820, ,13.79, ,58.90, ,90.4, 
2007/10/9,17:00,1.2, ,167650, ,14.85, ,59.10, ,90.3, 
2007/10/9,18:00,0.8, ,167600, ,12.55, ,20.90, ,90.2, 
2007/10/9,19:00,1.5, ,167600, ,15.63, ,4.20, ,90.2, 
2007/10/9,20:00,1.0, ,167600, ,9.91, ,0.00, ,90.2, 
2007/10/9,21:00,1.1, ,167650, ,0.76, ,0.00, ,90.3, 
2007/10/9,22:00,5.0, ,167650, ,14.53, ,0.00, ,90.3, 
2007/10/9,23:00,3.6, ,167760, ,15.83, ,0.00, ,90.4, 
2007/10/9,24:00,7.9, ,167760, ,14.83, ,0.00, ,89.7, 
2007/10/10,01:00,14.9, ,167930, ,22.74, ,0.00, ,89.8, 
2007/10/10,02:00,4.1, ,167980, ,30.86, ,0.00, ,89.9, 
2007/10/10,03:00,2.1, ,168090, ,29.34, ,0.00, ,89.9, 
2007/10/10,04:00,1.3, ,168260, ,34.72, ,0.00, ,90.0, 
2007/10/10,05:00,0.1, ,168480, ,55.93, ,0.00, ,90.2, 
2007/10/10,06:00,0.2, ,168650, ,51.88, ,0.00, ,90.3, 
2007/10/10,07:00,0.1, ,168810, ,46.54, ,0.00, ,90.4, 
2007/10/10,08:00,0.0, ,168980, ,40.68, ,0.00, ,90.5, 
2007/10/10,09:00,0.0, ,169090, ,37.63, ,0.00, ,90.6, 
2007/10/10,10:00,0.0, ,169200, ,35.08, ,0.00, ,90.6, 
2007/10/10,11:00,0.0, ,169310, ,31.05, ,0.00, ,90.7, 
2007/10/10,12:00,0.0, ,169420, ,30.01, ,0.00, ,90.8, 
2007/10/10,13:00,0.0, ,169530, ,27.47, ,2.50, ,90.8, 
2007/10/10,14:00,0.0, ,169590, ,25.17, ,0.00, ,90.9, 
2007/10/10,15:00,0.1, ,169700, ,21.80, ,0.00, ,90.9, 
2007/10/10,16:00,0.0, ,169750, ,23.09, ,0.00, ,91.0, 
2007/10/10,17:00,0.0, ,169810, ,20.27, ,0.00, ,91.0, 
2007/10/10,18:00,0.1, ,169920, ,23.10, ,0.00, ,91.1, 
2007/10/10,19:00,0.0, ,169970, ,19.51, ,0.00, ,91.1, 
2007/10/10,20:00,0.0, ,170030, ,17.72, ,0.00, ,91.2, 
2007/10/10,21:00,0.0, ,170090, ,17.72, ,0.00, ,91.2, 
2007/10/10,22:00,0.5, ,170200, ,18.76, ,0.00, ,91.3, 
2007/10/10,23:00,0.0, ,170250, ,17.99, ,0.00, ,91.3, 
2007/10/10,24:00,0.3, ,170310, ,14.65, ,0.00, ,91.1, 
2007/10/11,01:00,0.3, ,170310, ,13.11, ,0.00, ,91.1, 
2007/10/11,02:00,0.1, ,170360, ,13.89, ,0.00, ,91.2, 
2007/10/11,03:00,0.3, ,170420, ,7.46, ,0.00, ,91.2, 
2007/10/11,04:00,0.5, ,170470, ,10.03, ,0.00, ,91.2, 
2007/10/11,05:00,1.0, ,170470, ,14.92, ,0.00, ,91.2, 
2007/10/11,06:00,0.5, ,170530, ,8.23, ,0.00, ,91.3, 
2007/10/11,07:00,0.0, ,170530, ,7.20, ,0.00, ,91.3, 
2007/10/11,08:00,0.0, ,170580, ,13.64, ,0.00, ,91.3, 
2007/10/11,09:00,0.0, ,170640, ,4.12, ,0.00, ,91.3, 
2007/10/11,10:00,0.0, ,170700, ,16.73, ,0.00, ,91.4, 
2007/10/11,11:00,0.0, ,170750, ,13.47, ,5.20, ,91.4, 
2007/10/11,12:00,0.0, ,170750, ,23.24, ,6.70, ,91.4, 
2007/10/11,13:00,0.0, ,170750, ,9.11, ,5.40, ,91.4, 
2007/10/11,14:00,0.0, ,170810, ,24.34, ,18.50, ,91.4, 
2007/10/11,15:00,0.0, ,170810, ,19.62, ,7.30, ,91.4, 
2007/10/11,16:00,0.0, ,170810, ,9.64, ,0.00, ,91.4, 
2007/10/11,17:00,0.0, ,170860, ,11.85, ,0.00, ,91.5, 
2007/10/11,18:00,0.0, ,170920, ,17.25, ,0.00, ,91.5, 
2007/10/11,19:00,0.0, ,170970, ,14.94, ,0.00, ,91.5, 
2007/10/11,20:00,0.0, ,171030, ,16.49, ,0.00, ,91.6, 
2007/10/11,21:00,0.0, ,171090, ,14.43, ,0.00, ,91.6, 
2007/10/11,22:00,0.0, ,171140, ,15.75, ,0.00, ,91.7, 
2007/10/11,23:00,0.0, ,171200, ,12.65, ,0.00, ,91.7, 
2007/10/11,24:00,0.0, ,171250, ,15.21, ,0.00, ,91.7, 
2007/10/12,01:00,0.0, ,171310, ,13.69, ,0.00, ,91.8, 
2007/10/12,02:00,0.0, ,171310, ,7.02, ,0.00, ,91.8, 
2007/10/12,03:00,0.0, ,171360, ,15.22, ,0.00, ,91.8, 
2007/10/12,04:00,0.0, ,171360, ,0.26, ,0.00, ,91.8, 
2007/10/12,05:00,0.0, ,171420, ,5.93, ,0.00, ,91.8, 
2007/10/12,06:00,0.0, ,171420, ,9.55, ,0.00, ,91.8, 
2007/10/12,07:00,0.0, ,171420, ,0.00, ,0.00, ,91.8, 
2007/10/12,08:00,0.0, ,171480, ,12.38, ,0.00, ,91.9, 
2007/10/12,09:00,0.0, ,171480, ,3.10, ,0.00, ,91.9, 
2007/10/12,10:00,0.0, ,171530, ,11.61, ,0.00, ,91.9, 
2007/10/12,11:00,0.0, ,171590, ,12.22, ,5.10, ,91.9, 
2007/10/12,12:00,0.0, ,171590, ,17.05, ,19.50, ,91.9, 
2007/10/12,13:00,0.0, ,171590, ,19.52, ,19.70, ,91.9, 
2007/10/12,14:00,0.0, ,171530, ,25.78, ,36.60, ,91.9, 
2007/10/12,15:00,0.0, ,171480, ,16.92, ,36.70, ,91.9, 
2007/10/12,16:00,0.0, ,171360, ,15.12, ,36.50, ,91.8, 
2007/10/12,17:00,0.0, ,171310, ,13.64, ,41.80, ,91.8, 
2007/10/12,18:00,0.0, ,171250, ,15.96, ,20.70, ,91.7, 
2007/10/12,19:00,0.0, ,171200, ,14.46, ,41.40, ,91.7, 
2007/10/12,20:00,0.0, ,171090, ,12.27, ,19.20, ,91.6, 
2007/10/12,21:00,0.0, ,171090, ,9.05, ,0.00, ,91.6, 
2007/10/12,22:00,0.0, ,171090, ,0.02, ,0.00, ,91.6, 
2007/10/12,23:00,0.0, ,171140, ,9.31, ,0.00, ,91.7, 
2007/10/12,24:00,0.0, ,171200, ,13.67, ,0.00, ,91.7, 
2007/10/13,01:00,0.0, ,171250, ,13.67, ,0.00, ,91.7, 
2007/10/13,02:00,0.0, ,171250, ,9.80, ,0.00, ,91.7, 
2007/10/13,03:00,0.0, ,171310, ,5.67, ,0.00, ,91.8, 
2007/10/13,04:00,0.0, ,171310, ,9.80, ,0.00, ,91.8, 
2007/10/13,05:00,0.0, ,171310, ,0.00, ,0.00, ,91.8, 
2007/10/13,06:00,0.0, ,171360, ,2.32, ,0.00, ,91.8, 
2007/10/13,07:00,0.0, ,171360, ,13.16, ,0.00, ,91.8, 
2007/10/13,08:00,0.0, ,171360, ,0.00, ,0.00, ,91.8, 
2007/10/13,09:00,0.0, ,171360, ,0.00, ,0.00, ,91.8, 
2007/10/13,10:00,0.0, ,171420, ,14.20, ,0.00, ,91.8, 
2007/10/13,11:00,0.0, ,171480, ,11.40, ,0.00, ,91.9, 
2007/10/13,12:00,0.0, ,171530, ,12.16, ,0.00, ,91.9, 
2007/10/13,13:00,0.0, ,171590, ,17.41, ,21.20, ,91.9, 
2007/10/13,14:00,0.0, ,171590, ,22.26, ,29.20, ,91.9, 
2007/10/13,15:00,0.0, ,171530, ,22.10, ,29.10, ,91.9, 
2007/10/13,16:00,0.0, ,171480, ,16.70, ,29.30, ,91.9, 
2007/10/13,17:00,0.0, ,171420, ,14.14, ,29.20, ,91.8, 
2007/10/13,18:00,0.0, ,171360, ,12.78, ,30.40, ,91.8, 
2007/10/13,19:00,0.0, ,171200, ,12.57, ,58.20, ,91.7, 
2007/10/13,20:00,0.0, ,171030, ,13.54, ,34.40, ,91.6, 
2007/10/13,21:00,0.0, ,171030, ,3.09, ,0.00, ,91.6, 
2007/10/13,22:00,0.0, ,171090, ,5.93, ,0.00, ,91.6, 
2007/10/13,23:00,0.0, ,171090, ,9.53, ,0.00, ,91.6, 
2007/10/13,24:00,0.0, ,171140, ,13.15, ,0.00, ,91.7, 
2007/10/14,01:00,0.0, ,171140, ,2.32, ,0.00, ,91.7, 
2007/10/14,02:00,0.0, ,171200, ,14.44, ,0.00, ,91.7, 
2007/10/14,03:00,0.0, ,171200, ,1.03, ,0.00, ,91.7, 
2007/10/14,04:00,0.0, ,171250, ,14.18, ,0.00, ,91.7, 
2007/10/14,05:00,0.0, ,171250, ,1.29, ,0.00, ,91.7, 
2007/10/14,06:00,0.0, ,171250, ,0.00, ,0.00, ,91.7, 
2007/10/14,07:00,0.0, ,171310, ,4.64, ,0.00, ,91.8, 
2007/10/14,08:00,0.0, ,171310, ,10.83, ,0.00, ,91.8, 
2007/10/14,09:00,0.0, ,171310, ,0.00, ,0.00, ,91.8, 
2007/10/14,10:00,0.0, ,171360, ,6.19, ,0.00, ,91.8, 
2007/10/14,11:00,0.0, ,171420, ,17.03, ,0.00, ,91.8, 
2007/10/14,12:00,0.0, ,171480, ,13.76, ,5.10, ,91.9, 
2007/10/14,13:00,0.0, ,171480, ,24.88, ,30.10, ,91.9, 
2007/10/14,14:00,0.2, ,171420, ,18.15, ,30.20, ,91.8, 
2007/10/14,15:00,0.3, ,171360, ,17.66, ,30.00, ,91.8, 
2007/10/14,16:00,0.0, ,171310, ,11.62, ,30.10, ,91.8, 
2007/10/14,17:00,0.0, ,171250, ,16.79, ,32.70, ,91.7, 
2007/10/14,18:00,0.0, ,171140, ,8.93, ,30.10, ,91.7, 
2007/10/14,19:00,0.0, ,171030, ,15.59, ,58.00, ,91.6, 
2007/10/14,20:00,0.0, ,170860, ,13.21, ,26.20, ,91.5, 
2007/10/14,21:00,0.0, ,170860, ,3.40, ,0.00, ,91.5, 
2007/10/14,22:00,0.0, ,170920, ,9.79, ,0.00, ,91.5, 
2007/10/14,23:00,0.0, ,170920, ,5.67, ,0.00, ,91.5, 
2007/10/14,24:00,0.0, ,170970, ,12.11, ,0.00, ,91.5, 
2007/10/15,01:00,0.0, ,171030, ,9.02, ,0.00, ,91.6, 
2007/10/15,02:00,0.0, ,171030, ,9.79, ,0.00, ,91.6, 
2007/10/15,03:00,0.0, ,171090, ,7.21, ,0.00, ,91.6, 
2007/10/15,04:00,0.0, ,171090, ,8.25, ,0.00, ,91.6, 
2007/10/15,05:00,0.0, ,171090, ,0.00, ,0.00, ,91.6, 
2007/10/15,06:00,0.0, ,171090, ,0.00, ,0.00, ,91.6, 
2007/10/15,07:00,0.0, ,171140, ,9.84, ,0.00, ,91.7, 
2007/10/15,08:00,0.0, ,171140, ,5.71, ,0.00, ,91.7, 
2007/10/15,09:00,0.0, ,171140, ,0.00, ,0.00, ,91.7, 
2007/10/15,10:00,0.0, ,171200, ,6.54, ,5.20, ,91.7, 
2007/10/15,11:00,0.0, ,171200, ,19.13, ,19.60, ,91.7, 
2007/10/15,12:00,0.0, ,171200, ,24.41, ,29.20, ,91.7, 
2007/10/15,13:00,0.0, ,171140, ,13.87, ,29.20, ,91.7, 
2007/10/15,14:00,0.0, ,170970, ,13.48, ,55.60, ,91.5, 
2007/10/15,15:00,0.0, ,170810, ,12.49, ,58.30, ,91.4, 
2007/10/15,16:00,0.0, ,170750, ,13.68, ,30.30, ,91.4, 
2007/10/15,17:00,0.0, ,170700, ,12.21, ,30.30, ,91.4, 
2007/10/15,18:00,0.0, ,170640, ,12.61, ,18.50, ,91.3, 
2007/10/15,19:00,0.0, ,170640, ,12.93, ,6.70, ,91.3, 
2007/10/15,20:00,0.0, ,170640, ,9.07, ,0.00, ,91.3, 
2007/10/15,21:00,0.0, ,170640, ,0.08, ,0.00, ,91.3, 
2007/10/15,22:00,0.0, ,170700, ,12.87, ,0.00, ,91.4, 
2007/10/15,23:00,0.0, ,170750, ,8.50, ,0.00, ,91.4, 
2007/10/15,24:00,0.0, ,170750, ,9.53, ,0.00, ,91.4, 
2007/10/16,01:00,0.0, ,170810, ,10.30, ,0.00, ,91.4, 
2007/10/16,02:00,0.0, ,170810, ,5.15, ,0.00, ,91.4, 
2007/10/16,03:00,0.0, ,170860, ,6.72, ,0.00, ,91.5, 
2007/10/16,04:00,0.0, ,170860, ,8.77, ,0.00, ,91.5, 
2007/10/16,05:00,0.0, ,170860, ,0.00, ,0.00, ,91.5, 
2007/10/16,06:00,0.0, ,170860, ,0.00, ,0.00, ,91.5, 
2007/10/16,07:00,0.0, ,170860, ,0.04, ,0.00, ,91.5, 
2007/10/16,08:00,0.0, ,170920, ,13.13, ,0.00, ,91.5, 
2007/10/16,09:00,0.0, ,170920, ,2.32, ,0.00, ,91.5, 
2007/10/16,10:00,0.0, ,170920, ,0.09, ,5.10, ,91.5, 
2007/10/16,11:00,0.0, ,170920, ,9.61, ,18.60, ,91.5, 
2007/10/16,12:00,0.0, ,170920, ,28.22, ,38.00, ,91.5, 
2007/10/16,13:00,0.0, ,170860, ,23.46, ,23.20, ,91.5, 
2007/10/16,14:00,0.0, ,170750, ,14.58, ,48.70, ,91.4, 
2007/10/16,15:00,0.0, ,170580, ,13.30, ,51.40, ,91.3, 
2007/10/16,16:00,0.0, ,170580, ,12.37, ,29.00, ,91.3, 
2007/10/16,17:00,0.0, ,170470, ,13.27, ,22.70, ,91.2, 
2007/10/16,18:00,0.0, ,170470, ,12.64, ,30.30, ,91.2, 
2007/10/16,19:00,0.0, ,170360, ,12.78, ,30.20, ,91.2, 
2007/10/16,20:00,0.0, ,170360, ,11.80, ,4.30, ,91.2, 
2007/10/16,21:00,0.0, ,170360, ,10.92, ,0.00, ,91.2, 
2007/10/16,22:00,0.0, ,170360, ,0.02, ,0.00, ,91.2, 
2007/10/16,23:00,0.0, ,170360, ,0.02, ,0.00, ,91.2, 
2007/10/16,24:00,0.0, ,170420, ,7.97, ,0.00, ,91.2, 
2007/10/17,01:00,0.0, ,170470, ,8.50, ,0.00, ,91.2, 
2007/10/17,02:00,0.0, ,170470, ,14.43, ,0.00, ,91.2, 
2007/10/17,03:00,0.0, ,170470, ,0.00, ,0.00, ,91.2, 
2007/10/17,04:00,0.0, ,170470, ,0.00, ,0.00, ,91.2, 
2007/10/17,05:00,0.0, ,170530, ,11.06, ,0.00, ,91.3, 
2007/10/17,06:00,0.0, ,170530, ,4.37, ,0.00, ,91.3, 
2007/10/17,07:00,0.0, ,170530, ,0.00, ,0.00, ,91.3, 
2007/10/17,08:00,0.0, ,170530, ,0.14, ,5.20, ,91.3, 
2007/10/17,09:00,0.0, ,170530, ,9.63, ,18.60, ,91.3, 
2007/10/17,10:00,0.0, ,170470, ,20.09, ,30.30, ,91.2, 
2007/10/17,11:00,0.0, ,170360, ,12.38, ,54.00, ,91.2, 
2007/10/17,12:00,0.0, ,170200, ,11.94, ,54.30, ,91.1, 
2007/10/17,13:00,0.0, ,170140, ,12.71, ,23.20, ,91.0, 
2007/10/17,14:00,0.0, ,170030, ,12.12, ,43.10, ,90.9, 
2007/10/17,15:00,0.0, ,169920, ,15.97, ,45.80, ,90.9, 
2007/10/17,16:00,0.0, ,169810, ,10.33, ,41.80, ,90.8, 
2007/10/17,17:00,0.0, ,169750, ,11.90, ,13.80, ,90.8, 
2007/10/17,18:00,0.0, ,169750, ,8.35, ,0.00, ,90.8, 
2007/10/17,19:00,0.0, ,169750, ,0.00, ,0.00, ,90.8, 
2007/10/17,20:00,0.0, ,169810, ,8.73, ,0.00, ,90.8, 
2007/10/17,21:00,0.0, ,169860, ,8.98, ,0.00, ,90.8, 
2007/10/17,22:00,0.0, ,169860, ,13.09, ,0.00, ,90.8, 
2007/10/17,23:00,0.0, ,169920, ,4.88, ,0.00, ,90.9, 
2007/10/17,24:00,0.0, ,169920, ,10.52, ,0.00, ,90.9, 
2007/10/18,01:00,0.0, ,169970, ,12.84, ,0.00, ,90.9, 
2007/10/18,02:00,0.0, ,169970, ,2.57, ,0.00, ,90.9, 
2007/10/18,03:00,0.0, ,169970, ,0.00, ,0.00, ,90.9, 
2007/10/18,04:00,0.0, ,170030, ,10.53, ,0.00, ,90.9, 
2007/10/18,05:00,0.0, ,170030, ,4.88, ,0.00, ,90.9, 
2007/10/18,06:00,0.0, ,170030, ,0.00, ,0.00, ,90.9, 
2007/10/18,07:00,0.0, ,170030, ,0.00, ,0.00, ,90.9, 
2007/10/18,08:00,0.0, ,170030, ,0.00, ,0.00, ,90.9, 
2007/10/18,09:00,0.0, ,170030, ,0.04, ,0.00, ,90.9, 
2007/10/18,10:00,0.0, ,170090, ,14.24, ,21.60, ,91.0, 
2007/10/18,11:00,0.0, ,170090, ,16.78, ,29.10, ,91.0, 
2007/10/18,12:00,0.0, ,170030, ,24.31, ,20.50, ,90.9, 
2007/10/18,13:00,0.0, ,170030, ,12.99, ,27.90, ,90.9, 
2007/10/18,14:00,0.0, ,169970, ,10.56, ,30.50, ,90.9, 
2007/10/18,15:00,0.0, ,169860, ,14.56, ,30.50, ,90.8, 
2007/10/18,16:00,0.0, ,169810, ,11.27, ,30.40, ,90.8, 
2007/10/18,17:00,0.0, ,169750, ,12.57, ,32.80, ,90.8, 
2007/10/18,18:00,0.0, ,169640, ,13.90, ,44.50, ,90.7, 
2007/10/18,19:00,0.0, ,169530, ,10.84, ,24.30, ,90.6, 
2007/10/18,20:00,0.0, ,169530, ,10.31, ,0.00, ,90.6, 
2007/10/18,21:00,0.0, ,169530, ,0.00, ,0.00, ,90.6, 
2007/10/18,22:00,0.0, ,169530, ,0.00, ,0.00, ,90.6, 
2007/10/18,23:00,0.0, ,169590, ,11.54, ,0.00, ,90.7, 
2007/10/18,24:00,0.0, ,169590, ,3.85, ,0.00, ,90.7, 
2007/10/19,01:00,0.0, ,169640, ,13.34, ,0.00, ,90.7, 
2007/10/19,02:00,0.0, ,169640, ,2.05, ,0.00, ,90.7, 
2007/10/19,03:00,0.0, ,169640, ,0.00, ,0.00, ,90.7, 
2007/10/19,04:00,0.0, ,169700, ,1.03, ,0.00, ,90.7, 
2007/10/19,05:00,0.0, ,169700, ,14.36, ,0.00, ,90.7, 
2007/10/19,06:00,0.5, ,169700, ,0.00, ,0.00, ,90.7, 
2007/10/19,07:00,0.0, ,169700, ,0.00, ,0.00, ,90.7, 
2007/10/19,08:00,0.2, ,169700, ,0.00, ,0.00, ,90.7, 
2007/10/19,09:00,0.9, ,169750, ,11.81, ,0.00, ,90.8, 
2007/10/19,10:00,0.1, ,169810, ,5.22, ,5.10, ,90.8, 
2007/10/19,11:00,0.0, ,169750, ,26.11, ,51.80, ,90.8, 
2007/10/19,12:00,0.0, ,169590, ,12.33, ,32.70, ,90.7, 
2007/10/19,13:00,0.0, ,169530, ,11.20, ,35.00, ,90.6, 
2007/10/19,14:00,0.0, ,169480, ,9.24, ,35.60, ,90.6, 
2007/10/19,15:00,2.5, ,169420, ,15.25, ,28.30, ,90.6, 
2007/10/19,16:00,1.0, ,169360, ,18.16, ,23.00, ,90.5, 
2007/10/19,17:00,0.0, ,169310, ,10.61, ,22.00, ,90.5, 
2007/10/19,18:00,0.0, ,169310, ,10.79, ,18.70, ,90.5, 
2007/10/19,19:00,0.0, ,169310, ,18.44, ,6.70, ,90.5, 
2007/10/19,20:00,0.0, ,169310, ,9.03, ,0.00, ,90.5, 
2007/10/19,21:00,0.0, ,169310, ,0.00, ,0.00, ,90.5, 
2007/10/19,22:00,0.0, ,169360, ,5.38, ,0.00, ,90.5, 
2007/10/19,23:00,0.0, ,169360, ,10.00, ,0.00, ,90.5, 
2007/10/19,24:00,0.0, ,169420, ,8.97, ,0.00, ,90.6, 
2007/10/20,01:00,0.0, ,169420, ,6.41, ,0.00, ,90.6, 
2007/10/20,02:00,0.0, ,169420, ,0.00, ,0.00, ,90.6, 
2007/10/20,03:00,0.0, ,169420, ,0.00, ,0.00, ,90.6, 
2007/10/20,04:00,0.0, ,169480, ,8.98, ,0.00, ,90.6, 
2007/10/20,05:00,0.0, ,169480, ,6.44, ,0.00, ,90.6, 
2007/10/20,06:00,0.0, ,169480, ,0.00, ,0.00, ,90.6, 
2007/10/20,07:00,0.0, ,169480, ,0.00, ,0.00, ,90.6, 
2007/10/20,08:00,0.0, ,169480, ,0.00, ,0.00, ,90.6, 
2007/10/20,09:00,0.0, ,169480, ,0.00, ,0.00, ,90.6, 
2007/10/20,10:00,0.0, ,169530, ,13.16, ,5.20, ,90.6, 
2007/10/20,11:00,0.0, ,169530, ,17.04, ,30.60, ,90.6, 
2007/10/20,12:00,0.0, ,169480, ,23.18, ,34.10, ,90.6, 
2007/10/20,13:00,0.0, ,169420, ,10.35, ,18.60, ,90.6, 
2007/10/20,14:00,0.0, ,169250, ,12.75, ,57.20, ,90.5, 
2007/10/20,15:00,0.0, ,169090, ,11.80, ,57.00, ,90.4, 
2007/10/20,16:00,0.0, ,168920, ,12.15, ,57.10, ,90.2, 
2007/10/20,17:00,0.0, ,168760, ,9.91, ,33.50, ,90.1, 
2007/10/20,18:00,0.0, ,168760, ,2.87, ,5.10, ,90.1, 
2007/10/20,19:00,0.0, ,168760, ,11.08, ,8.00, ,90.1, 
2007/10/20,20:00,0.0, ,168760, ,10.74, ,0.00, ,90.1, 
2007/10/20,21:00,0.0, ,168760, ,0.00, ,0.00, ,90.1, 
2007/10/20,22:00,0.0, ,168810, ,15.35, ,0.00, ,90.2, 
2007/10/20,23:00,0.0, ,168810, ,0.00, ,0.00, ,90.2, 
2007/10/20,24:00,0.0, ,168810, ,0.00, ,0.00, ,90.2, 
2007/10/21,01:00,0.0, ,168810, ,0.00, ,0.00, ,90.2, 
2007/10/21,02:00,0.0, ,168810, ,0.00, ,0.00, ,90.2, 
2007/10/21,03:00,0.0, ,168810, ,0.00, ,0.00, ,90.2, 
2007/10/21,04:00,0.0, ,168810, ,0.00, ,0.00, ,90.2, 
2007/10/21,05:00,0.0, ,168870, ,12.28, ,0.00, ,90.2, 
2007/10/21,06:00,0.0, ,168870, ,3.07, ,0.00, ,90.2, 
2007/10/21,07:00,0.0, ,168870, ,0.00, ,0.00, ,90.2, 
2007/10/21,08:00,0.0, ,168870, ,0.09, ,5.10, ,90.2, 
2007/10/21,09:00,0.0, ,168870, ,15.58, ,30.30, ,90.2, 
2007/10/21,10:00,0.0, ,168760, ,13.88, ,30.40, ,90.1, 
2007/10/21,11:00,0.0, ,168700, ,7.46, ,31.20, ,90.1, 
2007/10/21,12:00,0.0, ,168590, ,7.56, ,30.80, ,90.0, 
2007/10/21,13:00,0.0, ,168540, ,9.08, ,30.80, ,90.0, 
2007/10/21,14:00,0.0, ,168420, ,6.79, ,31.10, ,89.9, 
2007/10/21,15:00,0.0, ,168370, ,9.62, ,30.90, ,89.9, 
2007/10/21,16:00,0.0, ,168310, ,11.16, ,31.00, ,89.9, 
2007/10/21,17:00,0.0, ,168200, ,13.14, ,42.30, ,89.8, 
2007/10/21,18:00,0.0, ,168090, ,12.61, ,43.80, ,89.7, 
2007/10/21,19:00,0.0, ,167980, ,11.06, ,6.90, ,89.7, 
2007/10/21,20:00,0.0, ,167980, ,3.99, ,0.00, ,89.7, 
2007/10/21,21:00,0.0, ,167980, ,0.00, ,0.00, ,89.7, 
2007/10/21,22:00,0.0, ,168040, ,4.59, ,0.00, ,89.7, 
2007/10/21,23:00,0.0, ,168040, ,10.72, ,0.00, ,89.7, 
2007/10/21,24:00,0.0, ,168040, ,0.00, ,0.00, ,89.7, 
2007/10/22,01:00,0.0, ,168040, ,0.00, ,0.00, ,89.7, 
2007/10/22,02:00,0.0, ,168040, ,0.00, ,0.00, ,89.7, 
2007/10/22,03:00,0.0, ,168090, ,11.99, ,0.00, ,89.7, 
2007/10/22,04:00,0.0, ,168090, ,3.32, ,0.00, ,89.7, 
2007/10/22,05:00,0.0, ,168090, ,0.00, ,0.00, ,89.7, 
2007/10/22,06:00,0.0, ,168090, ,0.00, ,0.00, ,89.7, 
2007/10/22,07:00,0.0, ,168090, ,0.00, ,0.00, ,89.7, 
2007/10/22,08:00,0.0, ,168090, ,0.00, ,0.00, ,89.7, 
2007/10/22,09:00,0.0, ,168090, ,0.00, ,0.00, ,89.7, 
2007/10/22,10:00,0.0, ,168150, ,2.39, ,5.10, ,89.8, 
2007/10/22,11:00,0.0, ,168150, ,26.45, ,27.00, ,89.8, 
2007/10/22,12:00,0.0, ,168090, ,17.21, ,28.00, ,89.7, 
2007/10/22,13:00,0.0, ,168040, ,13.74, ,30.40, ,89.7, 
2007/10/22,14:00,0.0, ,167930, ,8.32, ,30.60, ,89.6, 
2007/10/22,15:00,0.0, ,167870, ,10.86, ,30.40, ,89.6, 
2007/10/22,16:00,0.0, ,167820, ,11.66, ,30.50, ,89.6, 
2007/10/22,17:00,0.0, ,167710, ,13.12, ,32.90, ,89.5, 
2007/10/22,18:00,0.0, ,167540, ,9.86, ,58.70, ,89.4, 
2007/10/22,19:00,0.0, ,167380, ,10.13, ,58.70, ,89.3, 
2007/10/22,20:00,0.0, ,167270, ,8.18, ,14.20, ,89.2, 
2007/10/22,21:00,0.0, ,167270, ,1.19, ,0.00, ,89.2, 
2007/10/22,22:00,0.0, ,167270, ,0.00, ,0.00, ,89.2, 
2007/10/22,23:00,0.0, ,167270, ,0.00, ,0.00, ,89.2, 
2007/10/22,24:00,0.0, ,167270, ,0.00, ,0.00, ,89.2, 
2007/10/23,01:00,0.0, ,167320, ,8.40, ,0.00, ,89.2, 
2007/10/23,02:00,0.0, ,167320, ,6.87, ,0.00, ,89.2, 
2007/10/23,03:00,0.0, ,167320, ,0.00, ,0.00, ,89.2, 
2007/10/23,04:00,0.0, ,167320, ,0.00, ,0.00, ,89.2, 
2007/10/23,05:00,0.0, ,167320, ,0.00, ,0.00, ,89.2, 
2007/10/23,06:00,0.0, ,167320, ,0.00, ,0.00, ,89.2, 
2007/10/23,07:00,0.0, ,167320, ,0.00, ,0.00, ,89.2, 
2007/10/23,08:00,0.0, ,167320, ,0.00, ,0.00, ,89.2, 
2007/10/23,09:00,0.0, ,167320, ,0.00, ,0.00, ,89.2, 
2007/10/23,10:00,0.0, ,167380, ,14.60, ,5.00, ,89.3, 
2007/10/23,11:00,0.0, ,167380, ,15.13, ,28.00, ,89.3, 
2007/10/23,12:00,0.0, ,167320, ,17.32, ,4.40, ,89.2, 
2007/10/23,13:00,0.0, ,167320, ,11.06, ,5.10, ,89.2, 
2007/10/23,14:00,0.0, ,167270, ,10.01, ,30.40, ,89.2, 
2007/10/23,15:00,0.0, ,167100, ,10.73, ,53.00, ,89.1, 
2007/10/23,16:00,0.0, ,166990, ,12.16, ,53.10, ,89.0, 
2007/10/23,17:00,0.0, ,166830, ,8.97, ,42.10, ,88.9, 
2007/10/23,18:00,0.0, ,166660, ,10.13, ,58.90, ,88.8, 
2007/10/23,19:00,0.0, ,166500, ,9.28, ,59.10, ,88.7, 
2007/10/23,20:00,0.0, ,166390, ,10.79, ,15.80, ,88.6, 
2007/10/23,21:00,0.0, ,166390, ,1.09, ,0.00, ,88.6, 
2007/10/23,22:00,0.0, ,166390, ,0.00, ,0.00, ,88.6, 
2007/10/23,23:00,0.0, ,166390, ,0.00, ,0.00, ,88.6, 
2007/10/23,24:00,0.0, ,166390, ,0.00, ,0.00, ,88.6, 
2007/10/24,01:00,0.0, ,166390, ,0.00, ,0.00, ,88.6, 
2007/10/24,02:00,0.0, ,166390, ,0.00, ,0.00, ,88.6, 
2007/10/24,03:00,0.0, ,166390, ,0.00, ,0.00, ,88.6, 
2007/10/24,04:00,0.0, ,166390, ,0.00, ,0.00, ,88.6, 
2007/10/24,05:00,0.0, ,166440, ,3.30, ,0.00, ,88.7, 
2007/10/24,06:00,0.0, ,166440, ,11.93, ,0.00, ,88.7, 
2007/10/24,07:00,0.0, ,166440, ,0.00, ,0.00, ,88.7, 
2007/10/24,08:00,0.0, ,166440, ,0.00, ,0.00, ,88.7, 
2007/10/24,09:00,0.0, ,166440, ,0.00, ,0.00, ,88.7, 
2007/10/24,10:00,0.0, ,166440, ,0.05, ,3.10, ,88.7, 
2007/10/24,11:00,0.0, ,166440, ,13.80, ,28.10, ,88.7, 
2007/10/24,12:00,0.0, ,166390, ,24.67, ,14.90, ,88.6, 
2007/10/24,13:00,0.0, ,166390, ,4.90, ,5.00, ,88.6, 
2007/10/24,14:00,0.0, ,166330, ,11.37, ,30.70, ,88.6, 
2007/10/24,15:00,0.0, ,166230, ,14.80, ,44.80, ,88.5, 
2007/10/24,16:00,0.0, ,166120, ,11.24, ,44.90, ,88.5, 
2007/10/24,17:00,0.0, ,166060, ,11.29, ,30.60, ,88.4, 
2007/10/24,18:00,0.0, ,165900, ,6.66, ,59.10, ,88.3, 
2007/10/24,19:00,0.0, ,165680, ,8.40, ,59.20, ,88.2, 
2007/10/24,20:00,0.0, ,165570, ,9.59, ,16.80, ,88.1, 
2007/10/24,21:00,0.0, ,165570, ,0.90, ,0.00, ,88.1, 
2007/10/24,22:00,0.0, ,165570, ,0.00, ,0.00, ,88.1, 
2007/10/24,23:00,0.0, ,165570, ,0.00, ,0.00, ,88.1, 
2007/10/24,24:00,0.0, ,165570, ,0.00, ,0.00, ,88.1, 
2007/10/25,01:00,0.0, ,165570, ,0.00, ,0.00, ,88.1, 
2007/10/25,02:00,0.0, ,165620, ,7.08, ,0.00, ,88.2, 
2007/10/25,03:00,0.0, ,165620, ,8.09, ,0.00, ,88.2, 
2007/10/25,04:00,0.0, ,165620, ,0.00, ,0.00, ,88.2, 
2007/10/25,05:00,0.0, ,165620, ,0.00, ,0.00, ,88.2, 
2007/10/25,06:00,0.0, ,165620, ,0.00, ,0.00, ,88.2, 
2007/10/25,07:00,0.0, ,165620, ,0.00, ,0.00, ,88.2, 
2007/10/25,08:00,0.0, ,165620, ,0.00, ,0.00, ,88.2, 
2007/10/25,09:00,0.0, ,165680, ,13.74, ,5.20, ,88.2, 
2007/10/25,10:00,0.0, ,165620, ,9.31, ,27.00, ,88.2, 
2007/10/25,11:00,0.0, ,165510, ,9.25, ,43.70, ,88.1, 
2007/10/25,12:00,0.0, ,165350, ,9.45, ,34.90, ,88.0, 
2007/10/25,13:00,0.1, ,165300, ,5.39, ,5.30, ,88.0, 
2007/10/25,14:00,0.2, ,165300, ,14.62, ,30.70, ,88.0, 
2007/10/25,15:00,0.0, ,165130, ,18.99, ,45.00, ,87.8, 
2007/10/25,16:00,0.0, ,165080, ,11.33, ,45.10, ,87.8, 
2007/10/25,17:00,0.0, ,164970, ,13.76, ,33.30, ,87.7, 
2007/10/25,18:00,0.0, ,164810, ,8.86, ,59.10, ,87.6, 
2007/10/25,19:00,0.0, ,164590, ,10.27, ,59.20, ,87.5, 
2007/10/25,20:00,0.0, ,164530, ,8.24, ,16.10, ,87.5, 
2007/10/25,21:00,0.0, ,164530, ,8.29, ,0.00, ,87.5, 
2007/10/25,22:00,0.0, ,164530, ,0.00, ,0.00, ,87.5, 
2007/10/25,23:00,0.0, ,164530, ,0.00, ,0.00, ,87.5, 
2007/10/25,24:00,0.0, ,164530, ,0.00, ,0.00, ,87.5, 
2007/10/26,01:00,0.0, ,164530, ,0.00, ,0.00, ,87.5, 
2007/10/26,02:00,0.3, ,164530, ,0.00, ,0.00, ,87.5, 
2007/10/26,03:00,1.8, ,164530, ,0.00, ,0.00, ,87.5, 
2007/10/26,04:00,1.9, ,164530, ,0.00, ,0.00, ,87.5, 
2007/10/26,05:00,3.6, ,164590, ,12.34, ,0.00, ,87.5, 
2007/10/26,06:00,3.0, ,164590, ,2.77, ,0.00, ,87.5, 
2007/10/26,07:00,2.4, ,164640, ,7.06, ,0.00, ,87.5, 
2007/10/26,08:00,3.2, ,164640, ,8.06, ,0.00, ,87.5, 
2007/10/26,09:00,2.1, ,164700, ,6.55, ,0.00, ,87.6, 
2007/10/26,10:00,4.3, ,164750, ,11.90, ,3.20, ,87.6, 
2007/10/26,11:00,16.8, ,164810, ,32.79, ,19.80, ,87.6, 
2007/10/26,12:00,3.5, ,164750, ,31.82, ,26.10, ,87.6, 
2007/10/26,13:00,0.5, ,164810, ,19.61, ,5.00, ,87.6, 
2007/10/26,14:00,0.0, ,164910, ,33.98, ,23.40, ,87.7, 
2007/10/26,15:00,0.0, ,164910, ,35.42, ,21.30, ,87.7, 
2007/10/26,16:00,0.0, ,164970, ,28.41, ,19.30, ,87.7, 
2007/10/26,17:00,0.0, ,164970, ,32.97, ,4.20, ,87.7, 
2007/10/26,18:00,0.0, ,165020, ,13.87, ,0.00, ,87.8, 
2007/10/26,19:00,0.0, ,165130, ,21.45, ,0.00, ,87.8, 
2007/10/26,20:00,0.0, ,165190, ,24.73, ,0.00, ,87.9, 
2007/10/26,21:00,0.0, ,165240, ,20.70, ,0.00, ,87.9, 
2007/10/26,22:00,0.0, ,165300, ,18.94, ,0.00, ,88.0, 
2007/10/26,23:00,0.0, ,165410, ,16.70, ,0.00, ,88.0, 
2007/10/26,24:00,0.0, ,165460, ,20.23, ,0.00, ,88.1, 
2007/10/27,01:00,0.0, ,165510, ,12.38, ,0.00, ,88.1, 
2007/10/27,02:00,0.0, ,165570, ,17.19, ,0.00, ,88.1, 
2007/10/27,03:00,0.0, ,165570, ,9.35, ,0.00, ,88.1, 
2007/10/27,04:00,0.0, ,165620, ,10.11, ,0.00, ,88.2, 
2007/10/27,05:00,0.0, ,165620, ,5.06, ,0.00, ,88.2, 
2007/10/27,06:00,0.1, ,165680, ,13.91, ,0.00, ,88.2, 
2007/10/27,07:00,0.1, ,165730, ,7.34, ,0.00, ,88.2, 
2007/10/27,08:00,0.3, ,165730, ,9.11, ,0.00, ,88.2, 
2007/10/27,09:00,0.1, ,165790, ,6.58, ,0.00, ,88.3, 
2007/10/27,10:00,0.6, ,165790, ,8.88, ,16.40, ,88.3, 
2007/10/27,11:00,0.3, ,165790, ,10.59, ,27.80, ,88.3, 
2007/10/27,12:00,0.0, ,165730, ,22.69, ,4.50, ,88.2, 
2007/10/27,13:00,0.0, ,165790, ,5.89, ,21.30, ,88.3, 
2007/10/27,14:00,0.0, ,165730, ,23.44, ,50.40, ,88.2, 
2007/10/27,15:00,0.0, ,165570, ,16.55, ,35.20, ,88.1, 
2007/10/27,16:00,0.0, ,165570, ,10.75, ,20.90, ,88.1, 
2007/10/27,17:00,0.1, ,165510, ,16.28, ,18.50, ,88.1, 
2007/10/27,18:00,0.0, ,165510, ,8.11, ,21.00, ,88.1, 
2007/10/27,19:00,0.0, ,165510, ,19.89, ,6.90, ,88.1, 
2007/10/27,20:00,0.0, ,165510, ,9.14, ,0.00, ,88.1, 
2007/10/27,21:00,0.0, ,165570, ,13.40, ,0.00, ,88.1, 
2007/10/27,22:00,0.0, ,165620, ,11.38, ,0.00, ,88.2, 
2007/10/27,23:00,0.0, ,165680, ,17.19, ,0.00, ,88.2, 
2007/10/27,24:00,0.0, ,165680, ,3.54, ,0.00, ,88.2, 
2007/10/28,01:00,0.0, ,165730, ,14.67, ,0.00, ,88.2, 
2007/10/28,02:00,0.0, ,165790, ,10.88, ,0.00, ,88.3, 
2007/10/28,03:00,0.0, ,165790, ,4.81, ,0.00, ,88.3, 
2007/10/28,04:00,0.0, ,165840, ,2.28, ,0.00, ,88.3, 
2007/10/28,05:00,0.0, ,165840, ,12.90, ,0.00, ,88.3, 
2007/10/28,06:00,0.0, ,165840, ,0.00, ,0.00, ,88.3, 
2007/10/28,07:00,0.0, ,165900, ,9.87, ,0.00, ,88.3, 
2007/10/28,08:00,0.0, ,165900, ,5.32, ,0.00, ,88.3, 
2007/10/28,09:00,0.0, ,165950, ,8.35, ,0.00, ,88.4, 
2007/10/28,10:00,0.0, ,165950, ,6.93, ,5.30, ,88.4, 
2007/10/28,11:00,0.0, ,165950, ,9.75, ,19.90, ,88.4, 
2007/10/28,12:00,0.0, ,165950, ,24.16, ,13.70, ,88.4, 
2007/10/28,13:00,0.0, ,165950, ,14.36, ,5.20, ,88.4, 
2007/10/28,14:00,0.0, ,165900, ,11.38, ,30.80, ,88.3, 
2007/10/28,15:00,0.0, ,165840, ,17.69, ,30.70, ,88.3, 
2007/10/28,16:00,0.0, ,165790, ,11.13, ,30.60, ,88.3, 
2007/10/28,17:00,0.0, ,165730, ,12.42, ,30.60, ,88.2, 
2007/10/28,18:00,0.0, ,165680, ,17.67, ,33.30, ,88.2, 
2007/10/28,19:00,0.0, ,165570, ,11.40, ,41.10, ,88.1, 
2007/10/28,20:00,0.0, ,165510, ,9.34, ,6.80, ,88.1, 
2007/10/28,21:00,0.0, ,165510, ,3.64, ,0.00, ,88.1, 
2007/10/28,22:00,0.0, ,165510, ,0.00, ,0.00, ,88.1, 
2007/10/28,23:00,0.0, ,165570, ,12.39, ,0.00, ,88.1, 
2007/10/28,24:00,0.0, ,165620, ,9.86, ,0.00, ,88.2, 
2007/10/29,01:00,0.0, ,165620, ,8.09, ,0.00, ,88.2, 
2007/10/29,02:00,0.0, ,165620, ,0.00, ,0.00, ,88.2, 
2007/10/29,03:00,0.0, ,165620, ,0.00, ,0.00, ,88.2, 
2007/10/29,04:00,0.0, ,165620, ,0.00, ,0.00, ,88.2, 
2007/10/29,05:00,0.0, ,165680, ,4.80, ,0.00, ,88.2, 
2007/10/29,06:00,0.0, ,165680, ,10.37, ,0.00, ,88.2, 
2007/10/29,07:00,0.0, ,165680, ,0.00, ,0.00, ,88.2, 
2007/10/29,08:00,0.0, ,165680, ,0.00, ,0.00, ,88.2, 
2007/10/29,09:00,0.0, ,165680, ,0.00, ,0.00, ,88.2, 
2007/10/29,10:00,0.0, ,165730, ,10.46, ,5.20, ,88.2, 
2007/10/29,11:00,0.0, ,165730, ,19.72, ,30.70, ,88.2, 
2007/10/29,12:00,0.0, ,165570, ,22.34, ,35.50, ,88.1, 
2007/10/29,13:00,0.0, ,165570, ,6.48, ,5.30, ,88.1, 
2007/10/29,14:00,0.0, ,165570, ,15.52, ,30.70, ,88.1, 
2007/10/29,15:00,0.0, ,165460, ,18.51, ,30.60, ,88.1, 
2007/10/29,16:00,0.0, ,165410, ,9.18, ,30.70, ,88.0, 
2007/10/29,17:00,0.0, ,165410, ,12.77, ,18.70, ,88.0, 
2007/10/29,18:00,0.0, ,165240, ,10.02, ,52.00, ,87.9, 
2007/10/29,19:00,0.0, ,165130, ,11.74, ,20.80, ,87.8, 
2007/10/29,20:00,0.0, ,165130, ,2.65, ,0.00, ,87.8, 
2007/10/29,21:00,0.0, ,165130, ,0.00, ,0.00, ,87.8, 
2007/10/29,22:00,0.0, ,165190, ,13.89, ,0.00, ,87.9, 
2007/10/29,23:00,0.0, ,165190, ,1.26, ,0.00, ,87.9, 
2007/10/29,24:00,0.0, ,165190, ,0.00, ,0.00, ,87.9, 
2007/10/30,01:00,0.0, ,165190, ,0.00, ,0.00, ,87.9, 
2007/10/30,02:00,0.0, ,165240, ,7.58, ,0.00, ,87.9, 
2007/10/30,03:00,0.0, ,165240, ,7.58, ,0.00, ,87.9, 
2007/10/30,04:00,0.0, ,165240, ,0.00, ,0.00, ,87.9, 
2007/10/30,05:00,0.0, ,165240, ,0.00, ,0.00, ,87.9, 
2007/10/30,06:00,0.0, ,165240, ,0.00, ,0.00, ,87.9, 
2007/10/30,07:00,0.0, ,165240, ,0.00, ,0.00, ,87.9, 
2007/10/30,08:00,0.0, ,165300, ,14.90, ,0.00, ,88.0, 
2007/10/30,09:00,0.0, ,165300, ,0.25, ,0.00, ,88.0, 
2007/10/30,10:00,0.0, ,165300, ,0.09, ,5.20, ,88.0, 
2007/10/30,11:00,0.0, ,165300, ,9.64, ,18.60, ,88.0, 
2007/10/30,12:00,0.0, ,165300, ,18.42, ,6.70, ,88.0, 
2007/10/30,13:00,0.0, ,165300, ,9.91, ,21.40, ,88.0, 
2007/10/30,14:00,0.0, ,165300, ,14.54, ,26.90, ,88.0, 
2007/10/30,15:00,0.0, ,165240, ,26.90, ,29.40, ,87.9, 
2007/10/30,16:00,0.0, ,165190, ,9.38, ,36.20, ,87.9, 
2007/10/30,17:00,0.0, ,165080, ,11.28, ,56.30, ,87.8, 
2007/10/30,18:00,0.0, ,164910, ,11.38, ,59.30, ,87.7, 
2007/10/30,19:00,0.0, ,164750, ,11.80, ,38.10, ,87.6, 
2007/10/30,20:00,0.0, ,164640, ,6.98, ,4.40, ,87.5, 
2007/10/30,21:00,0.0, ,164640, ,3.54, ,0.00, ,87.5, 
2007/10/30,22:00,0.0, ,164640, ,0.00, ,0.00, ,87.5, 
2007/10/30,23:00,0.0, ,164640, ,0.00, ,0.00, ,87.5, 
2007/10/30,24:00,0.0, ,164640, ,0.00, ,0.00, ,87.5, 
2007/10/31,01:00,0.0, ,164640, ,0.00, ,0.00, ,87.5, 
2007/10/31,02:00,0.0, ,164640, ,0.00, ,0.00, ,87.5, 
2007/10/31,03:00,0.0, ,164640, ,0.00, ,0.00, ,87.5, 
2007/10/31,04:00,0.0, ,164640, ,0.00, ,0.00, ,87.5, 
2007/10/31,05:00,0.0, ,164700, ,8.57, ,0.00, ,87.6, 
2007/10/31,06:00,0.0, ,164700, ,6.55, ,0.00, ,87.6, 
2007/10/31,07:00,0.0, ,164700, ,0.00, ,0.00, ,87.6, 
2007/10/31,08:00,0.0, ,164700, ,0.00, ,0.00, ,87.6, 
2007/10/31,09:00,0.0, ,164700, ,0.00, ,0.00, ,87.6, 
2007/10/31,10:00,0.0, ,164750, ,6.64, ,5.20, ,87.6, 
2007/10/31,11:00,0.0, ,164750, ,17.11, ,15.80, ,87.6, 
2007/10/31,12:00,0.0, ,164700, ,19.41, ,14.40, ,87.6, 
2007/10/31,13:00,0.0, ,164700, ,4.47, ,5.20, ,87.6, 
2007/10/31,14:00,0.0, ,164700, ,15.52, ,30.60, ,87.6, 
2007/10/31,15:00,0.0, ,164590, ,19.27, ,33.10, ,87.5, 
2007/10/31,16:00,0.0, ,164530, ,9.24, ,33.20, ,87.5, 
2007/10/31,17:00,0.0, ,164420, ,10.04, ,30.70, ,87.4, 
2007/10/31,18:00,0.0, ,164320, ,12.07, ,57.70, ,87.3, 
2007/10/31,19:00,0.0, ,164100, ,8.99, ,29.40, ,87.2, 
2007/10/31,20:00,0.0, ,164100, ,1.36, ,0.00, ,87.2, 
2007/10/31,21:00,0.0, ,164100, ,0.00, ,0.00, ,87.2, 
2007/10/31,22:00,0.0, ,164150, ,14.84, ,0.00, ,87.2, 
2007/10/31,23:00,0.0, ,164150, ,0.25, ,0.00, ,87.2, 
2007/10/31,24:00,0.0, ,164210, ,4.53, ,0.00, ,87.3, 
