îCà”ä˙ä‘É_ÉÄèîó åüçıåãâ 
êÖånñº,ãgñÏêÏ
âÕêÏñº,ãgñÏêÏ
äœë™èäñº,ëÅñæâYÉ_ÉÄÅiã@ç\Åj
äœë™èäãLçÜ,1368080700010
#
#îNåéì˙,éûçè,ó¨àÊïΩãœâJó ,ó¨àÊïΩãœâJó ëÆê´,íôêÖó ,íôêÖó ëÆê´,ó¨ì¸ó ,ó¨ì¸ó ëÆê´,ï˙ó¨ó ,ï˙ó¨ó ëÆê´,íôêÖó¶,íôêÖó¶ëÆê´
#ëÆê´Å@$:åáë™ -:ñ¢éÛêM
#
2021/8/1,01:00,0.0, ,146910, ,11.48, ,39.90, ,72.4, 
2021/8/1,02:00,0.0, ,146810, ,15.26, ,30.10, ,72.3, 
2021/8/1,03:00,0.0, ,146760, ,8.44, ,18.80, ,72.3, 
2021/8/1,04:00,0.0, ,146710, ,4.43, ,18.90, ,72.2, 
2021/8/1,05:00,0.0, ,146660, ,3.92, ,18.80, ,72.2, 
2021/8/1,06:00,0.0, ,146560, ,1.55, ,24.50, ,72.2, 
2021/8/1,07:00,0.0, ,146450, ,1.18, ,39.30, ,72.1, 
2021/8/1,08:00,0.0, ,146300, ,5.96, ,33.40, ,72.0, 
2021/8/1,09:00,0.0, ,146250, ,3.99, ,19.30, ,72.0, 
2021/8/1,10:00,0.0, ,146200, ,5.86, ,28.20, ,71.9, 
2021/8/1,11:00,0.0, ,146100, ,10.31, ,39.90, ,71.9, 
2021/8/1,12:00,0.0, ,145990, ,13.41, ,30.70, ,71.8, 
2021/8/1,13:00,0.0, ,145990, ,11.05, ,26.30, ,71.8, 
2021/8/1,14:00,0.0, ,145890, ,10.06, ,47.30, ,71.8, 
2021/8/1,15:00,0.0, ,145690, ,13.24, ,61.50, ,71.7, 
2021/8/1,16:00,0.0, ,145540, ,12.48, ,63.00, ,71.6, 
2021/8/1,17:00,0.0, ,145330, ,13.44, ,63.00, ,71.4, 
2021/8/1,18:00,0.0, ,145180, ,15.87, ,63.00, ,71.4, 
2021/8/1,19:00,0.0, ,145030, ,13.82, ,62.90, ,71.3, 
2021/8/1,20:00,0.0, ,144830, ,13.89, ,62.70, ,71.2, 
2021/8/1,21:00,0.0, ,144670, ,15.23, ,39.50, ,71.1, 
2021/8/1,22:00,0.0, ,144620, ,13.43, ,25.60, ,71.0, 
2021/8/1,23:00,0.0, ,144570, ,4.86, ,19.20, ,71.0, 
2021/8/1,24:00,0.0, ,144520, ,18.06, ,19.20, ,71.0, 
2021/8/2,01:00,0.0, ,144520, ,5.60, ,19.20, ,71.0, 
2021/8/2,02:00,0.0, ,144470, ,9.56, ,19.10, ,70.9, 
2021/8/2,03:00,0.0, ,144420, ,9.00, ,19.10, ,70.9, 
2021/8/2,04:00,0.0, ,144370, ,6.18, ,19.00, ,70.9, 
2021/8/2,05:00,0.0, ,144320, ,1.96, ,19.10, ,70.9, 
2021/8/2,06:00,0.0, ,144220, ,1.59, ,37.00, ,70.8, 
2021/8/2,07:00,0.0, ,144070, ,2.51, ,52.30, ,70.7, 
2021/8/2,08:00,0.0, ,143860, ,4.70, ,38.20, ,70.6, 
2021/8/2,09:00,0.0, ,143810, ,3.02, ,22.20, ,70.6, 
2021/8/2,10:00,0.0, ,143710, ,3.26, ,44.30, ,70.5, 
2021/8/2,11:00,0.0, ,143560, ,14.85, ,35.90, ,70.4, 
2021/8/2,12:00,0.0, ,143510, ,11.06, ,26.70, ,70.4, 
2021/8/2,13:00,0.0, ,143410, ,10.22, ,47.60, ,70.3, 
2021/8/2,14:00,0.0, ,143260, ,15.24, ,63.10, ,70.2, 
2021/8/2,15:00,0.0, ,143060, ,12.94, ,63.10, ,70.1, 
2021/8/2,16:00,0.0, ,142860, ,12.28, ,63.10, ,70.0, 
2021/8/2,17:00,0.0, ,142710, ,13.05, ,63.10, ,69.9, 
2021/8/2,18:00,0.0, ,142510, ,11.43, ,63.10, ,69.8, 
2021/8/2,19:00,0.0, ,142360, ,13.05, ,62.90, ,69.7, 
2021/8/2,20:00,0.0, ,142150, ,14.21, ,40.40, ,69.6, 
2021/8/2,21:00,0.0, ,142150, ,13.34, ,21.20, ,69.6, 
2021/8/2,22:00,0.0, ,142050, ,6.15, ,21.20, ,69.5, 
2021/8/2,23:00,0.0, ,142050, ,7.75, ,19.40, ,69.5, 
2021/8/2,24:00,0.0, ,142000, ,15.75, ,19.30, ,69.6, 
2021/8/3,01:00,0.0, ,142000, ,9.19, ,19.40, ,69.6, 
2021/8/3,02:00,0.0, ,141950, ,8.98, ,19.40, ,69.5, 
2021/8/3,03:00,0.0, ,141900, ,6.89, ,24.50, ,69.5, 
2021/8/3,04:00,0.0, ,141800, ,5.29, ,37.10, ,69.5, 
2021/8/3,05:00,0.0, ,141650, ,8.37, ,37.10, ,69.4, 
2021/8/3,06:00,0.0, ,141550, ,1.95, ,43.60, ,69.3, 
2021/8/3,07:00,0.0, ,141350, ,2.32, ,54.50, ,69.2, 
2021/8/3,08:00,0.0, ,141210, ,7.36, ,53.30, ,69.1, 
2021/8/3,09:00,0.0, ,141010, ,3.13, ,32.70, ,69.0, 
2021/8/3,10:00,0.0, ,140960, ,2.02, ,19.40, ,69.0, 
2021/8/3,11:00,0.0, ,140910, ,9.99, ,19.40, ,68.9, 
2021/8/3,12:00,0.0, ,140910, ,9.73, ,19.40, ,68.9, 
2021/8/3,13:00,0.0, ,140860, ,6.96, ,25.10, ,68.9, 
2021/8/3,14:00,0.0, ,140760, ,15.10, ,48.40, ,68.8, 
2021/8/3,15:00,0.0, ,140610, ,11.52, ,62.30, ,68.8, 
2021/8/3,16:00,0.0, ,140410, ,10.61, ,62.30, ,68.6, 
2021/8/3,17:00,0.0, ,140210, ,11.27, ,63.20, ,68.5, 
2021/8/3,18:00,0.0, ,140010, ,10.07, ,63.30, ,68.4, 
2021/8/3,19:00,0.0, ,139810, ,10.14, ,63.30, ,68.3, 
2021/8/3,20:00,0.0, ,139660, ,12.39, ,63.20, ,68.2, 
2021/8/3,21:00,0.0, ,139460, ,10.32, ,63.30, ,68.1, 
2021/8/3,22:00,0.0, ,139270, ,12.46, ,56.40, ,68.0, 
2021/8/3,23:00,0.0, ,139170, ,14.98, ,44.80, ,67.9, 
2021/8/3,24:00,0.0, ,139070, ,11.98, ,34.20, ,67.9, 
2021/8/4,01:00,0.0, ,139020, ,9.18, ,19.90, ,67.8, 
2021/8/4,02:00,0.0, ,138970, ,6.30, ,19.80, ,67.8, 
2021/8/4,03:00,0.0, ,138920, ,7.67, ,19.80, ,67.8, 
2021/8/4,04:00,0.0, ,138820, ,7.46, ,29.20, ,67.7, 
2021/8/4,05:00,0.0, ,138720, ,0.12, ,44.20, ,67.7, 
2021/8/4,06:00,0.0, ,138520, ,5.40, ,49.70, ,67.6, 
2021/8/4,07:00,0.0, ,138370, ,3.25, ,49.60, ,67.5, 
2021/8/4,08:00,0.0, ,138230, ,6.22, ,49.00, ,67.4, 
2021/8/4,09:00,0.0, ,138080, ,4.66, ,0.00,#,67.3, 
2021/8/4,10:00,0.0, ,138030, ,2.56, ,0.00,#,67.3, 
2021/8/4,11:00,0.0, ,137980, ,3.15, ,0.00,#,67.2, 
2021/8/4,12:00,0.0, ,137930, ,17.31, ,0.00,#,67.2, 
2021/8/4,13:00,0.0, ,137930, ,6.35, ,0.00,#,67.2, 
2021/8/4,14:00,0.0, ,137780, ,11.23, ,0.00,#,67.1, 
2021/8/4,15:00,0.0, ,137590, ,12.19, ,0.00,#,67.0, 
2021/8/4,16:00,0.0, ,137440, ,10.53, ,0.00,#,66.9, 
2021/8/4,17:00,0.0, ,137240, ,8.32, ,62.30, ,66.8, 
2021/8/4,18:00,0.0, ,137040, ,10.84, ,62.30, ,66.7, 
2021/8/4,19:00,0.0, ,136850, ,10.21, ,62.30, ,66.6, 
2021/8/4,20:00,0.0, ,136650, ,11.11, ,62.20, ,66.5, 
2021/8/4,21:00,0.0, ,136500, ,9.64, ,56.50, ,66.4, 
2021/8/4,22:00,0.0, ,136360, ,11.86, ,34.20, ,66.3, 
2021/8/4,23:00,0.0, ,136310, ,13.11, ,21.20, ,66.3, 
2021/8/4,24:00,0.0, ,136310, ,9.20, ,21.30, ,66.3, 
2021/8/5,01:00,0.0, ,136210, ,8.80, ,21.20, ,66.3, 
2021/8/5,02:00,0.0, ,136210, ,5.84, ,19.60, ,66.3, 
2021/8/5,03:00,0.0, ,136110, ,3.03, ,19.60, ,66.2, 
2021/8/5,04:00,0.0, ,136060, ,2.59, ,29.10, ,66.2, 
2021/8/5,05:00,0.0, ,135910, ,3.17, ,43.70, ,66.1, 
2021/8/5,06:00,0.0, ,135770, ,7.38, ,46.80, ,66.0, 
2021/8/5,07:00,0.0, ,135620, ,2.43, ,46.80, ,65.9, 
2021/8/5,08:00,0.0, ,135470, ,3.36, ,46.80, ,65.8, 
2021/8/5,09:00,0.0, ,135330, ,3.38, ,34.10, ,65.8, 
2021/8/5,10:00,0.0, ,135230, ,5.07, ,19.60, ,65.7, 
2021/8/5,11:00,0.0, ,135180, ,0.86, ,19.60, ,65.7, 
2021/8/5,12:00,0.0, ,135180, ,10.14, ,22.10, ,65.7, 
2021/8/5,13:00,0.0, ,135080, ,8.07, ,45.60, ,65.6, 
2021/8/5,14:00,0.0, ,134940, ,14.63, ,58.50, ,65.5, 
2021/8/5,15:00,0.0, ,134740, ,13.32, ,62.50, ,65.4, 
2021/8/5,16:00,0.0, ,134550, ,11.18, ,62.60, ,65.3, 
2021/8/5,17:00,0.0, ,134400, ,10.57, ,62.70, ,65.2, 
2021/8/5,18:00,0.0, ,134160, ,9.48, ,62.50, ,65.1, 
2021/8/5,19:00,0.0, ,134010, ,9.28, ,62.40, ,65.0, 
2021/8/5,20:00,0.0, ,133770, ,9.07, ,62.50, ,64.8, 
2021/8/5,21:00,0.0, ,133630, ,9.94, ,59.40, ,64.8, 
2021/8/5,22:00,0.0, ,133480, ,11.80, ,35.20, ,64.7, 
2021/8/5,23:00,0.0, ,133430, ,8.82, ,21.40, ,64.7, 
2021/8/5,24:00,0.0, ,133380, ,10.46, ,21.40, ,64.6, 
2021/8/6,01:00,0.0, ,133330, ,6.87, ,21.50, ,64.6, 
2021/8/6,02:00,0.0, ,133290, ,6.61, ,19.60, ,64.6, 
2021/8/6,03:00,0.0, ,133190, ,1.90, ,19.60, ,64.5, 
2021/8/6,04:00,0.0, ,133140, ,0.00, ,25.60, ,64.5, 
2021/8/6,05:00,0.0, ,133000, ,3.19, ,40.10, ,64.4, 
2021/8/6,06:00,0.0, ,132850, ,2.76, ,47.30, ,64.3, 
2021/8/6,07:00,0.0, ,132710, ,4.34, ,47.30, ,64.2, 
2021/8/6,08:00,0.0, ,132510, ,1.92, ,47.20, ,64.1, 
2021/8/6,09:00,0.0, ,132370, ,3.07, ,47.20, ,64.0, 
2021/8/6,10:00,0.0, ,132220, ,4.64, ,37.30, ,64.0, 
2021/8/6,11:00,0.0, ,132180, ,9.01, ,24.40, ,63.9, 
2021/8/6,12:00,0.0, ,132130, ,10.50, ,19.80, ,63.9, 
2021/8/6,13:00,0.0, ,132080, ,10.13, ,24.90, ,63.9, 
2021/8/6,14:00,0.0, ,132030, ,9.76, ,46.70, ,63.8, 
2021/8/6,15:00,0.0, ,131840, ,11.00, ,61.60, ,63.7, 
2021/8/6,16:00,0.0, ,131650, ,11.38, ,62.60, ,63.6, 
2021/8/6,17:00,0.1, ,131450, ,8.90, ,62.50, ,63.5, 
2021/8/6,18:00,3.4, ,131260, ,5.80, ,62.50, ,63.4, 
2021/8/6,19:00,0.3, ,131070, ,8.96, ,62.40, ,63.3, 
2021/8/6,20:00,0.5, ,130880, ,11.20, ,62.40, ,63.2, 
2021/8/6,21:00,0.3, ,130690, ,8.74, ,47.20, ,63.1, 
2021/8/6,22:00,0.3, ,130590, ,11.60, ,32.70, ,63.0, 
2021/8/6,23:00,0.0, ,130540, ,8.79, ,21.60, ,63.0, 
2021/8/6,24:00,0.0, ,130500, ,9.55, ,21.70, ,63.0, 
2021/8/7,01:00,0.3, ,130450, ,7.61, ,29.80, ,62.9, 
2021/8/7,02:00,0.0, ,130300, ,2.84, ,30.00, ,62.8, 
2021/8/7,03:00,0.0, ,130210, ,2.79, ,29.90, ,62.8, 
2021/8/7,04:00,0.0, ,130110, ,2.60, ,30.10, ,62.7, 
2021/8/7,05:00,0.0, ,130020, ,4.30, ,37.40, ,62.7, 
2021/8/7,06:00,0.0, ,129880, ,2.30, ,35.10, ,62.6, 
2021/8/7,07:00,0.0, ,129780, ,1.43, ,35.10, ,62.5, 
2021/8/7,08:00,0.0, ,129640, ,2.98, ,35.30, ,62.5, 
2021/8/7,09:00,0.0, ,129540, ,2.53, ,35.10, ,62.4, 
2021/8/7,10:00,0.0, ,129450, ,6.27, ,37.30, ,62.4, 
2021/8/7,11:00,0.0, ,129300, ,7.54, ,36.70, ,62.3, 
2021/8/7,12:00,0.0, ,129210, ,7.89, ,50.80, ,62.2, 
2021/8/7,13:00,0.0, ,129020, ,14.07, ,61.80, ,62.1, 
2021/8/7,14:00,0.0, ,128830, ,12.74, ,62.80, ,62.0, 
2021/8/7,15:00,0.0, ,128640, ,9.82, ,62.90, ,61.9, 
2021/8/7,16:00,0.0, ,128450, ,11.63, ,63.00, ,61.8, 
2021/8/7,17:00,0.4, ,128360, ,17.78, ,63.00, ,61.7, 
2021/8/7,18:00,4.0, ,128260, ,42.09, ,63.00, ,61.7, 
2021/8/7,19:00,4.8, ,128170, ,32.03, ,62.90, ,61.6, 
2021/8/7,20:00,8.4, ,128030, ,28.54, ,62.80, ,61.5, 
2021/8/7,21:00,9.5, ,127980, ,36.84, ,39.90, ,61.5, 
2021/8/7,22:00,5.7, ,128030, ,28.06, ,5.20, ,61.5, 
2021/8/7,23:00,0.3, ,128170, ,41.00, ,18.40, ,61.6, 
2021/8/7,24:00,0.0, ,128260, ,54.42, ,21.80, ,61.8, 
2021/8/8,01:00,0.0, ,128360, ,43.88, ,25.10, ,61.8, 
2021/8/8,02:00,0.0, ,128360, ,37.83, ,23.10, ,61.8, 
2021/8/8,03:00,0.0, ,128400, ,34.98, ,23.10, ,61.8, 
2021/8/8,04:00,0.0, ,128400, ,24.46, ,15.00, ,61.8, 
2021/8/8,05:00,0.0, ,128450, ,15.64, ,0.00, ,61.9, 
2021/8/8,06:00,0.0, ,128500, ,17.74, ,7.80, ,61.9, 
2021/8/8,07:00,0.0, ,128500, ,16.84, ,24.70, ,61.9, 
2021/8/8,08:00,0.0, ,128500, ,24.67, ,24.60, ,61.9, 
2021/8/8,09:00,0.0, ,128450, ,15.69, ,24.70, ,61.9, 
2021/8/8,10:00,0.0, ,128400, ,7.42, ,24.70, ,61.8, 
2021/8/8,11:00,0.0, ,128360, ,16.24, ,34.80, ,61.8, 
2021/8/8,12:00,0.0, ,128260, ,20.95, ,46.60, ,61.8, 
2021/8/8,13:00,0.0, ,128170, ,18.09, ,41.20, ,61.7, 
2021/8/8,14:00,0.0, ,128120, ,18.74, ,38.80, ,61.7, 
2021/8/8,15:00,0.3, ,128030, ,14.12, ,48.50, ,61.6, 
2021/8/8,16:00,1.4, ,127880, ,18.80, ,62.00, ,61.5, 
2021/8/8,17:00,1.9, ,127700, ,18.25, ,61.90, ,61.4, 
2021/8/8,18:00,0.7, ,127550, ,15.80, ,62.80, ,61.3, 
2021/8/8,19:00,0.9, ,127370, ,15.70, ,62.70, ,61.2, 
2021/8/8,20:00,0.6, ,127180, ,14.60, ,62.60, ,61.1, 
2021/8/8,21:00,18.8, ,127080, ,19.43, ,39.70, ,61.1, 
2021/8/8,22:00,17.4, ,127130, ,36.43, ,21.30, ,61.1, 
2021/8/8,23:00,34.4, ,127510, ,71.37, ,21.30, ,61.3, 
2021/8/8,24:00,37.0, ,129210, ,273.27, ,21.20, ,62.3, 
2021/8/9,01:00,22.2, ,132180, ,701.59, ,19.70, ,64.0, 
2021/8/9,02:00,11.3, ,135080, ,877.36, ,19.90, ,65.7, 
2021/8/9,03:00,8.8, ,137440, ,731.60, ,19.70, ,67.1, 
2021/8/9,04:00,9.8, ,139320, ,609.40, ,19.80, ,68.2, 
2021/8/9,05:00,7.4, ,141060, ,517.46, ,19.50, ,69.2, 
2021/8/9,06:00,3.0, ,142560, ,472.63, ,19.50, ,70.0, 
2021/8/9,07:00,0.6, ,143860, ,418.84, ,19.70, ,70.8, 
2021/8/9,08:00,1.8, ,144980, ,347.49, ,19.40, ,71.4, 
2021/8/9,09:00,2.6, ,145940, ,296.51, ,19.60, ,72.0, 
2021/8/9,10:00,0.6, ,146810, ,279.87, ,19.70, ,72.5, 
2021/8/9,11:00,0.1, ,147680, ,264.88, ,19.00, ,73.0, 
2021/8/9,12:00,0.5, ,148500, ,248.47, ,19.10, ,73.5, 
2021/8/9,13:00,0.4, ,149230, ,234.43, ,19.30, ,73.9, 
2021/8/9,14:00,0.3, ,149900, ,213.29, ,19.30, ,74.3, 
2021/8/9,15:00,0.1, ,150410, ,186.48, ,22.00, ,74.6, 
2021/8/9,16:00,0.0, ,150930, ,170.36, ,48.90, ,74.9, 
2021/8/9,17:00,0.0, ,151240, ,159.41, ,59.80, ,75.0, 
2021/8/9,18:00,0.0, ,151550, ,147.50, ,62.10, ,75.2, 
2021/8/9,19:00,0.0, ,151760, ,134.87, ,62.10, ,75.3, 
2021/8/9,20:00,0.3, ,151970, ,126.38, ,62.10, ,75.5, 
2021/8/9,21:00,0.0, ,152230, ,118.49, ,61.00, ,75.6, 
2021/8/9,22:00,0.1, ,152380, ,114.28, ,31.10, ,75.7, 
2021/8/9,23:00,0.0, ,152700, ,107.14, ,20.60, ,75.9, 
2021/8/9,24:00,0.0, ,152960, ,97.83, ,15.40, ,77.3, 
2021/8/10,01:00,0.0, ,153320, ,97.77, ,0.00, ,77.5, 
2021/8/10,02:00,0.0, ,153640, ,91.74, ,0.00, ,77.7, 
2021/8/10,03:00,0.0, ,153950, ,90.90, ,0.00, ,77.9, 
2021/8/10,04:00,0.0, ,154270, ,86.16, ,0.00, ,78.1, 
2021/8/10,05:00,0.0, ,154580, ,82.62, ,0.00, ,78.2, 
2021/8/10,06:00,0.0, ,154850, ,80.04, ,0.00, ,78.4, 
2021/8/10,07:00,0.0, ,155110, ,76.96, ,0.00, ,78.6, 
2021/8/10,08:00,0.0, ,155370, ,72.17, ,0.00, ,78.7, 
2021/8/10,09:00,0.0,-,155640, ,70.54, ,0.00, ,78.9, 
2021/8/10,10:00,0.0,-,155850, ,70.70, ,0.00, ,79.0, 
2021/8/10,11:00,0.0,-,156110, ,66.87, ,0.00, ,79.1, 
2021/8/10,12:00,0.0,-,156320, ,64.96, ,0.00, ,79.3, 
2021/8/10,13:00,0.0,-,156590, ,63.29, ,0.00, ,79.4, 
2021/8/10,14:00,0.0,-,156750, ,60.39, ,0.00, ,79.5, 
2021/8/10,15:00,0.0,-,156960, ,57.24, ,0.00, ,79.6, 
2021/8/10,16:00,0.0, ,157170, ,55.06, ,0.00, ,79.7, 
2021/8/10,17:00,0.0, ,157330, ,49.68, ,0.00, ,79.8, 
2021/8/10,18:00,0.0, ,157490, ,46.27, ,0.00, ,79.9, 
2021/8/10,19:00,0.0, ,157650, ,43.09, ,0.00, ,80.0, 
2021/8/10,20:00,0.0, ,157810, ,45.08, ,0.00, ,80.1, 
2021/8/10,21:00,0.0, ,157970, ,40.91, ,0.00, ,80.2, 
2021/8/10,22:00,0.0, ,158080, ,40.93, ,0.00, ,80.3, 
2021/8/10,23:00,0.0, ,158240, ,39.97, ,0.00, ,80.4, 
2021/8/10,24:00,0.0, ,158400, ,40.23, ,0.00, ,80.3, 
2021/8/11,01:00,0.0, ,158560, ,38.77, ,0.00, ,80.4, 
2021/8/11,02:00,0.0, ,158660, ,39.28, ,0.00, ,80.4, 
2021/8/11,03:00,0.0, ,158820, ,36.82, ,0.00, ,80.5, 
2021/8/11,04:00,0.0, ,158930, ,39.56, ,0.00, ,80.6, 
2021/8/11,05:00,0.0, ,159090, ,36.86, ,0.00, ,80.7, 
2021/8/11,06:00,0.0, ,159200, ,35.88, ,0.00, ,80.7, 
2021/8/11,07:00,0.0, ,159360, ,37.13, ,0.00, ,80.8, 
2021/8/11,08:00,0.0, ,159470, ,36.41, ,0.00, ,80.9, 
2021/8/11,09:00,0.0, ,159570, ,33.45, ,0.00, ,81.0, 
2021/8/11,10:00,0.0, ,159680, ,34.70, ,0.00, ,81.0, 
2021/8/11,11:00,0.0, ,159840, ,33.23, ,0.00, ,81.1, 
2021/8/11,12:00,0.0, ,159950, ,34.23, ,0.00, ,81.2, 
2021/8/11,13:00,0.0, ,160050, ,35.24, ,0.00, ,81.2, 
2021/8/11,14:00,0.0, ,160220, ,32.52, ,0.00, ,81.3, 
2021/8/11,15:00,0.2, ,160320, ,32.04, ,4.90, ,81.4, 
2021/8/11,16:00,0.3, ,160380, ,29.93, ,28.10, ,81.4, 
2021/8/11,17:00,0.6, ,160380, ,45.20, ,41.80, ,81.4, 
2021/8/11,18:00,0.6, ,160380, ,42.30, ,42.80, ,81.4, 
2021/8/11,19:00,0.6, ,160320, ,29.42, ,42.90, ,81.4, 
2021/8/11,20:00,0.8, ,160270, ,35.19, ,38.90, ,81.4, 
2021/8/11,21:00,0.0, ,160270, ,27.45, ,15.40, ,81.4, 
2021/8/11,22:00,0.0, ,160380, ,19.10, ,0.00, ,81.4, 
2021/8/11,23:00,0.0, ,160430, ,30.56, ,0.00, ,81.5, 
2021/8/11,24:00,0.0, ,160540, ,27.09, ,0.00, ,81.5, 
2021/8/12,01:00,0.0, ,160700, ,29.83, ,0.00, ,81.6, 
2021/8/12,02:00,0.0, ,160750, ,30.34, ,0.00, ,81.6, 
2021/8/12,03:00,0.0, ,160860, ,25.37, ,0.00, ,81.7, 
2021/8/12,04:00,0.1, ,160970, ,35.79, ,0.00, ,81.8, 
2021/8/12,05:00,0.1, ,161070, ,26.09, ,0.00, ,81.8, 
2021/8/12,06:00,0.0, ,161180, ,31.83, ,13.30, ,81.9, 
2021/8/12,07:00,0.5, ,161180, ,23.88, ,44.00, ,81.9, 
2021/8/12,08:00,1.5, ,161180, ,42.70, ,46.00, ,81.9, 
2021/8/12,09:00,0.4, ,161130, ,36.25, ,0.00,#,81.9, 
2021/8/12,10:00,1.8, ,161130, ,21.02, ,0.00,#,81.9, 
2021/8/12,11:00,4.1, ,161130, ,28.59, ,0.00,#,81.9, 
2021/8/12,12:00,11.2, ,161180, ,37.77, ,0.00,#,81.9, 
2021/8/12,13:00,8.1, ,161290, ,45.77, ,0.00,#,81.9, 
2021/8/12,14:00,16.0, ,161450, ,59.04, ,30.90, ,82.0, 
2021/8/12,15:00,10.8, ,161770, ,96.09, ,51.70, ,82.2, 
2021/8/12,16:00,1.3, ,162040, ,130.82, ,40.40, ,82.4, 
2021/8/12,17:00,0.0, ,162580, ,162.30, ,29.10, ,82.7, 
2021/8/12,18:00,0.6, ,163120, ,183.16, ,28.10, ,83.0, 
2021/8/12,19:00,0.3, ,163500, ,153.44, ,32.40, ,83.2, 
2021/8/12,20:00,0.5, ,163830, ,136.70, ,34.80, ,83.4, 
2021/8/12,21:00,0.0, ,164210, ,128.45, ,48.30, ,83.6, 
2021/8/12,22:00,0.0, ,164370, ,123.75, ,60.60, ,83.7, 
2021/8/12,23:00,0.0, ,164530, ,109.73, ,61.20, ,83.8, 
2021/8/12,24:00,1.8, ,164700, ,98.55, ,61.20, ,84.5, 
2021/8/13,01:00,3.0, ,164860, ,106.95, ,61.50, ,84.6, 
2021/8/13,02:00,0.6, ,164910, ,92.41, ,61.30, ,84.6, 
2021/8/13,03:00,1.4, ,165020, ,88.91, ,61.50, ,84.7, 
2021/8/13,04:00,1.9, ,165130, ,90.19, ,61.40, ,84.8, 
2021/8/13,05:00,4.4, ,165350, ,103.11, ,61.50, ,84.9, 
2021/8/13,06:00,4.2, ,165620, ,126.62, ,61.50, ,85.0, 
2021/8/13,07:00,5.8, ,166230, ,177.24, ,61.40, ,85.4, 
2021/8/13,08:00,9.4, ,167050, ,274.20, ,60.40, ,85.9, 
2021/8/13,09:00,19.7, ,168370, ,342.09, ,61.30, ,86.6, 
2021/8/13,10:00,12.0, ,170580, ,557.62, ,60.70, ,87.9, 
2021/8/13,11:00,3.4, ,172930, ,723.43, ,67.80, ,89.3, 
2021/8/13,12:00,7.2, ,174610, ,623.92, ,82.73, ,90.2, 
2021/8/13,13:00,12.7, ,176360, ,546.03, ,84.10, ,91.2, 
2021/8/13,14:00,3.1, ,178180, ,569.11, ,89.00, ,92.3, 
2021/8/13,15:00,0.9, ,180060, ,616.92, ,84.46, ,93.4, 
2021/8/13,16:00,0.9, ,181670, ,572.93, ,86.14, ,94.3, 
2021/8/13,17:00,1.1, ,182940, ,475.81, ,87.98, ,95.0, 
2021/8/13,18:00,1.3, ,183920, ,398.77, ,89.36, ,95.6, 
2021/8/13,19:00,0.5, ,184800, ,347.50, ,90.62, ,96.1, 
2021/8/13,20:00,1.7, ,185500, ,309.90, ,91.46, ,96.5, 
2021/8/13,21:00,4.0, ,186200, ,289.15, ,92.50, ,96.9, 
2021/8/13,22:00,5.1, ,186840, ,276.06, ,93.26, ,97.3, 
2021/8/13,23:00,4.9, ,187540, ,278.78, ,88.08, ,97.7, 
2021/8/13,24:00,2.2, ,188360, ,288.75, ,88.80, ,100.0, 
2021/8/14,01:00,1.0, ,189190, ,319.31, ,89.58, ,100.0, 
2021/8/14,02:00,0.3, ,190010, ,320.15, ,85.30, ,100.0, 
2021/8/14,03:00,0.2, ,190660, ,295.96, ,85.80, ,100.0, 
2021/8/14,04:00,0.1, ,191310, ,267.80, ,80.96, ,100.0, 
2021/8/14,05:00,0.1, ,191840, ,238.16, ,80.24, ,100.0, 
2021/8/14,06:00,0.1, ,192320, ,217.62, ,80.52, ,100.0, 
2021/8/14,07:00,2.1, ,192790, ,208.03, ,80.76, ,100.0, 
2021/8/14,08:00,2.0, ,193210, ,205.70, ,80.90, ,100.0, 
2021/8/14,09:00,0.9, ,193630, ,203.07, ,81.20, ,100.0, 
2021/8/14,10:00,4.4, ,194040, ,191.30, ,81.44, ,100.0, 
2021/8/14,11:00,0.9, ,194400, ,196.04, ,81.54, ,100.0, 
2021/8/14,12:00,0.7, ,194820, ,185.84, ,81.74, ,100.0, 
2021/8/14,13:00,0.1, ,195000, ,181.74, ,136.45, ,100.0, 
2021/8/14,14:00,0.1, ,195120, ,178.82, ,136.58, ,100.0, 
2021/8/14,15:00,0.0, ,195240, ,166.18, ,136.67, ,100.0, 
2021/8/14,16:00,0.2, ,195300, ,163.01, ,136.78, ,100.0, 
2021/8/14,17:00,0.2, ,195360, ,158.73, ,136.85, ,100.0, 
2021/8/14,18:00,0.1, ,195420, ,150.50, ,137.07, ,100.0, 
2021/8/14,19:00,0.0, ,195420, ,141.70, ,136.97, ,100.0, 
2021/8/14,20:00,0.0, ,195480, ,133.15, ,122.42, ,100.0, 
2021/8/14,21:00,0.1, ,195480, ,137.78, ,122.32, ,100.0, 
2021/8/14,22:00,4.3, ,195540, ,127.38, ,122.44, ,100.0, 
2021/8/14,23:00,3.5, ,195540, ,134.23, ,122.54, ,100.0, 
2021/8/14,24:00,1.9, ,195600, ,135.15, ,122.70, ,100.0, 
2021/8/15,01:00,2.4, ,195660, ,136.59, ,122.82, ,100.0, 
2021/8/15,02:00,1.8, ,195780, ,149.19, ,122.74, ,100.0, 
2021/8/15,03:00,2.1, ,195900, ,149.03, ,123.12, ,100.0, 
2021/8/15,04:00,1.3, ,195960, ,152.30, ,123.28, ,100.0, 
2021/8/15,05:00,1.1, ,196080, ,154.74, ,138.86, ,100.0, 
2021/8/15,06:00,2.2, ,196140, ,151.86, ,138.78, ,100.0, 
2021/8/15,07:00,8.5, ,196140, ,150.51, ,138.78, ,100.0, 
2021/8/15,08:00,4.8, ,196260, ,163.97, ,152.77, ,100.0, 
2021/8/15,09:00,0.3, ,196380, ,186.35, ,180.86, ,100.0, 
2021/8/15,10:00,0.4, ,196560, ,218.85, ,208.32, ,100.0, 
2021/8/15,11:00,0.0, ,196560, ,234.51, ,230.08, ,100.0, 
2021/8/15,12:00,0.0, ,196500, ,218.69, ,212.85, ,100.0, 
2021/8/15,13:00,0.0, ,196440, ,182.41, ,151.92, ,100.0, 
2021/8/15,14:00,0.0, ,196440, ,158.75, ,152.02, ,100.0, 
2021/8/15,15:00,0.0, ,196560, ,156.87, ,139.70, ,100.0, 
2021/8/15,16:00,0.2, ,196560, ,146.82, ,139.60, ,100.0, 
2021/8/15,17:00,0.0, ,196560, ,137.42, ,127.78, ,100.0, 
2021/8/15,18:00,0.0, ,196620, ,138.98, ,127.84, ,100.0, 
2021/8/15,19:00,0.0, ,196620, ,136.54, ,127.84, ,100.0, 
2021/8/15,20:00,0.0, ,196620, ,128.01, ,121.03, ,100.0, 
2021/8/15,21:00,0.1, ,196620, ,119.89, ,114.42, ,100.0, 
2021/8/15,22:00,0.0, ,196620, ,112.43, ,107.91, ,100.0, 
2021/8/15,23:00,0.0, ,196680, ,113.87, ,104.18, ,100.0, 
2021/8/15,24:00,0.2, ,196680, ,116.06, ,113.78, ,100.0, 
2021/8/16,01:00,0.0, ,196680, ,107.28, ,95.04, ,100.0, 
2021/8/16,02:00,0.3, ,196740, ,96.97, ,95.40, ,100.0, 
2021/8/16,03:00,0.2, ,196740, ,111.39, ,95.20, ,100.0, 
2021/8/16,04:00,0.0, ,196800, ,96.33, ,86.06, ,100.0, 
2021/8/16,05:00,0.0, ,196800, ,105.48, ,84.76, ,100.0, 
2021/8/16,06:00,0.3, ,196860, ,97.55, ,84.72, ,100.0, 
2021/8/16,07:00,0.9, ,196920, ,93.34, ,84.82, ,100.0, 
2021/8/16,08:00,0.9, ,196920, ,99.18, ,99.30, ,100.0, 
2021/8/16,09:00,2.3, ,196920, ,97.67, ,99.40, ,100.0, 
2021/8/16,10:00,1.0, ,196920, ,99.40, ,99.30, ,100.0, 
2021/8/16,11:00,0.5, ,196860, ,87.34, ,99.24, ,100.0, 
2021/8/16,12:00,0.0, ,196800, ,90.91, ,99.21, ,100.0, 
2021/8/16,13:00,0.1, ,196800, ,86.16, ,99.31, ,100.0, 
2021/8/16,14:00,0.2, ,196680, ,80.57, ,99.19, ,100.0, 
2021/8/16,15:00,0.0, ,196620, ,77.45, ,99.16, ,100.0, 
2021/8/16,16:00,0.0, ,196560, ,82.14, ,99.00, ,100.0, 
2021/8/16,17:00,0.3, ,196500, ,80.98, ,99.07, ,100.0, 
2021/8/16,18:00,0.1, ,196380, ,81.50, ,98.95, ,100.0, 
2021/8/16,19:00,0.3, ,196320, ,70.85, ,98.89, ,100.0, 
2021/8/16,20:00,0.0, ,196260, ,81.90, ,98.73, ,100.0, 
2021/8/16,21:00,0.0, ,196140, ,70.16, ,98.94, ,100.0, 
2021/8/16,22:00,0.2, ,196020, ,69.41, ,98.85, ,100.0, 
2021/8/16,23:00,0.3, ,195960, ,68.57, ,98.89, ,100.0, 
2021/8/16,24:00,0.0, ,195840, ,69.15, ,95.54, ,100.0, 
2021/8/17,01:00,0.0, ,195720, ,70.76, ,95.66, ,100.0, 
2021/8/17,02:00,0.8, ,195660, ,67.33, ,95.72, ,100.0, 
2021/8/17,03:00,1.1, ,195540, ,67.87, ,95.60, ,100.0, 
2021/8/17,04:00,3.5, ,195420, ,64.74, ,95.44, ,100.0, 
2021/8/17,05:00,2.8, ,195360, ,70.23, ,95.48, ,100.0, 
2021/8/17,06:00,0.7, ,195240, ,68.48, ,95.26, ,99.9, 
2021/8/17,07:00,0.6, ,195180, ,71.43, ,92.96, ,99.9, 
2021/8/17,08:00,0.6, ,195120, ,73.96, ,92.80, ,99.9, 
2021/8/17,09:00,3.2, ,195060, ,84.28, ,92.84, ,100.0, 
2021/8/17,10:00,6.9, ,195060, ,80.90, ,92.74, ,100.0, 
2021/8/17,11:00,7.6, ,195120, ,119.02, ,105.78, ,100.0, 
2021/8/17,12:00,1.4, ,195180, ,147.45, ,145.72, ,100.0, 
2021/8/17,13:00,0.5, ,195240, ,160.74, ,146.54, ,100.0, 
2021/8/17,14:00,1.2, ,195300, ,201.89, ,199.20, ,100.0, 
2021/8/17,15:00,3.4, ,195180, ,171.19, ,198.73, ,100.0, 
2021/8/17,16:00,1.8, ,195060, ,168.67, ,198.37, ,100.0, 
2021/8/17,17:00,0.6, ,194880, ,146.04, ,197.87, ,100.0, 
2021/8/17,18:00,0.1, ,194700, ,137.72, ,197.33, ,100.0, 
2021/8/17,19:00,0.5, ,194580, ,127.37, ,162.40, ,100.0, 
2021/8/17,20:00,1.5, ,194460, ,112.98, ,150.68, ,100.0, 
2021/8/17,21:00,1.4, ,194400, ,148.58, ,150.56, ,100.0, 
2021/8/17,22:00,0.3, ,194340, ,112.64, ,129.46, ,100.0, 
2021/8/17,23:00,1.8, ,194340, ,126.69, ,123.76, ,100.0, 
2021/8/17,24:00,1.2, ,194340, ,124.29, ,119.70, ,100.0, 
2021/8/18,01:00,1.1, ,194340, ,120.71, ,119.90, ,100.0, 
2021/8/18,02:00,2.1, ,194400, ,121.34, ,113.00, ,100.0, 
2021/8/18,03:00,8.8, ,194520, ,139.79, ,173.88, ,100.0, 
2021/8/18,04:00,2.1, ,194340, ,182.85, ,272.96, ,100.0, 
2021/8/18,05:00,0.3, ,194040, ,195.56, ,292.98, ,100.0, 
2021/8/18,06:00,0.6, ,193750, ,211.52, ,310.82, ,100.0, 
2021/8/18,07:00,1.4, ,193330, ,204.82, ,305.66, ,99.8, 
2021/8/18,08:00,0.5, ,192910, ,190.41, ,291.80, ,99.6, 
2021/8/18,09:00,0.2, ,192500, ,176.16, ,276.40, ,99.4, 
2021/8/18,10:00,0.1, ,192140, ,168.66, ,267.83, ,99.2, 
2021/8/18,11:00,4.1, ,191720, ,161.81, ,261.88, ,99.0, 
2021/8/18,12:00,9.9, ,191370, ,166.92, ,265.94, ,98.8, 
2021/8/18,13:00,13.2, ,191130, ,171.14, ,264.56, ,98.7, 
2021/8/18,14:00,14.5, ,191070, ,228.10, ,316.73, ,98.7, 
2021/8/18,15:00,2.4, ,191310, ,361.17, ,442.20, ,98.9, 
2021/8/18,16:00,0.3, ,191430, ,518.16, ,603.18, ,99.0, 
2021/8/18,17:00,0.0, ,191010, ,470.60, ,511.96, ,98.8, 
2021/8/18,18:00,0.0, ,190720, ,357.09, ,429.39, ,98.7, 
2021/8/18,19:00,1.7, ,190360, ,319.71, ,396.23, ,98.5, 
2021/8/18,20:00,1.1, ,190010, ,280.54, ,377.87, ,98.3, 
2021/8/18,21:00,1.1, ,189720, ,270.77, ,354.64, ,98.2, 
2021/8/18,22:00,0.6, ,189300, ,246.92, ,339.62, ,98.0, 
2021/8/18,23:00,0.9, ,189070, ,214.88, ,225.54, ,97.9, 
2021/8/18,24:00,14.7, ,189010, ,223.91, ,243.10, ,100.0, 
2021/8/19,01:00,12.1, ,188950, ,256.14, ,304.08, ,100.0, 
2021/8/19,02:00,5.6, ,189420, ,559.53, ,455.50, ,100.0, 
2021/8/19,03:00,20.5, ,189420, ,546.38, ,631.68, ,100.0, 
2021/8/19,04:00,23.6, ,190010, ,851.04, ,673.24, ,100.0, 
2021/8/19,05:00,32.4, ,192610, ,1432.92, ,796.48, ,100.0, 
2021/8/19,06:00,4.8, ,195600, ,1716.23, ,921.55, ,100.0, 
2021/8/19,07:00,0.6, ,197280, ,1431.33, ,1034.97, ,100.0, 
2021/8/19,08:00,1.0, ,197400, ,985.51, ,916.40, ,100.0, 
2021/8/19,09:00,8.4, ,197280, ,818.30, ,793.40, ,100.0, 
2021/8/19,10:00,1.7, ,197040, ,727.79, ,788.92, ,100.0, 
2021/8/19,11:00,1.4, ,196620, ,661.59, ,727.90, ,100.0, 
2021/8/19,12:00,0.0, ,196260, ,570.26, ,620.66, ,100.0, 
2021/8/19,13:00,0.1, ,195840, ,502.10, ,561.53, ,100.0, 
2021/8/19,14:00,0.1, ,195660, ,440.21, ,486.88, ,100.0, 
2021/8/19,15:00,0.0, ,195300, ,401.85, ,483.06, ,100.0, 
2021/8/19,16:00,0.8, ,195120, ,392.79, ,427.43, ,100.0, 
2021/8/19,17:00,2.0, ,194940, ,372.78, ,413.92, ,100.0, 
2021/8/19,18:00,0.8, ,194760, ,350.99, ,336.66, ,100.0, 
2021/8/19,19:00,0.0, ,194820, ,300.07, ,241.94, ,100.0, 
2021/8/19,20:00,0.0, ,194940, ,285.00, ,242.32, ,100.0, 
2021/8/19,21:00,0.3, ,195060, ,271.26, ,242.90, ,100.0, 
2021/8/19,22:00,3.9, ,195120, ,265.53, ,241.09, ,100.0, 
2021/8/19,23:00,11.3, ,195240, ,265.93, ,245.96, ,100.0, 
2021/8/19,24:00,6.1, ,195600, ,353.02, ,301.09, ,100.0, 
2021/8/20,01:00,10.3, ,195900, ,497.76, ,469.86, ,100.0, 
2021/8/20,02:00,24.8, ,196260, ,622.27, ,591.32, ,100.0, 
2021/8/20,03:00,23.4, ,196560, ,794.27, ,749.80, ,100.0, 
2021/8/20,04:00,23.1, ,197340, ,1022.68, ,833.22, ,100.0, 
2021/8/20,05:00,18.3, ,199820, ,1644.55, ,1051.70, ,100.0, 
2021/8/20,06:00,4.5, ,202140, ,1761.20, ,1097.96, ,100.0, 
2021/8/20,07:00,1.1, ,203180, ,1363.68, ,1098.77, ,100.0, 
2021/8/20,08:00,0.3, ,203120, ,1017.54, ,898.24, ,100.0, 
2021/8/20,09:00,0.0, ,203120, ,727.54, ,685.58, ,100.0, 
2021/8/20,10:00,0.0, ,203120, ,635.76, ,634.06, ,100.0, 
2021/8/20,11:00,1.5, ,202940, ,575.69, ,632.24, ,100.0, 
2021/8/20,12:00,0.6, ,202630, ,514.74, ,558.00, ,100.0, 
2021/8/20,13:00,0.2, ,202260, ,476.97, ,554.74, ,100.0, 
2021/8/20,14:00,0.0, ,201960, ,433.10, ,486.48, ,100.0, 
2021/8/20,15:00,2.9, ,201650, ,411.54, ,484.00, ,100.0, 
2021/8/20,16:00,3.1, ,201290, ,386.36, ,459.62, ,100.0, 
2021/8/20,17:00,3.7, ,200980, ,367.89, ,456.84, ,100.0, 
2021/8/20,18:00,0.1, ,200610, ,361.77, ,428.46, ,100.0, 
2021/8/20,19:00,0.0, ,200370, ,340.83, ,426.75, ,100.0, 
2021/8/20,20:00,0.2, ,199950, ,325.55, ,401.80, ,100.0, 
2021/8/20,21:00,0.0, ,199640, ,292.78, ,368.98, ,100.0, 
2021/8/20,22:00,0.0, ,199340, ,271.57, ,367.34, ,100.0, 
2021/8/20,23:00,0.5, ,199040, ,257.51, ,344.16, ,100.0, 
2021/8/20,24:00,0.0, ,198730, ,247.87, ,342.44, ,100.0, 
2021/8/21,01:00,0.1, ,198430, ,231.82, ,309.53, ,100.0, 
2021/8/21,02:00,0.2, ,198130, ,231.63, ,308.23, ,100.0, 
2021/8/21,03:00,0.1, ,197830, ,210.47, ,285.49, ,100.0, 
2021/8/21,04:00,0.3, ,197580, ,215.53, ,284.41, ,100.0, 
2021/8/21,05:00,0.9, ,197280, ,203.84, ,261.28, ,100.0, 
2021/8/21,06:00,1.0, ,197100, ,195.09, ,260.34, ,100.0, 
2021/8/21,07:00,0.4, ,196860, ,193.49, ,248.98, ,100.0, 
2021/8/21,08:00,0.2, ,196620, ,184.92, ,236.56, ,100.0, 
2021/8/21,09:00,0.5, ,196440, ,177.11, ,235.70, ,100.0, 
2021/8/21,10:00,0.0, ,196200, ,178.09, ,234.88, ,100.0, 
2021/8/21,11:00,0.0, ,195960, ,169.77, ,233.94, ,100.0, 
2021/8/21,12:00,0.5, ,195720, ,166.97, ,232.94, ,100.0, 
2021/8/21,13:00,0.9, ,195480, ,163.60, ,232.02, ,100.0, 
2021/8/21,14:00,0.8, ,195180, ,159.07, ,230.96, ,100.0, 
2021/8/21,15:00,1.6, ,195060, ,152.92, ,201.65, ,100.0, 
2021/8/21,16:00,3.3, ,194940, ,151.67, ,178.58, ,100.0, 
2021/8/21,17:00,2.3, ,194820, ,146.61, ,178.27, ,100.0, 
2021/8/21,18:00,6.6, ,194820, ,157.20, ,149.66, ,100.0, 
2021/8/21,19:00,2.8, ,194880, ,157.11, ,149.67, ,100.0, 
2021/8/21,20:00,2.1, ,195180, ,196.06, ,150.17, ,100.0, 
2021/8/21,21:00,3.1, ,195420, ,226.20, ,150.75, ,100.0, 
2021/8/21,22:00,1.4, ,195660, ,219.01, ,151.23, ,100.0, 
2021/8/21,23:00,0.1, ,195960, ,227.09, ,151.72, ,100.0, 
2021/8/21,24:00,0.8, ,196140, ,218.19, ,180.07, ,100.0, 
2021/8/22,01:00,1.8, ,196140, ,209.09, ,205.33, ,100.0, 
2021/8/22,02:00,1.8, ,196200, ,208.92, ,205.41, ,100.0, 
2021/8/22,03:00,0.0, ,196200, ,219.26, ,205.41, ,100.0, 
2021/8/22,04:00,0.1, ,196200, ,205.44, ,205.41, ,100.0, 
2021/8/22,05:00,0.0, ,196140, ,198.74, ,205.23, ,100.0, 
2021/8/22,06:00,0.0, ,196020, ,177.09, ,204.66, ,100.0, 
2021/8/22,07:00,0.3, ,195960, ,167.99, ,183.03, ,100.0, 
2021/8/22,08:00,0.4, ,195840, ,159.70, ,182.79, ,100.0, 
2021/8/22,09:00,0.0, ,195720, ,153.58, ,182.37, ,100.0, 
2021/8/22,10:00,0.0, ,195600, ,150.79, ,182.23, ,100.0, 
2021/8/22,11:00,0.2, ,195480, ,149.97, ,181.82, ,100.0, 
2021/8/22,12:00,0.1, ,195360, ,135.76, ,166.00, ,100.0, 
2021/8/22,13:00,0.0, ,195240, ,139.47, ,165.70, ,100.0, 
2021/8/22,14:00,0.0, ,195180, ,129.29, ,144.68, ,100.0, 
2021/8/22,15:00,0.0, ,195120, ,120.77, ,114.07, ,100.0, 
2021/8/22,16:00,0.0, ,195120, ,111.76, ,114.27, ,100.0, 
2021/8/22,17:00,0.0, ,195120, ,114.20, ,114.37, ,100.0, 
2021/8/22,18:00,0.0, ,195120, ,114.22, ,114.27, ,100.0, 
2021/8/22,19:00,0.0, ,195120, ,114.22, ,114.17, ,100.0, 
2021/8/22,20:00,0.0, ,195120, ,114.21, ,114.17, ,100.0, 
2021/8/22,21:00,0.0, ,195120, ,114.19, ,114.07, ,100.0, 
2021/8/22,22:00,0.0, ,195120, ,114.20, ,114.17, ,100.0, 
2021/8/22,23:00,0.0, ,195060, ,101.13, ,113.91, ,100.0, 
2021/8/22,24:00,0.0, ,195000, ,98.84, ,93.58, ,100.0, 
2021/8/23,01:00,0.0, ,195000, ,88.70, ,93.58, ,100.0, 
2021/8/23,02:00,0.0, ,195000, ,93.56, ,93.58, ,100.0, 
2021/8/23,03:00,0.0, ,195000, ,93.58, ,93.58, ,100.0, 
2021/8/23,04:00,0.0, ,195000, ,93.57, ,93.68, ,100.0, 
2021/8/23,05:00,0.0, ,195000, ,93.57, ,93.58, ,100.0, 
2021/8/23,06:00,0.0, ,194940, ,84.57, ,76.35, ,100.0, 
2021/8/23,07:00,0.0, ,194940, ,72.56, ,76.55, ,100.0, 
2021/8/23,08:00,0.0, ,194940, ,76.56, ,76.55, ,100.0, 
2021/8/23,09:00,0.0, ,194940, ,76.54, ,76.55, ,100.0, 
2021/8/23,10:00,0.0, ,194940, ,76.20, ,70.16, ,100.0, 
2021/8/23,11:00,0.0, ,195060, ,82.25, ,61.30, ,100.0, 
2021/8/23,12:00,0.0, ,195120, ,80.07, ,61.21, ,100.0, 
2021/8/23,13:00,0.0, ,195180, ,80.64, ,61.21, ,100.0, 
2021/8/23,14:00,0.3, ,195240, ,77.34, ,61.42, ,100.0, 
2021/8/23,15:00,1.8, ,195300, ,82.91, ,61.32, ,100.0, 
2021/8/23,16:00,0.1, ,195360, ,72.39, ,61.32, ,100.0, 
2021/8/23,17:00,0.0, ,195360, ,75.42, ,61.22, ,100.0, 
2021/8/23,18:00,0.0, ,195420, ,76.53, ,61.23, ,100.0, 
2021/8/23,19:00,0.2, ,195480, ,74.07, ,61.33, ,100.0, 
2021/8/23,20:00,0.0, ,195540, ,73.79, ,61.24, ,100.0, 
2021/8/23,21:00,0.0, ,195540, ,70.73, ,61.34, ,100.0, 
2021/8/23,22:00,0.0, ,195540, ,61.34, ,61.34, ,100.0, 
2021/8/23,23:00,0.1, ,195600, ,75.76, ,61.34, ,100.0, 
2021/8/23,24:00,0.1, ,195600, ,63.54, ,61.34, ,100.0, 
2021/8/24,01:00,0.0, ,195600, ,61.32, ,61.44, ,100.0, 
2021/8/24,02:00,0.0, ,195600, ,61.32, ,61.24, ,100.0, 
2021/8/24,03:00,0.0, ,195600, ,61.34, ,61.34, ,100.0, 
2021/8/24,04:00,0.0, ,195660, ,75.77, ,61.34, ,100.0, 
2021/8/24,05:00,0.0, ,195660, ,63.55, ,61.44, ,100.0, 
2021/8/24,06:00,0.1, ,195660, ,61.33, ,61.34, ,100.0, 
2021/8/24,07:00,0.0, ,195660, ,61.33, ,61.34, ,100.0, 
2021/8/24,08:00,0.0, ,195660, ,61.33, ,61.44, ,100.0, 
2021/8/24,09:00,0.0, ,195660, ,61.32, ,61.44, ,100.0, 
2021/8/24,10:00,0.2, ,195600, ,57.71, ,61.24, ,100.0, 
2021/8/24,11:00,0.0, ,195600, ,47.20, ,58.20, ,100.0, 
2021/8/24,12:00,0.0, ,195600, ,58.30, ,58.20, ,100.0, 
2021/8/24,13:00,0.8, ,195540, ,46.64, ,58.30, ,100.0, 
2021/8/24,14:00,0.0, ,195540, ,53.32, ,58.20, ,100.0, 
2021/8/24,15:00,0.0, ,195480, ,46.37, ,58.40, ,100.0, 
2021/8/24,16:00,0.0, ,195480, ,53.61, ,58.40, ,100.0, 
2021/8/24,17:00,0.0, ,195420, ,55.26, ,58.30, ,100.0, 
2021/8/24,18:00,0.0, ,195420, ,44.71, ,58.30, ,100.0, 
2021/8/24,19:00,0.1, ,195360, ,44.15, ,58.30, ,100.0, 
2021/8/24,20:00,0.0, ,195360, ,55.80, ,58.30, ,100.0, 
2021/8/24,21:00,0.0, ,195300, ,42.21, ,58.30, ,100.0, 
2021/8/24,22:00,0.0, ,195240, ,46.39, ,58.30, ,100.0, 
2021/8/24,23:00,0.0, ,195180, ,45.58, ,58.30, ,100.0, 
2021/8/24,24:00,0.0, ,195120, ,44.73, ,58.20, ,100.0, 
2021/8/25,01:00,0.0, ,195060, ,37.53, ,58.30, ,100.0, 
2021/8/25,02:00,0.0, ,195000, ,45.56, ,58.40, ,100.0, 
2021/8/25,03:00,0.0, ,194940, ,38.11, ,58.20, ,100.0, 
2021/8/25,04:00,0.0, ,194880, ,43.09, ,58.20, ,100.0, 
2021/8/25,05:00,0.0, ,194820, ,37.54, ,58.40, ,100.0, 
2021/8/25,06:00,0.0, ,194760, ,43.94, ,58.30, ,100.0, 
2021/8/25,07:00,0.0, ,194700, ,37.29, ,58.30, ,100.0, 
2021/8/25,08:00,0.0, ,194640, ,43.91, ,58.40, ,100.0, 
2021/8/25,09:00,0.0, ,194520, ,32.56, ,58.30, ,100.0, 
2021/8/25,10:00,0.0, ,194460, ,42.81, ,58.20, ,100.0, 
2021/8/25,11:00,0.0, ,194400, ,36.71, ,58.40, ,100.0, 
2021/8/25,12:00,0.0, ,194280, ,37.32, ,58.30, ,100.0, 
2021/8/25,13:00,0.0, ,194220, ,33.69, ,58.40, ,100.0, 
2021/8/25,14:00,0.3, ,194160, ,37.03, ,58.30, ,100.0, 
2021/8/25,15:00,0.0, ,194100, ,39.79, ,58.30, ,100.0, 
2021/8/25,16:00,0.0, ,193980, ,32.04, ,58.40, ,100.0, 
2021/8/25,17:00,0.0, ,193920, ,35.64, ,58.30, ,100.0, 
2021/8/25,18:00,0.0, ,193860, ,37.57, ,58.30, ,100.0, 
2021/8/25,19:00,0.0, ,193750, ,39.79, ,58.20, ,100.0, 
2021/8/25,20:00,0.0, ,193690, ,33.71, ,58.30, ,100.0, 
2021/8/25,21:00,0.0, ,193570, ,34.55, ,58.40, ,100.0, 
2021/8/25,22:00,0.0, ,193510, ,32.63, ,58.40, ,100.0, 
2021/8/25,23:00,0.0, ,193390, ,35.43, ,58.30, ,100.0, 
2021/8/25,24:00,0.0, ,193330, ,35.15, ,58.40, ,100.0, 
2021/8/26,01:00,0.0, ,193270, ,36.29, ,58.40, ,100.0, 
2021/8/26,02:00,0.0, ,193150, ,30.78, ,58.40, ,100.0, 
2021/8/26,03:00,0.0, ,193090, ,35.77, ,58.40, ,100.0, 
2021/8/26,04:00,0.0, ,192970, ,32.18, ,58.40, ,100.0, 
2021/8/26,05:00,0.0, ,192910, ,33.59, ,58.40, ,100.0, 
2021/8/26,06:00,0.0, ,192790, ,31.69, ,58.30, ,100.0, 
2021/8/26,07:00,0.0, ,192730, ,34.97, ,58.30, ,100.0, 
2021/8/26,08:00,0.0, ,192610, ,31.94, ,58.40, ,100.0, 
2021/8/26,09:00,0.0, ,192550, ,36.93, ,58.40, ,100.0, 
2021/8/26,10:00,0.0, ,192440, ,29.74, ,58.20, ,100.0, 
2021/8/26,11:00,0.0, ,192320, ,31.88, ,58.30, ,100.0, 
2021/8/26,12:00,0.0, ,192260, ,30.53, ,58.20, ,100.0, 
2021/8/26,13:00,0.0, ,192140, ,28.34, ,58.30, ,100.0, 
2021/8/26,14:00,0.0, ,192020, ,34.96, ,58.30, ,100.0, 
2021/8/26,15:00,0.0, ,191960, ,31.67, ,58.30, ,100.0, 
2021/8/26,16:00,0.0, ,191840, ,33.32, ,58.30, ,100.0, 
2021/8/26,17:00,0.0, ,191780, ,30.84, ,58.30, ,100.0, 
2021/8/26,18:00,0.0, ,191660, ,29.42, ,58.30, ,100.0, 
2021/8/26,19:00,0.0, ,191550, ,35.74, ,58.20, ,100.0, 
2021/8/26,20:00,0.0, ,191490, ,29.70, ,58.20, ,100.0, 
2021/8/26,21:00,0.0, ,191370, ,27.77, ,58.10, ,100.0, 
2021/8/26,22:00,0.0, ,191250, ,28.61, ,58.30, ,100.0, 
2021/8/26,23:00,0.0, ,191130, ,31.08, ,58.20, ,100.0, 
2021/8/26,24:00,0.0, ,191070, ,29.72, ,58.20, ,100.0, 
2021/8/27,01:00,0.0, ,190950, ,29.20, ,58.20, ,100.0, 
2021/8/27,02:00,0.0, ,190840, ,30.88, ,58.20, ,100.0, 
2021/8/27,03:00,0.0, ,190720, ,27.08, ,58.30, ,100.0, 
2021/8/27,04:00,0.0, ,190660, ,29.00, ,58.40, ,100.0, 
2021/8/27,05:00,0.0, ,190540, ,28.76, ,58.30, ,100.0, 
2021/8/27,06:00,0.0, ,190420, ,29.28, ,58.10, ,100.0, 
2021/8/27,07:00,0.0, ,190310, ,31.99, ,58.20, ,100.0, 
2021/8/27,08:00,0.0, ,190190, ,27.06, ,58.20, ,100.0, 
2021/8/27,09:00,0.0, ,190130, ,27.89, ,58.20, ,100.0, 
2021/8/27,10:00,0.0, ,190010, ,29.83, ,58.20, ,100.0, 
2021/8/27,11:00,0.0, ,189890, ,28.46, ,58.30, ,100.0, 
2021/8/27,12:00,0.0, ,189770, ,27.37, ,58.20, ,100.0, 
2021/8/27,13:00,0.0, ,189660, ,30.38, ,58.30, ,100.0, 
2021/8/27,14:00,0.0, ,189600, ,28.51, ,58.10, ,100.0, 
2021/8/27,15:00,0.0, ,189480, ,27.14, ,58.20, ,100.0, 
2021/8/27,16:00,0.0, ,189360, ,25.80, ,58.30, ,100.0, 
2021/8/27,17:00,0.0, ,189250, ,27.98, ,58.20, ,100.0, 
2021/8/27,18:00,0.0, ,189130, ,31.79, ,58.20, ,100.0, 
2021/8/27,19:00,0.0, ,189010, ,27.97, ,58.20, ,100.0, 
2021/8/27,20:00,0.0, ,188890, ,24.15, ,57.90, ,100.0, 
2021/8/27,21:00,0.0, ,188770, ,26.78, ,58.00, ,100.0, 
2021/8/27,22:00,0.0, ,188660, ,25.16, ,58.20, ,100.0, 
2021/8/27,23:00,0.0, ,188540, ,24.65, ,58.00, ,100.0, 
2021/8/27,24:00,0.0, ,188420, ,25.69, ,58.00, ,100.0, 
2021/8/28,01:00,0.0, ,188300, ,25.39, ,57.90, ,100.0, 
2021/8/28,02:00,0.0, ,188190, ,22.39, ,58.10, ,100.0, 
2021/8/28,03:00,0.0, ,188070, ,25.92, ,58.00, ,100.0, 
2021/8/28,04:00,0.0, ,187950, ,21.58, ,58.00, ,100.0, 
2021/8/28,05:00,0.0, ,187830, ,25.95, ,58.00, ,100.0, 
2021/8/28,06:00,0.0, ,187720, ,24.07, ,58.00, ,100.0, 
2021/8/28,07:00,0.0, ,187600, ,21.36, ,58.10, ,100.0, 
2021/8/28,08:00,0.0, ,187420, ,22.47, ,58.10, ,100.0, 
2021/8/28,09:00,0.0, ,187310, ,23.32, ,58.10, ,100.0, 
2021/8/28,10:00,0.0, ,187190, ,22.77, ,58.00, ,100.0, 
2021/8/28,11:00,0.0, ,187070, ,24.11, ,58.00, ,100.0, 
2021/8/28,12:00,0.0, ,186960, ,21.67, ,58.00, ,100.0, 
2021/8/28,13:00,0.0, ,186840, ,25.19, ,58.00, ,100.0, 
2021/8/28,14:00,0.0, ,186660, ,20.61, ,57.90, ,100.0, 
2021/8/28,15:00,0.0, ,186550, ,21.44, ,58.10, ,100.0, 
2021/8/28,16:00,0.0, ,186430, ,24.43, ,58.10, ,100.0, 
2021/8/28,17:00,0.0, ,186310, ,21.20, ,58.00, ,100.0, 
2021/8/28,18:00,0.0, ,186200, ,21.48, ,58.00, ,100.0, 
2021/8/28,19:00,0.0, ,186080, ,27.12, ,57.90, ,100.0, 
2021/8/28,20:00,0.0, ,185900, ,21.95, ,57.80, ,100.0, 
2021/8/28,21:00,0.0, ,185790, ,21.22, ,58.90, ,100.0, 
2021/8/28,22:00,0.0, ,185670, ,22.75, ,58.80, ,100.0, 
2021/8/28,23:00,0.0, ,185550, ,20.74, ,58.80, ,100.0, 
2021/8/28,24:00,0.0, ,185380, ,23.21, ,58.80, ,100.0, 
2021/8/29,01:00,0.0, ,185260, ,19.74, ,58.90, ,100.0, 
2021/8/29,02:00,0.0, ,185090, ,20.04, ,58.90, ,100.0, 
2021/8/29,03:00,0.0, ,184970, ,18.40, ,58.80, ,100.0, 
2021/8/29,04:00,0.0, ,184800, ,16.25, ,58.70, ,100.0, 
2021/8/29,05:00,0.0, ,184620, ,13.82, ,58.90, ,100.0, 
2021/8/29,06:00,0.0, ,184510, ,13.61, ,58.70, ,100.0, 
2021/8/29,07:00,0.0, ,184330, ,13.62, ,58.80, ,100.0, 
2021/8/29,08:00,0.0, ,184160, ,10.13, ,58.80, ,100.0, 
2021/8/29,09:00,0.0, ,183980, ,12.29, ,58.80, ,100.0, 
2021/8/29,10:00,0.0, ,183870, ,17.69, ,58.90, ,100.0, 
2021/8/29,11:00,0.0, ,183690, ,18.00, ,58.90, ,100.0, 
2021/8/29,12:00,0.0, ,183580, ,21.82, ,59.00, ,100.0, 
2021/8/29,13:00,0.0, ,183400, ,20.77, ,58.80, ,100.0, 
2021/8/29,14:00,0.0, ,183290, ,19.92, ,58.80, ,100.0, 
2021/8/29,15:00,0.0, ,183110, ,20.22, ,59.00, ,100.0, 
2021/8/29,16:00,0.0, ,183000, ,16.81, ,58.90, ,100.0, 
2021/8/29,17:00,0.0, ,182880, ,22.21, ,59.00, ,100.0, 
2021/8/29,18:00,0.0, ,182710, ,21.41, ,58.80, ,100.0, 
2021/8/29,19:00,0.0, ,182590, ,20.33, ,58.80, ,100.0, 
2021/8/29,20:00,0.0, ,182420, ,19.51, ,58.70, ,100.0, 
2021/8/29,21:00,0.0, ,182300, ,17.88, ,58.80, ,100.0, 
2021/8/29,22:00,0.0, ,182130, ,20.82, ,58.60, ,100.0, 
2021/8/29,23:00,0.0, ,182020, ,19.43, ,58.60, ,100.0, 
2021/8/29,24:00,0.0, ,181900, ,19.16, ,58.70, ,100.0, 
2021/8/30,01:00,0.0, ,181730, ,19.17, ,58.60, ,100.0, 
2021/8/30,02:00,0.0, ,181610, ,17.85, ,58.70, ,100.0, 
2021/8/30,03:00,0.0, ,181380, ,16.03, ,58.70, ,100.0, 
2021/8/30,04:00,0.0, ,181270, ,9.14, ,58.60, ,100.0, 
2021/8/30,05:00,0.0, ,181090, ,14.48, ,58.90, ,100.0, 
2021/8/30,06:00,0.0, ,180920, ,12.81, ,59.00, ,100.0, 
2021/8/30,07:00,0.0, ,180750, ,11.04, ,58.80, ,100.0, 
2021/8/30,08:00,0.0, ,180580, ,11.90, ,58.90, ,100.0, 
2021/8/30,09:00,0.0, ,180410, ,10.10, ,59.00, ,100.0, 
2021/8/30,10:00,0.0, ,180230, ,13.29, ,58.90, ,100.0, 
2021/8/30,11:00,0.0, ,180120, ,18.34, ,59.00, ,100.0, 
2021/8/30,12:00,0.0, ,179950, ,18.66, ,58.90, ,100.0, 
2021/8/30,13:00,0.0, ,179830, ,20.25, ,59.00, ,100.0, 
2021/8/30,14:00,0.0, ,179660, ,20.03, ,59.00, ,100.0, 
2021/8/30,15:00,0.0, ,179550, ,17.68, ,58.90, ,100.0, 
2021/8/30,16:00,0.0, ,179380, ,17.42, ,59.00, ,100.0, 
2021/8/30,17:00,0.0, ,179200, ,20.38, ,59.00, ,100.0, 
2021/8/30,18:00,0.0, ,179090, ,19.47, ,59.70, ,100.0, 
2021/8/30,19:00,0.0, ,178920, ,17.56, ,59.50, ,100.0, 
2021/8/30,20:00,0.0, ,178810, ,19.95, ,59.60, ,100.0, 
2021/8/30,21:00,0.0, ,178630, ,18.34, ,59.50, ,100.0, 
2021/8/30,22:00,0.0, ,178520, ,19.66, ,59.50, ,100.0, 
2021/8/30,23:00,0.0, ,178350, ,14.94, ,59.60, ,100.0, 
2021/8/30,24:00,0.0, ,178180, ,18.93, ,35.40, ,100.0, 
2021/8/31,01:00,0.0, ,178180, ,12.53, ,20.90, ,100.0, 
2021/8/31,02:00,0.0, ,178120, ,17.07, ,19.00, ,100.0, 
2021/8/31,03:00,0.0, ,178120, ,6.38, ,19.00, ,100.0, 
2021/8/31,04:00,0.0, ,178060, ,13.20, ,19.00, ,100.0, 
2021/8/31,05:00,0.0, ,178010, ,7.67, ,19.00, ,100.0, 
2021/8/31,06:00,0.0, ,178010, ,4.51, ,18.90, ,100.0, 
2021/8/31,07:00,0.0, ,177950, ,8.71, ,37.50, ,100.0, 
2021/8/31,08:00,0.0, ,177840, ,8.06, ,50.20, ,100.0, 
2021/8/31,09:00,0.0, ,177610, ,10.50, ,60.50, ,100.0, 
2021/8/31,10:00,0.0, ,177500, ,12.64, ,60.50, ,100.0, 
2021/8/31,11:00,0.0, ,177330, ,16.88, ,60.50, ,100.0, 
2021/8/31,12:00,0.0, ,177160, ,19.02, ,36.20, ,100.0, 
2021/8/31,13:00,0.0, ,177160, ,14.73, ,21.50, ,100.0, 
2021/8/31,14:00,0.0, ,177100, ,10.18, ,29.40, ,100.0, 
2021/8/31,15:00,0.0, ,177040, ,19.83, ,48.50, ,100.0, 
2021/8/31,16:00,0.0, ,176870, ,17.26, ,60.30, ,100.0, 
2021/8/31,17:00,0.0, ,176700, ,22.53, ,60.30, ,100.0, 
2021/8/31,18:00,0.0, ,176590, ,17.55, ,60.40, ,100.0, 
2021/8/31,19:00,0.0, ,176420, ,18.60, ,60.20, ,100.0, 
2021/8/31,20:00,0.0, ,176310, ,18.08, ,60.20, ,100.0, 
2021/8/31,21:00,0.0, ,176140, ,15.21, ,35.70, ,100.0, 
2021/8/31,22:00,0.0, ,176080, ,14.24, ,20.70, ,100.0, 
2021/8/31,23:00,0.0, ,176080, ,14.94, ,20.70, ,100.0, 
2021/8/31,24:00,0.0, ,176080, ,20.68, ,20.50, ,100.0, 
