îCà”ä˙ä‘É_ÉÄèîó åüçıåãâ 
êÖånñº,ãgñÏêÏ
âÕêÏñº,ãgñÏêÏ
äœë™èäñº,ëÅñæâYÉ_ÉÄÅiã@ç\Åj
äœë™èäãLçÜ,1368080700010
#
#îNåéì˙,éûçè,ó¨àÊïΩãœâJó ,ó¨àÊïΩãœâJó ëÆê´,íôêÖó ,íôêÖó ëÆê´,ó¨ì¸ó ,ó¨ì¸ó ëÆê´,ï˙ó¨ó ,ï˙ó¨ó ëÆê´,íôêÖó¶,íôêÖó¶ëÆê´
#ëÆê´Å@$:åáë™ -:ñ¢éÛêM
#
2003/8/1,01:00,0.0, ,175970, ,14.51, ,27.90, ,95.2, 
2003/8/1,02:00,0.0, ,175910, ,9.07, ,27.50, ,95.2, 
2003/8/1,03:00,0.0, ,175850, ,12.91, ,0.00, ,95.2, 
2003/8/1,04:00,0.0, ,175850, ,5.67, ,0.00, ,95.2, 
2003/8/1,05:00,0.0, ,175850, ,0.00, ,0.00, ,95.2, 
2003/8/1,06:00,0.0, ,175910, ,4.45, ,28.70, ,95.2, 
2003/8/1,07:00,0.0, ,175850, ,26.09, ,50.60, ,95.2, 
2003/8/1,08:00,0.0, ,175680, ,11.24, ,57.90, ,95.1, 
2003/8/1,09:00,0.0, ,175510, ,11.07, ,57.80, ,95.0, 
2003/8/1,10:00,0.0, ,175400, ,13.16, ,57.40, ,94.9, 
2003/8/1,11:00,0.0, ,175230, ,19.93, ,57.90, ,94.8, 
2003/8/1,12:00,0.0, ,175120, ,16.52, ,57.80, ,94.7, 
2003/8/1,13:00,0.0, ,174950, ,13.00, ,57.80, ,94.6, 
2003/8/1,14:00,0.0, ,174780, ,20.33, ,57.80, ,94.5, 
2003/8/1,15:00,0.0, ,174670, ,17.67, ,57.70, ,94.5, 
2003/8/1,16:00,0.0, ,174500, ,16.18, ,57.90, ,94.4, 
2003/8/1,17:00,0.0, ,174390, ,17.51, ,58.30, ,94.3, 
2003/8/1,18:00,0.0, ,174220, ,18.40, ,57.70, ,94.2, 
2003/8/1,19:00,0.0, ,174050, ,17.16, ,57.50, ,94.1, 
2003/8/1,20:00,0.0, ,173940, ,16.35, ,57.60, ,94.1, 
2003/8/1,21:00,0.0, ,173770, ,16.63, ,47.60, ,94.0, 
2003/8/1,22:00,0.0, ,173660, ,17.25, ,33.00, ,93.9, 
2003/8/1,23:00,0.0, ,173600, ,15.38, ,31.20, ,93.9, 
2003/8/1,24:00,0.0, ,173540, ,13.82, ,28.90, ,93.8, 
2003/8/2,01:00,0.0, ,173540, ,13.64, ,18.40, ,93.8, 
2003/8/2,02:00,0.0, ,173490, ,2.88, ,18.60, ,93.8, 
2003/8/2,03:00,0.0, ,173490, ,18.42, ,18.40, ,93.8, 
2003/8/2,04:00,0.0, ,173430, ,2.85, ,18.50, ,93.8, 
2003/8/2,05:00,0.0, ,173380, ,15.81, ,18.40, ,93.7, 
2003/8/2,06:00,0.0, ,173380, ,5.48, ,30.00, ,93.7, 
2003/8/2,07:00,0.0, ,173260, ,8.62, ,42.80, ,93.7, 
2003/8/2,08:00,0.0, ,173150, ,11.46, ,57.30, ,93.6, 
2003/8/2,09:00,0.0, ,172980, ,7.80, ,58.30, ,93.5, 
2003/8/2,10:00,0.0, ,172820, ,14.26, ,57.90, ,93.4, 
2003/8/2,11:00,0.0, ,172700, ,16.27, ,58.00, ,93.3, 
2003/8/2,12:00,0.0, ,172540, ,14.89, ,59.00, ,93.3, 
2003/8/2,13:00,0.0, ,172370, ,14.86, ,58.90, ,93.2, 
2003/8/2,14:00,0.0, ,172200, ,13.99, ,58.90, ,93.1, 
2003/8/2,15:00,0.0, ,172030, ,18.14, ,59.10, ,93.0, 
2003/8/2,16:00,0.0, ,171920, ,14.81, ,59.30, ,92.9, 
2003/8/2,17:00,0.0, ,171750, ,14.51, ,59.20, ,92.8, 
2003/8/2,18:00,0.0, ,171590, ,17.14, ,59.20, ,92.7, 
2003/8/2,19:00,0.0, ,171420, ,18.81, ,59.50, ,92.6, 
2003/8/2,20:00,0.0, ,171310, ,16.15, ,34.90, ,92.5, 
2003/8/2,21:00,0.0, ,171250, ,15.76, ,27.90, ,92.5, 
2003/8/2,22:00,0.0, ,171200, ,16.54, ,25.30, ,92.5, 
2003/8/2,23:00,0.0, ,171140, ,15.94, ,29.60, ,92.4, 
2003/8/2,24:00,0.0, ,171090, ,11.61, ,50.10, ,92.4, 
2003/8/3,01:00,0.0, ,170920, ,8.89, ,18.50, ,92.3, 
2003/8/3,02:00,0.0, ,170920, ,9.87, ,2.60, ,92.3, 
2003/8/3,03:00,0.0, ,170860, ,1.41, ,0.00, ,92.3, 
2003/8/3,04:00,0.0, ,170860, ,0.00, ,0.00, ,92.3, 
2003/8/3,05:00,0.0, ,170920, ,14.11, ,0.00, ,92.3, 
2003/8/3,06:00,0.0, ,170970, ,5.10, ,0.00, ,92.3, 
2003/8/3,07:00,0.0, ,170970, ,11.72, ,22.00, ,92.3, 
2003/8/3,08:00,0.0, ,170970, ,15.84, ,45.10, ,92.3, 
2003/8/3,09:00,0.0, ,170810, ,16.97, ,57.80, ,92.3, 
2003/8/3,10:00,0.0, ,170640, ,11.99, ,59.80, ,92.2, 
2003/8/3,11:00,0.0, ,170530, ,13.14, ,59.70, ,92.1, 
2003/8/3,12:00,0.0, ,170360, ,16.09, ,60.00, ,92.0, 
2003/8/3,13:00,0.0, ,170250, ,15.39, ,28.90, ,91.9, 
2003/8/3,14:00,0.0, ,170200, ,15.48, ,58.20, ,91.9, 
2003/8/3,15:00,0.0, ,170030, ,12.34, ,58.50, ,91.8, 
2003/8/3,16:00,0.0, ,169860, ,17.71, ,58.10, ,91.7, 
2003/8/3,17:00,0.0, ,169750, ,15.73, ,60.10, ,91.6, 
2003/8/3,18:00,0.0, ,169530, ,15.65, ,60.20, ,91.5, 
2003/8/3,19:00,0.0, ,169420, ,14.93, ,60.20, ,91.5, 
2003/8/3,20:00,0.0, ,169250, ,16.20, ,60.00, ,91.4, 
2003/8/3,21:00,0.0, ,169090, ,16.53, ,59.90, ,91.3, 
2003/8/3,22:00,0.0, ,168920, ,14.15, ,60.40, ,91.2, 
2003/8/3,23:00,0.0, ,168760, ,13.54, ,60.10, ,91.1, 
2003/8/3,24:00,0.0, ,168590, ,12.16, ,46.00, ,91.0, 
2003/8/4,01:00,0.0, ,168420, ,10.75, ,19.00, ,90.9, 
2003/8/4,02:00,0.0, ,168420, ,8.10, ,20.80, ,90.9, 
2003/8/4,03:00,0.0, ,168370, ,6.45, ,18.40, ,90.8, 
2003/8/4,04:00,0.0, ,168310, ,10.19, ,0.00, ,90.8, 
2003/8/4,05:00,0.0, ,168310, ,1.59, ,0.00, ,90.8, 
2003/8/4,06:00,0.0, ,168310, ,0.02, ,15.50, ,90.8, 
2003/8/4,07:00,0.0, ,168310, ,8.89, ,25.60, ,90.8, 
2003/8/4,08:00,0.0, ,168260, ,18.61, ,52.00, ,90.8, 
2003/8/4,09:00,0.0, ,168090, ,9.38, ,59.70, ,90.7, 
2003/8/4,10:00,0.0, ,167930, ,12.31, ,59.60, ,90.6, 
2003/8/4,11:00,0.0, ,167760, ,11.81, ,59.50, ,90.5, 
2003/8/4,12:00,0.0, ,167600, ,15.00, ,59.70, ,90.4, 
2003/8/4,13:00,0.0, ,167430, ,15.60, ,59.70, ,90.3, 
2003/8/4,14:00,0.0, ,167270, ,13.37, ,43.20, ,90.2, 
2003/8/4,15:00,0.0, ,167270, ,12.52, ,0.00, ,90.2, 
2003/8/4,16:00,0.0, ,167270, ,4.38, ,30.50, ,90.2, 
2003/8/4,17:00,0.0, ,167160, ,26.51, ,60.40, ,90.1, 
2003/8/4,18:00,1.0, ,167050, ,14.72, ,60.30, ,90.1, 
2003/8/4,19:00,0.1, ,166830, ,16.77, ,60.30, ,90.0, 
2003/8/4,20:00,0.0, ,166720, ,15.16, ,60.30, ,89.9, 
2003/8/4,21:00,0.1, ,166550, ,13.77, ,60.50, ,89.8, 
2003/8/4,22:00,0.0, ,166390, ,17.17, ,60.90, ,89.7, 
2003/8/4,23:00,0.0, ,166230, ,11.02, ,60.50, ,89.6, 
2003/8/4,24:00,0.0, ,166010, ,11.48, ,60.40, ,89.5, 
2003/8/5,01:00,0.0, ,165840, ,10.52, ,60.50, ,89.4, 
2003/8/5,02:00,0.0, ,165620, ,5.23, ,35.10, ,89.3, 
2003/8/5,03:00,0.0, ,165570, ,4.76, ,18.70, ,89.2, 
2003/8/5,04:00,0.0, ,165510, ,10.04, ,6.30, ,89.2, 
2003/8/5,05:00,0.0, ,165510, ,1.13, ,0.00, ,89.2, 
2003/8/5,06:00,0.0, ,165570, ,0.93, ,15.60, ,89.2, 
2003/8/5,07:00,0.0, ,165510, ,22.49, ,33.80, ,89.2, 
2003/8/5,08:00,0.0, ,165460, ,8.51, ,54.90, ,89.2, 
2003/8/5,09:00,0.0, ,165240, ,6.10, ,59.30, ,89.0, 
2003/8/5,10:00,0.0, ,165080, ,13.67, ,38.20, ,88.9, 
2003/8/5,11:00,0.0, ,165020, ,14.89, ,40.80, ,88.9, 
2003/8/5,12:00,0.0, ,164910, ,13.68, ,29.70, ,88.8, 
2003/8/5,13:00,0.0, ,164810, ,13.42, ,59.30, ,88.8, 
2003/8/5,14:00,0.0, ,164700, ,13.56, ,59.30, ,88.7, 
2003/8/5,15:00,2.9, ,164530, ,16.31, ,59.10, ,88.6, 
2003/8/5,16:00,0.1, ,164370, ,14.56, ,59.30, ,88.5, 
2003/8/5,17:00,0.4, ,164210, ,16.74, ,59.20, ,88.4, 
2003/8/5,18:00,0.1, ,164040, ,17.35, ,59.50, ,88.3, 
2003/8/5,19:00,0.0, ,163880, ,13.13, ,59.80, ,88.2, 
2003/8/5,20:00,0.0, ,163720, ,17.91, ,59.50, ,88.2, 
2003/8/5,21:00,0.0, ,163610, ,17.95, ,59.40, ,88.1, 
2003/8/5,22:00,0.0, ,163450, ,16.49, ,32.30, ,88.0, 
2003/8/5,23:00,0.0, ,163390, ,15.69, ,31.90, ,88.0, 
2003/8/5,24:00,0.0, ,163290, ,11.53, ,53.00, ,87.9, 
2003/8/6,01:00,0.0, ,163120, ,10.63, ,61.10, ,87.8, 
2003/8/6,02:00,0.0, ,162910, ,10.52, ,60.90, ,87.7, 
2003/8/6,03:00,0.0, ,162740, ,7.51, ,36.70, ,87.6, 
2003/8/6,04:00,0.0, ,162640, ,9.06, ,28.20, ,87.5, 
2003/8/6,05:00,0.0, ,162580, ,4.57, ,28.10, ,87.5, 
2003/8/6,06:00,0.0, ,162530, ,9.86, ,28.30, ,87.5, 
2003/8/6,07:00,0.0, ,162470, ,14.30, ,22.50, ,87.4, 
2003/8/6,08:00,0.0, ,162420, ,5.79, ,18.80, ,87.4, 
2003/8/6,09:00,0.0, ,162370, ,8.46, ,18.70, ,87.4, 
2003/8/6,10:00,0.0, ,162310, ,11.30, ,18.80, ,87.3, 
2003/8/6,11:00,0.0, ,162310, ,5.37, ,18.70, ,87.3, 
2003/8/6,12:00,0.0, ,162310, ,18.72, ,18.80, ,87.3, 
2003/8/6,13:00,0.0, ,162310, ,18.77, ,18.60, ,87.3, 
2003/8/6,14:00,0.0, ,162260, ,9.94, ,18.70, ,87.3, 
2003/8/6,15:00,0.3, ,162260, ,12.56, ,28.50, ,87.3, 
2003/8/6,16:00,0.0, ,162200, ,16.32, ,30.60, ,87.3, 
2003/8/6,17:00,0.0, ,162040, ,12.05, ,59.20, ,87.2, 
2003/8/6,18:00,0.0, ,161880, ,17.28, ,60.10, ,87.1, 
2003/8/6,19:00,0.0, ,161720, ,12.87, ,60.40, ,87.0, 
2003/8/6,20:00,0.0, ,161560, ,18.15, ,61.20, ,86.9, 
2003/8/6,21:00,0.0, ,161400, ,12.46, ,61.50, ,86.8, 
2003/8/6,22:00,0.0, ,161180, ,12.75, ,57.40, ,86.7, 
2003/8/6,23:00,0.1, ,161070, ,16.78, ,29.90, ,86.6, 
2003/8/6,24:00,0.1, ,161020, ,12.97, ,20.80, ,86.6, 
2003/8/7,01:00,0.0, ,160970, ,17.91, ,18.90, ,86.6, 
2003/8/7,02:00,0.0, ,160970, ,9.35, ,18.60, ,86.6, 
2003/8/7,03:00,0.1, ,160970, ,18.77, ,18.60, ,86.6, 
2003/8/7,04:00,0.5, ,160970, ,18.76, ,18.80, ,86.6, 
2003/8/7,05:00,0.1, ,160970, ,18.77, ,18.80, ,86.6, 
2003/8/7,06:00,0.2, ,160910, ,11.17, ,18.80, ,86.5, 
2003/8/7,07:00,0.3, ,160910, ,11.47, ,18.80, ,86.5, 
2003/8/7,08:00,0.0, ,160910, ,19.69, ,31.00, ,86.5, 
2003/8/7,09:00,0.0, ,160860, ,18.09, ,59.80, ,86.5, 
2003/8/7,10:00,0.0, ,160700, ,11.93, ,60.10, ,86.4, 
2003/8/7,11:00,0.0, ,160480, ,15.80, ,60.00, ,86.3, 
2003/8/7,12:00,0.7, ,160380, ,14.24, ,60.00, ,86.2, 
2003/8/7,13:00,3.2, ,160220, ,19.78, ,59.90, ,86.1, 
2003/8/7,14:00,0.6, ,160050, ,17.35, ,60.00, ,86.0, 
2003/8/7,15:00,0.1, ,159890, ,16.66, ,59.90, ,85.9, 
2003/8/7,16:00,0.0, ,159730, ,17.75, ,60.20, ,85.8, 
2003/8/7,17:00,0.6, ,159570, ,11.96, ,60.40, ,85.8, 
2003/8/7,18:00,0.7, ,159410, ,16.24, ,60.20, ,85.7, 
2003/8/7,19:00,1.9, ,159310, ,19.44, ,60.20, ,85.6, 
2003/8/7,20:00,1.9, ,159140, ,23.90, ,60.30, ,85.5, 
2003/8/7,21:00,8.9, ,159040, ,29.24, ,60.00, ,85.5, 
2003/8/7,22:00,8.7, ,158880, ,18.34, ,61.40, ,85.4, 
2003/8/7,23:00,1.2, ,158720, ,26.41, ,61.50, ,85.3, 
2003/8/7,24:00,0.6, ,158610, ,18.26, ,62.00, ,86.1, 
2003/8/8,01:00,3.9, ,158450, ,20.22, ,61.70, ,86.0, 
2003/8/8,02:00,12.1, ,158400, ,32.91, ,61.90, ,86.0, 
2003/8/8,03:00,11.6, ,158400, ,56.03, ,61.80, ,86.0, 
2003/8/8,04:00,4.4, ,158720, ,136.10, ,61.90, ,86.2, 
2003/8/8,05:00,7.5, ,159250, ,184.50, ,61.60, ,86.5, 
2003/8/8,06:00,11.1, ,159730, ,208.38, ,61.70, ,86.8, 
2003/8/8,07:00,9.0, ,160430, ,244.69, ,61.50, ,87.2, 
2003/8/8,08:00,8.0, ,161070, ,259.37, ,61.40, ,87.5, 
2003/8/8,09:00,6.1, ,161880, ,290.71, ,61.30, ,88.0, 
2003/8/8,10:00,2.0, ,162800, ,328.27, ,61.10, ,88.5, 
2003/8/8,11:00,3.6, ,163560, ,269.76, ,61.20, ,89.0, 
2003/8/8,12:00,10.2, ,164150, ,219.30, ,61.00, ,89.3, 
2003/8/8,13:00,10.5, ,164700, ,211.92, ,61.10, ,89.6, 
2003/8/8,14:00,4.3, ,165300, ,220.27, ,60.80, ,90.0, 
2003/8/8,15:00,11.7, ,166120, ,292.41, ,60.40, ,90.5, 
2003/8/8,16:00,9.5, ,167320, ,395.78, ,60.50, ,91.2, 
2003/8/8,17:00,10.6, ,169200, ,593.82, ,60.00, ,92.2, 
2003/8/8,18:00,8.2, ,171530, ,709.41, ,59.80, ,93.6, 
2003/8/8,19:00,4.5, ,173990, ,749.84, ,67.98, ,95.0, 
2003/8/8,20:00,2.3, ,176190, ,689.40, ,83.64, ,96.3, 
2003/8/8,21:00,2.6, ,177950, ,580.27, ,90.24, ,97.3, 
2003/8/8,22:00,1.8, ,179260, ,459.67, ,94.06, ,98.1, 
2003/8/8,23:00,5.0, ,180410, ,403.64, ,96.92, ,98.7, 
2003/8/8,24:00,12.5, ,181500, ,371.74, ,62.08, ,100.0, 
2003/8/9,01:00,13.8, ,182820, ,425.15, ,62.14, ,100.0, 
2003/8/9,02:00,12.9, ,184850, ,627.43, ,62.40, ,100.0, 
2003/8/9,03:00,11.9, ,186960, ,713.69, ,209.02, ,100.0, 
2003/8/9,04:00,14.8, ,188600, ,798.89, ,362.78, ,100.0, 
2003/8/9,05:00,11.1, ,190360, ,844.33, ,381.54, ,100.0, 
2003/8/9,06:00,6.3, ,191840, ,953.06, ,727.40, ,100.0, 
2003/8/9,07:00,4.0, ,192200, ,869.42, ,781.00, ,100.0, 
2003/8/9,08:00,2.2, ,192140, ,745.53, ,676.78, ,100.0, 
2003/8/9,09:00,0.1, ,192550, ,661.86, ,451.58, ,100.0, 
2003/8/9,10:00,0.0, ,193030, ,550.22, ,457.58, ,100.0, 
2003/8/9,11:00,0.0, ,193090, ,498.79, ,457.96, ,100.0, 
2003/8/9,12:00,0.1, ,193270, ,391.35, ,349.28, ,100.0, 
2003/8/9,13:00,0.2, ,193450, ,359.13, ,229.46, ,100.0, 
2003/8/9,14:00,0.3, ,193690, ,331.93, ,230.52, ,100.0, 
2003/8/9,15:00,0.9, ,193920, ,278.06, ,231.68, ,100.0, 
2003/8/9,16:00,0.3, ,194100, ,246.28, ,179.32, ,100.0, 
2003/8/9,17:00,0.1, ,194280, ,244.31, ,179.78, ,100.0, 
2003/8/9,18:00,0.0, ,194520, ,231.94, ,151.12, ,100.0, 
2003/8/9,19:00,0.0, ,194760, ,209.67, ,151.76, ,100.0, 
2003/8/9,20:00,0.0, ,194940, ,205.45, ,151.86, ,100.0, 
2003/8/9,21:00,0.0, ,195060, ,184.65, ,152.34, ,100.0, 
2003/8/9,22:00,0.0, ,195180, ,177.16, ,152.30, ,100.0, 
2003/8/9,23:00,0.0, ,195240, ,179.34, ,152.44, ,100.0, 
2003/8/9,24:00,0.0, ,195240, ,152.57, ,152.44, ,100.0, 
2003/8/10,01:00,0.0, ,195360, ,151.06, ,129.58, ,100.0, 
2003/8/10,02:00,0.0, ,195480, ,152.62, ,129.86, ,100.0, 
2003/8/10,03:00,0.0, ,195480, ,129.91, ,130.16, ,100.0, 
2003/8/10,04:00,0.0, ,195600, ,131.06, ,109.72, ,100.0, 
2003/8/10,05:00,0.0, ,195660, ,134.19, ,109.90, ,100.0, 
2003/8/10,06:00,0.2, ,195720, ,123.66, ,109.76, ,100.0, 
2003/8/10,07:00,0.0, ,195780, ,113.48, ,99.98, ,100.0, 
2003/8/10,08:00,0.0, ,195900, ,110.24, ,84.32, ,100.0, 
2003/8/10,09:00,0.0, ,196020, ,105.36, ,84.30, ,100.0, 
2003/8/10,10:00,0.0, ,196080, ,109.61, ,84.42, ,100.0, 
2003/8/10,11:00,0.0, ,196140, ,104.85, ,84.26, ,100.0, 
2003/8/10,12:00,0.0, ,196200, ,116.43, ,84.10, ,100.0, 
2003/8/10,13:00,0.0, ,196260, ,108.28, ,84.34, ,100.0, 
2003/8/10,14:00,0.0, ,196260, ,84.34, ,84.74, ,100.0, 
2003/8/10,15:00,0.0, ,196320, ,97.68, ,84.26, ,100.0, 
2003/8/10,16:00,0.0, ,196320, ,84.35, ,84.16, ,100.0, 
2003/8/10,17:00,0.0, ,196380, ,109.50, ,84.40, ,100.0, 
2003/8/10,18:00,0.0, ,196380, ,84.37, ,84.20, ,100.0, 
2003/8/10,19:00,0.0, ,196380, ,84.39, ,84.70, ,100.0, 
2003/8/10,20:00,0.0, ,196380, ,84.39, ,84.30, ,100.0, 
2003/8/10,21:00,0.0, ,196380, ,84.43, ,84.40, ,100.0, 
2003/8/10,22:00,0.0, ,196380, ,84.40, ,84.60, ,100.0, 
2003/8/10,23:00,0.0, ,196320, ,75.18, ,84.46, ,100.0, 
2003/8/10,24:00,0.0, ,196320, ,74.15, ,73.68, ,100.0, 
2003/8/11,01:00,0.0, ,196260, ,53.36, ,59.48, ,100.0, 
2003/8/11,02:00,0.0, ,196260, ,59.38, ,59.28, ,100.0, 
2003/8/11,03:00,0.0, ,196260, ,59.41, ,59.48, ,100.0, 
2003/8/11,04:00,0.0, ,196260, ,59.43, ,59.38, ,100.0, 
2003/8/11,05:00,0.0, ,196260, ,59.41, ,59.38, ,100.0, 
2003/8/11,06:00,0.0, ,196260, ,59.38, ,59.68, ,100.0, 
2003/8/11,07:00,0.0, ,196260, ,59.44, ,59.18, ,100.0, 
2003/8/11,08:00,0.0, ,196260, ,59.36, ,59.28, ,100.0, 
2003/8/11,09:00,0.0, ,196260, ,59.40, ,59.58, ,100.0, 
2003/8/11,10:00,0.0, ,196260, ,59.42, ,59.18, ,100.0, 
2003/8/11,11:00,0.0, ,196260, ,59.41, ,59.38, ,100.0, 
2003/8/11,12:00,0.0, ,196260, ,59.40, ,59.38, ,100.0, 
2003/8/11,13:00,0.0, ,196260, ,59.32, ,59.18, ,100.0, 
2003/8/11,14:00,0.0, ,196200, ,29.78, ,59.48, ,99.9, 
2003/8/11,15:00,0.0, ,196200, ,59.30, ,59.28, ,99.9, 
2003/8/11,16:00,0.0, ,196140, ,40.73, ,59.47, ,99.9, 
2003/8/11,17:00,0.0, ,196140, ,58.92, ,59.27, ,99.9, 
2003/8/11,18:00,0.3, ,196080, ,59.42, ,59.47, ,99.9, 
2003/8/11,19:00,0.0, ,196020, ,43.02, ,59.57, ,99.8, 
2003/8/11,20:00,0.0, ,195960, ,37.94, ,59.36, ,99.8, 
2003/8/11,21:00,0.0, ,195900, ,38.10, ,59.46, ,99.8, 
2003/8/11,22:00,0.5, ,195840, ,47.42, ,59.35, ,99.7, 
2003/8/11,23:00,1.3, ,195780, ,37.03, ,59.35, ,99.7, 
2003/8/11,24:00,0.5, ,195720, ,31.36, ,59.55, ,100.0, 
2003/8/12,01:00,0.3, ,195660, ,43.74, ,59.54, ,100.0, 
2003/8/12,02:00,0.1, ,195600, ,27.57, ,59.44, ,99.9, 
2003/8/12,03:00,2.2, ,195540, ,36.74, ,59.74, ,99.9, 
2003/8/12,04:00,2.0, ,195480, ,34.27, ,59.33, ,99.9, 
2003/8/12,05:00,0.1, ,195420, ,42.35, ,59.53, ,99.8, 
2003/8/12,06:00,0.5, ,195300, ,42.63, ,59.82, ,99.8, 
2003/8/12,07:00,0.2, ,195240, ,38.04, ,59.62, ,99.7, 
2003/8/12,08:00,0.3, ,195180, ,29.25, ,59.71, ,99.7, 
2003/8/12,09:00,0.7, ,195120, ,33.07, ,56.70, ,99.7, 
2003/8/12,10:00,0.0, ,195000, ,38.22, ,56.70, ,99.6, 
2003/8/12,11:00,0.0, ,194940, ,40.20, ,56.20, ,99.5, 
2003/8/12,12:00,0.0, ,194880, ,35.26, ,56.40, ,99.5, 
2003/8/12,13:00,0.0, ,194820, ,37.03, ,56.30, ,99.5, 
2003/8/12,14:00,0.0, ,194760, ,37.81, ,56.40, ,99.4, 
2003/8/12,15:00,0.0, ,194640, ,29.65, ,56.30, ,99.4, 
2003/8/12,16:00,0.0, ,194580, ,42.02, ,56.60, ,99.3, 
2003/8/12,17:00,0.0, ,194520, ,35.57, ,56.80, ,99.3, 
2003/8/12,18:00,0.0, ,194460, ,41.89, ,56.90, ,99.3, 
2003/8/12,19:00,0.0, ,194400, ,35.39, ,56.50, ,99.2, 
2003/8/12,20:00,0.0, ,194340, ,35.54, ,56.40, ,99.2, 
2003/8/12,21:00,0.0, ,194280, ,41.70, ,56.60, ,99.2, 
2003/8/12,22:00,0.0, ,194160, ,29.98, ,56.50, ,99.1, 
2003/8/12,23:00,0.0, ,194100, ,35.45, ,56.60, ,99.1, 
2003/8/12,24:00,0.0, ,194040, ,40.08, ,56.50, ,100.0, 
2003/8/13,01:00,0.0, ,193920, ,32.03, ,56.40, ,99.9, 
2003/8/13,02:00,0.0, ,193860, ,31.93, ,56.90, ,99.9, 
2003/8/13,03:00,0.0, ,193800, ,35.41, ,57.00, ,99.9, 
2003/8/13,04:00,0.0, ,193690, ,37.36, ,56.40, ,99.8, 
2003/8/13,05:00,0.0, ,193630, ,31.66, ,56.40, ,99.8, 
2003/8/13,06:00,0.0, ,193510, ,32.18, ,56.80, ,99.7, 
2003/8/13,07:00,0.0, ,193450, ,32.24, ,56.60, ,99.7, 
2003/8/13,08:00,0.0, ,193390, ,35.98, ,56.40, ,99.6, 
2003/8/13,09:00,0.0, ,193270, ,27.76, ,56.40, ,99.6, 
2003/8/13,10:00,0.0, ,193210, ,34.62, ,56.40, ,99.5, 
2003/8/13,11:00,0.0, ,193090, ,32.54, ,56.70, ,99.5, 
2003/8/13,12:00,0.0, ,193030, ,33.80, ,56.80, ,99.4, 
2003/8/13,13:00,0.0, ,192910, ,29.46, ,56.80, ,99.3, 
2003/8/13,14:00,0.0, ,192850, ,32.70, ,56.90, ,99.3, 
2003/8/13,15:00,0.0, ,192730, ,27.76, ,56.60, ,99.2, 
2003/8/13,16:00,0.0, ,192610, ,32.60, ,56.90, ,99.2, 
2003/8/13,17:00,0.0, ,192550, ,30.31, ,56.60, ,99.1, 
2003/8/13,18:00,0.0, ,192440, ,31.58, ,56.90, ,99.1, 
2003/8/13,19:00,0.0, ,192380, ,31.68, ,56.90, ,99.0, 
2003/8/13,20:00,0.0, ,192260, ,30.52, ,56.90, ,99.0, 
2003/8/13,21:00,0.3, ,192200, ,31.62, ,56.80, ,98.9, 
2003/8/13,22:00,0.2, ,192080, ,27.15, ,56.70, ,98.9, 
2003/8/13,23:00,0.2, ,191960, ,30.10, ,56.90, ,98.8, 
2003/8/13,24:00,0.0, ,191840, ,30.04, ,56.80, ,100.0, 
2003/8/14,01:00,0.4, ,191780, ,27.35, ,56.90, ,100.0, 
2003/8/14,02:00,0.9, ,191660, ,32.40, ,57.00, ,99.9, 
2003/8/14,03:00,0.6, ,191610, ,29.82, ,56.80, ,99.9, 
2003/8/14,04:00,0.9, ,191490, ,28.72, ,56.90, ,99.8, 
2003/8/14,05:00,1.3, ,191370, ,31.31, ,56.90, ,99.7, 
2003/8/14,06:00,3.4, ,191310, ,31.15, ,56.80, ,99.7, 
2003/8/14,07:00,3.0, ,191190, ,35.91, ,56.70, ,99.6, 
2003/8/14,08:00,2.2, ,191130, ,35.30, ,56.80, ,99.6, 
2003/8/14,09:00,7.0, ,191130, ,42.12, ,57.00, ,99.6, 
2003/8/14,10:00,8.8, ,191070, ,46.25, ,57.00, ,99.6, 
2003/8/14,11:00,6.1, ,191070, ,51.27, ,57.00, ,99.6, 
2003/8/14,12:00,13.9, ,191070, ,57.02, ,56.90, ,99.6, 
2003/8/14,13:00,14.1, ,191310, ,113.27, ,56.70, ,99.7, 
2003/8/14,14:00,12.5, ,191780, ,190.59, ,59.69, ,100.0, 
2003/8/14,15:00,20.6, ,192730, ,323.24, ,101.30, ,100.0, 
2003/8/14,16:00,10.8, ,194220, ,536.97, ,166.94, ,100.0, 
2003/8/14,17:00,5.9, ,195840, ,750.08, ,428.72, ,100.0, 
2003/8/14,18:00,1.4, ,196080, ,717.03, ,699.46, ,100.0, 
2003/8/14,19:00,0.9, ,195900, ,540.58, ,449.30, ,100.0, 
2003/8/14,20:00,0.6, ,195840, ,397.93, ,389.14, ,100.0, 
2003/8/14,21:00,0.4, ,195960, ,325.30, ,298.76, ,100.0, 
2003/8/14,22:00,0.5, ,196020, ,301.55, ,269.52, ,100.0, 
2003/8/14,23:00,2.1, ,195960, ,256.01, ,249.22, ,100.0, 
2003/8/14,24:00,1.7, ,196020, ,222.17, ,200.42, ,100.0, 
2003/8/15,01:00,0.7, ,196020, ,200.73, ,200.62, ,100.0, 
2003/8/15,02:00,1.4, ,196140, ,206.40, ,180.56, ,100.0, 
2003/8/15,03:00,0.2, ,196200, ,202.43, ,180.52, ,100.0, 
2003/8/15,04:00,1.9, ,196200, ,180.65, ,180.62, ,100.0, 
2003/8/15,05:00,1.6, ,196260, ,195.30, ,181.08, ,100.0, 
2003/8/15,06:00,0.3, ,196260, ,180.75, ,180.78, ,100.0, 
2003/8/15,07:00,0.1, ,196260, ,180.75, ,180.98, ,100.0, 
2003/8/15,08:00,0.0, ,196200, ,168.10, ,164.44, ,100.0, 
2003/8/15,09:00,0.0, ,196140, ,152.56, ,164.18, ,100.0, 
2003/8/15,10:00,0.0, ,196140, ,148.27, ,143.14, ,100.0, 
2003/8/15,11:00,0.0, ,196140, ,143.36, ,143.64, ,100.0, 
2003/8/15,12:00,0.0, ,196140, ,143.34, ,143.34, ,100.0, 
2003/8/15,13:00,0.0, ,196140, ,143.39, ,143.14, ,100.0, 
2003/8/15,14:00,0.0, ,196140, ,143.35, ,143.14, ,100.0, 
2003/8/15,15:00,0.0, ,196080, ,103.47, ,111.24, ,100.0, 
2003/8/15,16:00,0.0, ,196140, ,126.00, ,111.42, ,100.0, 
2003/8/15,17:00,0.0, ,196140, ,111.44, ,111.22, ,100.0, 
2003/8/15,18:00,0.0, ,196140, ,111.50, ,111.02, ,100.0, 
2003/8/15,19:00,0.0, ,196140, ,111.48, ,111.82, ,100.0, 
2003/8/15,20:00,0.0, ,196140, ,111.44, ,111.22, ,100.0, 
2003/8/15,21:00,0.0, ,196080, ,81.74, ,94.84, ,100.0, 
2003/8/15,22:00,0.0, ,196080, ,95.01, ,95.04, ,100.0, 
2003/8/15,23:00,0.0, ,196020, ,65.95, ,70.14, ,100.0, 
2003/8/15,24:00,0.0, ,196020, ,69.76, ,70.24, ,100.0, 
2003/8/16,01:00,0.0, ,196080, ,72.71, ,59.27, ,100.0, 
2003/8/16,02:00,0.0, ,196140, ,78.02, ,59.17, ,100.0, 
2003/8/16,03:00,0.0, ,196200, ,87.90, ,59.38, ,100.0, 
2003/8/16,04:00,0.0, ,196200, ,59.40, ,59.48, ,100.0, 
2003/8/16,05:00,0.0, ,196260, ,91.58, ,59.48, ,100.0, 
2003/8/16,06:00,0.0, ,196260, ,59.43, ,59.78, ,100.0, 
2003/8/16,07:00,0.0, ,196260, ,59.40, ,59.08, ,100.0, 
2003/8/16,08:00,0.0, ,196260, ,59.39, ,59.68, ,100.0, 
2003/8/16,09:00,0.0, ,196260, ,59.49, ,59.48, ,100.0, 
2003/8/16,10:00,0.0, ,196320, ,59.45, ,59.38, ,100.0, 
2003/8/16,11:00,0.0, ,196320, ,59.31, ,59.28, ,100.0, 
2003/8/16,12:00,0.0, ,196380, ,65.96, ,59.29, ,100.0, 
2003/8/16,13:00,0.0, ,196380, ,59.36, ,59.59, ,100.0, 
2003/8/16,14:00,0.0, ,196380, ,59.38, ,59.29, ,100.0, 
2003/8/16,15:00,0.0, ,196440, ,79.24, ,59.59, ,100.0, 
2003/8/16,16:00,0.0, ,196440, ,59.24, ,59.49, ,100.0, 
2003/8/16,17:00,0.9, ,196500, ,66.69, ,59.00, ,100.0, 
2003/8/16,18:00,0.9, ,196500, ,63.98, ,68.64, ,100.0, 
2003/8/16,19:00,0.6, ,196500, ,68.60, ,68.64, ,100.0, 
2003/8/16,20:00,0.0, ,196500, ,68.63, ,68.74, ,100.0, 
2003/8/16,21:00,0.5, ,196440, ,63.97, ,68.32, ,100.0, 
2003/8/16,22:00,0.5, ,196440, ,68.63, ,68.52, ,100.0, 
2003/8/16,23:00,1.6, ,196380, ,36.27, ,68.62, ,100.0, 
2003/8/16,24:00,1.3, ,196320, ,45.52, ,68.60, ,100.0, 
2003/8/17,01:00,1.2, ,196260, ,56.46, ,62.46, ,100.0, 
2003/8/17,02:00,1.2, ,196260, ,62.45, ,62.46, ,100.0, 
2003/8/17,03:00,0.0, ,196260, ,62.45, ,62.26, ,100.0, 
2003/8/17,04:00,0.1, ,196200, ,56.10, ,59.18, ,100.0, 
2003/8/17,05:00,0.1, ,196140, ,51.87, ,59.27, ,100.0, 
2003/8/17,06:00,0.0, ,196140, ,59.41, ,59.17, ,100.0, 
2003/8/17,07:00,0.9, ,196080, ,33.54, ,59.57, ,100.0, 
2003/8/17,08:00,0.8, ,196080, ,59.38, ,59.17, ,100.0, 
2003/8/17,09:00,1.0, ,196020, ,35.08, ,59.77, ,100.0, 
2003/8/17,10:00,2.0, ,196020, ,59.43, ,59.37, ,100.0, 
2003/8/17,11:00,0.6, ,195960, ,31.65, ,59.26, ,100.0, 
2003/8/17,12:00,1.0, ,195900, ,37.29, ,59.46, ,100.0, 
2003/8/17,13:00,2.3, ,195900, ,59.43, ,59.66, ,100.0, 
2003/8/17,14:00,4.5, ,195840, ,57.25, ,59.45, ,100.0, 
2003/8/17,15:00,4.0, ,195840, ,59.42, ,59.15, ,100.0, 
2003/8/17,16:00,1.2, ,195840, ,59.44, ,59.45, ,100.0, 
2003/8/17,17:00,0.8, ,195960, ,102.50, ,59.26, ,100.0, 
2003/8/17,18:00,0.7, ,196140, ,142.91, ,103.14, ,100.0, 
2003/8/17,19:00,0.4, ,196260, ,115.08, ,103.36, ,100.0, 
2003/8/17,20:00,0.6, ,196260, ,103.32, ,103.66, ,100.0, 
2003/8/17,21:00,2.5, ,196320, ,127.08, ,103.22, ,100.0, 
2003/8/17,22:00,2.4, ,196440, ,115.49, ,82.72, ,100.0, 
2003/8/17,23:00,0.0, ,196500, ,120.22, ,97.66, ,100.0, 
2003/8/17,24:00,0.0, ,196560, ,112.23, ,97.62, ,100.0, 
2003/8/18,01:00,0.0, ,196560, ,97.76, ,97.72, ,100.0, 
2003/8/18,02:00,0.0, ,196620, ,104.42, ,97.66, ,100.0, 
2003/8/18,03:00,0.0, ,196620, ,97.73, ,97.96, ,100.0, 
2003/8/18,04:00,0.0, ,196620, ,97.74, ,97.86, ,100.0, 
2003/8/18,05:00,0.0, ,196560, ,68.92, ,86.92, ,100.0, 
2003/8/18,06:00,0.2, ,196500, ,68.64, ,72.42, ,100.0, 
2003/8/18,07:00,0.0, ,196500, ,72.31, ,72.52, ,100.0, 
2003/8/18,08:00,0.0, ,196500, ,72.35, ,72.22, ,100.0, 
2003/8/18,09:00,0.0, ,196500, ,72.27, ,72.62, ,100.0, 
2003/8/18,10:00,0.0, ,196500, ,72.24, ,72.42, ,100.0, 
2003/8/18,11:00,0.0, ,196500, ,70.81, ,72.22, ,100.0, 
2003/8/18,12:00,0.0, ,196500, ,72.30, ,72.42, ,100.0, 
2003/8/18,13:00,0.0, ,196500, ,72.35, ,72.22, ,100.0, 
2003/8/18,14:00,0.1, ,196440, ,54.69, ,72.20, ,100.0, 
2003/8/18,15:00,0.9, ,196380, ,40.40, ,62.38, ,100.0, 
2003/8/18,16:00,0.3, ,196380, ,62.57, ,62.28, ,100.0, 
2003/8/18,17:00,0.0, ,196380, ,62.38, ,62.48, ,100.0, 
2003/8/18,18:00,0.0, ,196380, ,62.45, ,62.38, ,100.0, 
2003/8/18,19:00,0.0, ,196380, ,62.47, ,62.28, ,100.0, 
2003/8/18,20:00,0.1, ,196380, ,62.43, ,62.48, ,100.0, 
2003/8/18,21:00,0.0, ,196380, ,62.43, ,62.58, ,100.0, 
2003/8/18,22:00,0.0, ,196380, ,62.47, ,62.48, ,100.0, 
2003/8/18,23:00,0.0, ,196380, ,62.48, ,62.38, ,100.0, 
2003/8/18,24:00,0.0, ,196380, ,62.46, ,62.48, ,100.0, 
2003/8/19,01:00,0.0, ,196380, ,62.51, ,62.28, ,100.0, 
2003/8/19,02:00,0.0, ,196320, ,61.70, ,62.16, ,100.0, 
2003/8/19,03:00,0.0, ,196260, ,38.94, ,59.38, ,100.0, 
2003/8/19,04:00,0.0, ,196260, ,59.38, ,59.68, ,100.0, 
2003/8/19,05:00,0.0, ,196200, ,52.64, ,56.20, ,100.0, 
2003/8/19,06:00,0.0, ,196200, ,56.36, ,56.60, ,100.0, 
2003/8/19,07:00,0.2, ,196140, ,55.61, ,56.60, ,100.0, 
2003/8/19,08:00,0.0, ,196080, ,39.50, ,56.20, ,100.0, 
2003/8/19,09:00,0.0, ,196080, ,43.79, ,56.20, ,100.0, 
2003/8/19,10:00,0.0, ,196020, ,42.32, ,56.40, ,100.0, 
2003/8/19,11:00,0.0, ,195960, ,46.71, ,56.20, ,100.0, 
2003/8/19,12:00,0.0, ,195960, ,46.32, ,56.40, ,100.0, 
2003/8/19,13:00,0.0, ,195900, ,41.85, ,56.20, ,100.0, 
2003/8/19,14:00,0.0, ,195840, ,41.04, ,56.40, ,100.0, 
2003/8/19,15:00,0.0, ,195780, ,41.53, ,56.10, ,100.0, 
2003/8/19,16:00,0.0, ,195720, ,39.55, ,56.30, ,100.0, 
2003/8/19,17:00,0.0, ,195660, ,38.85, ,56.20, ,100.0, 
2003/8/19,18:00,0.0, ,195600, ,41.38, ,56.30, ,100.0, 
2003/8/19,19:00,0.0, ,195540, ,36.64, ,56.10, ,100.0, 
2003/8/19,20:00,0.0, ,195480, ,40.32, ,56.60, ,100.0, 
2003/8/19,21:00,0.0, ,195420, ,41.88, ,56.50, ,100.0, 
2003/8/19,22:00,0.0, ,195360, ,36.06, ,56.20, ,100.0, 
2003/8/19,23:00,0.0, ,195240, ,39.20, ,56.40, ,100.0, 
2003/8/19,24:00,0.0, ,195180, ,37.26, ,56.50, ,100.0, 
2003/8/20,01:00,0.0, ,195120, ,35.90, ,56.60, ,100.0, 
2003/8/20,02:00,0.0, ,195060, ,35.39, ,56.70, ,100.0, 
2003/8/20,03:00,0.0, ,195000, ,40.10, ,56.50, ,100.0, 
2003/8/20,04:00,0.0, ,194880, ,34.35, ,56.30, ,100.0, 
2003/8/20,05:00,0.0, ,194820, ,33.22, ,56.60, ,100.0, 
2003/8/20,06:00,0.0, ,194760, ,38.68, ,56.70, ,100.0, 
2003/8/20,07:00,0.0, ,194700, ,35.64, ,56.60, ,100.0, 
2003/8/20,08:00,0.0, ,194580, ,33.05, ,56.70, ,100.0, 
2003/8/20,09:00,0.0, ,194520, ,38.56, ,56.30, ,100.0, 
2003/8/20,10:00,0.0, ,194460, ,37.73, ,56.50, ,100.0, 
2003/8/20,11:00,0.0, ,194400, ,38.80, ,56.50, ,100.0, 
2003/8/20,12:00,0.0, ,194340, ,37.87, ,56.40, ,100.0, 
2003/8/20,13:00,0.0, ,194280, ,39.33, ,56.70, ,100.0, 
2003/8/20,14:00,0.0, ,194160, ,33.98, ,56.60, ,100.0, 
2003/8/20,15:00,0.0, ,194100, ,33.35, ,56.40, ,100.0, 
2003/8/20,16:00,0.0, ,194040, ,36.74, ,56.50, ,100.0, 
2003/8/20,17:00,0.0, ,193920, ,32.34, ,56.50, ,100.0, 
2003/8/20,18:00,0.0, ,193860, ,30.92, ,56.40, ,100.0, 
2003/8/20,19:00,0.0, ,193750, ,30.80, ,56.70, ,100.0, 
2003/8/20,20:00,0.0, ,193690, ,32.14, ,56.30, ,100.0, 
2003/8/20,21:00,0.0, ,193570, ,28.58, ,56.70, ,100.0, 
2003/8/20,22:00,0.0, ,193510, ,32.14, ,56.70, ,100.0, 
2003/8/20,23:00,0.0, ,193390, ,28.43, ,56.60, ,100.0, 
2003/8/20,24:00,0.0, ,193270, ,32.42, ,56.60, ,100.0, 
2003/8/21,01:00,0.0, ,193210, ,29.22, ,56.80, ,100.0, 
2003/8/21,02:00,0.0, ,193090, ,29.19, ,56.30, ,100.0, 
2003/8/21,03:00,0.0, ,192970, ,31.04, ,56.50, ,100.0, 
2003/8/21,04:00,0.0, ,192910, ,27.38, ,56.70, ,100.0, 
2003/8/21,05:00,0.0, ,192790, ,30.50, ,56.60, ,100.0, 
2003/8/21,06:00,0.0, ,192730, ,29.10, ,56.80, ,100.0, 
2003/8/21,07:00,0.0, ,192610, ,27.30, ,56.60, ,100.0, 
2003/8/21,08:00,0.0, ,192500, ,25.41, ,56.80, ,100.0, 
2003/8/21,09:00,0.0, ,192380, ,30.89, ,56.80, ,100.0, 
2003/8/21,10:00,0.0, ,192320, ,29.51, ,56.70, ,100.0, 
2003/8/21,11:00,0.0, ,192200, ,28.52, ,57.10, ,100.0, 
2003/8/21,12:00,0.0, ,192080, ,31.51, ,56.80, ,100.0, 
2003/8/21,13:00,0.0, ,192020, ,29.02, ,56.90, ,100.0, 
2003/8/21,14:00,0.0, ,191900, ,27.04, ,56.80, ,100.0, 
2003/8/21,15:00,0.0, ,191780, ,30.43, ,56.90, ,100.0, 
2003/8/21,16:00,0.0, ,191660, ,24.67, ,56.90, ,100.0, 
2003/8/21,17:00,0.0, ,191550, ,25.08, ,57.00, ,100.0, 
2003/8/21,18:00,0.0, ,191490, ,28.82, ,57.10, ,100.0, 
2003/8/21,19:00,0.0, ,191370, ,27.15, ,56.90, ,100.0, 
2003/8/21,20:00,0.0, ,191250, ,29.00, ,57.00, ,100.0, 
2003/8/21,21:00,0.0, ,191130, ,21.37, ,56.80, ,100.0, 
2003/8/21,22:00,0.0, ,191010, ,28.65, ,57.00, ,100.0, 
2003/8/21,23:00,0.0, ,190900, ,29.03, ,56.90, ,100.0, 
2003/8/21,24:00,0.0, ,190780, ,20.38, ,57.20, ,100.0, 
2003/8/22,01:00,0.0, ,190660, ,28.10, ,57.10, ,100.0, 
2003/8/22,02:00,0.0, ,190600, ,26.53, ,57.20, ,100.0, 
2003/8/22,03:00,0.0, ,190420, ,21.09, ,57.20, ,100.0, 
2003/8/22,04:00,0.0, ,190310, ,22.65, ,57.10, ,100.0, 
2003/8/22,05:00,0.0, ,190190, ,17.29, ,57.20, ,100.0, 
2003/8/22,06:00,0.0, ,190010, ,17.02, ,57.30, ,100.0, 
2003/8/22,07:00,0.0, ,189890, ,16.41, ,57.00, ,100.0, 
2003/8/22,08:00,0.0, ,189720, ,16.74, ,57.50, ,100.0, 
2003/8/22,09:00,0.0, ,189600, ,15.45, ,57.00, ,100.0, 
2003/8/22,10:00,0.0, ,189480, ,23.05, ,57.20, ,100.0, 
2003/8/22,11:00,0.0, ,189360, ,23.43, ,57.10, ,100.0, 
2003/8/22,12:00,0.0, ,189250, ,22.85, ,57.30, ,100.0, 
2003/8/22,13:00,0.0, ,189130, ,25.64, ,57.00, ,100.0, 
2003/8/22,14:00,0.0, ,189010, ,23.10, ,57.10, ,100.0, 
2003/8/22,15:00,0.0, ,188830, ,21.29, ,56.90, ,100.0, 
2003/8/22,16:00,0.0, ,188720, ,24.41, ,57.20, ,100.0, 
2003/8/22,17:00,0.0, ,188600, ,19.96, ,57.30, ,100.0, 
2003/8/22,18:00,0.0, ,188480, ,22.29, ,57.50, ,100.0, 
2003/8/22,19:00,0.0, ,188360, ,21.15, ,57.40, ,100.0, 
2003/8/22,20:00,0.0, ,188190, ,22.15, ,57.20, ,100.0, 
2003/8/22,21:00,0.0, ,188070, ,20.60, ,57.70, ,100.0, 
2003/8/22,22:00,0.0, ,187950, ,21.16, ,57.80, ,100.0, 
2003/8/22,23:00,0.0, ,187830, ,19.27, ,57.60, ,100.0, 
2003/8/22,24:00,0.0, ,187660, ,16.25, ,57.40, ,100.0, 
2003/8/23,01:00,0.0, ,187480, ,15.47, ,57.60, ,100.0, 
2003/8/23,02:00,0.0, ,187370, ,14.64, ,57.40, ,100.0, 
2003/8/23,03:00,0.0, ,187190, ,14.56, ,57.60, ,100.0, 
2003/8/23,04:00,0.0, ,187070, ,15.27, ,57.30, ,100.0, 
2003/8/23,05:00,0.0, ,186900, ,14.44, ,57.60, ,100.0, 
2003/8/23,06:00,0.0, ,186720, ,12.65, ,57.70, ,100.0, 
2003/8/23,07:00,0.0, ,186550, ,15.88, ,57.40, ,100.0, 
2003/8/23,08:00,0.0, ,186430, ,12.57, ,57.60, ,100.0, 
2003/8/23,09:00,0.0, ,186250, ,13.41, ,57.80, ,100.0, 
2003/8/23,10:00,0.0, ,186140, ,20.18, ,57.20, ,100.0, 
2003/8/23,11:00,0.0, ,186020, ,21.25, ,56.50, ,100.0, 
2003/8/23,12:00,0.0, ,185850, ,20.82, ,56.40, ,99.9, 
2003/8/23,13:00,0.0, ,185730, ,20.35, ,56.40, ,99.8, 
2003/8/23,14:00,0.0, ,185610, ,20.62, ,56.50, ,99.8, 
2003/8/23,15:00,0.0, ,185500, ,19.43, ,56.30, ,99.7, 
2003/8/23,16:00,4.4, ,185380, ,17.42, ,56.50, ,99.6, 
2003/8/23,17:00,5.0, ,185440, ,63.87, ,56.20, ,99.7, 
2003/8/23,18:00,0.1, ,185380, ,55.72, ,56.20, ,99.6, 
2003/8/23,19:00,0.0, ,185320, ,37.11, ,56.50, ,99.6, 
2003/8/23,20:00,0.0, ,185260, ,35.33, ,56.30, ,99.5, 
2003/8/23,21:00,0.0, ,185150, ,34.21, ,56.50, ,99.5, 
2003/8/23,22:00,0.0, ,185030, ,26.25, ,56.40, ,99.4, 
2003/8/23,23:00,0.0, ,184910, ,26.15, ,56.30, ,99.3, 
2003/8/23,24:00,0.0, ,184800, ,22.63, ,56.40, ,100.0, 
2003/8/24,01:00,0.0, ,184680, ,21.01, ,56.50, ,100.0, 
2003/8/24,02:00,0.0, ,184510, ,15.45, ,56.20, ,100.0, 
2003/8/24,03:00,0.0, ,184390, ,15.06, ,56.30, ,100.0, 
2003/8/24,04:00,0.0, ,184210, ,16.33, ,56.90, ,99.9, 
2003/8/24,05:00,0.0, ,184100, ,14.71, ,56.60, ,99.8, 
2003/8/24,06:00,0.0, ,183920, ,15.82, ,56.30, ,99.7, 
2003/8/24,07:00,0.0, ,183810, ,16.86, ,56.70, ,99.6, 
2003/8/24,08:00,0.0, ,183630, ,12.56, ,56.40, ,99.5, 
2003/8/24,09:00,0.0, ,183460, ,16.00, ,56.50, ,99.4, 
2003/8/24,10:00,0.0, ,183400, ,20.67, ,46.70, ,99.4, 
2003/8/24,11:00,0.0, ,183290, ,19.32, ,47.20, ,99.3, 
2003/8/24,12:00,0.0, ,183170, ,26.75, ,47.00, ,99.2, 
2003/8/24,13:00,0.0, ,183110, ,18.54, ,47.30, ,99.2, 
2003/8/24,14:00,0.2, ,183000, ,18.77, ,44.50, ,99.1, 
2003/8/24,15:00,0.0, ,182940, ,23.90, ,44.50, ,99.1, 
2003/8/24,16:00,0.0, ,182820, ,21.51, ,56.30, ,99.0, 
2003/8/24,17:00,0.0, ,182710, ,20.53, ,56.70, ,98.9, 
2003/8/24,18:00,0.0, ,182590, ,23.00, ,56.80, ,98.9, 
2003/8/24,19:00,0.0, ,182480, ,18.23, ,56.90, ,98.8, 
2003/8/24,20:00,0.0, ,182300, ,22.74, ,56.50, ,98.7, 
2003/8/24,21:00,0.0, ,182190, ,19.73, ,56.60, ,98.6, 
2003/8/24,22:00,0.0, ,182070, ,18.12, ,57.20, ,98.5, 
2003/8/24,23:00,0.0, ,181900, ,17.07, ,56.90, ,98.4, 
2003/8/24,24:00,0.0, ,181780, ,18.81, ,56.70, ,100.0, 
2003/8/25,01:00,0.0, ,181610, ,15.13, ,56.50, ,99.9, 
2003/8/25,02:00,0.0, ,181440, ,12.87, ,57.10, ,99.8, 
2003/8/25,03:00,0.0, ,181320, ,12.35, ,57.00, ,99.7, 
2003/8/25,04:00,0.0, ,181150, ,14.54, ,34.60, ,99.6, 
2003/8/25,05:00,0.0, ,181090, ,12.63, ,18.30, ,99.6, 
2003/8/25,06:00,0.0, ,181090, ,8.56, ,18.40, ,99.6, 
2003/8/25,07:00,0.0, ,181090, ,18.42, ,18.20, ,99.6, 
2003/8/25,08:00,0.0, ,181040, ,12.99, ,18.40, ,99.5, 
2003/8/25,09:00,0.0, ,181040, ,7.79, ,18.40, ,99.5, 
2003/8/25,10:00,0.0, ,181040, ,18.42, ,18.40, ,99.5, 
2003/8/25,11:00,0.0, ,181040, ,18.29, ,18.50, ,99.5, 
2003/8/25,12:00,0.0, ,181040, ,18.27, ,28.60, ,99.5, 
2003/8/25,13:00,0.0, ,181040, ,25.00, ,51.80, ,99.5, 
2003/8/25,14:00,0.0, ,180920, ,23.42, ,57.60, ,99.5, 
2003/8/25,15:00,0.0, ,180750, ,19.93, ,57.40, ,99.3, 
2003/8/25,16:00,0.0, ,180640, ,19.20, ,57.70, ,99.3, 
2003/8/25,17:00,0.0, ,180460, ,17.60, ,57.50, ,99.2, 
2003/8/25,18:00,0.1, ,180350, ,19.14, ,57.50, ,99.1, 
2003/8/25,19:00,0.8, ,180180, ,20.25, ,57.60, ,99.0, 
2003/8/25,20:00,0.0, ,180060, ,17.50, ,57.80, ,98.9, 
2003/8/25,21:00,0.0, ,179890, ,18.30, ,57.70, ,98.8, 
2003/8/25,22:00,0.2, ,179780, ,20.25, ,58.30, ,98.7, 
2003/8/25,23:00,0.0, ,179660, ,21.96, ,57.70, ,98.6, 
2003/8/25,24:00,0.0, ,179490, ,13.65, ,57.60, ,100.0, 
2003/8/26,01:00,0.0, ,179320, ,11.11, ,58.00, ,99.9, 
2003/8/26,02:00,0.7, ,179150, ,12.71, ,57.80, ,99.8, 
2003/8/26,03:00,0.3, ,178980, ,13.42, ,57.70, ,99.7, 
2003/8/26,04:00,0.0, ,178810, ,10.45, ,57.70, ,99.6, 
2003/8/26,05:00,0.0, ,178630, ,13.19, ,57.20, ,99.4, 
2003/8/26,06:00,0.0, ,178460, ,11.21, ,57.40, ,99.3, 
2003/8/26,07:00,0.0, ,178290, ,10.62, ,57.20, ,99.2, 
2003/8/26,08:00,0.0, ,178180, ,12.45, ,57.50, ,99.2, 
2003/8/26,09:00,0.0, ,178010, ,10.16, ,57.30, ,99.0, 
2003/8/26,10:00,0.0, ,177840, ,13.95, ,57.50, ,98.9, 
2003/8/26,11:00,0.0, ,177670, ,22.53, ,57.20, ,98.8, 
2003/8/26,12:00,0.2, ,177550, ,13.31, ,57.60, ,98.7, 
2003/8/26,13:00,0.0, ,177380, ,22.14, ,57.60, ,98.6, 
2003/8/26,14:00,0.0, ,177270, ,16.26, ,57.50, ,98.6, 
2003/8/26,15:00,0.4, ,177100, ,16.72, ,57.50, ,98.5, 
2003/8/26,16:00,0.0, ,176990, ,19.97, ,57.60, ,98.4, 
2003/8/26,17:00,0.0, ,176870, ,18.19, ,57.40, ,98.3, 
2003/8/26,18:00,0.6, ,176700, ,20.37, ,57.30, ,98.2, 
2003/8/26,19:00,2.7, ,176590, ,18.75, ,57.50, ,98.1, 
2003/8/26,20:00,0.1, ,176420, ,19.47, ,57.70, ,98.0, 
2003/8/26,21:00,0.0, ,176310, ,20.35, ,57.40, ,98.0, 
2003/8/26,22:00,0.0, ,176140, ,15.76, ,57.60, ,97.8, 
2003/8/26,23:00,0.0, ,176020, ,16.10, ,57.50, ,97.8, 
2003/8/26,24:00,0.0, ,175850, ,16.03, ,57.90, ,100.0, 
2003/8/27,01:00,0.0, ,175680, ,14.53, ,57.90, ,99.9, 
2003/8/27,02:00,0.1, ,175510, ,9.63, ,57.90, ,99.8, 
2003/8/27,03:00,0.0, ,175350, ,12.01, ,57.80, ,99.7, 
2003/8/27,04:00,0.1, ,175180, ,12.26, ,57.70, ,99.6, 
2003/8/27,05:00,0.0, ,175010, ,13.38, ,57.70, ,99.5, 
2003/8/27,06:00,0.0, ,174840, ,9.37, ,57.80, ,99.3, 
2003/8/27,07:00,0.0, ,174670, ,11.66, ,58.00, ,99.2, 
2003/8/27,08:00,0.1, ,174500, ,10.60, ,58.10, ,99.1, 
2003/8/27,09:00,0.0, ,174330, ,10.62, ,57.90, ,99.0, 
2003/8/27,10:00,0.0, ,174220, ,14.23, ,57.70, ,98.9, 
2003/8/27,11:00,0.0, ,174050, ,17.43, ,57.70, ,98.8, 
2003/8/27,12:00,0.0, ,173880, ,19.02, ,57.80, ,98.7, 
2003/8/27,13:00,0.0, ,173770, ,17.43, ,58.00, ,98.6, 
2003/8/27,14:00,0.0, ,173600, ,20.28, ,58.00, ,98.5, 
2003/8/27,15:00,0.0, ,173490, ,16.36, ,58.00, ,98.5, 
2003/8/27,16:00,0.0, ,173320, ,17.19, ,57.90, ,98.4, 
2003/8/27,17:00,0.0, ,173210, ,19.58, ,58.20, ,98.3, 
2003/8/27,18:00,0.0, ,173040, ,15.97, ,57.80, ,98.2, 
2003/8/27,19:00,0.0, ,172870, ,16.82, ,58.00, ,98.1, 
2003/8/27,20:00,0.0, ,172760, ,15.76, ,58.00, ,98.0, 
2003/8/27,21:00,0.0, ,172590, ,17.50, ,58.20, ,97.9, 
2003/8/27,22:00,0.0, ,172420, ,16.71, ,58.10, ,97.8, 
2003/8/27,23:00,0.0, ,172260, ,14.30, ,58.20, ,97.7, 
2003/8/27,24:00,0.0, ,172090, ,12.66, ,58.10, ,100.0, 
2003/8/28,01:00,0.0, ,171920, ,11.26, ,57.80, ,99.9, 
2003/8/28,02:00,0.0, ,171750, ,9.56, ,58.10, ,99.8, 
2003/8/28,03:00,0.0, ,171590, ,9.81, ,58.30, ,99.7, 
2003/8/28,04:00,0.0, ,171420, ,10.61, ,58.30, ,99.6, 
2003/8/28,05:00,0.0, ,171250, ,9.74, ,58.00, ,99.4, 
2003/8/28,06:00,0.0, ,171030, ,9.64, ,58.20, ,99.3, 
2003/8/28,07:00,0.0, ,170860, ,10.57, ,58.50, ,99.2, 
2003/8/28,08:00,0.0, ,170700, ,9.62, ,58.40, ,99.1, 
2003/8/28,09:00,0.0, ,170530, ,11.70, ,58.40, ,99.0, 
2003/8/28,10:00,0.0, ,170360, ,10.99, ,58.10, ,98.9, 
2003/8/28,11:00,0.0, ,170250, ,16.14, ,58.60, ,98.8, 
2003/8/28,12:00,0.0, ,170090, ,15.77, ,58.20, ,98.7, 
2003/8/28,13:00,2.1, ,169920, ,17.13, ,58.40, ,98.6, 
2003/8/28,14:00,1.6, ,169750, ,17.18, ,58.40, ,98.5, 
2003/8/28,15:00,0.1, ,169640, ,18.96, ,58.70, ,98.4, 
2003/8/28,16:00,0.2, ,169480, ,16.04, ,58.40, ,98.3, 
2003/8/28,17:00,0.0, ,169310, ,15.08, ,58.60, ,98.2, 
2003/8/28,18:00,0.0, ,169200, ,18.77, ,58.10, ,98.1, 
2003/8/28,19:00,0.0, ,169030, ,18.49, ,58.60, ,98.0, 
2003/8/28,20:00,0.0, ,168870, ,17.85, ,58.40, ,97.9, 
2003/8/28,21:00,0.0, ,168760, ,16.45, ,58.40, ,97.8, 
2003/8/28,22:00,0.0, ,168590, ,14.80, ,58.80, ,97.7, 
2003/8/28,23:00,0.0, ,168420, ,15.50, ,58.40, ,97.6, 
2003/8/28,24:00,0.1, ,168260, ,13.02, ,58.80, ,100.0, 
2003/8/29,01:00,0.0, ,168090, ,13.89, ,59.00, ,99.9, 
2003/8/29,02:00,0.0, ,167870, ,7.45, ,58.70, ,99.7, 
2003/8/29,03:00,0.0, ,167710, ,10.22, ,58.50, ,99.6, 
2003/8/29,04:00,0.0, ,167540, ,9.74, ,58.90, ,99.5, 
2003/8/29,05:00,0.0, ,167380, ,10.87, ,58.90, ,99.4, 
2003/8/29,06:00,0.0, ,167160, ,7.73, ,58.80, ,99.3, 
2003/8/29,07:00,0.0, ,166990, ,9.47, ,59.00, ,99.2, 
2003/8/29,08:00,0.0, ,166830, ,10.02, ,59.00, ,99.0, 
2003/8/29,09:00,0.0, ,166610, ,8.48, ,59.00, ,98.9, 
2003/8/29,10:00,0.0, ,166500, ,11.55, ,58.80, ,98.8, 
2003/8/29,11:00,0.0, ,166330, ,13.83, ,59.10, ,98.7, 
2003/8/29,12:00,0.0, ,166120, ,15.31, ,58.90, ,98.6, 
2003/8/29,13:00,0.0, ,166010, ,13.20, ,59.10, ,98.5, 
2003/8/29,14:00,0.0, ,165840, ,18.16, ,59.50, ,98.4, 
2003/8/29,15:00,0.0, ,165680, ,13.49, ,59.20, ,98.3, 
2003/8/29,16:00,0.0, ,165510, ,16.35, ,59.00, ,98.2, 
2003/8/29,17:00,0.0, ,165350, ,16.37, ,59.20, ,98.1, 
2003/8/29,18:00,0.0, ,165240, ,15.22, ,59.10, ,98.0, 
2003/8/29,19:00,0.0, ,165080, ,18.00, ,59.20, ,97.9, 
2003/8/29,20:00,0.0, ,164910, ,16.87, ,59.20, ,97.8, 
2003/8/29,21:00,0.0, ,164750, ,14.44, ,59.40, ,97.7, 
2003/8/29,22:00,0.0, ,164590, ,14.23, ,59.60, ,97.6, 
2003/8/29,23:00,0.0, ,164420, ,13.38, ,59.40, ,97.4, 
2003/8/29,24:00,0.0, ,164260, ,11.68, ,43.80, ,100.0, 
2003/8/30,01:00,0.0, ,164100, ,10.72, ,42.40, ,99.9, 
2003/8/30,02:00,0.0, ,163990, ,8.35, ,0.00, ,99.8, 
2003/8/30,03:00,0.0, ,163990, ,2.80, ,0.00, ,99.8, 
2003/8/30,04:00,0.0, ,163990, ,0.00, ,0.00, ,99.8, 
2003/8/30,05:00,0.0, ,164040, ,6.41, ,0.00, ,99.9, 
2003/8/30,06:00,0.0, ,164040, ,8.71, ,21.60, ,99.9, 
2003/8/30,07:00,0.0, ,164040, ,16.87, ,32.20, ,99.9, 
2003/8/30,08:00,0.0, ,163940, ,19.34, ,45.80, ,99.8, 
2003/8/30,09:00,0.0, ,163830, ,5.08, ,58.70, ,99.7, 
2003/8/30,10:00,0.0, ,163610, ,13.71, ,59.50, ,99.6, 
2003/8/30,11:00,0.0, ,163500, ,12.73, ,59.40, ,99.5, 
2003/8/30,12:00,0.0, ,163290, ,13.06, ,35.20, ,99.3, 
2003/8/30,13:00,0.0, ,163290, ,10.68, ,59.50, ,99.3, 
2003/8/30,14:00,0.0, ,163120, ,16.25, ,59.70, ,99.2, 
2003/8/30,15:00,0.0, ,162960, ,17.71, ,59.60, ,99.1, 
2003/8/30,16:00,0.0, ,162850, ,18.30, ,59.90, ,99.1, 
2003/8/30,17:00,0.0, ,162640, ,14.90, ,55.60, ,98.9, 
2003/8/30,18:00,0.0, ,162530, ,14.92, ,52.50, ,98.8, 
2003/8/30,19:00,0.0, ,162370, ,14.60, ,52.60, ,98.7, 
2003/8/30,20:00,0.0, ,162260, ,18.08, ,52.30, ,98.7, 
2003/8/30,21:00,0.0, ,162100, ,13.56, ,45.80, ,98.5, 
2003/8/30,22:00,0.0, ,161990, ,13.56, ,45.20, ,98.5, 
2003/8/30,23:00,0.0, ,161880, ,13.68, ,42.50, ,98.4, 
2003/8/30,24:00,0.0, ,161770, ,12.46, ,21.90, ,100.0, 
2003/8/31,01:00,0.0, ,161770, ,6.05, ,0.00, ,100.0, 
2003/8/31,02:00,0.0, ,161770, ,0.01, ,0.00, ,100.0, 
2003/8/31,03:00,0.0, ,161830, ,4.18, ,0.00, ,100.0, 
2003/8/31,04:00,0.0, ,161830, ,10.76, ,0.00, ,100.0, 
2003/8/31,05:00,0.0, ,161830, ,0.00, ,0.00, ,100.0, 
2003/8/31,06:00,0.0, ,161880, ,12.96, ,0.00, ,100.0, 
2003/8/31,07:00,0.0, ,161940, ,7.35, ,16.30, ,100.0, 
2003/8/31,08:00,0.0, ,161940, ,19.47, ,26.30, ,100.0, 
2003/8/31,09:00,0.0, ,161830, ,8.60, ,31.50, ,100.0, 
2003/8/31,10:00,0.0, ,161770, ,15.24, ,31.60, ,100.0, 
2003/8/31,11:00,0.0, ,161720, ,11.43, ,31.60, ,100.0, 
2003/8/31,12:00,0.0, ,161670, ,12.22, ,31.50, ,99.9, 
2003/8/31,13:00,0.0, ,161610, ,18.76, ,59.50, ,99.9, 
2003/8/31,14:00,0.0, ,161400, ,8.47, ,59.80, ,99.7, 
2003/8/31,15:00,0.0, ,161240, ,14.44, ,59.60, ,99.6, 
2003/8/31,16:00,0.0, ,161130, ,15.61, ,59.80, ,99.6, 
2003/8/31,17:00,0.0, ,160910, ,17.69, ,59.80, ,99.4, 
2003/8/31,18:00,0.0, ,160810, ,14.07, ,59.80, ,99.3, 
2003/8/31,19:00,0.0, ,160590, ,13.57, ,59.80, ,99.2, 
2003/8/31,20:00,0.0, ,160480, ,16.12, ,60.00, ,99.1, 
2003/8/31,21:00,0.0, ,160270, ,13.39, ,53.00, ,99.0, 
2003/8/31,22:00,0.0, ,160160, ,13.96, ,21.40, ,98.9, 
2003/8/31,23:00,0.0, ,160110, ,11.50, ,21.10, ,98.9, 
2003/8/31,24:00,0.0, ,160110, ,15.85, ,18.70, ,98.9, 
