îCà”ä˙ä‘É_ÉÄèîó åüçıåãâ 
êÖånñº,ãgñÏêÏ
âÕêÏñº,ãgñÏêÏ
äœë™èäñº,ëÅñæâYÉ_ÉÄÅiã@ç\Åj
äœë™èäãLçÜ,1368080700010
#
#îNåéì˙,éûçè,ó¨àÊïΩãœâJó ,ó¨àÊïΩãœâJó ëÆê´,íôêÖó ,íôêÖó ëÆê´,ó¨ì¸ó ,ó¨ì¸ó ëÆê´,ï˙ó¨ó ,ï˙ó¨ó ëÆê´,íôêÖó¶,íôêÖó¶ëÆê´
#ëÆê´Å@$:åáë™ -:ñ¢éÛêM
#
2008/1/1,01:00,0.0, ,97460, ,3.83, ,0.00, ,68.5, 
2008/1/1,02:00,0.0, ,97460, ,9.20, ,0.00, ,68.5, 
2008/1/1,03:00,0.0, ,97460, ,0.00, ,0.00, ,68.5, 
2008/1/1,04:00,0.0, ,97460, ,0.00, ,0.00, ,68.5, 
2008/1/1,05:00,0.0, ,97500, ,0.19, ,0.00, ,68.5, 
2008/1/1,06:00,0.0, ,97500, ,11.31, ,0.00, ,68.5, 
2008/1/1,07:00,0.0, ,97500, ,0.00, ,0.00, ,68.5, 
2008/1/1,08:00,0.0, ,97500, ,0.00, ,0.00, ,68.5, 
2008/1/1,09:00,0.0, ,97540, ,4.41, ,0.00, ,68.6, 
2008/1/1,10:00,0.0, ,97540, ,7.21, ,6.30, ,68.6, 
2008/1/1,11:00,0.0, ,97460, ,5.63, ,28.30, ,68.5, 
2008/1/1,12:00,0.1, ,97250, ,2.13, ,39.80, ,68.3, 
2008/1/1,13:00,0.4, ,97290, ,9.90, ,0.00, ,68.3, 
2008/1/1,14:00,0.2, ,97340, ,9.39, ,0.00, ,68.4, 
2008/1/1,15:00,0.0, ,97380, ,10.35, ,0.00, ,68.4, 
2008/1/1,16:00,0.0, ,97420, ,9.69, ,6.20, ,68.4, 
2008/1/1,17:00,0.0, ,97380, ,16.71, ,28.30, ,68.4, 
2008/1/1,18:00,0.0, ,97210, ,7.74, ,57.10, ,68.2, 
2008/1/1,19:00,0.0, ,97010, ,9.21, ,56.60, ,68.0, 
2008/1/1,20:00,0.0, ,96840, ,10.44, ,59.00, ,67.9, 
2008/1/1,21:00,0.0, ,96670, ,9.10, ,58.70, ,67.7, 
2008/1/1,22:00,0.0, ,96550, ,8.48, ,23.60, ,67.6, 
2008/1/1,23:00,0.0, ,96550, ,7.02, ,0.00, ,67.6, 
2008/1/1,24:00,0.0, ,96550, ,0.00, ,0.00, ,67.6, 
2008/1/2,01:00,0.0, ,96550, ,0.00, ,0.00, ,67.6, 
2008/1/2,02:00,0.0, ,96550, ,0.00, ,0.00, ,67.6, 
2008/1/2,03:00,0.0, ,96550, ,0.00, ,0.00, ,67.6, 
2008/1/2,04:00,0.0, ,96550, ,0.00, ,0.00, ,67.6, 
2008/1/2,05:00,0.0, ,96590, ,7.06, ,0.00, ,67.6, 
2008/1/2,06:00,0.0, ,96590, ,4.39, ,0.00, ,67.6, 
2008/1/2,07:00,0.0, ,96590, ,0.00, ,0.00, ,67.6, 
2008/1/2,08:00,0.0, ,96590, ,0.00, ,0.00, ,67.6, 
2008/1/2,09:00,0.0, ,96590, ,0.34, ,20.20, ,67.6, 
2008/1/2,10:00,0.0, ,96550, ,14.45, ,28.40, ,67.6, 
2008/1/2,11:00,0.0, ,96390, ,8.50, ,57.80, ,67.5, 
2008/1/2,12:00,0.0, ,96300, ,5.16, ,12.60, ,67.4, 
2008/1/2,13:00,0.0, ,96300, ,4.38, ,0.00, ,67.4, 
2008/1/2,14:00,0.0, ,96350, ,0.19, ,0.00, ,67.4, 
2008/1/2,15:00,0.0, ,96350, ,11.24, ,0.00, ,67.4, 
2008/1/2,16:00,0.0, ,96390, ,9.45, ,6.40, ,67.5, 
2008/1/2,17:00,0.0, ,96350, ,16.43, ,30.00, ,67.4, 
2008/1/2,18:00,0.0, ,96180, ,11.01, ,57.70, ,67.3, 
2008/1/2,19:00,0.0, ,95980, ,3.92, ,57.90, ,67.1, 
2008/1/2,20:00,0.0, ,95810, ,6.72, ,58.00, ,66.9, 
2008/1/2,21:00,0.0, ,95610, ,5.35, ,58.20, ,66.7, 
2008/1/2,22:00,0.0, ,95480, ,7.52, ,26.70, ,66.6, 
2008/1/2,23:00,0.0, ,95480, ,4.58, ,0.00, ,66.6, 
2008/1/2,24:00,0.0, ,95480, ,0.00, ,0.00, ,66.6, 
2008/1/3,01:00,0.0, ,95480, ,0.00, ,0.00, ,66.6, 
2008/1/3,02:00,0.0, ,95520, ,9.29, ,0.00, ,66.6, 
2008/1/3,03:00,0.0, ,95520, ,2.09, ,0.00, ,66.6, 
2008/1/3,04:00,0.0, ,95520, ,0.00, ,0.00, ,66.6, 
2008/1/3,05:00,0.0, ,95520, ,0.00, ,0.00, ,66.6, 
2008/1/3,06:00,0.0, ,95520, ,0.00, ,0.00, ,66.6, 
2008/1/3,07:00,0.0, ,95520, ,0.00, ,0.00, ,66.6, 
2008/1/3,08:00,0.0, ,95560, ,11.01, ,0.00, ,66.7, 
2008/1/3,09:00,0.0, ,95560, ,0.49, ,6.50, ,66.7, 
2008/1/3,10:00,0.0, ,95520, ,11.05, ,28.40, ,66.6, 
2008/1/3,11:00,0.0, ,95320, ,6.68, ,58.10, ,66.4, 
2008/1/3,12:00,0.0, ,95280, ,4.96, ,11.40, ,66.4, 
2008/1/3,13:00,0.0, ,95280, ,5.72, ,0.00, ,66.4, 
2008/1/3,14:00,0.2, ,95280, ,0.00, ,0.00, ,66.4, 
2008/1/3,15:00,0.2, ,95320, ,5.50, ,0.00, ,66.4, 
2008/1/3,16:00,0.0, ,95360, ,9.78, ,6.50, ,66.5, 
2008/1/3,17:00,0.0, ,95320, ,21.66, ,29.50, ,66.4, 
2008/1/3,18:00,0.2, ,95160, ,11.94, ,56.80, ,66.3, 
2008/1/3,19:00,0.0, ,94950, ,5.36, ,57.30, ,66.1, 
2008/1/3,20:00,0.0, ,94790, ,4.43, ,57.90, ,65.9, 
2008/1/3,21:00,0.0, ,94580, ,6.21, ,58.00, ,65.7, 
2008/1/3,22:00,0.0, ,94420, ,6.09, ,27.70, ,65.6, 
2008/1/3,23:00,0.0, ,94420, ,0.05, ,0.00, ,65.6, 
2008/1/3,24:00,0.0, ,94460, ,2.08, ,0.00, ,65.6, 
2008/1/4,01:00,0.0, ,94460, ,9.24, ,0.00, ,65.6, 
2008/1/4,02:00,0.0, ,94460, ,0.00, ,0.00, ,65.6, 
2008/1/4,03:00,0.0, ,94460, ,0.00, ,0.00, ,65.6, 
2008/1/4,04:00,0.0, ,94460, ,0.00, ,0.00, ,65.6, 
2008/1/4,05:00,0.0, ,94500, ,0.57, ,0.00, ,65.6, 
2008/1/4,06:00,0.0, ,94500, ,10.75, ,0.00, ,65.6, 
2008/1/4,07:00,0.0, ,94500, ,0.00, ,0.00, ,65.6, 
2008/1/4,08:00,0.0, ,94500, ,0.11, ,6.30, ,65.6, 
2008/1/4,09:00,0.0, ,94460, ,9.72, ,28.50, ,65.6, 
2008/1/4,10:00,0.0, ,94300, ,4.00, ,28.50, ,65.4, 
2008/1/4,11:00,0.0, ,94260, ,3.06, ,0.00, ,65.4, 
2008/1/4,12:00,0.0, ,94300, ,0.75, ,0.00, ,65.4, 
2008/1/4,13:00,0.0, ,94300, ,10.56, ,0.00, ,65.4, 
2008/1/4,14:00,0.0, ,94340, ,3.39, ,0.00, ,65.5, 
2008/1/4,15:00,0.2, ,94380, ,8.11, ,0.00, ,65.5, 
2008/1/4,16:00,0.2, ,94380, ,11.23, ,6.20, ,65.5, 
2008/1/4,17:00,0.0, ,94380, ,14.52, ,28.50, ,65.5, 
2008/1/4,18:00,0.0, ,94220, ,20.61, ,58.00, ,65.4, 
2008/1/4,19:00,0.0, ,94010, ,7.77, ,57.90, ,65.2, 
2008/1/4,20:00,0.0, ,93850, ,7.01, ,58.10, ,65.0, 
2008/1/4,21:00,0.0, ,93730, ,5.18, ,21.90, ,64.9, 
2008/1/4,22:00,0.0, ,93730, ,3.13, ,0.00, ,64.9, 
2008/1/4,23:00,0.0, ,93730, ,0.00, ,0.00, ,64.9, 
2008/1/4,24:00,0.0, ,93730, ,0.00, ,0.00, ,64.9, 
2008/1/5,01:00,0.0, ,93730, ,0.00, ,0.00, ,64.9, 
2008/1/5,02:00,0.0, ,93730, ,0.00, ,0.00, ,64.9, 
2008/1/5,03:00,0.0, ,93730, ,0.00, ,0.00, ,64.9, 
2008/1/5,04:00,0.0, ,93770, ,3.95, ,0.00, ,64.9, 
2008/1/5,05:00,0.0, ,93770, ,7.33, ,0.00, ,64.9, 
2008/1/5,06:00,0.0, ,93770, ,0.00, ,0.00, ,64.9, 
2008/1/5,07:00,0.0, ,93770, ,0.00, ,0.00, ,64.9, 
2008/1/5,08:00,0.0, ,93770, ,0.11, ,6.30, ,64.9, 
2008/1/5,09:00,0.0, ,93730, ,12.74, ,28.60, ,64.9, 
2008/1/5,10:00,0.0, ,93530, ,5.25, ,56.00, ,64.7, 
2008/1/5,11:00,0.0, ,93320, ,1.51, ,22.00, ,64.5, 
2008/1/5,12:00,0.0, ,93280, ,3.02, ,5.40, ,64.5, 
2008/1/5,13:00,0.1, ,93280, ,3.81, ,0.00, ,64.5, 
2008/1/5,14:00,0.0, ,93280, ,0.00, ,0.00, ,64.5, 
2008/1/5,15:00,0.2, ,93320, ,9.38, ,0.00, ,64.5, 
2008/1/5,16:00,0.2, ,93360, ,9.14, ,19.10, ,64.5, 
2008/1/5,17:00,0.0, ,93360, ,19.55, ,28.50, ,64.5, 
2008/1/5,18:00,0.0, ,93160, ,15.07, ,55.50, ,64.3, 
2008/1/5,19:00,0.1, ,93000, ,7.80, ,57.00, ,64.2, 
2008/1/5,20:00,0.0, ,92800, ,7.75, ,58.30, ,64.0, 
2008/1/5,21:00,0.0, ,92640, ,3.40, ,33.60, ,63.8, 
2008/1/5,22:00,0.0, ,92640, ,1.23, ,0.00, ,63.8, 
2008/1/5,23:00,0.0, ,92640, ,0.00, ,0.00, ,63.8, 
2008/1/5,24:00,0.0, ,92640, ,0.00, ,0.00, ,63.8, 
2008/1/6,01:00,0.0, ,92680, ,3.55, ,0.00, ,63.9, 
2008/1/6,02:00,0.0, ,92680, ,7.66, ,0.00, ,63.9, 
2008/1/6,03:00,0.0, ,92680, ,0.00, ,0.00, ,63.9, 
2008/1/6,04:00,0.0, ,92680, ,0.00, ,0.00, ,63.9, 
2008/1/6,05:00,0.0, ,92680, ,0.00, ,0.00, ,63.9, 
2008/1/6,06:00,0.0, ,92680, ,0.00, ,0.00, ,63.9, 
2008/1/6,07:00,0.0, ,92680, ,0.12, ,6.40, ,63.9, 
2008/1/6,08:00,0.0, ,92680, ,8.86, ,19.60, ,63.9, 
2008/1/6,09:00,0.0, ,92560, ,10.61, ,29.40, ,63.8, 
2008/1/6,10:00,0.0, ,92390, ,2.17, ,56.20, ,63.6, 
2008/1/6,11:00,0.0, ,92190, ,0.22, ,33.00, ,63.4, 
2008/1/6,12:00,0.0, ,92110, ,5.75, ,5.30, ,63.3, 
2008/1/6,13:00,0.1, ,92110, ,0.98, ,0.00, ,63.3, 
2008/1/6,14:00,0.0, ,92110, ,0.00, ,0.00, ,63.3, 
2008/1/6,15:00,0.0, ,92150, ,10.06, ,0.00, ,63.4, 
2008/1/6,16:00,0.0, ,92190, ,9.43, ,6.20, ,63.4, 
2008/1/6,17:00,0.1, ,92190, ,17.68, ,30.20, ,63.4, 
2008/1/6,18:00,0.0, ,91990, ,17.75, ,56.90, ,63.2, 
2008/1/6,19:00,0.0, ,91830, ,6.35, ,56.90, ,63.1, 
2008/1/6,20:00,0.0, ,91630, ,4.78, ,57.20, ,62.9, 
2008/1/6,21:00,0.0, ,91470, ,5.38, ,34.30, ,62.7, 
2008/1/6,22:00,0.0, ,91470, ,4.49, ,0.00, ,62.7, 
2008/1/6,23:00,0.0, ,91470, ,0.00, ,0.00, ,62.7, 
2008/1/6,24:00,0.0, ,91470, ,0.00, ,0.00, ,62.7, 
2008/1/7,01:00,0.0, ,91470, ,0.00, ,0.00, ,62.7, 
2008/1/7,02:00,0.0, ,91470, ,0.00, ,0.00, ,62.7, 
2008/1/7,03:00,0.0, ,91470, ,0.00, ,0.00, ,62.7, 
2008/1/7,04:00,0.0, ,91470, ,0.00, ,0.00, ,62.7, 
2008/1/7,05:00,0.0, ,91510, ,1.86, ,0.00, ,62.8, 
2008/1/7,06:00,0.6, ,91510, ,9.28, ,0.00, ,62.8, 
2008/1/7,07:00,0.1, ,91510, ,0.00, ,0.00, ,62.8, 
2008/1/7,08:00,2.0, ,91510, ,0.12, ,6.70, ,62.8, 
2008/1/7,09:00,0.9, ,91470, ,10.88, ,28.80, ,62.7, 
2008/1/7,10:00,0.5, ,91230, ,3.14, ,55.90, ,62.5, 
2008/1/7,11:00,0.1, ,91110, ,3.32, ,44.20, ,62.4, 
2008/1/7,12:00,0.1, ,90990, ,4.44, ,29.00, ,62.3, 
2008/1/7,13:00,0.1, ,90950, ,3.29, ,6.30, ,62.2, 
2008/1/7,14:00,0.1, ,90950, ,13.25, ,27.30, ,62.2, 
2008/1/7,15:00,0.0, ,90910, ,4.88, ,0.00, ,62.2, 
2008/1/7,16:00,0.1, ,90910, ,0.11, ,6.40, ,62.2, 
2008/1/7,17:00,0.0, ,90910, ,14.65, ,28.80, ,62.2, 
2008/1/7,18:00,0.0, ,90750, ,20.48, ,56.10, ,62.0, 
2008/1/7,19:00,0.0, ,90590, ,9.55, ,31.00, ,61.9, 
2008/1/7,20:00,0.0, ,90590, ,2.10, ,0.00, ,61.9, 
2008/1/7,21:00,0.0, ,90590, ,0.00, ,0.00, ,61.9, 
2008/1/7,22:00,0.0, ,90630, ,10.73, ,0.00, ,61.9, 
2008/1/7,23:00,0.0, ,90630, ,0.37, ,0.00, ,61.9, 
2008/1/7,24:00,0.0, ,90670, ,6.48, ,0.00, ,62.0, 
2008/1/8,01:00,0.0, ,90670, ,4.63, ,0.00, ,62.0, 
2008/1/8,02:00,0.0, ,90670, ,0.00, ,0.00, ,62.0, 
2008/1/8,03:00,0.0, ,90670, ,0.00, ,0.00, ,62.0, 
2008/1/8,04:00,0.0, ,90670, ,0.00, ,0.00, ,62.0, 
2008/1/8,05:00,0.0, ,90670, ,0.00, ,0.00, ,62.0, 
2008/1/8,06:00,0.0, ,90710, ,10.92, ,0.00, ,62.0, 
2008/1/8,07:00,0.0, ,90710, ,0.19, ,0.00, ,62.0, 
2008/1/8,08:00,0.0, ,90710, ,0.11, ,6.60, ,62.0, 
2008/1/8,09:00,0.0, ,90670, ,10.06, ,29.10, ,62.0, 
2008/1/8,10:00,0.0, ,90430, ,2.16, ,56.30, ,61.7, 
2008/1/8,11:00,0.0, ,90350, ,2.38, ,21.60, ,61.6, 
2008/1/8,12:00,0.0, ,90310, ,3.55, ,12.00, ,61.6, 
2008/1/8,13:00,0.0, ,90310, ,4.41, ,7.40, ,61.6, 
2008/1/8,14:00,0.0, ,90310, ,11.25, ,21.60, ,61.6, 
2008/1/8,15:00,0.0, ,90270, ,11.32, ,11.60, ,61.6, 
2008/1/8,16:00,0.0, ,90270, ,9.74, ,6.40, ,61.6, 
2008/1/8,17:00,0.0, ,90190, ,8.40, ,45.00, ,61.5, 
2008/1/8,18:00,0.0, ,90030, ,7.52, ,54.90, ,61.3, 
2008/1/8,19:00,0.0, ,89870, ,6.98, ,35.90, ,61.2, 
2008/1/8,20:00,0.0, ,89830, ,3.70, ,0.00, ,61.1, 
2008/1/8,21:00,0.0, ,89870, ,6.26, ,0.00, ,61.2, 
2008/1/8,22:00,0.0, ,89910, ,8.48, ,0.00, ,61.2, 
2008/1/8,23:00,0.0, ,89910, ,5.53, ,0.00, ,61.2, 
2008/1/8,24:00,0.0, ,89950, ,6.64, ,0.00, ,61.3, 
2008/1/9,01:00,0.0, ,89950, ,4.42, ,0.00, ,61.3, 
2008/1/9,02:00,0.0, ,89950, ,0.00, ,0.00, ,61.3, 
2008/1/9,03:00,0.0, ,89950, ,0.00, ,0.00, ,61.3, 
2008/1/9,04:00,0.0, ,89950, ,0.00, ,0.00, ,61.3, 
2008/1/9,05:00,0.0, ,89990, ,4.98, ,0.00, ,61.3, 
2008/1/9,06:00,0.0, ,89990, ,6.08, ,0.00, ,61.3, 
2008/1/9,07:00,0.0, ,89990, ,0.00, ,0.00, ,61.3, 
2008/1/9,08:00,0.0, ,89990, ,0.12, ,7.20, ,61.3, 
2008/1/9,09:00,0.0, ,89950, ,10.46, ,28.70, ,61.3, 
2008/1/9,10:00,0.0, ,89710, ,3.35, ,56.80, ,61.0, 
2008/1/9,11:00,0.0, ,89630, ,1.45, ,21.70, ,61.0, 
2008/1/9,12:00,0.0, ,89630, ,7.55, ,12.60, ,61.0, 
2008/1/9,13:00,0.0, ,89590, ,3.20, ,6.40, ,60.9, 
2008/1/9,14:00,0.0, ,89590, ,12.18, ,24.70, ,60.9, 
2008/1/9,15:00,0.0, ,89550, ,12.49, ,12.60, ,60.9, 
2008/1/9,16:00,0.0, ,89510, ,4.67, ,6.50, ,60.8, 
2008/1/9,17:00,0.0, ,89470, ,11.62, ,28.90, ,60.8, 
2008/1/9,18:00,0.0, ,89280, ,9.23, ,56.80, ,60.6, 
2008/1/9,19:00,0.0, ,89120, ,6.27, ,56.50, ,60.5, 
2008/1/9,20:00,0.0, ,89080, ,7.98, ,9.80, ,60.4, 
2008/1/9,21:00,0.0, ,89080, ,5.38, ,0.00, ,60.4, 
2008/1/9,22:00,0.0, ,89080, ,0.00, ,0.00, ,60.4, 
2008/1/9,23:00,0.0, ,89120, ,3.12, ,0.00, ,60.5, 
2008/1/9,24:00,0.0, ,89120, ,7.89, ,0.00, ,60.5, 
2008/1/10,01:00,0.0, ,89120, ,0.00, ,0.00, ,60.5, 
2008/1/10,02:00,0.0, ,89160, ,10.46, ,0.00, ,60.5, 
2008/1/10,03:00,0.0, ,89160, ,0.55, ,0.00, ,60.5, 
2008/1/10,04:00,0.0, ,89160, ,0.00, ,0.00, ,60.5, 
2008/1/10,05:00,0.0, ,89160, ,0.00, ,0.00, ,60.5, 
2008/1/10,06:00,0.0, ,89200, ,7.35, ,0.00, ,60.5, 
2008/1/10,07:00,0.0, ,89200, ,3.67, ,0.00, ,60.5, 
2008/1/10,08:00,0.0, ,89200, ,0.33, ,19.60, ,60.5, 
2008/1/10,09:00,0.0, ,89120, ,10.01, ,29.10, ,60.5, 
2008/1/10,10:00,0.0, ,88920, ,1.90, ,56.90, ,60.3, 
2008/1/10,11:00,0.0, ,88720, ,1.69, ,56.90, ,60.1, 
2008/1/10,12:00,0.0, ,88640, ,2.47, ,19.10, ,60.0, 
2008/1/10,13:00,0.0, ,88600, ,1.56, ,0.00, ,60.0, 
2008/1/10,14:00,0.0, ,88600, ,0.00, ,0.00, ,60.0, 
2008/1/10,15:00,0.0, ,88640, ,8.98, ,0.00, ,60.0, 
2008/1/10,16:00,0.0, ,88680, ,8.54, ,6.40, ,60.0, 
2008/1/10,17:00,0.0, ,88640, ,18.02, ,32.20, ,60.0, 
2008/1/10,18:00,0.0, ,88440, ,10.81, ,57.10, ,59.8, 
2008/1/10,19:00,0.0, ,88290, ,7.49, ,57.70, ,59.7, 
2008/1/10,20:00,0.0, ,88250, ,7.03, ,10.40, ,59.6, 
2008/1/10,21:00,0.0, ,88210, ,1.76, ,0.00, ,59.6, 
2008/1/10,22:00,0.0, ,88210, ,0.00, ,0.00, ,59.6, 
2008/1/10,23:00,0.0, ,88210, ,0.00, ,0.00, ,59.6, 
2008/1/10,24:00,0.0, ,88250, ,5.66, ,0.00, ,59.6, 
2008/1/11,01:00,0.0, ,88250, ,5.30, ,0.00, ,59.6, 
2008/1/11,02:00,0.0, ,88250, ,0.00, ,0.00, ,59.6, 
2008/1/11,03:00,0.0, ,88250, ,0.00, ,0.00, ,59.6, 
2008/1/11,04:00,0.0, ,88250, ,0.00, ,0.00, ,59.6, 
2008/1/11,05:00,0.0, ,88250, ,0.00, ,0.00, ,59.6, 
2008/1/11,06:00,0.0, ,88250, ,0.00, ,0.00, ,59.6, 
2008/1/11,07:00,0.0, ,88290, ,0.55, ,0.00, ,59.7, 
2008/1/11,08:00,0.0, ,88290, ,10.53, ,6.40, ,59.7, 
2008/1/11,09:00,0.0, ,88210, ,10.20, ,29.20, ,59.6, 
2008/1/11,10:00,0.0, ,88010, ,2.41, ,55.00, ,59.4, 
2008/1/11,11:00,0.0, ,87930, ,4.03, ,29.30, ,59.3, 
2008/1/11,12:00,0.5, ,87810, ,4.81, ,24.90, ,59.2, 
2008/1/11,13:00,4.3, ,87810, ,6.93, ,0.00, ,59.2, 
2008/1/11,14:00,4.5, ,87850, ,7.11, ,0.00, ,59.2, 
2008/1/11,15:00,2.6, ,87930, ,14.77, ,0.00, ,59.3, 
2008/1/11,16:00,0.6, ,87930, ,14.87, ,16.00, ,59.3, 
2008/1/11,17:00,0.5, ,87930, ,10.68, ,5.40, ,59.3, 
2008/1/11,18:00,1.1, ,87930, ,9.84, ,0.00, ,59.3, 
2008/1/11,19:00,0.4, ,87970, ,4.93, ,0.00, ,59.4, 
2008/1/11,20:00,0.6, ,88010, ,8.21, ,0.00, ,59.4, 
2008/1/11,21:00,0.3, ,88010, ,8.76, ,0.00, ,59.4, 
2008/1/11,22:00,0.0, ,88050, ,10.95, ,0.00, ,59.4, 
2008/1/11,23:00,0.2, ,88090, ,8.40, ,0.00, ,59.5, 
2008/1/11,24:00,2.8, ,88130, ,2.92, ,0.00, ,59.5, 
2008/1/12,01:00,1.4, ,88130, ,10.59, ,0.00, ,59.5, 
2008/1/12,02:00,0.8, ,88170, ,7.31, ,0.00, ,59.5, 
2008/1/12,03:00,1.2, ,88170, ,3.65, ,0.00, ,59.5, 
2008/1/12,04:00,2.9, ,88210, ,4.02, ,0.00, ,59.6, 
2008/1/12,05:00,2.7, ,88210, ,6.94, ,0.00, ,59.6, 
2008/1/12,06:00,0.7, ,88250, ,6.58, ,0.00, ,59.6, 
2008/1/12,07:00,0.1, ,88250, ,4.38, ,0.00, ,59.6, 
2008/1/12,08:00,0.0, ,88290, ,7.31, ,0.00, ,59.7, 
2008/1/12,09:00,0.0, ,88290, ,3.66, ,0.00, ,59.7, 
2008/1/12,10:00,0.2, ,88330, ,6.51, ,6.40, ,59.7, 
2008/1/12,11:00,0.9, ,88330, ,19.38, ,29.10, ,59.7, 
2008/1/12,12:00,0.0, ,88210, ,14.58, ,22.20, ,59.6, 
2008/1/12,13:00,0.1, ,88250, ,6.65, ,0.00, ,59.6, 
2008/1/12,14:00,0.0, ,88330, ,16.45, ,0.00, ,59.7, 
2008/1/12,15:00,0.1, ,88370, ,18.46, ,0.00, ,59.7, 
2008/1/12,16:00,0.0, ,88440, ,17.92, ,0.00, ,59.8, 
2008/1/12,17:00,0.0, ,88480, ,9.87, ,0.00, ,59.8, 
2008/1/12,18:00,0.1, ,88520, ,15.37, ,0.00, ,59.9, 
2008/1/12,19:00,0.0, ,88560, ,14.46, ,0.00, ,59.9, 
2008/1/12,20:00,0.0, ,88640, ,10.07, ,0.00, ,60.0, 
2008/1/12,21:00,0.0, ,88680, ,17.94, ,0.00, ,60.0, 
2008/1/12,22:00,0.0, ,88720, ,11.36, ,0.00, ,60.1, 
2008/1/12,23:00,0.0, ,88800, ,15.02, ,0.00, ,60.2, 
2008/1/12,24:00,0.0, ,88800, ,13.74, ,0.00, ,60.2, 
2008/1/13,01:00,0.0, ,88840, ,9.35, ,0.00, ,60.2, 
2008/1/13,02:00,0.0, ,88880, ,8.80, ,0.00, ,60.2, 
2008/1/13,03:00,0.0, ,88920, ,8.25, ,0.00, ,60.3, 
2008/1/13,04:00,0.0, ,88960, ,7.70, ,0.00, ,60.3, 
2008/1/13,05:00,0.0, ,88960, ,9.90, ,0.00, ,60.3, 
2008/1/13,06:00,0.0, ,89000, ,3.49, ,0.00, ,60.3, 
2008/1/13,07:00,0.0, ,89000, ,7.52, ,0.00, ,60.3, 
2008/1/13,08:00,0.0, ,89040, ,4.22, ,0.00, ,60.4, 
2008/1/13,09:00,0.0, ,89040, ,6.79, ,0.00, ,60.4, 
2008/1/13,10:00,0.0, ,89080, ,6.79, ,0.00, ,60.4, 
2008/1/13,11:00,0.0, ,89120, ,8.44, ,0.00, ,60.5, 
2008/1/13,12:00,0.0, ,89160, ,8.44, ,0.00, ,60.5, 
2008/1/13,13:00,0.0, ,89200, ,14.32, ,0.00, ,60.5, 
2008/1/13,14:00,0.0, ,89240, ,12.49, ,0.00, ,60.6, 
2008/1/13,15:00,0.0, ,89280, ,11.57, ,0.00, ,60.6, 
2008/1/13,16:00,0.0, ,89320, ,9.46, ,15.70, ,60.7, 
2008/1/13,17:00,0.0, ,89320, ,16.82, ,26.60, ,60.7, 
2008/1/13,18:00,0.0, ,89240, ,17.55, ,29.00, ,60.6, 
2008/1/13,19:00,0.0, ,89120, ,10.16, ,55.10, ,60.5, 
2008/1/13,20:00,0.0, ,89000, ,10.43, ,22.80, ,60.3, 
2008/1/13,21:00,0.0, ,89000, ,6.60, ,0.00, ,60.3, 
2008/1/13,22:00,0.0, ,89040, ,1.84, ,0.00, ,60.4, 
2008/1/13,23:00,0.0, ,89080, ,14.31, ,0.00, ,60.4, 
2008/1/13,24:00,0.0, ,89120, ,8.44, ,0.00, ,60.5, 
2008/1/14,01:00,0.0, ,89160, ,8.99, ,0.00, ,60.5, 
2008/1/14,02:00,0.0, ,89160, ,10.46, ,0.00, ,60.5, 
2008/1/14,03:00,0.0, ,89200, ,5.69, ,0.00, ,60.5, 
2008/1/14,04:00,0.0, ,89200, ,5.33, ,0.00, ,60.5, 
2008/1/14,05:00,0.0, ,89240, ,6.80, ,0.00, ,60.6, 
2008/1/14,06:00,0.0, ,89240, ,4.22, ,0.00, ,60.6, 
2008/1/14,07:00,0.0, ,89280, ,1.84, ,0.00, ,60.6, 
2008/1/14,08:00,0.0, ,89280, ,9.18, ,0.00, ,60.6, 
2008/1/14,09:00,0.0, ,89280, ,0.11, ,6.40, ,60.6, 
2008/1/14,10:00,0.0, ,89240, ,14.07, ,29.50, ,60.6, 
2008/1/14,11:00,0.0, ,89120, ,10.04, ,29.30, ,60.5, 
2008/1/14,12:00,0.0, ,89080, ,3.99, ,0.00, ,60.4, 
2008/1/14,13:00,0.0, ,89160, ,8.07, ,0.00, ,60.5, 
2008/1/14,14:00,0.0, ,89160, ,12.85, ,0.00, ,60.5, 
2008/1/14,15:00,0.0, ,89200, ,9.73, ,0.00, ,60.5, 
2008/1/14,16:00,0.0, ,89240, ,10.58, ,6.50, ,60.6, 
2008/1/14,17:00,0.0, ,89240, ,16.74, ,29.10, ,60.6, 
2008/1/14,18:00,0.0, ,89040, ,14.12, ,54.80, ,60.4, 
2008/1/14,19:00,0.0, ,88920, ,9.78, ,33.00, ,60.3, 
2008/1/14,20:00,0.0, ,88880, ,4.39, ,0.00, ,60.2, 
2008/1/14,21:00,0.0, ,88920, ,8.07, ,0.00, ,60.3, 
2008/1/14,22:00,0.0, ,88960, ,11.55, ,0.00, ,60.3, 
2008/1/14,23:00,0.0, ,89000, ,11.56, ,0.00, ,60.3, 
2008/1/14,24:00,0.0, ,89040, ,8.07, ,0.00, ,60.4, 
2008/1/15,01:00,0.0, ,89080, ,8.99, ,0.00, ,60.4, 
2008/1/15,02:00,0.0, ,89080, ,6.79, ,0.00, ,60.4, 
2008/1/15,03:00,0.0, ,89120, ,8.99, ,0.00, ,60.5, 
2008/1/15,04:00,0.0, ,89120, ,2.02, ,0.00, ,60.5, 
2008/1/15,05:00,0.0, ,89160, ,8.62, ,0.00, ,60.5, 
2008/1/15,06:00,0.0, ,89160, ,2.39, ,0.00, ,60.5, 
2008/1/15,07:00,0.0, ,89200, ,1.65, ,0.00, ,60.5, 
2008/1/15,08:00,0.0, ,89200, ,9.37, ,0.00, ,60.5, 
2008/1/15,09:00,0.0, ,89200, ,4.08, ,29.00, ,60.5, 
2008/1/15,10:00,0.0, ,89080, ,19.15, ,50.20, ,60.4, 
2008/1/15,11:00,0.0, ,88960, ,5.42, ,11.70, ,60.3, 
2008/1/15,12:00,0.0, ,88960, ,0.36, ,0.00, ,60.3, 
2008/1/15,13:00,0.0, ,89000, ,7.16, ,0.00, ,60.3, 
2008/1/15,14:00,0.0, ,89000, ,3.85, ,0.00, ,60.3, 
2008/1/15,15:00,0.0, ,89040, ,10.09, ,0.00, ,60.4, 
2008/1/15,16:00,0.0, ,89080, ,9.84, ,6.50, ,60.4, 
2008/1/15,17:00,0.0, ,89080, ,15.17, ,26.00, ,60.4, 
2008/1/15,18:00,0.0, ,88960, ,21.88, ,49.20, ,60.3, 
2008/1/15,19:00,0.0, ,88760, ,8.07, ,54.80, ,60.1, 
2008/1/15,20:00,0.0, ,88640, ,7.29, ,26.80, ,60.0, 
2008/1/15,21:00,0.0, ,88640, ,4.88, ,0.00, ,60.0, 
2008/1/15,22:00,0.0, ,88640, ,0.00, ,0.00, ,60.0, 
2008/1/15,23:00,0.0, ,88680, ,6.04, ,0.00, ,60.0, 
2008/1/15,24:00,0.0, ,88720, ,11.17, ,0.00, ,60.1, 
2008/1/16,01:00,0.0, ,88760, ,5.86, ,0.00, ,60.1, 
2008/1/16,02:00,0.0, ,88760, ,9.89, ,0.00, ,60.1, 
2008/1/16,03:00,0.0, ,88800, ,6.78, ,0.00, ,60.2, 
2008/1/16,04:00,0.0, ,88800, ,4.21, ,0.00, ,60.2, 
2008/1/16,05:00,0.0, ,88840, ,7.70, ,0.00, ,60.2, 
2008/1/16,06:00,0.0, ,88840, ,3.30, ,0.00, ,60.2, 
2008/1/16,07:00,0.0, ,88840, ,0.00, ,0.00, ,60.2, 
2008/1/16,08:00,0.0, ,88880, ,8.07, ,0.00, ,60.2, 
2008/1/16,09:00,0.0, ,88880, ,5.85, ,20.30, ,60.2, 
2008/1/16,10:00,0.0, ,88800, ,10.05, ,38.70, ,60.2, 
2008/1/16,11:00,0.0, ,88720, ,2.11, ,0.00, ,60.1, 
2008/1/16,12:00,0.0, ,88720, ,1.53, ,0.00, ,60.1, 
2008/1/16,13:00,0.0, ,88760, ,6.41, ,0.00, ,60.1, 
2008/1/16,14:00,0.0, ,88800, ,13.56, ,0.00, ,60.2, 
2008/1/16,15:00,0.0, ,88840, ,11.55, ,0.00, ,60.2, 
2008/1/16,16:00,0.0, ,88880, ,8.62, ,0.00, ,60.2, 
2008/1/16,17:00,0.0, ,88920, ,14.29, ,26.20, ,60.3, 
2008/1/16,18:00,0.1, ,88840, ,20.35, ,53.10, ,60.2, 
2008/1/16,19:00,0.0, ,88680, ,8.81, ,32.30, ,60.0, 
2008/1/16,20:00,0.0, ,88680, ,6.61, ,0.00, ,60.0, 
2008/1/16,21:00,0.0, ,88680, ,0.00, ,0.00, ,60.0, 
2008/1/16,22:00,0.0, ,88720, ,6.23, ,0.00, ,60.1, 
2008/1/16,23:00,0.0, ,88760, ,13.92, ,0.00, ,60.1, 
2008/1/16,24:00,0.0, ,88800, ,2.93, ,0.00, ,60.2, 
2008/1/17,01:00,0.0, ,88800, ,9.89, ,0.00, ,60.2, 
2008/1/17,02:00,0.0, ,88880, ,12.10, ,0.00, ,60.2, 
2008/1/17,03:00,0.0, ,88880, ,9.90, ,0.00, ,60.2, 
2008/1/17,04:00,0.0, ,88880, ,0.00, ,0.00, ,60.2, 
2008/1/17,05:00,0.0, ,88880, ,0.00, ,0.00, ,60.2, 
2008/1/17,06:00,0.0, ,88920, ,6.42, ,0.00, ,60.3, 
2008/1/17,07:00,0.0, ,88880, ,3.67, ,0.00, ,60.2, 
2008/1/17,08:00,0.0, ,88920, ,0.55, ,0.00, ,60.3, 
2008/1/17,09:00,0.0, ,88880, ,11.42, ,29.60, ,60.2, 
2008/1/17,10:00,0.0, ,88720, ,2.89, ,52.80, ,60.1, 
2008/1/17,11:00,0.0, ,88640, ,1.97, ,0.00, ,60.0, 
2008/1/17,12:00,0.0, ,88680, ,3.28, ,0.00, ,60.0, 
2008/1/17,13:00,0.0, ,88720, ,8.79, ,0.00, ,60.1, 
2008/1/17,14:00,0.0, ,88760, ,14.47, ,0.00, ,60.1, 
2008/1/17,15:00,0.0, ,88800, ,9.52, ,0.00, ,60.2, 
2008/1/17,16:00,0.0, ,88800, ,8.91, ,6.30, ,60.2, 
2008/1/17,17:00,0.0, ,88760, ,12.65, ,27.60, ,60.1, 
2008/1/17,18:00,0.0, ,88600, ,11.29, ,53.00, ,60.0, 
2008/1/17,19:00,0.0, ,88440, ,9.18, ,31.10, ,59.8, 
2008/1/17,20:00,0.0, ,88440, ,2.55, ,0.00, ,59.8, 
2008/1/17,21:00,0.0, ,88480, ,1.29, ,0.00, ,59.8, 
2008/1/17,22:00,0.0, ,88480, ,9.70, ,0.00, ,59.8, 
2008/1/17,23:00,0.0, ,88520, ,8.97, ,0.00, ,59.9, 
2008/1/17,24:00,0.0, ,88520, ,2.01, ,0.00, ,59.9, 
2008/1/18,01:00,0.0, ,88520, ,0.00, ,0.00, ,59.9, 
2008/1/18,02:00,0.0, ,88560, ,10.25, ,0.00, ,59.9, 
2008/1/18,03:00,0.0, ,88560, ,0.73, ,0.00, ,59.9, 
2008/1/18,04:00,0.0, ,88560, ,0.00, ,0.00, ,59.9, 
2008/1/18,05:00,0.0, ,88560, ,0.00, ,0.00, ,59.9, 
2008/1/18,06:00,0.0, ,88560, ,0.00, ,0.00, ,59.9, 
2008/1/18,07:00,0.0, ,88600, ,0.37, ,0.00, ,60.0, 
2008/1/18,08:00,0.0, ,88600, ,10.61, ,0.00, ,60.0, 
2008/1/18,09:00,0.0, ,88600, ,0.11, ,6.40, ,60.0, 
2008/1/18,10:00,0.2, ,88560, ,10.71, ,27.70, ,59.9, 
2008/1/18,11:00,0.1, ,88370, ,3.80, ,14.70, ,59.7, 
2008/1/18,12:00,0.1, ,88370, ,2.00, ,0.00, ,59.7, 
2008/1/18,13:00,0.0, ,88410, ,0.91, ,0.00, ,59.8, 
2008/1/18,14:00,0.0, ,88410, ,10.06, ,0.00, ,59.8, 
2008/1/18,15:00,0.0, ,88480, ,14.45, ,0.00, ,59.8, 
2008/1/18,16:00,0.0, ,88520, ,9.45, ,6.60, ,59.9, 
2008/1/18,17:00,0.0, ,88480, ,20.12, ,27.60, ,59.8, 
2008/1/18,18:00,0.0, ,88330, ,10.49, ,53.20, ,59.7, 
2008/1/18,19:00,0.0, ,88170, ,6.46, ,53.20, ,59.5, 
2008/1/18,20:00,0.0, ,88050, ,6.10, ,15.00, ,59.4, 
2008/1/18,21:00,0.0, ,88050, ,0.51, ,0.00, ,59.4, 
2008/1/18,22:00,0.0, ,88090, ,2.37, ,0.00, ,59.5, 
2008/1/18,23:00,0.0, ,88090, ,8.58, ,0.00, ,59.5, 
2008/1/18,24:00,0.0, ,88130, ,3.29, ,0.00, ,59.5, 
2008/1/19,01:00,0.0, ,88130, ,7.67, ,0.00, ,59.5, 
2008/1/19,02:00,0.0, ,88130, ,0.00, ,0.00, ,59.5, 
2008/1/19,03:00,0.0, ,88130, ,0.00, ,0.00, ,59.5, 
2008/1/19,04:00,0.0, ,88170, ,0.73, ,0.00, ,59.5, 
2008/1/19,05:00,0.0, ,88170, ,10.23, ,0.00, ,59.5, 
2008/1/19,06:00,0.0, ,88170, ,0.00, ,0.00, ,59.5, 
2008/1/19,07:00,0.0, ,88170, ,0.00, ,0.00, ,59.5, 
2008/1/19,08:00,0.0, ,88170, ,0.00, ,0.00, ,59.5, 
2008/1/19,09:00,0.0, ,88170, ,0.11, ,6.40, ,59.5, 
2008/1/19,10:00,0.0, ,88130, ,10.79, ,27.80, ,59.5, 
2008/1/19,11:00,0.0, ,87930, ,5.10, ,53.00, ,59.3, 
2008/1/19,12:00,0.0, ,87810, ,5.76, ,26.70, ,59.2, 
2008/1/19,13:00,0.0, ,87770, ,1.31, ,0.00, ,59.2, 
2008/1/19,14:00,0.0, ,87810, ,8.02, ,0.00, ,59.2, 
2008/1/19,15:00,0.0, ,87850, ,11.67, ,0.00, ,59.2, 
2008/1/19,16:00,0.1, ,87890, ,11.24, ,6.60, ,59.3, 
2008/1/19,17:00,0.0, ,87890, ,17.24, ,30.70, ,59.3, 
2008/1/19,18:00,0.0, ,87700, ,12.99, ,55.10, ,59.1, 
2008/1/19,19:00,0.0, ,87500, ,4.98, ,56.50, ,58.9, 
2008/1/19,20:00,0.0, ,87380, ,6.65, ,29.90, ,58.8, 
2008/1/19,21:00,0.0, ,87340, ,4.55, ,0.00, ,58.8, 
2008/1/19,22:00,0.0, ,87380, ,0.36, ,0.00, ,58.8, 
2008/1/19,23:00,0.0, ,87380, ,10.55, ,0.00, ,58.8, 
2008/1/19,24:00,0.0, ,87380, ,0.00, ,0.00, ,58.8, 
2008/1/20,01:00,0.0, ,87420, ,2.91, ,0.00, ,58.8, 
2008/1/20,02:00,0.0, ,87420, ,8.01, ,0.00, ,58.8, 
2008/1/20,03:00,0.0, ,87420, ,0.00, ,0.00, ,58.8, 
2008/1/20,04:00,0.0, ,87420, ,0.00, ,0.00, ,58.8, 
2008/1/20,05:00,0.2, ,87420, ,0.00, ,0.00, ,58.8, 
2008/1/20,06:00,0.3, ,87460, ,2.91, ,0.00, ,58.9, 
2008/1/20,07:00,0.8, ,87460, ,8.01, ,0.00, ,58.9, 
2008/1/20,08:00,0.8, ,87460, ,0.00, ,0.00, ,58.9, 
2008/1/20,09:00,0.9, ,87500, ,2.16, ,19.60, ,58.9, 
2008/1/20,10:00,1.2, ,87460, ,20.40, ,27.70, ,58.9, 
2008/1/20,11:00,1.3, ,87260, ,4.80, ,53.30, ,58.7, 
2008/1/20,12:00,1.2, ,87220, ,5.99, ,12.00, ,58.6, 
2008/1/20,13:00,1.0, ,87220, ,5.92, ,0.00, ,58.6, 
2008/1/20,14:00,0.3, ,87260, ,5.82, ,0.00, ,58.7, 
2008/1/20,15:00,0.4, ,87340, ,17.09, ,0.00, ,58.8, 
2008/1/20,16:00,0.6, ,87380, ,13.27, ,0.00, ,58.8, 
2008/1/20,17:00,1.0, ,87460, ,15.58, ,6.60, ,58.9, 
2008/1/20,18:00,1.2, ,87460, ,27.94, ,27.60, ,58.9, 
2008/1/20,19:00,1.9, ,87300, ,19.02, ,54.00, ,58.7, 
2008/1/20,20:00,1.6, ,87260, ,12.02, ,16.30, ,58.7, 
2008/1/20,21:00,1.5, ,87260, ,11.01, ,0.00, ,58.7, 
2008/1/20,22:00,2.0, ,87300, ,7.82, ,0.00, ,58.7, 
2008/1/20,23:00,1.1, ,87340, ,11.27, ,0.00, ,58.8, 
2008/1/20,24:00,0.6, ,87420, ,15.10, ,0.00, ,58.8, 
2008/1/21,01:00,0.8, ,87460, ,9.65, ,0.00, ,58.9, 
2008/1/21,02:00,0.1, ,87460, ,10.74, ,0.00, ,58.9, 
2008/1/21,03:00,0.3, ,87500, ,10.92, ,0.00, ,58.9, 
2008/1/21,04:00,0.2, ,87540, ,8.74, ,0.00, ,58.9, 
2008/1/21,05:00,0.1, ,87580, ,8.74, ,0.00, ,59.0, 
2008/1/21,06:00,0.1, ,87620, ,13.48, ,0.00, ,59.0, 
2008/1/21,07:00,0.0, ,87660, ,8.56, ,0.00, ,59.1, 
2008/1/21,08:00,0.0, ,87700, ,8.56, ,0.00, ,59.1, 
2008/1/21,09:00,0.1, ,87730, ,8.20, ,0.00, ,59.1, 
2008/1/21,10:00,0.0, ,87770, ,9.47, ,0.00, ,59.2, 
2008/1/21,11:00,0.2, ,87810, ,15.32, ,0.00, ,59.2, 
2008/1/21,12:00,0.4, ,87850, ,14.40, ,0.00, ,59.2, 
2008/1/21,13:00,0.2, ,87930, ,13.86, ,0.00, ,59.3, 
2008/1/21,14:00,0.6, ,87970, ,16.97, ,0.00, ,59.4, 
2008/1/21,15:00,0.2, ,88050, ,17.34, ,0.00, ,59.4, 
2008/1/21,16:00,0.2, ,88090, ,15.15, ,0.00, ,59.5, 
2008/1/21,17:00,0.0, ,88170, ,14.36, ,6.60, ,59.5, 
2008/1/21,18:00,0.1, ,88170, ,22.95, ,19.10, ,59.5, 
2008/1/21,19:00,0.0, ,88130, ,19.47, ,16.00, ,59.5, 
2008/1/21,20:00,0.0, ,88130, ,6.52, ,0.00, ,59.5, 
2008/1/21,21:00,0.0, ,88170, ,8.95, ,0.00, ,59.5, 
2008/1/21,22:00,0.0, ,88250, ,14.07, ,0.00, ,59.6, 
2008/1/21,23:00,0.0, ,88290, ,13.89, ,0.00, ,59.7, 
2008/1/21,24:00,0.1, ,88330, ,10.97, ,0.00, ,59.7, 
2008/1/22,01:00,0.0, ,88370, ,13.53, ,0.00, ,59.7, 
2008/1/22,02:00,0.0, ,88410, ,9.32, ,0.00, ,59.8, 
2008/1/22,03:00,0.0, ,88440, ,8.04, ,0.00, ,59.8, 
2008/1/22,04:00,0.0, ,88440, ,8.96, ,0.00, ,59.8, 
2008/1/22,05:00,0.0, ,88480, ,5.31, ,0.00, ,59.8, 
2008/1/22,06:00,0.0, ,88480, ,5.67, ,0.00, ,59.8, 
2008/1/22,07:00,0.1, ,88520, ,7.50, ,0.00, ,59.9, 
2008/1/22,08:00,0.0, ,88520, ,3.48, ,0.00, ,59.9, 
2008/1/22,09:00,0.0, ,88560, ,9.15, ,0.00, ,59.9, 
2008/1/22,10:00,0.0, ,88600, ,2.75, ,0.00, ,60.0, 
2008/1/22,11:00,0.1, ,88600, ,13.36, ,23.30, ,60.0, 
2008/1/22,12:00,0.2, ,88600, ,17.33, ,0.00, ,60.0, 
2008/1/22,13:00,0.4, ,88640, ,6.67, ,0.00, ,60.0, 
2008/1/22,14:00,0.2, ,88720, ,14.65, ,0.00, ,60.1, 
2008/1/22,15:00,0.2, ,88760, ,15.20, ,0.00, ,60.1, 
2008/1/22,16:00,0.3, ,88800, ,14.29, ,0.00, ,60.2, 
2008/1/22,17:00,0.6, ,88840, ,14.45, ,19.50, ,60.2, 
2008/1/22,18:00,0.7, ,88840, ,18.54, ,39.90, ,60.2, 
2008/1/22,19:00,0.6, ,88720, ,24.24, ,27.80, ,60.1, 
2008/1/22,20:00,0.7, ,88720, ,11.50, ,9.20, ,60.1, 
2008/1/22,21:00,1.0, ,88720, ,9.45, ,0.00, ,60.1, 
2008/1/22,22:00,1.0, ,88760, ,5.50, ,0.00, ,60.1, 
2008/1/22,23:00,1.7, ,88800, ,11.36, ,0.00, ,60.2, 
2008/1/22,24:00,2.0, ,88840, ,13.56, ,0.00, ,60.2, 
2008/1/23,01:00,1.8, ,88880, ,10.27, ,0.00, ,60.2, 
2008/1/23,02:00,1.3, ,88960, ,17.78, ,0.00, ,60.3, 
2008/1/23,03:00,1.5, ,88960, ,7.52, ,0.00, ,60.3, 
2008/1/23,04:00,0.9, ,89000, ,9.36, ,0.00, ,60.3, 
2008/1/23,05:00,1.3, ,89040, ,8.99, ,0.00, ,60.4, 
2008/1/23,06:00,1.6, ,89080, ,8.44, ,0.00, ,60.4, 
2008/1/23,07:00,1.4, ,89120, ,10.09, ,0.00, ,60.5, 
2008/1/23,08:00,1.2, ,89160, ,11.74, ,0.00, ,60.5, 
2008/1/23,09:00,1.0, ,89200, ,11.57, ,0.00, ,60.5, 
2008/1/23,10:00,1.0, ,89240, ,13.04, ,0.00, ,60.6, 
2008/1/23,11:00,0.8, ,89320, ,19.84, ,0.00, ,60.7, 
2008/1/23,12:00,1.3, ,89400, ,20.21, ,0.00, ,60.7, 
2008/1/23,13:00,2.0, ,89470, ,22.24, ,0.00, ,60.8, 
2008/1/23,14:00,1.0, ,89550, ,23.36, ,0.00, ,60.9, 
2008/1/23,15:00,1.3, ,89670, ,25.21, ,0.00, ,61.0, 
2008/1/23,16:00,1.2, ,89750, ,23.01, ,0.00, ,61.1, 
2008/1/23,17:00,0.7, ,89830, ,27.44, ,0.00, ,61.1, 
2008/1/23,18:00,0.7, ,89910, ,19.90, ,0.00, ,61.2, 
2008/1/23,19:00,0.5, ,89990, ,25.44, ,0.00, ,61.3, 
2008/1/23,20:00,0.4, ,90110, ,27.29, ,0.00, ,61.4, 
2008/1/23,21:00,0.3, ,90190, ,21.77, ,0.00, ,61.5, 
2008/1/23,22:00,0.3, ,90270, ,25.47, ,0.00, ,61.6, 
2008/1/23,23:00,0.0, ,90350, ,22.53, ,0.00, ,61.6, 
2008/1/23,24:00,0.1, ,90430, ,22.16, ,0.00, ,61.6, 
2008/1/24,01:00,0.0, ,90510, ,21.07, ,0.00, ,61.7, 
2008/1/24,02:00,0.0, ,90550, ,18.30, ,0.00, ,61.7, 
2008/1/24,03:00,0.1, ,90630, ,17.57, ,0.00, ,61.8, 
2008/1/24,04:00,0.0, ,90670, ,14.61, ,0.00, ,61.8, 
2008/1/24,05:00,0.0, ,90710, ,13.69, ,0.00, ,61.9, 
2008/1/24,06:00,0.0, ,90750, ,11.66, ,0.00, ,61.9, 
2008/1/24,07:00,0.0, ,90830, ,16.47, ,0.00, ,62.0, 
2008/1/24,08:00,0.0, ,90910, ,16.66, ,0.00, ,62.0, 
2008/1/24,09:00,0.0, ,90950, ,18.50, ,0.00, ,62.1, 
2008/1/24,10:00,0.0, ,91070, ,15.54, ,0.00, ,62.2, 
2008/1/24,11:00,0.0, ,91070, ,16.10, ,0.00, ,62.2, 
2008/1/24,12:00,0.0, ,91150, ,15.18, ,0.00, ,62.3, 
2008/1/24,13:00,0.0, ,91190, ,17.97, ,0.00, ,62.3, 
2008/1/24,14:00,0.1, ,91270, ,17.23, ,0.00, ,62.4, 
2008/1/24,15:00,0.0, ,91270, ,15.75, ,0.00, ,62.4, 
2008/1/24,16:00,0.0, ,91390, ,17.61, ,0.00, ,62.5, 
2008/1/24,17:00,0.0, ,91430, ,16.32, ,0.00, ,62.5, 
2008/1/24,18:00,0.0, ,91470, ,15.21, ,0.00, ,62.6, 
2008/1/24,19:00,0.0, ,91550, ,16.70, ,0.00, ,62.7, 
2008/1/24,20:00,0.0, ,91590, ,15.04, ,0.00, ,62.7, 
2008/1/24,21:00,0.0, ,91670, ,19.13, ,0.00, ,62.8, 
2008/1/24,22:00,0.0, ,91750, ,13.19, ,0.00, ,62.9, 
2008/1/24,23:00,0.0, ,91790, ,19.33, ,0.00, ,62.9, 
2008/1/24,24:00,0.0, ,91830, ,8.92, ,0.00, ,62.8, 
2008/1/25,01:00,0.0, ,91870, ,13.58, ,0.00, ,62.9, 
2008/1/25,02:00,0.0, ,91910, ,12.09, ,0.00, ,62.9, 
2008/1/25,03:00,0.0, ,91950, ,14.88, ,0.00, ,62.9, 
2008/1/25,04:00,0.0, ,91990, ,7.82, ,0.00, ,63.0, 
2008/1/25,05:00,0.0, ,92030, ,8.75, ,0.00, ,63.0, 
2008/1/25,06:00,0.0, ,92030, ,9.68, ,0.00, ,63.0, 
2008/1/25,07:00,0.0, ,92070, ,5.59, ,0.00, ,63.0, 
2008/1/25,08:00,0.0, ,92110, ,7.82, ,0.00, ,63.1, 
2008/1/25,09:00,0.0, ,92110, ,8.94, ,0.00, ,63.1, 
2008/1/25,10:00,0.0, ,92150, ,3.17, ,0.00, ,63.1, 
2008/1/25,11:00,0.0, ,92190, ,11.18, ,0.00, ,63.2, 
2008/1/25,12:00,0.0, ,92230, ,14.35, ,0.00, ,63.2, 
2008/1/25,13:00,0.0, ,92270, ,11.37, ,0.00, ,63.2, 
2008/1/25,14:00,0.1, ,92350, ,17.90, ,0.00, ,63.3, 
2008/1/25,15:00,0.2, ,92390, ,17.16, ,0.00, ,63.4, 
2008/1/25,16:00,0.0, ,92430, ,13.06, ,0.00, ,63.4, 
2008/1/25,17:00,0.0, ,92520, ,14.56, ,0.00, ,63.5, 
2008/1/25,18:00,0.0, ,92560, ,14.00, ,0.00, ,63.5, 
2008/1/25,19:00,0.0, ,92600, ,12.13, ,0.00, ,63.6, 
2008/1/25,20:00,0.0, ,92680, ,18.86, ,0.00, ,63.6, 
2008/1/25,21:00,0.0, ,92720, ,12.33, ,0.00, ,63.7, 
2008/1/25,22:00,0.0, ,92760, ,15.88, ,0.00, ,63.7, 
2008/1/25,23:00,0.0, ,92800, ,12.53, ,0.00, ,63.8, 
2008/1/25,24:00,0.0, ,92880, ,14.40, ,0.00, ,63.8, 
2008/1/26,01:00,0.0, ,92920, ,11.03, ,0.00, ,63.8, 
2008/1/26,02:00,0.0, ,92960, ,13.84, ,0.00, ,63.8, 
2008/1/26,03:00,0.0, ,92960, ,7.49, ,0.00, ,63.8, 
2008/1/26,04:00,0.0, ,93000, ,7.67, ,0.00, ,63.9, 
2008/1/26,05:00,0.0, ,93040, ,7.86, ,0.00, ,63.9, 
2008/1/26,06:00,0.0, ,93040, ,6.93, ,0.00, ,63.9, 
2008/1/26,07:00,0.0, ,93080, ,7.49, ,0.00, ,64.0, 
2008/1/26,08:00,0.0, ,93120, ,6.48, ,6.40, ,64.0, 
2008/1/26,09:00,0.0, ,93080, ,22.80, ,28.30, ,64.0, 
2008/1/26,10:00,0.0, ,92960, ,9.50, ,39.90, ,63.8, 
2008/1/26,11:00,0.0, ,92880, ,6.83, ,21.50, ,63.8, 
2008/1/26,12:00,0.0, ,92880, ,8.71, ,0.00, ,63.8, 
2008/1/26,13:00,0.1, ,92880, ,0.00, ,0.00, ,63.8, 
2008/1/26,14:00,0.0, ,92960, ,9.35, ,0.00, ,63.8, 
2008/1/26,15:00,0.2, ,93000, ,15.91, ,0.00, ,63.9, 
2008/1/26,16:00,0.0, ,93040, ,11.79, ,0.00, ,63.9, 
2008/1/26,17:00,0.0, ,93080, ,14.33, ,6.30, ,64.0, 
2008/1/26,18:00,0.0, ,93080, ,19.45, ,29.20, ,64.0, 
2008/1/26,19:00,0.0, ,93000, ,22.66, ,19.20, ,63.9, 
2008/1/26,20:00,0.0, ,93000, ,2.33, ,0.00, ,63.9, 
2008/1/26,21:00,0.0, ,93040, ,2.62, ,0.00, ,63.9, 
2008/1/26,22:00,0.0, ,93080, ,14.22, ,0.00, ,64.0, 
2008/1/26,23:00,0.0, ,93120, ,11.42, ,0.00, ,64.0, 
2008/1/26,24:00,0.0, ,93160, ,14.23, ,0.00, ,64.0, 
2008/1/27,01:00,0.0, ,93200, ,10.68, ,0.00, ,64.1, 
2008/1/27,02:00,0.0, ,93240, ,11.24, ,0.00, ,64.1, 
2008/1/27,03:00,0.0, ,93280, ,8.06, ,0.00, ,64.2, 
2008/1/27,04:00,0.0, ,93280, ,6.19, ,0.00, ,64.2, 
2008/1/27,05:00,0.0, ,93320, ,6.56, ,0.00, ,64.2, 
2008/1/27,06:00,0.0, ,93320, ,4.69, ,0.00, ,64.2, 
2008/1/27,07:00,0.0, ,93360, ,8.81, ,0.00, ,64.2, 
2008/1/27,08:00,0.0, ,93400, ,3.38, ,0.00, ,64.3, 
2008/1/27,09:00,0.0, ,93400, ,10.42, ,6.30, ,64.3, 
2008/1/27,10:00,0.0, ,93400, ,13.86, ,27.10, ,64.3, 
2008/1/27,11:00,0.0, ,93320, ,17.21, ,27.30, ,64.2, 
2008/1/27,12:00,0.4, ,93240, ,9.42, ,24.00, ,64.1, 
2008/1/27,13:00,0.4, ,93240, ,8.19, ,0.00, ,64.1, 
2008/1/27,14:00,0.2, ,93240, ,0.00, ,0.00, ,64.1, 
2008/1/27,15:00,0.2, ,93320, ,11.81, ,0.00, ,64.2, 
2008/1/27,16:00,0.0, ,93360, ,13.13, ,0.00, ,64.2, 
2008/1/27,17:00,0.0, ,93400, ,11.88, ,14.90, ,64.3, 
2008/1/27,18:00,0.0, ,93400, ,18.77, ,33.00, ,64.3, 
2008/1/27,19:00,0.0, ,93320, ,20.19, ,43.20, ,64.2, 
2008/1/27,20:00,0.0, ,93240, ,12.61, ,19.00, ,64.1, 
2008/1/27,21:00,0.0, ,93240, ,9.62, ,0.00, ,64.1, 
2008/1/27,22:00,0.0, ,93240, ,0.00, ,0.00, ,64.1, 
2008/1/27,23:00,0.0, ,93280, ,6.56, ,0.00, ,64.2, 
2008/1/27,24:00,0.0, ,93320, ,14.62, ,0.00, ,64.2, 
2008/1/28,01:00,0.0, ,93400, ,10.69, ,0.00, ,64.3, 
2008/1/28,02:00,0.0, ,93400, ,13.13, ,0.00, ,64.3, 
2008/1/28,03:00,0.0, ,93450, ,4.69, ,0.00, ,64.3, 
2008/1/28,04:00,0.0, ,93450, ,6.57, ,0.00, ,64.3, 
2008/1/28,05:00,0.0, ,93490, ,10.32, ,0.00, ,64.4, 
2008/1/28,06:00,0.0, ,93530, ,2.44, ,0.00, ,64.4, 
2008/1/28,07:00,0.0, ,93530, ,9.76, ,0.00, ,64.4, 
2008/1/28,08:00,0.0, ,93530, ,0.00, ,0.00, ,64.4, 
2008/1/28,09:00,0.0, ,93570, ,10.32, ,0.00, ,64.4, 
2008/1/28,10:00,0.0, ,93610, ,3.94, ,0.00, ,64.5, 
2008/1/28,11:00,0.0, ,93610, ,8.26, ,0.00, ,64.5, 
2008/1/28,12:00,0.0, ,93690, ,11.65, ,0.00, ,64.5, 
2008/1/28,13:00,0.3, ,93690, ,10.89, ,0.00, ,64.5, 
2008/1/28,14:00,0.2, ,93730, ,9.77, ,0.00, ,64.6, 
2008/1/28,15:00,0.3, ,93810, ,15.22, ,0.00, ,64.7, 
2008/1/28,16:00,0.1, ,93850, ,14.78, ,6.40, ,64.7, 
2008/1/28,17:00,0.3, ,93850, ,16.49, ,21.70, ,64.7, 
2008/1/28,18:00,0.6, ,93770, ,26.91, ,50.10, ,64.6, 
2008/1/28,19:00,0.4, ,93730, ,14.81, ,12.40, ,64.6, 
2008/1/28,20:00,0.5, ,93730, ,8.94, ,0.00, ,64.6, 
2008/1/28,21:00,0.4, ,93810, ,7.33, ,0.00, ,64.7, 
2008/1/28,22:00,0.3, ,93850, ,18.80, ,0.00, ,64.7, 
2008/1/28,23:00,0.4, ,93890, ,11.84, ,0.00, ,64.7, 
2008/1/28,24:00,1.0, ,93970, ,15.61, ,0.00, ,64.8, 
2008/1/29,01:00,0.5, ,94010, ,18.44, ,0.00, ,64.9, 
2008/1/29,02:00,0.2, ,94050, ,11.85, ,0.00, ,64.9, 
2008/1/29,03:00,0.5, ,94090, ,8.66, ,0.00, ,64.9, 
2008/1/29,04:00,0.4, ,94140, ,10.92, ,0.00, ,65.0, 
2008/1/29,05:00,0.0, ,94140, ,9.42, ,0.00, ,65.0, 
2008/1/29,06:00,0.2, ,94180, ,10.92, ,0.00, ,65.0, 
2008/1/29,07:00,0.1, ,94220, ,11.11, ,0.00, ,65.1, 
2008/1/29,08:00,0.3, ,94260, ,8.29, ,0.00, ,65.1, 
2008/1/29,09:00,0.7, ,94300, ,8.86, ,0.00, ,65.1, 
2008/1/29,10:00,0.3, ,94340, ,8.48, ,0.00, ,65.2, 
2008/1/29,11:00,0.7, ,94380, ,11.69, ,0.00, ,65.2, 
2008/1/29,12:00,0.9, ,94420, ,13.77, ,0.00, ,65.3, 
2008/1/29,13:00,0.8, ,94500, ,15.28, ,0.00, ,65.3, 
2008/1/29,14:00,0.6, ,94540, ,16.41, ,0.00, ,65.4, 
2008/1/29,15:00,0.3, ,94580, ,16.42, ,0.00, ,65.4, 
2008/1/29,16:00,0.6, ,94670, ,17.18, ,0.00, ,65.5, 
2008/1/29,17:00,0.0, ,94710, ,14.73, ,0.00, ,65.5, 
2008/1/29,18:00,0.3, ,94790, ,14.36, ,0.00, ,65.6, 
2008/1/29,19:00,0.2, ,94830, ,17.01, ,0.00, ,65.6, 
2008/1/29,20:00,0.0, ,94870, ,14.36, ,0.00, ,65.7, 
2008/1/29,21:00,0.0, ,94950, ,16.83, ,0.00, ,65.8, 
2008/1/29,22:00,0.0, ,94990, ,16.65, ,0.00, ,65.8, 
2008/1/29,23:00,0.0, ,95070, ,17.03, ,0.00, ,65.9, 
2008/1/29,24:00,0.0, ,95110, ,14.58, ,0.00, ,65.8, 
2008/1/30,01:00,0.2, ,95160, ,14.77, ,0.00, ,65.9, 
2008/1/30,02:00,0.0, ,95200, ,13.25, ,0.00, ,65.9, 
2008/1/30,03:00,0.0, ,95240, ,9.66, ,0.00, ,66.0, 
2008/1/30,04:00,0.0, ,95280, ,9.10, ,0.00, ,66.0, 
2008/1/30,05:00,0.0, ,95280, ,6.63, ,0.00, ,66.0, 
2008/1/30,06:00,0.0, ,95320, ,10.80, ,0.00, ,66.0, 
2008/1/30,07:00,0.0, ,95360, ,8.72, ,0.00, ,66.1, 
2008/1/30,08:00,0.0, ,95400, ,5.69, ,0.00, ,66.1, 
2008/1/30,09:00,0.0, ,95400, ,8.91, ,0.00, ,66.1, 
2008/1/30,10:00,0.0, ,95440, ,10.05, ,0.00, ,66.2, 
2008/1/30,11:00,0.2, ,95480, ,11.57, ,0.00, ,66.2, 
2008/1/30,12:00,0.0, ,95560, ,10.05, ,0.00, ,66.3, 
2008/1/30,13:00,0.0, ,95610, ,14.24, ,0.00, ,66.3, 
2008/1/30,14:00,0.0, ,95650, ,14.24, ,0.00, ,66.4, 
2008/1/30,15:00,0.0, ,95690, ,13.48, ,0.00, ,66.4, 
2008/1/30,16:00,0.0, ,95770, ,15.76, ,0.00, ,66.5, 
2008/1/30,17:00,0.0, ,95810, ,16.53, ,0.00, ,66.5, 
2008/1/30,18:00,0.0, ,95850, ,15.12, ,6.40, ,66.5, 
2008/1/30,19:00,0.0, ,95850, ,16.56, ,12.70, ,66.5, 
2008/1/30,20:00,0.0, ,95890, ,14.37, ,0.00, ,66.6, 
2008/1/30,21:00,0.0, ,95930, ,11.98, ,0.00, ,66.6, 
2008/1/30,22:00,0.0, ,96020, ,14.07, ,0.00, ,66.7, 
2008/1/30,23:00,0.0, ,96060, ,20.16, ,0.00, ,66.8, 
2008/1/30,24:00,0.0, ,96100, ,10.28, ,0.00, ,66.8, 
2008/1/31,01:00,0.0, ,96140, ,15.80, ,0.00, ,66.8, 
2008/1/31,02:00,0.0, ,96180, ,9.52, ,0.00, ,66.9, 
2008/1/31,03:00,0.0, ,96220, ,8.76, ,0.00, ,66.9, 
2008/1/31,04:00,0.0, ,96220, ,9.53, ,0.00, ,66.9, 
2008/1/31,05:00,0.0, ,96260, ,8.76, ,0.00, ,66.9, 
2008/1/31,06:00,0.0, ,96260, ,2.67, ,0.00, ,66.9, 
2008/1/31,07:00,0.0, ,96300, ,6.86, ,0.00, ,67.0, 
2008/1/31,08:00,0.0, ,96350, ,9.14, ,0.00, ,67.0, 
2008/1/31,09:00,0.0, ,96350, ,6.86, ,0.00, ,67.0, 
2008/1/31,10:00,0.0, ,96390, ,2.29, ,0.00, ,67.1, 
2008/1/31,11:00,0.0, ,96430, ,14.49, ,0.00, ,67.1, 
2008/1/31,12:00,0.0, ,96470, ,8.96, ,0.00, ,67.1, 
2008/1/31,13:00,0.0, ,96510, ,12.01, ,0.00, ,67.2, 
2008/1/31,14:00,0.1, ,96550, ,13.92, ,0.00, ,67.2, 
2008/1/31,15:00,0.0, ,96590, ,14.12, ,0.00, ,67.3, 
2008/1/31,16:00,0.0, ,96670, ,14.69, ,0.00, ,67.3, 
2008/1/31,17:00,0.0, ,96720, ,12.21, ,0.00, ,67.4, 
2008/1/31,18:00,0.0, ,96760, ,15.96, ,6.20, ,67.4, 
2008/1/31,19:00,0.0, ,96760, ,18.02, ,12.00, ,67.4, 
2008/1/31,20:00,0.0, ,96760, ,11.81, ,0.00, ,67.4, 
2008/1/31,21:00,0.0, ,96800, ,4.59, ,0.00, ,67.5, 
2008/1/31,22:00,0.0, ,96840, ,14.90, ,0.00, ,67.5, 
2008/1/31,23:00,0.0, ,96880, ,12.42, ,0.00, ,67.5, 
2008/1/31,24:00,0.0, ,96960, ,14.34, ,0.00, ,67.6, 
