îCà”ä˙ä‘É_ÉÄèîó åüçıåãâ 
êÖånñº,ãgñÏêÏ
âÕêÏñº,ãgñÏêÏ
äœë™èäñº,ëÅñæâYÉ_ÉÄÅiã@ç\Åj
äœë™èäãLçÜ,1368080700010
#
#îNåéì˙,éûçè,ó¨àÊïΩãœâJó ,ó¨àÊïΩãœâJó ëÆê´,íôêÖó ,íôêÖó ëÆê´,ó¨ì¸ó ,ó¨ì¸ó ëÆê´,ï˙ó¨ó ,ï˙ó¨ó ëÆê´,íôêÖó¶,íôêÖó¶ëÆê´
#ëÆê´Å@$:åáë™ -:ñ¢éÛêM
#
2015/4/1,01:00,1.6, ,161880, ,10.72, ,0.00, ,99.9, 
2015/4/1,02:00,0.9, ,161940, ,11.97, ,0.00, ,99.9, 
2015/4/1,03:00,0.7, ,161940, ,7.23, ,0.00, ,99.9, 
2015/4/1,04:00,0.3, ,161990, ,14.72, ,0.00, ,99.9, 
2015/4/1,05:00,0.1, ,161990, ,0.25, ,0.00, ,99.8, 
2015/4/1,06:00,0.1, ,162040, ,1.25, ,0.00, ,99.8, 
2015/4/1,07:00,0.6, ,162040, ,13.72, ,0.60, ,99.8, 
2015/4/1,08:00,0.3, ,162040, ,9.59, ,19.50, ,99.8, 
2015/4/1,09:00,0.5, ,161990, ,10.75, ,19.20, ,99.7, 
2015/4/1,10:00,0.3, ,161940, ,8.76, ,19.10, ,99.7, 
2015/4/1,11:00,0.1, ,161940, ,8.23, ,19.30, ,99.6, 
2015/4/1,12:00,0.0, ,161940, ,19.25, ,19.30, ,99.6, 
2015/4/1,13:00,0.0, ,161940, ,9.68, ,0.80, ,99.6, 
2015/4/1,14:00,0.0, ,161940, ,9.60, ,19.30, ,99.5, 
2015/4/1,15:00,0.0, ,161880, ,12.86, ,29.60, ,99.5, 
2015/4/1,16:00,0.1, ,161830, ,19.59, ,32.40, ,99.4, 
2015/4/1,17:00,0.1, ,161720, ,14.97, ,48.90, ,99.3, 
2015/4/1,18:00,0.6, ,161500, ,11.46, ,62.10, ,99.1, 
2015/4/1,19:00,0.6, ,161400, ,19.08, ,62.30, ,99.0, 
2015/4/1,20:00,0.4, ,161180, ,15.13, ,62.20, ,98.8, 
2015/4/1,21:00,0.1, ,161020, ,17.24, ,50.30, ,98.7, 
2015/4/1,22:00,0.1, ,160970, ,10.20, ,22.30, ,98.6, 
2015/4/1,23:00,0.1, ,160910, ,10.58, ,22.30, ,98.6, 
2015/4/1,24:00,0.0, ,160910, ,10.32, ,22.00, ,99.8, 
2015/4/2,01:00,0.0, ,160910, ,11.19, ,0.00, ,99.8, 
2015/4/2,02:00,0.0, ,160910, ,0.00, ,0.00, ,99.8, 
2015/4/2,03:00,0.0, ,160970, ,10.69, ,0.00, ,99.8, 
2015/4/2,04:00,0.0, ,160970, ,4.22, ,0.00, ,99.8, 
2015/4/2,05:00,0.0, ,161020, ,7.70, ,0.00, ,99.8, 
2015/4/2,06:00,0.2, ,161020, ,7.21, ,0.00, ,99.7, 
2015/4/2,07:00,0.0, ,161020, ,0.00, ,0.80, ,99.7, 
2015/4/2,08:00,0.0, ,161020, ,9.60, ,19.40, ,99.7, 
2015/4/2,09:00,0.0, ,160970, ,15.28, ,19.30, ,99.6, 
2015/4/2,10:00,0.0, ,160970, ,8.35, ,19.30, ,99.6, 
2015/4/2,11:00,0.0, ,160910, ,7.86, ,19.30, ,99.5, 
2015/4/2,12:00,0.0, ,160910, ,16.51, ,20.90, ,99.5, 
2015/4/2,13:00,0.0, ,160910, ,10.49, ,0.00, ,99.5, 
2015/4/2,14:00,0.5, ,160910, ,0.00, ,0.00, ,99.4, 
2015/4/2,15:00,0.2, ,160970, ,13.67, ,0.00, ,99.5, 
2015/4/2,16:00,0.3, ,161020, ,14.16, ,0.00, ,99.5, 
2015/4/2,17:00,0.1, ,161070, ,10.44, ,3.60, ,99.5, 
2015/4/2,18:00,0.3, ,161070, ,21.45, ,32.50, ,99.4, 
2015/4/2,19:00,0.2, ,160910, ,21.81, ,59.30, ,99.3, 
2015/4/2,20:00,0.6, ,160750, ,17.79, ,48.80, ,99.2, 
2015/4/2,21:00,0.8, ,160750, ,7.74, ,0.00, ,99.1, 
2015/4/2,22:00,1.1, ,160810, ,2.74, ,0.00, ,99.1, 
2015/4/2,23:00,1.2, ,160860, ,17.92, ,0.00, ,99.2, 
2015/4/2,24:00,1.2, ,160910, ,15.42, ,0.00, ,99.7, 
2015/4/3,01:00,1.0, ,160970, ,16.89, ,0.00, ,99.7, 
2015/4/3,02:00,1.9, ,161020, ,12.67, ,0.00, ,99.7, 
2015/4/3,03:00,2.2, ,161070, ,14.16, ,0.00, ,99.7, 
2015/4/3,04:00,2.1, ,161130, ,9.94, ,0.00, ,99.8, 
2015/4/3,05:00,1.9, ,161130, ,14.67, ,0.00, ,99.7, 
2015/4/3,06:00,1.0, ,161180, ,10.94, ,0.00, ,99.7, 
2015/4/3,07:00,1.0, ,161240, ,10.69, ,0.60, ,99.8, 
2015/4/3,08:00,0.3, ,161240, ,17.81, ,19.40, ,99.7, 
2015/4/3,09:00,0.0, ,161180, ,18.03, ,19.30, ,99.7, 
2015/4/3,10:00,0.0, ,161180, ,5.62, ,19.20, ,99.6, 
2015/4/3,11:00,0.3, ,161240, ,33.69, ,19.30, ,99.6, 
2015/4/3,12:00,1.2, ,161290, ,23.52, ,20.90, ,99.6, 
2015/4/3,13:00,4.3, ,161340, ,23.44, ,0.00, ,99.7, 
2015/4/3,14:00,4.2, ,161450, ,25.38, ,0.00, ,99.7, 
2015/4/3,15:00,2.2, ,161500, ,26.64, ,0.00, ,99.7, 
2015/4/3,16:00,0.6, ,161670, ,29.64, ,0.00, ,99.8, 
2015/4/3,17:00,3.3, ,161720, ,28.15, ,3.80, ,99.8, 
2015/4/3,18:00,7.6, ,161830, ,36.89, ,32.40, ,99.8, 
2015/4/3,19:00,4.1, ,161770, ,48.10, ,59.20, ,99.8, 
2015/4/3,20:00,13.1, ,161770, ,60.93, ,51.30, ,99.8, 
2015/4/3,21:00,5.5, ,162100, ,70.24, ,0.00, ,100.0, 
2015/4/3,22:00,4.0, ,162470, ,97.33, ,0.00, ,100.0, 
2015/4/3,23:00,1.1, ,162910, ,113.71, ,0.00, ,100.0, 
2015/4/3,24:00,0.1, ,163290, ,116.14, ,0.00, ,0.0,$
2015/4/4,01:00,0.0, ,163660, ,104.03, ,0.00, ,0.0,$
2015/4/4,02:00,0.0, ,163940, ,88.35, ,0.00, ,0.0,$
2015/4/4,03:00,0.0, ,164210, ,75.89, ,0.00, ,0.0,$
2015/4/4,04:00,0.0, ,164420, ,66.40, ,0.00, ,0.0,$
2015/4/4,05:00,0.0, ,164640, ,58.91, ,0.00, ,0.0,$
2015/4/4,06:00,0.0, ,164810, ,53.40, ,0.00, ,0.0,$
2015/4/4,07:00,0.0, ,164970, ,48.15, ,0.00, ,0.0,$
2015/4/4,08:00,0.0, ,165130, ,44.90, ,0.00, ,0.0,$
2015/4/4,09:00,0.0, ,165300, ,44.42, ,0.00, ,0.0,$
2015/4/4,10:00,0.0, ,165410, ,40.91, ,0.00, ,100.0, 
2015/4/4,11:00,0.0, ,165570, ,39.92, ,0.00, ,100.0, 
2015/4/4,12:00,0.0, ,165680, ,34.13, ,0.00, ,100.0, 
2015/4/4,13:00,0.0, ,165840, ,36.67, ,0.00, ,100.0, 
2015/4/4,14:00,0.0, ,165950, ,34.41, ,0.00, ,100.0, 
2015/4/4,15:00,0.0, ,166060, ,35.19, ,0.00, ,100.0, 
2015/4/4,16:00,0.0, ,166170, ,30.39, ,0.00, ,100.0, 
2015/4/4,17:00,0.0, ,166280, ,33.70, ,0.00, ,100.0, 
2015/4/4,18:00,0.2, ,166390, ,30.43, ,0.00, ,100.0, 
2015/4/4,19:00,0.8, ,166500, ,30.20, ,0.00, ,100.0, 
2015/4/4,20:00,6.3, ,166610, ,30.98, ,0.00, ,100.0, 
2015/4/4,21:00,0.0, ,166770, ,45.21, ,0.00, ,100.0, 
2015/4/4,22:00,0.0, ,166940, ,34.82, ,0.00, ,100.0, 
2015/4/4,23:00,0.0, ,167050, ,36.10, ,0.00, ,100.0, 
2015/4/4,24:00,0.0, ,167160, ,33.07, ,0.00, ,100.0, 
2015/4/5,01:00,0.0, ,167270, ,37.66, ,0.00, ,100.0, 
2015/4/5,02:00,0.0, ,167430, ,37.42, ,0.00, ,100.0, 
2015/4/5,03:00,0.0, ,167540, ,34.13, ,0.00, ,100.0, 
2015/4/5,04:00,0.0, ,167710, ,33.38, ,0.00, ,100.0, 
2015/4/5,05:00,0.0, ,167820, ,42.82, ,0.00, ,100.0, 
2015/4/5,06:00,0.0, ,167930, ,31.88, ,0.00, ,100.0, 
2015/4/5,07:00,0.0, ,168090, ,34.70, ,0.00, ,100.0, 
2015/4/5,08:00,0.0, ,168260, ,47.22, ,0.00, ,100.0, 
2015/4/5,09:00,0.0, ,168420, ,43.16, ,0.00, ,100.0, 
2015/4/5,10:00,0.0, ,168590, ,47.78, ,0.00, ,100.0, 
2015/4/5,11:00,0.0, ,168810, ,53.43, ,0.00, ,100.0, 
2015/4/5,12:00,0.0, ,169030, ,56.79, ,0.00, ,100.0, 
2015/4/5,13:00,0.0, ,169250, ,60.16, ,0.00, ,100.0, 
2015/4/5,14:00,0.0, ,169420, ,54.82, ,0.00, ,100.0, 
2015/4/5,15:00,0.0, ,169590, ,51.78, ,0.00, ,100.0, 
2015/4/5,16:00,0.0, ,169750, ,48.22, ,0.00, ,100.0, 
2015/4/5,17:00,0.0, ,169920, ,47.99, ,0.00, ,100.0, 
2015/4/5,18:00,0.0, ,170140, ,46.22, ,0.00, ,100.0, 
2015/4/5,19:00,0.0, ,170250, ,44.19, ,0.00, ,100.0, 
2015/4/5,20:00,0.0, ,170420, ,42.15, ,0.00, ,100.0, 
2015/4/5,21:00,0.0, ,170530, ,41.41, ,0.00, ,100.0, 
2015/4/5,22:00,0.0, ,170700, ,40.91, ,0.00, ,100.0, 
2015/4/5,23:00,0.0, ,170810, ,37.84, ,0.00, ,100.0, 
2015/4/5,24:00,0.0, ,170970, ,40.95, ,0.00, ,100.0, 
2015/4/6,01:00,0.0, ,171090, ,34.01, ,0.00, ,100.0, 
2015/4/6,02:00,0.0, ,171250, ,37.63, ,0.00, ,100.0, 
2015/4/6,03:00,0.0, ,171360, ,38.68, ,0.00, ,100.0, 
2015/4/6,04:00,0.0, ,171480, ,33.28, ,0.00, ,100.0, 
2015/4/6,05:00,0.0, ,171640, ,37.94, ,0.00, ,100.0, 
2015/4/6,06:00,0.4, ,171750, ,34.85, ,0.00, ,100.0, 
2015/4/6,07:00,0.0, ,171870, ,34.61, ,0.00, ,100.0, 
2015/4/6,08:00,0.0, ,171980, ,34.62, ,0.00, ,100.0, 
2015/4/6,09:00,0.0, ,172090, ,32.31, ,0.00, ,100.0, 
2015/4/6,10:00,0.2, ,172260, ,36.72, ,0.00, ,100.0, 
2015/4/6,11:00,0.0, ,172370, ,30.52, ,0.00, ,100.0, 
2015/4/6,12:00,0.0, ,172480, ,33.39, ,0.00, ,100.0, 
2015/4/6,13:00,0.0, ,172590, ,31.07, ,0.00, ,100.0, 
2015/4/6,14:00,0.0, ,172700, ,30.82, ,0.00, ,100.0, 
2015/4/6,15:00,0.0, ,172820, ,30.05, ,0.00, ,100.0, 
2015/4/6,16:00,0.0, ,172930, ,30.84, ,0.00, ,100.0, 
2015/4/6,17:00,0.0, ,173040, ,28.26, ,0.00, ,100.0, 
2015/4/6,18:00,0.0, ,173150, ,33.45, ,0.00, ,100.0, 
2015/4/6,19:00,0.0, ,173210, ,27.76, ,0.00, ,100.0, 
2015/4/6,20:00,0.0, ,173320, ,31.40, ,0.00, ,100.0, 
2015/4/6,21:00,0.0, ,173430, ,27.78, ,0.00, ,100.0, 
2015/4/6,22:00,1.1, ,173540, ,30.39, ,0.00, ,100.0, 
2015/4/6,23:00,0.6, ,173660, ,31.17, ,0.00, ,100.0, 
2015/4/6,24:00,0.1, ,173770, ,26.50, ,0.00, ,100.0, 
2015/4/7,01:00,0.0, ,173830, ,24.17, ,0.00, ,100.0, 
2015/4/7,02:00,0.0, ,173940, ,26.78, ,0.00, ,100.0, 
2015/4/7,03:00,0.0, ,174050, ,30.95, ,0.00, ,100.0, 
2015/4/7,04:00,0.0, ,174160, ,28.10, ,0.00, ,100.0, 
2015/4/7,05:00,0.5, ,174270, ,24.99, ,0.00, ,100.0, 
2015/4/7,06:00,0.0, ,174330, ,30.20, ,0.00, ,100.0, 
2015/4/7,07:00,0.6, ,174440, ,30.73, ,0.00, ,100.0, 
2015/4/7,08:00,0.0, ,174560, ,25.53, ,0.00, ,100.0, 
2015/4/7,09:00,0.0, ,174670, ,28.41, ,0.00, ,100.0, 
2015/4/7,10:00,0.0, ,174730, ,26.07, ,0.00, ,100.0, 
2015/4/7,11:00,0.0, ,174840, ,25.29, ,0.00, ,100.0, 
2015/4/7,12:00,0.0, ,174890, ,20.34, ,0.00, ,100.0, 
2015/4/7,13:00,0.0, ,175010, ,21.65, ,0.00, ,100.0, 
2015/4/7,14:00,0.0, ,175120, ,28.45, ,0.00, ,100.0, 
2015/4/7,15:00,0.0, ,175180, ,27.67, ,0.00, ,100.0, 
2015/4/7,16:00,0.0, ,175290, ,26.11, ,0.00, ,100.0, 
2015/4/7,17:00,0.0, ,175350, ,23.51, ,0.00, ,100.0, 
2015/4/7,18:00,0.0, ,175460, ,26.39, ,0.00, ,100.0, 
2015/4/7,19:00,0.0, ,175570, ,23.26, ,0.00, ,100.0, 
2015/4/7,20:00,0.0, ,175630, ,26.66, ,0.00, ,100.0, 
2015/4/7,21:00,0.0, ,175740, ,27.46, ,0.00, ,100.0, 
2015/4/7,22:00,0.0, ,175800, ,21.97, ,0.00, ,100.0, 
2015/4/7,23:00,0.2, ,175910, ,26.69, ,0.00, ,100.0, 
2015/4/7,24:00,0.7, ,175970, ,20.41, ,0.00, ,100.0, 
2015/4/8,01:00,1.5, ,176080, ,27.49, ,0.00, ,100.0, 
2015/4/8,02:00,1.7, ,176190, ,24.61, ,0.00, ,100.0, 
2015/4/8,03:00,1.9, ,176250, ,25.15, ,0.00, ,100.0, 
2015/4/8,04:00,0.7, ,176360, ,26.99, ,0.00, ,100.0, 
2015/4/8,05:00,0.3, ,176480, ,25.95, ,0.00, ,100.0, 
2015/4/8,06:00,0.7, ,176530, ,25.43, ,0.00, ,100.0, 
2015/4/8,07:00,0.0, ,176650, ,27.80, ,0.00, ,100.0, 
2015/4/8,08:00,0.0, ,176760, ,25.97, ,0.00, ,100.0, 
2015/4/8,09:00,0.1, ,176870, ,28.34, ,0.00, ,100.0, 
2015/4/8,10:00,0.0, ,176930, ,26.25, ,0.00, ,100.0, 
2015/4/8,11:00,0.0, ,177040, ,22.58, ,0.00, ,100.0, 
2015/4/8,12:00,0.0, ,177100, ,23.38, ,0.00, ,100.0, 
2015/4/8,13:00,0.0, ,177210, ,25.22, ,0.00, ,100.0, 
2015/4/8,14:00,0.0, ,177270, ,24.44, ,0.00, ,100.0, 
2015/4/8,15:00,0.0, ,177380, ,22.60, ,0.00, ,100.0, 
2015/4/8,16:00,0.0, ,177440, ,26.29, ,0.00, ,100.0, 
2015/4/8,17:00,0.0, ,177550, ,21.03, ,0.00, ,100.0, 
2015/4/8,18:00,0.0, ,177610, ,22.34, ,0.00, ,100.0, 
2015/4/8,19:00,0.0, ,177720, ,21.82, ,0.00, ,100.0, 
2015/4/8,20:00,0.0, ,177780, ,25.51, ,0.00, ,100.0, 
2015/4/8,21:00,0.0, ,177890, ,21.57, ,0.00, ,100.0, 
2015/4/8,22:00,0.0, ,177950, ,25.26, ,0.00, ,100.0, 
2015/4/8,23:00,0.0, ,178010, ,21.05, ,0.00, ,100.0, 
2015/4/8,24:00,0.0, ,178120, ,23.43, ,0.00, ,100.0, 
2015/4/9,01:00,0.0, ,178180, ,21.86, ,0.00, ,100.0, 
2015/4/9,02:00,0.0, ,178290, ,20.55, ,0.00, ,100.0, 
2015/4/9,03:00,0.0, ,178350, ,25.03, ,0.00, ,100.0, 
2015/4/9,04:00,0.0, ,178460, ,21.08, ,0.00, ,100.0, 
2015/4/9,05:00,0.0, ,178520, ,23.20, ,0.00, ,100.0, 
2015/4/9,06:00,0.0, ,178580, ,19.51, ,0.00, ,100.0, 
2015/4/9,07:00,0.0, ,178690, ,25.59, ,0.00, ,100.0, 
2015/4/9,08:00,0.0, ,178750, ,21.11, ,0.00, ,100.0, 
2015/4/9,09:00,0.0, ,178860, ,22.96, ,0.00, ,100.0, 
2015/4/9,10:00,0.0, ,178920, ,23.23, ,0.00, ,100.0, 
2015/4/9,11:00,0.0, ,178980, ,19.28, ,0.00, ,100.0, 
2015/4/9,12:00,0.0, ,179090, ,19.55, ,0.00, ,100.0, 
2015/4/9,13:00,0.0, ,179150, ,23.78, ,0.00, ,100.0, 
2015/4/9,14:00,0.0, ,179200, ,20.35, ,0.00, ,100.0, 
2015/4/9,15:00,0.1, ,179320, ,23.26, ,0.00, ,100.0, 
2015/4/9,16:00,0.5, ,179380, ,23.00, ,0.00, ,100.0, 
2015/4/9,17:00,1.2, ,179490, ,20.90, ,0.00, ,100.0, 
2015/4/9,18:00,1.6, ,179550, ,24.87, ,0.00, ,100.0, 
2015/4/9,19:00,1.1, ,179660, ,23.55, ,0.00, ,100.0, 
2015/4/9,20:00,1.0, ,179720, ,24.35, ,0.00, ,100.0, 
2015/4/9,21:00,1.5, ,179830, ,24.62, ,0.00, ,100.0, 
2015/4/9,22:00,2.4, ,179890, ,27.01, ,0.00, ,100.0, 
2015/4/9,23:00,1.0, ,180000, ,26.50, ,0.00, ,100.0, 
2015/4/9,24:00,2.8, ,180120, ,23.32, ,0.00, ,100.0, 
2015/4/10,01:00,2.3, ,180180, ,28.90, ,0.00, ,100.0, 
2015/4/10,02:00,1.2, ,180290, ,27.58, ,0.00, ,100.0, 
2015/4/10,03:00,1.5, ,180410, ,24.41, ,0.00, ,100.0, 
2015/4/10,04:00,2.4, ,180520, ,32.38, ,0.00, ,100.0, 
2015/4/10,05:00,1.5, ,180640, ,31.06, ,0.00, ,100.0, 
2015/4/10,06:00,1.0, ,180750, ,36.12, ,0.00, ,100.0, 
2015/4/10,07:00,1.0, ,180920, ,36.14, ,0.00, ,100.0, 
2015/4/10,08:00,3.1, ,181040, ,41.20, ,0.00, ,100.0, 
2015/4/10,09:00,3.4, ,181210, ,39.62, ,0.00, ,100.0, 
2015/4/10,10:00,1.6, ,181380, ,51.35, ,0.00, ,100.0, 
2015/4/10,11:00,1.3, ,181610, ,54.05, ,0.00, ,100.0, 
2015/4/10,12:00,0.3, ,181780, ,54.35, ,0.00, ,100.0, 
2015/4/10,13:00,0.5, ,182020, ,57.05, ,0.00, ,100.0, 
2015/4/10,14:00,0.3, ,182190, ,58.96, ,0.00, ,100.0, 
2015/4/10,15:00,0.6, ,182420, ,57.67, ,0.00, ,100.0, 
2015/4/10,16:00,1.0, ,182590, ,55.03, ,0.00, ,100.0, 
2015/4/10,17:00,1.0, ,182820, ,54.00, ,0.00, ,100.0, 
2015/4/10,18:00,1.6, ,183000, ,55.11, ,0.00, ,100.0, 
2015/4/10,19:00,1.1, ,183170, ,50.59, ,0.00, ,100.0, 
2015/4/10,20:00,1.1, ,183400, ,57.38, ,0.00, ,100.0, 
2015/4/10,21:00,0.9, ,183580, ,52.62, ,0.00, ,100.0, 
2015/4/10,22:00,0.5, ,183750, ,53.72, ,0.00, ,100.0, 
2015/4/10,23:00,1.2, ,183980, ,55.36, ,0.00, ,100.0, 
2015/4/10,24:00,0.1, ,184160, ,54.04, ,0.00, ,100.0, 
2015/4/11,01:00,0.4, ,184390, ,52.99, ,0.00, ,100.0, 
2015/4/11,02:00,1.0, ,184560, ,53.29, ,0.00, ,100.0, 
2015/4/11,03:00,1.4, ,184740, ,54.67, ,0.00, ,100.0, 
2015/4/11,04:00,0.0, ,184970, ,51.73, ,0.00, ,100.0, 
2015/4/11,05:00,0.0, ,185150, ,57.15, ,0.00, ,100.0, 
2015/4/11,06:00,0.0, ,185320, ,49.09, ,0.00, ,100.0, 
2015/4/11,07:00,0.0, ,185500, ,51.27, ,0.00, ,100.0, 
2015/4/11,08:00,0.0, ,185670, ,48.59, ,0.00, ,100.0, 
2015/4/11,09:00,0.0, ,185850, ,49.97, ,0.00, ,100.0, 
2015/4/11,10:00,0.0, ,186020, ,47.02, ,0.00, ,100.0, 
2015/4/11,11:00,0.0, ,186200, ,48.12, ,0.00, ,100.0, 
2015/4/11,12:00,0.0, ,186310, ,45.90, ,29.30, ,100.0, 
2015/4/11,13:00,0.0, ,186310, ,45.91, ,58.60, ,100.0, 
2015/4/11,14:00,0.0, ,186310, ,55.27, ,58.50, ,100.0, 
2015/4/11,15:00,0.0, ,186250, ,46.18, ,58.30, ,100.0, 
2015/4/11,16:00,0.0, ,186200, ,42.73, ,58.80, ,100.0, 
2015/4/11,17:00,0.0, ,186140, ,44.07, ,58.90, ,100.0, 
2015/4/11,18:00,0.0, ,186080, ,43.24, ,58.70, ,100.0, 
2015/4/11,19:00,0.0, ,186020, ,42.95, ,58.90, ,100.0, 
2015/4/11,20:00,0.0, ,185960, ,40.57, ,59.00, ,100.0, 
2015/4/11,21:00,0.0, ,185900, ,41.93, ,58.70, ,100.0, 
2015/4/11,22:00,0.0, ,185790, ,38.47, ,58.70, ,100.0, 
2015/4/11,23:00,0.0, ,185730, ,36.00, ,58.90, ,100.0, 
2015/4/11,24:00,0.0, ,185730, ,40.51, ,0.00, ,100.0, 
2015/4/12,01:00,0.0, ,185850, ,23.73, ,0.00, ,100.0, 
2015/4/12,02:00,0.0, ,185960, ,28.91, ,0.00, ,100.0, 
2015/4/12,03:00,0.0, ,186080, ,41.36, ,0.00, ,100.0, 
2015/4/12,04:00,0.0, ,186250, ,35.69, ,0.00, ,100.0, 
2015/4/12,05:00,0.0, ,186370, ,36.51, ,0.00, ,100.0, 
2015/4/12,06:00,0.0, ,186490, ,35.71, ,0.00, ,100.0, 
2015/4/12,07:00,0.0, ,186600, ,33.83, ,0.00, ,100.0, 
2015/4/12,08:00,0.0, ,186720, ,35.47, ,0.00, ,100.0, 
2015/4/12,09:00,0.0, ,186840, ,31.42, ,0.00, ,100.0, 
2015/4/12,10:00,0.0, ,186960, ,35.49, ,0.00, ,100.0, 
2015/4/12,11:00,0.0, ,187130, ,33.06, ,0.00, ,100.0, 
2015/4/12,12:00,0.0, ,187250, ,34.43, ,0.00, ,100.0, 
2015/4/12,13:00,0.0, ,187370, ,34.44, ,0.00, ,100.0, 
2015/4/12,14:00,0.0, ,187480, ,32.55, ,0.00, ,100.0, 
2015/4/12,15:00,0.0, ,187600, ,35.00, ,0.00, ,100.0, 
2015/4/12,16:00,0.0, ,187720, ,33.12, ,0.00, ,100.0, 
2015/4/12,17:00,0.0, ,187830, ,29.06, ,20.90, ,100.0, 
2015/4/12,18:00,0.0, ,187830, ,37.25, ,53.20, ,100.0, 
2015/4/12,19:00,0.0, ,187780, ,40.64, ,58.40, ,100.0, 
2015/4/12,20:00,0.0, ,187720, ,36.38, ,58.60, ,100.0, 
2015/4/12,21:00,1.2, ,187600, ,32.61, ,16.90, ,100.0, 
2015/4/12,22:00,1.0, ,187660, ,20.80, ,0.00, ,100.0, 
2015/4/12,23:00,0.3, ,187830, ,32.04, ,0.00, ,100.0, 
2015/4/12,24:00,0.2, ,187890, ,33.13, ,0.00, ,100.0, 
2015/4/13,01:00,0.5, ,188010, ,27.44, ,0.00, ,100.0, 
2015/4/13,02:00,0.8, ,188130, ,32.34, ,0.00, ,100.0, 
2015/4/13,03:00,0.3, ,188250, ,34.52, ,0.00, ,100.0, 
2015/4/13,04:00,0.3, ,188360, ,33.45, ,0.00, ,100.0, 
2015/4/13,05:00,3.9, ,188480, ,32.91, ,0.00, ,100.0, 
2015/4/13,06:00,8.6, ,188660, ,37.55, ,9.60, ,100.0, 
2015/4/13,07:00,6.1, ,188720, ,47.14, ,35.20, ,100.0, 
2015/4/13,08:00,4.1, ,188770, ,45.81, ,51.70, ,100.0, 
2015/4/13,09:00,2.6, ,188770, ,53.24, ,58.50, ,100.0, 
2015/4/13,10:00,1.9, ,188770, ,58.31, ,58.20, ,100.0, 
2015/4/13,11:00,0.3, ,188770, ,58.32, ,58.50, ,100.0, 
2015/4/13,12:00,0.0, ,188830, ,73.82, ,16.30, ,100.0, 
2015/4/13,13:00,1.6, ,189070, ,63.43, ,0.00, ,100.0, 
2015/4/13,14:00,0.3, ,189300, ,68.05, ,9.60, ,100.0, 
2015/4/13,15:00,0.4, ,189480, ,60.77, ,35.20, ,100.0, 
2015/4/13,16:00,0.8, ,189480, ,56.67, ,52.50, ,100.0, 
2015/4/13,17:00,0.9, ,189540, ,66.12, ,58.30, ,100.0, 
2015/4/13,18:00,0.8, ,189540, ,59.79, ,58.10, ,100.0, 
2015/4/13,19:00,0.7, ,189540, ,58.14, ,58.40, ,100.0, 
2015/4/13,20:00,0.9, ,189540, ,58.15, ,58.40, ,100.0, 
2015/4/13,21:00,0.1, ,189540, ,58.14, ,48.30, ,100.0, 
2015/4/13,22:00,0.3, ,189540, ,50.72, ,37.50, ,100.0, 
2015/4/13,23:00,0.3, ,189600, ,37.16, ,9.70, ,100.0, 
2015/4/13,24:00,0.3, ,189720, ,47.57, ,0.00, ,100.0, 
2015/4/14,01:00,0.2, ,189950, ,50.98, ,0.00, ,100.0, 
2015/4/14,02:00,0.0, ,190130, ,50.47, ,0.00, ,100.0, 
2015/4/14,03:00,0.0, ,190310, ,48.86, ,0.00, ,100.0, 
2015/4/14,04:00,0.0, ,190480, ,50.52, ,0.00, ,100.0, 
2015/4/14,05:00,0.0, ,190600, ,47.27, ,0.00, ,100.0, 
2015/4/14,06:00,0.0, ,190840, ,47.03, ,9.60, ,100.0, 
2015/4/14,07:00,0.0, ,190900, ,49.77, ,19.30, ,100.0, 
2015/4/14,08:00,0.1, ,190950, ,43.40, ,50.80, ,100.0, 
2015/4/14,09:00,0.0, ,190950, ,45.87, ,55.10, ,100.0, 
2015/4/14,10:00,0.2, ,190950, ,55.15, ,55.20, ,100.0, 
2015/4/14,11:00,0.0, ,190900, ,39.32, ,49.60, ,100.0, 
2015/4/14,12:00,0.0, ,190900, ,48.71, ,52.70, ,100.0, 
2015/4/14,13:00,0.0, ,190840, ,44.18, ,58.00, ,100.0, 
2015/4/14,14:00,0.0, ,190780, ,37.24, ,57.90, ,100.0, 
2015/4/14,15:00,0.0, ,190720, ,44.54, ,57.80, ,100.0, 
2015/4/14,16:00,0.0, ,190660, ,44.04, ,58.10, ,100.0, 
2015/4/14,17:00,0.0, ,190600, ,38.09, ,58.00, ,100.0, 
2015/4/14,18:00,0.0, ,190540, ,44.62, ,58.00, ,100.0, 
2015/4/14,19:00,0.0, ,190480, ,45.69, ,58.00, ,100.0, 
2015/4/14,20:00,0.1, ,190420, ,41.07, ,58.00, ,100.0, 
2015/4/14,21:00,0.0, ,190360, ,41.62, ,58.10, ,99.9, 
2015/4/14,22:00,0.0, ,190310, ,38.35, ,58.10, ,99.9, 
2015/4/14,23:00,0.0, ,190250, ,38.38, ,58.40, ,99.8, 
2015/4/14,24:00,0.0, ,190190, ,40.59, ,16.70, ,100.0, 
2015/4/15,01:00,0.0, ,190250, ,26.07, ,0.00, ,100.0, 
2015/4/15,02:00,0.0, ,190420, ,32.22, ,0.00, ,100.0, 
2015/4/15,03:00,0.0, ,190480, ,35.79, ,0.00, ,100.0, 
2015/4/15,04:00,0.6, ,190660, ,38.81, ,0.00, ,100.0, 
2015/4/15,05:00,0.1, ,190780, ,32.81, ,0.00, ,100.0, 
2015/4/15,06:00,0.0, ,190900, ,39.66, ,9.60, ,100.0, 
2015/4/15,07:00,0.3, ,190950, ,33.87, ,21.40, ,100.0, 
2015/4/15,08:00,0.0, ,190950, ,29.50, ,53.90, ,100.0, 
2015/4/15,09:00,0.1, ,190950, ,44.80, ,58.00, ,100.0, 
2015/4/15,10:00,0.0, ,190840, ,42.60, ,58.20, ,100.0, 
2015/4/15,11:00,0.0, ,190780, ,39.07, ,57.80, ,100.0, 
2015/4/15,12:00,0.0, ,190720, ,33.91, ,35.40, ,100.0, 
2015/4/15,13:00,0.0, ,190720, ,37.28, ,33.30, ,100.0, 
2015/4/15,14:00,0.0, ,190720, ,32.03, ,30.50, ,100.0, 
2015/4/15,15:00,0.0, ,190720, ,30.36, ,54.10, ,100.0, 
2015/4/15,16:00,0.0, ,190660, ,35.51, ,58.30, ,99.9, 
2015/4/15,17:00,0.0, ,190480, ,27.09, ,58.40, ,99.8, 
2015/4/15,18:00,0.0, ,190420, ,23.08, ,58.20, ,99.7, 
2015/4/15,19:00,0.0, ,190310, ,29.94, ,58.00, ,99.6, 
2015/4/15,20:00,0.0, ,190190, ,32.39, ,57.70, ,99.5, 
2015/4/15,21:00,0.0, ,190130, ,24.20, ,35.30, ,99.5, 
2015/4/15,22:00,0.0, ,190070, ,26.51, ,30.30, ,99.4, 
2015/4/15,23:00,0.0, ,190070, ,26.87, ,9.30, ,99.4, 
2015/4/15,24:00,0.0, ,190130, ,18.96, ,0.00, ,100.0, 
2015/4/16,01:00,0.0, ,190250, ,22.11, ,0.00, ,100.0, 
2015/4/16,02:00,0.0, ,190310, ,23.75, ,0.00, ,100.0, 
2015/4/16,03:00,0.0, ,190360, ,22.12, ,0.00, ,100.0, 
2015/4/16,04:00,0.0, ,190480, ,25.41, ,0.00, ,100.0, 
2015/4/16,05:00,0.0, ,190540, ,25.41, ,0.00, ,100.0, 
2015/4/16,06:00,0.0, ,190660, ,27.06, ,9.40, ,100.0, 
2015/4/16,07:00,0.0, ,190660, ,22.93, ,40.10, ,100.0, 
2015/4/16,08:00,0.0, ,190660, ,32.39, ,49.60, ,100.0, 
2015/4/16,09:00,0.0, ,190540, ,30.07, ,57.80, ,100.0, 
2015/4/16,10:00,0.0, ,190420, ,30.62, ,57.90, ,100.0, 
2015/4/16,11:00,0.0, ,190310, ,20.00, ,51.30, ,99.9, 
2015/4/16,12:00,0.0, ,190250, ,27.89, ,26.30, ,99.8, 
2015/4/16,13:00,0.0, ,190250, ,27.21, ,21.40, ,99.8, 
2015/4/16,14:00,0.0, ,190250, ,24.38, ,30.50, ,99.8, 
2015/4/16,15:00,0.0, ,190190, ,21.99, ,33.20, ,99.7, 
2015/4/16,16:00,0.0, ,190190, ,25.23, ,30.30, ,99.7, 
2015/4/16,17:00,0.0, ,190130, ,21.11, ,54.20, ,99.6, 
2015/4/16,18:00,0.0, ,190070, ,29.90, ,58.10, ,99.5, 
2015/4/16,19:00,0.0, ,189890, ,22.97, ,58.10, ,99.4, 
2015/4/16,20:00,0.0, ,189770, ,26.50, ,58.10, ,99.3, 
2015/4/16,21:00,0.0, ,189660, ,23.76, ,51.40, ,99.2, 
2015/4/16,22:00,0.0, ,189600, ,20.36, ,8.90, ,99.2, 
2015/4/16,23:00,0.0, ,189600, ,14.57, ,0.00, ,99.1, 
2015/4/16,24:00,0.0, ,189720, ,19.90, ,0.00, ,100.0, 
2015/4/17,01:00,0.0, ,189770, ,22.62, ,0.00, ,100.0, 
2015/4/17,02:00,0.0, ,189890, ,23.72, ,0.00, ,100.0, 
2015/4/17,03:00,0.0, ,189950, ,18.82, ,0.00, ,100.0, 
2015/4/17,04:00,0.0, ,190010, ,20.46, ,0.00, ,100.0, 
2015/4/17,05:00,0.0, ,190070, ,21.01, ,0.00, ,100.0, 
2015/4/17,06:00,0.0, ,190130, ,11.19, ,0.00, ,100.0, 
2015/4/17,07:00,0.1, ,190190, ,13.11, ,20.90, ,100.0, 
2015/4/17,08:00,0.0, ,190130, ,14.87, ,52.10, ,100.0, 
2015/4/17,09:00,0.0, ,190010, ,23.00, ,56.80, ,100.0, 
2015/4/17,10:00,0.0, ,189890, ,19.94, ,49.50, ,99.9, 
2015/4/17,11:00,0.0, ,189830, ,25.30, ,36.10, ,99.8, 
2015/4/17,12:00,0.0, ,189770, ,19.14, ,8.20, ,99.8, 
2015/4/17,13:00,0.0, ,189830, ,11.68, ,0.00, ,99.8, 
2015/4/17,14:00,0.0, ,189890, ,21.82, ,9.40, ,99.8, 
2015/4/17,15:00,0.0, ,189950, ,28.88, ,21.20, ,99.8, 
2015/4/17,16:00,0.0, ,189890, ,20.86, ,30.40, ,99.7, 
2015/4/17,17:00,0.0, ,189830, ,21.09, ,51.30, ,99.7, 
2015/4/17,18:00,0.0, ,189720, ,20.95, ,58.50, ,99.6, 
2015/4/17,19:00,0.0, ,189600, ,22.41, ,58.20, ,99.5, 
2015/4/17,20:00,0.0, ,189480, ,21.89, ,58.40, ,99.4, 
2015/4/17,21:00,0.0, ,189300, ,21.36, ,31.20, ,99.3, 
2015/4/17,22:00,0.0, ,189300, ,15.50, ,30.40, ,99.2, 
2015/4/17,23:00,0.0, ,189250, ,18.17, ,28.50, ,99.2, 
2015/4/17,24:00,0.0, ,189250, ,20.02, ,18.10, ,100.0, 
2015/4/18,01:00,0.0, ,189250, ,17.99, ,21.30, ,100.0, 
2015/4/18,02:00,0.0, ,189190, ,21.23, ,52.50, ,99.9, 
2015/4/18,03:00,0.0, ,189070, ,15.31, ,56.80, ,99.8, 
2015/4/18,04:00,0.0, ,188890, ,16.27, ,57.10, ,99.7, 
2015/4/18,05:00,0.0, ,188770, ,11.52, ,33.70, ,99.6, 
2015/4/18,06:00,0.0, ,188660, ,10.53, ,9.20, ,99.5, 
2015/4/18,07:00,0.0, ,188660, ,2.86, ,0.00, ,99.5, 
2015/4/18,08:00,0.0, ,188660, ,0.00, ,0.00, ,99.4, 
2015/4/18,09:00,0.0, ,188720, ,14.42, ,0.00, ,99.5, 
2015/4/18,10:00,0.0, ,188770, ,12.80, ,0.00, ,99.5, 
2015/4/18,11:00,0.0, ,188830, ,20.42, ,0.00, ,99.5, 
2015/4/18,12:00,0.0, ,188950, ,20.97, ,0.00, ,99.5, 
2015/4/18,13:00,0.0, ,189010, ,18.52, ,0.00, ,99.6, 
2015/4/18,14:00,0.0, ,189070, ,20.42, ,0.00, ,99.6, 
2015/4/18,15:00,0.0, ,189130, ,17.68, ,0.00, ,99.6, 
2015/4/18,16:00,0.0, ,189190, ,20.15, ,21.00, ,99.6, 
2015/4/18,17:00,0.0, ,189190, ,16.83, ,53.40, ,99.6, 
2015/4/18,18:00,0.0, ,189070, ,36.43, ,57.30, ,99.5, 
2015/4/18,19:00,0.0, ,189010, ,22.34, ,51.40, ,99.4, 
2015/4/18,20:00,0.0, ,188890, ,20.54, ,21.40, ,99.3, 
2015/4/18,21:00,0.0, ,188830, ,13.73, ,20.80, ,99.3, 
2015/4/18,22:00,0.0, ,188830, ,13.93, ,17.80, ,99.2, 
2015/4/18,23:00,0.0, ,188830, ,18.01, ,18.00, ,99.2, 
2015/4/18,24:00,0.0, ,188830, ,19.16, ,20.80, ,100.0, 
2015/4/19,01:00,0.0, ,188830, ,19.68, ,35.50, ,100.0, 
2015/4/19,02:00,0.0, ,188770, ,21.08, ,51.70, ,99.9, 
2015/4/19,03:00,0.0, ,188600, ,15.41, ,58.40, ,99.8, 
2015/4/19,04:00,1.1, ,188480, ,21.86, ,58.30, ,99.7, 
2015/4/19,05:00,0.6, ,188360, ,23.21, ,39.90, ,99.6, 
2015/4/19,06:00,2.5, ,188300, ,19.41, ,27.60, ,99.5, 
2015/4/19,07:00,1.0, ,188300, ,23.92, ,17.90, ,99.5, 
2015/4/19,08:00,0.2, ,188300, ,18.05, ,18.10, ,99.5, 
2015/4/19,09:00,0.0, ,188300, ,19.22, ,20.80, ,99.5, 
2015/4/19,10:00,0.0, ,188300, ,19.72, ,18.10, ,99.4, 
2015/4/19,11:00,0.0, ,188300, ,18.04, ,17.90, ,99.4, 
2015/4/19,12:00,0.0, ,188250, ,6.87, ,18.20, ,99.4, 
2015/4/19,13:00,0.2, ,188250, ,12.87, ,18.10, ,99.3, 
2015/4/19,14:00,0.0, ,188250, ,18.04, ,18.10, ,99.3, 
2015/4/19,15:00,0.1, ,188250, ,18.05, ,20.90, ,99.3, 
2015/4/19,16:00,0.1, ,188250, ,23.75, ,53.80, ,99.3, 
2015/4/19,17:00,0.0, ,188130, ,24.06, ,58.60, ,99.2, 
2015/4/19,18:00,0.3, ,187950, ,17.60, ,58.40, ,99.0, 
2015/4/19,19:00,0.0, ,187830, ,20.59, ,58.30, ,98.9, 
2015/4/19,20:00,0.2, ,187660, ,20.86, ,58.50, ,98.8, 
2015/4/19,21:00,0.0, ,187540, ,16.90, ,31.60, ,98.7, 
2015/4/19,22:00,0.5, ,187480, ,16.09, ,28.80, ,98.7, 
2015/4/19,23:00,2.6, ,187480, ,18.85, ,21.00, ,98.6, 
2015/4/19,24:00,4.0, ,187480, ,20.85, ,22.10, ,100.0, 
2015/4/20,01:00,5.6, ,187480, ,24.40, ,29.10, ,100.0, 
2015/4/20,02:00,4.6, ,187420, ,28.12, ,34.70, ,99.9, 
2015/4/20,03:00,5.7, ,187420, ,21.74, ,35.00, ,99.9, 
2015/4/20,04:00,8.0, ,187480, ,44.01, ,34.70, ,99.9, 
2015/4/20,05:00,6.7, ,187600, ,51.88, ,53.90, ,100.0, 
2015/4/20,06:00,4.6, ,187720, ,82.65, ,58.60, ,100.0, 
2015/4/20,07:00,5.4, ,187950, ,111.59, ,58.20, ,100.0, 
2015/4/20,08:00,6.9, ,188250, ,133.92, ,58.50, ,100.0, 
2015/4/20,09:00,7.8, ,188540, ,142.11, ,58.30, ,100.0, 
2015/4/20,10:00,3.9, ,188950, ,153.04, ,58.30, ,100.0, 
2015/4/20,11:00,4.9, ,189420, ,174.57, ,58.30, ,100.0, 
2015/4/20,12:00,2.5, ,189830, ,183.22, ,58.00, ,100.0, 
2015/4/20,13:00,0.9, ,190190, ,169.35, ,58.30, ,100.0, 
2015/4/20,14:00,1.8, ,190540, ,165.04, ,58.30, ,100.0, 
2015/4/20,15:00,1.3, ,190840, ,140.75, ,57.90, ,100.0, 
2015/4/20,16:00,1.5, ,191070, ,129.10, ,58.00, ,100.0, 
2015/4/20,17:00,0.5, ,191250, ,115.77, ,58.10, ,100.0, 
2015/4/20,18:00,0.6, ,191430, ,108.91, ,58.10, ,100.0, 
2015/4/20,19:00,0.3, ,191610, ,102.85, ,58.00, ,100.0, 
2015/4/20,20:00,0.1, ,191720, ,91.92, ,57.90, ,100.0, 
2015/4/20,21:00,0.0, ,191780, ,91.65, ,58.00, ,100.0, 
2015/4/20,22:00,0.1, ,191900, ,82.29, ,57.90, ,100.0, 
2015/4/20,23:00,0.0, ,191960, ,80.09, ,58.00, ,100.0, 
2015/4/20,24:00,0.0, ,192020, ,72.96, ,57.90, ,100.0, 
2015/4/21,01:00,0.3, ,192080, ,71.30, ,57.70, ,100.0, 
2015/4/21,02:00,0.0, ,192140, ,78.42, ,57.90, ,100.0, 
2015/4/21,03:00,0.0, ,192140, ,67.68, ,57.60, ,100.0, 
2015/4/21,04:00,0.0, ,192200, ,65.47, ,57.90, ,100.0, 
2015/4/21,05:00,0.0, ,192200, ,66.59, ,57.60, ,100.0, 
2015/4/21,06:00,0.0, ,192260, ,58.33, ,57.90, ,100.0, 
2015/4/21,07:00,0.0, ,192260, ,73.77, ,57.70, ,100.0, 
2015/4/21,08:00,0.0, ,192260, ,57.80, ,57.80, ,100.0, 
2015/4/21,09:00,0.0, ,192260, ,57.78, ,57.80, ,99.9, 
2015/4/21,10:00,0.0, ,192260, ,57.83, ,57.90, ,99.9, 
2015/4/21,11:00,0.0, ,192200, ,52.87, ,57.80, ,99.9, 
2015/4/21,12:00,0.0, ,192200, ,46.28, ,57.70, ,99.8, 
2015/4/21,13:00,0.0, ,192200, ,57.83, ,57.80, ,99.8, 
2015/4/21,14:00,0.0, ,192140, ,44.10, ,58.20, ,99.8, 
2015/4/21,15:00,0.0, ,192140, ,55.07, ,57.90, ,99.7, 
2015/4/21,16:00,0.0, ,192080, ,43.04, ,58.00, ,99.7, 
2015/4/21,17:00,0.0, ,192020, ,48.25, ,57.70, ,99.6, 
2015/4/21,18:00,0.0, ,191960, ,44.42, ,57.80, ,99.6, 
2015/4/21,19:00,0.0, ,191900, ,45.50, ,57.80, ,99.5, 
2015/4/21,20:00,0.0, ,191900, ,42.15, ,57.80, ,99.5, 
2015/4/21,21:00,0.0, ,191780, ,44.10, ,57.60, ,99.4, 
2015/4/21,22:00,0.0, ,191780, ,38.64, ,57.90, ,99.4, 
2015/4/21,23:00,0.0, ,191660, ,40.80, ,57.90, ,99.3, 
2015/4/21,24:00,0.0, ,191610, ,38.37, ,57.90, ,100.0, 
2015/4/22,01:00,0.0, ,191550, ,41.39, ,57.70, ,99.9, 
2015/4/22,02:00,0.0, ,191490, ,37.55, ,57.90, ,99.9, 
2015/4/22,03:00,0.0, ,191430, ,37.06, ,57.80, ,99.8, 
2015/4/22,04:00,0.0, ,191370, ,41.99, ,58.00, ,99.8, 
2015/4/22,05:00,0.0, ,191250, ,32.39, ,58.10, ,99.7, 
2015/4/22,06:00,0.0, ,191190, ,35.95, ,58.00, ,99.6, 
2015/4/22,07:00,0.0, ,191070, ,34.63, ,58.10, ,99.5, 
2015/4/22,08:00,0.0, ,191010, ,38.52, ,58.20, ,99.4, 
2015/4/22,09:00,0.0, ,190950, ,36.62, ,57.90, ,99.4, 
2015/4/22,10:00,0.0, ,190840, ,32.56, ,58.00, ,99.3, 
2015/4/22,11:00,0.0, ,190780, ,32.57, ,58.10, ,99.2, 
2015/4/22,12:00,0.0, ,190660, ,32.90, ,58.30, ,99.1, 
2015/4/22,13:00,0.0, ,190600, ,33.46, ,58.00, ,99.1, 
2015/4/22,14:00,0.0, ,190480, ,33.16, ,57.90, ,99.0, 
2015/4/22,15:00,0.0, ,190360, ,32.55, ,57.90, ,98.9, 
2015/4/22,16:00,0.0, ,190310, ,29.60, ,58.10, ,98.8, 
2015/4/22,17:00,0.0, ,190250, ,37.02, ,58.20, ,98.8, 
2015/4/22,18:00,0.0, ,190130, ,32.90, ,58.30, ,98.7, 
2015/4/22,19:00,0.0, ,190010, ,33.23, ,57.90, ,98.6, 
2015/4/22,20:00,0.0, ,189950, ,31.33, ,58.20, ,98.5, 
2015/4/22,21:00,0.0, ,189830, ,30.35, ,58.20, ,98.4, 
2015/4/22,22:00,0.0, ,189770, ,31.43, ,58.00, ,98.4, 
2015/4/22,23:00,0.0, ,189660, ,29.24, ,58.40, ,98.3, 
2015/4/22,24:00,0.0, ,189540, ,30.92, ,21.80, ,100.0, 
2015/4/23,01:00,0.0, ,189540, ,23.90, ,20.70, ,100.0, 
2015/4/23,02:00,0.0, ,189540, ,19.67, ,18.20, ,100.0, 
2015/4/23,03:00,0.0, ,189600, ,22.37, ,35.70, ,100.0, 
2015/4/23,04:00,0.0, ,189600, ,42.20, ,51.70, ,99.9, 
2015/4/23,05:00,0.0, ,189480, ,29.96, ,58.10, ,99.9, 
2015/4/23,06:00,0.0, ,189360, ,32.78, ,58.00, ,99.8, 
2015/4/23,07:00,0.0, ,189250, ,26.60, ,58.30, ,99.7, 
2015/4/23,08:00,0.0, ,189130, ,23.91, ,58.30, ,99.6, 
2015/4/23,09:00,0.0, ,189070, ,30.18, ,58.10, ,99.5, 
2015/4/23,10:00,0.0, ,188890, ,27.97, ,58.20, ,99.4, 
2015/4/23,11:00,0.0, ,188830, ,24.20, ,58.50, ,99.3, 
2015/4/23,12:00,0.0, ,188720, ,29.12, ,21.70, ,99.2, 
2015/4/23,13:00,0.0, ,188720, ,25.88, ,20.80, ,99.2, 
2015/4/23,14:00,0.0, ,188720, ,19.65, ,18.00, ,99.2, 
2015/4/23,15:00,0.0, ,188720, ,18.01, ,17.90, ,99.2, 
2015/4/23,16:00,0.0, ,188720, ,17.99, ,40.40, ,99.1, 
2015/4/23,17:00,0.0, ,188720, ,32.49, ,49.70, ,99.1, 
2015/4/23,18:00,0.0, ,188600, ,31.73, ,58.20, ,99.0, 
2015/4/23,19:00,0.0, ,188480, ,25.33, ,58.40, ,98.9, 
2015/4/23,20:00,0.0, ,188360, ,31.64, ,58.20, ,98.8, 
2015/4/23,21:00,0.0, ,188250, ,25.13, ,21.60, ,98.7, 
2015/4/23,22:00,0.0, ,188250, ,20.78, ,21.00, ,98.7, 
2015/4/23,23:00,0.0, ,188250, ,20.78, ,20.80, ,98.7, 
2015/4/23,24:00,0.0, ,188250, ,20.84, ,20.80, ,100.0, 
2015/4/24,01:00,0.0, ,188250, ,19.72, ,17.90, ,100.0, 
2015/4/24,02:00,0.0, ,188250, ,18.03, ,18.20, ,100.0, 
2015/4/24,03:00,0.0, ,188250, ,18.03, ,17.90, ,99.9, 
2015/4/24,04:00,0.0, ,188300, ,20.16, ,18.00, ,99.9, 
2015/4/24,05:00,0.0, ,188300, ,32.17, ,17.90, ,99.9, 
2015/4/24,06:00,0.0, ,188300, ,18.00, ,18.00, ,99.9, 
2015/4/24,07:00,0.0, ,188300, ,17.98, ,18.00, ,99.9, 
2015/4/24,08:00,0.0, ,188360, ,30.00, ,18.00, ,99.9, 
2015/4/24,09:00,0.0, ,188360, ,23.55, ,20.80, ,99.9, 
2015/4/24,10:00,0.0, ,188360, ,19.67, ,18.10, ,99.8, 
2015/4/24,11:00,0.0, ,188360, ,18.12, ,18.10, ,99.8, 
2015/4/24,12:00,0.0, ,188360, ,18.10, ,18.10, ,99.8, 
2015/4/24,13:00,0.0, ,188360, ,18.01, ,18.20, ,99.8, 
2015/4/24,14:00,0.0, ,188360, ,18.02, ,18.20, ,99.8, 
2015/4/24,15:00,0.0, ,188420, ,31.59, ,21.10, ,99.8, 
2015/4/24,16:00,0.0, ,188420, ,26.40, ,47.40, ,99.8, 
2015/4/24,17:00,0.0, ,188300, ,31.63, ,53.40, ,99.7, 
2015/4/24,18:00,0.0, ,188190, ,21.86, ,58.40, ,99.6, 
2015/4/24,19:00,0.0, ,188070, ,25.21, ,58.30, ,99.5, 
2015/4/24,20:00,0.0, ,187950, ,24.39, ,58.30, ,99.4, 
2015/4/24,21:00,0.0, ,187830, ,24.62, ,21.70, ,99.3, 
2015/4/24,22:00,0.0, ,187830, ,19.46, ,20.90, ,99.3, 
2015/4/24,23:00,0.0, ,187830, ,20.86, ,20.90, ,99.2, 
2015/4/24,24:00,0.0, ,187830, ,20.88, ,20.80, ,100.0, 
2015/4/25,01:00,0.0, ,187830, ,19.69, ,17.90, ,100.0, 
2015/4/25,02:00,0.0, ,187830, ,17.95, ,21.20, ,100.0, 
2015/4/25,03:00,0.0, ,187830, ,24.43, ,53.50, ,99.9, 
2015/4/25,04:00,0.0, ,187720, ,24.46, ,58.50, ,99.8, 
2015/4/25,05:00,0.0, ,187540, ,23.89, ,21.90, ,99.7, 
2015/4/25,06:00,0.0, ,187540, ,11.92, ,12.50, ,99.7, 
2015/4/25,07:00,0.0, ,187600, ,12.34, ,0.00, ,99.7, 
2015/4/25,08:00,0.0, ,187660, ,19.82, ,0.00, ,99.7, 
2015/4/25,09:00,0.0, ,187720, ,20.63, ,0.00, ,99.7, 
2015/4/25,10:00,0.0, ,187780, ,20.36, ,0.00, ,99.7, 
2015/4/25,11:00,0.0, ,187890, ,22.00, ,0.00, ,99.8, 
2015/4/25,12:00,0.0, ,187950, ,21.46, ,0.00, ,99.8, 
2015/4/25,13:00,0.0, ,188070, ,21.73, ,0.00, ,99.9, 
2015/4/25,14:00,0.0, ,188130, ,20.93, ,0.00, ,99.9, 
2015/4/25,15:00,0.0, ,188190, ,20.66, ,0.00, ,99.9, 
2015/4/25,16:00,0.0, ,188300, ,23.93, ,9.20, ,99.9, 
2015/4/25,17:00,0.0, ,188300, ,27.52, ,21.00, ,99.9, 
2015/4/25,18:00,0.0, ,188300, ,24.37, ,53.70, ,99.9, 
2015/4/25,19:00,0.0, ,188190, ,21.71, ,58.30, ,99.8, 
2015/4/25,20:00,0.0, ,188010, ,22.18, ,44.20, ,99.7, 
2015/4/25,21:00,0.0, ,187950, ,21.24, ,9.50, ,99.6, 
2015/4/25,22:00,0.0, ,187950, ,8.52, ,0.00, ,99.6, 
2015/4/25,23:00,0.0, ,188070, ,15.21, ,0.00, ,99.6, 
2015/4/25,24:00,0.0, ,188130, ,18.21, ,0.00, ,100.0, 
2015/4/26,01:00,0.0, ,188190, ,20.39, ,0.00, ,100.0, 
2015/4/26,02:00,0.0, ,188250, ,20.93, ,0.00, ,100.0, 
2015/4/26,03:00,0.0, ,188300, ,21.21, ,0.00, ,100.0, 
2015/4/26,04:00,0.0, ,188420, ,15.78, ,0.00, ,100.0, 
2015/4/26,05:00,0.0, ,188480, ,25.30, ,0.00, ,100.0, 
2015/4/26,06:00,0.0, ,188540, ,18.23, ,0.00, ,100.0, 
2015/4/26,07:00,0.0, ,188600, ,17.69, ,0.00, ,100.0, 
2015/4/26,08:00,0.0, ,188660, ,20.42, ,9.60, ,100.0, 
2015/4/26,09:00,0.0, ,188720, ,22.11, ,18.00, ,100.0, 
2015/4/26,10:00,0.0, ,188720, ,23.99, ,11.10, ,100.0, 
2015/4/26,11:00,0.0, ,188770, ,10.11, ,0.00, ,100.0, 
2015/4/26,12:00,0.0, ,188830, ,19.61, ,0.00, ,100.0, 
2015/4/26,13:00,0.0, ,188890, ,15.80, ,0.00, ,100.0, 
2015/4/26,14:00,0.0, ,188950, ,20.97, ,0.00, ,100.0, 
2015/4/26,15:00,0.0, ,189010, ,19.62, ,0.00, ,100.0, 
2015/4/26,16:00,0.0, ,189070, ,16.34, ,20.30, ,100.0, 
2015/4/26,17:00,0.0, ,189070, ,19.54, ,52.80, ,100.0, 
2015/4/26,18:00,0.0, ,188950, ,35.89, ,58.20, ,100.0, 
2015/4/26,19:00,0.0, ,188830, ,20.64, ,57.80, ,100.0, 
2015/4/26,20:00,0.0, ,188720, ,21.75, ,58.50, ,99.9, 
2015/4/26,21:00,0.0, ,188540, ,20.12, ,39.10, ,99.8, 
2015/4/26,22:00,0.0, ,188480, ,19.15, ,7.90, ,99.7, 
2015/4/26,23:00,0.0, ,188480, ,4.95, ,0.00, ,99.7, 
2015/4/26,24:00,0.0, ,188600, ,17.96, ,0.00, ,100.0, 
2015/4/27,01:00,0.0, ,188660, ,18.51, ,0.00, ,100.0, 
2015/4/27,02:00,0.0, ,188720, ,16.87, ,0.00, ,100.0, 
2015/4/27,03:00,0.0, ,188770, ,17.69, ,0.00, ,100.0, 
2015/4/27,04:00,0.0, ,188830, ,14.16, ,0.00, ,100.0, 
2015/4/27,05:00,0.0, ,188830, ,12.80, ,0.00, ,100.0, 
2015/4/27,06:00,0.0, ,188890, ,7.35, ,0.00, ,100.0, 
2015/4/27,07:00,0.0, ,188890, ,8.99, ,0.00, ,100.0, 
2015/4/27,08:00,0.0, ,188950, ,8.18, ,19.70, ,100.0, 
2015/4/27,09:00,0.0, ,188950, ,22.69, ,27.70, ,100.0, 
2015/4/27,10:00,0.0, ,188890, ,14.94, ,9.20, ,100.0, 
2015/4/27,11:00,0.0, ,188890, ,9.77, ,0.00, ,99.9, 
2015/4/27,12:00,0.0, ,188950, ,9.80, ,0.00, ,100.0, 
2015/4/27,13:00,0.0, ,189010, ,17.16, ,0.00, ,100.0, 
2015/4/27,14:00,0.0, ,189070, ,18.51, ,0.00, ,100.0, 
2015/4/27,15:00,0.0, ,189130, ,18.51, ,20.90, ,100.0, 
2015/4/27,16:00,0.0, ,189130, ,16.56, ,52.90, ,100.0, 
2015/4/27,17:00,0.0, ,189010, ,31.50, ,58.10, ,99.9, 
2015/4/27,18:00,0.0, ,188890, ,20.02, ,58.20, ,99.8, 
2015/4/27,19:00,0.0, ,188720, ,17.89, ,58.40, ,99.7, 
2015/4/27,20:00,0.0, ,188600, ,19.56, ,48.80, ,99.6, 
2015/4/27,21:00,0.0, ,188480, ,17.81, ,30.60, ,99.5, 
2015/4/27,22:00,0.0, ,188480, ,16.44, ,10.70, ,99.5, 
2015/4/27,23:00,0.0, ,188480, ,11.39, ,0.00, ,99.4, 
2015/4/27,24:00,0.0, ,188540, ,1.63, ,0.00, ,0.0,$
2015/4/28,01:00,0.0, ,188600, ,17.69, ,0.00, ,0.0,$
2015/4/28,02:00,0.0, ,188600, ,13.34, ,0.00, ,0.0,$
2015/4/28,03:00,0.0, ,188660, ,16.06, ,0.00, ,0.0,$
2015/4/28,04:00,0.0, ,188720, ,1.36, ,0.00, ,0.0,$
2015/4/28,05:00,0.0, ,188720, ,15.24, ,0.00, ,0.0,$
2015/4/28,06:00,0.0, ,188720, ,0.00, ,0.00, ,0.0,$
2015/4/28,07:00,0.0, ,188770, ,10.08, ,0.00, ,0.0,$
2015/4/28,08:00,0.0, ,188770, ,6.27, ,20.90, ,0.0,$
2015/4/28,09:00,0.0, ,188770, ,15.23, ,52.90, ,99.9, 
2015/4/28,10:00,0.0, ,188660, ,24.71, ,18.10, ,99.9, 
2015/4/28,11:00,0.0, ,188660, ,14.76, ,0.00, ,99.8, 
2015/4/28,12:00,0.0, ,188720, ,1.36, ,0.00, ,99.8, 
2015/4/28,13:00,0.0, ,188770, ,20.42, ,0.00, ,99.9, 
2015/4/28,14:00,0.0, ,188830, ,12.53, ,0.00, ,99.9, 
2015/4/28,15:00,0.0, ,188830, ,14.71, ,0.00, ,99.8, 
2015/4/28,16:00,0.0, ,188950, ,15.80, ,20.70, ,99.9, 
2015/4/28,17:00,0.0, ,188890, ,27.70, ,53.00, ,99.8, 
2015/4/28,18:00,0.0, ,188770, ,20.07, ,58.50, ,99.7, 
2015/4/28,19:00,0.0, ,188660, ,17.71, ,58.40, ,99.7, 
2015/4/28,20:00,0.2, ,188480, ,16.17, ,58.30, ,99.5, 
2015/4/28,21:00,0.1, ,188360, ,16.98, ,58.40, ,99.4, 
2015/4/28,22:00,0.3, ,188190, ,16.98, ,58.40, ,99.3, 
2015/4/28,23:00,0.5, ,188070, ,20.56, ,58.00, ,99.2, 
2015/4/28,24:00,0.7, ,187890, ,17.04, ,16.90, ,100.0, 
2015/4/29,01:00,1.0, ,187890, ,7.51, ,0.00, ,100.0, 
2015/4/29,02:00,0.3, ,187950, ,11.95, ,0.00, ,100.0, 
2015/4/29,03:00,0.3, ,188010, ,11.95, ,0.00, ,100.0, 
2015/4/29,04:00,0.0, ,188010, ,8.69, ,0.00, ,100.0, 
2015/4/29,05:00,0.0, ,188070, ,7.88, ,0.00, ,100.0, 
2015/4/29,06:00,0.0, ,188070, ,8.43, ,0.00, ,100.0, 
2015/4/29,07:00,0.1, ,188130, ,7.88, ,0.00, ,100.0, 
2015/4/29,08:00,0.2, ,188130, ,8.44, ,21.00, ,100.0, 
2015/4/29,09:00,0.2, ,188130, ,15.28, ,53.20, ,99.9, 
2015/4/29,10:00,0.2, ,187950, ,18.59, ,17.70, ,99.8, 
2015/4/29,11:00,0.0, ,188010, ,7.76, ,0.00, ,99.8, 
2015/4/29,12:00,0.0, ,188010, ,13.86, ,0.00, ,99.8, 
2015/4/29,13:00,0.0, ,188070, ,14.41, ,0.00, ,99.8, 
2015/4/29,14:00,0.0, ,188130, ,12.50, ,0.00, ,99.8, 
2015/4/29,15:00,0.0, ,188190, ,13.59, ,0.00, ,99.9, 
2015/4/29,16:00,0.0, ,188250, ,19.04, ,20.70, ,99.9, 
2015/4/29,17:00,0.0, ,188250, ,20.92, ,32.60, ,99.8, 
2015/4/29,18:00,0.0, ,188130, ,23.60, ,51.50, ,99.8, 
2015/4/29,19:00,0.1, ,188010, ,14.99, ,58.50, ,99.7, 
2015/4/29,20:00,0.0, ,187830, ,17.65, ,58.50, ,99.5, 
2015/4/29,21:00,0.0, ,187720, ,16.04, ,17.00, ,99.4, 
2015/4/29,22:00,0.0, ,187720, ,11.58, ,0.00, ,99.4, 
2015/4/29,23:00,0.0, ,187780, ,1.90, ,0.00, ,99.4, 
2015/4/29,24:00,0.0, ,187830, ,19.82, ,0.00, ,100.0, 
2015/4/30,01:00,0.0, ,187890, ,13.31, ,0.00, ,100.0, 
2015/4/30,02:00,0.0, ,187890, ,13.86, ,0.00, ,100.0, 
2015/4/30,03:00,0.0, ,187950, ,14.67, ,0.00, ,100.0, 
2015/4/30,04:00,0.0, ,187950, ,1.63, ,0.00, ,100.0, 
2015/4/30,05:00,0.0, ,188010, ,4.89, ,0.00, ,100.0, 
2015/4/30,06:00,0.0, ,188010, ,11.41, ,0.00, ,100.0, 
2015/4/30,07:00,0.0, ,188010, ,0.00, ,0.00, ,100.0, 
2015/4/30,08:00,0.0, ,188070, ,3.00, ,20.70, ,100.0, 
2015/4/30,09:00,0.0, ,188010, ,23.68, ,47.20, ,99.9, 
2015/4/30,10:00,0.0, ,187890, ,16.49, ,13.20, ,99.8, 
2015/4/30,11:00,0.0, ,187890, ,6.72, ,0.00, ,99.8, 
2015/4/30,12:00,0.0, ,187950, ,9.24, ,0.00, ,99.8, 
2015/4/30,13:00,0.0, ,188010, ,12.77, ,0.00, ,99.8, 
2015/4/30,14:00,0.0, ,188070, ,13.31, ,0.00, ,99.8, 
2015/4/30,15:00,0.0, ,188070, ,13.59, ,0.00, ,99.8, 
2015/4/30,16:00,0.0, ,188130, ,14.96, ,20.50, ,99.8, 
2015/4/30,17:00,0.0, ,188130, ,16.58, ,32.60, ,99.8, 
2015/4/30,18:00,0.0, ,188010, ,26.00, ,51.40, ,99.7, 
2015/4/30,19:00,0.0, ,187890, ,14.17, ,58.30, ,99.6, 
2015/4/30,20:00,0.0, ,187720, ,18.74, ,47.40, ,99.5, 
2015/4/30,21:00,0.0, ,187660, ,12.95, ,8.30, ,99.5, 
2015/4/30,22:00,0.0, ,187660, ,11.39, ,0.00, ,99.4, 
2015/4/30,23:00,0.0, ,187720, ,1.36, ,0.00, ,99.4, 
2015/4/30,24:00,0.0, ,187720, ,14.93, ,0.00, ,100.0, 
