îCà”ä˙ä‘É_ÉÄèîó åüçıåãâ 
êÖånñº,ãgñÏêÏ
âÕêÏñº,ãgñÏêÏ
äœë™èäñº,ëÅñæâYÉ_ÉÄÅiã@ç\Åj
äœë™èäãLçÜ,1368080700010
#
#îNåéì˙,éûçè,ó¨àÊïΩãœâJó ,ó¨àÊïΩãœâJó ëÆê´,íôêÖó ,íôêÖó ëÆê´,ó¨ì¸ó ,ó¨ì¸ó ëÆê´,ï˙ó¨ó ,ï˙ó¨ó ëÆê´,íôêÖó¶,íôêÖó¶ëÆê´
#ëÆê´Å@$:åáë™ -:ñ¢éÛêM
#
2005/5/1,01:00,0.0, ,162910, ,0.00, ,0.00, ,93.7, 
2005/5/1,02:00,0.0, ,162960, ,11.01, ,0.00, ,93.7, 
2005/5/1,03:00,0.0, ,162960, ,0.00, ,0.00, ,93.7, 
2005/5/1,04:00,0.6, ,162960, ,0.00, ,0.00, ,93.7, 
2005/5/1,05:00,1.9, ,162960, ,0.00, ,0.00, ,93.7, 
2005/5/1,06:00,2.3, ,163010, ,10.02, ,0.00, ,93.8, 
2005/5/1,07:00,2.5, ,163010, ,0.00, ,0.00, ,93.8, 
2005/5/1,08:00,5.9, ,163070, ,2.00, ,0.00, ,93.8, 
2005/5/1,09:00,3.5, ,163120, ,2.00, ,0.00, ,93.8, 
2005/5/1,10:00,8.4, ,163120, ,0.00, ,0.00, ,93.8, 
2005/5/1,11:00,7.6, ,163230, ,27.06, ,0.00, ,93.9, 
2005/5/1,12:00,9.4, ,163390, ,45.12, ,0.00, ,94.0, 
2005/5/1,13:00,13.1, ,163560, ,58.23, ,5.50, ,94.1, 
2005/5/1,14:00,5.2, ,163770, ,71.88, ,30.80, ,94.2, 
2005/5/1,15:00,3.3, ,164040, ,106.09, ,30.60, ,94.4, 
2005/5/1,16:00,3.3, ,164370, ,117.11, ,3.90, ,94.6, 
2005/5/1,17:00,1.6, ,164750, ,117.88, ,0.00, ,94.8, 
2005/5/1,18:00,1.5, ,165130, ,100.89, ,0.00, ,95.0, 
2005/5/1,19:00,0.6, ,165410, ,85.86, ,0.00, ,95.2, 
2005/5/1,20:00,1.2, ,165680, ,68.76, ,0.00, ,95.3, 
2005/5/1,21:00,1.9, ,165900, ,67.81, ,0.00, ,95.5, 
2005/5/1,22:00,0.1, ,166120, ,57.74, ,0.00, ,95.6, 
2005/5/1,23:00,0.2, ,166330, ,51.70, ,0.00, ,95.7, 
2005/5/1,24:00,0.1, ,166550, ,56.86, ,0.00, ,95.4, 
2005/5/2,01:00,0.0, ,166720, ,48.77, ,0.00, ,95.5, 
2005/5/2,02:00,0.0, ,166880, ,52.86, ,0.00, ,95.5, 
2005/5/2,03:00,0.3, ,167050, ,44.75, ,0.00, ,95.6, 
2005/5/2,04:00,0.0, ,167210, ,48.85, ,0.00, ,95.7, 
2005/5/2,05:00,0.1, ,167320, ,39.71, ,0.00, ,95.8, 
2005/5/2,06:00,0.0, ,167490, ,41.76, ,0.00, ,95.9, 
2005/5/2,07:00,0.0, ,167600, ,32.61, ,0.00, ,96.0, 
2005/5/2,08:00,0.3, ,167760, ,37.73, ,0.00, ,96.1, 
2005/5/2,09:00,0.0, ,167870, ,35.70, ,0.00, ,96.1, 
2005/5/2,10:00,0.0, ,167980, ,39.79, ,0.00, ,96.2, 
2005/5/2,11:00,0.0, ,168090, ,30.63, ,0.00, ,96.3, 
2005/5/2,12:00,0.0, ,168200, ,30.64, ,0.00, ,96.3, 
2005/5/2,13:00,0.0, ,168310, ,26.56, ,0.00, ,96.4, 
2005/5/2,14:00,0.0, ,168420, ,20.44, ,0.00, ,96.4, 
2005/5/2,15:00,0.0, ,168480, ,25.55, ,0.00, ,96.5, 
2005/5/2,16:00,0.0, ,168590, ,28.63, ,0.00, ,96.5, 
2005/5/2,17:00,0.0, ,168700, ,28.64, ,0.00, ,96.6, 
2005/5/2,18:00,0.0, ,168810, ,27.62, ,0.00, ,96.7, 
2005/5/2,19:00,0.0, ,168870, ,24.56, ,0.00, ,96.7, 
2005/5/2,20:00,0.0, ,168980, ,20.47, ,0.00, ,96.8, 
2005/5/2,21:00,0.0, ,169030, ,25.60, ,0.00, ,96.8, 
2005/5/2,22:00,0.0, ,169090, ,18.44, ,0.00, ,96.8, 
2005/5/2,23:00,0.0, ,169200, ,21.52, ,0.00, ,96.9, 
2005/5/2,24:00,0.0, ,169250, ,22.54, ,0.00, ,96.2, 
2005/5/3,01:00,0.0, ,169360, ,16.40, ,0.00, ,96.3, 
2005/5/3,02:00,0.0, ,169420, ,25.63, ,0.00, ,96.3, 
2005/5/3,03:00,0.0, ,169480, ,8.20, ,0.00, ,96.4, 
2005/5/3,04:00,0.0, ,169590, ,22.57, ,0.00, ,96.4, 
2005/5/3,05:00,0.0, ,169640, ,22.57, ,0.00, ,96.5, 
2005/5/3,06:00,0.0, ,169750, ,18.47, ,0.00, ,96.5, 
2005/5/3,07:00,0.0, ,169810, ,29.77, ,0.00, ,96.6, 
2005/5/3,08:00,0.0, ,169860, ,18.48, ,0.00, ,96.6, 
2005/5/3,09:00,0.0, ,169970, ,13.35, ,0.00, ,96.7, 
2005/5/3,10:00,0.0, ,170030, ,28.77, ,0.00, ,96.7, 
2005/5/3,11:00,0.0, ,170090, ,15.42, ,0.00, ,96.7, 
2005/5/3,12:00,0.0, ,170200, ,15.42, ,0.00, ,96.8, 
2005/5/3,13:00,0.0, ,170250, ,24.67, ,0.00, ,96.8, 
2005/5/3,14:00,0.0, ,170360, ,21.60, ,0.00, ,96.9, 
2005/5/3,15:00,0.0, ,170360, ,0.00, ,0.00, ,96.9, 
2005/5/3,16:00,0.0, ,170470, ,16.46, ,0.00, ,96.9, 
2005/5/3,17:00,0.0, ,170530, ,1.03, ,0.00, ,97.0, 
2005/5/3,18:00,0.0, ,170530, ,0.00, ,0.00, ,97.0, 
2005/5/3,19:00,0.0, ,170580, ,3.09, ,0.00, ,97.0, 
2005/5/3,20:00,0.0, ,170640, ,7.21, ,0.00, ,97.0, 
2005/5/3,21:00,0.0, ,170700, ,20.59, ,0.00, ,97.1, 
2005/5/3,22:00,0.0, ,170750, ,10.30, ,0.00, ,97.1, 
2005/5/3,23:00,0.0, ,170750, ,0.00, ,0.00, ,97.1, 
2005/5/3,24:00,0.0, ,170810, ,15.45, ,0.00, ,96.5, 
2005/5/4,01:00,0.0, ,170810, ,0.00, ,0.00, ,96.5, 
2005/5/4,02:00,0.0, ,170860, ,6.18, ,0.00, ,96.6, 
2005/5/4,03:00,0.0, ,170920, ,4.12, ,0.00, ,96.6, 
2005/5/4,04:00,0.0, ,170920, ,0.00, ,0.00, ,96.6, 
2005/5/4,05:00,0.0, ,170970, ,3.09, ,0.00, ,96.6, 
2005/5/4,06:00,0.0, ,170970, ,0.00, ,0.00, ,96.6, 
2005/5/4,07:00,0.0, ,171030, ,12.37, ,0.00, ,96.7, 
2005/5/4,08:00,0.0, ,171030, ,0.00, ,0.00, ,96.7, 
2005/5/4,09:00,0.0, ,171090, ,8.25, ,0.00, ,96.7, 
2005/5/4,10:00,0.0, ,171140, ,3.09, ,0.00, ,96.7, 
2005/5/4,11:00,0.0, ,171200, ,16.50, ,0.00, ,96.8, 
2005/5/4,12:00,0.0, ,171250, ,14.44, ,0.00, ,96.8, 
2005/5/4,13:00,0.0, ,171310, ,28.89, ,0.00, ,96.8, 
2005/5/4,14:00,0.0, ,171360, ,26.82, ,0.00, ,96.9, 
2005/5/4,15:00,0.0, ,171420, ,18.58, ,0.00, ,96.9, 
2005/5/4,16:00,0.0, ,171480, ,11.35, ,0.00, ,96.9, 
2005/5/4,17:00,0.0, ,171530, ,11.36, ,0.00, ,97.0, 
2005/5/4,18:00,0.0, ,171590, ,14.46, ,0.00, ,97.0, 
2005/5/4,19:00,0.0, ,171640, ,10.33, ,0.00, ,97.0, 
2005/5/4,20:00,0.0, ,171750, ,9.30, ,0.00, ,97.1, 
2005/5/4,21:00,0.0, ,171810, ,9.30, ,0.00, ,97.1, 
2005/5/4,22:00,0.0, ,171870, ,14.47, ,0.00, ,97.2, 
2005/5/4,23:00,0.0, ,171920, ,26.88, ,0.00, ,97.2, 
2005/5/4,24:00,0.0, ,171980, ,15.51, ,0.00, ,96.7, 
2005/5/5,01:00,0.0, ,171980, ,0.00, ,0.00, ,96.7, 
2005/5/5,02:00,0.0, ,172030, ,12.41, ,0.00, ,96.7, 
2005/5/5,03:00,0.0, ,172090, ,14.48, ,0.00, ,96.7, 
2005/5/5,04:00,0.0, ,172090, ,0.00, ,0.00, ,96.7, 
2005/5/5,05:00,0.0, ,172140, ,18.62, ,0.00, ,96.8, 
2005/5/5,06:00,0.0, ,172140, ,0.00, ,0.00, ,96.8, 
2005/5/5,07:00,0.0, ,172200, ,2.07, ,0.00, ,96.8, 
2005/5/5,08:00,0.0, ,172200, ,0.00, ,0.00, ,96.8, 
2005/5/5,09:00,0.0, ,172260, ,4.14, ,0.00, ,96.8, 
2005/5/5,10:00,0.0, ,172310, ,23.81, ,0.00, ,96.9, 
2005/5/5,11:00,0.0, ,172370, ,25.91, ,5.30, ,96.9, 
2005/5/5,12:00,0.0, ,172370, ,26.63, ,26.70, ,96.9, 
2005/5/5,13:00,0.0, ,172310, ,0.00, ,30.50, ,96.9, 
2005/5/5,14:00,0.0, ,172260, ,17.11, ,30.30, ,96.8, 
2005/5/5,15:00,0.0, ,172200, ,21.29, ,12.50, ,96.8, 
2005/5/5,16:00,0.0, ,172200, ,0.00, ,0.00, ,96.8, 
2005/5/5,17:00,0.0, ,172260, ,10.35, ,0.00, ,96.8, 
2005/5/5,18:00,0.0, ,172310, ,21.74, ,0.00, ,96.9, 
2005/5/5,19:00,0.0, ,172370, ,7.25, ,0.00, ,96.9, 
2005/5/5,20:00,0.0, ,172420, ,13.46, ,0.00, ,96.9, 
2005/5/5,21:00,0.0, ,172480, ,1.04, ,0.00, ,97.0, 
2005/5/5,22:00,0.0, ,172540, ,9.32, ,0.00, ,97.0, 
2005/5/5,23:00,0.0, ,172590, ,14.50, ,0.00, ,0.0,$
2005/5/5,24:00,0.0, ,172650, ,10.36, ,0.00, ,97.1, 
2005/5/6,01:00,0.5, ,172700, ,17.62, ,0.00, ,97.1, 
2005/5/6,02:00,0.8, ,172760, ,29.02, ,0.00, ,97.1, 
2005/5/6,03:00,0.3, ,172760, ,0.00, ,0.00, ,97.1, 
2005/5/6,04:00,0.7, ,172870, ,10.37, ,0.00, ,97.2, 
2005/5/6,05:00,1.4, ,172930, ,4.15, ,0.00, ,97.2, 
2005/5/6,06:00,1.2, ,172980, ,19.70, ,0.00, ,97.2, 
2005/5/6,07:00,2.1, ,173040, ,29.05, ,0.00, ,97.3, 
2005/5/6,08:00,1.9, ,173100, ,28.02, ,0.00, ,97.3, 
2005/5/6,09:00,4.7, ,173210, ,18.68, ,0.00, ,97.4, 
2005/5/6,10:00,5.6, ,173260, ,24.91, ,0.00, ,97.4, 
2005/5/6,11:00,1.5, ,173380, ,21.81, ,0.00, ,97.5, 
2005/5/6,12:00,1.7, ,173430, ,21.81, ,0.00, ,97.5, 
2005/5/6,13:00,1.0, ,173490, ,28.12, ,22.60, ,97.5, 
2005/5/6,14:00,1.3, ,173490, ,30.14, ,49.90, ,97.5, 
2005/5/6,15:00,0.3, ,173380, ,25.00, ,58.10, ,97.5, 
2005/5/6,16:00,0.1, ,173260, ,15.07, ,11.30, ,97.4, 
2005/5/6,17:00,0.3, ,173260, ,0.00, ,0.00, ,97.4, 
2005/5/6,18:00,0.0, ,173380, ,16.61, ,0.00, ,97.5, 
2005/5/6,19:00,0.0, ,173380, ,0.00, ,0.00, ,97.5, 
2005/5/6,20:00,0.0, ,173430, ,5.19, ,0.00, ,97.5, 
2005/5/6,21:00,1.0, ,173490, ,20.77, ,0.00, ,97.5, 
2005/5/6,22:00,0.8, ,173540, ,10.39, ,0.00, ,97.6, 
2005/5/6,23:00,0.3, ,173600, ,20.79, ,0.00, ,97.6, 
2005/5/6,24:00,2.5, ,173660, ,29.10, ,0.00, ,97.9, 
2005/5/7,01:00,5.7, ,173710, ,2.08, ,0.00, ,97.9, 
2005/5/7,02:00,3.2, ,173830, ,21.84, ,0.00, ,98.0, 
2005/5/7,03:00,0.3, ,173830, ,0.00, ,0.00, ,98.0, 
2005/5/7,04:00,0.0, ,173940, ,21.84, ,0.00, ,98.0, 
2005/5/7,05:00,0.0, ,173990, ,26.01, ,0.00, ,98.1, 
2005/5/7,06:00,0.1, ,174110, ,23.94, ,0.00, ,98.1, 
2005/5/7,07:00,0.1, ,174220, ,19.78, ,0.00, ,98.2, 
2005/5/7,08:00,0.0, ,174330, ,25.00, ,0.00, ,98.2, 
2005/5/7,09:00,0.0, ,174440, ,30.21, ,0.00, ,98.3, 
2005/5/7,10:00,0.0, ,174560, ,13.55, ,0.00, ,98.4, 
2005/5/7,11:00,0.0, ,174670, ,23.98, ,0.00, ,98.4, 
2005/5/7,12:00,0.0, ,174780, ,42.76, ,0.00, ,98.5, 
2005/5/7,13:00,0.0, ,174840, ,17.74, ,0.00, ,98.5, 
2005/5/7,14:00,0.0, ,174950, ,18.78, ,0.00, ,98.6, 
2005/5/7,15:00,0.0, ,175010, ,26.09, ,0.00, ,98.6, 
2005/5/7,16:00,0.0, ,175120, ,19.84, ,0.00, ,98.7, 
2005/5/7,17:00,0.0, ,175180, ,28.20, ,0.00, ,98.7, 
2005/5/7,18:00,0.0, ,175290, ,19.85, ,0.00, ,98.8, 
2005/5/7,19:00,0.0, ,175350, ,14.63, ,0.00, ,98.8, 
2005/5/7,20:00,0.0, ,175400, ,27.17, ,0.00, ,98.9, 
2005/5/7,21:00,0.0, ,175510, ,14.63, ,0.00, ,98.9, 
2005/5/7,22:00,0.0, ,175570, ,21.96, ,0.00, ,99.0, 
2005/5/7,23:00,0.0, ,175630, ,30.33, ,0.00, ,99.0, 
2005/5/7,24:00,0.0, ,175680, ,30.33, ,0.00, ,98.8, 
2005/5/8,01:00,0.0, ,175740, ,31.39, ,0.00, ,98.9, 
2005/5/8,02:00,0.0, ,175800, ,20.93, ,0.00, ,98.9, 
2005/5/8,03:00,0.0, ,175850, ,1.05, ,0.00, ,98.9, 
2005/5/8,04:00,0.0, ,175850, ,0.00, ,0.00, ,98.9, 
2005/5/8,05:00,0.0, ,175910, ,6.28, ,0.00, ,99.0, 
2005/5/8,06:00,0.0, ,175970, ,26.18, ,0.00, ,99.0, 
2005/5/8,07:00,0.0, ,176020, ,19.89, ,0.00, ,99.0, 
2005/5/8,08:00,0.0, ,176020, ,0.00, ,0.00, ,99.0, 
2005/5/8,09:00,0.0, ,176080, ,1.05, ,0.00, ,99.1, 
2005/5/8,10:00,0.0, ,176140, ,23.08, ,5.40, ,99.1, 
2005/5/8,11:00,0.0, ,176140, ,28.76, ,29.00, ,99.1, 
2005/5/8,12:00,0.0, ,176140, ,21.80, ,21.80, ,99.1, 
2005/5/8,13:00,0.0, ,176140, ,21.81, ,8.70, ,99.1, 
2005/5/8,14:00,0.0, ,176190, ,1.05, ,0.00, ,99.1, 
2005/5/8,15:00,0.0, ,176250, ,14.67, ,0.00, ,99.2, 
2005/5/8,16:00,0.0, ,176310, ,15.72, ,0.00, ,99.2, 
2005/5/8,17:00,0.0, ,176360, ,26.21, ,0.00, ,99.2, 
2005/5/8,18:00,0.0, ,176420, ,19.92, ,0.00, ,99.2, 
2005/5/8,19:00,0.0, ,176530, ,13.63, ,0.00, ,99.3, 
2005/5/8,20:00,0.0, ,176590, ,6.29, ,0.00, ,99.3, 
2005/5/8,21:00,0.0, ,176650, ,15.74, ,0.00, ,99.4, 
2005/5/8,22:00,0.0, ,176700, ,28.33, ,0.00, ,99.4, 
2005/5/8,23:00,0.0, ,176760, ,26.24, ,0.00, ,99.4, 
2005/5/8,24:00,0.0, ,176820, ,29.39, ,0.00, ,99.5, 
2005/5/9,01:00,0.0, ,176820, ,0.00, ,0.00, ,99.5, 
2005/5/9,02:00,0.0, ,176870, ,6.30, ,0.00, ,99.5, 
2005/5/9,03:00,0.0, ,176930, ,22.05, ,0.00, ,99.5, 
2005/5/9,04:00,0.0, ,176990, ,16.81, ,0.00, ,99.6, 
2005/5/9,05:00,0.0, ,176990, ,0.00, ,0.00, ,99.6, 
2005/5/9,06:00,0.0, ,177040, ,4.20, ,0.00, ,99.6, 
2005/5/9,07:00,0.0, ,177100, ,10.51, ,0.00, ,99.6, 
2005/5/9,08:00,0.0, ,177100, ,0.00, ,0.00, ,99.6, 
2005/5/9,09:00,0.0, ,177160, ,26.28, ,0.00, ,99.7, 
2005/5/9,10:00,0.0, ,177210, ,14.71, ,0.00, ,99.7, 
2005/5/9,11:00,0.0, ,177270, ,15.77, ,0.00, ,99.7, 
2005/5/9,12:00,0.0, ,177330, ,30.49, ,0.00, ,99.8, 
2005/5/9,13:00,0.0, ,177440, ,22.15, ,15.70, ,99.8, 
2005/5/9,14:00,0.0, ,177440, ,15.53, ,25.20, ,99.8, 
2005/5/9,15:00,0.0, ,177380, ,17.86, ,14.20, ,99.8, 
2005/5/9,16:00,0.0, ,177440, ,14.72, ,0.00, ,99.8, 
2005/5/9,17:00,0.0, ,177440, ,0.00, ,0.00, ,99.8, 
2005/5/9,18:00,0.0, ,177550, ,12.62, ,0.00, ,99.9, 
2005/5/9,19:00,0.0, ,177610, ,9.46, ,0.00, ,99.9, 
2005/5/9,20:00,0.0, ,177670, ,24.19, ,0.00, ,100.0, 
2005/5/9,21:00,0.0, ,177720, ,15.78, ,0.00, ,100.0, 
2005/5/9,22:00,0.0, ,177780, ,14.73, ,0.00, ,100.0, 
2005/5/9,23:00,0.0, ,177840, ,15.79, ,0.00, ,100.0, 
2005/5/9,24:00,0.0, ,177840, ,0.00, ,0.00, ,100.0, 
2005/5/10,01:00,0.0, ,177890, ,9.47, ,0.00, ,100.0, 
2005/5/10,02:00,0.0, ,177950, ,3.16, ,0.00, ,100.0, 
2005/5/10,03:00,0.0, ,177950, ,0.00, ,0.00, ,100.0, 
2005/5/10,04:00,0.0, ,178010, ,11.58, ,0.00, ,100.0, 
2005/5/10,05:00,0.0, ,178010, ,0.00, ,0.00, ,100.0, 
2005/5/10,06:00,0.0, ,178060, ,26.33, ,0.00, ,100.0, 
2005/5/10,07:00,0.0, ,178060, ,0.00, ,0.00, ,100.0, 
2005/5/10,08:00,0.0, ,178120, ,24.23, ,0.00, ,100.0, 
2005/5/10,09:00,0.0, ,178180, ,3.16, ,0.00, ,100.0, 
2005/5/10,10:00,0.0, ,178180, ,29.88, ,29.80, ,100.0, 
2005/5/10,12:00,0.0, ,177840, ,12.77, ,57.60, ,100.0, 
2005/5/10,13:00,0.0, ,177840, ,3.56, ,0.00, ,100.0, 
2005/5/10,14:00,0.0, ,177890, ,24.20, ,0.00, ,100.0, 
2005/5/10,15:00,0.0, ,177950, ,17.90, ,0.00, ,100.0, 
2005/5/10,16:00,0.0, ,178010, ,24.22, ,0.00, ,100.0, 
2005/5/10,17:00,0.0, ,178010, ,28.37, ,29.90, ,100.0, 
2005/5/10,18:00,0.0, ,177890, ,16.22, ,31.90, ,100.0, 
2005/5/10,19:00,0.0, ,177890, ,0.01, ,0.00, ,100.0, 
2005/5/10,20:00,0.0, ,177950, ,10.53, ,0.00, ,100.0, 
2005/5/10,21:00,0.0, ,178010, ,22.11, ,0.00, ,100.0, 
2005/5/10,22:00,0.0, ,178060, ,12.64, ,0.00, ,100.0, 
2005/5/10,23:00,0.0, ,178060, ,0.00, ,0.00, ,100.0, 
2005/5/10,24:00,0.0, ,178120, ,3.16, ,0.00, ,100.0, 
2005/5/11,01:00,0.0, ,178180, ,30.55, ,0.00, ,100.0, 
2005/5/11,02:00,0.0, ,178180, ,0.00, ,0.00, ,100.0, 
2005/5/11,03:00,0.0, ,178240, ,25.29, ,0.00, ,100.0, 
2005/5/11,04:00,0.0, ,178240, ,0.00, ,0.00, ,100.0, 
2005/5/11,05:00,0.0, ,178290, ,18.97, ,0.00, ,100.0, 
2005/5/11,06:00,0.0, ,178290, ,0.00, ,0.00, ,100.0, 
2005/5/11,07:00,0.0, ,178350, ,9.49, ,0.00, ,100.0, 
2005/5/11,08:00,0.0, ,178350, ,0.00, ,0.00, ,100.0, 
2005/5/11,09:00,0.0, ,178410, ,10.54, ,0.00, ,100.0, 
2005/5/11,10:00,0.0, ,178460, ,9.49, ,0.00, ,100.0, 
2005/5/11,11:00,0.0, ,178460, ,14.94, ,28.50, ,100.0, 
2005/5/11,12:00,0.0, ,178410, ,27.84, ,28.80, ,100.0, 
2005/5/11,13:00,0.0, ,178290, ,17.79, ,57.40, ,100.0, 
2005/5/11,14:00,0.0, ,178120, ,13.68, ,34.70, ,100.0, 
2005/5/11,15:00,0.0, ,178120, ,0.01, ,0.00, ,100.0, 
2005/5/11,16:00,0.0, ,178180, ,17.91, ,0.00, ,100.0, 
2005/5/11,17:00,0.0, ,178240, ,23.18, ,0.00, ,100.0, 
2005/5/11,18:00,0.0, ,178290, ,17.95, ,5.40, ,100.0, 
2005/5/11,19:00,0.0, ,178290, ,20.52, ,20.50, ,100.0, 
2005/5/11,20:00,0.0, ,178290, ,29.96, ,29.90, ,100.0, 
2005/5/11,21:00,0.0, ,178240, ,4.97, ,14.40, ,100.0, 
2005/5/11,22:00,0.0, ,178240, ,0.00, ,0.00, ,100.0, 
2005/5/11,23:00,0.0, ,178290, ,23.19, ,0.00, ,100.0, 
2005/5/11,24:00,0.0, ,178290, ,0.00, ,0.00, ,100.0, 
2005/5/12,01:00,0.0, ,178350, ,11.59, ,0.00, ,100.0, 
2005/5/12,02:00,0.0, ,178350, ,0.00, ,0.00, ,100.0, 
2005/5/12,03:00,0.0, ,178410, ,2.11, ,0.00, ,100.0, 
2005/5/12,04:00,0.0, ,178410, ,0.00, ,0.00, ,100.0, 
2005/5/12,05:00,0.0, ,178460, ,3.16, ,0.00, ,100.0, 
2005/5/12,06:00,0.0, ,178460, ,0.00, ,0.00, ,100.0, 
2005/5/12,07:00,0.0, ,178520, ,9.49, ,0.00, ,100.0, 
2005/5/12,08:00,0.0, ,178520, ,0.00, ,0.00, ,100.0, 
2005/5/12,09:00,0.0, ,178580, ,7.42, ,5.20, ,100.0, 
2005/5/12,10:00,0.0, ,178580, ,28.65, ,28.80, ,100.0, 
2005/5/12,11:00,0.0, ,178410, ,10.20, ,57.50, ,100.0, 
2005/5/12,12:00,0.1, ,178240, ,17.92, ,33.00, ,100.0, 
2005/5/12,13:00,0.0, ,178240, ,0.05, ,5.10, ,100.0, 
2005/5/12,14:00,0.0, ,178240, ,32.27, ,32.30, ,100.0, 
2005/5/12,15:00,0.0, ,178180, ,12.93, ,29.80, ,99.9, 
2005/5/12,16:00,0.0, ,178120, ,4.98, ,29.90, ,99.9, 
2005/5/12,17:00,0.0, ,178060, ,24.88, ,14.40, ,99.9, 
2005/5/12,18:00,0.0, ,178060, ,0.00, ,0.00, ,99.9, 
2005/5/12,19:00,0.0, ,178120, ,12.64, ,0.00, ,99.9, 
2005/5/12,20:00,0.0, ,178180, ,3.16, ,0.00, ,99.9, 
2005/5/12,21:00,0.0, ,178240, ,11.59, ,0.00, ,100.0, 
2005/5/12,22:00,0.0, ,178290, ,28.46, ,0.00, ,100.0, 
2005/5/12,23:00,0.0, ,178350, ,29.51, ,0.00, ,100.0, 
2005/5/12,24:00,0.0, ,178350, ,0.00, ,0.00, ,100.0, 
2005/5/13,01:00,0.0, ,178410, ,10.54, ,0.00, ,100.0, 
2005/5/13,02:00,0.0, ,178410, ,0.00, ,0.00, ,100.0, 
2005/5/13,03:00,0.1, ,178460, ,9.49, ,0.00, ,100.0, 
2005/5/13,04:00,0.0, ,178520, ,31.64, ,0.00, ,100.0, 
2005/5/13,05:00,0.0, ,178520, ,0.00, ,0.00, ,100.0, 
2005/5/13,06:00,0.0, ,178580, ,3.17, ,0.00, ,100.0, 
2005/5/13,07:00,0.0, ,178580, ,0.00, ,0.00, ,100.0, 
2005/5/13,08:00,0.0, ,178580, ,0.03, ,5.20, ,100.0, 
2005/5/13,09:00,0.0, ,178580, ,18.31, ,18.50, ,100.0, 
2005/5/13,10:00,0.0, ,178520, ,19.15, ,28.70, ,100.0, 
2005/5/13,11:00,0.0, ,178410, ,17.48, ,54.60, ,100.0, 
2005/5/13,12:00,0.0, ,178290, ,13.38, ,14.50, ,100.0, 
2005/5/13,13:00,0.0, ,178350, ,13.74, ,5.50, ,100.0, 
2005/5/13,14:00,0.0, ,178290, ,17.48, ,31.20, ,100.0, 
2005/5/13,15:00,0.0, ,178180, ,20.93, ,32.20, ,99.9, 
2005/5/13,16:00,0.0, ,178180, ,10.91, ,29.90, ,99.9, 
2005/5/13,17:00,0.0, ,178120, ,18.89, ,29.90, ,99.9, 
2005/5/13,18:00,0.0, ,178120, ,0.04, ,0.00, ,99.9, 
2005/5/13,19:00,0.0, ,178180, ,6.32, ,0.00, ,99.9, 
2005/5/13,20:00,0.0, ,178180, ,0.00, ,0.00, ,99.9, 
2005/5/13,21:00,0.0, ,178240, ,3.16, ,0.00, ,99.9, 
2005/5/13,22:00,0.0, ,178290, ,23.19, ,0.00, ,100.0, 
2005/5/13,23:00,0.0, ,178350, ,25.30, ,0.00, ,100.0, 
2005/5/13,24:00,0.0, ,178410, ,3.16, ,0.00, ,100.0, 
2005/5/14,01:00,0.0, ,178410, ,0.00, ,0.00, ,100.0, 
2005/5/14,02:00,0.0, ,178410, ,0.00, ,0.00, ,100.0, 
2005/5/14,03:00,0.0, ,178460, ,0.00, ,0.00, ,100.0, 
2005/5/14,04:00,0.0, ,178460, ,0.00, ,0.00, ,100.0, 
2005/5/14,05:00,0.0, ,178520, ,30.59, ,0.00, ,100.0, 
2005/5/14,06:00,0.0, ,178520, ,0.00, ,0.00, ,100.0, 
2005/5/14,07:00,0.0, ,178580, ,15.83, ,0.00, ,100.0, 
2005/5/14,08:00,0.0, ,178580, ,0.00, ,0.00, ,100.0, 
2005/5/14,09:00,0.0, ,178580, ,0.10, ,22.00, ,100.0, 
2005/5/14,10:00,0.0, ,178580, ,28.68, ,28.70, ,100.0, 
2005/5/14,11:00,0.0, ,178520, ,17.20, ,28.70, ,100.0, 
2005/5/14,12:00,0.0, ,178460, ,16.22, ,4.40, ,100.0, 
2005/5/14,13:00,0.0, ,178460, ,0.00, ,0.00, ,100.0, 
2005/5/14,14:00,0.0, ,178520, ,24.26, ,0.00, ,100.0, 
2005/5/14,15:00,0.0, ,178580, ,23.28, ,21.50, ,100.0, 
2005/5/14,16:00,0.0, ,178580, ,25.20, ,25.20, ,100.0, 
2005/5/14,17:00,0.0, ,178520, ,11.85, ,4.30, ,100.0, 
2005/5/14,18:00,0.0, ,178520, ,0.00, ,0.00, ,100.0, 
2005/5/14,19:00,0.0, ,178520, ,15.05, ,28.70, ,100.0, 
2005/5/14,20:00,0.0, ,178520, ,28.66, ,28.60, ,100.0, 
2005/5/14,21:00,0.0, ,178460, ,0.96, ,28.60, ,100.0, 
2005/5/14,22:00,0.0, ,178410, ,6.67, ,12.00, ,100.0, 
2005/5/14,23:00,0.0, ,178410, ,0.01, ,0.00, ,100.0, 
2005/5/14,24:00,0.0, ,178410, ,0.00, ,0.00, ,100.0, 
2005/5/15,01:00,0.0, ,178410, ,0.00, ,0.00, ,100.0, 
2005/5/15,02:00,0.0, ,178460, ,2.11, ,0.00, ,100.0, 
2005/5/15,03:00,0.0, ,178460, ,0.00, ,0.00, ,100.0, 
2005/5/15,04:00,0.0, ,178460, ,0.00, ,0.00, ,100.0, 
2005/5/15,05:00,0.0, ,178520, ,26.37, ,0.00, ,100.0, 
2005/5/15,06:00,0.0, ,178520, ,0.00, ,0.00, ,100.0, 
2005/5/15,07:00,0.0, ,178520, ,0.00, ,0.00, ,100.0, 
2005/5/15,08:00,0.0, ,178580, ,6.33, ,0.00, ,100.0, 
2005/5/15,09:00,0.0, ,178580, ,0.00, ,0.00, ,100.0, 
2005/5/15,10:00,0.0, ,178630, ,20.05, ,0.00, ,100.0, 
2005/5/15,11:00,0.0, ,178690, ,1.06, ,0.00, ,100.0, 
2005/5/15,12:00,0.0, ,178690, ,0.00, ,0.00, ,100.0, 
2005/5/15,13:00,0.0, ,178750, ,24.28, ,0.00, ,100.0, 
2005/5/15,14:00,0.0, ,178810, ,12.70, ,5.40, ,100.0, 
2005/5/15,15:00,0.0, ,178810, ,23.95, ,23.90, ,100.0, 
2005/5/15,16:00,0.0, ,178810, ,23.98, ,12.40, ,100.0, 
2005/5/15,17:00,0.0, ,178810, ,0.00, ,0.00, ,100.0, 
2005/5/15,18:00,0.0, ,178810, ,0.03, ,5.30, ,100.0, 
2005/5/15,19:00,0.0, ,178810, ,27.54, ,27.50, ,100.0, 
2005/5/15,20:00,0.0, ,178630, ,19.50, ,57.60, ,100.0, 
2005/5/15,21:00,0.0, ,178520, ,11.08, ,57.30, ,100.0, 
2005/5/15,22:00,0.0, ,178350, ,17.04, ,57.50, ,100.0, 
2005/5/15,23:00,0.0, ,178240, ,4.22, ,19.90, ,99.9, 
2005/5/15,24:00,0.0, ,178240, ,0.00, ,0.00, ,99.9, 
2005/5/16,01:00,0.0, ,178240, ,0.00, ,0.00, ,99.9, 
2005/5/16,02:00,0.0, ,178240, ,0.00, ,0.00, ,99.9, 
2005/5/16,03:00,0.0, ,178240, ,0.00, ,0.00, ,99.9, 
2005/5/16,04:00,0.0, ,178240, ,0.00, ,0.00, ,99.9, 
2005/5/16,05:00,0.0, ,178290, ,3.16, ,0.00, ,99.9, 
2005/5/16,06:00,0.0, ,178290, ,0.00, ,0.00, ,99.9, 
2005/5/16,07:00,0.0, ,178290, ,0.00, ,0.00, ,99.9, 
2005/5/16,08:00,0.0, ,178290, ,0.00, ,0.00, ,99.9, 
2005/5/16,09:00,0.0, ,178290, ,0.00, ,0.00, ,99.9, 
2005/5/16,10:00,0.0, ,178350, ,11.59, ,0.00, ,100.0, 
2005/5/16,11:00,0.0, ,178410, ,29.52, ,0.00, ,100.0, 
2005/5/16,12:00,0.0, ,178460, ,23.20, ,0.00, ,100.0, 
2005/5/16,13:00,0.0, ,178520, ,5.31, ,5.10, ,100.0, 
2005/5/16,14:00,0.0, ,178460, ,17.86, ,29.80, ,100.0, 
2005/5/16,15:00,0.0, ,178350, ,17.53, ,54.40, ,100.0, 
2005/5/16,16:00,0.0, ,178180, ,13.72, ,54.70, ,99.9, 
2005/5/16,17:00,0.0, ,178010, ,11.92, ,57.10, ,99.8, 
2005/5/16,18:00,0.0, ,177950, ,9.14, ,32.30, ,99.7, 
2005/5/16,19:00,0.0, ,177890, ,3.99, ,30.00, ,99.7, 
2005/5/16,20:00,0.0, ,177780, ,16.94, ,30.10, ,99.6, 
2005/5/16,21:00,0.0, ,177780, ,28.72, ,13.40, ,99.6, 
2005/5/16,22:00,0.0, ,177720, ,0.00, ,0.00, ,99.6, 
2005/5/16,23:00,0.0, ,177720, ,0.00, ,0.00, ,99.6, 
2005/5/16,24:00,0.0, ,177720, ,0.00, ,0.00, ,99.6, 
2005/5/17,01:00,0.0, ,177780, ,17.88, ,0.00, ,99.6, 
2005/5/17,02:00,0.0, ,177780, ,0.00, ,0.00, ,99.6, 
2005/5/17,03:00,0.0, ,177780, ,0.00, ,0.00, ,99.6, 
2005/5/17,04:00,0.0, ,177780, ,0.00, ,0.00, ,99.6, 
2005/5/17,05:00,0.0, ,177780, ,0.00, ,0.00, ,99.6, 
2005/5/17,06:00,0.0, ,177840, ,5.26, ,0.00, ,99.7, 
2005/5/17,07:00,0.0, ,177840, ,0.00, ,0.00, ,99.7, 
2005/5/17,08:00,0.0, ,177840, ,0.00, ,0.00, ,99.7, 
2005/5/17,09:00,0.0, ,177840, ,0.00, ,0.00, ,99.7, 
2005/5/17,10:00,0.0, ,177890, ,18.94, ,0.00, ,99.7, 
2005/5/17,11:00,0.0, ,177890, ,0.00, ,0.00, ,99.7, 
2005/5/17,12:00,0.0, ,177950, ,7.37, ,0.00, ,99.7, 
2005/5/17,13:00,0.0, ,178010, ,18.99, ,5.30, ,99.8, 
2005/5/17,14:00,0.0, ,178010, ,28.72, ,28.80, ,99.8, 
2005/5/17,15:00,0.0, ,177840, ,14.55, ,54.50, ,99.7, 
2005/5/17,16:00,0.0, ,177720, ,16.83, ,54.50, ,99.6, 
2005/5/17,17:00,0.0, ,177550, ,10.28, ,37.00, ,99.5, 
2005/5/17,18:00,0.0, ,177500, ,10.26, ,32.20, ,99.5, 
2005/5/17,19:00,0.0, ,177380, ,9.07, ,29.80, ,99.4, 
2005/5/17,20:00,0.0, ,177330, ,8.99, ,29.10, ,99.4, 
2005/5/17,21:00,0.0, ,177270, ,24.85, ,4.00, ,99.3, 
2005/5/17,22:00,0.0, ,177210, ,0.00, ,0.00, ,99.3, 
2005/5/17,23:00,0.0, ,177210, ,0.00, ,0.00, ,99.3, 
2005/5/17,24:00,0.0, ,177270, ,17.87, ,0.00, ,99.3, 
2005/5/18,01:00,0.0, ,177270, ,0.00, ,0.00, ,99.3, 
2005/5/18,02:00,0.0, ,177270, ,0.00, ,0.00, ,99.3, 
2005/5/18,03:00,0.0, ,177330, ,2.10, ,0.00, ,99.4, 
2005/5/18,04:00,0.0, ,177330, ,0.00, ,0.00, ,99.4, 
2005/5/18,05:00,0.0, ,177330, ,0.00, ,0.00, ,99.4, 
2005/5/18,06:00,0.0, ,177330, ,0.00, ,0.00, ,99.4, 
2005/5/18,07:00,0.1, ,177330, ,0.00, ,0.00, ,99.4, 
2005/5/18,08:00,0.1, ,177380, ,19.98, ,0.00, ,99.4, 
2005/5/18,09:00,0.2, ,177380, ,0.00, ,0.00, ,99.4, 
2005/5/18,10:00,1.6, ,177440, ,17.88, ,0.00, ,99.4, 
2005/5/18,11:00,3.6, ,177500, ,25.22, ,0.00, ,99.5, 
2005/5/18,12:00,4.5, ,177610, ,25.23, ,0.00, ,99.5, 
2005/5/18,13:00,3.2, ,177670, ,17.95, ,22.30, ,99.6, 
2005/5/18,14:00,0.6, ,177670, ,28.71, ,47.40, ,99.6, 
2005/5/18,15:00,1.0, ,177500, ,17.66, ,54.50, ,99.5, 
2005/5/18,16:00,1.2, ,177380, ,13.84, ,54.70, ,99.4, 
2005/5/18,17:00,1.5, ,177210, ,22.39, ,33.60, ,99.3, 
2005/5/18,18:00,1.2, ,177210, ,22.95, ,4.30, ,99.3, 
2005/5/18,19:00,0.5, ,177210, ,0.00, ,0.00, ,99.3, 
2005/5/18,20:00,0.4, ,177270, ,19.98, ,0.00, ,99.3, 
2005/5/18,21:00,0.3, ,177270, ,0.00, ,0.00, ,99.3, 
2005/5/18,22:00,0.0, ,177330, ,27.33, ,0.00, ,99.4, 
2005/5/18,23:00,0.0, ,177380, ,5.26, ,0.00, ,99.4, 
2005/5/18,24:00,0.0, ,177380, ,0.00, ,0.00, ,99.4, 
2005/5/19,01:00,0.0, ,177440, ,12.62, ,0.00, ,99.4, 
2005/5/19,02:00,0.0, ,177440, ,0.00, ,0.00, ,99.4, 
2005/5/19,03:00,0.0, ,177440, ,0.00, ,0.00, ,99.4, 
2005/5/19,04:00,0.0, ,177500, ,12.61, ,0.00, ,99.5, 
2005/5/19,05:00,0.0, ,177500, ,0.00, ,0.00, ,99.5, 
2005/5/19,06:00,0.0, ,177550, ,7.36, ,0.00, ,99.5, 
2005/5/19,07:00,0.0, ,177550, ,0.00, ,0.00, ,99.5, 
2005/5/19,08:00,0.0, ,177550, ,0.00, ,0.00, ,99.5, 
2005/5/19,09:00,0.0, ,177610, ,29.44, ,0.00, ,99.5, 
2005/5/19,10:00,0.0, ,177610, ,0.00, ,0.00, ,99.5, 
2005/5/19,11:00,0.0, ,177670, ,19.98, ,0.00, ,99.6, 
2005/5/19,12:00,0.0, ,177720, ,28.42, ,5.00, ,99.6, 
2005/5/19,13:00,0.0, ,177720, ,18.34, ,18.30, ,99.6, 
2005/5/19,14:00,0.0, ,177720, ,18.31, ,18.30, ,99.6, 
2005/5/19,15:00,0.0, ,177720, ,32.36, ,32.30, ,99.6, 
2005/5/19,16:00,0.0, ,177610, ,10.30, ,15.80, ,99.5, 
2005/5/19,17:00,0.0, ,177610, ,0.00, ,0.00, ,99.5, 
2005/5/19,18:00,0.0, ,177670, ,31.55, ,0.00, ,99.6, 
2005/5/19,19:00,0.0, ,177720, ,23.14, ,0.00, ,99.6, 
2005/5/19,20:00,0.0, ,177780, ,3.16, ,0.00, ,99.6, 
2005/5/19,21:00,0.0, ,177780, ,0.05, ,5.20, ,99.6, 
2005/5/19,22:00,0.0, ,177780, ,29.88, ,29.90, ,99.6, 
2005/5/19,23:00,0.0, ,177720, ,11.31, ,32.40, ,99.6, 
2005/5/19,24:00,0.0, ,177670, ,11.28, ,32.30, ,99.6, 
2005/5/20,01:00,0.0, ,177610, ,15.31, ,18.30, ,99.5, 
2005/5/20,02:00,0.0, ,177550, ,6.72, ,18.40, ,99.5, 
2005/5/20,03:00,0.0, ,177500, ,2.45, ,18.20, ,99.5, 
2005/5/20,04:00,0.0, ,177440, ,1.84, ,18.50, ,99.4, 
2005/5/20,05:00,0.0, ,177380, ,7.35, ,18.40, ,99.4, 
2005/5/20,06:00,0.0, ,177330, ,9.83, ,18.50, ,99.4, 
2005/5/20,07:00,0.0, ,177270, ,9.82, ,18.30, ,99.3, 
2005/5/20,08:00,0.0, ,177210, ,16.57, ,18.20, ,99.3, 
2005/5/20,09:00,0.0, ,177210, ,18.38, ,18.30, ,99.3, 
2005/5/20,10:00,0.0, ,177100, ,16.97, ,29.80, ,99.2, 
2005/5/20,11:00,0.0, ,176930, ,14.69, ,57.50, ,99.1, 
2005/5/20,12:00,0.0, ,176760, ,19.88, ,57.60, ,99.0, 
2005/5/20,13:00,0.0, ,176760, ,20.67, ,20.70, ,99.0, 
2005/5/20,14:00,0.0, ,176590, ,15.28, ,57.20, ,98.9, 
2005/5/20,15:00,0.0, ,176420, ,9.57, ,57.50, ,98.8, 
2005/5/20,16:00,0.0, ,176310, ,15.60, ,57.60, ,98.8, 
2005/5/20,17:00,0.0, ,176080, ,21.83, ,57.50, ,98.7, 
2005/5/20,18:00,0.0, ,176020, ,8.73, ,35.00, ,98.6, 
2005/5/20,19:00,0.0, ,175910, ,5.61, ,35.10, ,98.6, 
2005/5/20,20:00,0.0, ,175850, ,17.94, ,20.60, ,98.5, 
2005/5/20,21:00,0.0, ,175850, ,20.65, ,20.60, ,98.5, 
2005/5/20,22:00,0.0, ,175800, ,13.78, ,20.60, ,98.5, 
2005/5/20,23:00,0.0, ,175740, ,4.82, ,20.60, ,98.5, 
2005/5/20,24:00,0.0, ,175680, ,9.84, ,22.50, ,99.4, 
2005/5/21,01:00,0.0, ,175630, ,6.11, ,23.10, ,99.3, 
2005/5/21,02:00,0.0, ,175570, ,15.31, ,23.10, ,99.3, 
2005/5/21,03:00,0.0, ,175400, ,7.65, ,41.20, ,99.2, 
2005/5/21,04:00,0.0, ,175230, ,5.27, ,57.70, ,99.1, 
2005/5/21,05:00,0.0, ,175060, ,11.34, ,43.80, ,99.0, 
2005/5/21,06:00,0.0, ,175010, ,13.77, ,22.90, ,99.0, 
2005/5/21,07:00,0.0, ,174890, ,5.91, ,29.90, ,98.9, 
2005/5/21,08:00,0.0, ,174730, ,8.40, ,43.00, ,98.8, 
2005/5/21,09:00,0.0, ,174560, ,7.07, ,57.70, ,98.7, 
2005/5/21,10:00,0.0, ,174390, ,13.30, ,57.60, ,98.6, 
2005/5/21,11:00,0.0, ,174220, ,12.39, ,57.70, ,98.5, 
2005/5/21,12:00,0.0, ,174050, ,8.86, ,58.00, ,98.4, 
2005/5/21,13:00,0.0, ,173990, ,4.15, ,20.90, ,98.4, 
2005/5/21,14:00,0.0, ,173830, ,9.73, ,58.00, ,98.3, 
2005/5/21,15:00,0.0, ,173660, ,9.81, ,58.10, ,98.2, 
2005/5/21,16:00,0.0, ,173490, ,7.13, ,58.20, ,98.1, 
2005/5/21,17:00,0.0, ,173320, ,12.50, ,57.90, ,98.0, 
2005/5/21,18:00,0.0, ,173150, ,8.96, ,58.20, ,97.9, 
2005/5/21,19:00,0.0, ,172980, ,9.85, ,57.80, ,97.8, 
2005/5/21,20:00,0.0, ,172760, ,13.46, ,58.10, ,97.7, 
2005/5/21,21:00,0.0, ,172700, ,1.56, ,32.50, ,97.6, 
2005/5/21,22:00,0.5, ,172650, ,20.28, ,25.10, ,97.6, 
2005/5/21,23:00,0.1, ,172590, ,10.36, ,20.50, ,97.6, 
2005/5/21,24:00,0.1, ,172540, ,0.62, ,18.50, ,98.5, 
2005/5/22,01:00,0.0, ,172480, ,6.81, ,18.50, ,98.4, 
2005/5/22,02:00,0.0, ,172420, ,5.55, ,18.60, ,98.4, 
2005/5/22,03:00,0.0, ,172370, ,9.27, ,18.50, ,98.4, 
2005/5/22,04:00,0.1, ,172310, ,9.27, ,18.30, ,98.3, 
2005/5/22,05:00,0.2, ,172260, ,15.41, ,18.50, ,98.3, 
2005/5/22,06:00,0.2, ,172260, ,18.48, ,18.50, ,98.3, 
2005/5/22,07:00,1.8, ,172200, ,9.86, ,18.40, ,98.3, 
2005/5/22,08:00,1.0, ,172090, ,4.46, ,38.10, ,98.2, 
2005/5/22,09:00,4.3, ,171920, ,6.33, ,58.10, ,98.1, 
2005/5/22,10:00,0.5, ,171700, ,17.71, ,59.10, ,98.0, 
2005/5/22,11:00,2.0, ,171640, ,3.01, ,30.40, ,97.9, 
2005/5/22,12:00,1.5, ,171590, ,17.75, ,26.90, ,97.9, 
2005/5/22,13:00,1.1, ,171590, ,28.95, ,29.10, ,97.9, 
2005/5/22,14:00,1.9, ,171480, ,15.91, ,32.50, ,97.8, 
2005/5/22,15:00,0.9, ,171420, ,28.36, ,30.40, ,97.8, 
2005/5/22,16:00,0.0, ,171420, ,30.29, ,30.40, ,97.8, 
2005/5/22,17:00,0.5, ,171360, ,24.23, ,30.40, ,97.8, 
2005/5/22,18:00,0.5, ,171310, ,11.10, ,30.10, ,97.7, 
2005/5/22,19:00,0.3, ,171250, ,11.90, ,31.70, ,97.7, 
2005/5/22,20:00,0.1, ,171200, ,15.03, ,31.80, ,97.7, 
2005/5/22,21:00,0.3, ,171090, ,14.02, ,31.40, ,97.6, 
2005/5/22,22:00,0.0, ,171030, ,19.30, ,20.90, ,97.6, 
2005/5/22,23:00,0.0, ,171030, ,18.60, ,18.50, ,97.6, 
2005/5/22,24:00,0.0, ,170970, ,17.28, ,18.60, ,98.5, 
2005/5/23,01:00,0.0, ,170970, ,18.60, ,18.50, ,98.5, 
2005/5/23,02:00,0.0, ,170920, ,6.78, ,18.40, ,98.4, 
2005/5/23,03:00,0.0, ,170860, ,14.85, ,18.70, ,98.4, 
2005/5/23,04:00,0.0, ,170860, ,18.55, ,18.70, ,98.4, 
2005/5/23,05:00,0.0, ,170810, ,12.35, ,18.60, ,98.4, 
2005/5/23,06:00,0.0, ,170750, ,3.08, ,18.40, ,98.3, 
2005/5/23,07:00,0.0, ,170700, ,3.10, ,18.40, ,98.3, 
2005/5/23,08:00,0.0, ,170580, ,5.46, ,35.50, ,98.2, 
2005/5/23,09:00,0.0, ,170420, ,6.44, ,58.30, ,98.1, 
2005/5/23,10:00,0.0, ,170200, ,15.65, ,58.40, ,98.0, 
2005/5/23,11:00,0.0, ,170030, ,12.91, ,58.50, ,97.9, 
2005/5/23,12:00,0.0, ,169920, ,27.64, ,58.70, ,97.8, 
2005/5/23,13:00,0.0, ,169810, ,18.51, ,32.70, ,97.8, 
2005/5/23,14:00,0.0, ,169640, ,12.89, ,58.20, ,97.7, 
2005/5/23,15:00,0.0, ,169480, ,9.25, ,59.50, ,97.6, 
2005/5/23,16:00,0.0, ,169310, ,10.56, ,59.50, ,97.5, 
2005/5/23,17:00,0.0, ,169140, ,16.36, ,59.60, ,97.4, 
2005/5/23,18:00,0.0, ,169090, ,7.31, ,33.00, ,97.4, 
2005/5/23,19:00,0.0, ,169030, ,21.30, ,30.40, ,97.3, 
2005/5/23,20:00,0.0, ,168870, ,15.85, ,55.60, ,97.2, 
2005/5/23,21:00,0.0, ,168700, ,11.43, ,48.90, ,97.1, 
2005/5/23,22:00,0.0, ,168650, ,6.00, ,30.40, ,97.1, 
2005/5/23,23:00,0.0, ,168590, ,5.56, ,21.00, ,97.1, 
2005/5/23,24:00,0.0, ,168540, ,14.94, ,18.30, ,98.0, 
2005/5/24,01:00,0.0, ,168540, ,18.59, ,18.60, ,98.0, 
2005/5/24,02:00,0.0, ,168480, ,14.21, ,18.60, ,97.9, 
2005/5/24,03:00,0.0, ,168370, ,5.07, ,30.30, ,97.9, 
2005/5/24,04:00,0.0, ,168310, ,1.02, ,30.40, ,97.8, 
2005/5/24,05:00,0.0, ,168200, ,14.20, ,30.50, ,97.8, 
2005/5/24,06:00,0.0, ,168150, ,13.83, ,20.90, ,97.7, 
2005/5/24,07:00,0.0, ,168150, ,18.65, ,28.60, ,97.7, 
2005/5/24,08:00,0.0, ,168040, ,8.14, ,47.90, ,97.7, 
2005/5/24,09:00,0.0, ,167870, ,11.23, ,53.00, ,97.6, 
2005/5/24,10:00,0.0, ,167650, ,6.67, ,59.00, ,97.4, 
2005/5/24,11:00,0.0, ,167490, ,14.25, ,59.20, ,97.3, 
2005/5/24,12:00,0.0, ,167320, ,9.52, ,59.10, ,97.2, 
2005/5/24,13:00,0.0, ,167210, ,9.59, ,33.10, ,97.2, 
2005/5/24,14:00,0.0, ,167100, ,15.61, ,60.10, ,97.1, 
2005/5/24,15:00,0.0, ,166880, ,6.85, ,59.90, ,97.0, 
2005/5/24,16:00,0.0, ,166720, ,3.93, ,59.90, ,96.9, 
2005/5/24,17:00,0.0, ,166550, ,20.59, ,60.10, ,96.8, 
2005/5/24,18:00,0.0, ,166440, ,11.10, ,20.70, ,96.7, 
2005/5/24,19:00,0.0, ,166390, ,7.92, ,29.30, ,96.7, 
2005/5/24,20:00,0.0, ,166280, ,5.87, ,29.40, ,96.6, 
2005/5/24,21:00,0.0, ,166280, ,18.62, ,18.70, ,96.6, 
2005/5/24,22:00,0.0, ,166230, ,8.05, ,18.40, ,96.6, 
2005/5/24,23:00,0.0, ,166170, ,16.71, ,18.60, ,96.6, 
2005/5/24,24:00,0.0, ,166170, ,18.57, ,18.50, ,97.5, 
2005/5/25,01:00,0.0, ,166120, ,11.13, ,18.50, ,97.5, 
2005/5/25,02:00,0.0, ,166060, ,3.73, ,18.60, ,97.4, 
2005/5/25,03:00,0.0, ,165950, ,2.24, ,30.50, ,97.4, 
2005/5/25,04:00,0.0, ,165840, ,3.24, ,30.50, ,97.3, 
2005/5/25,05:00,0.0, ,165730, ,0.23, ,30.80, ,97.2, 
2005/5/25,06:00,0.0, ,165680, ,7.69, ,21.20, ,97.2, 
2005/5/25,07:00,0.0, ,165620, ,1.28, ,18.50, ,97.2, 
2005/5/25,08:00,0.0, ,165510, ,4.89, ,29.40, ,97.1, 
2005/5/25,09:00,0.0, ,165350, ,9.86, ,47.70, ,97.0, 
2005/5/25,10:00,0.0, ,165190, ,1.99, ,60.40, ,96.9, 
2005/5/25,11:00,0.0, ,164970, ,9.96, ,60.00, ,96.8, 
2005/5/25,12:00,0.0, ,164810, ,3.98, ,60.10, ,96.7, 
2005/5/25,13:00,0.0, ,164590, ,9.97, ,60.20, ,96.5, 
2005/5/25,14:00,0.0, ,164420, ,6.98, ,59.90, ,96.4, 
2005/5/25,15:00,0.0, ,164260, ,12.04, ,60.30, ,96.3, 
2005/5/25,16:00,0.0, ,164040, ,12.04, ,60.40, ,96.2, 
2005/5/25,17:00,0.0, ,163880, ,7.00, ,60.40, ,96.1, 
2005/5/25,18:00,0.0, ,163720, ,11.10, ,60.10, ,96.0, 
2005/5/25,19:00,0.0, ,163500, ,12.15, ,60.00, ,95.9, 
2005/5/25,20:00,0.0, ,163340, ,5.08, ,60.10, ,95.8, 
2005/5/25,21:00,0.0, ,163120, ,9.34, ,60.60, ,95.7, 
2005/5/25,22:00,0.0, ,162960, ,5.31, ,36.90, ,95.6, 
2005/5/25,23:00,0.0, ,162850, ,12.31, ,21.60, ,95.5, 
2005/5/25,24:00,0.0, ,162850, ,18.78, ,18.80, ,96.4, 
2005/5/26,01:00,0.0, ,162740, ,9.34, ,18.70, ,96.4, 
2005/5/26,02:00,0.0, ,162740, ,18.62, ,18.50, ,96.4, 
2005/5/26,03:00,0.0, ,162640, ,8.73, ,18.70, ,96.3, 
2005/5/26,04:00,0.0, ,162530, ,9.21, ,42.50, ,96.2, 
2005/5/26,05:00,0.0, ,162370, ,5.86, ,42.60, ,96.1, 
2005/5/26,06:00,0.0, ,162310, ,1.37, ,21.10, ,96.1, 
2005/5/26,07:00,0.0, ,162260, ,4.92, ,21.10, ,96.1, 
2005/5/26,08:00,0.0, ,162150, ,8.74, ,18.70, ,96.0, 
2005/5/26,09:00,0.0, ,162100, ,2.86, ,30.80, ,96.0, 
2005/5/26,10:00,0.0, ,161880, ,16.47, ,52.20, ,95.8, 
2005/5/26,11:00,0.0, ,161720, ,8.93, ,59.60, ,95.7, 
2005/5/26,12:00,0.0, ,161560, ,1.99, ,60.00, ,95.7, 
2005/5/26,13:00,0.0, ,161450, ,12.44, ,33.40, ,95.6, 
2005/5/26,14:00,0.0, ,161290, ,9.05, ,59.80, ,95.5, 
2005/5/26,15:00,0.0, ,161070, ,16.01, ,59.90, ,95.4, 
2005/5/26,16:00,0.0, ,160910, ,8.16, ,60.10, ,95.3, 
2005/5/26,17:00,0.0, ,160750, ,11.06, ,59.70, ,95.2, 
2005/5/26,18:00,0.0, ,160540, ,7.11, ,60.40, ,95.0, 
2005/5/26,19:00,0.0, ,160380, ,5.27, ,60.10, ,94.9, 
2005/5/26,20:00,0.0, ,160160, ,6.34, ,60.20, ,94.8, 
2005/5/26,21:00,0.0, ,160000, ,5.43, ,59.80, ,94.7, 
2005/5/26,22:00,0.0, ,159840, ,7.27, ,36.20, ,94.6, 
2005/5/26,23:00,0.0, ,159840, ,21.17, ,21.20, ,94.6, 
2005/5/26,24:00,0.0, ,159730, ,9.53, ,20.60, ,95.5, 
2005/5/27,01:00,0.0, ,159680, ,12.50, ,19.50, ,95.4, 
2005/5/27,02:00,0.0, ,159630, ,3.87, ,19.50, ,95.4, 
2005/5/27,03:00,0.0, ,159570, ,6.45, ,19.30, ,95.4, 
2005/5/27,04:00,0.0, ,159410, ,7.29, ,43.50, ,95.3, 
2005/5/27,05:00,0.0, ,159250, ,10.92, ,43.40, ,95.2, 
2005/5/27,06:00,0.0, ,159200, ,17.09, ,19.00, ,95.2, 
2005/5/27,07:00,0.0, ,159140, ,7.61, ,18.90, ,95.1, 
2005/5/27,08:00,0.0, ,159090, ,11.40, ,27.90, ,95.1, 
2005/5/27,09:00,0.0, ,158980, ,1.78, ,47.10, ,95.0, 
2005/5/27,10:00,0.0, ,158820, ,9.78, ,59.60, ,94.9, 
2005/5/27,11:00,0.0, ,158660, ,10.70, ,61.60, ,94.8, 
2005/5/27,12:00,0.0, ,158450, ,9.13, ,39.90, ,94.7, 
2005/5/27,13:00,0.0, ,158340, ,10.89, ,55.00, ,94.6, 
2005/5/27,14:00,0.0, ,158180, ,11.08, ,61.70, ,94.5, 
2005/5/27,15:00,0.0, ,157970, ,9.29, ,61.90, ,94.4, 
2005/5/27,16:00,0.0, ,157810, ,2.41, ,61.90, ,94.3, 
2005/5/27,17:00,0.0, ,157600, ,7.36, ,61.60, ,94.2, 
2005/5/27,18:00,0.0, ,157390, ,10.43, ,61.50, ,94.0, 
2005/5/27,19:00,0.0, ,157230, ,7.59, ,61.50, ,93.9, 
2005/5/27,20:00,0.0, ,157010, ,10.48, ,61.20, ,93.8, 
2005/5/27,21:00,0.0, ,156850, ,6.26, ,61.60, ,93.7, 
2005/5/27,22:00,0.0, ,156750, ,2.81, ,32.30, ,93.6, 
2005/5/27,23:00,0.0, ,156640, ,12.75, ,21.10, ,93.6, 
2005/5/27,24:00,0.0, ,156640, ,19.19, ,19.20, ,94.5, 
2005/5/28,01:00,0.0, ,156540, ,10.28, ,19.40, ,94.5, 
2005/5/28,02:00,0.0, ,156480, ,14.10, ,19.10, ,94.4, 
2005/5/28,03:00,0.0, ,156380, ,11.28, ,43.90, ,94.4, 
2005/5/28,04:00,0.0, ,156220, ,10.91, ,43.50, ,94.3, 
2005/5/28,05:00,0.0, ,156060, ,8.52, ,43.50, ,94.2, 
2005/5/28,06:00,0.0, ,156010, ,10.63, ,21.00, ,94.1, 
2005/5/28,07:00,0.0, ,155950, ,19.56, ,19.60, ,94.1, 
2005/5/28,08:00,0.0, ,155850, ,9.11, ,19.50, ,94.0, 
2005/5/28,09:00,0.0, ,155740, ,1.77, ,31.10, ,94.0, 
2005/5/28,10:00,0.0, ,155580, ,3.48, ,50.50, ,93.9, 
2005/5/28,11:00,0.0, ,155370, ,4.31, ,61.30, ,93.7, 
2005/5/28,12:00,0.0, ,155160, ,5.97, ,61.50, ,93.6, 
2005/5/28,13:00,0.0, ,155060, ,10.32, ,33.60, ,93.5, 
2005/5/28,14:00,0.0, ,154900, ,7.94, ,61.50, ,93.4, 
2005/5/28,15:00,0.0, ,154690, ,9.13, ,61.80, ,93.3, 
2005/5/28,16:00,0.0, ,154530, ,7.17, ,61.70, ,93.2, 
2005/5/28,17:00,0.0, ,154320, ,11.13, ,61.80, ,93.1, 
2005/5/28,18:00,1.0, ,154160, ,7.36, ,61.60, ,93.0, 
2005/5/28,19:00,0.4, ,153950, ,11.31, ,62.00, ,92.8, 
2005/5/28,20:00,0.0, ,153740, ,6.46, ,61.90, ,92.7, 
2005/5/28,21:00,0.0, ,153530, ,8.60, ,61.90, ,92.6, 
2005/5/28,22:00,0.0, ,153430, ,11.49, ,46.10, ,92.5, 
2005/5/28,23:00,0.0, ,153320, ,17.76, ,21.20, ,92.4, 
2005/5/28,24:00,0.0, ,153270, ,12.73, ,19.30, ,93.4, 
2005/5/29,01:00,0.0, ,153220, ,13.02, ,19.60, ,93.3, 
2005/5/29,02:00,0.0, ,153170, ,9.10, ,35.10, ,93.3, 
2005/5/29,03:00,0.0, ,153060, ,10.45, ,41.50, ,93.2, 
2005/5/29,04:00,0.0, ,152910, ,10.90, ,41.20, ,93.1, 
2005/5/29,05:00,0.0, ,152750, ,8.41, ,23.90, ,93.0, 
2005/5/29,06:00,0.0, ,152700, ,5.69, ,18.80, ,93.0, 
2005/5/29,07:00,0.0, ,152650, ,3.23, ,20.00, ,93.0, 
2005/5/29,08:00,0.0, ,152540, ,9.31, ,20.00, ,92.9, 
2005/5/29,09:00,0.0, ,152440, ,3.38, ,31.30, ,92.8, 
2005/5/29,10:00,0.0, ,152280, ,3.63, ,50.70, ,92.7, 
2005/5/29,11:00,0.0, ,152070, ,8.05, ,62.10, ,92.6, 
2005/5/29,12:00,0.0, ,151860, ,6.35, ,62.00, ,92.5, 
2005/5/29,13:00,0.0, ,151760, ,8.12, ,33.90, ,92.4, 
2005/5/29,14:00,0.0, ,151550, ,3.61, ,62.20, ,92.3, 
2005/5/29,15:00,1.2, ,151400, ,28.63, ,62.10, ,92.2, 
2005/5/29,16:00,3.1, ,151290, ,14.19, ,62.70, ,92.1, 
2005/5/29,17:00,1.3, ,151090, ,17.22, ,62.40, ,92.0, 
2005/5/29,18:00,0.3, ,150880, ,16.27, ,62.30, ,91.9, 
2005/5/29,19:00,0.0, ,150720, ,7.55, ,62.60, ,91.8, 
2005/5/29,20:00,0.0, ,150520, ,10.66, ,62.30, ,91.6, 
2005/5/29,21:00,0.0, ,150410, ,7.49, ,45.00, ,91.6, 
2005/5/29,22:00,0.0, ,150310, ,11.92, ,23.70, ,91.5, 
2005/5/29,23:00,0.0, ,150260, ,17.89, ,18.90, ,91.5, 
2005/5/29,24:00,0.0, ,150210, ,12.68, ,18.90, ,92.4, 
2005/5/30,01:00,0.0, ,150150, ,13.65, ,19.90, ,92.3, 
2005/5/30,02:00,0.0, ,150100, ,5.29, ,19.80, ,92.3, 
2005/5/30,03:00,0.0, ,150000, ,7.62, ,38.40, ,92.2, 
2005/5/30,04:00,0.0, ,149840, ,3.84, ,39.10, ,92.1, 
2005/5/30,05:00,0.0, ,149740, ,5.27, ,39.00, ,92.1, 
2005/5/30,06:00,0.0, ,149690, ,11.88, ,19.80, ,92.0, 
2005/5/30,07:00,0.0, ,149640, ,7.26, ,19.70, ,92.0, 
2005/5/30,08:00,0.0, ,149530, ,5.28, ,20.00, ,91.9, 
2005/5/30,09:00,0.2, ,149480, ,3.96, ,19.80, ,91.9, 
2005/5/30,10:00,0.0, ,149380, ,10.67, ,39.60, ,91.8, 
2005/5/30,11:00,0.0, ,149230, ,11.45, ,58.60, ,91.8, 
2005/5/30,12:00,0.0, ,149070, ,7.47, ,61.90, ,91.6, 
2005/5/30,13:00,0.0, ,148970, ,11.56, ,31.60, ,91.6, 
2005/5/30,14:00,0.0, ,148810, ,12.40, ,63.00, ,91.5, 
2005/5/30,15:00,0.0, ,148560, ,9.44, ,62.90, ,91.3, 
2005/5/30,16:00,0.0, ,148400, ,5.99, ,63.20, ,91.2, 
2005/5/30,17:00,0.0, ,148200, ,6.89, ,63.10, ,91.1, 
2005/5/30,18:00,0.0, ,147990, ,12.69, ,63.20, ,91.0, 
2005/5/30,19:00,0.0, ,147790, ,6.62, ,63.10, ,90.8, 
2005/5/30,20:00,0.0, ,147580, ,7.05, ,63.20, ,90.7, 
2005/5/30,21:00,0.0, ,147370, ,6.13, ,63.30, ,90.6, 
2005/5/30,22:00,0.0, ,147170, ,6.56, ,60.50, ,90.4, 
2005/5/30,23:00,0.0, ,147070, ,7.90, ,34.20, ,90.4, 
2005/5/30,24:00,0.0, ,147020, ,4.58, ,19.00, ,91.3, 
2005/5/31,01:00,0.0, ,146970, ,8.27, ,18.90, ,91.3, 
2005/5/31,02:00,0.0, ,146910, ,0.64, ,19.20, ,91.2, 
2005/5/31,03:00,0.0, ,146860, ,1.28, ,19.20, ,91.2, 
2005/5/31,04:00,0.0, ,146810, ,8.28, ,19.10, ,91.2, 
2005/5/31,05:00,0.0, ,146710, ,14.41, ,19.60, ,91.1, 
2005/5/31,06:00,0.0, ,146660, ,6.56, ,19.70, ,91.1, 
2005/5/31,07:00,0.0, ,146610, ,3.29, ,19.80, ,91.0, 
2005/5/31,08:00,0.0, ,146560, ,12.52, ,19.60, ,91.0, 
2005/5/31,09:00,0.0, ,146400, ,2.94, ,32.00, ,90.9, 
2005/5/31,10:00,0.0, ,146250, ,5.92, ,63.50, ,90.8, 
2005/5/31,11:00,0.0, ,145990, ,7.50, ,63.60, ,90.6, 
2005/5/31,12:00,0.0, ,145790, ,6.68, ,63.60, ,90.5, 
2005/5/31,13:00,0.0, ,145590, ,11.89, ,63.50, ,90.4, 
2005/5/31,14:00,0.0, ,145380, ,11.70, ,63.90, ,90.2, 
2005/5/31,15:00,0.0, ,145230, ,9.75, ,63.80, ,90.1, 
2005/5/31,16:00,0.0, ,145030, ,7.51, ,63.70, ,90.0, 
2005/5/31,17:00,0.0, ,144830, ,6.91, ,63.80, ,89.9, 
2005/5/31,18:00,0.0, ,144620, ,8.54, ,63.60, ,89.7, 
2005/5/31,19:00,0.0, ,144420, ,7.65, ,64.00, ,89.6, 
2005/5/31,20:00,0.0, ,144170, ,5.58, ,63.80, ,89.5, 
2005/5/31,21:00,0.0, ,143970, ,7.25, ,63.90, ,89.3, 
2005/5/31,22:00,0.0, ,143760, ,6.54, ,64.00, ,89.2, 
2005/5/31,23:00,0.0, ,143510, ,5.62, ,64.00, ,89.0, 
2005/5/31,24:00,0.0, ,143410, ,7.62, ,43.00, ,89.9, 
