îCà”ä˙ä‘É_ÉÄèîó åüçıåãâ 
êÖånñº,ãgñÏêÏ
âÕêÏñº,ãgñÏêÏ
äœë™èäñº,ëÅñæâYÉ_ÉÄÅiã@ç\Åj
äœë™èäãLçÜ,1368080700010
#
#îNåéì˙,éûçè,ó¨àÊïΩãœâJó ,ó¨àÊïΩãœâJó ëÆê´,íôêÖó ,íôêÖó ëÆê´,ó¨ì¸ó ,ó¨ì¸ó ëÆê´,ï˙ó¨ó ,ï˙ó¨ó ëÆê´,íôêÖó¶,íôêÖó¶ëÆê´
#ëÆê´Å@$:åáë™ -:ñ¢éÛêM
#
2012/10/1,01:00,0.3, ,183690, ,51.44, ,56.80, ,100.0, 
2012/10/1,02:00,0.0, ,183690, ,37.49, ,32.40, ,99.9, 
2012/10/1,03:00,0.0, ,183690, ,31.45, ,30.00, ,99.9, 
2012/10/1,04:00,0.0, ,183750, ,38.92, ,29.70, ,99.9, 
2012/10/1,05:00,0.0, ,183750, ,36.73, ,30.00, ,99.8, 
2012/10/1,06:00,0.0, ,183750, ,30.88, ,32.50, ,99.8, 
2012/10/1,07:00,0.1, ,183810, ,45.95, ,30.10, ,99.8, 
2012/10/1,08:00,0.0, ,183810, ,31.37, ,29.80, ,99.8, 
2012/10/1,09:00,0.0, ,183810, ,29.79, ,32.10, ,99.7, 
2012/10/1,10:00,0.0, ,183750, ,42.40, ,59.50, ,99.7, 
2012/10/1,11:00,0.0, ,183690, ,41.24, ,59.40, ,99.7, 
2012/10/1,12:00,0.0, ,183580, ,34.58, ,59.60, ,99.6, 
2012/10/1,13:00,0.0, ,183460, ,26.24, ,59.50, ,99.6, 
2012/10/1,14:00,0.0, ,183400, ,33.80, ,59.40, ,99.6, 
2012/10/1,15:00,0.0, ,183290, ,31.67, ,59.60, ,99.5, 
2012/10/1,16:00,0.0, ,183170, ,26.59, ,59.70, ,99.5, 
2012/10/1,17:00,0.0, ,183050, ,24.78, ,59.40, ,99.5, 
2012/10/1,18:00,0.0, ,182880, ,23.21, ,59.60, ,99.4, 
2012/10/1,19:00,0.0, ,182770, ,24.60, ,59.90, ,99.4, 
2012/10/1,20:00,0.0, ,182650, ,25.17, ,59.80, ,99.4, 
2012/10/1,21:00,0.0, ,182480, ,21.18, ,59.90, ,99.4, 
2012/10/1,22:00,0.0, ,182360, ,16.68, ,59.70, ,99.3, 
2012/10/1,23:00,0.0, ,182190, ,16.98, ,59.40, ,99.3, 
2012/10/1,24:00,0.0, ,182020, ,15.25, ,48.10, ,100.0, 
2012/10/2,01:00,0.0, ,182020, ,6.86, ,0.00, ,100.0, 
2012/10/2,02:00,0.0, ,182070, ,1.60, ,0.00, ,99.9, 
2012/10/2,03:00,0.0, ,182130, ,19.48, ,0.00, ,99.9, 
2012/10/2,04:00,0.0, ,182190, ,12.81, ,0.00, ,99.9, 
2012/10/2,05:00,0.0, ,182190, ,14.15, ,0.00, ,99.8, 
2012/10/2,06:00,0.0, ,182250, ,13.65, ,1.80, ,99.8, 
2012/10/2,07:00,0.0, ,182250, ,11.69, ,18.80, ,99.8, 
2012/10/2,08:00,0.0, ,182250, ,18.44, ,18.40, ,99.8, 
2012/10/2,09:00,0.0, ,182250, ,21.95, ,25.30, ,99.7, 
2012/10/2,10:00,0.0, ,182190, ,13.62, ,28.70, ,99.7, 
2012/10/2,11:00,0.0, ,182070, ,23.68, ,49.90, ,99.7, 
2012/10/2,12:00,0.0, ,181960, ,21.18, ,47.90, ,99.6, 
2012/10/2,13:00,0.0, ,181960, ,22.09, ,32.00, ,99.6, 
2012/10/2,14:00,0.0, ,181840, ,19.40, ,59.80, ,99.6, 
2012/10/2,15:00,0.0, ,181670, ,24.61, ,59.70, ,99.5, 
2012/10/2,16:00,0.0, ,181550, ,21.73, ,59.90, ,99.5, 
2012/10/2,17:00,0.0, ,181380, ,23.07, ,59.90, ,99.5, 
2012/10/2,18:00,0.0, ,181270, ,19.67, ,60.10, ,99.5, 
2012/10/2,19:00,0.0, ,181150, ,21.84, ,59.70, ,99.4, 
2012/10/2,20:00,0.0, ,180980, ,19.98, ,58.30, ,99.4, 
2012/10/2,21:00,0.0, ,180920, ,21.88, ,34.10, ,99.4, 
2012/10/2,22:00,0.0, ,180920, ,14.56, ,21.30, ,99.3, 
2012/10/2,23:00,0.0, ,180920, ,21.35, ,21.30, ,99.3, 
2012/10/2,24:00,0.0, ,180920, ,20.25, ,18.40, ,100.0, 
2012/10/3,01:00,0.0, ,180860, ,0.74, ,0.00, ,100.0, 
2012/10/3,02:00,0.0, ,180920, ,14.62, ,0.00, ,99.9, 
2012/10/3,03:00,0.0, ,180980, ,3.19, ,0.00, ,99.9, 
2012/10/3,04:00,0.0, ,180980, ,14.09, ,0.00, ,99.9, 
2012/10/3,05:00,0.0, ,181040, ,11.97, ,0.00, ,99.8, 
2012/10/3,06:00,0.0, ,181090, ,10.11, ,0.00, ,99.8, 
2012/10/3,07:00,0.0, ,181090, ,9.84, ,0.00, ,99.8, 
2012/10/3,08:00,0.0, ,181150, ,11.17, ,0.00, ,99.8, 
2012/10/3,09:00,0.0, ,181210, ,9.86, ,0.80, ,99.7, 
2012/10/3,10:00,0.0, ,181210, ,20.18, ,18.20, ,99.7, 
2012/10/3,11:00,0.0, ,181210, ,25.59, ,32.60, ,99.7, 
2012/10/3,12:00,0.0, ,181150, ,29.30, ,32.30, ,99.6, 
2012/10/3,13:00,0.0, ,181150, ,13.39, ,3.70, ,99.6, 
2012/10/3,14:00,0.0, ,181150, ,15.21, ,32.00, ,99.6, 
2012/10/3,15:00,0.0, ,180980, ,23.29, ,59.70, ,99.5, 
2012/10/3,16:00,0.0, ,180920, ,17.58, ,42.70, ,99.5, 
2012/10/3,17:00,0.0, ,180860, ,23.73, ,45.90, ,99.5, 
2012/10/3,18:00,0.0, ,180810, ,22.78, ,28.60, ,99.5, 
2012/10/3,19:00,0.0, ,180750, ,24.31, ,43.80, ,99.4, 
2012/10/3,20:00,0.0, ,180690, ,13.68, ,21.80, ,99.4, 
2012/10/3,21:00,0.0, ,180750, ,8.41, ,0.00, ,99.4, 
2012/10/3,22:00,0.0, ,180810, ,20.19, ,0.00, ,99.3, 
2012/10/3,23:00,0.0, ,180860, ,21.53, ,0.00, ,99.3, 
2012/10/3,24:00,0.0, ,180920, ,12.76, ,0.00, ,100.0, 
2012/10/4,01:00,0.0, ,180980, ,19.14, ,0.00, ,100.0, 
2012/10/4,02:00,0.0, ,181040, ,12.23, ,0.00, ,99.9, 
2012/10/4,03:00,0.0, ,181090, ,11.70, ,0.00, ,99.9, 
2012/10/4,04:00,0.0, ,181090, ,11.17, ,0.00, ,99.9, 
2012/10/4,05:00,0.0, ,181150, ,11.17, ,0.00, ,99.8, 
2012/10/4,06:00,0.0, ,181210, ,11.44, ,0.00, ,99.8, 
2012/10/4,07:00,0.0, ,181270, ,10.37, ,0.00, ,99.8, 
2012/10/4,08:00,0.2, ,181270, ,14.91, ,0.00, ,99.8, 
2012/10/4,09:00,0.0, ,181380, ,14.64, ,0.00, ,99.7, 
2012/10/4,10:00,0.0, ,181380, ,17.33, ,1.80, ,99.7, 
2012/10/4,11:00,0.0, ,181440, ,23.67, ,18.50, ,99.7, 
2012/10/4,12:00,0.0, ,181380, ,21.23, ,26.80, ,99.6, 
2012/10/4,13:00,0.0, ,181440, ,7.91, ,3.70, ,99.6, 
2012/10/4,14:00,0.0, ,181440, ,26.12, ,31.90, ,99.6, 
2012/10/4,15:00,0.0, ,181320, ,30.24, ,48.20, ,99.5, 
2012/10/4,16:00,0.0, ,181270, ,18.68, ,23.00, ,99.5, 
2012/10/4,17:00,0.0, ,181270, ,9.50, ,18.20, ,99.5, 
2012/10/4,18:00,0.0, ,181270, ,18.46, ,18.70, ,99.5, 
2012/10/4,19:00,0.0, ,181270, ,23.42, ,28.40, ,99.4, 
2012/10/4,20:00,0.0, ,181270, ,24.69, ,21.40, ,99.4, 
2012/10/4,21:00,0.0, ,181270, ,10.73, ,0.00, ,99.4, 
2012/10/4,22:00,0.0, ,181320, ,4.79, ,0.00, ,99.3, 
2012/10/4,23:00,0.0, ,181380, ,15.17, ,0.00, ,99.3, 
2012/10/4,24:00,0.0, ,181440, ,16.77, ,0.00, ,100.0, 
2012/10/5,01:00,0.0, ,181500, ,12.52, ,0.00, ,100.0, 
2012/10/5,02:00,0.0, ,181500, ,14.65, ,0.00, ,99.9, 
2012/10/5,03:00,0.0, ,181550, ,6.92, ,0.00, ,99.9, 
2012/10/5,04:00,0.0, ,181550, ,9.06, ,0.00, ,99.9, 
2012/10/5,05:00,0.0, ,181610, ,14.92, ,0.00, ,99.9, 
2012/10/5,06:00,0.0, ,181670, ,10.66, ,0.00, ,99.8, 
2012/10/5,07:00,0.0, ,181730, ,10.13, ,0.00, ,99.8, 
2012/10/5,08:00,0.0, ,181730, ,12.26, ,0.00, ,99.8, 
2012/10/5,09:00,0.0, ,181780, ,13.86, ,0.00, ,99.7, 
2012/10/5,10:00,0.0, ,181840, ,10.13, ,0.00, ,99.7, 
2012/10/5,11:00,0.0, ,181900, ,13.33, ,0.00, ,99.7, 
2012/10/5,12:00,0.0, ,181960, ,19.47, ,0.00, ,99.6, 
2012/10/5,13:00,0.0, ,182020, ,16.34, ,3.90, ,99.6, 
2012/10/5,14:00,0.0, ,182020, ,22.13, ,32.10, ,99.6, 
2012/10/5,15:00,0.0, ,181900, ,32.17, ,58.00, ,99.6, 
2012/10/5,16:00,0.0, ,181840, ,16.17, ,28.70, ,99.5, 
2012/10/5,17:00,0.0, ,181840, ,8.22, ,0.00, ,99.5, 
2012/10/5,18:00,0.0, ,181900, ,14.93, ,0.00, ,99.5, 
2012/10/5,19:00,0.0, ,181960, ,13.60, ,0.00, ,99.4, 
2012/10/5,20:00,0.0, ,182070, ,20.01, ,0.00, ,99.4, 
2012/10/5,21:00,0.0, ,182130, ,20.01, ,0.00, ,99.4, 
2012/10/5,22:00,0.0, ,182190, ,15.75, ,0.00, ,99.3, 
2012/10/5,23:00,0.0, ,182250, ,16.55, ,0.00, ,99.3, 
2012/10/5,24:00,0.0, ,182300, ,19.76, ,0.00, ,100.0, 
2012/10/6,01:00,0.0, ,182300, ,7.48, ,0.00, ,100.0, 
2012/10/6,02:00,0.0, ,182360, ,10.69, ,0.00, ,99.9, 
2012/10/6,03:00,0.0, ,182360, ,5.34, ,0.00, ,99.9, 
2012/10/6,04:00,0.0, ,182420, ,14.16, ,0.00, ,99.9, 
2012/10/6,05:00,0.0, ,182480, ,8.28, ,0.00, ,99.9, 
2012/10/6,06:00,0.0, ,182480, ,9.62, ,0.00, ,99.8, 
2012/10/6,07:00,0.0, ,182530, ,7.48, ,0.00, ,99.8, 
2012/10/6,08:00,0.0, ,182530, ,8.55, ,0.00, ,99.8, 
2012/10/6,09:00,0.0, ,182590, ,9.36, ,0.00, ,99.7, 
2012/10/6,10:00,0.0, ,182650, ,10.69, ,0.00, ,99.7, 
2012/10/6,11:00,0.0, ,182710, ,14.70, ,0.00, ,99.7, 
2012/10/6,12:00,0.0, ,182770, ,18.98, ,0.00, ,99.6, 
2012/10/6,13:00,0.0, ,182820, ,18.99, ,0.00, ,99.6, 
2012/10/6,14:00,0.0, ,182880, ,13.64, ,0.00, ,99.6, 
2012/10/6,15:00,0.0, ,182940, ,14.45, ,0.00, ,99.6, 
2012/10/6,16:00,0.0, ,183000, ,19.81, ,0.00, ,99.5, 
2012/10/6,17:00,0.0, ,183050, ,12.37, ,3.30, ,99.5, 
2012/10/6,18:00,0.0, ,183050, ,26.65, ,31.90, ,99.5, 
2012/10/6,19:00,0.0, ,182940, ,28.02, ,57.50, ,99.4, 
2012/10/6,20:00,0.0, ,182820, ,14.96, ,28.70, ,99.4, 
2012/10/6,21:00,0.0, ,182880, ,10.99, ,0.00, ,99.4, 
2012/10/6,22:00,0.0, ,182940, ,12.04, ,0.00, ,99.3, 
2012/10/6,23:00,0.0, ,183000, ,20.88, ,0.00, ,99.3, 
2012/10/6,24:00,0.0, ,183000, ,2.68, ,0.00, ,100.0, 
2012/10/7,01:00,0.0, ,183110, ,20.61, ,0.00, ,100.0, 
2012/10/7,02:00,0.0, ,183110, ,11.52, ,0.00, ,99.9, 
2012/10/7,03:00,0.0, ,183170, ,5.62, ,0.00, ,99.9, 
2012/10/7,04:00,0.0, ,183170, ,10.45, ,0.00, ,99.9, 
2012/10/7,05:00,0.0, ,183230, ,6.17, ,0.00, ,99.9, 
2012/10/7,06:00,0.0, ,183230, ,9.93, ,0.00, ,99.8, 
2012/10/7,07:00,0.0, ,183290, ,8.32, ,0.00, ,99.8, 
2012/10/7,08:00,0.0, ,183290, ,7.78, ,0.00, ,99.8, 
2012/10/7,09:00,0.0, ,183340, ,9.12, ,0.00, ,99.7, 
2012/10/7,10:00,0.0, ,183400, ,12.88, ,0.00, ,99.7, 
2012/10/7,11:00,0.0, ,183460, ,12.08, ,0.00, ,99.7, 
2012/10/7,12:00,0.0, ,183520, ,19.33, ,0.00, ,99.6, 
2012/10/7,13:00,0.0, ,183580, ,13.16, ,0.00, ,99.6, 
2012/10/7,14:00,0.0, ,183580, ,13.96, ,0.00, ,99.6, 
2012/10/7,15:00,0.0, ,183690, ,16.12, ,0.00, ,99.6, 
2012/10/7,16:00,0.0, ,183690, ,16.12, ,0.00, ,99.5, 
2012/10/7,17:00,0.0, ,183750, ,15.89, ,2.00, ,99.5, 
2012/10/7,18:00,0.0, ,183750, ,15.34, ,32.00, ,99.5, 
2012/10/7,19:00,0.0, ,183630, ,29.74, ,57.80, ,99.4, 
2012/10/7,20:00,0.0, ,183580, ,16.25, ,27.90, ,99.4, 
2012/10/7,21:00,0.0, ,183580, ,9.70, ,0.00, ,99.4, 
2012/10/7,22:00,0.0, ,183630, ,4.03, ,0.00, ,99.4, 
2012/10/7,23:00,0.0, ,183690, ,12.63, ,0.00, ,99.3, 
2012/10/7,24:00,0.0, ,183690, ,15.58, ,0.00, ,100.0, 
2012/10/8,01:00,0.0, ,183750, ,12.36, ,0.00, ,100.0, 
2012/10/8,02:00,0.0, ,183750, ,3.76, ,0.00, ,99.9, 
2012/10/8,03:00,0.0, ,183810, ,8.60, ,0.00, ,99.9, 
2012/10/8,04:00,0.0, ,183810, ,7.52, ,0.00, ,99.9, 
2012/10/8,05:00,0.0, ,183870, ,11.56, ,0.00, ,99.9, 
2012/10/8,06:00,0.0, ,183870, ,4.57, ,0.00, ,99.8, 
2012/10/8,07:00,0.0, ,183920, ,12.10, ,0.00, ,99.8, 
2012/10/8,08:00,0.0, ,183920, ,4.03, ,0.00, ,99.8, 
2012/10/8,09:00,0.0, ,183980, ,12.37, ,0.00, ,99.7, 
2012/10/8,10:00,0.0, ,184040, ,10.75, ,0.00, ,99.7, 
2012/10/8,11:00,0.0, ,184100, ,12.10, ,0.00, ,99.7, 
2012/10/8,12:00,0.0, ,184160, ,13.45, ,0.00, ,99.6, 
2012/10/8,13:00,0.0, ,184160, ,15.87, ,0.00, ,99.6, 
2012/10/8,14:00,0.0, ,184210, ,14.80, ,0.00, ,99.6, 
2012/10/8,15:00,0.0, ,184270, ,15.06, ,0.00, ,99.6, 
2012/10/8,16:00,0.0, ,184330, ,15.61, ,0.00, ,99.5, 
2012/10/8,17:00,0.0, ,184390, ,13.23, ,2.50, ,99.5, 
2012/10/8,18:00,0.0, ,184390, ,18.83, ,27.70, ,99.5, 
2012/10/8,19:00,0.0, ,184330, ,30.62, ,45.10, ,99.4, 
2012/10/8,20:00,0.0, ,184270, ,14.04, ,18.20, ,99.4, 
2012/10/8,21:00,0.0, ,184270, ,6.30, ,0.00, ,99.4, 
2012/10/8,22:00,0.0, ,184330, ,6.46, ,0.00, ,99.4, 
2012/10/8,23:00,0.0, ,184330, ,9.69, ,0.00, ,99.3, 
2012/10/8,24:00,0.0, ,184390, ,14.80, ,0.00, ,100.0, 
2012/10/9,01:00,0.0, ,184450, ,9.15, ,0.00, ,100.0, 
2012/10/9,02:00,0.0, ,184450, ,8.34, ,0.00, ,99.9, 
2012/10/9,03:00,0.0, ,184510, ,7.81, ,0.00, ,99.9, 
2012/10/9,04:00,0.0, ,184510, ,8.34, ,0.00, ,99.9, 
2012/10/9,05:00,0.0, ,184560, ,8.62, ,0.00, ,99.9, 
2012/10/9,06:00,0.0, ,184560, ,7.54, ,0.00, ,99.8, 
2012/10/9,07:00,0.0, ,184620, ,8.89, ,0.00, ,99.8, 
2012/10/9,08:00,0.0, ,184620, ,7.27, ,0.00, ,99.8, 
2012/10/9,09:00,0.0, ,184620, ,0.00, ,0.00, ,99.7, 
2012/10/9,10:00,0.0, ,184680, ,16.16, ,0.00, ,99.7, 
2012/10/9,11:00,0.0, ,184740, ,13.20, ,0.00, ,99.7, 
2012/10/9,12:00,0.0, ,184800, ,12.40, ,0.00, ,99.7, 
2012/10/9,13:00,0.0, ,184850, ,12.94, ,0.00, ,99.6, 
2012/10/9,14:00,0.0, ,184910, ,13.48, ,0.00, ,99.6, 
2012/10/9,15:00,0.0, ,184970, ,14.01, ,0.00, ,99.6, 
2012/10/9,16:00,0.0, ,184970, ,14.82, ,0.00, ,99.5, 
2012/10/9,17:00,0.0, ,185030, ,15.41, ,2.20, ,99.5, 
2012/10/9,18:00,0.0, ,185030, ,13.66, ,27.10, ,99.5, 
2012/10/9,19:00,0.0, ,184910, ,31.90, ,45.70, ,99.4, 
2012/10/9,20:00,0.0, ,184910, ,9.71, ,18.70, ,99.4, 
2012/10/9,21:00,0.0, ,184910, ,9.24, ,0.00, ,99.4, 
2012/10/9,22:00,0.0, ,184970, ,3.77, ,0.00, ,99.4, 
2012/10/9,23:00,0.0, ,184970, ,12.40, ,0.00, ,99.3, 
2012/10/9,24:00,0.0, ,185030, ,6.47, ,0.00, ,100.0, 
2012/10/10,01:00,0.0, ,185030, ,9.71, ,0.00, ,100.0, 
2012/10/10,02:00,0.0, ,185090, ,9.17, ,0.00, ,100.0, 
2012/10/10,03:00,0.0, ,185090, ,7.01, ,0.00, ,100.0, 
2012/10/10,04:00,0.0, ,185150, ,10.25, ,0.00, ,100.0, 
2012/10/10,05:00,0.0, ,185150, ,5.93, ,0.00, ,100.0, 
2012/10/10,06:00,0.0, ,185200, ,0.81, ,0.00, ,100.0, 
2012/10/10,07:00,0.0, ,185200, ,15.37, ,0.00, ,100.0, 
2012/10/10,08:00,0.0, ,185260, ,1.35, ,0.00, ,100.0, 
2012/10/10,09:00,0.0, ,185260, ,14.84, ,0.00, ,100.0, 
2012/10/10,10:00,0.0, ,185320, ,2.43, ,0.00, ,100.0, 
2012/10/10,11:00,0.0, ,185320, ,13.76, ,0.00, ,100.0, 
2012/10/10,12:00,0.0, ,185380, ,11.60, ,0.00, ,100.0, 
2012/10/10,13:00,0.0, ,185440, ,13.28, ,3.40, ,100.0, 
2012/10/10,14:00,0.0, ,185440, ,22.59, ,31.50, ,100.0, 
2012/10/10,15:00,0.0, ,185320, ,23.84, ,59.00, ,100.0, 
2012/10/10,16:00,0.0, ,185150, ,15.84, ,49.60, ,100.0, 
2012/10/10,17:00,0.2, ,185090, ,17.10, ,42.40, ,100.0, 
2012/10/10,18:00,0.2, ,185030, ,17.26, ,32.30, ,100.0, 
2012/10/10,19:00,0.2, ,184970, ,18.70, ,28.10, ,100.0, 
2012/10/10,20:00,0.2, ,184970, ,6.29, ,0.00, ,100.0, 
2012/10/10,21:00,0.1, ,185030, ,1.62, ,0.00, ,100.0, 
2012/10/10,22:00,0.0, ,185030, ,14.56, ,0.00, ,100.0, 
2012/10/10,23:00,0.0, ,185090, ,6.74, ,0.00, ,100.0, 
2012/10/10,24:00,0.0, ,185150, ,11.06, ,0.00, ,100.0, 
2012/10/11,01:00,0.1, ,185150, ,14.56, ,0.00, ,100.0, 
2012/10/11,02:00,0.0, ,185200, ,11.60, ,0.00, ,100.0, 
2012/10/11,03:00,0.0, ,185200, ,4.58, ,0.00, ,100.0, 
2012/10/11,04:00,0.0, ,185200, ,0.00, ,0.00, ,100.0, 
2012/10/11,05:00,0.0, ,185260, ,9.71, ,0.00, ,100.0, 
2012/10/11,06:00,0.0, ,185260, ,6.48, ,0.00, ,100.0, 
2012/10/11,07:00,0.0, ,185260, ,0.00, ,0.00, ,100.0, 
2012/10/11,08:00,0.0, ,185320, ,3.78, ,0.00, ,100.0, 
2012/10/11,09:00,0.0, ,185320, ,12.41, ,0.00, ,100.0, 
2012/10/11,10:00,0.0, ,185380, ,4.05, ,0.00, ,100.0, 
2012/10/11,11:00,0.0, ,185380, ,12.14, ,0.00, ,100.0, 
2012/10/11,12:00,0.0, ,185440, ,10.52, ,0.00, ,100.0, 
2012/10/11,13:00,0.0, ,185500, ,17.35, ,4.20, ,100.0, 
2012/10/11,14:00,0.0, ,185500, ,19.65, ,31.50, ,100.0, 
2012/10/11,15:00,0.0, ,185380, ,26.51, ,57.30, ,100.0, 
2012/10/11,16:00,0.0, ,185320, ,18.12, ,29.40, ,100.0, 
2012/10/11,17:00,0.0, ,185260, ,12.53, ,32.70, ,100.0, 
2012/10/11,18:00,0.0, ,185200, ,15.17, ,29.70, ,100.0, 
2012/10/11,19:00,0.0, ,185090, ,14.40, ,43.20, ,100.0, 
2012/10/11,20:00,0.0, ,185030, ,10.68, ,21.10, ,99.9, 
2012/10/11,21:00,0.0, ,185030, ,4.66, ,0.00, ,99.9, 
2012/10/11,22:00,0.0, ,185030, ,0.00, ,0.00, ,99.9, 
2012/10/11,23:00,0.0, ,185090, ,16.18, ,0.00, ,100.0, 
2012/10/11,24:00,0.0, ,185150, ,8.90, ,0.00, ,100.0, 
2012/10/12,01:00,0.0, ,185150, ,7.28, ,0.00, ,100.0, 
2012/10/12,02:00,0.0, ,185200, ,1.89, ,0.00, ,100.0, 
2012/10/12,03:00,0.0, ,185200, ,14.29, ,0.00, ,100.0, 
2012/10/12,04:00,0.0, ,185200, ,0.00, ,0.00, ,100.0, 
2012/10/12,05:00,0.0, ,185200, ,0.00, ,0.00, ,100.0, 
2012/10/12,06:00,0.0, ,185260, ,12.41, ,0.00, ,100.0, 
2012/10/12,07:00,0.0, ,185260, ,3.78, ,0.00, ,100.0, 
2012/10/12,08:00,0.0, ,185260, ,0.00, ,0.00, ,100.0, 
2012/10/12,09:00,0.0, ,185260, ,0.00, ,0.00, ,100.0, 
2012/10/12,10:00,0.0, ,185320, ,15.65, ,0.00, ,100.0, 
2012/10/12,11:00,0.0, ,185380, ,11.33, ,0.00, ,100.0, 
2012/10/12,12:00,0.0, ,185440, ,12.95, ,0.00, ,100.0, 
2012/10/12,13:00,0.0, ,185500, ,19.22, ,3.40, ,100.0, 
2012/10/12,14:00,0.0, ,185500, ,20.66, ,29.40, ,100.0, 
2012/10/12,15:00,0.0, ,185380, ,16.97, ,43.90, ,100.0, 
2012/10/12,16:00,0.0, ,185260, ,14.36, ,43.90, ,100.0, 
2012/10/12,17:00,0.0, ,185200, ,14.91, ,29.90, ,100.0, 
2012/10/12,18:00,0.0, ,185150, ,13.36, ,32.70, ,100.0, 
2012/10/12,19:00,0.0, ,185030, ,12.20, ,43.10, ,99.9, 
2012/10/12,20:00,0.0, ,184970, ,8.97, ,20.10, ,99.9, 
2012/10/12,21:00,0.0, ,184970, ,3.02, ,0.00, ,99.9, 
2012/10/12,22:00,0.0, ,185030, ,0.54, ,0.00, ,99.9, 
2012/10/12,23:00,0.0, ,185030, ,15.64, ,0.00, ,99.9, 
2012/10/12,24:00,0.0, ,185030, ,0.00, ,0.00, ,100.0, 
2012/10/13,01:00,0.0, ,185090, ,9.44, ,0.00, ,100.0, 
2012/10/13,02:00,0.0, ,185090, ,6.74, ,0.00, ,100.0, 
2012/10/13,03:00,0.0, ,185090, ,0.00, ,0.00, ,100.0, 
2012/10/13,04:00,0.0, ,185090, ,0.00, ,0.00, ,100.0, 
2012/10/13,05:00,0.0, ,185150, ,10.79, ,0.00, ,100.0, 
2012/10/13,06:00,0.0, ,185150, ,5.39, ,0.00, ,100.0, 
2012/10/13,07:00,0.0, ,185150, ,0.00, ,0.00, ,100.0, 
2012/10/13,08:00,0.0, ,185150, ,0.00, ,0.00, ,100.0, 
2012/10/13,09:00,0.0, ,185200, ,1.35, ,0.00, ,100.0, 
2012/10/13,10:00,0.0, ,185200, ,14.83, ,0.00, ,100.0, 
2012/10/13,11:00,0.0, ,185260, ,10.25, ,0.00, ,100.0, 
2012/10/13,12:00,0.0, ,185320, ,11.33, ,0.00, ,100.0, 
2012/10/13,13:00,0.0, ,185380, ,12.46, ,3.00, ,100.0, 
2012/10/13,14:00,0.0, ,185320, ,27.96, ,29.70, ,100.0, 
2012/10/13,15:00,0.0, ,185320, ,15.08, ,29.50, ,100.0, 
2012/10/13,16:00,0.0, ,185260, ,15.35, ,29.60, ,100.0, 
2012/10/13,17:00,0.0, ,185200, ,15.07, ,29.90, ,100.0, 
2012/10/13,18:00,0.0, ,185090, ,10.39, ,42.60, ,100.0, 
2012/10/13,19:00,0.0, ,184910, ,12.96, ,46.90, ,99.9, 
2012/10/13,20:00,0.0, ,184850, ,9.89, ,22.60, ,99.9, 
2012/10/13,21:00,0.0, ,184850, ,5.05, ,0.00, ,99.9, 
2012/10/13,22:00,0.0, ,184850, ,0.00, ,0.00, ,99.9, 
2012/10/13,23:00,0.0, ,184910, ,8.89, ,0.00, ,99.9, 
2012/10/13,24:00,0.0, ,184910, ,7.28, ,0.00, ,100.0, 
2012/10/14,01:00,0.0, ,184910, ,0.00, ,0.00, ,100.0, 
2012/10/14,02:00,0.0, ,184970, ,8.89, ,0.00, ,100.0, 
2012/10/14,03:00,0.0, ,184970, ,7.28, ,0.00, ,100.0, 
2012/10/14,04:00,0.0, ,184970, ,0.00, ,0.00, ,100.0, 
2012/10/14,05:00,0.0, ,184970, ,0.00, ,0.00, ,100.0, 
2012/10/14,06:00,0.0, ,185030, ,8.36, ,0.00, ,100.0, 
2012/10/14,07:00,0.0, ,185030, ,7.82, ,0.00, ,100.0, 
2012/10/14,08:00,0.0, ,185030, ,0.00, ,0.00, ,100.0, 
2012/10/14,09:00,0.0, ,185030, ,0.00, ,0.00, ,100.0, 
2012/10/14,10:00,0.0, ,185090, ,9.71, ,0.00, ,100.0, 
2012/10/14,11:00,0.0, ,185090, ,6.47, ,0.00, ,100.0, 
2012/10/14,12:00,0.0, ,185150, ,14.83, ,0.00, ,100.0, 
2012/10/14,13:00,0.0, ,185200, ,14.02, ,0.00, ,100.0, 
2012/10/14,14:00,0.0, ,185260, ,11.12, ,3.20, ,100.0, 
2012/10/14,15:00,0.0, ,185260, ,23.63, ,29.40, ,100.0, 
2012/10/14,16:00,0.0, ,185200, ,17.50, ,29.60, ,100.0, 
2012/10/14,17:00,0.0, ,185150, ,10.33, ,29.90, ,100.0, 
2012/10/14,18:00,0.1, ,185030, ,12.67, ,31.90, ,100.0, 
2012/10/14,19:00,0.0, ,184910, ,12.54, ,59.10, ,100.0, 
2012/10/14,20:00,0.0, ,184740, ,15.06, ,45.70, ,99.9, 
2012/10/14,21:00,0.0, ,184740, ,6.71, ,19.90, ,99.9, 
2012/10/14,22:00,0.0, ,184740, ,9.97, ,0.00, ,99.9, 
2012/10/14,23:00,0.0, ,184740, ,0.00, ,0.00, ,99.9, 
2012/10/14,24:00,0.0, ,184740, ,0.00, ,0.00, ,100.0, 
2012/10/15,01:00,0.0, ,184800, ,6.47, ,0.00, ,100.0, 
2012/10/15,02:00,0.0, ,184800, ,9.70, ,0.00, ,100.0, 
2012/10/15,03:00,0.0, ,184800, ,0.00, ,0.00, ,100.0, 
2012/10/15,04:00,0.0, ,184800, ,0.00, ,0.00, ,100.0, 
2012/10/15,05:00,0.0, ,184800, ,0.00, ,0.00, ,100.0, 
2012/10/15,06:00,0.0, ,184800, ,0.00, ,0.00, ,100.0, 
2012/10/15,07:00,0.0, ,184850, ,12.67, ,0.00, ,100.0, 
2012/10/15,08:00,0.0, ,184850, ,3.50, ,0.00, ,100.0, 
2012/10/15,09:00,0.0, ,184850, ,0.00, ,0.00, ,100.0, 
2012/10/15,10:00,0.0, ,184910, ,2.96, ,0.00, ,100.0, 
2012/10/15,11:00,0.0, ,184910, ,13.27, ,3.60, ,100.0, 
2012/10/15,12:00,0.0, ,184910, ,15.00, ,28.20, ,100.0, 
2012/10/15,13:00,0.0, ,184910, ,14.85, ,3.80, ,100.0, 
2012/10/15,14:00,0.0, ,184910, ,15.07, ,29.90, ,100.0, 
2012/10/15,15:00,0.0, ,184800, ,18.10, ,28.00, ,100.0, 
2012/10/15,16:00,0.0, ,184800, ,0.40, ,3.20, ,100.0, 
2012/10/15,17:00,0.0, ,184800, ,15.05, ,29.60, ,100.0, 
2012/10/15,18:00,0.0, ,184680, ,22.53, ,42.40, ,100.0, 
2012/10/15,19:00,0.0, ,184510, ,9.47, ,47.40, ,99.9, 
2012/10/15,20:00,0.0, ,184450, ,6.84, ,23.10, ,99.8, 
2012/10/15,21:00,0.0, ,184450, ,5.77, ,0.00, ,99.8, 
2012/10/15,22:00,0.0, ,184450, ,0.00, ,0.00, ,99.8, 
2012/10/15,23:00,0.0, ,184510, ,13.73, ,0.00, ,99.9, 
2012/10/15,24:00,0.0, ,184510, ,2.42, ,0.00, ,100.0, 
2012/10/16,01:00,0.0, ,184560, ,4.04, ,0.00, ,100.0, 
2012/10/16,02:00,0.0, ,184560, ,12.12, ,0.00, ,100.0, 
2012/10/16,03:00,0.0, ,184560, ,0.00, ,0.00, ,100.0, 
2012/10/16,04:00,0.0, ,184560, ,0.00, ,0.00, ,100.0, 
2012/10/16,05:00,0.0, ,184560, ,0.00, ,0.00, ,100.0, 
2012/10/16,06:00,0.0, ,184620, ,11.58, ,0.00, ,100.0, 
2012/10/16,07:00,0.0, ,184620, ,4.58, ,0.00, ,100.0, 
2012/10/16,08:00,0.0, ,184620, ,0.00, ,0.00, ,100.0, 
2012/10/16,09:00,0.0, ,184620, ,0.00, ,0.00, ,100.0, 
2012/10/16,10:00,0.0, ,184680, ,5.12, ,0.00, ,100.0, 
2012/10/16,11:00,0.0, ,184680, ,11.11, ,4.10, ,100.0, 
2012/10/16,12:00,0.0, ,184680, ,15.03, ,28.40, ,100.0, 
2012/10/16,13:00,0.0, ,184680, ,14.83, ,3.90, ,100.0, 
2012/10/16,14:00,0.0, ,184680, ,15.05, ,29.40, ,100.0, 
2012/10/16,15:00,0.0, ,184560, ,15.61, ,29.70, ,100.0, 
2012/10/16,16:00,0.0, ,184510, ,7.43, ,29.80, ,100.0, 
2012/10/16,17:00,0.0, ,184450, ,15.42, ,29.40, ,100.0, 
2012/10/16,18:00,0.0, ,184390, ,11.52, ,37.50, ,99.9, 
2012/10/16,19:00,0.0, ,184210, ,12.67, ,48.20, ,99.8, 
2012/10/16,20:00,0.2, ,184210, ,7.91, ,0.00, ,99.8, 
2012/10/16,21:00,0.2, ,184210, ,0.00, ,0.00, ,99.8, 
2012/10/16,22:00,0.8, ,184270, ,5.11, ,0.00, ,99.8, 
2012/10/16,23:00,1.9, ,184270, ,11.03, ,0.00, ,99.8, 
2012/10/16,24:00,2.7, ,184330, ,7.00, ,0.00, ,100.0, 
2012/10/17,01:00,2.0, ,184330, ,9.15, ,0.00, ,100.0, 
2012/10/17,02:00,0.8, ,184330, ,0.00, ,0.00, ,100.0, 
2012/10/17,03:00,0.5, ,184330, ,0.00, ,0.00, ,100.0, 
2012/10/17,04:00,0.6, ,184390, ,0.27, ,0.00, ,100.0, 
2012/10/17,05:00,0.5, ,184390, ,15.88, ,0.00, ,100.0, 
2012/10/17,06:00,0.4, ,184390, ,0.00, ,0.00, ,100.0, 
2012/10/17,07:00,0.3, ,184390, ,0.00, ,0.00, ,100.0, 
2012/10/17,08:00,1.7, ,184450, ,12.92, ,0.00, ,100.0, 
2012/10/17,09:00,2.4, ,184450, ,3.23, ,0.00, ,100.0, 
2012/10/17,10:00,1.2, ,184510, ,4.85, ,0.00, ,100.0, 
2012/10/17,11:00,3.5, ,184560, ,12.72, ,3.70, ,100.0, 
2012/10/17,12:00,7.0, ,184560, ,29.12, ,26.60, ,100.0, 
2012/10/17,13:00,12.4, ,184620, ,19.21, ,2.00, ,100.0, 
2012/10/17,14:00,14.8, ,184800, ,35.92, ,18.60, ,100.0, 
2012/10/17,15:00,9.9, ,184910, ,69.58, ,28.40, ,100.0, 
2012/10/17,16:00,6.6, ,185440, ,126.11, ,18.60, ,100.0, 
2012/10/17,17:00,0.7, ,185850, ,136.86, ,22.80, ,100.0, 
2012/10/17,18:00,0.4, ,186080, ,132.62, ,42.10, ,100.0, 
2012/10/17,19:00,0.3, ,186250, ,97.48, ,59.10, ,100.0, 
2012/10/17,20:00,0.1, ,186250, ,87.85, ,59.50, ,100.0, 
2012/10/17,21:00,0.0, ,186310, ,62.43, ,59.00, ,100.0, 
2012/10/17,22:00,0.0, ,186250, ,59.46, ,59.30, ,100.0, 
2012/10/17,23:00,0.0, ,186250, ,51.09, ,59.20, ,100.0, 
2012/10/17,24:00,0.0, ,186200, ,44.87, ,59.40, ,100.0, 
2012/10/18,01:00,0.0, ,186140, ,47.30, ,59.30, ,100.0, 
2012/10/18,02:00,0.0, ,186020, ,32.71, ,58.80, ,99.9, 
2012/10/18,03:00,0.0, ,185900, ,35.70, ,58.70, ,99.8, 
2012/10/18,04:00,0.0, ,185850, ,30.87, ,59.40, ,99.8, 
2012/10/18,05:00,0.0, ,185730, ,33.30, ,59.30, ,99.7, 
2012/10/18,06:00,0.0, ,185610, ,21.44, ,59.10, ,99.6, 
2012/10/18,07:00,0.0, ,185440, ,28.23, ,59.60, ,99.5, 
2012/10/18,08:00,0.0, ,185320, ,21.25, ,59.20, ,99.4, 
2012/10/18,09:00,0.0, ,185200, ,24.23, ,59.20, ,99.4, 
2012/10/18,10:00,0.0, ,185090, ,26.97, ,59.40, ,99.3, 
2012/10/18,11:00,0.0, ,185030, ,30.49, ,59.10, ,99.3, 
2012/10/18,12:00,0.0, ,184800, ,23.33, ,59.40, ,99.1, 
2012/10/18,13:00,0.0, ,184800, ,22.04, ,42.40, ,99.1, 
2012/10/18,14:00,0.0, ,184680, ,20.37, ,45.30, ,99.0, 
2012/10/18,15:00,0.0, ,184620, ,22.31, ,35.50, ,99.0, 
2012/10/18,16:00,0.0, ,184620, ,18.02, ,35.40, ,99.0, 
2012/10/18,17:00,0.0, ,184510, ,21.85, ,38.40, ,98.9, 
2012/10/18,18:00,0.0, ,184390, ,20.82, ,45.50, ,98.9, 
2012/10/18,19:00,0.0, ,184270, ,19.26, ,59.60, ,98.8, 
2012/10/18,20:00,0.0, ,184160, ,20.98, ,48.40, ,98.7, 
2012/10/18,21:00,0.0, ,184100, ,15.93, ,21.30, ,98.7, 
2012/10/18,22:00,0.0, ,184100, ,12.33, ,21.40, ,98.7, 
2012/10/18,23:00,0.0, ,184100, ,14.99, ,18.70, ,98.7, 
2012/10/18,24:00,0.0, ,184040, ,11.37, ,18.30, ,100.0, 
2012/10/19,01:00,0.0, ,183980, ,14.65, ,21.30, ,100.0, 
2012/10/19,02:00,0.0, ,183980, ,8.48, ,15.40, ,100.0, 
2012/10/19,03:00,0.0, ,183980, ,10.26, ,18.50, ,100.0, 
2012/10/19,04:00,0.0, ,183980, ,8.16, ,19.00, ,100.0, 
2012/10/19,05:00,0.0, ,183870, ,10.52, ,18.10, ,99.9, 
2012/10/19,06:00,0.0, ,183870, ,7.28, ,18.20, ,99.9, 
2012/10/19,07:00,0.0, ,183810, ,11.99, ,21.70, ,99.9, 
2012/10/19,08:00,0.0, ,183810, ,11.22, ,18.70, ,99.9, 
2012/10/19,09:00,0.0, ,183750, ,7.41, ,18.70, ,99.8, 
2012/10/19,10:00,0.0, ,183750, ,13.33, ,20.30, ,99.8, 
2012/10/19,11:00,0.0, ,183630, ,18.40, ,48.00, ,99.7, 
2012/10/19,12:00,0.0, ,183520, ,20.08, ,48.30, ,99.7, 
2012/10/19,13:00,0.0, ,183520, ,13.72, ,4.80, ,99.7, 
2012/10/19,14:00,0.0, ,183520, ,14.43, ,28.70, ,99.7, 
2012/10/19,15:00,0.0, ,183460, ,19.32, ,33.80, ,99.6, 
2012/10/19,16:00,0.0, ,183400, ,17.35, ,31.80, ,99.6, 
2012/10/19,17:00,0.0, ,183340, ,20.96, ,28.60, ,99.6, 
2012/10/19,18:00,0.0, ,183290, ,15.06, ,42.50, ,99.5, 
2012/10/19,19:00,0.0, ,183110, ,18.32, ,55.80, ,99.4, 
2012/10/19,20:00,0.0, ,183110, ,16.83, ,0.00, ,99.4, 
2012/10/19,21:00,0.0, ,183110, ,3.86, ,0.00, ,99.4, 
2012/10/19,22:00,0.0, ,183170, ,6.70, ,0.00, ,99.4, 
2012/10/19,23:00,0.0, ,183230, ,10.45, ,0.00, ,99.5, 
2012/10/19,24:00,0.0, ,183230, ,15.03, ,0.00, ,100.0, 
2012/10/20,01:00,0.0, ,183290, ,4.83, ,0.00, ,100.0, 
2012/10/20,02:00,0.0, ,183290, ,11.27, ,0.00, ,100.0, 
2012/10/20,03:00,0.0, ,183340, ,6.17, ,0.00, ,100.0, 
2012/10/20,04:00,0.0, ,183340, ,9.93, ,0.00, ,100.0, 
2012/10/20,05:00,0.0, ,183400, ,11.01, ,0.00, ,100.0, 
2012/10/20,06:00,0.0, ,183400, ,5.10, ,0.00, ,100.0, 
2012/10/20,07:00,0.0, ,183460, ,12.35, ,0.00, ,100.0, 
2012/10/20,08:00,0.0, ,183460, ,3.76, ,0.00, ,100.0, 
2012/10/20,09:00,0.0, ,183520, ,11.28, ,0.00, ,100.0, 
2012/10/20,10:00,0.0, ,183580, ,11.28, ,0.00, ,100.0, 
2012/10/20,11:00,0.0, ,183630, ,13.77, ,4.40, ,100.0, 
2012/10/20,12:00,0.0, ,183630, ,26.48, ,28.40, ,100.0, 
2012/10/20,13:00,0.0, ,183580, ,25.40, ,28.80, ,100.0, 
2012/10/20,14:00,0.0, ,183580, ,15.20, ,28.40, ,100.0, 
2012/10/20,15:00,0.0, ,183520, ,15.73, ,28.10, ,100.0, 
2012/10/20,16:00,0.0, ,183460, ,16.28, ,28.50, ,100.0, 
2012/10/20,17:00,0.0, ,183400, ,17.13, ,31.30, ,100.0, 
2012/10/20,18:00,0.0, ,183340, ,14.99, ,39.50, ,100.0, 
2012/10/20,19:00,0.0, ,183170, ,16.92, ,59.70, ,100.0, 
2012/10/20,20:00,0.0, ,183110, ,17.94, ,32.50, ,99.9, 
2012/10/20,21:00,0.0, ,183110, ,15.34, ,0.00, ,99.9, 
2012/10/20,22:00,0.0, ,183110, ,0.00, ,0.00, ,99.9, 
2012/10/20,23:00,0.0, ,183110, ,0.00, ,0.00, ,99.9, 
2012/10/20,24:00,0.0, ,183170, ,13.93, ,0.00, ,100.0, 
2012/10/21,01:00,0.0, ,183230, ,9.92, ,0.00, ,100.0, 
2012/10/21,02:00,0.0, ,183230, ,8.32, ,0.00, ,100.0, 
2012/10/21,03:00,0.0, ,183290, ,9.39, ,0.00, ,100.0, 
2012/10/21,04:00,0.0, ,183290, ,6.71, ,0.00, ,100.0, 
2012/10/21,05:00,0.0, ,183340, ,9.12, ,0.00, ,100.0, 
2012/10/21,06:00,0.0, ,183340, ,6.98, ,0.00, ,100.0, 
2012/10/21,07:00,0.0, ,183400, ,10.20, ,0.00, ,100.0, 
2012/10/21,08:00,0.0, ,183400, ,5.91, ,0.00, ,100.0, 
2012/10/21,09:00,0.0, ,183460, ,4.56, ,0.00, ,100.0, 
2012/10/21,10:00,0.0, ,183460, ,11.55, ,0.00, ,100.0, 
2012/10/21,11:00,0.0, ,183520, ,15.30, ,0.00, ,100.0, 
2012/10/21,12:00,0.0, ,183580, ,12.62, ,0.00, ,100.0, 
2012/10/21,13:00,0.0, ,183630, ,12.89, ,0.00, ,100.0, 
2012/10/21,14:00,0.0, ,183690, ,19.34, ,0.00, ,100.0, 
2012/10/21,15:00,0.0, ,183750, ,12.68, ,3.00, ,100.0, 
2012/10/21,16:00,0.0, ,183750, ,22.12, ,28.30, ,100.0, 
2012/10/21,17:00,0.0, ,183690, ,27.26, ,28.40, ,100.0, 
2012/10/21,18:00,0.0, ,183580, ,14.84, ,49.40, ,100.0, 
2012/10/21,19:00,0.0, ,183460, ,14.52, ,59.70, ,100.0, 
2012/10/21,20:00,0.0, ,183290, ,19.00, ,56.60, ,100.0, 
2012/10/21,21:00,0.0, ,183170, ,12.48, ,34.80, ,100.0, 
2012/10/21,22:00,0.0, ,183170, ,4.75, ,0.00, ,100.0, 
2012/10/21,23:00,0.0, ,183170, ,0.00, ,0.00, ,100.0, 
2012/10/21,24:00,0.0, ,183230, ,9.12, ,0.00, ,100.0, 
2012/10/22,01:00,0.0, ,183290, ,8.05, ,0.00, ,100.0, 
2012/10/22,02:00,0.0, ,183290, ,15.03, ,0.00, ,100.0, 
2012/10/22,03:00,0.0, ,183290, ,0.00, ,0.00, ,100.0, 
2012/10/22,04:00,0.0, ,183340, ,7.51, ,0.00, ,100.0, 
2012/10/22,05:00,0.0, ,183340, ,8.59, ,0.00, ,100.0, 
2012/10/22,06:00,0.0, ,183400, ,6.98, ,0.00, ,100.0, 
2012/10/22,07:00,0.0, ,183400, ,9.13, ,0.00, ,100.0, 
2012/10/22,08:00,0.0, ,183400, ,0.00, ,0.00, ,100.0, 
2012/10/22,09:00,0.0, ,183460, ,13.69, ,0.00, ,100.0, 
2012/10/22,10:00,0.0, ,183520, ,4.03, ,0.00, ,100.0, 
2012/10/22,11:00,0.0, ,183580, ,16.92, ,0.00, ,100.0, 
2012/10/22,12:00,0.0, ,183630, ,14.50, ,0.00, ,100.0, 
2012/10/22,13:00,0.0, ,183630, ,15.39, ,4.60, ,100.0, 
2012/10/22,14:00,0.0, ,183630, ,15.13, ,29.90, ,100.0, 
2012/10/22,15:00,0.0, ,183580, ,30.92, ,44.00, ,100.0, 
2012/10/22,16:00,0.0, ,183520, ,16.96, ,35.60, ,100.0, 
2012/10/22,17:00,0.0, ,183400, ,11.87, ,38.20, ,100.0, 
2012/10/22,18:00,0.0, ,183290, ,12.80, ,57.90, ,100.0, 
2012/10/22,19:00,0.0, ,183110, ,10.33, ,51.50, ,99.9, 
2012/10/22,20:00,0.0, ,183050, ,11.49, ,0.00, ,99.9, 
2012/10/22,21:00,0.2, ,183110, ,0.93, ,0.00, ,99.9, 
2012/10/22,22:00,0.0, ,183110, ,15.53, ,0.00, ,99.9, 
2012/10/22,23:00,0.0, ,183170, ,10.18, ,0.00, ,100.0, 
2012/10/22,24:00,0.0, ,183170, ,5.89, ,0.00, ,100.0, 
2012/10/23,01:00,0.0, ,183230, ,11.27, ,0.00, ,100.0, 
2012/10/23,02:00,0.0, ,183230, ,4.83, ,0.00, ,100.0, 
2012/10/23,03:00,0.0, ,183290, ,3.76, ,0.00, ,100.0, 
2012/10/23,04:00,0.0, ,183290, ,12.34, ,0.00, ,100.0, 
2012/10/23,05:00,1.2, ,183290, ,0.00, ,0.00, ,100.0, 
2012/10/23,06:00,2.8, ,183400, ,20.94, ,0.00, ,100.0, 
2012/10/23,07:00,0.0, ,183460, ,17.18, ,0.00, ,100.0, 
2012/10/23,08:00,0.2, ,183400, ,2.95, ,0.00, ,100.0, 
2012/10/23,09:00,0.1, ,183460, ,10.54, ,3.70, ,100.0, 
2012/10/23,10:00,1.1, ,183400, ,15.89, ,30.00, ,100.0, 
2012/10/23,11:00,0.3, ,183400, ,18.52, ,31.50, ,100.0, 
2012/10/23,12:00,0.2, ,183290, ,20.23, ,48.10, ,100.0, 
2012/10/23,13:00,0.3, ,183290, ,15.26, ,0.00, ,100.0, 
2012/10/23,14:00,0.0, ,183400, ,9.93, ,0.00, ,100.0, 
2012/10/23,15:00,0.0, ,183340, ,17.98, ,0.00, ,100.0, 
2012/10/23,16:00,0.0, ,183460, ,16.98, ,3.70, ,100.0, 
2012/10/23,17:00,0.0, ,183400, ,12.67, ,29.70, ,100.0, 
2012/10/23,18:00,0.0, ,183290, ,22.81, ,43.70, ,100.0, 
2012/10/23,19:00,0.0, ,183170, ,16.59, ,55.70, ,100.0, 
2012/10/23,20:00,0.0, ,183110, ,11.01, ,0.00, ,100.0, 
2012/10/23,21:00,0.0, ,183170, ,6.72, ,0.00, ,100.0, 
2012/10/23,22:00,0.0, ,183170, ,10.45, ,0.00, ,100.0, 
2012/10/23,23:00,0.0, ,183230, ,8.59, ,0.00, ,100.0, 
2012/10/23,24:00,0.0, ,183230, ,7.51, ,0.00, ,100.0, 
2012/10/24,01:00,0.0, ,183290, ,14.76, ,0.00, ,100.0, 
2012/10/24,02:00,0.0, ,183290, ,1.34, ,0.00, ,100.0, 
2012/10/24,03:00,0.0, ,183340, ,6.71, ,0.00, ,100.0, 
2012/10/24,04:00,0.0, ,183340, ,9.39, ,0.00, ,100.0, 
2012/10/24,05:00,0.0, ,183340, ,0.00, ,0.00, ,100.0, 
2012/10/24,06:00,0.0, ,183400, ,13.69, ,0.00, ,100.0, 
2012/10/24,07:00,0.0, ,183400, ,2.42, ,0.00, ,100.0, 
2012/10/24,08:00,0.0, ,183460, ,5.37, ,0.00, ,100.0, 
2012/10/24,09:00,0.0, ,183460, ,10.74, ,0.00, ,100.0, 
2012/10/24,10:00,0.0, ,183520, ,5.64, ,0.00, ,100.0, 
2012/10/24,11:00,0.0, ,183580, ,13.69, ,0.00, ,100.0, 
2012/10/24,12:00,0.0, ,183580, ,12.95, ,3.70, ,100.0, 
2012/10/24,13:00,0.0, ,183580, ,15.10, ,30.10, ,100.0, 
2012/10/24,14:00,0.0, ,183520, ,28.75, ,31.80, ,100.0, 
2012/10/24,15:00,0.0, ,183400, ,15.68, ,48.00, ,100.0, 
2012/10/24,16:00,0.0, ,183400, ,11.28, ,3.70, ,100.0, 
2012/10/24,17:00,0.0, ,183340, ,10.00, ,30.00, ,100.0, 
2012/10/24,18:00,0.0, ,183290, ,17.41, ,36.00, ,100.0, 
2012/10/24,19:00,0.0, ,183170, ,10.32, ,48.40, ,100.0, 
2012/10/24,20:00,0.0, ,183110, ,9.68, ,0.00, ,99.9, 
2012/10/24,21:00,0.0, ,183170, ,0.80, ,0.00, ,100.0, 
2012/10/24,22:00,0.0, ,183170, ,15.27, ,0.00, ,100.0, 
2012/10/24,23:00,0.0, ,183230, ,3.22, ,0.00, ,100.0, 
2012/10/24,24:00,0.0, ,183230, ,12.88, ,0.00, ,100.0, 
2012/10/25,01:00,0.0, ,183230, ,0.00, ,0.00, ,100.0, 
2012/10/25,02:00,0.0, ,183290, ,9.93, ,0.00, ,100.0, 
2012/10/25,03:00,0.0, ,183290, ,6.17, ,0.00, ,100.0, 
2012/10/25,04:00,0.0, ,183340, ,1.34, ,0.00, ,100.0, 
2012/10/25,05:00,0.0, ,183340, ,14.76, ,0.00, ,100.0, 
2012/10/25,06:00,0.0, ,183340, ,0.00, ,0.00, ,100.0, 
2012/10/25,07:00,0.0, ,183400, ,5.10, ,0.00, ,100.0, 
2012/10/25,08:00,0.0, ,183400, ,11.01, ,0.00, ,100.0, 
2012/10/25,09:00,0.0, ,183400, ,0.00, ,0.00, ,100.0, 
2012/10/25,10:00,0.0, ,183460, ,13.43, ,0.00, ,100.0, 
2012/10/25,11:00,0.0, ,183520, ,7.52, ,0.00, ,100.0, 
2012/10/25,12:00,0.0, ,183580, ,13.50, ,20.50, ,100.0, 
2012/10/25,13:00,0.0, ,183520, ,25.80, ,29.60, ,100.0, 
2012/10/25,14:00,0.0, ,183460, ,16.19, ,53.00, ,100.0, 
2012/10/25,15:00,0.0, ,183340, ,11.32, ,19.10, ,100.0, 
2012/10/25,16:00,0.0, ,183290, ,6.39, ,20.50, ,100.0, 
2012/10/25,17:00,0.0, ,183290, ,14.74, ,29.50, ,100.0, 
2012/10/25,18:00,0.0, ,183170, ,16.48, ,55.70, ,100.0, 
2012/10/25,19:00,0.0, ,183050, ,12.92, ,18.40, ,99.9, 
2012/10/25,20:00,0.0, ,183000, ,4.53, ,0.00, ,99.9, 
2012/10/25,21:00,0.0, ,183050, ,1.61, ,0.00, ,99.9, 
2012/10/25,22:00,0.0, ,183050, ,14.45, ,0.00, ,99.9, 
2012/10/25,23:00,0.0, ,183110, ,12.59, ,0.00, ,99.9, 
2012/10/25,24:00,0.0, ,183110, ,3.48, ,0.00, ,100.0, 
2012/10/26,01:00,0.0, ,183170, ,14.73, ,0.00, ,100.0, 
2012/10/26,02:00,0.0, ,183170, ,1.34, ,0.00, ,100.0, 
2012/10/26,03:00,0.0, ,183230, ,15.30, ,0.00, ,100.0, 
2012/10/26,04:00,0.0, ,183230, ,0.81, ,0.00, ,100.0, 
2012/10/26,05:00,0.0, ,183230, ,0.00, ,0.00, ,100.0, 
2012/10/26,06:00,0.0, ,183230, ,0.00, ,0.00, ,100.0, 
2012/10/26,07:00,0.0, ,183290, ,5.64, ,0.00, ,100.0, 
2012/10/26,08:00,0.0, ,183290, ,10.47, ,0.00, ,100.0, 
2012/10/26,09:00,0.0, ,183290, ,0.00, ,0.00, ,100.0, 
2012/10/26,10:00,0.0, ,183290, ,0.00, ,0.00, ,100.0, 
2012/10/26,11:00,0.0, ,183340, ,13.15, ,0.00, ,100.0, 
2012/10/26,12:00,0.0, ,183400, ,9.93, ,0.00, ,100.0, 
2012/10/26,13:00,0.0, ,183460, ,10.55, ,20.80, ,100.0, 
2012/10/26,14:00,0.0, ,183400, ,26.33, ,29.70, ,100.0, 
2012/10/26,15:00,0.0, ,183340, ,17.43, ,29.90, ,100.0, 
2012/10/26,16:00,0.0, ,183290, ,10.27, ,29.70, ,100.0, 
2012/10/26,17:00,0.0, ,183230, ,14.65, ,53.50, ,100.0, 
2012/10/26,18:00,0.0, ,183050, ,8.92, ,59.40, ,100.0, 
2012/10/26,19:00,0.0, ,182880, ,12.77, ,48.20, ,99.9, 
2012/10/26,20:00,0.0, ,182880, ,5.37, ,0.00, ,99.9, 
2012/10/26,21:00,0.0, ,182880, ,0.00, ,0.00, ,99.9, 
2012/10/26,22:00,0.0, ,182940, ,6.69, ,0.00, ,99.9, 
2012/10/26,23:00,0.0, ,183000, ,10.17, ,0.00, ,99.9, 
2012/10/26,24:00,0.0, ,183000, ,15.26, ,0.00, ,100.0, 
2012/10/27,01:00,0.0, ,183050, ,3.75, ,0.00, ,100.0, 
2012/10/27,02:00,0.0, ,183050, ,12.31, ,0.00, ,100.0, 
2012/10/27,03:00,0.0, ,183050, ,0.00, ,0.00, ,100.0, 
2012/10/27,04:00,0.0, ,183110, ,6.96, ,0.00, ,100.0, 
2012/10/27,05:00,0.0, ,183110, ,9.11, ,0.00, ,100.0, 
2012/10/27,06:00,0.0, ,183110, ,0.00, ,0.00, ,100.0, 
2012/10/27,07:00,0.0, ,183110, ,0.00, ,0.00, ,100.0, 
2012/10/27,08:00,0.0, ,183110, ,0.00, ,0.00, ,100.0, 
2012/10/27,09:00,0.0, ,183170, ,8.57, ,0.00, ,100.0, 
2012/10/27,10:00,0.0, ,183170, ,7.50, ,0.00, ,100.0, 
2012/10/27,11:00,0.0, ,183230, ,10.20, ,0.00, ,100.0, 
2012/10/27,12:00,0.0, ,183290, ,11.81, ,0.00, ,100.0, 
2012/10/27,13:00,0.0, ,183290, ,10.20, ,0.00, ,100.0, 
2012/10/27,14:00,0.0, ,183340, ,14.22, ,0.00, ,100.0, 
2012/10/27,15:00,0.0, ,183400, ,5.37, ,0.00, ,100.0, 
2012/10/27,16:00,0.0, ,183400, ,12.62, ,0.10, ,100.0, 
2012/10/27,17:00,0.0, ,183400, ,10.65, ,21.40, ,100.0, 
2012/10/27,18:00,0.0, ,183340, ,24.92, ,38.10, ,100.0, 
2012/10/27,19:00,0.0, ,183170, ,12.87, ,47.10, ,100.0, 
2012/10/27,20:00,0.3, ,183170, ,6.32, ,0.00, ,100.0, 
2012/10/27,21:00,0.7, ,183170, ,0.00, ,0.00, ,100.0, 
2012/10/27,22:00,0.1, ,183230, ,7.25, ,0.00, ,100.0, 
2012/10/27,23:00,0.3, ,183230, ,8.86, ,0.00, ,100.0, 
2012/10/27,24:00,0.3, ,183290, ,14.49, ,0.00, ,100.0, 
2012/10/28,01:00,0.3, ,183340, ,4.83, ,0.00, ,100.0, 
2012/10/28,02:00,0.1, ,183340, ,12.88, ,0.00, ,100.0, 
2012/10/28,03:00,0.0, ,183340, ,0.00, ,0.00, ,100.0, 
2012/10/28,04:00,0.0, ,183340, ,0.00, ,0.00, ,100.0, 
2012/10/28,05:00,0.3, ,183400, ,5.64, ,0.00, ,100.0, 
2012/10/28,06:00,0.1, ,183400, ,10.47, ,0.00, ,100.0, 
2012/10/28,07:00,0.0, ,183400, ,0.00, ,0.00, ,100.0, 
2012/10/28,08:00,0.0, ,183400, ,0.00, ,0.00, ,100.0, 
2012/10/28,09:00,0.0, ,183400, ,0.00, ,0.00, ,100.0, 
2012/10/28,10:00,0.0, ,183460, ,13.69, ,0.00, ,100.0, 
2012/10/28,11:00,0.0, ,183520, ,2.69, ,0.00, ,100.0, 
2012/10/28,12:00,0.0, ,183520, ,15.84, ,0.00, ,100.0, 
2012/10/28,13:00,0.0, ,183580, ,11.81, ,0.00, ,100.0, 
2012/10/28,14:00,0.0, ,183630, ,9.13, ,0.00, ,100.0, 
2012/10/28,15:00,0.0, ,183690, ,12.36, ,0.00, ,100.0, 
2012/10/28,16:00,0.0, ,183690, ,15.07, ,1.60, ,100.0, 
2012/10/28,17:00,0.0, ,183690, ,10.73, ,23.10, ,100.0, 
2012/10/28,18:00,0.0, ,183580, ,28.34, ,49.90, ,100.0, 
2012/10/28,19:00,0.0, ,183460, ,13.83, ,59.30, ,100.0, 
2012/10/28,20:00,0.0, ,183230, ,14.46, ,48.50, ,100.0, 
2012/10/28,21:00,0.0, ,183230, ,1.08, ,0.00, ,100.0, 
2012/10/28,22:00,0.0, ,183290, ,11.00, ,0.00, ,100.0, 
2012/10/28,23:00,0.0, ,183340, ,10.20, ,0.00, ,100.0, 
2012/10/28,24:00,0.0, ,183340, ,11.00, ,0.00, ,100.0, 
2012/10/29,01:00,0.0, ,183340, ,3.22, ,0.00, ,100.0, 
2012/10/29,02:00,0.0, ,183400, ,9.13, ,0.00, ,100.0, 
2012/10/29,03:00,0.0, ,183400, ,6.71, ,0.00, ,100.0, 
2012/10/29,04:00,0.0, ,183400, ,0.00, ,0.00, ,100.0, 
2012/10/29,05:00,0.0, ,183400, ,0.00, ,0.00, ,100.0, 
2012/10/29,06:00,0.0, ,183400, ,0.00, ,0.00, ,100.0, 
2012/10/29,07:00,0.2, ,183400, ,0.00, ,0.00, ,100.0, 
2012/10/29,08:00,0.0, ,183460, ,11.28, ,0.00, ,100.0, 
2012/10/29,09:00,0.0, ,183460, ,4.83, ,0.00, ,100.0, 
2012/10/29,10:00,0.0, ,183460, ,0.00, ,0.00, ,100.0, 
2012/10/29,11:00,0.0, ,183520, ,14.23, ,0.00, ,100.0, 
2012/10/29,12:00,0.0, ,183520, ,1.88, ,0.00, ,100.0, 
2012/10/29,13:00,0.0, ,183580, ,15.84, ,0.00, ,100.0, 
2012/10/29,14:00,0.0, ,183630, ,10.48, ,0.00, ,100.0, 
2012/10/29,15:00,0.0, ,183630, ,5.94, ,1.70, ,100.0, 
2012/10/29,16:00,0.0, ,183630, ,10.75, ,23.20, ,100.0, 
2012/10/29,17:00,0.0, ,183520, ,20.83, ,49.80, ,100.0, 
2012/10/29,18:00,0.0, ,183340, ,13.47, ,59.60, ,100.0, 
2012/10/29,19:00,0.0, ,183170, ,13.03, ,47.70, ,99.9, 
2012/10/29,20:00,0.0, ,183170, ,4.32, ,0.00, ,99.9, 
2012/10/29,21:00,0.0, ,183170, ,0.00, ,0.00, ,99.9, 
2012/10/29,22:00,0.0, ,183230, ,15.30, ,0.00, ,99.9, 
2012/10/29,23:00,0.0, ,183230, ,0.81, ,0.00, ,99.9, 
2012/10/29,24:00,0.0, ,183290, ,5.90, ,0.00, ,100.0, 
2012/10/30,01:00,0.0, ,183290, ,10.20, ,0.00, ,100.0, 
2012/10/30,02:00,0.0, ,183290, ,0.00, ,0.00, ,100.0, 
2012/10/30,03:00,0.0, ,183290, ,0.00, ,0.00, ,100.0, 
2012/10/30,04:00,0.0, ,183290, ,0.00, ,0.00, ,100.0, 
2012/10/30,05:00,0.0, ,183340, ,3.49, ,0.00, ,100.0, 
2012/10/30,06:00,0.0, ,183340, ,12.61, ,0.00, ,100.0, 
2012/10/30,07:00,0.0, ,183340, ,0.00, ,0.00, ,100.0, 
2012/10/30,08:00,0.0, ,183340, ,0.00, ,0.00, ,100.0, 
2012/10/30,09:00,0.0, ,183340, ,0.00, ,0.00, ,100.0, 
2012/10/30,10:00,0.0, ,183400, ,10.74, ,0.00, ,100.0, 
2012/10/30,11:00,0.0, ,183400, ,5.37, ,0.00, ,100.0, 
2012/10/30,12:00,0.0, ,183460, ,12.89, ,0.00, ,100.0, 
2012/10/30,13:00,0.0, ,183520, ,3.49, ,0.00, ,100.0, 
2012/10/30,14:00,0.0, ,183520, ,15.87, ,1.90, ,100.0, 
2012/10/30,15:00,0.0, ,183520, ,11.44, ,22.40, ,100.0, 
2012/10/30,16:00,0.0, ,183460, ,23.56, ,41.20, ,100.0, 
2012/10/30,17:00,0.3, ,183290, ,12.29, ,42.70, ,100.0, 
2012/10/30,18:00,0.0, ,183230, ,9.75, ,42.70, ,100.0, 
2012/10/30,19:00,0.0, ,183110, ,15.37, ,34.60, ,99.9, 
2012/10/30,20:00,0.0, ,183050, ,6.52, ,0.00, ,99.8, 
2012/10/30,21:00,0.0, ,183110, ,9.11, ,0.00, ,99.9, 
2012/10/30,22:00,0.0, ,183110, ,6.96, ,0.00, ,99.9, 
2012/10/30,23:00,0.0, ,183110, ,0.00, ,0.00, ,99.9, 
2012/10/30,24:00,0.0, ,183110, ,0.00, ,0.00, ,100.0, 
2012/10/31,01:00,0.0, ,183170, ,2.68, ,0.00, ,100.0, 
2012/10/31,02:00,0.0, ,183170, ,13.39, ,0.00, ,100.0, 
2012/10/31,03:00,0.0, ,183170, ,0.00, ,0.00, ,100.0, 
2012/10/31,04:00,0.0, ,183170, ,0.00, ,0.00, ,100.0, 
2012/10/31,05:00,0.0, ,183170, ,0.00, ,0.00, ,100.0, 
2012/10/31,06:00,0.1, ,183170, ,0.00, ,0.00, ,100.0, 
2012/10/31,07:00,0.0, ,183230, ,1.34, ,0.00, ,100.0, 
2012/10/31,08:00,0.0, ,183230, ,14.76, ,0.00, ,100.0, 
2012/10/31,09:00,0.0, ,183230, ,0.00, ,0.00, ,100.0, 
2012/10/31,10:00,0.0, ,183230, ,0.00, ,0.00, ,100.0, 
2012/10/31,11:00,0.0, ,183290, ,7.78, ,0.00, ,100.0, 
2012/10/31,12:00,0.0, ,183290, ,8.32, ,0.00, ,100.0, 
2012/10/31,13:00,0.0, ,183340, ,12.34, ,0.00, ,100.0, 
2012/10/31,14:00,0.0, ,183340, ,3.76, ,0.00, ,100.0, 
2012/10/31,15:00,0.0, ,183400, ,13.43, ,0.00, ,100.0, 
2012/10/31,16:00,0.0, ,183400, ,2.69, ,0.00, ,100.0, 
2012/10/31,17:00,0.0, ,183460, ,15.60, ,1.50, ,100.0, 
2012/10/31,18:00,0.0, ,183460, ,9.79, ,18.50, ,100.0, 
2012/10/31,19:00,0.0, ,183400, ,18.59, ,35.20, ,100.0, 
2012/10/31,20:00,0.0, ,183340, ,14.33, ,18.90, ,100.0, 
2012/10/31,21:00,0.0, ,183340, ,1.01, ,0.00, ,100.0, 
2012/10/31,22:00,0.0, ,183340, ,0.00, ,0.00, ,100.0, 
2012/10/31,23:00,0.0, ,183400, ,6.44, ,0.00, ,100.0, 
2012/10/31,24:00,0.0, ,183400, ,9.67, ,0.00, ,100.0, 
