îCà”ä˙ä‘É_ÉÄèîó åüçıåãâ 
êÖånñº,ãgñÏêÏ
âÕêÏñº,ãgñÏêÏ
äœë™èäñº,ëÅñæâYÉ_ÉÄÅiã@ç\Åj
äœë™èäãLçÜ,1368080700010
#
#îNåéì˙,éûçè,ó¨àÊïΩãœâJó ,ó¨àÊïΩãœâJó ëÆê´,íôêÖó ,íôêÖó ëÆê´,ó¨ì¸ó ,ó¨ì¸ó ëÆê´,ï˙ó¨ó ,ï˙ó¨ó ëÆê´,íôêÖó¶,íôêÖó¶ëÆê´
#ëÆê´Å@$:åáë™ -:ñ¢éÛêM
#
2008/11/1,01:00,0.0, ,101980, ,10.40, ,0.00, ,47.9, 
2008/11/1,02:00,0.0, ,101980, ,10.79, ,0.00, ,47.9, 
2008/11/1,03:00,0.0, ,102030, ,8.44, ,0.00, ,47.9, 
2008/11/1,04:00,0.0, ,102030, ,3.33, ,0.00, ,47.9, 
2008/11/1,05:00,0.0, ,102070, ,10.99, ,0.00, ,47.9, 
2008/11/1,06:00,0.0, ,102070, ,0.79, ,0.00, ,47.9, 
2008/11/1,07:00,0.0, ,102110, ,11.58, ,0.00, ,47.9, 
2008/11/1,08:00,0.0, ,102150, ,1.57, ,0.00, ,48.0, 
2008/11/1,09:00,0.0, ,102150, ,10.41, ,0.00, ,48.0, 
2008/11/1,10:00,0.0, ,102200, ,2.95, ,0.00, ,48.0, 
2008/11/1,11:00,0.0, ,102240, ,10.21, ,0.00, ,48.0, 
2008/11/1,12:00,0.0, ,102240, ,10.41, ,0.00, ,48.0, 
2008/11/1,13:00,0.0, ,102280, ,11.00, ,0.00, ,48.1, 
2008/11/1,14:00,0.0, ,102370, ,13.56, ,0.00, ,48.1, 
2008/11/1,15:00,0.0, ,102410, ,15.72, ,0.00, ,48.1, 
2008/11/1,16:00,0.0, ,102450, ,12.78, ,0.00, ,48.2, 
2008/11/1,17:00,0.0, ,102490, ,13.77, ,0.00, ,48.2, 
2008/11/1,18:00,0.0, ,102580, ,13.77, ,0.00, ,48.2, 
2008/11/1,19:00,0.0, ,102620, ,14.76, ,0.00, ,48.3, 
2008/11/1,20:00,0.0, ,102660, ,14.17, ,0.00, ,48.3, 
2008/11/1,21:00,0.0, ,102710, ,11.61, ,0.00, ,48.3, 
2008/11/1,22:00,0.0, ,102750, ,14.37, ,0.00, ,48.3, 
2008/11/1,23:00,0.0, ,102790, ,10.24, ,0.00, ,48.4, 
2008/11/1,24:00,0.0, ,102830, ,10.05, ,0.00, ,48.4, 
2008/11/2,01:00,0.0, ,102830, ,9.46, ,0.00, ,48.4, 
2008/11/2,02:00,0.0, ,102880, ,9.06, ,0.00, ,48.4, 
2008/11/2,03:00,0.0, ,102880, ,2.76, ,0.00, ,48.4, 
2008/11/2,04:00,0.0, ,102920, ,5.72, ,0.00, ,48.4, 
2008/11/2,05:00,0.0, ,102920, ,6.11, ,0.00, ,48.4, 
2008/11/2,06:00,0.0, ,102920, ,0.00, ,0.00, ,48.4, 
2008/11/2,07:00,0.0, ,102960, ,9.46, ,0.00, ,48.4, 
2008/11/2,08:00,0.0, ,102960, ,2.37, ,0.00, ,48.4, 
2008/11/2,09:00,0.0, ,102960, ,0.00, ,0.00, ,48.4, 
2008/11/2,10:00,0.0, ,103000, ,7.89, ,0.00, ,48.5, 
2008/11/2,11:00,0.0, ,103050, ,5.13, ,0.00, ,48.5, 
2008/11/2,12:00,0.0, ,103090, ,13.02, ,0.00, ,48.5, 
2008/11/2,13:00,0.0, ,103130, ,12.83, ,0.00, ,48.6, 
2008/11/2,14:00,0.0, ,103170, ,13.25, ,0.00, ,48.6, 
2008/11/2,15:00,0.0, ,103220, ,12.64, ,0.00, ,48.6, 
2008/11/2,16:00,0.0, ,103260, ,14.61, ,0.00, ,48.6, 
2008/11/2,17:00,0.0, ,103300, ,12.70, ,3.30, ,48.7, 
2008/11/2,18:00,0.0, ,103300, ,16.45, ,28.50, ,48.7, 
2008/11/2,19:00,0.0, ,103220, ,25.56, ,38.60, ,48.6, 
2008/11/2,20:00,0.0, ,103170, ,11.61, ,28.10, ,48.6, 
2008/11/2,21:00,0.0, ,103170, ,9.24, ,0.00, ,48.6, 
2008/11/2,22:00,0.0, ,103170, ,0.00, ,0.00, ,48.6, 
2008/11/2,23:00,0.0, ,103220, ,9.27, ,0.00, ,48.6, 
2008/11/2,24:00,0.0, ,103260, ,11.06, ,0.00, ,48.6, 
2008/11/3,01:00,0.0, ,103300, ,9.09, ,0.00, ,48.7, 
2008/11/3,02:00,0.0, ,103300, ,6.12, ,0.00, ,48.7, 
2008/11/3,03:00,0.0, ,103300, ,0.00, ,0.00, ,48.7, 
2008/11/3,04:00,0.0, ,103350, ,7.90, ,0.00, ,48.7, 
2008/11/3,05:00,0.0, ,103350, ,3.95, ,0.00, ,48.7, 
2008/11/3,06:00,0.0, ,103350, ,0.00, ,0.00, ,48.7, 
2008/11/3,07:00,0.0, ,103390, ,10.67, ,0.00, ,48.7, 
2008/11/3,08:00,0.0, ,103390, ,1.19, ,0.00, ,48.7, 
2008/11/3,09:00,0.0, ,103390, ,0.00, ,0.00, ,48.7, 
2008/11/3,10:00,0.0, ,103430, ,7.91, ,0.00, ,48.7, 
2008/11/3,11:00,0.0, ,103470, ,4.94, ,0.00, ,48.8, 
2008/11/3,12:00,0.0, ,103520, ,11.86, ,0.00, ,48.8, 
2008/11/3,13:00,0.0, ,103560, ,14.43, ,0.00, ,48.8, 
2008/11/3,14:00,0.0, ,103600, ,11.07, ,0.00, ,48.8, 
2008/11/3,15:00,0.0, ,103640, ,14.84, ,0.00, ,48.9, 
2008/11/3,16:00,0.0, ,103690, ,11.47, ,0.00, ,48.9, 
2008/11/3,17:00,0.0, ,103730, ,14.69, ,3.10, ,48.9, 
2008/11/3,18:00,0.0, ,103730, ,16.21, ,25.70, ,48.9, 
2008/11/3,19:00,0.0, ,103600, ,16.98, ,48.70, ,48.8, 
2008/11/3,20:00,0.0, ,103520, ,10.19, ,5.80, ,48.8, 
2008/11/3,21:00,0.0, ,103520, ,0.44, ,0.00, ,48.8, 
2008/11/3,22:00,0.0, ,103560, ,5.53, ,0.00, ,48.8, 
2008/11/3,23:00,0.0, ,103600, ,9.10, ,0.00, ,48.8, 
2008/11/3,24:00,0.0, ,103600, ,9.10, ,0.00, ,48.8, 
2008/11/4,01:00,0.0, ,103640, ,11.08, ,0.00, ,48.9, 
2008/11/4,02:00,0.0, ,103640, ,0.79, ,0.00, ,49.1, 
2008/11/4,03:00,0.0, ,103690, ,11.08, ,0.00, ,49.1, 
2008/11/4,04:00,0.0, ,103690, ,0.79, ,0.00, ,49.1, 
2008/11/4,05:00,0.0, ,103690, ,0.00, ,0.00, ,49.1, 
2008/11/4,06:00,0.0, ,103730, ,10.68, ,0.00, ,49.1, 
2008/11/4,07:00,0.0, ,103730, ,1.19, ,0.00, ,49.1, 
2008/11/4,08:00,0.0, ,103730, ,0.00, ,0.00, ,48.9, 
2008/11/4,09:00,0.0, ,103730, ,4.79, ,11.40, ,48.9, 
2008/11/4,10:00,0.0, ,103730, ,11.38, ,11.90, ,48.9, 
2008/11/4,11:00,0.0, ,103690, ,2.98, ,12.00, ,48.9, 
2008/11/4,12:00,0.0, ,103690, ,8.86, ,11.60, ,48.9, 
2008/11/4,13:00,0.0, ,103690, ,10.87, ,10.40, ,48.9, 
2008/11/4,14:00,0.0, ,103690, ,10.56, ,11.20, ,48.9, 
2008/11/4,15:00,0.0, ,103690, ,11.28, ,6.40, ,48.9, 
2008/11/4,16:00,0.0, ,103690, ,5.67, ,0.00, ,48.9, 
2008/11/4,17:00,0.0, ,103690, ,0.00, ,0.00, ,48.9, 
2008/11/4,18:00,0.0, ,103730, ,8.51, ,0.00, ,48.9, 
2008/11/4,19:00,0.0, ,103770, ,9.50, ,0.00, ,49.0, 
2008/11/4,20:00,0.0, ,103820, ,7.92, ,0.00, ,49.0, 
2008/11/4,21:00,0.0, ,103820, ,9.70, ,0.00, ,49.0, 
2008/11/4,22:00,0.0, ,103860, ,11.29, ,0.00, ,49.0, 
2008/11/4,23:00,0.0, ,103900, ,9.11, ,0.00, ,49.0, 
2008/11/4,24:00,0.0, ,103940, ,7.92, ,0.00, ,49.1, 
2008/11/5,01:00,0.0, ,103940, ,7.33, ,0.00, ,49.1, 
2008/11/5,02:00,0.0, ,103990, ,2.77, ,0.00, ,49.1, 
2008/11/5,03:00,0.0, ,103990, ,9.12, ,0.00, ,49.1, 
2008/11/5,04:00,0.0, ,103990, ,0.00, ,0.00, ,49.1, 
2008/11/5,05:00,0.0, ,104030, ,1.78, ,0.00, ,49.1, 
2008/11/5,06:00,0.0, ,104030, ,10.11, ,0.00, ,49.1, 
2008/11/5,07:00,0.0, ,104030, ,0.00, ,0.00, ,49.1, 
2008/11/5,08:00,0.0, ,104030, ,0.06, ,3.50, ,49.1, 
2008/11/5,09:00,0.0, ,104030, ,5.56, ,11.30, ,49.1, 
2008/11/5,10:00,0.0, ,104030, ,11.28, ,11.10, ,49.1, 
2008/11/5,11:00,0.0, ,103990, ,6.31, ,11.50, ,49.1, 
2008/11/5,12:00,0.0, ,103990, ,5.00, ,11.30, ,49.1, 
2008/11/5,13:00,0.0, ,103990, ,10.62, ,10.30, ,49.1, 
2008/11/5,14:00,0.0, ,103990, ,10.40, ,11.30, ,49.1, 
2008/11/5,15:00,0.0, ,103990, ,11.31, ,11.10, ,49.1, 
2008/11/5,16:00,0.0, ,103940, ,0.75, ,10.50, ,49.1, 
2008/11/5,17:00,0.0, ,103940, ,9.91, ,10.40, ,49.1, 
2008/11/5,18:00,0.0, ,103940, ,10.35, ,10.50, ,49.1, 
2008/11/5,19:00,0.0, ,103900, ,7.83, ,10.50, ,49.0, 
2008/11/5,20:00,0.0, ,103900, ,2.10, ,0.00, ,49.0, 
2008/11/5,21:00,0.0, ,103900, ,2.76, ,0.00, ,49.0, 
2008/11/5,22:00,0.0, ,103900, ,0.00, ,0.00, ,49.0, 
2008/11/5,23:00,0.0, ,103940, ,9.71, ,0.00, ,49.1, 
2008/11/5,24:00,0.0, ,103990, ,8.32, ,0.00, ,49.1, 
2008/11/6,01:00,0.0, ,103990, ,5.75, ,0.00, ,49.1, 
2008/11/6,02:00,0.0, ,104030, ,8.32, ,0.00, ,49.1, 
2008/11/6,03:00,0.0, ,104030, ,3.57, ,0.00, ,49.1, 
2008/11/6,04:00,0.0, ,104030, ,0.00, ,0.00, ,49.1, 
2008/11/6,05:00,0.0, ,104070, ,5.35, ,0.00, ,49.2, 
2008/11/6,06:00,0.0, ,104070, ,6.54, ,0.00, ,49.2, 
2008/11/6,07:00,0.0, ,104070, ,0.00, ,0.00, ,49.2, 
2008/11/6,08:00,0.0, ,104070, ,0.00, ,0.00, ,49.2, 
2008/11/6,09:00,0.0, ,104070, ,4.43, ,11.80, ,49.2, 
2008/11/6,10:00,0.0, ,104070, ,11.51, ,12.10, ,49.2, 
2008/11/6,11:00,0.0, ,104030, ,0.20, ,11.90, ,49.1, 
2008/11/6,12:00,0.0, ,104030, ,11.55, ,11.60, ,49.1, 
2008/11/6,13:00,0.0, ,104030, ,11.00, ,10.40, ,49.1, 
2008/11/6,14:00,0.0, ,103990, ,0.00, ,11.80, ,49.1, 
2008/11/6,15:00,0.0, ,103990, ,14.11, ,18.30, ,49.1, 
2008/11/6,16:00,0.0, ,103990, ,9.36, ,3.00, ,49.1, 
2008/11/6,17:00,0.0, ,103990, ,9.07, ,13.60, ,49.1, 
2008/11/6,18:00,0.0, ,103990, ,8.91, ,0.00, ,49.1, 
2008/11/6,19:00,0.3, ,103990, ,0.00, ,0.00, ,49.1, 
2008/11/6,20:00,2.9, ,104030, ,7.53, ,0.00, ,49.1, 
2008/11/6,21:00,2.5, ,104070, ,15.46, ,0.00, ,49.2, 
2008/11/6,22:00,2.4, ,104110, ,9.72, ,0.00, ,49.2, 
2008/11/6,23:00,7.2, ,104160, ,14.67, ,0.00, ,49.2, 
2008/11/6,24:00,4.3, ,104240, ,16.07, ,0.00, ,49.3, 
2008/11/7,01:00,1.1, ,104290, ,13.89, ,0.00, ,49.3, 
2008/11/7,02:00,0.6, ,104290, ,5.96, ,0.00, ,49.3, 
2008/11/7,03:00,0.8, ,104330, ,8.54, ,0.00, ,49.3, 
2008/11/7,04:00,0.5, ,104330, ,3.37, ,0.00, ,49.3, 
2008/11/7,05:00,0.0, ,104370, ,9.73, ,0.00, ,49.4, 
2008/11/7,06:00,0.6, ,104370, ,2.18, ,0.00, ,49.4, 
2008/11/7,07:00,0.6, ,104410, ,10.92, ,0.00, ,49.4, 
2008/11/7,08:00,0.4, ,104410, ,0.99, ,0.00, ,49.4, 
2008/11/7,09:00,0.1, ,104460, ,5.36, ,0.00, ,49.4, 
2008/11/7,10:00,0.1, ,104500, ,8.34, ,0.00, ,49.4, 
2008/11/7,11:00,0.0, ,104540, ,15.30, ,0.00, ,49.5, 
2008/11/7,12:00,0.0, ,104590, ,12.91, ,0.00, ,49.5, 
2008/11/7,13:00,0.0, ,104630, ,14.71, ,0.00, ,49.5, 
2008/11/7,14:00,0.0, ,104720, ,16.90, ,0.00, ,49.6, 
2008/11/7,15:00,0.0, ,104760, ,12.53, ,0.00, ,49.6, 
2008/11/7,16:00,0.0, ,104800, ,12.93, ,0.00, ,49.6, 
2008/11/7,17:00,0.0, ,104840, ,13.33, ,0.00, ,49.7, 
2008/11/7,18:00,0.0, ,104890, ,14.93, ,0.00, ,49.7, 
2008/11/7,19:00,0.0, ,104930, ,10.75, ,0.00, ,49.7, 
2008/11/7,20:00,0.0, ,104970, ,15.13, ,0.00, ,49.7, 
2008/11/7,21:00,0.0, ,105060, ,14.74, ,0.00, ,49.8, 
2008/11/7,22:00,0.0, ,105100, ,12.75, ,0.00, ,49.8, 
2008/11/7,23:00,0.0, ,105150, ,14.74, ,0.00, ,49.8, 
2008/11/7,24:00,0.1, ,105190, ,10.96, ,0.00, ,49.8, 
2008/11/8,01:00,1.3, ,105230, ,14.75, ,0.00, ,49.9, 
2008/11/8,02:00,2.3, ,105270, ,10.76, ,0.00, ,49.9, 
2008/11/8,03:00,1.5, ,105320, ,11.76, ,0.00, ,49.9, 
2008/11/8,04:00,0.5, ,105320, ,7.18, ,0.00, ,49.9, 
2008/11/8,05:00,0.1, ,105360, ,11.17, ,0.00, ,49.9, 
2008/11/8,06:00,1.3, ,105400, ,2.79, ,0.00, ,50.0, 
2008/11/8,07:00,0.8, ,105400, ,9.98, ,0.00, ,50.0, 
2008/11/8,08:00,1.6, ,105450, ,4.99, ,0.00, ,50.0, 
2008/11/8,09:00,1.9, ,105490, ,7.58, ,0.00, ,50.0, 
2008/11/8,10:00,1.0, ,105530, ,13.58, ,0.00, ,50.0, 
2008/11/8,11:00,1.1, ,105580, ,11.58, ,0.00, ,50.1, 
2008/11/8,12:00,0.0, ,105620, ,12.18, ,0.00, ,50.1, 
2008/11/8,13:00,0.0, ,105660, ,13.50, ,7.00, ,50.1, 
2008/11/8,14:00,0.3, ,105660, ,20.51, ,23.20, ,50.1, 
2008/11/8,15:00,0.0, ,105620, ,22.75, ,23.50, ,50.1, 
2008/11/8,16:00,0.0, ,105620, ,11.99, ,23.30, ,50.1, 
2008/11/8,17:00,0.0, ,105580, ,13.34, ,23.40, ,50.1, 
2008/11/8,18:00,0.0, ,105530, ,14.69, ,27.00, ,50.0, 
2008/11/8,19:00,0.7, ,105490, ,11.05, ,6.10, ,50.0, 
2008/11/8,20:00,1.2, ,105490, ,10.68, ,0.00, ,50.0, 
2008/11/8,21:00,0.3, ,105530, ,8.19, ,0.00, ,50.0, 
2008/11/8,22:00,0.8, ,105580, ,11.58, ,0.00, ,50.1, 
2008/11/8,23:00,1.2, ,105660, ,18.77, ,0.00, ,50.1, 
2008/11/8,24:00,1.8, ,105710, ,16.18, ,0.00, ,50.2, 
2008/11/9,01:00,0.5, ,105750, ,12.19, ,0.00, ,50.2, 
2008/11/9,02:00,0.9, ,105790, ,15.19, ,0.00, ,50.2, 
2008/11/9,03:00,0.5, ,105840, ,9.00, ,0.00, ,50.2, 
2008/11/9,04:00,0.3, ,105880, ,8.40, ,0.00, ,50.3, 
2008/11/9,05:00,0.4, ,105920, ,8.60, ,0.00, ,50.3, 
2008/11/9,06:00,0.5, ,105920, ,11.80, ,0.00, ,50.3, 
2008/11/9,07:00,0.0, ,105960, ,2.20, ,0.00, ,50.3, 
2008/11/9,08:00,0.3, ,105960, ,9.80, ,0.00, ,50.3, 
2008/11/9,09:00,0.3, ,106010, ,10.61, ,0.00, ,50.3, 
2008/11/9,10:00,0.9, ,106050, ,8.61, ,0.00, ,50.4, 
2008/11/9,11:00,0.1, ,106090, ,15.21, ,0.00, ,50.4, 
2008/11/9,12:00,0.2, ,106180, ,14.21, ,0.00, ,50.5, 
2008/11/9,13:00,0.1, ,106220, ,17.62, ,0.00, ,50.5, 
2008/11/9,14:00,0.0, ,106310, ,15.83, ,0.00, ,50.5, 
2008/11/9,15:00,0.0, ,106350, ,15.63, ,0.00, ,50.6, 
2008/11/9,16:00,0.0, ,106400, ,16.04, ,0.00, ,50.6, 
2008/11/9,17:00,0.0, ,106440, ,15.44, ,0.00, ,50.6, 
2008/11/9,18:00,0.0, ,106530, ,17.25, ,0.00, ,50.7, 
2008/11/9,19:00,0.0, ,106570, ,15.25, ,0.00, ,50.7, 
2008/11/9,20:00,0.0, ,106610, ,12.04, ,0.00, ,50.7, 
2008/11/9,21:00,0.0, ,106660, ,14.85, ,0.00, ,50.8, 
2008/11/9,22:00,0.0, ,106700, ,15.06, ,0.00, ,50.8, 
2008/11/9,23:00,0.0, ,106790, ,13.66, ,0.00, ,50.8, 
2008/11/9,24:00,0.0, ,106830, ,16.07, ,0.00, ,50.8, 
2008/11/10,01:00,0.0, ,106870, ,9.44, ,0.00, ,50.8, 
2008/11/10,02:00,0.0, ,106870, ,9.85, ,0.00, ,50.8, 
2008/11/10,03:00,0.2, ,106920, ,11.26, ,0.00, ,50.9, 
2008/11/10,04:00,0.0, ,106960, ,2.61, ,0.00, ,50.9, 
2008/11/10,05:00,0.0, ,106960, ,10.25, ,0.00, ,50.9, 
2008/11/10,06:00,0.0, ,107000, ,4.42, ,0.00, ,50.9, 
2008/11/10,07:00,0.0, ,107000, ,7.64, ,0.00, ,50.9, 
2008/11/10,08:00,0.0, ,107050, ,5.03, ,0.00, ,51.0, 
2008/11/10,09:00,0.0, ,107050, ,7.04, ,0.00, ,51.0, 
2008/11/10,10:00,0.0, ,107090, ,7.04, ,0.00, ,51.0, 
2008/11/10,11:00,0.0, ,107130, ,10.91, ,3.00, ,51.0, 
2008/11/10,12:00,0.0, ,107130, ,18.31, ,10.00, ,51.0, 
2008/11/10,13:00,0.0, ,107130, ,12.15, ,0.00, ,51.0, 
2008/11/10,14:00,0.0, ,107180, ,9.45, ,0.00, ,51.0, 
2008/11/10,15:00,0.0, ,107270, ,12.08, ,0.00, ,51.1, 
2008/11/10,16:00,0.0, ,107270, ,14.70, ,0.00, ,51.1, 
2008/11/10,17:00,0.0, ,107310, ,9.66, ,0.00, ,51.1, 
2008/11/10,18:00,0.0, ,107350, ,12.28, ,0.00, ,51.1, 
2008/11/10,19:00,0.0, ,107440, ,14.71, ,0.00, ,51.2, 
2008/11/10,20:00,0.0, ,107480, ,12.09, ,0.00, ,51.2, 
2008/11/10,21:00,0.0, ,107530, ,15.31, ,0.00, ,51.3, 
2008/11/10,22:00,0.0, ,107570, ,12.09, ,0.00, ,51.3, 
2008/11/10,23:00,0.0, ,107610, ,15.53, ,0.00, ,51.3, 
2008/11/10,24:00,0.0, ,107660, ,14.32, ,0.00, ,51.7, 
2008/11/11,01:00,0.0, ,107700, ,6.66, ,0.00, ,51.7, 
2008/11/11,02:00,0.0, ,107700, ,8.27, ,0.00, ,51.7, 
2008/11/11,03:00,0.0, ,107740, ,10.50, ,0.00, ,51.7, 
2008/11/11,04:00,0.0, ,107790, ,2.22, ,0.00, ,51.8, 
2008/11/11,05:00,0.0, ,107790, ,11.50, ,0.00, ,51.8, 
2008/11/11,06:00,0.0, ,107790, ,0.00, ,0.00, ,51.8, 
2008/11/11,07:00,0.0, ,107830, ,7.87, ,0.00, ,51.8, 
2008/11/11,08:00,0.0, ,107830, ,4.24, ,0.00, ,51.8, 
2008/11/11,09:00,0.0, ,107880, ,4.24, ,0.00, ,51.8, 
2008/11/11,10:00,0.0, ,107880, ,7.87, ,0.00, ,51.8, 
2008/11/11,11:00,0.0, ,107920, ,8.08, ,0.00, ,51.9, 
2008/11/11,12:00,0.0, ,107960, ,11.92, ,0.00, ,51.9, 
2008/11/11,13:00,0.0, ,108010, ,9.90, ,0.00, ,51.9, 
2008/11/11,14:00,0.0, ,108050, ,15.35, ,0.00, ,51.9, 
2008/11/11,15:00,0.0, ,108090, ,11.93, ,0.00, ,52.0, 
2008/11/11,16:00,0.0, ,108140, ,15.00, ,1.80, ,52.0, 
2008/11/11,17:00,0.0, ,108140, ,10.58, ,20.00, ,52.0, 
2008/11/11,18:00,0.0, ,108090, ,25.02, ,38.50, ,52.0, 
2008/11/11,19:00,0.0, ,108010, ,13.38, ,37.80, ,51.9, 
2008/11/11,20:00,0.0, ,108010, ,12.28, ,0.00, ,51.9, 
2008/11/11,21:00,0.0, ,108010, ,0.01, ,0.00, ,51.9, 
2008/11/11,22:00,0.0, ,108050, ,7.27, ,0.00, ,51.9, 
2008/11/11,23:00,0.0, ,108090, ,15.36, ,0.00, ,52.0, 
2008/11/11,24:00,0.0, ,108140, ,10.92, ,0.00, ,52.3, 
2008/11/12,01:00,0.0, ,108180, ,9.70, ,0.00, ,52.4, 
2008/11/12,02:00,0.0, ,108220, ,8.69, ,0.00, ,52.4, 
2008/11/12,03:00,0.0, ,108220, ,8.69, ,0.00, ,52.4, 
2008/11/12,04:00,0.0, ,108270, ,4.45, ,0.00, ,52.4, 
2008/11/12,05:00,0.0, ,108270, ,7.69, ,0.00, ,52.4, 
2008/11/12,06:00,0.0, ,108310, ,4.86, ,0.00, ,52.5, 
2008/11/12,07:00,0.0, ,108310, ,7.28, ,0.00, ,52.5, 
2008/11/12,08:00,0.0, ,108310, ,0.00, ,0.00, ,52.5, 
2008/11/12,09:00,0.0, ,108360, ,9.71, ,0.00, ,52.5, 
2008/11/12,10:00,0.0, ,108360, ,2.43, ,0.00, ,52.5, 
2008/11/12,11:00,0.0, ,108400, ,10.12, ,0.00, ,52.5, 
2008/11/12,12:00,0.0, ,108440, ,9.31, ,0.00, ,52.5, 
2008/11/12,13:00,0.0, ,108490, ,9.92, ,0.00, ,52.6, 
2008/11/12,14:00,0.0, ,108530, ,15.19, ,0.00, ,52.6, 
2008/11/12,15:00,0.0, ,108570, ,11.54, ,0.00, ,52.6, 
2008/11/12,16:00,0.0, ,108620, ,13.42, ,2.90, ,52.7, 
2008/11/12,17:00,0.0, ,108620, ,13.03, ,19.90, ,52.7, 
2008/11/12,18:00,0.0, ,108530, ,23.78, ,48.50, ,52.6, 
2008/11/12,19:00,0.0, ,108400, ,14.16, ,46.10, ,52.5, 
2008/11/12,20:00,0.0, ,108400, ,10.41, ,0.00, ,52.5, 
2008/11/12,21:00,0.0, ,108400, ,0.01, ,0.00, ,52.5, 
2008/11/12,22:00,0.0, ,108440, ,5.47, ,0.00, ,52.5, 
2008/11/12,23:00,0.0, ,108490, ,8.91, ,0.00, ,52.6, 
2008/11/12,24:00,0.0, ,108490, ,9.92, ,0.00, ,52.9, 
2008/11/13,01:00,0.0, ,108530, ,11.54, ,0.00, ,53.0, 
2008/11/13,02:00,0.0, ,108570, ,2.63, ,0.00, ,53.0, 
2008/11/13,03:00,0.0, ,108570, ,10.13, ,0.00, ,53.0, 
2008/11/13,04:00,0.0, ,108570, ,0.00, ,0.00, ,53.0, 
2008/11/13,05:00,0.0, ,108620, ,7.70, ,0.00, ,53.0, 
2008/11/13,06:00,0.0, ,108620, ,4.46, ,0.00, ,53.0, 
2008/11/13,07:00,0.0, ,108620, ,0.00, ,0.00, ,53.0, 
2008/11/13,08:00,0.0, ,108620, ,0.00, ,0.00, ,53.0, 
2008/11/13,09:00,0.0, ,108660, ,9.12, ,0.00, ,53.0, 
2008/11/13,10:00,0.0, ,108660, ,3.04, ,0.00, ,53.0, 
2008/11/13,11:00,0.0, ,108710, ,1.82, ,0.00, ,53.1, 
2008/11/13,12:00,0.0, ,108750, ,13.58, ,0.00, ,53.1, 
2008/11/13,13:00,0.0, ,108790, ,11.96, ,0.00, ,53.1, 
2008/11/13,14:00,0.0, ,108840, ,15.41, ,0.00, ,53.2, 
2008/11/13,15:00,0.0, ,108880, ,11.97, ,0.00, ,53.2, 
2008/11/13,16:00,0.0, ,108920, ,14.65, ,3.00, ,53.2, 
2008/11/13,17:00,0.0, ,108920, ,13.53, ,26.10, ,53.2, 
2008/11/13,18:00,0.0, ,108840, ,23.34, ,48.10, ,53.2, 
2008/11/13,19:00,0.0, ,108660, ,12.26, ,56.30, ,53.0, 
2008/11/13,20:00,0.0, ,108620, ,8.98, ,8.70, ,53.0, 
2008/11/13,21:00,0.0, ,108620, ,4.89, ,0.00, ,53.0, 
2008/11/13,22:00,0.0, ,108620, ,0.00, ,0.00, ,53.0, 
2008/11/13,23:00,0.0, ,108660, ,6.89, ,0.00, ,53.0, 
2008/11/13,24:00,0.0, ,108710, ,5.47, ,0.00, ,53.4, 
2008/11/14,01:00,0.0, ,108710, ,11.96, ,0.00, ,53.4, 
2008/11/14,02:00,0.0, ,108710, ,0.00, ,0.00, ,53.4, 
2008/11/14,03:00,0.0, ,108710, ,0.00, ,0.00, ,53.4, 
2008/11/14,04:00,0.0, ,108750, ,7.70, ,0.00, ,53.5, 
2008/11/14,05:00,0.0, ,108750, ,4.46, ,0.00, ,53.5, 
2008/11/14,06:00,0.0, ,108750, ,0.00, ,0.00, ,53.5, 
2008/11/14,07:00,0.0, ,108750, ,0.00, ,0.00, ,53.5, 
2008/11/14,08:00,0.0, ,108790, ,11.97, ,0.00, ,53.5, 
2008/11/14,09:00,0.0, ,108790, ,0.20, ,0.00, ,53.5, 
2008/11/14,10:00,0.0, ,108790, ,0.00, ,0.00, ,53.5, 
2008/11/14,11:00,0.0, ,108840, ,5.68, ,0.00, ,53.5, 
2008/11/14,12:00,0.0, ,108880, ,10.14, ,0.00, ,53.5, 
2008/11/14,13:00,0.0, ,108920, ,8.72, ,0.00, ,53.6, 
2008/11/14,14:00,0.0, ,108920, ,11.97, ,0.00, ,53.6, 
2008/11/14,15:00,0.0, ,109010, ,13.80, ,0.00, ,53.6, 
2008/11/14,16:00,0.0, ,109060, ,11.82, ,2.80, ,53.7, 
2008/11/14,17:00,0.0, ,109060, ,20.55, ,19.90, ,53.7, 
2008/11/14,18:00,0.0, ,108920, ,14.17, ,48.20, ,53.6, 
2008/11/14,19:00,0.0, ,108750, ,9.15, ,56.40, ,53.5, 
2008/11/14,20:00,0.0, ,108710, ,8.54, ,15.30, ,53.4, 
2008/11/14,21:00,0.0, ,108710, ,5.17, ,0.00, ,53.4, 
2008/11/14,22:00,0.0, ,108710, ,0.00, ,0.00, ,53.4, 
2008/11/14,23:00,0.0, ,108750, ,3.85, ,0.00, ,53.5, 
2008/11/14,24:00,0.0, ,108750, ,8.31, ,0.00, ,53.8, 
2008/11/15,01:00,0.0, ,108790, ,11.76, ,0.00, ,53.9, 
2008/11/15,02:00,0.0, ,108840, ,6.09, ,0.00, ,53.9, 
2008/11/15,03:00,0.0, ,108840, ,6.49, ,0.00, ,53.9, 
2008/11/15,04:00,0.0, ,108840, ,0.00, ,0.00, ,53.9, 
2008/11/15,05:00,0.0, ,108880, ,8.11, ,0.00, ,53.9, 
2008/11/15,06:00,0.0, ,108880, ,4.06, ,0.00, ,53.9, 
2008/11/15,07:00,0.0, ,108880, ,0.00, ,0.00, ,53.9, 
2008/11/15,08:00,0.0, ,108880, ,0.00, ,0.00, ,53.9, 
2008/11/15,09:00,0.0, ,108920, ,5.07, ,0.00, ,53.9, 
2008/11/15,10:00,0.0, ,108920, ,7.10, ,0.00, ,53.9, 
2008/11/15,11:00,0.0, ,108920, ,0.00, ,0.00, ,53.9, 
2008/11/15,12:00,0.0, ,108970, ,9.74, ,0.00, ,54.0, 
2008/11/15,13:00,0.0, ,109010, ,9.95, ,0.00, ,54.0, 
2008/11/15,14:00,0.0, ,109060, ,12.99, ,0.00, ,54.0, 
2008/11/15,15:00,0.0, ,109100, ,12.59, ,0.00, ,54.1, 
2008/11/15,16:00,0.0, ,109140, ,12.07, ,5.30, ,54.1, 
2008/11/15,17:00,0.0, ,109140, ,12.85, ,23.80, ,54.1, 
2008/11/15,18:00,0.0, ,109060, ,25.41, ,45.00, ,54.0, 
2008/11/15,19:00,0.0, ,108970, ,11.44, ,18.20, ,54.0, 
2008/11/15,20:00,0.0, ,108970, ,1.66, ,0.00, ,54.0, 
2008/11/15,21:00,0.6, ,109010, ,8.73, ,0.00, ,54.0, 
2008/11/15,22:00,1.3, ,109060, ,9.54, ,0.00, ,54.0, 
2008/11/15,23:00,0.7, ,109100, ,6.90, ,0.00, ,54.1, 
2008/11/15,24:00,2.7, ,109100, ,11.37, ,0.00, ,54.4, 
2008/11/16,01:00,2.4, ,109140, ,3.25, ,0.00, ,54.5, 
2008/11/16,02:00,6.4, ,109140, ,8.94, ,0.00, ,54.5, 
2008/11/16,03:00,3.6, ,109190, ,12.19, ,0.00, ,54.5, 
2008/11/16,04:00,2.8, ,109280, ,10.16, ,0.00, ,54.6, 
2008/11/16,05:00,3.1, ,109280, ,14.22, ,0.00, ,54.6, 
2008/11/16,06:00,1.1, ,109320, ,6.30, ,0.00, ,54.6, 
2008/11/16,07:00,0.3, ,109360, ,6.51, ,0.00, ,54.6, 
2008/11/16,08:00,0.1, ,109360, ,11.59, ,0.00, ,54.6, 
2008/11/16,09:00,0.0, ,109410, ,7.32, ,0.00, ,54.6, 
2008/11/16,10:00,0.0, ,109450, ,7.52, ,0.00, ,54.7, 
2008/11/16,11:00,0.0, ,109490, ,15.46, ,0.00, ,54.7, 
2008/11/16,12:00,0.0, ,109580, ,17.90, ,0.00, ,54.8, 
2008/11/16,13:00,0.0, ,109630, ,18.93, ,0.00, ,54.8, 
2008/11/16,14:00,0.0, ,109710, ,17.92, ,0.00, ,54.8, 
2008/11/16,15:00,0.0, ,109760, ,18.53, ,0.00, ,54.9, 
2008/11/16,16:00,0.0, ,109800, ,14.46, ,0.00, ,54.9, 
2008/11/16,17:00,0.0, ,109890, ,19.15, ,0.00, ,55.0, 
2008/11/16,18:00,0.0, ,109930, ,15.90, ,0.00, ,55.0, 
2008/11/16,19:00,0.0, ,109980, ,12.43, ,0.00, ,55.0, 
2008/11/16,20:00,0.0, ,110070, ,17.95, ,0.00, ,55.1, 
2008/11/16,21:00,0.0, ,110110, ,16.11, ,0.00, ,55.1, 
2008/11/16,22:00,0.0, ,110160, ,13.67, ,0.00, ,55.1, 
2008/11/16,23:00,0.0, ,110200, ,13.67, ,0.00, ,55.2, 
2008/11/16,24:00,0.0, ,110240, ,14.90, ,0.00, ,55.5, 
2008/11/17,01:00,0.0, ,110290, ,12.25, ,0.00, ,55.5, 
2008/11/17,02:00,0.0, ,110330, ,12.05, ,0.00, ,55.6, 
2008/11/17,03:00,0.0, ,110380, ,7.15, ,0.00, ,55.6, 
2008/11/17,04:00,0.0, ,110380, ,7.97, ,0.00, ,55.6, 
2008/11/17,05:00,0.0, ,110420, ,5.52, ,0.00, ,55.6, 
2008/11/17,06:00,0.0, ,110420, ,6.74, ,0.00, ,55.6, 
2008/11/17,07:00,0.0, ,110460, ,5.11, ,0.00, ,55.7, 
2008/11/17,08:00,0.0, ,110460, ,7.15, ,0.00, ,55.7, 
2008/11/17,09:00,0.0, ,110510, ,4.90, ,0.00, ,55.7, 
2008/11/17,10:00,0.0, ,110510, ,7.36, ,0.00, ,55.7, 
2008/11/17,11:00,0.0, ,110550, ,11.25, ,0.00, ,55.7, 
2008/11/17,12:00,0.0, ,110600, ,10.02, ,0.00, ,55.7, 
2008/11/17,13:00,0.0, ,110640, ,13.91, ,0.00, ,55.8, 
2008/11/17,14:00,0.0, ,110730, ,11.25, ,0.00, ,55.8, 
2008/11/17,15:00,0.0, ,110730, ,14.94, ,0.00, ,55.8, 
2008/11/17,16:00,0.0, ,110820, ,11.46, ,0.00, ,55.9, 
2008/11/17,17:00,0.0, ,110860, ,17.81, ,0.00, ,55.9, 
2008/11/17,18:00,0.0, ,110910, ,11.26, ,0.00, ,56.0, 
2008/11/17,19:00,0.0, ,110950, ,14.75, ,0.00, ,56.0, 
2008/11/17,20:00,0.0, ,110990, ,11.27, ,0.00, ,56.0, 
2008/11/17,21:00,0.0, ,111040, ,15.77, ,0.00, ,56.0, 
2008/11/17,22:00,0.0, ,111080, ,12.30, ,0.00, ,56.1, 
2008/11/17,23:00,0.0, ,111130, ,11.07, ,0.00, ,56.1, 
2008/11/17,24:00,0.0, ,111170, ,14.97, ,0.00, ,56.5, 
2008/11/18,01:00,0.0, ,111220, ,11.69, ,0.00, ,56.5, 
2008/11/18,02:00,0.0, ,111220, ,2.87, ,0.00, ,56.5, 
2008/11/18,03:00,0.0, ,111260, ,10.05, ,0.00, ,56.6, 
2008/11/18,04:00,0.0, ,111260, ,2.26, ,0.00, ,56.6, 
2008/11/18,05:00,0.0, ,111300, ,12.31, ,0.00, ,56.6, 
2008/11/18,06:00,0.0, ,111350, ,0.62, ,0.00, ,56.6, 
2008/11/18,07:00,0.0, ,111350, ,11.69, ,0.00, ,56.6, 
2008/11/18,08:00,0.0, ,111350, ,0.00, ,0.00, ,56.6, 
2008/11/18,09:00,0.0, ,111390, ,8.62, ,0.00, ,56.6, 
2008/11/18,10:00,0.3, ,111390, ,3.69, ,0.00, ,56.6, 
2008/11/18,11:00,0.3, ,111480, ,14.78, ,0.00, ,56.7, 
2008/11/18,12:00,0.1, ,111530, ,17.04, ,0.00, ,56.7, 
2008/11/18,13:00,0.1, ,111570, ,13.76, ,0.00, ,56.8, 
2008/11/18,14:00,0.0, ,111610, ,4.72, ,0.00, ,56.8, 
2008/11/18,15:00,0.1, ,111610, ,13.36, ,0.00, ,56.8, 
2008/11/18,16:00,0.0, ,111660, ,10.28, ,0.00, ,56.8, 
2008/11/18,17:00,0.0, ,111700, ,15.00, ,0.00, ,56.8, 
2008/11/18,18:00,0.0, ,111790, ,9.45, ,0.00, ,56.9, 
2008/11/18,19:00,0.0, ,111790, ,12.54, ,0.00, ,56.9, 
2008/11/18,20:00,0.0, ,111840, ,9.26, ,0.00, ,56.9, 
2008/11/18,21:00,0.0, ,111880, ,4.94, ,0.00, ,57.0, 
2008/11/18,22:00,0.0, ,111930, ,12.55, ,0.00, ,57.0, 
2008/11/18,23:00,0.0, ,111930, ,10.28, ,0.00, ,57.0, 
2008/11/18,24:00,0.0, ,111970, ,8.23, ,0.00, ,57.4, 
2008/11/19,01:00,0.0, ,112010, ,7.40, ,0.00, ,57.4, 
2008/11/19,02:00,0.0, ,112010, ,9.04, ,0.00, ,57.4, 
2008/11/19,03:00,0.0, ,112010, ,0.00, ,0.00, ,57.4, 
2008/11/19,04:00,0.0, ,112060, ,10.08, ,0.00, ,57.5, 
2008/11/19,05:00,0.0, ,112060, ,2.26, ,0.00, ,57.5, 
2008/11/19,06:00,0.0, ,112100, ,3.13, ,2.80, ,57.5, 
2008/11/19,07:00,0.1, ,112060, ,18.36, ,29.70, ,57.5, 
2008/11/19,08:00,0.0, ,112060, ,7.70, ,0.00, ,57.5, 
2008/11/19,09:00,0.1, ,112060, ,0.00, ,0.00, ,57.5, 
2008/11/19,10:00,0.5, ,112060, ,0.00, ,0.00, ,57.5, 
2008/11/19,11:00,0.4, ,112100, ,9.67, ,0.00, ,57.5, 
2008/11/19,12:00,0.0, ,112150, ,6.79, ,0.00, ,57.5, 
2008/11/19,13:00,0.6, ,112190, ,13.78, ,0.00, ,57.6, 
2008/11/19,14:00,0.2, ,112240, ,10.09, ,0.00, ,57.6, 
2008/11/19,15:00,0.0, ,112280, ,10.09, ,0.00, ,57.6, 
2008/11/19,16:00,0.0, ,112330, ,17.50, ,0.00, ,57.6, 
2008/11/19,17:00,0.0, ,112370, ,9.27, ,0.00, ,57.7, 
2008/11/19,18:00,0.0, ,112410, ,9.68, ,0.00, ,57.7, 
2008/11/19,19:00,0.0, ,112460, ,13.80, ,0.00, ,57.7, 
2008/11/19,20:00,0.0, ,112500, ,11.74, ,0.00, ,57.8, 
2008/11/19,21:00,0.0, ,112550, ,11.55, ,0.00, ,57.8, 
2008/11/19,22:00,0.0, ,112550, ,11.96, ,0.00, ,57.8, 
2008/11/19,23:00,0.0, ,112590, ,8.45, ,0.00, ,57.8, 
2008/11/19,24:00,0.0, ,112640, ,7.42, ,0.00, ,58.3, 
2008/11/20,01:00,0.0, ,112640, ,8.87, ,0.00, ,58.3, 
2008/11/20,02:00,0.0, ,112680, ,8.67, ,0.00, ,58.3, 
2008/11/20,03:00,0.0, ,112680, ,3.71, ,0.00, ,58.3, 
2008/11/20,04:00,0.0, ,112730, ,8.46, ,0.00, ,58.3, 
2008/11/20,05:00,0.0, ,112730, ,3.92, ,0.00, ,58.3, 
2008/11/20,06:00,0.0, ,112730, ,0.00, ,0.00, ,58.3, 
2008/11/20,07:00,0.0, ,112730, ,0.00, ,0.00, ,58.3, 
2008/11/20,08:00,0.0, ,112730, ,0.00, ,0.00, ,58.3, 
2008/11/20,09:00,0.0, ,112770, ,9.49, ,0.00, ,58.4, 
2008/11/20,10:00,0.0, ,112770, ,2.89, ,0.00, ,58.4, 
2008/11/20,11:00,0.0, ,112820, ,11.76, ,0.00, ,58.4, 
2008/11/20,12:00,0.0, ,112860, ,7.85, ,0.00, ,58.4, 
2008/11/20,13:00,0.0, ,112900, ,14.25, ,0.00, ,58.4, 
2008/11/20,14:00,0.0, ,112950, ,10.74, ,0.00, ,58.5, 
2008/11/20,15:00,0.0, ,112990, ,8.88, ,0.00, ,58.5, 
2008/11/20,16:00,0.2, ,113040, ,12.40, ,0.00, ,58.5, 
2008/11/20,17:00,0.0, ,113080, ,13.02, ,0.00, ,58.6, 
2008/11/20,18:00,0.0, ,113130, ,12.19, ,0.00, ,58.6, 
2008/11/20,19:00,0.0, ,113170, ,9.92, ,0.00, ,58.6, 
2008/11/20,20:00,0.0, ,113170, ,10.55, ,0.00, ,58.6, 
2008/11/20,21:00,0.0, ,113220, ,12.00, ,0.00, ,58.7, 
2008/11/20,22:00,0.0, ,113260, ,9.31, ,0.00, ,58.7, 
2008/11/20,23:00,0.0, ,113310, ,7.86, ,0.00, ,58.7, 
2008/11/20,24:00,0.0, ,113310, ,8.07, ,0.00, ,59.1, 
2008/11/21,01:00,0.0, ,113350, ,7.25, ,0.00, ,59.2, 
2008/11/21,02:00,0.0, ,113350, ,5.18, ,0.00, ,59.2, 
2008/11/21,03:00,0.0, ,113350, ,0.00, ,0.00, ,59.2, 
2008/11/21,04:00,0.0, ,113400, ,9.73, ,0.00, ,59.2, 
2008/11/21,05:00,0.0, ,113400, ,2.69, ,0.00, ,59.2, 
2008/11/21,06:00,0.0, ,113400, ,0.00, ,0.00, ,59.2, 
2008/11/21,07:00,0.0, ,113400, ,0.00, ,0.00, ,59.2, 
2008/11/21,08:00,0.1, ,113400, ,0.00, ,0.00, ,59.2, 
2008/11/21,09:00,0.0, ,113440, ,9.73, ,0.00, ,59.2, 
2008/11/21,10:00,0.2, ,113440, ,2.69, ,0.00, ,59.2, 
2008/11/21,11:00,0.0, ,113490, ,10.15, ,0.00, ,59.3, 
2008/11/21,12:00,0.3, ,113530, ,10.57, ,0.00, ,59.3, 
2008/11/21,13:00,0.0, ,113570, ,11.60, ,0.00, ,59.3, 
2008/11/21,14:00,0.8, ,113660, ,14.50, ,0.00, ,59.4, 
2008/11/21,15:00,0.9, ,113660, ,15.34, ,0.00, ,59.4, 
2008/11/21,16:00,0.3, ,113710, ,12.07, ,2.90, ,59.4, 
2008/11/21,17:00,0.0, ,113710, ,10.19, ,19.60, ,59.4, 
2008/11/21,18:00,0.0, ,113620, ,17.39, ,37.70, ,59.3, 
2008/11/21,19:00,0.1, ,113530, ,15.87, ,28.30, ,59.3, 
2008/11/21,20:00,0.0, ,113530, ,3.49, ,0.00, ,59.3, 
2008/11/21,21:00,0.0, ,113530, ,0.00, ,0.00, ,59.3, 
2008/11/21,22:00,0.2, ,113570, ,10.98, ,0.00, ,59.3, 
2008/11/21,23:00,0.0, ,113620, ,12.64, ,0.00, ,59.3, 
2008/11/21,24:00,0.0, ,113620, ,1.24, ,0.00, ,59.8, 
2008/11/22,01:00,0.0, ,113660, ,10.78, ,0.00, ,59.8, 
2008/11/22,02:00,0.0, ,113660, ,1.66, ,0.00, ,59.8, 
2008/11/22,03:00,0.0, ,113660, ,0.00, ,0.00, ,59.8, 
2008/11/22,04:00,0.0, ,113710, ,6.22, ,0.00, ,59.8, 
2008/11/22,05:00,0.0, ,113710, ,6.22, ,0.00, ,59.8, 
2008/11/22,06:00,0.0, ,113710, ,0.00, ,0.00, ,59.8, 
2008/11/22,07:00,0.0, ,113710, ,0.00, ,0.00, ,59.8, 
2008/11/22,08:00,0.0, ,113750, ,3.94, ,0.00, ,59.9, 
2008/11/22,09:00,0.0, ,113750, ,8.50, ,0.00, ,59.9, 
2008/11/22,10:00,0.0, ,113750, ,0.00, ,0.00, ,59.9, 
2008/11/22,11:00,0.0, ,113800, ,7.47, ,0.00, ,59.9, 
2008/11/22,12:00,0.0, ,113840, ,12.04, ,0.00, ,59.9, 
2008/11/22,13:00,0.0, ,113890, ,10.17, ,0.00, ,60.0, 
2008/11/22,14:00,0.0, ,113930, ,13.90, ,0.00, ,60.0, 
2008/11/22,15:00,0.0, ,113980, ,10.79, ,0.00, ,60.0, 
2008/11/22,16:00,0.0, ,114020, ,12.04, ,0.00, ,60.1, 
2008/11/22,17:00,0.0, ,114070, ,12.67, ,0.00, ,60.1, 
2008/11/22,18:00,0.0, ,114110, ,9.97, ,0.00, ,60.1, 
2008/11/22,19:00,0.0, ,114160, ,12.68, ,0.00, ,60.1, 
2008/11/22,20:00,0.0, ,114160, ,10.39, ,0.00, ,60.1, 
2008/11/22,21:00,0.0, ,114200, ,11.43, ,0.00, ,60.2, 
2008/11/22,22:00,0.0, ,114250, ,8.73, ,0.00, ,60.2, 
2008/11/22,23:00,0.0, ,114290, ,6.86, ,0.00, ,60.2, 
2008/11/22,24:00,0.0, ,114290, ,10.40, ,0.00, ,60.7, 
2008/11/23,01:00,0.0, ,114340, ,2.29, ,0.00, ,60.7, 
2008/11/23,02:00,0.0, ,114340, ,10.19, ,0.00, ,60.7, 
2008/11/23,03:00,0.0, ,114340, ,0.00, ,0.00, ,60.7, 
2008/11/23,04:00,0.0, ,114340, ,0.00, ,0.00, ,60.7, 
2008/11/23,05:00,0.0, ,114340, ,0.00, ,0.00, ,60.7, 
2008/11/23,06:00,0.0, ,114380, ,10.19, ,0.00, ,60.7, 
2008/11/23,07:00,0.0, ,114380, ,2.29, ,0.00, ,60.7, 
2008/11/23,08:00,0.0, ,114380, ,0.00, ,0.00, ,60.7, 
2008/11/23,09:00,0.0, ,114380, ,0.00, ,0.00, ,60.7, 
2008/11/23,10:00,0.0, ,114430, ,6.03, ,0.00, ,60.8, 
2008/11/23,11:00,0.0, ,114430, ,6.45, ,0.00, ,60.8, 
2008/11/23,12:00,0.0, ,114520, ,12.49, ,0.00, ,60.8, 
2008/11/23,13:00,0.0, ,114520, ,12.49, ,0.00, ,60.8, 
2008/11/23,14:00,0.0, ,114610, ,11.66, ,0.00, ,60.9, 
2008/11/23,15:00,0.0, ,114610, ,13.33, ,0.00, ,60.9, 
2008/11/23,16:00,0.0, ,114650, ,12.29, ,0.00, ,60.9, 
2008/11/23,17:00,0.0, ,114700, ,10.21, ,0.00, ,60.9, 
2008/11/23,18:00,0.0, ,114740, ,14.64, ,3.00, ,61.0, 
2008/11/23,19:00,0.0, ,114740, ,12.20, ,18.60, ,61.0, 
2008/11/23,20:00,0.0, ,114740, ,12.15, ,0.00, ,61.0, 
2008/11/23,21:00,0.0, ,114740, ,0.00, ,0.00, ,61.0, 
2008/11/23,22:00,0.0, ,114790, ,7.09, ,0.00, ,61.0, 
2008/11/23,23:00,0.0, ,114790, ,5.42, ,0.00, ,61.0, 
2008/11/23,24:00,0.0, ,114830, ,1.46, ,0.00, ,61.5, 
2008/11/24,01:00,0.0, ,114830, ,11.05, ,0.00, ,61.5, 
2008/11/24,02:00,0.0, ,114830, ,0.00, ,0.00, ,61.5, 
2008/11/24,03:00,0.0, ,114830, ,0.00, ,0.00, ,61.5, 
2008/11/24,04:00,0.0, ,114830, ,0.00, ,0.00, ,61.5, 
2008/11/24,05:00,0.2, ,114880, ,9.59, ,0.00, ,61.5, 
2008/11/24,06:00,1.6, ,114880, ,2.92, ,0.00, ,61.5, 
2008/11/24,07:00,1.5, ,114880, ,0.00, ,0.00, ,61.5, 
2008/11/24,08:00,1.0, ,114920, ,3.34, ,0.00, ,61.5, 
2008/11/24,09:00,1.9, ,114920, ,9.18, ,0.00, ,61.5, 
2008/11/24,10:00,4.0, ,114970, ,4.17, ,0.00, ,61.6, 
2008/11/24,11:00,0.9, ,115010, ,10.02, ,0.00, ,61.6, 
2008/11/24,12:00,4.4, ,115060, ,16.69, ,0.00, ,61.6, 
2008/11/24,13:00,5.1, ,115150, ,20.88, ,0.00, ,61.7, 
2008/11/24,14:00,1.2, ,115190, ,19.63, ,0.00, ,61.7, 
2008/11/24,15:00,1.0, ,115330, ,22.56, ,0.00, ,61.8, 
2008/11/24,16:00,0.0, ,115370, ,17.56, ,0.00, ,61.9, 
2008/11/24,17:00,0.0, ,115420, ,18.19, ,0.00, ,61.9, 
2008/11/24,18:00,0.0, ,115460, ,14.01, ,0.00, ,61.9, 
2008/11/24,19:00,0.3, ,115550, ,18.83, ,0.00, ,62.0, 
2008/11/24,20:00,0.2, ,115600, ,17.37, ,0.00, ,62.0, 
2008/11/24,21:00,0.1, ,115640, ,12.35, ,0.00, ,62.0, 
2008/11/24,22:00,0.1, ,115730, ,15.28, ,0.00, ,62.1, 
2008/11/24,23:00,0.0, ,115730, ,18.22, ,0.00, ,62.1, 
2008/11/24,24:00,0.0, ,115830, ,14.46, ,0.00, ,62.6, 
2008/11/25,01:00,0.0, ,115870, ,18.02, ,0.00, ,62.6, 
2008/11/25,02:00,0.0, ,115920, ,8.38, ,0.00, ,62.7, 
2008/11/25,03:00,0.0, ,115920, ,9.44, ,0.00, ,62.7, 
2008/11/25,04:00,0.0, ,115960, ,7.55, ,0.00, ,62.7, 
2008/11/25,05:00,0.0, ,116010, ,8.81, ,0.00, ,62.7, 
2008/11/25,06:00,0.0, ,116010, ,8.81, ,0.00, ,62.7, 
2008/11/25,07:00,0.0, ,116050, ,11.74, ,0.00, ,62.7, 
2008/11/25,08:00,0.0, ,116050, ,0.84, ,0.00, ,62.7, 
2008/11/25,09:00,0.0, ,116100, ,5.88, ,0.00, ,62.8, 
2008/11/25,10:00,0.0, ,116140, ,7.34, ,0.00, ,62.8, 
2008/11/25,11:00,0.0, ,116190, ,12.59, ,0.00, ,62.8, 
2008/11/25,12:00,0.0, ,116230, ,12.38, ,0.00, ,62.9, 
2008/11/25,13:00,0.0, ,116280, ,13.02, ,0.00, ,62.9, 
2008/11/25,14:00,0.0, ,116320, ,15.54, ,0.00, ,62.9, 
2008/11/25,15:00,0.0, ,116370, ,15.33, ,0.00, ,63.0, 
2008/11/25,16:00,0.0, ,116410, ,11.34, ,0.00, ,63.0, 
2008/11/25,17:00,0.0, ,116460, ,10.72, ,0.00, ,63.0, 
2008/11/25,18:00,0.0, ,116510, ,15.81, ,0.00, ,63.1, 
2008/11/25,19:00,0.0, ,116550, ,10.37, ,0.00, ,63.1, 
2008/11/25,20:00,0.0, ,116600, ,16.08, ,0.00, ,63.1, 
2008/11/25,21:00,0.0, ,116640, ,10.58, ,0.00, ,63.2, 
2008/11/25,22:00,0.0, ,116690, ,11.43, ,0.00, ,63.2, 
2008/11/25,23:00,0.0, ,116730, ,15.45, ,0.00, ,63.2, 
2008/11/25,24:00,0.0, ,116780, ,15.03, ,0.00, ,63.7, 
2008/11/26,01:00,0.0, ,116830, ,11.43, ,0.00, ,63.7, 
2008/11/26,02:00,0.0, ,116870, ,10.37, ,0.00, ,63.7, 
2008/11/26,03:00,0.0, ,116870, ,6.99, ,0.00, ,63.7, 
2008/11/26,04:00,0.0, ,116920, ,6.57, ,0.00, ,63.8, 
2008/11/26,05:00,0.0, ,116920, ,6.14, ,0.00, ,63.8, 
2008/11/26,06:00,0.0, ,116960, ,7.20, ,0.00, ,63.8, 
2008/11/26,07:00,0.0, ,116960, ,5.51, ,0.00, ,63.8, 
2008/11/26,08:00,0.0, ,117010, ,6.57, ,0.00, ,63.8, 
2008/11/26,09:00,0.0, ,117010, ,6.14, ,0.00, ,63.8, 
2008/11/26,10:00,0.0, ,117050, ,2.97, ,0.00, ,63.9, 
2008/11/26,11:00,0.0, ,117100, ,10.38, ,0.00, ,63.9, 
2008/11/26,12:00,0.0, ,117100, ,12.07, ,0.00, ,63.9, 
2008/11/26,13:00,0.0, ,117150, ,9.96, ,0.00, ,63.9, 
2008/11/26,14:00,0.0, ,117190, ,13.56, ,0.00, ,64.0, 
2008/11/26,15:00,0.0, ,117280, ,13.56, ,0.00, ,64.0, 
2008/11/26,16:00,0.0, ,117330, ,14.83, ,0.00, ,64.1, 
2008/11/26,17:00,0.0, ,117330, ,11.71, ,3.10, ,64.1, 
2008/11/26,18:00,0.0, ,117330, ,8.92, ,17.70, ,64.1, 
2008/11/26,19:00,0.0, ,117330, ,26.63, ,35.50, ,64.1, 
2008/11/26,20:00,0.0, ,117280, ,17.77, ,16.60, ,64.0, 
2008/11/26,21:00,0.0, ,117280, ,5.50, ,0.00, ,64.0, 
2008/11/26,22:00,0.0, ,117280, ,0.00, ,0.00, ,64.0, 
2008/11/26,23:00,0.0, ,117330, ,11.66, ,0.00, ,64.1, 
2008/11/26,24:00,0.0, ,117370, ,13.14, ,0.00, ,64.6, 
2008/11/27,01:00,0.0, ,117420, ,10.39, ,0.00, ,64.6, 
2008/11/27,02:00,0.0, ,117470, ,6.78, ,0.00, ,64.7, 
2008/11/27,03:00,0.0, ,117470, ,8.90, ,0.00, ,64.7, 
2008/11/27,04:00,0.0, ,117510, ,4.66, ,0.00, ,64.7, 
2008/11/27,05:00,0.0, ,117510, ,8.06, ,0.00, ,64.7, 
2008/11/27,06:00,0.0, ,117560, ,0.42, ,0.00, ,64.7, 
2008/11/27,07:00,0.0, ,117560, ,12.30, ,0.00, ,64.7, 
2008/11/27,08:00,0.0, ,117600, ,1.70, ,0.00, ,64.7, 
2008/11/27,09:00,0.0, ,117600, ,11.02, ,0.00, ,64.7, 
2008/11/27,10:00,0.0, ,117650, ,2.12, ,0.00, ,64.8, 
2008/11/27,11:00,0.0, ,117650, ,10.60, ,0.00, ,64.8, 
2008/11/27,12:00,0.0, ,117700, ,12.08, ,0.00, ,64.8, 
2008/11/27,13:00,0.0, ,117740, ,9.76, ,0.00, ,64.8, 
2008/11/27,14:00,0.0, ,117790, ,11.04, ,0.40, ,64.9, 
2008/11/27,15:00,0.0, ,117830, ,16.00, ,0.50, ,64.9, 
2008/11/27,16:00,0.0, ,117830, ,13.93, ,24.90, ,64.9, 
2008/11/27,17:00,0.0, ,117740, ,19.42, ,29.60, ,64.8, 
2008/11/27,18:00,2.5, ,117600, ,10.83, ,58.80, ,64.7, 
2008/11/27,19:00,4.0, ,117650, ,10.90, ,0.00, ,64.8, 
2008/11/27,20:00,1.6, ,117700, ,17.84, ,0.00, ,64.8, 
2008/11/27,21:00,2.6, ,117740, ,11.04, ,0.00, ,64.8, 
2008/11/27,22:00,4.7, ,117830, ,18.03, ,0.00, ,64.9, 
2008/11/27,23:00,7.2, ,117880, ,19.31, ,0.00, ,64.9, 
2008/11/27,24:00,2.5, ,117970, ,21.85, ,0.00, ,65.7, 
2008/11/28,01:00,0.5, ,118060, ,19.73, ,0.00, ,65.7, 
2008/11/28,02:00,0.1, ,118110, ,21.43, ,0.00, ,65.8, 
2008/11/28,03:00,0.1, ,118150, ,10.82, ,0.00, ,65.8, 
2008/11/28,04:00,0.3, ,118250, ,18.68, ,0.00, ,65.9, 
2008/11/28,05:00,1.5, ,118290, ,20.59, ,0.00, ,65.9, 
2008/11/28,06:00,0.8, ,118380, ,19.75, ,0.00, ,66.0, 
2008/11/28,07:00,0.5, ,118430, ,20.17, ,0.00, ,66.0, 
2008/11/28,08:00,0.3, ,118570, ,23.36, ,0.00, ,66.1, 
2008/11/28,09:00,0.3, ,118610, ,21.67, ,0.00, ,66.1, 
2008/11/28,10:00,0.1, ,118700, ,23.37, ,0.00, ,66.2, 
2008/11/28,11:00,0.0, ,118800, ,26.78, ,0.00, ,66.3, 
2008/11/28,12:00,0.0, ,118840, ,18.49, ,0.00, ,66.3, 
2008/11/28,13:00,0.0, ,118930, ,22.53, ,0.00, ,66.4, 
2008/11/28,14:00,0.0, ,118980, ,17.43, ,0.00, ,66.4, 
2008/11/28,15:00,0.0, ,119070, ,21.69, ,0.00, ,66.5, 
2008/11/28,16:00,0.0, ,119120, ,16.38, ,0.00, ,66.5, 
2008/11/28,17:00,0.0, ,119160, ,15.31, ,0.00, ,66.5, 
2008/11/28,18:00,0.0, ,119260, ,17.86, ,0.00, ,66.6, 
2008/11/28,19:00,0.0, ,119300, ,17.23, ,0.00, ,66.6, 
2008/11/28,20:00,0.1, ,119350, ,14.68, ,0.00, ,66.7, 
2008/11/28,21:00,0.3, ,119440, ,18.30, ,0.00, ,66.7, 
2008/11/28,22:00,0.2, ,119530, ,20.64, ,0.00, ,66.8, 
2008/11/28,23:00,0.1, ,119580, ,18.52, ,0.00, ,66.8, 
2008/11/28,24:00,0.0, ,119620, ,16.81, ,0.00, ,67.2, 
2008/11/29,01:00,0.0, ,119670, ,17.45, ,0.00, ,67.3, 
2008/11/29,02:00,0.0, ,119710, ,10.64, ,0.00, ,67.3, 
2008/11/29,03:00,0.0, ,119760, ,9.15, ,0.00, ,67.3, 
2008/11/29,04:00,0.0, ,119810, ,9.79, ,0.00, ,67.4, 
2008/11/29,05:00,0.1, ,119810, ,10.65, ,0.00, ,67.4, 
2008/11/29,06:00,0.0, ,119850, ,5.54, ,0.00, ,67.4, 
2008/11/29,07:00,0.0, ,119900, ,8.09, ,0.00, ,67.4, 
2008/11/29,08:00,0.0, ,119900, ,11.93, ,0.00, ,67.4, 
2008/11/29,09:00,0.0, ,119940, ,9.16, ,0.00, ,67.4, 
2008/11/29,10:00,0.0, ,119990, ,9.31, ,0.00,$,67.5, 
2008/11/29,11:00,0.0, ,120040, ,12.78, ,0.00,$,0.0,-
2008/11/29,12:00,0.0, ,120080, ,0.00,$,0.00,$,0.0,-
2008/11/29,13:00,0.0, ,120170, ,0.00,$,0.00,$,0.0,-
2008/11/29,14:00,0.1, ,120220, ,0.00,$,0.00,$,67.7, 
2008/11/29,15:00,0.0, ,120270, ,0.00,$,0.00,$,0.0,-
2008/11/29,16:00,0.0, ,120310, ,0.00,$,0.00,$,0.0,-
2008/11/29,17:00,0.1, ,120360, ,12.08, ,0.00, ,67.8, 
2008/11/29,18:00,0.0, ,120450, ,17.91, ,0.00, ,67.8, 
2008/11/29,19:00,0.0, ,120500, ,17.91, ,0.00, ,67.9, 
2008/11/29,20:00,0.1, ,120540, ,13.22, ,0.00, ,67.9, 
2008/11/29,21:00,0.0, ,120590, ,16.20, ,0.00, ,67.9, 
2008/11/29,22:00,0.0, ,120640, ,12.16, ,0.00, ,68.0, 
2008/11/29,23:00,0.0, ,120680, ,14.08, ,0.00, ,68.0, 
2008/11/29,24:00,0.0, ,120770, ,15.15, ,0.00, ,68.5, 
2008/11/30,01:00,0.0, ,120770, ,14.72, ,0.00, ,68.5, 
2008/11/30,02:00,0.0, ,120820, ,11.52, ,0.00, ,68.5, 
2008/11/30,03:00,0.0, ,120870, ,6.83, ,0.00, ,68.6, 
2008/11/30,04:00,0.0, ,120870, ,7.25, ,0.00, ,68.6, 
2008/11/30,05:00,0.0, ,120910, ,9.81, ,0.00, ,68.6, 
2008/11/30,06:00,0.0, ,120960, ,6.61, ,0.00, ,68.6, 
2008/11/30,07:00,0.0, ,120960, ,9.17, ,0.00, ,68.6, 
2008/11/30,08:00,0.0, ,121000, ,8.53, ,0.00, ,68.7, 
2008/11/30,09:00,0.0, ,121050, ,5.97, ,0.00, ,68.7, 
2008/11/30,10:00,0.0, ,121100, ,11.53, ,0.00, ,68.7, 
2008/11/30,11:00,0.0, ,121100, ,12.32, ,0.00, ,68.7, 
2008/11/30,12:00,0.0, ,121190, ,13.16, ,0.00, ,68.8, 
2008/11/30,13:00,0.0, ,121230, ,13.59, ,0.00, ,68.8, 
2008/11/30,14:00,0.0, ,121280, ,12.95, ,0.00, ,68.9, 
2008/11/30,15:00,0.0, ,121330, ,13.39, ,0.00, ,68.9, 
2008/11/30,16:00,0.0, ,121370, ,12.96, ,0.00, ,68.9, 
2008/11/30,17:00,0.0, ,121420, ,13.60, ,0.00, ,69.0, 
2008/11/30,18:00,0.0, ,121460, ,13.18, ,0.00, ,69.0, 
2008/11/30,19:00,0.0, ,121510, ,14.25, ,0.00, ,69.0, 
2008/11/30,20:00,0.0, ,121550, ,14.46, ,0.00, ,69.1, 
2008/11/30,21:00,0.0, ,121600, ,12.55, ,0.00, ,69.1, 
2008/11/30,22:00,0.0, ,121650, ,12.13, ,0.00, ,69.1, 
2008/11/30,23:00,0.0, ,121690, ,14.69, ,0.00, ,69.2, 
2008/11/30,24:00,0.0, ,121740, ,12.13, ,0.00, ,69.7, 
