îCà”ä˙ä‘É_ÉÄèîó åüçıåãâ 
êÖånñº,ãgñÏêÏ
âÕêÏñº,ãgñÏêÏ
äœë™èäñº,ëÅñæâYÉ_ÉÄÅiã@ç\Åj
äœë™èäãLçÜ,1368080700010
#
#îNåéì˙,éûçè,ó¨àÊïΩãœâJó ,ó¨àÊïΩãœâJó ëÆê´,íôêÖó ,íôêÖó ëÆê´,ó¨ì¸ó ,ó¨ì¸ó ëÆê´,ï˙ó¨ó ,ï˙ó¨ó ëÆê´,íôêÖó¶,íôêÖó¶ëÆê´
#ëÆê´Å@$:åáë™ -:ñ¢éÛêM
#
2005/7/1,01:00,0.0, ,42740, ,1.30, ,29.20, ,25.1, 
2005/7/1,02:00,0.0, ,42620, ,2.58, ,28.90, ,25.0, 
2005/7/1,03:00,0.0, ,42500, ,0.85, ,28.50, ,24.9, 
2005/7/1,04:00,0.0, ,42390, ,0.85, ,28.60, ,24.9, 
2005/7/1,05:00,0.0, ,42270, ,0.00, ,28.80, ,24.8, 
2005/7/1,06:00,0.0, ,42160, ,0.93, ,33.10, ,24.7, 
2005/7/1,07:00,0.0, ,42020, ,2.02, ,35.20, ,24.6, 
2005/7/1,08:00,0.0, ,41820, ,0.52, ,47.40, ,24.5, 
2005/7/1,09:00,0.4, ,41640, ,0.53, ,47.60, ,24.3, 
2005/7/1,10:00,0.4, ,41450, ,0.90, ,49.40, ,24.2, 
2005/7/1,11:00,0.0, ,41270, ,0.18, ,47.30, ,24.1, 
2005/7/1,12:00,0.0, ,41080, ,1.21, ,49.40, ,24.0, 
2005/7/1,13:00,0.0, ,40900, ,2.54, ,49.20, ,23.9, 
2005/7/1,14:00,0.0, ,40740, ,2.71, ,47.50, ,23.7, 
2005/7/1,15:00,0.0, ,40570, ,2.58, ,49.30, ,23.6, 
2005/7/1,16:00,0.0, ,40400, ,3.13, ,49.20, ,23.5, 
2005/7/1,17:00,0.0, ,40230, ,1.98, ,48.80, ,23.4, 
2005/7/1,18:00,0.0, ,40060, ,1.73, ,48.90, ,23.3, 
2005/7/1,19:00,10.7, ,39970, ,9.82, ,20.70, ,23.2, 
2005/7/1,20:00,7.1, ,39920, ,7.62, ,20.60, ,23.2, 
2005/7/1,21:00,5.3, ,39890, ,8.14, ,20.60, ,23.2, 
2005/7/1,22:00,1.2, ,39830, ,3.67, ,20.60, ,23.1, 
2005/7/1,23:00,0.0, ,39750, ,4.88, ,20.70, ,23.1, 
2005/7/1,24:00,0.1, ,39690, ,5.54, ,20.70, ,22.8, 
2005/7/2,01:00,1.0, ,39610, ,3.75, ,20.70, ,22.7, 
2005/7/2,02:00,2.2, ,39550, ,3.24, ,20.70, ,22.7, 
2005/7/2,03:00,2.4, ,39500, ,4.83, ,20.90, ,22.6, 
2005/7/2,04:00,3.5, ,39440, ,4.49, ,20.80, ,22.6, 
2005/7/2,05:00,1.2, ,39410, ,13.93, ,20.90, ,22.6, 
2005/7/2,06:00,0.1, ,39380, ,10.03, ,0.00, ,22.6, 
2005/7/2,07:00,0.1, ,39410, ,2.59, ,0.00, ,22.6, 
2005/7/2,08:00,0.2, ,39470, ,16.08, ,0.00, ,22.6, 
2005/7/2,09:00,0.0, ,39520, ,15.56, ,0.00, ,22.6, 
2005/7/2,10:00,0.0, ,39580, ,17.13, ,0.00, ,22.7, 
2005/7/2,11:00,0.2, ,39640, ,18.18, ,0.00, ,22.7, 
2005/7/2,12:00,3.2, ,39720, ,27.54, ,0.00, ,22.8, 
2005/7/2,13:00,3.2, ,39810, ,26.00, ,0.00, ,22.8, 
2005/7/2,14:00,12.4, ,39920, ,27.58, ,0.00, ,22.9, 
2005/7/2,15:00,10.2, ,40090, ,42.71, ,0.00, ,23.0, 
2005/7/2,16:00,5.8, ,40310, ,65.68, ,0.00, ,23.2, 
2005/7/2,17:00,0.0, ,40570, ,68.46, ,0.00, ,23.3, 
2005/7/2,18:00,0.3, ,40900, ,93.81, ,0.00, ,23.6, 
2005/7/2,19:00,0.1, ,41220, ,86.23, ,0.00, ,23.8, 
2005/7/2,20:00,0.0, ,41470, ,71.71, ,0.00, ,23.9, 
2005/7/2,21:00,0.3, ,41700, ,58.66, ,0.00, ,24.1, 
2005/7/2,22:00,0.0, ,41870, ,50.30, ,0.00, ,24.2, 
2005/7/2,23:00,0.5, ,42020, ,44.02, ,0.00, ,24.3, 
2005/7/2,24:00,0.0, ,42190, ,39.31, ,0.00, ,24.1, 
2005/7/3,01:00,0.8, ,42300, ,34.58, ,0.00, ,24.2, 
2005/7/3,02:00,0.5, ,42420, ,30.35, ,0.00, ,24.3, 
2005/7/3,03:00,4.7, ,42500, ,25.59, ,0.00, ,24.3, 
2005/7/3,04:00,16.5, ,42620, ,35.21, ,0.00, ,24.4, 
2005/7/3,05:00,6.5, ,42710, ,21.90, ,0.00, ,24.5, 
2005/7/3,06:00,3.3, ,42820, ,26.73, ,0.00, ,24.5, 
2005/7/3,07:00,3.2, ,42910, ,28.38, ,0.00, ,24.6, 
2005/7/3,08:00,2.4, ,43050, ,33.32, ,0.00, ,24.7, 
2005/7/3,09:00,3.3, ,43200, ,43.58, ,0.00, ,24.8, 
2005/7/3,10:00,5.8, ,43400, ,56.56, ,0.00, ,24.9, 
2005/7/3,11:00,5.8, ,43640, ,60.96, ,0.00, ,25.1, 
2005/7/3,12:00,9.1, ,43870, ,71.33, ,0.00, ,25.2, 
2005/7/3,13:00,9.8, ,44250, ,97.48, ,0.00, ,25.5, 
2005/7/3,14:00,6.1, ,44750, ,140.13, ,0.00, ,25.8, 
2005/7/3,15:00,3.6, ,45370, ,178.85, ,0.00, ,26.2, 
2005/7/3,16:00,3.9, ,46080, ,197.48, ,0.00, ,26.7, 
2005/7/3,17:00,0.0, ,46790, ,189.96, ,0.00, ,27.2, 
2005/7/3,18:00,0.0, ,47350, ,160.24, ,0.00, ,27.5, 
2005/7/3,19:00,0.0, ,47860, ,136.11, ,0.00, ,27.9, 
2005/7/3,20:00,0.0, ,48290, ,117.75, ,0.00, ,28.1, 
2005/7/3,21:00,0.0, ,48650, ,100.28, ,0.00, ,28.4, 
2005/7/3,22:00,0.0, ,48980, ,90.17, ,0.00, ,28.6, 
2005/7/3,23:00,0.0, ,49260, ,79.80, ,0.00, ,28.8, 
2005/7/3,24:00,0.0, ,49530, ,74.27, ,0.00, ,28.3, 
2005/7/4,01:00,0.0, ,49780, ,68.14, ,0.00, ,28.5, 
2005/7/4,02:00,0.0, ,49990, ,65.41, ,0.00, ,28.6, 
2005/7/4,03:00,0.0, ,50210, ,62.08, ,0.00, ,28.7, 
2005/7/4,04:00,0.1, ,50420, ,58.18, ,0.00, ,28.9, 
2005/7/4,05:00,0.0, ,50640, ,58.25, ,0.00, ,29.0, 
2005/7/4,06:00,0.0, ,50830, ,52.04, ,0.00, ,29.2, 
2005/7/4,07:00,0.0, ,51010, ,50.95, ,0.00, ,29.3, 
2005/7/4,08:00,0.1, ,51200, ,51.01, ,0.00, ,29.4, 
2005/7/4,09:00,0.0, ,51350, ,48.20, ,0.00, ,29.5, 
2005/7/4,10:00,0.6, ,51510, ,45.37, ,0.00, ,29.6, 
2005/7/4,11:00,1.7, ,51690, ,44.85, ,0.00, ,29.7, 
2005/7/4,12:00,0.7, ,51850, ,42.59, ,0.00, ,29.8, 
2005/7/4,13:00,4.1, ,52000, ,40.73, ,0.00, ,29.9, 
2005/7/4,14:00,2.3, ,52160, ,42.49, ,0.00, ,30.0, 
2005/7/4,15:00,0.6, ,52280, ,39.68, ,0.00, ,30.1, 
2005/7/4,16:00,1.1, ,52440, ,38.00, ,0.00, ,30.2, 
2005/7/4,17:00,2.5, ,52590, ,43.24, ,0.00, ,30.3, 
2005/7/4,18:00,2.6, ,52750, ,43.88, ,0.00, ,30.4, 
2005/7/4,19:00,3.0, ,52910, ,42.79, ,0.00, ,30.5, 
2005/7/4,20:00,2.6, ,53060, ,44.01, ,0.00, ,30.6, 
2005/7/4,21:00,4.5, ,53220, ,46.40, ,0.00, ,30.7, 
2005/7/4,22:00,1.9, ,53410, ,47.63, ,0.00, ,30.8, 
2005/7/4,23:00,0.5, ,53560, ,48.29, ,0.00, ,30.9, 
2005/7/4,24:00,2.5, ,53750, ,49.53, ,0.00, ,30.4, 
2005/7/5,01:00,3.0, ,53970, ,58.96, ,0.00, ,30.5, 
2005/7/5,02:00,14.0, ,54190, ,60.24, ,0.00, ,30.6, 
2005/7/5,03:00,5.6, ,54450, ,75.03, ,0.00, ,30.8, 
2005/7/5,04:00,0.5, ,54770, ,85.21, ,0.00, ,31.0, 
2005/7/5,05:00,0.4, ,55180, ,125.10, ,0.00, ,31.3, 
2005/7/5,06:00,0.3, ,55630, ,121.03, ,0.00, ,31.6, 
2005/7/5,07:00,0.0, ,56050, ,113.04, ,0.00, ,31.8, 
2005/7/5,08:00,0.0, ,56400, ,100.81, ,0.00, ,32.1, 
2005/7/5,09:00,0.0, ,56720, ,90.88, ,0.00, ,32.3, 
2005/7/5,10:00,0.0, ,57010, ,82.68, ,0.00, ,32.4, 
2005/7/5,11:00,0.0, ,57310, ,80.44, ,0.00, ,32.6, 
2005/7/5,12:00,0.0, ,57570, ,73.37, ,0.00, ,32.8, 
2005/7/5,13:00,0.0, ,57790, ,65.66, ,0.00, ,32.9, 
2005/7/5,14:00,0.0, ,58020, ,62.14, ,0.00, ,33.1, 
2005/7/5,15:00,0.2, ,58250, ,60.42, ,0.00, ,33.2, 
2005/7/5,16:00,0.5, ,58450, ,54.98, ,0.00, ,33.4, 
2005/7/5,17:00,2.3, ,58640, ,57.48, ,0.00, ,33.5, 
2005/7/5,18:00,3.5, ,58870, ,55.76, ,0.00, ,33.6, 
2005/7/5,19:00,1.4, ,59070, ,57.05, ,0.00, ,33.8, 
2005/7/5,20:00,2.4, ,59260, ,55.31, ,0.00, ,33.9, 
2005/7/5,21:00,5.9, ,59460, ,59.05, ,0.00, ,34.0, 
2005/7/5,22:00,0.2, ,59690, ,60.98, ,0.00, ,34.2, 
2005/7/5,23:00,0.0, ,59920, ,59.86, ,0.00, ,34.3, 
2005/7/5,24:00,0.1, ,60190, ,68.53, ,0.00, ,33.8, 
2005/7/6,01:00,0.1, ,60420, ,68.04, ,0.00, ,33.9, 
2005/7/6,02:00,0.0, ,60650, ,64.47, ,0.00, ,34.0, 
2005/7/6,03:00,0.6, ,60880, ,63.96, ,0.00, ,34.2, 
2005/7/6,04:00,1.0, ,61080, ,60.37, ,0.00, ,34.3, 
2005/7/6,05:00,0.1, ,61280, ,57.38, ,0.00, ,34.4, 
2005/7/6,06:00,0.0, ,61480, ,54.99, ,0.00, ,34.6, 
2005/7/6,07:00,0.0, ,61680, ,52.59, ,0.00, ,34.7, 
2005/7/6,08:00,0.0, ,61880, ,52.04, ,0.00, ,34.8, 
2005/7/6,09:00,0.0, ,62050, ,52.11, ,0.00, ,34.9, 
2005/7/6,10:00,0.2, ,62220, ,49.69, ,0.00, ,35.0, 
2005/7/6,11:00,0.1, ,62420, ,47.89, ,0.00, ,35.2, 
2005/7/6,12:00,0.0, ,62590, ,46.08, ,0.00, ,35.3, 
2005/7/6,13:00,0.0, ,62760, ,46.76, ,0.00, ,35.4, 
2005/7/6,14:00,0.0, ,62930, ,44.32, ,0.00, ,35.5, 
2005/7/6,15:00,0.0, ,63060, ,43.11, ,0.00, ,35.6, 
2005/7/6,16:00,0.0, ,63230, ,44.42, ,0.00, ,35.7, 
2005/7/6,17:00,0.0, ,63400, ,45.09, ,0.00, ,35.8, 
2005/7/6,18:00,0.0, ,63530, ,41.38, ,0.00, ,35.9, 
2005/7/6,19:00,0.0, ,63700, ,42.05, ,0.00, ,36.0, 
2005/7/6,20:00,0.0, ,63840, ,40.21, ,0.00, ,36.1, 
2005/7/6,21:00,0.0, ,63980, ,39.62, ,0.00, ,36.2, 
2005/7/6,22:00,0.0, ,64110, ,40.29, ,0.00, ,36.2, 
2005/7/6,23:00,0.0, ,64250, ,39.06, ,0.00, ,36.3, 
2005/7/6,24:00,0.0, ,64380, ,37.84, ,0.00, ,35.7, 
2005/7/7,01:00,0.0, ,64520, ,35.98, ,0.00, ,35.8, 
2005/7/7,02:00,0.0, ,64660, ,34.75, ,0.00, ,35.9, 
2005/7/7,03:00,0.0, ,64760, ,36.68, ,0.00, ,35.9, 
2005/7/7,04:00,0.0, ,64900, ,34.81, ,0.00, ,36.0, 
2005/7/7,05:00,0.0, ,65030, ,34.21, ,0.00, ,36.1, 
2005/7/7,06:00,0.0, ,65140, ,35.50, ,0.00, ,36.2, 
2005/7/7,07:00,0.0, ,65270, ,31.09, ,0.00, ,36.3, 
2005/7/7,08:00,0.0, ,65380, ,33.02, ,0.00, ,36.3, 
2005/7/7,09:00,0.0, ,65480, ,31.77, ,0.00, ,36.4, 
2005/7/7,10:00,0.0, ,65580, ,28.62, ,0.00, ,36.5, 
2005/7/7,11:00,0.0, ,65720, ,29.92, ,0.00, ,36.5, 
2005/7/7,12:00,0.0, ,65820, ,31.21, ,0.00, ,36.6, 
2005/7/7,13:00,0.0, ,65930, ,31.23, ,0.00, ,36.7, 
2005/7/7,14:00,0.0, ,66030, ,29.35, ,0.00, ,36.7, 
2005/7/7,15:00,0.0, ,66130, ,30.04, ,7.00, ,36.8, 
2005/7/7,16:00,0.0, ,66240, ,25.77, ,0.00, ,36.9, 
2005/7/7,17:00,0.0, ,66340, ,23.65, ,0.00, ,36.9, 
2005/7/7,18:00,0.0, ,66410, ,30.06, ,0.00, ,37.0, 
2005/7/7,19:00,0.0, ,66510, ,26.24, ,0.00, ,37.0, 
2005/7/7,20:00,0.0, ,66620, ,24.98, ,0.00, ,37.1, 
2005/7/7,21:00,0.0, ,66720, ,29.47, ,0.00, ,37.2, 
2005/7/7,22:00,0.0, ,66820, ,30.82, ,7.10, ,37.2, 
2005/7/7,23:00,0.0, ,66860, ,23.76, ,20.80, ,37.3, 
2005/7/7,24:00,0.0, ,66860, ,21.12, ,13.50, ,36.8, 
2005/7/8,01:00,0.0, ,66930, ,19.27, ,0.00, ,36.8, 
2005/7/8,02:00,0.0, ,67030, ,22.48, ,0.00, ,36.9, 
2005/7/8,03:00,0.0, ,67140, ,25.70, ,0.00, ,37.0, 
2005/7/8,04:00,0.0, ,67240, ,28.29, ,0.00, ,37.0, 
2005/7/8,05:00,0.0, ,67310, ,23.16, ,0.00, ,37.1, 
2005/7/8,06:00,0.0, ,67410, ,27.04, ,0.00, ,37.1, 
2005/7/8,07:00,0.0, ,67480, ,27.77, ,7.00, ,37.2, 
2005/7/8,08:00,0.0, ,67520, ,22.64, ,20.00, ,37.2, 
2005/7/8,09:00,0.0, ,67520, ,20.30, ,20.20, ,37.2, 
2005/7/8,10:00,0.0, ,67550, ,34.38, ,20.30, ,37.2, 
2005/7/8,11:00,0.0, ,67550, ,21.19, ,21.30, ,37.2, 
2005/7/8,12:00,0.0, ,67590, ,21.84, ,6.00, ,37.3, 
2005/7/8,13:00,0.0, ,67660, ,25.15, ,0.00, ,37.3, 
2005/7/8,14:00,0.0, ,67730, ,21.94, ,0.00, ,37.3, 
2005/7/8,15:00,0.0, ,67830, ,24.53, ,0.00, ,37.4, 
2005/7/8,16:00,0.0, ,67900, ,22.61, ,0.00, ,37.4, 
2005/7/8,17:00,0.0, ,68010, ,29.08, ,0.00, ,37.5, 
2005/7/8,18:00,0.0, ,68080, ,22.63, ,0.00, ,37.6, 
2005/7/8,19:00,0.0, ,68180, ,24.59, ,0.00, ,37.6, 
2005/7/8,20:00,0.0, ,68250, ,22.66, ,0.00, ,37.7, 
2005/7/8,21:00,0.0, ,68320, ,20.73, ,0.00, ,37.7, 
2005/7/8,22:00,0.0, ,68430, ,24.63, ,0.00, ,37.8, 
2005/7/8,23:00,0.0, ,68500, ,22.05, ,0.00, ,37.8, 
2005/7/8,24:00,0.0, ,68600, ,22.06, ,0.00, ,37.5, 
2005/7/9,01:00,0.0, ,68670, ,25.96, ,0.00, ,37.5, 
2005/7/9,02:00,0.0, ,68740, ,20.78, ,0.00, ,37.6, 
2005/7/9,03:00,0.0, ,68810, ,24.70, ,0.00, ,37.6, 
2005/7/9,04:00,0.0, ,68920, ,26.65, ,0.00, ,37.7, 
2005/7/9,05:00,0.0, ,68990, ,20.16, ,0.00, ,37.7, 
2005/7/9,06:00,0.3, ,69060, ,27.99, ,0.00, ,37.8, 
2005/7/9,07:00,0.0, ,69130, ,18.89, ,0.00, ,37.8, 
2005/7/9,08:00,0.1, ,69230, ,22.80, ,0.00, ,37.9, 
2005/7/9,09:00,0.8, ,69300, ,20.86, ,0.00, ,37.9, 
2005/7/9,10:00,2.5, ,69370, ,22.18, ,0.00, ,38.0, 
2005/7/9,11:00,5.0, ,69480, ,25.45, ,0.00, ,38.0, 
2005/7/9,12:00,5.3, ,69580, ,24.16, ,0.00, ,38.1, 
2005/7/9,13:00,4.7, ,69660, ,24.83, ,0.00, ,38.2, 
2005/7/9,14:00,5.2, ,69800, ,29.42, ,0.00, ,38.2, 
2005/7/9,15:00,10.9, ,69970, ,46.46, ,0.00, ,38.3, 
2005/7/9,16:00,0.5, ,70110, ,47.17, ,0.00, ,38.4, 
2005/7/9,17:00,0.4, ,70400, ,70.19, ,0.00, ,38.6, 
2005/7/9,18:00,1.1, ,70650, ,72.28, ,0.00, ,38.8, 
2005/7/9,19:00,0.0, ,70900, ,69.76, ,0.00, ,38.9, 
2005/7/9,20:00,0.0, ,71140, ,76.46, ,0.00, ,39.1, 
2005/7/9,21:00,0.0, ,71390, ,67.34, ,0.00, ,39.2, 
2005/7/9,22:00,0.1, ,71610, ,58.84, ,0.00, ,39.4, 
2005/7/9,23:00,0.2, ,71790, ,56.27, ,0.00, ,39.5, 
2005/7/9,24:00,0.0, ,71970, ,51.04, ,0.00, ,39.0, 
2005/7/10,01:00,0.0, ,72140, ,48.43, ,0.00, ,39.1, 
2005/7/10,02:00,0.0, ,72320, ,45.17, ,0.00, ,39.2, 
2005/7/10,03:00,0.8, ,72470, ,43.88, ,0.00, ,39.3, 
2005/7/10,04:00,1.0, ,72610, ,39.27, ,0.00, ,39.4, 
2005/7/10,05:00,8.9, ,72790, ,45.30, ,0.00, ,39.5, 
2005/7/10,06:00,11.1, ,73010, ,60.69, ,0.00, ,39.6, 
2005/7/10,07:00,2.7, ,73220, ,65.45, ,0.00, ,39.8, 
2005/7/10,08:00,4.8, ,73510, ,80.93, ,0.00, ,40.0, 
2005/7/10,09:00,13.8, ,73910, ,103.21, ,0.00, ,40.2, 
2005/7/10,10:00,12.5, ,74380, ,137.09, ,0.00, ,40.5, 
2005/7/10,11:00,1.1, ,75110, ,194.23, ,0.00, ,40.9, 
2005/7/10,12:00,0.0, ,76690, ,419.37, ,0.00, ,41.9, 
2005/7/10,13:00,0.3, ,77980, ,369.82, ,0.00, ,42.7, 
2005/7/10,14:00,0.1, ,79030, ,301.70, ,0.00, ,43.3, 
2005/7/10,15:00,0.6, ,79930, ,238.50, ,0.00, ,43.9, 
2005/7/10,16:00,2.9, ,80720, ,215.88, ,0.00, ,44.3, 
2005/7/10,17:00,0.8, ,81400, ,197.85, ,0.00, ,44.8, 
2005/7/10,18:00,0.2, ,82090, ,183.81, ,0.00, ,45.2, 
2005/7/10,19:00,0.0, ,82730, ,176.70, ,0.00, ,45.6, 
2005/7/10,20:00,0.1, ,83230, ,136.79, ,0.00, ,45.9, 
2005/7/10,21:00,0.1, ,83730, ,135.66, ,0.00, ,46.2, 
2005/7/10,22:00,1.1, ,84190, ,128.92, ,0.00, ,46.5, 
2005/7/10,23:00,2.8, ,84620, ,125.71, ,0.00, ,46.7, 
2005/7/10,24:00,1.1, ,85080, ,127.49, ,0.00, ,46.2, 
2005/7/11,01:00,0.4, ,85550, ,124.24, ,0.00, ,46.5, 
2005/7/11,02:00,0.0, ,85970, ,126.01, ,0.00, ,46.7, 
2005/7/11,03:00,0.0, ,86400, ,122.02, ,0.00, ,47.0, 
2005/7/11,04:00,0.2, ,86870, ,117.26, ,0.00, ,47.3, 
2005/7/11,05:00,0.0, ,87260, ,113.33, ,0.00, ,47.5, 
2005/7/11,06:00,0.1, ,87660, ,108.47, ,0.00, ,47.7, 
2005/7/11,07:00,0.0, ,88050, ,105.77, ,0.00, ,48.0, 
2005/7/11,08:00,0.0, ,88410, ,103.78, ,0.00, ,48.2, 
2005/7/11,09:00,0.1, ,88760, ,102.52, ,0.00, ,48.4, 
2005/7/11,10:00,0.1, ,89120, ,96.84, ,0.00, ,48.6, 
2005/7/11,11:00,0.4, ,89440, ,85.98, ,0.00, ,48.8, 
2005/7/11,12:00,0.2, ,89750, ,84.64, ,0.00, ,49.0, 
2005/7/11,13:00,0.0, ,90030, ,80.34, ,0.00, ,49.2, 
2005/7/11,14:00,0.0, ,90310, ,76.03, ,0.00, ,49.3, 
2005/7/11,15:00,0.0, ,90550, ,71.69, ,0.00, ,49.5, 
2005/7/11,16:00,0.0, ,90830, ,71.05, ,0.00, ,49.7, 
2005/7/11,17:00,0.0, ,91070, ,70.32, ,0.00, ,49.8, 
2005/7/11,18:00,0.0, ,91270, ,61.51, ,0.00, ,49.9, 
2005/7/11,19:00,0.0, ,91470, ,51.94, ,0.00, ,50.0, 
2005/7/11,20:00,0.0, ,91670, ,58.68, ,0.00, ,50.2, 
2005/7/11,21:00,0.0, ,91870, ,54.28, ,0.00, ,50.3, 
2005/7/11,22:00,0.0, ,92070, ,52.11, ,0.00, ,50.4, 
2005/7/11,23:00,0.0, ,92230, ,49.18, ,0.00, ,50.5, 
2005/7/11,24:00,0.0, ,92430, ,52.21, ,0.00, ,49.7, 
2005/7/12,01:00,0.0, ,92600, ,49.28, ,0.00, ,49.8, 
2005/7/12,02:00,0.0, ,92800, ,48.58, ,0.00, ,49.9, 
2005/7/12,03:00,0.0, ,92960, ,47.88, ,0.00, ,50.0, 
2005/7/12,04:00,0.0, ,93120, ,47.93, ,0.00, ,50.1, 
2005/7/12,05:00,0.0, ,93320, ,47.22, ,0.00, ,50.3, 
2005/7/12,06:00,0.0, ,93490, ,48.02, ,0.00, ,50.4, 
2005/7/12,07:00,0.1, ,93650, ,45.81, ,0.00, ,50.5, 
2005/7/12,08:00,1.5, ,93810, ,47.35, ,0.00, ,50.5, 
2005/7/12,09:00,0.3, ,93970, ,45.90, ,0.00, ,50.6, 
2005/7/12,10:00,0.1, ,94140, ,47.44, ,0.00, ,50.7, 
2005/7/12,11:00,0.0, ,94300, ,47.48, ,0.00, ,50.8, 
2005/7/12,12:00,0.0, ,94460, ,48.28, ,0.00, ,50.9, 
2005/7/12,13:00,0.0, ,94620, ,44.55, ,0.00, ,51.0, 
2005/7/12,14:00,0.0, ,94790, ,43.07, ,0.00, ,51.1, 
2005/7/12,15:00,0.0, ,94910, ,37.81, ,0.00, ,51.2, 
2005/7/12,16:00,0.0, ,95070, ,44.66, ,0.00, ,51.3, 
2005/7/12,17:00,0.0, ,95240, ,45.45, ,0.00, ,51.4, 
2005/7/12,18:00,0.0, ,95360, ,40.18, ,0.00, ,51.5, 
2005/7/12,19:00,0.0, ,95520, ,40.21, ,0.00, ,51.6, 
2005/7/12,20:00,0.0, ,95650, ,37.96, ,0.00, ,51.6, 
2005/7/12,21:00,0.0, ,95810, ,37.99, ,0.00, ,51.7, 
2005/7/12,22:00,0.0, ,95930, ,38.78, ,0.00, ,51.8, 
2005/7/12,23:00,0.0, ,96060, ,38.05, ,0.00, ,51.9, 
2005/7/12,24:00,0.0, ,96220, ,34.27, ,0.00, ,51.2, 
2005/7/13,01:00,0.0, ,96350, ,36.58, ,0.00, ,51.2, 
2005/7/13,02:00,0.0, ,96470, ,38.13, ,0.00, ,51.3, 
2005/7/13,03:00,0.0, ,96590, ,38.92, ,0.00, ,51.4, 
2005/7/13,04:00,0.0, ,96720, ,32.84, ,0.00, ,51.5, 
2005/7/13,05:00,0.0, ,96840, ,33.62, ,0.00, ,51.5, 
2005/7/13,06:00,0.0, ,96960, ,32.12, ,0.00, ,51.6, 
2005/7/13,07:00,0.0, ,97090, ,29.84, ,0.00, ,51.7, 
2005/7/13,08:00,0.0, ,97210, ,31.39, ,0.00, ,51.8, 
2005/7/13,09:00,0.0, ,97340, ,32.18, ,0.00, ,51.8, 
2005/7/13,10:00,0.0, ,97460, ,32.20, ,0.00, ,51.9, 
2005/7/13,11:00,0.0, ,97580, ,35.29, ,0.00, ,52.0, 
2005/7/13,12:00,0.0, ,97710, ,37.61, ,0.00, ,52.0, 
2005/7/13,13:00,0.0, ,97790, ,34.56, ,0.00, ,52.1, 
2005/7/13,14:00,0.0, ,97920, ,29.97, ,0.00, ,52.2, 
2005/7/13,15:00,0.0, ,98040, ,28.45, ,0.00, ,52.2, 
2005/7/13,16:00,0.0, ,98170, ,28.47, ,0.00, ,52.3, 
2005/7/13,17:00,0.0, ,98290, ,30.03, ,0.00, ,52.4, 
2005/7/13,18:00,0.0, ,98370, ,26.96, ,0.00, ,52.4, 
2005/7/13,19:00,0.1, ,98500, ,32.37, ,0.00, ,52.5, 
2005/7/13,20:00,0.0, ,98620, ,29.31, ,0.00, ,52.6, 
2005/7/13,21:00,0.0, ,98710, ,26.24, ,0.00, ,52.6, 
2005/7/13,22:00,0.0, ,98830, ,32.43, ,0.00, ,52.7, 
2005/7/13,23:00,0.0, ,98910, ,30.13, ,0.00, ,52.8, 
2005/7/13,24:00,0.0, ,99040, ,34.01, ,0.00, ,52.1, 
2005/7/14,01:00,0.0, ,99120, ,30.93, ,0.00, ,52.1, 
2005/7/14,02:00,0.0, ,99250, ,30.95, ,0.00, ,52.2, 
2005/7/14,03:00,0.0, ,99330, ,30.97, ,0.00, ,52.3, 
2005/7/14,04:00,0.0, ,99460, ,33.31, ,0.00, ,52.3, 
2005/7/14,05:00,0.0, ,99540, ,24.80, ,0.00, ,52.4, 
2005/7/14,06:00,0.0, ,99670, ,29.47, ,0.00, ,52.5, 
2005/7/14,07:00,0.0, ,99750, ,27.93, ,0.00, ,52.5, 
2005/7/14,08:00,0.0, ,99880, ,29.50, ,0.00, ,52.6, 
2005/7/14,09:00,0.0, ,99960, ,31.07, ,0.00, ,52.6, 
2005/7/14,10:00,0.0, ,100040, ,24.09, ,0.00, ,52.7, 
2005/7/14,11:00,0.0, ,100130, ,26.43, ,0.00, ,52.7, 
2005/7/14,12:00,0.0, ,100250, ,27.22, ,0.00, ,52.8, 
2005/7/14,13:00,0.0, ,100340, ,25.68, ,0.00, ,52.9, 
2005/7/14,14:00,0.0, ,100460, ,26.47, ,0.00, ,52.9, 
2005/7/14,15:00,0.0, ,100550, ,24.93, ,0.00, ,53.0, 
2005/7/14,16:00,0.0, ,100630, ,28.06, ,0.00, ,53.0, 
2005/7/14,17:00,0.0, ,100720, ,30.41, ,0.00, ,53.1, 
2005/7/14,18:00,0.0, ,100800, ,25.78, ,6.40, ,53.1, 
2005/7/14,19:00,0.0, ,100840, ,25.27, ,20.30, ,53.1, 
2005/7/14,20:00,0.0, ,100840, ,20.21, ,20.20, ,53.1, 
2005/7/14,21:00,0.0, ,100890, ,21.80, ,20.20, ,53.2, 
2005/7/14,22:00,0.0, ,100890, ,20.24, ,20.10, ,53.2, 
2005/7/14,23:00,0.0, ,100890, ,20.26, ,20.20, ,53.2, 
2005/7/14,24:00,0.0, ,100930, ,35.08, ,10.70, ,52.6, 
2005/7/15,01:00,0.0, ,101010, ,20.30, ,0.00, ,52.7, 
2005/7/15,02:00,0.0, ,101100, ,22.65, ,0.00, ,52.7, 
2005/7/15,03:00,0.0, ,101140, ,12.50, ,0.00, ,52.8, 
2005/7/15,04:00,0.0, ,101180, ,21.11, ,0.00, ,52.8, 
2005/7/15,05:00,0.0, ,101220, ,11.73, ,0.00, ,52.8, 
2005/7/15,06:00,0.0, ,101270, ,1.56, ,0.00, ,52.8, 
2005/7/15,07:00,0.0, ,101350, ,11.74, ,0.00, ,52.9, 
2005/7/15,08:00,0.0, ,101390, ,7.82, ,0.00, ,52.9, 
2005/7/15,09:00,0.0, ,101430, ,18.00, ,0.00, ,52.9, 
2005/7/15,10:00,0.0, ,101480, ,21.95, ,6.20, ,53.0, 
2005/7/15,11:00,0.0, ,101480, ,21.00, ,20.90, ,53.0, 
2005/7/15,12:00,0.0, ,101480, ,35.36, ,25.10, ,53.0, 
2005/7/15,13:00,0.0, ,101430, ,4.92, ,20.90, ,52.9, 
2005/7/15,14:00,0.0, ,101430, ,20.99, ,35.20, ,52.9, 
2005/7/15,15:00,0.0, ,101350, ,19.26, ,43.30, ,52.9, 
2005/7/15,16:00,0.0, ,101270, ,17.26, ,43.40, ,52.8, 
2005/7/15,17:00,0.0, ,101180, ,21.60, ,47.20, ,52.8, 
2005/7/15,18:00,0.0, ,101050, ,17.42, ,43.40, ,52.7, 
2005/7/15,19:00,0.0, ,100970, ,18.75, ,43.40, ,52.7, 
2005/7/15,20:00,0.0, ,100890, ,18.67, ,31.20, ,52.6, 
2005/7/15,21:00,0.0, ,100840, ,2.82, ,20.20, ,52.6, 
2005/7/15,22:00,0.0, ,100840, ,19.82, ,19.80, ,52.6, 
2005/7/15,23:00,0.0, ,100840, ,19.75, ,19.80, ,52.6, 
2005/7/15,24:00,0.0, ,100840, ,19.77, ,19.80, ,52.6, 
2005/7/16,01:00,0.0, ,100800, ,9.89, ,19.80, ,52.6, 
2005/7/16,02:00,0.0, ,100800, ,19.73, ,19.70, ,52.6, 
2005/7/16,03:00,0.0, ,100760, ,9.22, ,19.90, ,52.5, 
2005/7/16,04:00,0.0, ,100720, ,5.28, ,19.90, ,52.5, 
2005/7/16,05:00,0.0, ,100720, ,19.71, ,19.80, ,52.5, 
2005/7/16,06:00,0.0, ,100680, ,15.93, ,19.90, ,52.5, 
2005/7/16,07:00,0.0, ,100630, ,2.66, ,19.80, ,52.5, 
2005/7/16,08:00,0.0, ,100590, ,6.61, ,10.50, ,52.4, 
2005/7/16,09:00,0.0, ,100590, ,0.01, ,0.00, ,52.4, 
2005/7/16,10:00,0.0, ,100630, ,12.51, ,6.40, ,52.5, 
2005/7/16,11:00,0.0, ,100630, ,30.85, ,31.20, ,52.5, 
2005/7/16,12:00,0.0, ,100460, ,15.60, ,59.80, ,52.4, 
2005/7/16,13:00,0.0, ,100380, ,19.00, ,34.00, ,52.3, 
2005/7/16,14:00,0.0, ,100250, ,10.43, ,59.40, ,52.2, 
2005/7/16,15:00,0.0, ,100210, ,11.22, ,21.10, ,52.2, 
2005/7/16,16:00,0.0, ,100210, ,21.23, ,21.20, ,52.2, 
2005/7/16,17:00,0.0, ,100210, ,21.25, ,21.30, ,52.2, 
2005/7/16,18:00,0.0, ,100210, ,18.70, ,18.70, ,52.2, 
2005/7/16,19:00,0.0, ,100210, ,18.67, ,18.70, ,52.2, 
2005/7/16,20:00,0.0, ,100210, ,18.68, ,9.00, ,52.2, 
2005/7/16,21:00,0.0, ,100210, ,0.01, ,0.00, ,52.2, 
2005/7/16,22:00,0.0, ,100300, ,17.89, ,0.00, ,52.3, 
2005/7/16,23:00,0.0, ,100340, ,21.02, ,0.00, ,52.3, 
2005/7/16,24:00,0.0, ,100420, ,14.79, ,0.00, ,52.3, 
2005/7/17,01:00,0.0, ,100460, ,3.89, ,0.00, ,52.4, 
2005/7/17,02:00,0.0, ,100460, ,0.00, ,0.00, ,52.4, 
2005/7/17,03:00,0.0, ,100510, ,7.01, ,0.00, ,52.4, 
2005/7/17,04:00,0.0, ,100550, ,9.35, ,0.00, ,52.4, 
2005/7/17,05:00,0.0, ,100590, ,16.37, ,0.00, ,52.4, 
2005/7/17,06:00,0.0, ,100630, ,21.09, ,14.60, ,52.5, 
2005/7/17,07:00,0.0, ,100630, ,15.27, ,15.10, ,52.5, 
2005/7/17,08:00,0.0, ,100590, ,9.45, ,25.20, ,52.4, 
2005/7/17,09:00,0.0, ,100550, ,8.05, ,24.90, ,52.4, 
2005/7/17,10:00,0.0, ,100460, ,22.05, ,25.50, ,52.4, 
2005/7/17,11:00,0.0, ,100420, ,12.99, ,43.30, ,52.3, 
2005/7/17,12:00,0.0, ,100300, ,16.19, ,45.30, ,52.3, 
2005/7/17,13:00,0.0, ,100170, ,15.37, ,48.20, ,52.2, 
2005/7/17,14:00,0.0, ,100040, ,18.40, ,48.50, ,52.1, 
2005/7/17,15:00,0.0, ,99920, ,14.13, ,52.40, ,52.1, 
2005/7/17,16:00,0.0, ,99790, ,14.08, ,48.40, ,52.0, 
2005/7/17,17:00,0.0, ,99670, ,13.49, ,52.30, ,51.9, 
2005/7/17,18:00,0.0, ,99540, ,9.49, ,49.30, ,51.8, 
2005/7/17,19:00,0.0, ,99420, ,11.68, ,49.70, ,51.8, 
2005/7/17,20:00,0.0, ,99290, ,12.87, ,52.70, ,51.7, 
2005/7/17,21:00,0.0, ,99170, ,11.92, ,45.40, ,51.6, 
2005/7/17,22:00,0.0, ,99170, ,23.81, ,24.00, ,51.6, 
2005/7/17,23:00,0.0, ,99120, ,0.00, ,21.30, ,51.6, 
2005/7/17,24:00,0.0, ,99120, ,21.25, ,10.70, ,51.6, 
2005/7/18,01:00,0.0, ,99120, ,0.02, ,0.00, ,51.6, 
2005/7/18,02:00,0.0, ,99120, ,0.00, ,0.00, ,51.6, 
2005/7/18,03:00,0.0, ,99170, ,17.79, ,0.00, ,51.6, 
2005/7/18,04:00,0.0, ,99210, ,21.66, ,0.00, ,51.6, 
2005/7/18,05:00,0.0, ,99250, ,9.29, ,0.00, ,51.7, 
2005/7/18,06:00,0.0, ,99250, ,0.06, ,6.40, ,51.7, 
2005/7/18,07:00,0.0, ,99250, ,18.66, ,18.70, ,51.7, 
2005/7/18,08:00,0.0, ,99250, ,18.62, ,18.60, ,51.7, 
2005/7/18,09:00,0.0, ,99210, ,3.74, ,18.70, ,51.6, 
2005/7/18,10:00,0.0, ,99120, ,10.62, ,34.20, ,51.6, 
2005/7/18,11:00,0.0, ,99000, ,11.46, ,34.40, ,51.5, 
2005/7/18,12:00,0.0, ,98960, ,13.41, ,36.00, ,51.5, 
2005/7/18,13:00,0.0, ,98830, ,18.96, ,49.00, ,51.4, 
2005/7/18,14:00,0.0, ,98660, ,19.03, ,49.30, ,51.3, 
2005/7/18,15:00,0.0, ,98540, ,14.66, ,52.80, ,51.3, 
2005/7/18,16:00,0.0, ,98410, ,18.47, ,49.10, ,51.2, 
2005/7/18,17:00,0.0, ,98290, ,17.90, ,52.60, ,51.1, 
2005/7/18,18:00,0.0, ,98170, ,8.60, ,49.40, ,51.0, 
2005/7/18,19:00,0.0, ,98040, ,15.46, ,49.40, ,51.0, 
2005/7/18,20:00,0.0, ,97920, ,14.21, ,52.80, ,50.9, 
2005/7/18,21:00,0.0, ,97870, ,20.31, ,24.00, ,50.9, 
2005/7/18,22:00,0.0, ,97830, ,17.84, ,24.00, ,50.8, 
2005/7/18,23:00,0.0, ,97790, ,7.11, ,5.40, ,50.8, 
2005/7/18,24:00,0.0, ,97790, ,0.00, ,0.00, ,50.8, 
2005/7/19,01:00,0.0, ,97830, ,10.76, ,0.00, ,50.8, 
2005/7/19,02:00,0.0, ,97870, ,21.51, ,0.00, ,50.9, 
2005/7/19,03:00,0.0, ,97920, ,12.30, ,0.00, ,50.9, 
2005/7/19,04:00,0.0, ,97960, ,3.07, ,0.00, ,50.9, 
2005/7/19,05:00,0.0, ,97960, ,0.00, ,0.00, ,50.9, 
2005/7/19,06:00,0.0, ,98000, ,12.38, ,14.50, ,50.9, 
2005/7/19,07:00,0.0, ,98000, ,18.64, ,18.90, ,50.9, 
2005/7/19,08:00,0.0, ,97960, ,0.00, ,18.60, ,50.9, 
2005/7/19,09:00,0.0, ,97920, ,0.62, ,32.00, ,50.9, 
2005/7/19,10:00,0.0, ,97790, ,10.23, ,48.10, ,50.8, 
2005/7/19,11:00,0.0, ,97670, ,11.52, ,49.30, ,50.8, 
2005/7/19,12:00,0.0, ,97500, ,13.59, ,52.80, ,50.7, 
2005/7/19,13:00,0.0, ,97380, ,12.79, ,49.30, ,50.6, 
2005/7/19,14:00,0.0, ,97250, ,14.42, ,52.80, ,50.5, 
2005/7/19,15:00,0.0, ,97090, ,14.30, ,49.20, ,50.4, 
2005/7/19,16:00,0.0, ,96960, ,13.36, ,49.30, ,50.3, 
2005/7/19,17:00,0.0, ,96840, ,13.05, ,52.80, ,50.3, 
2005/7/19,18:00,0.0, ,96670, ,12.96, ,49.60, ,50.2, 
2005/7/19,19:00,0.0, ,96550, ,12.49, ,53.00, ,50.1, 
2005/7/19,20:00,0.0, ,96430, ,13.05, ,49.60, ,50.0, 
2005/7/19,21:00,0.0, ,96300, ,14.41, ,49.60, ,50.0, 
2005/7/19,22:00,0.0, ,96220, ,5.65, ,14.30, ,49.9, 
2005/7/19,23:00,0.0, ,96220, ,0.01, ,0.00, ,49.9, 
2005/7/19,24:00,0.0, ,96260, ,12.19, ,0.00, ,49.9, 
2005/7/20,01:00,0.0, ,96300, ,2.29, ,0.00, ,50.0, 
2005/7/20,02:00,0.0, ,96350, ,13.72, ,0.00, ,50.0, 
2005/7/20,03:00,0.0, ,96350, ,0.00, ,0.00, ,50.0, 
2005/7/20,04:00,0.0, ,96390, ,20.58, ,0.00, ,50.0, 
2005/7/20,05:00,0.0, ,96390, ,0.00, ,0.00, ,50.0, 
2005/7/20,06:00,0.0, ,96430, ,21.39, ,6.40, ,50.0, 
2005/7/20,07:00,0.0, ,96390, ,18.17, ,18.50, ,50.0, 
2005/7/20,08:00,0.0, ,96300, ,5.75, ,24.10, ,50.0, 
2005/7/20,09:00,0.0, ,96180, ,3.43, ,49.70, ,49.9, 
2005/7/20,10:00,0.0, ,96020, ,4.33, ,50.20, ,49.8, 
2005/7/20,11:00,0.0, ,95850, ,17.22, ,53.80, ,49.7, 
2005/7/20,12:00,0.0, ,95730, ,9.46, ,50.20, ,49.6, 
2005/7/20,13:00,0.0, ,95610, ,12.66, ,46.70, ,49.6, 
2005/7/20,14:00,0.0, ,95480, ,15.97, ,53.30, ,49.5, 
2005/7/20,15:00,0.0, ,95280, ,12.12, ,56.90, ,49.4, 
2005/7/20,16:00,0.0, ,95160, ,10.38, ,53.50, ,49.3, 
2005/7/20,17:00,0.0, ,94990, ,14.20, ,53.40, ,49.2, 
2005/7/20,18:00,0.0, ,94830, ,10.76, ,57.40, ,49.1, 
2005/7/20,19:00,0.0, ,94710, ,12.87, ,44.90, ,49.0, 
2005/7/20,20:00,0.0, ,94580, ,12.79, ,42.60, ,49.0, 
2005/7/20,21:00,0.0, ,94460, ,8.82, ,31.10, ,48.9, 
2005/7/20,22:00,0.0, ,94420, ,10.60, ,25.10, ,48.9, 
2005/7/20,23:00,0.0, ,94380, ,17.44, ,13.00, ,48.9, 
2005/7/20,24:00,0.0, ,94380, ,0.00, ,0.00, ,48.9, 
2005/7/21,01:00,0.0, ,94380, ,0.00, ,0.00, ,48.9, 
2005/7/21,02:00,0.0, ,94420, ,21.88, ,0.00, ,48.9, 
2005/7/21,03:00,0.0, ,94420, ,0.00, ,0.00, ,48.9, 
2005/7/21,04:00,0.0, ,94420, ,0.00, ,0.00, ,48.9, 
2005/7/21,05:00,0.0, ,94460, ,17.36, ,0.00, ,48.9, 
2005/7/21,06:00,0.0, ,94460, ,0.04, ,6.50, ,48.9, 
2005/7/21,07:00,0.0, ,94460, ,15.67, ,15.40, ,48.9, 
2005/7/21,08:00,0.0, ,94340, ,5.48, ,38.10, ,48.8, 
2005/7/21,09:00,0.0, ,94180, ,6.47, ,50.00, ,48.7, 
2005/7/21,10:00,0.0, ,94010, ,5.39, ,49.90, ,48.6, 
2005/7/21,11:00,0.0, ,93890, ,16.07, ,49.80, ,48.6, 
2005/7/21,12:00,0.0, ,93730, ,8.44, ,54.00, ,48.5, 
2005/7/21,13:00,0.0, ,93650, ,15.49, ,34.90, ,48.4, 
2005/7/21,14:00,0.0, ,93530, ,14.54, ,48.40, ,48.4, 
2005/7/21,15:00,0.0, ,93360, ,13.76, ,48.30, ,48.3, 
2005/7/21,16:00,0.0, ,93240, ,10.68, ,52.00, ,48.2, 
2005/7/21,17:00,0.0, ,93120, ,11.08, ,48.30, ,48.1, 
2005/7/21,18:00,0.0, ,92960, ,16.14, ,48.20, ,48.0, 
2005/7/21,19:00,0.0, ,92840, ,10.72, ,52.30, ,48.0, 
2005/7/21,20:00,0.0, ,92680, ,11.19, ,48.70, ,47.9, 
2005/7/21,21:00,0.0, ,92600, ,12.68, ,40.00, ,47.8, 
2005/7/21,22:00,0.0, ,92480, ,7.28, ,33.40, ,47.8, 
2005/7/21,23:00,0.0, ,92390, ,8.35, ,33.10, ,47.7, 
2005/7/21,24:00,0.0, ,92270, ,5.82, ,33.40, ,47.6, 
2005/7/22,01:00,0.0, ,92230, ,2.88, ,21.70, ,47.6, 
2005/7/22,02:00,0.0, ,92150, ,5.05, ,21.60, ,47.6, 
2005/7/22,03:00,0.0, ,92070, ,9.37, ,21.60, ,47.5, 
2005/7/22,04:00,0.0, ,92030, ,2.88, ,21.70, ,47.5, 
2005/7/22,05:00,0.0, ,91950, ,3.38, ,24.40, ,47.5, 
2005/7/22,06:00,0.0, ,91870, ,4.34, ,21.60, ,47.4, 
2005/7/22,07:00,0.0, ,91830, ,3.62, ,21.70, ,47.4, 
2005/7/22,08:00,0.0, ,91750, ,6.51, ,25.00, ,47.3, 
2005/7/22,09:00,0.0, ,91670, ,4.42, ,36.50, ,47.3, 
2005/7/22,10:00,0.0, ,91550, ,2.60, ,41.90, ,47.2, 
2005/7/22,11:00,0.0, ,91430, ,7.12, ,45.20, ,47.2, 
2005/7/22,12:00,0.0, ,91310, ,10.39, ,36.20, ,47.1, 
2005/7/22,13:00,0.0, ,91230, ,9.52, ,40.80, ,47.0, 
2005/7/22,14:00,0.0, ,91110, ,12.39, ,41.80, ,47.0, 
2005/7/22,15:00,0.0, ,90990, ,13.25, ,45.00, ,46.9, 
2005/7/22,16:00,0.0, ,90910, ,11.31, ,41.90, ,46.8, 
2005/7/22,17:00,0.0, ,90790, ,13.08, ,41.70, ,46.8, 
2005/7/22,18:00,0.0, ,90670, ,10.34, ,45.40, ,46.7, 
2005/7/22,19:00,0.0, ,90550, ,9.23, ,41.80, ,46.6, 
2005/7/22,20:00,0.0, ,90430, ,9.23, ,42.10, ,46.6, 
2005/7/22,21:00,0.0, ,90310, ,11.35, ,31.30, ,46.5, 
2005/7/22,22:00,0.0, ,90230, ,12.15, ,23.10, ,46.5, 
2005/7/22,23:00,0.0, ,90190, ,0.94, ,23.10, ,46.4, 
2005/7/22,24:00,0.0, ,90110, ,3.91, ,23.10, ,46.4, 
2005/7/23,01:00,0.0, ,90030, ,3.64, ,21.80, ,46.3, 
2005/7/23,02:00,0.0, ,89990, ,0.73, ,21.70, ,46.3, 
2005/7/23,03:00,0.0, ,89910, ,4.37, ,21.90, ,46.3, 
2005/7/23,04:00,0.0, ,89830, ,1.46, ,21.90, ,46.2, 
2005/7/23,05:00,0.0, ,89790, ,2.18, ,21.80, ,46.2, 
2005/7/23,06:00,0.0, ,89710, ,2.91, ,21.90, ,46.2, 
2005/7/23,07:00,0.0, ,89630, ,4.64, ,24.50, ,46.1, 
2005/7/23,08:00,0.0, ,89550, ,3.87, ,19.40, ,46.1, 
2005/7/23,09:00,0.0, ,89440, ,6.50, ,42.10, ,46.0, 
2005/7/23,10:00,0.0, ,89280, ,6.03, ,42.30, ,45.9, 
2005/7/23,11:00,0.0, ,89200, ,11.41, ,42.10, ,45.9, 
2005/7/23,12:00,0.0, ,89040, ,12.44, ,45.60, ,45.8, 
2005/7/23,13:00,0.0, ,88920, ,12.14, ,42.20, ,45.7, 
2005/7/23,14:00,0.0, ,88840, ,13.96, ,44.10, ,45.7, 
2005/7/23,15:00,0.0, ,88680, ,12.91, ,47.40, ,45.6, 
2005/7/23,16:00,0.0, ,88560, ,6.74, ,44.30, ,45.5, 
2005/7/23,17:00,0.0, ,88440, ,11.09, ,43.80, ,45.4, 
2005/7/23,18:00,0.0, ,88330, ,7.83, ,47.70, ,45.4, 
2005/7/23,19:00,0.0, ,88170, ,12.06, ,44.20, ,45.3, 
2005/7/23,20:00,0.0, ,88050, ,11.16, ,44.00, ,45.2, 
2005/7/23,21:00,0.0, ,87930, ,7.53, ,47.80, ,45.1, 
2005/7/23,22:00,0.0, ,87770, ,2.75, ,42.40, ,45.0, 
2005/7/23,23:00,0.0, ,87660, ,5.46, ,42.60, ,45.0, 
2005/7/23,24:00,0.0, ,87500, ,3.43, ,42.60, ,44.9, 
2005/7/24,01:00,0.0, ,87420, ,4.48, ,21.90, ,44.8, 
2005/7/24,02:00,0.0, ,87340, ,0.10, ,21.90, ,44.8, 
2005/7/24,03:00,0.0, ,87300, ,6.69, ,21.90, ,44.8, 
2005/7/24,04:00,0.0, ,87220, ,0.15, ,22.00, ,44.7, 
2005/7/24,05:00,0.0, ,87150, ,6.06, ,22.30, ,44.7, 
2005/7/24,06:00,0.0, ,87070, ,0.14, ,21.80, ,44.6, 
2005/7/24,07:00,0.0, ,87030, ,1.65, ,22.10, ,44.6, 
2005/7/24,08:00,0.0, ,86950, ,5.35, ,35.10, ,44.6, 
2005/7/24,09:00,0.0, ,86790, ,2.77, ,42.40, ,44.5, 
2005/7/24,10:00,0.0, ,86640, ,3.16, ,46.30, ,44.4, 
2005/7/24,11:00,0.0, ,86520, ,7.69, ,42.60, ,44.3, 
2005/7/24,12:00,0.0, ,86400, ,6.27, ,42.80, ,44.2, 
2005/7/24,13:00,0.0, ,86280, ,11.17, ,42.80, ,44.2, 
2005/7/24,14:00,0.0, ,86170, ,11.41, ,45.90, ,44.1, 
2005/7/24,15:00,0.0, ,86050, ,13.42, ,42.40, ,44.0, 
2005/7/24,16:00,0.0, ,85900, ,9.85, ,42.60, ,44.0, 
2005/7/24,17:00,0.0, ,85780, ,5.64, ,42.70, ,43.9, 
2005/7/24,18:00,0.0, ,85660, ,10.23, ,46.40, ,43.8, 
2005/7/24,19:00,0.0, ,85550, ,12.10, ,43.20, ,43.8, 
2005/7/24,20:00,0.0, ,85390, ,11.60, ,44.90, ,43.7, 
2005/7/24,21:00,0.0, ,85270, ,5.63, ,48.00, ,43.6, 
2005/7/24,22:00,0.0, ,85120, ,5.36, ,44.40, ,43.5, 
2005/7/24,23:00,0.0, ,84960, ,3.56, ,42.70, ,43.4, 
2005/7/24,24:00,0.0, ,84810, ,0.72, ,43.10, ,43.3, 
2005/7/25,01:00,0.0, ,84730, ,3.68, ,22.20, ,43.3, 
2005/7/25,02:00,0.0, ,84690, ,1.40, ,22.10, ,43.3, 
2005/7/25,03:00,0.0, ,84620, ,4.37, ,22.30, ,43.2, 
2005/7/25,04:00,0.0, ,84540, ,3.64, ,22.30, ,43.2, 
2005/7/25,05:00,0.0, ,84460, ,3.49, ,25.00, ,43.1, 
2005/7/25,06:00,0.0, ,84380, ,0.98, ,22.30, ,43.1, 
2005/7/25,07:00,0.0, ,84310, ,4.36, ,22.20, ,43.0, 
2005/7/25,08:00,0.0, ,84230, ,2.92, ,22.30, ,43.0, 
2005/7/25,09:00,0.0, ,84110, ,0.94, ,43.10, ,42.9, 
2005/7/25,10:00,0.0, ,83960, ,3.24, ,43.10, ,42.8, 
2005/7/25,11:00,0.0, ,83810, ,12.18, ,48.60, ,42.7, 
2005/7/25,12:00,0.0, ,83690, ,9.53, ,44.80, ,42.7, 
2005/7/25,13:00,0.0, ,83540, ,10.25, ,45.10, ,42.6, 
2005/7/25,14:00,1.1, ,83420, ,5.97, ,45.10, ,42.5, 
2005/7/25,15:00,2.6, ,83310, ,25.15, ,45.10, ,42.5, 
2005/7/25,16:00,3.6, ,83230, ,27.28, ,45.20, ,42.4, 
2005/7/25,17:00,0.9, ,83120, ,17.42, ,48.60, ,42.3, 
2005/7/25,18:00,0.0, ,83000, ,18.37, ,45.30, ,42.3, 
2005/7/25,19:00,0.0, ,82930, ,13.58, ,42.90, ,42.2, 
2005/7/25,20:00,0.0, ,82810, ,11.81, ,45.30, ,42.2, 
2005/7/25,21:00,0.0, ,82660, ,5.43, ,41.60, ,42.1, 
2005/7/25,22:00,0.0, ,82540, ,2.03, ,28.50, ,42.0, 
2005/7/25,23:00,0.0, ,82470, ,5.35, ,26.90, ,42.0, 
2005/7/25,24:00,0.0, ,82390, ,9.75, ,23.60, ,41.9, 
2005/7/26,01:00,0.0, ,82350, ,3.34, ,22.30, ,41.9, 
2005/7/26,02:00,0.0, ,82280, ,1.84, ,22.20, ,41.9, 
2005/7/26,03:00,0.0, ,82200, ,4.04, ,22.30, ,41.8, 
2005/7/26,04:00,0.0, ,82160, ,4.77, ,22.30, ,41.8, 
2005/7/26,05:00,0.0, ,82090, ,4.77, ,22.40, ,41.8, 
2005/7/26,06:00,0.1, ,82010, ,1.66, ,22.40, ,41.7, 
2005/7/26,07:00,0.0, ,81970, ,12.47, ,22.50, ,41.7, 
2005/7/26,08:00,0.0, ,81860, ,4.22, ,38.70, ,41.6, 
2005/7/26,09:00,0.0, ,81700, ,7.64, ,41.90, ,41.5, 
2005/7/26,10:00,0.0, ,81550, ,5.49, ,41.70, ,41.4, 
2005/7/26,11:00,0.0, ,81440, ,9.10, ,43.60, ,41.4, 
2005/7/26,12:00,0.0, ,81290, ,9.82, ,51.10, ,41.3, 
2005/7/26,13:00,0.0, ,81140, ,13.40, ,55.50, ,41.2, 
2005/7/26,14:00,0.0, ,80980, ,12.51, ,51.50, ,41.1, 
2005/7/26,15:00,0.0, ,80870, ,7.34, ,43.60, ,41.0, 
2005/7/26,16:00,0.0, ,80760, ,13.01, ,43.70, ,41.0, 
2005/7/26,17:00,0.0, ,80610, ,14.30, ,47.30, ,40.9, 
2005/7/26,18:00,0.0, ,80530, ,7.57, ,43.90, ,40.8, 
2005/7/26,19:00,0.0, ,80380, ,9.83, ,42.00, ,40.8, 
2005/7/26,20:00,0.0, ,80340, ,8.88, ,26.90, ,40.7, 
2005/7/26,21:00,0.0, ,80300, ,16.28, ,22.60, ,40.7, 
2005/7/26,22:00,0.0, ,80270, ,19.73, ,25.40, ,40.7, 
2005/7/26,23:00,0.0, ,80190, ,13.66, ,22.60, ,40.7, 
2005/7/26,24:00,0.0, ,80150, ,18.36, ,22.70, ,40.6, 
2005/7/27,01:00,0.0, ,80110, ,7.88, ,22.70, ,40.6, 
2005/7/27,02:00,0.0, ,80080, ,5.81, ,22.50, ,40.6, 
2005/7/27,03:00,0.0, ,80000, ,7.97, ,22.70, ,40.5, 
2005/7/27,04:00,0.0, ,79930, ,6.52, ,22.60, ,40.5, 
2005/7/27,05:00,0.0, ,79890, ,5.13, ,22.40, ,40.5, 
2005/7/27,06:00,0.0, ,79810, ,1.62, ,22.70, ,40.4, 
2005/7/27,07:00,0.0, ,79740, ,5.83, ,22.60, ,40.4, 
2005/7/27,08:00,0.0, ,79550, ,2.14, ,44.20, ,40.3, 
2005/7/27,09:00,0.0, ,79400, ,5.09, ,47.70, ,40.2, 
2005/7/27,10:00,0.0, ,79250, ,2.15, ,44.00, ,40.1, 
2005/7/27,11:00,0.0, ,79100, ,12.02, ,46.10, ,40.0, 
2005/7/27,12:00,0.0, ,78950, ,10.74, ,46.10, ,39.9, 
2005/7/27,13:00,0.0, ,78840, ,8.67, ,46.10, ,39.9, 
2005/7/27,14:00,0.0, ,78690, ,9.43, ,49.50, ,39.8, 
2005/7/27,15:00,0.0, ,78540, ,13.82, ,46.20, ,39.7, 
2005/7/27,16:00,0.0, ,78430, ,11.03, ,49.70, ,39.6, 
2005/7/27,17:00,0.0, ,78280, ,11.03, ,46.30, ,39.5, 
2005/7/27,18:00,0.0, ,78170, ,8.31, ,46.40, ,39.5, 
2005/7/27,19:00,0.0, ,78020, ,11.13, ,46.00, ,39.4, 
2005/7/27,20:00,0.0, ,77870, ,9.14, ,46.20, ,39.3, 
2005/7/27,21:00,0.0, ,77720, ,8.36, ,48.60, ,39.2, 
2005/7/27,22:00,0.0, ,77610, ,7.42, ,29.70, ,39.2, 
2005/7/27,23:00,0.0, ,77540, ,7.87, ,25.80, ,39.1, 
2005/7/27,24:00,0.0, ,77500, ,2.25, ,22.70, ,39.1, 
2005/7/28,01:00,0.0, ,77430, ,7.72, ,22.70, ,39.1, 
2005/7/28,02:00,0.0, ,77350, ,2.04, ,22.80, ,39.0, 
2005/7/28,03:00,0.0, ,77280, ,2.17, ,22.90, ,39.0, 
2005/7/28,04:00,0.0, ,77200, ,2.22, ,22.90, ,38.9, 
2005/7/28,05:00,0.0, ,77130, ,2.23, ,22.80, ,38.9, 
2005/7/28,06:00,0.0, ,77060, ,4.61, ,25.90, ,38.8, 
2005/7/28,07:00,0.0, ,76980, ,2.46, ,22.70, ,38.8, 
2005/7/28,08:00,0.0, ,76830, ,4.37, ,44.80, ,38.7, 
2005/7/28,09:00,0.0, ,76650, ,3.30, ,45.10, ,38.6, 
2005/7/28,10:00,0.0, ,76500, ,2.94, ,45.00, ,38.5, 
2005/7/28,11:00,0.0, ,76360, ,6.97, ,46.70, ,38.4, 
2005/7/28,12:00,0.0, ,76210, ,6.39, ,48.40, ,38.4, 
2005/7/28,13:00,0.0, ,76060, ,9.58, ,52.40, ,38.3, 
2005/7/28,14:00,0.0, ,75920, ,13.36, ,50.40, ,38.2, 
2005/7/28,15:00,0.0, ,75730, ,6.82, ,54.80, ,38.1, 
2005/7/28,16:00,0.0, ,75590, ,12.41, ,50.90, ,38.0, 
2005/7/28,17:00,0.0, ,75440, ,8.30, ,50.90, ,37.9, 
2005/7/28,18:00,0.0, ,75260, ,8.85, ,54.90, ,37.8, 
2005/7/28,19:00,5.1, ,75110, ,10.78, ,50.80, ,37.7, 
2005/7/28,20:00,7.4, ,75000, ,21.75, ,50.60, ,37.7, 
2005/7/28,21:00,0.1, ,74860, ,12.62, ,52.90, ,37.6, 
2005/7/28,22:00,0.3, ,74750, ,10.74, ,49.30, ,37.5, 
2005/7/28,23:00,0.3, ,74670, ,19.81, ,23.10, ,37.5, 
2005/7/28,24:00,0.0, ,74640, ,14.31, ,23.00, ,37.4, 
2005/7/29,01:00,0.0, ,74600, ,11.69, ,23.10, ,37.4, 
2005/7/29,02:00,0.0, ,74560, ,0.00, ,18.80, ,37.4, 
2005/7/29,03:00,0.0, ,74530, ,1.25, ,18.70, ,37.4, 
2005/7/29,04:00,0.0, ,74460, ,8.78, ,18.90, ,37.3, 
2005/7/29,05:00,0.0, ,74420, ,13.77, ,18.60, ,37.3, 
2005/7/29,06:00,0.0, ,74380, ,0.63, ,18.90, ,37.3, 
2005/7/29,07:00,0.0, ,74310, ,6.27, ,18.80, ,37.3, 
2005/7/29,08:00,0.0, ,74270, ,2.51, ,19.00, ,37.2, 
2005/7/29,09:00,0.0, ,74200, ,5.00, ,18.80, ,37.2, 
2005/7/29,10:00,0.0, ,74130, ,3.68, ,24.50, ,37.2, 
2005/7/29,11:00,0.0, ,74060, ,12.61, ,29.30, ,37.1, 
2005/7/29,12:00,0.0, ,73910, ,10.53, ,53.30, ,37.0, 
2005/7/29,13:00,0.0, ,73800, ,10.93, ,49.30, ,37.0, 
2005/7/29,14:00,0.0, ,73660, ,10.44, ,49.30, ,36.9, 
2005/7/29,15:00,0.0, ,73480, ,11.09, ,53.00, ,36.8, 
2005/7/29,16:00,0.0, ,73370, ,11.43, ,49.40, ,36.7, 
2005/7/29,17:00,0.0, ,73220, ,9.92, ,49.20, ,36.6, 
2005/7/29,18:00,0.0, ,73040, ,10.87, ,53.20, ,36.5, 
2005/7/29,19:00,0.0, ,72900, ,10.18, ,49.40, ,36.4, 
2005/7/29,20:00,0.0, ,72760, ,9.39, ,49.20, ,36.4, 
2005/7/29,21:00,0.0, ,72610, ,12.49, ,53.60, ,36.3, 
2005/7/29,22:00,0.0, ,72580, ,6.75, ,23.10, ,36.3, 
2005/7/29,23:00,0.0, ,72540, ,4.58, ,23.30, ,36.2, 
2005/7/29,24:00,0.0, ,72500, ,12.60, ,23.30, ,36.2, 
2005/7/30,01:00,0.0, ,72430, ,10.40, ,26.20, ,36.2, 
2005/7/30,02:00,0.0, ,72360, ,6.26, ,26.50, ,36.1, 
2005/7/30,03:00,0.0, ,72290, ,5.12, ,26.40, ,36.1, 
2005/7/30,04:00,0.0, ,72220, ,7.16, ,26.30, ,36.0, 
2005/7/30,05:00,0.0, ,72110, ,3.01, ,26.30, ,36.0, 
2005/7/30,06:00,0.0, ,72040, ,7.54, ,29.70, ,35.9, 
2005/7/30,07:00,0.0, ,71890, ,1.57, ,34.70, ,35.9, 
2005/7/30,08:00,0.0, ,71720, ,3.62, ,43.80, ,35.8, 
2005/7/30,09:00,0.0, ,71570, ,3.41, ,43.60, ,35.7, 
2005/7/30,10:00,0.0, ,71390, ,3.84, ,47.90, ,35.6, 
2005/7/30,11:00,0.0, ,71250, ,9.55, ,51.90, ,35.5, 
2005/7/30,12:00,0.0, ,71110, ,10.53, ,48.00, ,35.4, 
2005/7/30,13:00,0.1, ,70970, ,8.82, ,48.20, ,35.3, 
2005/7/30,14:00,0.0, ,70820, ,9.20, ,48.00, ,35.2, 
2005/7/30,15:00,0.0, ,70680, ,10.27, ,51.60, ,35.2, 
2005/7/30,16:00,0.0, ,70500, ,6.71, ,47.80, ,35.1, 
2005/7/30,17:00,0.0, ,70360, ,8.33, ,48.60, ,35.0, 
2005/7/30,18:00,0.0, ,70220, ,7.93, ,52.30, ,34.9, 
2005/7/30,19:00,0.0, ,70080, ,7.85, ,48.40, ,34.8, 
2005/7/30,20:00,0.0, ,69970, ,8.86, ,23.40, ,34.7, 
2005/7/30,21:00,0.0, ,69900, ,11.40, ,26.60, ,34.7, 
2005/7/30,22:00,0.0, ,69870, ,11.24, ,31.40, ,34.7, 
2005/7/30,23:00,0.0, ,69800, ,12.13, ,31.70, ,34.6, 
2005/7/30,24:00,0.0, ,69690, ,11.01, ,31.70, ,34.6, 
2005/7/31,01:00,0.0, ,69660, ,7.76, ,26.60, ,34.6, 
2005/7/31,02:00,0.0, ,69550, ,5.15, ,26.50, ,34.5, 
2005/7/31,03:00,0.0, ,69480, ,6.58, ,26.90, ,34.5, 
2005/7/31,04:00,0.0, ,69410, ,5.93, ,26.70, ,34.4, 
2005/7/31,05:00,0.0, ,69300, ,7.15, ,26.40, ,34.4, 
2005/7/31,06:00,0.0, ,69200, ,4.43, ,36.40, ,34.3, 
2005/7/31,07:00,0.0, ,69060, ,4.17, ,35.20, ,34.2, 
2005/7/31,08:00,0.0, ,68920, ,4.33, ,44.10, ,34.1, 
2005/7/31,09:00,0.0, ,68740, ,4.11, ,44.70, ,34.0, 
2005/7/31,10:00,0.0, ,68570, ,3.58, ,48.90, ,33.9, 
2005/7/31,11:00,0.1, ,68390, ,9.06, ,52.60, ,33.8, 
2005/7/31,12:00,0.0, ,68250, ,9.69, ,48.60, ,33.8, 
2005/7/31,13:00,0.0, ,68110, ,7.58, ,48.90, ,33.7, 
2005/7/31,14:00,0.0, ,67940, ,8.31, ,53.00, ,33.6, 
2005/7/31,15:00,0.0, ,67800, ,8.30, ,48.90, ,33.5, 
2005/7/31,16:00,0.0, ,67620, ,8.51, ,49.10, ,33.4, 
2005/7/31,17:00,0.0, ,67450, ,8.93, ,52.90, ,33.3, 
2005/7/31,18:00,0.0, ,67310, ,7.41, ,48.90, ,33.2, 
2005/7/31,19:00,0.0, ,67170, ,8.33, ,49.20, ,33.1, 
2005/7/31,20:00,0.0, ,67030, ,7.00, ,45.00, ,33.0, 
2005/7/31,21:00,0.0, ,66930, ,11.57, ,39.20, ,33.0, 
2005/7/31,22:00,0.0, ,66860, ,9.21, ,27.00, ,32.9, 
2005/7/31,23:00,0.0, ,66790, ,7.73, ,27.00, ,32.9, 
2005/7/31,24:00,0.0, ,66720, ,7.80, ,27.10, ,32.9, 
