îCà”ä˙ä‘É_ÉÄèîó åüçıåãâ 
êÖånñº,ãgñÏêÏ
âÕêÏñº,ãgñÏêÏ
äœë™èäñº,ëÅñæâYÉ_ÉÄÅiã@ç\Åj
äœë™èäãLçÜ,1368080700010
#
#îNåéì˙,éûçè,ó¨àÊïΩãœâJó ,ó¨àÊïΩãœâJó ëÆê´,íôêÖó ,íôêÖó ëÆê´,ó¨ì¸ó ,ó¨ì¸ó ëÆê´,ï˙ó¨ó ,ï˙ó¨ó ëÆê´,íôêÖó¶,íôêÖó¶ëÆê´
#ëÆê´Å@$:åáë™ -:ñ¢éÛêM
#
2026/4/1,01:00,0.0, ,86050, ,31.90, ,0.00, ,51.4, 
2026/4/1,02:00,0.0, ,86170, ,34.09, ,0.00, ,51.5, 
2026/4/1,03:00,0.0, ,86320, ,28.88, ,0.00, ,51.6, 
2026/4/1,04:00,0.0, ,86400, ,31.42, ,0.00, ,51.6, 
2026/4/1,05:00,0.0, ,86520, ,29.28, ,0.00, ,51.7, 
2026/4/1,06:00,0.3, ,86640, ,28.93, ,0.00, ,51.8, 
2026/4/1,07:00,0.7, ,86710, ,29.86, ,0.00, ,51.8, 
2026/4/1,08:00,0.3, ,86830, ,29.51, ,0.00, ,51.9, 
2026/4/1,09:00,0.4, ,86910, ,25.18, ,0.00, ,51.9, 
2026/4/1,10:00,0.3, ,86990, ,26.30, ,0.00, ,52.0, 
2026/4/1,11:00,2.2, ,87110, ,29.05, ,0.00, ,52.0, 
2026/4/1,12:00,2.7, ,87220, ,27.25, ,0.00, ,52.1, 
2026/4/1,13:00,2.0, ,87300, ,28.36, ,0.00, ,52.1, 
2026/4/1,14:00,2.5, ,87420, ,30.19, ,0.00, ,52.2, 
2026/4/1,15:00,1.6, ,87540, ,29.12, ,0.00, ,52.3, 
2026/4/1,16:00,2.7, ,87660, ,30.22, ,0.00, ,52.4, 
2026/4/1,17:00,2.2, ,87770, ,33.52, ,0.00, ,52.4, 
2026/4/1,18:00,1.4, ,87890, ,32.63, ,0.00, ,52.5, 
2026/4/1,19:00,1.1, ,88010, ,36.85, ,0.00, ,52.5, 
2026/4/1,20:00,0.1, ,88170, ,38.33, ,0.00, ,52.6, 
2026/4/1,21:00,0.9, ,88330, ,41.10, ,0.00, ,52.7, 
2026/4/1,22:00,0.4, ,88480, ,41.68, ,0.00, ,52.8, 
2026/4/1,23:00,0.3, ,88600, ,42.26, ,0.00, ,52.9, 
2026/4/1,24:00,0.1, ,88760, ,39.18, ,0.00, ,52.8, 
2026/4/2,01:00,0.1, ,88880, ,39.21, ,0.00, ,52.8, 
2026/4/2,02:00,0.1, ,89040, ,39.79, ,0.00, ,52.9, 
2026/4/2,03:00,0.8, ,89160, ,36.15, ,0.00, ,53.0, 
2026/4/2,04:00,0.8, ,89320, ,36.72, ,0.00, ,53.1, 
2026/4/2,05:00,0.6, ,89440, ,35.46, ,0.00, ,53.2, 
2026/4/2,06:00,0.0, ,89550, ,35.67, ,0.00, ,53.2, 
2026/4/2,07:00,0.0, ,89670, ,33.48, ,0.00, ,53.3, 
2026/4/2,08:00,0.0, ,89790, ,34.05, ,0.00, ,53.4, 
2026/4/2,09:00,0.0, ,89950, ,35.55, ,0.00, ,53.5, 
2026/4/2,10:00,0.0, ,90030, ,34.47, ,0.00, ,53.5, 
2026/4/2,11:00,0.0, ,90150, ,31.72, ,0.00, ,53.6, 
2026/4/2,12:00,0.0, ,90270, ,32.11, ,0.00, ,53.6, 
2026/4/2,13:00,0.0, ,90390, ,33.23, ,0.00, ,53.7, 
2026/4/2,14:00,0.0, ,90510, ,29.19, ,0.00, ,53.8, 
2026/4/2,15:00,0.0, ,90590, ,30.13, ,0.00, ,53.8, 
2026/4/2,16:00,0.0, ,90710, ,31.26, ,0.00, ,53.9, 
2026/4/2,17:00,0.0, ,90830, ,30.90, ,0.00, ,54.0, 
2026/4/2,18:00,0.0, ,90910, ,26.84, ,0.00, ,54.0, 
2026/4/2,19:00,0.0, ,91030, ,28.86, ,0.00, ,54.1, 
2026/4/2,20:00,0.0, ,91110, ,25.55, ,0.00, ,54.1, 
2026/4/2,21:00,0.0, ,91190, ,26.67, ,0.00, ,54.1, 
2026/4/2,22:00,0.0, ,91310, ,26.68, ,0.00, ,54.2, 
2026/4/2,23:00,0.0, ,91390, ,25.21, ,0.00, ,54.3, 
2026/4/2,24:00,0.0, ,91470, ,26.15, ,0.00, ,54.1, 
2026/4/3,01:00,0.0, ,91590, ,27.10, ,0.00, ,54.2, 
2026/4/3,02:00,0.0, ,91670, ,24.88, ,0.00, ,54.2, 
2026/4/3,03:00,0.0, ,91750, ,24.71, ,0.00, ,54.2, 
2026/4/3,04:00,0.0, ,91870, ,25.65, ,0.00, ,54.3, 
2026/4/3,05:00,0.0, ,91950, ,25.85, ,0.00, ,54.3, 
2026/4/3,06:00,0.0, ,92030, ,23.26, ,0.00, ,54.4, 
2026/4/3,07:00,0.0, ,92110, ,24.94, ,0.00, ,54.4, 
2026/4/3,08:00,0.0, ,92190, ,23.47, ,0.00, ,54.5, 
2026/4/3,09:00,0.0, ,92270, ,21.99, ,0.00, ,54.5, 
2026/4/3,10:00,0.0, ,92350, ,24.05, ,0.00, ,54.5, 
2026/4/3,11:00,0.0, ,92480, ,23.31, ,0.00, ,54.6, 
2026/4/3,12:00,0.0, ,92560, ,24.44, ,0.00, ,54.7, 
2026/4/3,13:00,0.0, ,92640, ,22.59, ,0.00, ,54.7, 
2026/4/3,14:00,0.0, ,92720, ,24.09, ,0.00, ,54.7, 
2026/4/3,15:00,0.0, ,92800, ,24.66, ,0.00, ,54.8, 
2026/4/3,16:00,0.0, ,92880, ,24.86, ,0.00, ,54.8, 
2026/4/3,17:00,0.0, ,92960, ,21.70, ,0.00, ,54.9, 
2026/4/3,18:00,0.0, ,93040, ,22.27, ,0.00, ,54.9, 
2026/4/3,19:00,0.0, ,93120, ,23.02, ,0.00, ,54.9, 
2026/4/3,20:00,0.0, ,93200, ,19.10, ,0.00, ,55.0, 
2026/4/3,21:00,0.0, ,93280, ,20.23, ,0.00, ,55.0, 
2026/4/3,22:00,0.0, ,93360, ,22.68, ,0.00, ,55.0, 
2026/4/3,23:00,0.0, ,93450, ,21.56, ,0.00, ,55.1, 
2026/4/3,24:00,0.0, ,93490, ,20.45, ,0.00, ,54.9, 
2026/4/4,01:00,0.0, ,93570, ,19.52, ,0.00, ,54.9, 
2026/4/4,02:00,0.0, ,93650, ,21.40, ,0.00, ,55.0, 
2026/4/4,03:00,0.0, ,93730, ,21.22, ,0.00, ,55.0, 
2026/4/4,04:00,0.0, ,93810, ,18.23, ,0.00, ,55.1, 
2026/4/4,05:00,0.8, ,93850, ,21.62, ,0.00, ,55.1, 
2026/4/4,06:00,1.1, ,93930, ,19.93, ,0.00, ,55.1, 
2026/4/4,07:00,2.4, ,94010, ,19.00, ,0.00, ,55.1, 
2026/4/4,08:00,4.5, ,94090, ,24.46, ,0.00, ,55.2, 
2026/4/4,09:00,8.9, ,94260, ,26.93, ,0.00, ,55.3, 
2026/4/4,10:00,9.5, ,94340, ,30.52, ,0.00, ,55.3, 
2026/4/4,11:00,8.4, ,94500, ,38.46, ,0.00, ,55.4, 
2026/4/4,12:00,9.7, ,94670, ,45.85, ,0.00, ,55.5, 
2026/4/4,13:00,14.1, ,95030, ,71.03, ,0.00, ,55.7, 
2026/4/4,14:00,17.1, ,95930, ,172.92, ,0.00, ,56.3, 
2026/4/4,15:00,6.5, ,97460, ,340.71, ,0.00, ,57.4, 
2026/4/4,16:00,3.0, ,99080, ,455.20, ,0.00, ,58.5, 
2026/4/4,17:00,0.5, ,100460, ,421.38, ,0.00, ,59.4, 
2026/4/4,18:00,1.0, ,101560, ,336.35, ,0.00, ,60.1, 
2026/4/4,19:00,0.0, ,102450, ,272.08, ,0.00, ,60.7, 
2026/4/4,20:00,0.1, ,103220, ,227.30, ,0.00, ,61.2, 
2026/4/4,21:00,0.0, ,103860, ,198.17, ,0.00, ,61.6, 
2026/4/4,22:00,0.0, ,104460, ,172.09, ,0.00, ,62.0, 
2026/4/4,23:00,0.0, ,104970, ,153.13, ,0.00, ,62.4, 
2026/4/4,24:00,0.0, ,105530, ,147.76, ,0.00, ,62.5, 
2026/4/5,01:00,0.0, ,106090, ,155.54, ,0.00, ,62.9, 
2026/4/5,02:00,0.0, ,106660, ,157.16, ,0.00, ,63.2, 
2026/4/5,03:00,0.0, ,107130, ,145.33, ,0.00, ,63.5, 
2026/4/5,04:00,0.0, ,107660, ,138.64, ,0.00, ,63.9, 
2026/4/5,05:00,0.1, ,108090, ,130.49, ,0.00, ,64.2, 
2026/4/5,06:00,0.0, ,108530, ,125.11, ,0.00, ,64.4, 
2026/4/5,07:00,0.0, ,108970, ,116.05, ,0.00, ,64.7, 
2026/4/5,08:00,0.0, ,109320, ,112.62, ,0.00, ,64.9, 
2026/4/5,09:00,0.0, ,109710, ,107.35, ,0.00, ,65.2, 
2026/4/5,10:00,0.0, ,110070, ,102.04, ,0.00, ,65.4, 
2026/4/5,11:00,0.0, ,110420, ,97.92, ,0.00, ,65.6, 
2026/4/5,12:00,0.0, ,110770, ,92.36, ,0.00, ,65.8, 
2026/4/5,13:00,0.0, ,111040, ,86.76, ,0.00, ,66.0, 
2026/4/5,14:00,0.0, ,111300, ,77.05, ,0.00, ,66.2, 
2026/4/5,15:00,0.0, ,111570, ,73.04, ,0.00, ,66.3, 
2026/4/5,16:00,0.0, ,111790, ,68.81, ,0.00, ,66.5, 
2026/4/5,17:00,0.0, ,112010, ,62.30, ,0.00, ,66.6, 
2026/4/5,18:00,0.0, ,112240, ,63.97, ,0.00, ,66.7, 
2026/4/5,19:00,0.0, ,112460, ,62.17, ,0.00, ,66.9, 
2026/4/5,20:00,0.0, ,112680, ,58.94, ,0.00, ,67.0, 
2026/4/5,21:00,0.0, ,112900, ,59.00, ,0.00, ,67.1, 
2026/4/5,22:00,0.0, ,113080, ,57.62, ,0.00, ,67.2, 
2026/4/5,23:00,0.0, ,113310, ,54.37, ,0.00, ,67.4, 
2026/4/5,24:00,0.0, ,113490, ,55.25, ,0.00, ,67.2, 
2026/4/6,01:00,0.0, ,113660, ,52.40, ,0.00, ,67.3, 
2026/4/6,02:00,0.0, ,113840, ,52.66, ,0.00, ,67.4, 
2026/4/6,03:00,0.0, ,114070, ,52.50, ,0.00, ,67.6, 
2026/4/6,04:00,0.0, ,114250, ,50.89, ,0.00, ,67.7, 
2026/4/6,05:00,0.0, ,114430, ,51.35, ,0.00, ,67.8, 
2026/4/6,06:00,0.0, ,114610, ,49.11, ,0.00, ,67.9, 
2026/4/6,07:00,0.0, ,114790, ,49.36, ,0.00, ,68.0, 
2026/4/6,08:00,0.0, ,114920, ,47.73, ,0.00, ,68.1, 
2026/4/6,09:00,0.0, ,115100, ,46.73, ,0.00, ,68.2, 
2026/4/6,10:00,0.0, ,115280, ,45.52, ,0.00, ,68.3, 
2026/4/6,11:00,0.0, ,115420, ,45.97, ,0.00, ,68.3, 
2026/4/6,12:00,0.0, ,115600, ,42.66, ,0.00, ,68.4, 
2026/4/6,13:00,0.0, ,115730, ,44.79, ,0.00, ,68.5, 
2026/4/6,14:00,0.0, ,115870, ,40.00, ,0.00, ,68.6, 
2026/4/6,15:00,0.0, ,116010, ,38.57, ,0.00, ,68.7, 
2026/4/6,16:00,0.0, ,116140, ,39.22, ,0.00, ,68.7, 
2026/4/6,17:00,0.0, ,116280, ,36.73, ,0.00, ,68.8, 
2026/4/6,18:00,0.0, ,116410, ,37.17, ,0.00, ,68.9, 
2026/4/6,19:00,0.0, ,116550, ,35.14, ,0.00, ,69.0, 
2026/4/6,20:00,0.0, ,116690, ,36.17, ,0.00, ,69.0, 
2026/4/6,21:00,0.0, ,116830, ,36.20, ,0.00, ,69.1, 
2026/4/6,22:00,0.0, ,116920, ,33.87, ,0.00, ,69.2, 
2026/4/6,23:00,0.0, ,117050, ,34.94, ,0.00, ,69.2, 
2026/4/6,24:00,0.0, ,117190, ,33.47, ,0.00, ,69.1, 
2026/4/7,01:00,0.0, ,117280, ,34.53, ,0.00, ,69.1, 
2026/4/7,02:00,0.0, ,117420, ,31.15, ,0.00, ,69.2, 
2026/4/7,03:00,0.0, ,117510, ,34.34, ,0.00, ,69.2, 
2026/4/7,04:00,0.0, ,117650, ,32.86, ,0.00, ,69.3, 
2026/4/7,05:00,0.0, ,117740, ,32.23, ,0.00, ,69.4, 
2026/4/7,06:00,0.0, ,117880, ,33.09, ,0.00, ,69.4, 
2026/4/7,07:00,0.0, ,118020, ,31.82, ,0.00, ,69.5, 
2026/4/7,08:00,0.3, ,118110, ,32.68, ,0.00, ,69.5, 
2026/4/7,09:00,0.0,-,118200, ,30.78, ,0.00, ,69.6, 
2026/4/7,10:00,0.0,-,118340, ,30.36, ,0.00, ,69.7, 
2026/4/7,11:00,0.0,-,118430, ,30.36, ,0.00, ,69.7, 
2026/4/7,12:00,0.0,-,118570, ,34.83, ,0.00, ,69.8, 
2026/4/7,13:00,0.0,-,118660, ,26.76, ,0.00, ,69.8, 
2026/4/7,14:00,0.0,-,118750, ,27.83, ,0.00, ,69.9, 
2026/4/7,15:00,0.0,-,118890, ,31.45, ,0.00, ,69.9, 
2026/4/7,16:00,0.0,-,118980, ,31.25, ,0.00, ,70.0, 
2026/4/7,17:00,0.0, ,119070, ,27.21, ,0.00, ,70.0, 
2026/4/7,18:00,0.0, ,119160, ,28.28, ,0.00, ,70.1, 
2026/4/7,19:00,0.0, ,119300, ,27.86, ,0.00, ,70.1, 
2026/4/7,20:00,0.0, ,119390, ,26.16, ,0.00, ,70.2, 
2026/4/7,21:00,0.1, ,119480, ,28.94, ,0.00, ,70.2, 
2026/4/7,22:00,0.0, ,119580, ,27.24, ,0.00, ,70.3, 
2026/4/7,23:00,0.0, ,119670, ,26.18, ,0.00, ,70.3, 
2026/4/7,24:00,0.0, ,119760, ,24.69, ,0.00, ,70.1, 
2026/4/8,01:00,0.0, ,119850, ,25.55, ,0.00, ,70.2, 
2026/4/8,02:00,0.0, ,119940, ,24.27, ,0.00, ,70.2, 
2026/4/8,03:00,0.0, ,120040, ,25.35, ,0.00, ,70.3, 
2026/4/8,04:00,0.0, ,120130, ,26.84, ,0.00, ,70.3, 
2026/4/8,05:00,0.0, ,120220, ,25.57, ,0.00, ,70.4, 
2026/4/8,06:00,0.0, ,120310, ,26.42, ,0.00, ,70.4, 
2026/4/8,07:00,0.0, ,120400, ,23.23, ,0.00, ,70.4, 
2026/4/8,08:00,0.0, ,120500, ,26.01, ,0.00, ,70.5, 
2026/4/8,09:00,0.0,-,120590, ,25.58, ,0.00, ,70.5, 
2026/4/8,10:00,0.0,-,120680, ,24.52, ,0.00, ,70.6, 
2026/4/8,11:00,0.0,-,120770, ,26.23, ,0.00, ,70.6, 
2026/4/8,12:00,0.0,-,120870, ,23.47, ,0.00, ,70.7, 
2026/4/8,13:00,0.0,-,120910, ,23.89, ,0.00, ,70.7, 
2026/4/8,14:00,0.0,-,121000, ,23.26, ,0.00, ,70.7, 
2026/4/8,15:00,0.0,-,121100, ,26.86, ,0.00, ,70.8, 
2026/4/8,16:00,0.0,-,121190, ,27.18, ,0.00, ,70.8, 
2026/4/8,17:00,0.0, ,121280, ,24.43, ,0.00, ,70.8, 
2026/4/8,18:00,0.0, ,121370, ,21.25, ,0.00, ,70.9, 
2026/4/8,19:00,0.0, ,121460, ,23.17, ,0.00, ,70.9, 
2026/4/8,20:00,0.0, ,121550, ,24.88, ,0.00, ,71.0, 
2026/4/8,21:00,0.0, ,121650, ,22.12, ,0.00, ,71.0, 
2026/4/8,22:00,0.0, ,121690, ,22.98, ,0.00, ,71.0, 
2026/4/8,23:00,0.0, ,121780, ,22.35, ,0.00, ,71.1, 
2026/4/8,24:00,0.0, ,121880, ,24.91, ,0.00, ,70.9, 
2026/4/9,01:00,0.0, ,121970, ,21.30, ,0.00, ,71.0, 
2026/4/9,02:00,0.0, ,122060, ,23.87, ,0.00, ,71.0, 
2026/4/9,03:00,0.0, ,122110, ,22.38, ,0.00, ,71.0, 
2026/4/9,04:00,0.0, ,122200, ,23.03, ,0.00, ,71.1, 
2026/4/9,05:00,0.0, ,122290, ,23.25, ,0.00, ,71.1, 
2026/4/9,06:00,0.0, ,122340, ,21.77, ,0.00, ,71.1, 
2026/4/9,07:00,0.0, ,122480, ,21.99, ,0.00, ,71.2, 
2026/4/9,08:00,0.0, ,122520, ,24.34, ,0.00, ,71.2, 
2026/4/9,09:00,0.0,-,122610, ,22.22, ,0.00, ,71.2, 
2026/4/9,10:00,0.0,-,122710, ,20.51, ,0.00, ,71.3, 
2026/4/9,11:00,0.0,-,122750, ,23.94, ,0.00, ,71.3, 
2026/4/9,12:00,0.0,-,122840, ,20.96, ,0.00, ,71.3, 
2026/4/9,13:00,0.0,-,122940, ,19.04, ,0.00, ,71.4, 
2026/4/9,14:00,0.0,-,122980, ,22.68, ,0.00, ,71.4, 
2026/4/9,15:00,0.0,-,123080, ,21.19, ,0.00, ,71.4, 
2026/4/9,16:00,0.0,-,123170, ,24.19, ,0.00, ,71.5, 
2026/4/9,17:00,1.7, ,123210, ,19.49, ,0.00, ,71.5, 
2026/4/9,18:00,2.0, ,123310, ,23.35, ,0.00, ,71.5, 
2026/4/9,19:00,6.8, ,123450, ,25.08, ,0.00, ,71.6, 
2026/4/9,20:00,3.8, ,123540, ,35.16, ,0.00, ,71.6, 
2026/4/9,21:00,0.1, ,123590, ,21.02, ,0.00, ,71.7, 
2026/4/9,22:00,1.1, ,123720, ,27.68, ,0.00, ,71.7, 
2026/4/9,23:00,0.8, ,123820, ,23.40, ,0.00, ,71.8, 
2026/4/9,24:00,1.1, ,123910, ,26.63, ,0.00, ,71.7, 
2026/4/10,01:00,1.1, ,124000, ,25.35, ,0.00, ,71.7, 
2026/4/10,02:00,1.3, ,124100, ,28.80, ,0.00, ,71.7, 
2026/4/10,03:00,1.6, ,124190, ,28.60, ,0.00, ,71.8, 
2026/4/10,04:00,7.7, ,124330, ,34.63, ,0.00, ,71.9, 
2026/4/10,05:00,9.7, ,124510, ,41.76, ,0.00, ,72.0, 
2026/4/10,06:00,12.8, ,124750, ,60.10, ,0.00, ,72.1, 
2026/4/10,07:00,12.0, ,125170, ,85.18, ,0.00, ,72.3, 
2026/4/10,08:00,4.6, ,125820, ,148.63, ,0.00, ,72.8, 
2026/4/10,09:00,6.9, ,126710, ,0.00,#,0.00,#,73.3, 
2026/4/10,10:00,3.3, ,127550, ,0.00,#,0.00,#,73.9, 
2026/4/10,11:00,0.3, ,128310, ,0.00,#,0.00,#,74.3, 
2026/4/10,12:00,0.2, ,129020, ,0.00,#,0.00,#,74.8, 
2026/4/10,13:00,0.9, ,129680, ,0.00,#,0.00,#,75.2, 
2026/4/10,14:00,0.5, ,130400, ,194.11, ,0.00, ,75.7, 
2026/4/10,15:00,0.0, ,130970, ,176.46, ,0.00, ,76.0, 
2026/4/10,16:00,0.0, ,131500, ,156.84, ,0.00, ,76.3, 
2026/4/10,17:00,0.0, ,131980, ,135.64, ,0.00, ,76.6, 
2026/4/10,18:00,0.0, ,132420, ,122.99, ,0.00, ,76.9, 
2026/4/10,19:00,0.0, ,132800, ,114.06, ,0.00, ,77.1, 
2026/4/10,20:00,0.0, ,133140, ,107.55, ,0.00, ,77.3, 
2026/4/10,21:00,0.0, ,133480, ,97.64, ,0.00, ,77.5, 
2026/4/10,22:00,0.0, ,133820, ,93.53, ,0.00, ,77.7, 
2026/4/10,23:00,0.0, ,134160, ,87.59, ,0.00, ,77.9, 
2026/4/10,24:00,0.0, ,134450, ,85.68, ,0.00, ,77.9, 
2026/4/11,01:00,0.0, ,134740, ,81.74, ,0.00, ,78.1, 
2026/4/11,02:00,0.0, ,135030, ,79.36, ,0.00, ,78.2, 
2026/4/11,03:00,0.0, ,135280, ,77.20, ,0.00, ,78.4, 
2026/4/11,04:00,0.0, ,135520, ,71.91, ,0.00, ,78.5, 
2026/4/11,05:00,0.0, ,135770, ,69.96, ,0.00, ,78.7, 
2026/4/11,06:00,0.0, ,136010, ,67.99, ,0.00, ,78.8, 
2026/4/11,07:00,0.0, ,136260, ,64.65, ,0.00, ,78.9, 
2026/4/11,08:00,0.0, ,136500, ,63.80, ,0.00, ,79.1, 
2026/4/11,09:00,0.0, ,136700, ,62.72, ,0.00, ,79.2, 
2026/4/11,10:00,0.0, ,136950, ,60.27, ,0.00, ,79.3, 
2026/4/11,11:00,0.0, ,137140, ,58.04, ,0.00, ,79.4, 
2026/4/11,12:00,0.0, ,137340, ,61.96, ,0.00, ,79.5, 
2026/4/11,13:00,0.0, ,137540, ,57.22, ,0.00, ,79.7, 
2026/4/11,14:00,0.0, ,137730, ,56.35, ,0.00, ,79.8, 
2026/4/11,15:00,0.0, ,137930, ,54.79, ,0.00, ,79.9, 
2026/4/11,16:00,0.0, ,138130, ,52.55, ,0.00, ,80.0, 
2026/4/11,17:00,0.0, ,138330, ,51.90, ,0.00, ,80.1, 
2026/4/11,18:00,0.0, ,138470, ,50.33, ,0.00, ,80.2, 
2026/4/11,19:00,0.0, ,138670, ,48.30, ,0.00, ,80.3, 
2026/4/11,20:00,0.0, ,138820, ,42.61, ,0.00, ,80.3, 
2026/4/11,21:00,0.0, ,138970, ,41.48, ,0.00, ,80.4, 
2026/4/11,22:00,0.0, ,139120, ,39.90, ,0.00, ,80.5, 
2026/4/11,23:00,0.0, ,139220, ,38.31, ,0.00, ,80.5, 
2026/4/11,24:00,0.0, ,139370, ,39.02, ,0.00, ,80.4, 
2026/4/12,01:00,0.0, ,139510, ,38.81, ,0.00, ,80.5, 
2026/4/12,02:00,0.0, ,139660, ,37.91, ,0.00, ,80.6, 
2026/4/12,03:00,0.0, ,139760, ,36.78, ,0.00, ,80.6, 
2026/4/12,04:00,0.0, ,139910, ,38.41, ,0.00, ,80.7, 
2026/4/12,05:00,0.0, ,140060, ,37.28, ,0.00, ,80.8, 
2026/4/12,06:00,0.0, ,140160, ,35.69, ,0.00, ,80.8, 
2026/4/12,07:00,0.0, ,140310, ,37.04, ,0.00, ,80.9, 
2026/4/12,08:00,0.0, ,140460, ,33.58, ,0.00, ,81.0, 
2026/4/12,09:00,0.0, ,140560, ,37.05, ,0.00, ,81.0, 
2026/4/12,10:00,0.0, ,140710, ,33.39, ,0.00, ,81.1, 
2026/4/12,11:00,0.0, ,140810, ,34.79, ,0.00, ,81.1, 
2026/4/12,12:00,0.0, ,140960, ,33.66, ,0.00, ,81.2, 
2026/4/12,13:00,0.0, ,141060, ,35.75, ,0.00, ,81.2, 
2026/4/12,14:00,0.0, ,141160, ,31.39, ,0.00, ,81.3, 
2026/4/12,15:00,0.0, ,141300, ,33.94, ,0.00, ,81.4, 
2026/4/12,16:00,0.0, ,141400, ,32.34, ,0.00, ,81.4, 
2026/4/12,17:00,0.0, ,141500, ,32.13, ,0.00, ,81.4, 
2026/4/12,18:00,0.0, ,141650, ,31.91, ,0.00, ,81.5, 
2026/4/12,19:00,0.0, ,141750, ,30.54, ,0.00, ,81.6, 
2026/4/12,20:00,0.0, ,141850, ,31.48, ,0.00, ,81.6, 
2026/4/12,21:00,0.0, ,141950, ,30.34, ,0.00, ,81.6, 
2026/4/12,22:00,0.0, ,142100, ,28.96, ,0.00, ,81.7, 
2026/4/12,23:00,0.0, ,142200, ,31.07, ,0.00, ,81.8, 
2026/4/12,24:00,0.0, ,142310, ,29.92, ,0.00, ,81.6, 
2026/4/13,01:00,0.0, ,142410, ,30.86, ,0.00, ,81.7, 
2026/4/13,02:00,0.0, ,142510, ,29.95, ,0.00, ,81.7, 
2026/4/13,03:00,0.0, ,142610, ,28.34, ,0.00, ,81.7, 
2026/4/13,04:00,0.0, ,142710, ,29.51, ,0.00, ,81.8, 
2026/4/13,05:00,0.0, ,142810, ,30.46, ,0.00, ,81.8, 
2026/4/13,06:00,0.1, ,142910, ,27.68, ,0.00, ,81.9, 
2026/4/13,07:00,0.0, ,143060, ,27.92, ,0.00, ,82.0, 
2026/4/13,08:00,0.0, ,143110, ,29.56, ,0.00, ,82.0, 
2026/4/13,09:00,0.0, ,143260, ,29.11, ,0.00, ,82.0, 
2026/4/13,10:00,0.0, ,143360, ,28.43, ,0.00, ,82.1, 
2026/4/13,11:00,0.0, ,143460, ,28.90, ,0.00, ,82.1, 
2026/4/13,12:00,0.0, ,143510, ,24.72, ,0.00, ,82.1, 
2026/4/13,13:00,0.0, ,143610, ,29.16, ,0.00, ,82.2, 
2026/4/13,14:00,0.0, ,143710, ,24.74, ,0.00, ,82.2, 
2026/4/13,15:00,0.0, ,143810, ,27.79, ,0.00, ,82.3, 
2026/4/13,16:00,0.0, ,143910, ,27.57, ,0.00, ,82.3, 
2026/4/13,17:00,0.0, ,144020, ,25.71, ,0.00, ,82.4, 
2026/4/13,18:00,0.0, ,144120, ,25.48, ,0.00, ,82.4, 
2026/4/13,19:00,0.0, ,144220, ,27.83, ,0.00, ,82.5, 
2026/4/13,20:00,0.0, ,144320, ,25.74, ,0.00, ,82.5, 
2026/4/13,21:00,0.0, ,144370, ,25.04, ,0.00, ,82.5, 
2026/4/13,22:00,0.0, ,144470, ,27.63, ,0.00, ,82.5, 
2026/4/13,23:00,0.0, ,144570, ,25.77, ,0.00, ,82.6, 
2026/4/13,24:00,0.0, ,144670, ,23.44, ,0.00, ,82.4, 
2026/4/14,01:00,0.0, ,144770, ,25.08, ,0.00, ,82.5, 
2026/4/14,02:00,0.0, ,144880, ,27.91, ,0.00, ,82.5, 
2026/4/14,03:00,0.0, ,144930, ,26.28, ,0.00, ,82.6, 
2026/4/14,04:00,0.0, ,145080, ,27.23, ,0.00, ,82.6, 
2026/4/14,05:00,0.0, ,145130, ,27.48, ,0.00, ,82.6, 
2026/4/14,06:00,0.0, ,145230, ,23.03, ,0.00, ,82.7, 
2026/4/14,07:00,0.0, ,145330, ,22.60, ,0.00, ,82.7, 
2026/4/14,08:00,0.0, ,145380, ,25.20, ,0.00, ,82.7, 
2026/4/14,09:00,0.0, ,145490, ,25.68, ,0.00, ,82.8, 
2026/4/14,10:00,0.0, ,145590, ,25.22, ,0.00, ,82.8, 
2026/4/14,11:00,0.0, ,145690, ,21.45, ,0.00, ,82.9, 
2026/4/14,12:00,0.0, ,145740, ,26.41, ,0.00, ,82.9, 
2026/4/14,13:00,0.0, ,145840, ,25.24, ,0.00, ,82.9, 
2026/4/14,14:00,0.0, ,145940, ,23.36, ,0.00, ,83.0, 
2026/4/14,15:00,0.0, ,145990, ,23.84, ,0.00, ,83.0, 
2026/4/14,16:00,0.0, ,146100, ,24.56, ,0.00, ,83.0, 
2026/4/14,17:00,0.0, ,146200, ,22.91, ,0.00, ,83.1, 
2026/4/14,18:00,0.0, ,146250, ,21.03, ,0.00, ,83.1, 
2026/4/14,19:00,1.8, ,146350, ,28.36, ,0.00, ,83.1, 
2026/4/14,20:00,1.6, ,146450, ,25.77, ,0.00, ,83.2, 
2026/4/14,21:00,0.3, ,146560, ,21.76, ,0.00, ,83.2, 
2026/4/14,22:00,2.7, ,146660, ,24.84, ,0.00, ,83.3, 
2026/4/14,23:00,0.1, ,146710, ,28.63, ,0.00, ,83.3, 
2026/4/14,24:00,0.0, ,146810, ,25.09, ,0.00, ,83.2, 
2026/4/15,01:00,0.1, ,146910, ,21.55, ,0.00, ,83.2, 
2026/4/15,02:00,0.1, ,147020, ,26.53, ,0.00, ,83.2, 
2026/4/15,03:00,0.2, ,147070, ,24.88, ,0.00, ,83.3, 
2026/4/15,04:00,0.1, ,147170, ,25.12, ,0.00, ,83.3, 
2026/4/15,05:00,0.1, ,147270, ,21.57, ,0.00, ,83.3, 
2026/4/15,06:00,0.0, ,147320, ,26.56, ,0.00, ,83.4, 
2026/4/15,07:00,0.6, ,147430, ,25.38, ,0.00, ,83.4, 
2026/4/15,08:00,0.4, ,147530, ,21.59, ,0.00, ,83.4, 
2026/4/15,09:00,0.9, ,147580, ,23.26, ,0.00, ,83.5, 
2026/4/15,10:00,1.4, ,147680, ,24.69, ,0.00, ,83.5, 
2026/4/15,11:00,2.4, ,147790, ,23.51, ,0.00, ,83.6, 
2026/4/15,12:00,1.2, ,147890, ,25.18, ,0.00, ,83.6, 
2026/4/15,13:00,2.5, ,147940, ,25.19, ,0.00, ,83.6, 
2026/4/15,14:00,2.0, ,148040, ,25.43, ,0.00, ,83.6, 
2026/4/15,15:00,3.0, ,148140, ,29.48, ,0.00, ,83.7, 
2026/4/15,16:00,1.8, ,148300, ,29.50, ,0.00, ,83.8, 
2026/4/15,17:00,0.0, ,148350, ,29.74, ,0.00, ,83.8, 
2026/4/15,18:00,0.0, ,148450, ,24.99, ,0.00, ,83.8, 
2026/4/15,19:00,0.5, ,148560, ,32.86, ,0.00, ,83.9, 
2026/4/15,20:00,0.1, ,148660, ,25.49, ,0.00, ,83.9, 
2026/4/15,21:00,0.1, ,148760, ,27.88, ,0.00, ,84.0, 
2026/4/15,22:00,0.1, ,148860, ,28.13, ,0.00, ,84.0, 
2026/4/15,23:00,0.4, ,148970, ,22.65, ,0.00, ,84.0, 
2026/4/15,24:00,0.5, ,149070, ,26.95, ,0.00, ,83.9, 
2026/4/16,01:00,0.3, ,149120, ,27.20, ,0.00, ,83.9, 
2026/4/16,02:00,0.1, ,149230, ,25.30, ,0.00, ,84.0, 
2026/4/16,03:00,0.2, ,149280, ,21.01, ,0.00, ,84.0, 
2026/4/16,04:00,0.0, ,149380, ,22.45, ,0.00, ,84.0, 
2026/4/16,05:00,0.0, ,149430, ,18.15, ,0.00, ,84.1, 
2026/4/16,06:00,0.0, ,149480, ,14.09, ,0.00, ,84.1, 
2026/4/16,07:00,0.0, ,149530, ,10.03, ,0.00, ,84.1, 
2026/4/16,08:00,0.0, ,149590, ,11.71, ,0.00, ,84.1, 
2026/4/16,09:00,0.0, ,149640, ,0.00,#,0.00,#,84.1, 
2026/4/16,10:00,0.0, ,149690, ,0.00,#,0.00,#,84.1, 
2026/4/16,11:00,0.0, ,149740, ,0.00,#,0.00,#,84.1, 
2026/4/16,12:00,0.0, ,149840, ,0.00,#,0.00,#,84.2, 
2026/4/16,13:00,0.0, ,149900, ,0.00,#,0.00,#,84.2, 
2026/4/16,14:00,0.0, ,150000, ,0.00,#,0.00,#,84.2, 
2026/4/16,15:00,0.0, ,150050, ,0.00,#,0.00,#,84.2, 
2026/4/16,16:00,0.0, ,150150, ,0.00,#,0.00,#,84.3, 
2026/4/16,17:00,0.0, ,150210, ,21.31, ,0.00, ,84.3, 
2026/4/16,18:00,0.0, ,150310, ,21.80, ,0.00, ,84.3, 
2026/4/16,19:00,0.0, ,150360, ,18.68, ,0.00, ,84.3, 
2026/4/16,20:00,0.0, ,150410, ,14.83, ,0.00, ,84.4, 
2026/4/16,21:00,0.0, ,150460, ,17.46, ,0.00, ,84.4, 
2026/4/16,22:00,0.0, ,150520, ,17.95, ,0.00, ,84.4, 
2026/4/16,23:00,0.0, ,150570, ,17.95, ,0.00, ,84.4, 
2026/4/16,24:00,0.0, ,150670, ,18.91, ,0.00, ,84.3, 
2026/4/17,01:00,0.0, ,150720, ,17.48, ,0.00, ,84.3, 
2026/4/17,02:00,0.0, ,150780, ,20.12, ,0.00, ,84.3, 
2026/4/17,03:00,0.0, ,150880, ,15.10, ,0.00, ,84.4, 
2026/4/17,04:00,0.0, ,150880, ,13.90, ,0.00, ,84.3, 
2026/4/17,05:00,0.0, ,150930, ,10.79, ,0.00, ,84.3, 
2026/4/17,06:00,0.0, ,150980, ,6.95, ,0.00, ,84.4, 
2026/4/17,07:00,0.0, ,150980, ,11.03, ,0.00, ,84.3, 
2026/4/17,08:00,0.0, ,151030, ,7.67, ,0.00, ,84.3, 
2026/4/17,09:00,0.0, ,151090, ,7.91, ,0.00, ,84.4, 
2026/4/17,10:00,0.0, ,151140, ,17.27, ,0.00, ,84.4, 
2026/4/17,11:00,0.0, ,151190, ,15.83, ,0.00, ,84.4, 
2026/4/17,12:00,0.0, ,151240, ,16.80, ,0.00, ,84.4, 
2026/4/17,13:00,0.0, ,151290, ,19.68, ,0.00, ,84.4, 
2026/4/17,14:00,0.0, ,151350, ,13.21, ,0.00, ,84.4, 
2026/4/17,15:00,0.0, ,151450, ,21.62, ,0.00, ,84.5, 
2026/4/17,16:00,0.0, ,151550, ,19.22, ,0.00, ,84.5, 
2026/4/17,17:00,0.0, ,151600, ,23.07, ,0.00, ,84.5, 
2026/4/17,18:00,0.0, ,151660, ,12.98, ,0.00, ,84.5, 
2026/4/17,19:00,0.0, ,151710, ,20.20, ,0.00, ,84.5, 
2026/4/17,20:00,0.0, ,151760, ,18.28, ,0.00, ,84.6, 
2026/4/17,21:00,0.0, ,151810, ,15.88, ,0.00, ,84.6, 
2026/4/17,22:00,0.0, ,151920, ,14.92, ,0.00, ,84.6, 
2026/4/17,23:00,0.3, ,151970, ,21.18, ,0.00, ,84.6, 
2026/4/17,24:00,0.0, ,152020, ,18.06, ,0.00, ,84.5, 
2026/4/18,01:00,0.6, ,152070, ,14.69, ,0.00, ,84.5, 
2026/4/18,02:00,0.8, ,152180, ,19.75, ,0.00, ,84.5, 
2026/4/18,03:00,0.3, ,152180, ,12.29, ,0.00, ,84.5, 
2026/4/18,04:00,0.8, ,152230, ,14.46, ,0.00, ,84.5, 
2026/4/18,05:00,0.3, ,152280, ,6.51, ,0.00, ,84.5, 
2026/4/18,06:00,0.2, ,152280, ,9.16, ,0.00, ,84.5, 
2026/4/18,07:00,0.1, ,152330, ,8.44, ,0.00, ,84.5, 
2026/4/18,08:00,0.0, ,152330, ,6.27, ,0.00, ,84.5, 
2026/4/18,09:00,0.5, ,152380, ,11.33, ,0.00, ,84.5, 
2026/4/18,10:00,0.0, ,152440, ,12.30, ,0.00, ,84.5, 
2026/4/18,11:00,0.0, ,152540, ,18.09, ,0.00, ,84.6, 
2026/4/18,12:00,0.0, ,152590, ,20.51, ,0.00, ,84.6, 
2026/4/18,13:00,0.0, ,152650, ,15.69, ,0.00, ,84.6, 
2026/4/18,14:00,0.0, ,152700, ,17.38, ,0.00, ,84.6, 
2026/4/18,15:00,0.0, ,152750, ,15.46, ,0.00, ,84.6, 
2026/4/18,16:00,0.0, ,152850, ,17.87, ,0.00, ,84.7, 
2026/4/18,17:00,0.0, ,152910, ,20.54, ,0.00, ,84.7, 
2026/4/18,18:00,0.0, ,152960, ,17.88, ,0.00, ,84.7, 
2026/4/18,19:00,0.1, ,153010, ,13.78, ,0.00, ,84.7, 
2026/4/18,20:00,0.0, ,153060, ,17.89, ,0.00, ,84.7, 
2026/4/18,21:00,0.0, ,153120, ,15.96, ,0.00, ,84.7, 
2026/4/18,22:00,0.0, ,153170, ,17.17, ,0.00, ,84.7, 
2026/4/18,23:00,0.0, ,153220, ,15.73, ,0.00, ,84.7, 
2026/4/18,24:00,0.0, ,153320, ,16.21, ,0.00, ,84.7, 
2026/4/19,01:00,0.0, ,153380, ,16.70, ,0.00, ,84.7, 
2026/4/19,02:00,0.0, ,153430, ,14.77, ,0.00, ,84.7, 
2026/4/19,03:00,0.0, ,153480, ,14.77, ,0.00, ,84.7, 
2026/4/19,04:00,0.0, ,153480, ,6.05, ,0.00, ,84.7, 
2026/4/19,05:00,0.0, ,153530, ,15.75, ,0.00, ,84.7, 
2026/4/19,06:00,0.0, ,153590, ,1.94, ,0.00, ,84.7, 
2026/4/19,07:00,0.0, ,153590, ,14.06, ,0.00, ,84.7, 
2026/4/19,08:00,0.0, ,153590, ,0.00, ,0.00, ,84.7, 
2026/4/19,09:00,0.0, ,153640, ,12.12, ,0.00, ,84.7, 
2026/4/19,10:00,0.0, ,153690, ,10.42, ,0.00, ,84.7, 
2026/4/19,11:00,0.0, ,153740, ,14.06, ,0.00, ,84.7, 
2026/4/19,12:00,0.0, ,153800, ,17.70, ,0.00, ,84.7, 
2026/4/19,13:00,0.0, ,153850, ,13.82, ,0.00, ,84.7, 
2026/4/19,14:00,0.0, ,153900, ,17.71, ,0.00, ,84.7, 
2026/4/19,15:00,0.0, ,154000, ,16.50, ,0.00, ,84.8, 
2026/4/19,16:00,0.0, ,154060, ,17.72, ,0.00, ,84.8, 
2026/4/19,17:00,0.0, ,154110, ,12.38, ,0.00, ,84.8, 
2026/4/19,18:00,0.0, ,154160, ,19.67, ,0.00, ,84.8, 
2026/4/19,19:00,0.0, ,154270, ,18.22, ,0.00, ,84.9, 
2026/4/19,20:00,0.0, ,154270, ,12.88, ,0.00, ,84.8, 
2026/4/19,21:00,0.0, ,154370, ,17.25, ,0.00, ,84.9, 
2026/4/19,22:00,0.0, ,154370, ,13.12, ,0.00, ,84.9, 
2026/4/19,23:00,0.0, ,154480, ,17.99, ,0.00, ,84.9, 
2026/4/19,24:00,0.0, ,154480, ,13.37, ,0.00, ,84.8, 
2026/4/20,01:00,0.0, ,154580, ,18.97, ,0.00, ,84.8, 
2026/4/20,02:00,0.0, ,154580, ,11.19, ,0.00, ,84.8, 
2026/4/20,03:00,0.3, ,154630, ,12.90, ,0.00, ,84.8, 
2026/4/20,04:00,0.6, ,154690, ,6.57, ,0.00, ,84.8, 
2026/4/20,05:00,0.1, ,154690, ,11.44, ,0.00, ,84.8, 
2026/4/20,06:00,0.0, ,154740, ,3.90, ,0.00, ,84.8, 
2026/4/20,07:00,0.0, ,154740, ,9.74, ,0.00, ,84.8, 
2026/4/20,08:00,0.0, ,154740, ,1.95, ,0.00, ,84.8, 
2026/4/20,09:00,0.0, ,154790, ,10.96, ,0.00, ,84.8, 
2026/4/20,10:00,0.0, ,154850, ,7.31, ,0.00, ,84.8, 
2026/4/20,11:00,0.0, ,154900, ,16.56, ,0.00, ,84.8, 
2026/4/20,12:00,0.2, ,154950, ,14.13, ,0.00, ,84.8, 
2026/4/20,13:00,0.4, ,155000, ,18.28, ,0.00, ,84.8, 
2026/4/20,14:00,1.7, ,155060, ,16.08, ,0.00, ,84.8, 
2026/4/20,15:00,0.7, ,155110, ,16.33, ,0.00, ,84.8, 
2026/4/20,16:00,0.3, ,155210, ,19.02, ,0.00, ,84.9, 
2026/4/20,17:00,0.5, ,155270, ,14.14, ,0.00, ,84.9, 
2026/4/20,18:00,0.2, ,155320, ,18.06, ,0.00, ,84.9, 
2026/4/20,19:00,0.0, ,155370, ,15.86, ,0.00, ,84.9, 
2026/4/20,20:00,0.0, ,155420, ,14.64, ,0.00, ,84.9, 
2026/4/20,21:00,0.0, ,155480, ,16.60, ,0.00, ,85.0, 
2026/4/20,22:00,0.0, ,155530, ,13.67, ,0.00, ,85.0, 
2026/4/20,23:00,0.0, ,155640, ,19.32, ,0.00, ,85.0, 
2026/4/20,24:00,0.0, ,155640, ,14.68, ,0.00, ,84.9, 
2026/4/21,01:00,0.1, ,155690, ,13.95, ,0.00, ,84.9, 
2026/4/21,02:00,0.3, ,155740, ,15.18, ,0.00, ,84.9, 
2026/4/21,03:00,1.1, ,155790, ,13.96, ,0.00, ,84.9, 
2026/4/21,04:00,0.1, ,155850, ,5.39, ,0.00, ,84.9, 
2026/4/21,05:00,0.0, ,155850, ,12.49, ,0.00, ,84.9, 
2026/4/21,06:00,0.0, ,155850, ,1.96, ,0.00, ,84.9, 
2026/4/21,07:00,0.0, ,155900, ,10.78, ,0.00, ,84.9, 
2026/4/21,08:00,0.0, ,155950, ,3.68, ,0.00, ,84.9, 
2026/4/21,09:00,0.0, ,155950, ,7.35, ,0.00, ,84.9, 
2026/4/21,10:00,0.0, ,156010, ,11.52, ,0.00, ,84.9, 
2026/4/21,11:00,0.0, ,156060, ,16.17, ,0.00, ,84.9, 
2026/4/21,12:00,0.0, ,156110, ,16.42, ,0.00, ,84.9, 
2026/4/21,13:00,0.0, ,156160, ,15.45, ,0.00, ,84.9, 
2026/4/21,14:00,0.0, ,156220, ,13.24, ,0.00, ,85.0, 
2026/4/21,15:00,0.0, ,156320, ,19.13, ,0.00, ,85.0, 
2026/4/21,16:00,0.0, ,156320, ,15.70, ,0.00, ,85.0, 
2026/4/21,17:00,0.0, ,156380, ,12.76, ,0.00, ,85.0, 
2026/4/21,18:00,0.0, ,156430, ,12.27, ,0.00, ,85.0, 
2026/4/21,19:00,0.0, ,156480, ,13.98, ,0.00, ,85.0, 
2026/4/21,20:00,0.0, ,156540, ,13.25, ,0.00, ,85.0, 
2026/4/21,21:00,0.0, ,156590, ,14.48, ,0.00, ,85.0, 
2026/4/21,22:00,0.0, ,156640, ,13.50, ,0.00, ,85.0, 
2026/4/21,23:00,0.0, ,156690, ,14.73, ,0.00, ,85.1, 
2026/4/21,24:00,0.0, ,156750, ,12.77, ,0.00, ,85.0, 
2026/4/22,01:00,0.0, ,156800, ,13.51, ,0.00, ,85.0, 
2026/4/22,02:00,0.0, ,156800, ,11.30, ,0.00, ,85.0, 
2026/4/22,03:00,0.0, ,156850, ,10.81, ,0.00, ,85.0, 
2026/4/22,04:00,0.0, ,156850, ,4.91, ,0.00, ,85.0, 
2026/4/22,05:00,0.0, ,156910, ,8.84, ,0.00, ,85.0, 
2026/4/22,06:00,0.0, ,156910, ,5.90, ,0.00, ,85.0, 
2026/4/22,07:00,0.0, ,156910, ,0.49, ,0.00, ,84.9, 
2026/4/22,08:00,0.0, ,156960, ,9.83, ,0.00, ,84.9, 
2026/4/22,09:00,0.0,-,156960, ,0.00,#,0.00,#,84.9, 
2026/4/22,10:00,0.0,-,157010, ,0.00,#,0.00,#,84.9, 
2026/4/22,11:00,0.0,-,157070, ,0.00,#,0.00,#,85.0, 
2026/4/22,12:00,0.0,-,157120, ,0.00,#,0.00,#,85.0, 
2026/4/22,13:00,0.0,-,157170, ,0.00,#,0.00,#,85.0, 
2026/4/22,14:00,0.0,-,157230, ,14.27, ,0.00, ,85.0, 
2026/4/22,15:00,0.0,-,157280, ,13.28, ,0.00, ,85.0, 
2026/4/22,16:00,0.0,-,157330, ,15.25, ,0.00, ,85.0, 
2026/4/22,17:00,0.0, ,157390, ,14.27, ,0.00, ,85.0, 
2026/4/22,18:00,0.0, ,157440, ,14.03, ,0.00, ,85.0, 
2026/4/22,19:00,0.0, ,157490, ,16.00, ,0.00, ,85.0, 
2026/4/22,20:00,0.0, ,157540, ,11.57, ,0.00, ,85.1, 
2026/4/22,21:00,0.0, ,157600, ,16.74, ,0.00, ,85.1, 
2026/4/22,22:00,0.0, ,157650, ,13.06, ,0.00, ,85.1, 
2026/4/22,23:00,0.0, ,157700, ,14.53, ,0.00, ,85.1, 
2026/4/22,24:00,0.6, ,157760, ,15.27, ,0.00, ,85.0, 
2026/4/23,01:00,0.3, ,157810, ,11.83, ,0.00, ,85.0, 
2026/4/23,02:00,0.4, ,157810, ,11.59, ,0.00, ,85.0, 
2026/4/23,03:00,2.2, ,157860, ,12.82, ,0.00, ,85.0, 
2026/4/23,04:00,1.8, ,157920, ,6.90, ,0.00, ,85.0, 
2026/4/23,05:00,3.1, ,157920, ,9.86, ,0.00, ,85.0, 
2026/4/23,06:00,6.8, ,157970, ,11.34, ,0.00, ,85.0, 
2026/4/23,07:00,7.5, ,158020, ,14.55, ,0.00, ,85.0, 
2026/4/23,08:00,4.9, ,158080, ,16.28, ,0.00, ,85.1, 
2026/4/23,09:00,6.0, ,158180, ,15.05, ,0.00, ,85.1, 
2026/4/23,10:00,9.5, ,158290, ,31.34, ,0.00, ,85.1, 
2026/4/23,11:00,6.6, ,158500, ,43.70, ,0.00, ,85.3, 
2026/4/23,12:00,6.8, ,158720, ,57.30, ,0.00, ,85.4, 
2026/4/23,13:00,5.6, ,159090, ,84.55, ,0.00, ,85.6, 
2026/4/23,14:00,4.6, ,159520, ,110.13, ,0.00, ,85.8, 
2026/4/23,15:00,2.1, ,159950, ,116.96, ,0.00, ,86.1, 
2026/4/23,16:00,2.0, ,160380, ,120.09, ,0.00, ,86.3, 
2026/4/23,17:00,2.2, ,160750, ,114.29, ,0.00, ,86.5, 
2026/4/23,18:00,0.0, ,161070, ,100.20, ,0.00, ,86.7, 
2026/4/23,19:00,0.0, ,161400, ,90.75, ,0.00, ,86.8, 
2026/4/23,20:00,0.0, ,161670, ,78.90, ,0.00, ,87.0, 
2026/4/23,21:00,0.0, ,161940, ,73.50, ,0.00, ,87.1, 
2026/4/23,22:00,0.0, ,162150, ,65.09, ,0.00, ,87.2, 
2026/4/23,23:00,0.0, ,162370, ,59.15, ,0.00, ,87.4, 
2026/4/23,24:00,0.0, ,162530, ,56.70, ,0.00, ,87.3, 
2026/4/24,01:00,0.0, ,162740, ,50.00, ,0.00, ,87.4, 
2026/4/24,02:00,0.0, ,162910, ,49.03, ,0.00, ,87.5, 
2026/4/24,03:00,0.0, ,163070, ,46.55, ,0.00, ,87.6, 
2026/4/24,04:00,0.0, ,163230, ,42.58, ,0.00, ,87.6, 
2026/4/24,05:00,0.0, ,163340, ,41.85, ,0.00, ,87.7, 
2026/4/24,06:00,0.0, ,163500, ,40.37, ,0.00, ,87.8, 
2026/4/24,07:00,0.0, ,163660, ,37.88, ,0.00, ,87.8, 
2026/4/24,08:00,0.0, ,163770, ,40.16, ,0.00, ,87.9, 
2026/4/24,09:00,0.1, ,163880, ,35.16, ,0.00, ,87.9, 
2026/4/24,10:00,0.0, ,164040, ,35.18, ,0.00, ,88.0, 
2026/4/24,11:00,0.0, ,164150, ,35.69, ,0.00, ,88.0, 
2026/4/24,12:00,0.1, ,164260, ,34.20, ,0.00, ,88.1, 
2026/4/24,13:00,0.2, ,164370, ,31.20, ,0.00, ,88.1, 
2026/4/24,14:00,0.7, ,164530, ,36.25, ,0.00, ,88.2, 
2026/4/24,15:00,1.1, ,164640, ,33.50, ,0.00, ,88.3, 
2026/4/24,16:00,1.6, ,164750, ,34.01, ,0.00, ,88.3, 
2026/4/24,17:00,0.3, ,164860, ,33.27, ,0.00, ,88.3, 
2026/4/24,18:00,0.0, ,164970, ,31.77, ,0.00, ,88.4, 
2026/4/24,19:00,0.1, ,165080, ,30.27, ,0.00, ,88.4, 
2026/4/24,20:00,0.3, ,165190, ,29.02, ,0.00, ,88.5, 
2026/4/24,21:00,0.1, ,165300, ,34.08, ,0.00, ,88.5, 
2026/4/24,22:00,0.0, ,165460, ,25.26, ,0.00, ,88.6, 
2026/4/24,23:00,0.1, ,165510, ,32.34, ,0.00, ,88.6, 
2026/4/24,24:00,0.0, ,165680, ,28.31, ,0.00, ,88.5, 
2026/4/25,01:00,0.5, ,165730, ,30.34, ,0.00, ,88.5, 
2026/4/25,02:00,0.0, ,165840, ,28.84, ,0.00, ,88.6, 
2026/4/25,03:00,0.1, ,165950, ,26.32, ,0.00, ,88.7, 
2026/4/25,04:00,0.0, ,166010, ,28.86, ,0.00, ,88.7, 
2026/4/25,05:00,0.0, ,166120, ,28.11, ,0.00, ,88.8, 
2026/4/25,06:00,0.0, ,166230, ,24.83, ,0.00, ,88.8, 
2026/4/25,07:00,0.0, ,166330, ,29.65, ,0.00, ,88.9, 
2026/4/25,08:00,0.0, ,166440, ,24.61, ,0.00, ,89.0, 
2026/4/25,09:00,0.0, ,166500, ,26.14, ,0.00, ,89.0, 
2026/4/25,10:00,0.0, ,166610, ,24.63, ,0.00, ,89.1, 
2026/4/25,11:00,0.0, ,166720, ,25.65, ,0.00, ,89.1, 
2026/4/25,12:00,0.0, ,166770, ,27.18, ,0.00, ,89.2, 
2026/4/25,13:00,0.0, ,166880, ,27.70, ,0.00, ,89.2, 
2026/4/25,14:00,0.0, ,166990, ,23.13, ,0.00, ,89.3, 
2026/4/25,15:00,0.0, ,167050, ,24.92, ,0.00, ,89.3, 
2026/4/25,16:00,0.0, ,167160, ,26.45, ,0.00, ,89.4, 
2026/4/25,17:00,0.0, ,167270, ,22.65, ,0.00, ,89.5, 
2026/4/25,18:00,0.0, ,167320, ,25.45, ,0.00, ,89.5, 
2026/4/25,19:00,0.0, ,167430, ,22.91, ,0.00, ,89.6, 
2026/4/25,20:00,0.0, ,167490, ,24.96, ,0.00, ,89.6, 
2026/4/25,21:00,0.0, ,167600, ,23.94, ,0.00, ,89.7, 
2026/4/25,22:00,0.0, ,167650, ,20.64, ,0.00, ,89.7, 
2026/4/25,23:00,0.0, ,167760, ,23.19, ,0.00, ,89.8, 
2026/4/25,24:00,0.0, ,167820, ,23.96, ,0.00, ,89.6, 
2026/4/26,01:00,0.0, ,167930, ,25.50, ,0.00, ,89.7, 
2026/4/26,02:00,0.0, ,167980, ,21.17, ,0.00, ,89.7, 
2026/4/26,03:00,0.0, ,168090, ,23.22, ,0.00, ,89.8, 
2026/4/26,04:00,0.0, ,168150, ,22.46, ,0.00, ,89.8, 
2026/4/26,05:00,0.1, ,168260, ,22.47, ,0.00, ,89.9, 
2026/4/26,06:00,0.2, ,168310, ,22.47, ,0.00, ,89.9, 
2026/4/26,07:00,0.1, ,168370, ,19.92, ,0.00, ,90.0, 
2026/4/26,08:00,0.3, ,168480, ,20.95, ,0.00, ,90.0, 
2026/4/26,09:00,2.4, ,168540, ,22.74, ,0.00, ,90.1, 
2026/4/26,10:00,1.0, ,168650, ,23.52, ,0.00, ,90.1, 
2026/4/26,11:00,0.3, ,168700, ,22.24, ,0.00, ,90.2, 
2026/4/26,12:00,1.5, ,168810, ,23.53, ,0.00, ,90.2, 
2026/4/26,13:00,1.8, ,168870, ,22.00, ,0.00, ,90.3, 
2026/4/26,14:00,1.3, ,168980, ,24.05, ,0.00, ,90.3, 
2026/4/26,15:00,2.8, ,169090, ,26.11, ,0.00, ,90.4, 
2026/4/26,16:00,4.0, ,169140, ,24.58, ,0.00, ,90.4, 
2026/4/26,17:00,6.0, ,169250, ,28.17, ,0.00, ,90.5, 
2026/4/26,18:00,5.0, ,169360, ,29.98, ,0.00, ,90.6, 
2026/4/26,19:00,9.8, ,169530, ,35.12, ,0.00, ,90.7, 
2026/4/26,20:00,11.4, ,169810, ,55.39, ,0.00, ,90.8, 
2026/4/26,21:00,13.9, ,170200, ,94.21, ,0.00, ,91.1, 
2026/4/26,22:00,9.7, ,171030, ,171.49, ,0.00, ,91.6, 
2026/4/26,23:00,1.3, ,172030, ,254.12, ,0.00, ,92.2, 
2026/4/26,24:00,0.2, ,173150, ,303.80, ,0.00, ,92.7, 
2026/4/27,01:00,1.2, ,174330, ,319.93, ,0.00, ,93.4, 
2026/4/27,02:00,2.1, ,175230, ,292.92, ,0.00, ,93.9, 
2026/4/27,03:00,3.6, ,176080, ,240.01, ,0.00, ,94.5, 
2026/4/27,04:00,0.8, ,176820, ,212.09, ,0.00, ,94.9, 
2026/4/27,05:00,0.0, ,177550, ,204.45, ,0.00, ,95.3, 
2026/4/27,06:00,0.0, ,178180, ,185.89, ,18.80, ,95.7, 
2026/4/27,07:00,0.0, ,178630, ,175.37, ,47.20, ,96.0, 
2026/4/27,08:00,0.0, ,179030, ,158.85, ,57.30, ,96.2, 
2026/4/27,09:00,0.0, ,179320, ,151.64, ,58.40, ,96.4, 
2026/4/27,10:00,0.0, ,179600, ,139.10, ,58.40, ,96.6, 
2026/4/27,11:00,0.0, ,179830, ,133.03, ,58.50, ,96.7, 
2026/4/27,12:00,0.0, ,180060, ,124.39, ,58.30, ,96.8, 
2026/4/27,13:00,0.0, ,180290, ,118.07, ,59.10, ,97.0, 
2026/4/27,14:00,0.0, ,180520, ,116.00, ,58.80, ,97.1, 
2026/4/27,15:00,0.0, ,180640, ,105.72, ,58.60, ,97.2, 
2026/4/27,16:00,0.0, ,180810, ,101.77, ,58.90, ,97.3, 
2026/4/27,17:00,0.0, ,180920, ,97.17, ,59.60, ,97.4, 
2026/4/27,18:00,0.0, ,181040, ,95.35, ,59.00, ,97.4, 
2026/4/27,19:00,0.0, ,181150, ,88.63, ,59.10, ,97.5, 
2026/4/27,20:00,0.0, ,181210, ,84.17, ,59.10, ,97.5, 
2026/4/27,21:00,0.0, ,181320, ,85.50, ,59.00, ,97.6, 
2026/4/27,22:00,0.0, ,181380, ,80.68, ,59.10, ,97.6, 
2026/4/27,23:00,0.0, ,181500, ,86.56, ,59.00, ,97.7, 
2026/4/27,24:00,0.0, ,181550, ,80.65, ,59.00, ,99.8, 
2026/4/28,01:00,0.0, ,181610, ,74.51, ,59.20, ,99.8, 
2026/4/28,02:00,0.0, ,181670, ,72.11, ,59.10, ,99.8, 
2026/4/28,03:00,0.0, ,181730, ,70.50, ,59.10, ,99.9, 
2026/4/28,04:00,0.0, ,181730, ,72.93, ,59.10, ,99.9, 
2026/4/28,05:00,0.0, ,181780, ,69.76, ,59.10, ,99.9, 
2026/4/28,06:00,0.0, ,181840, ,66.86, ,59.00, ,99.9, 
2026/4/28,07:00,0.0, ,181840, ,71.86, ,59.00, ,99.9, 
2026/4/28,08:00,0.0, ,181840, ,60.07, ,58.40, ,99.9, 
2026/4/28,09:00,0.0, ,181840, ,59.32, ,59.30, ,99.9, 
2026/4/28,10:00,0.0, ,181840, ,59.32, ,58.60, ,99.9, 
2026/4/28,11:00,0.0, ,181900, ,66.65, ,59.50, ,100.0, 
2026/4/28,12:00,0.0, ,181900, ,61.90, ,58.90, ,100.0, 
2026/4/28,13:00,0.0, ,181900, ,63.91, ,59.40, ,100.0, 
2026/4/28,14:00,0.0, ,181900, ,59.21, ,58.90, ,100.0, 
2026/4/28,15:00,0.0, ,181900, ,59.12, ,59.50, ,100.0, 
2026/4/28,16:00,0.0, ,181900, ,59.25, ,58.90, ,100.0, 
2026/4/28,17:00,0.0, ,181840, ,53.68, ,59.10, ,99.9, 
2026/4/28,18:00,0.0, ,181840, ,50.28, ,59.10, ,99.9, 
2026/4/28,19:00,0.0, ,181780, ,51.40, ,59.20, ,99.9, 
2026/4/28,20:00,0.0, ,181730, ,45.25, ,59.10, ,99.9, 
2026/4/28,21:00,0.0, ,181670, ,46.31, ,59.10, ,99.8, 
2026/4/28,22:00,0.0, ,181610, ,42.83, ,59.00, ,99.8, 
2026/4/28,23:00,0.0, ,181550, ,41.20, ,59.00, ,99.8, 
2026/4/28,24:00,0.0, ,181500, ,47.81, ,58.40, ,100.0, 
2026/4/29,01:00,0.0, ,181500, ,40.35, ,55.90, ,100.0, 
2026/4/29,02:00,0.0, ,181440, ,41.24, ,54.10, ,100.0, 
2026/4/29,03:00,0.0, ,181380, ,44.26, ,54.10, ,99.9, 
2026/4/29,04:00,0.0, ,181320, ,42.15, ,54.10, ,99.9, 
2026/4/29,05:00,0.0, ,181320, ,40.55, ,54.10, ,99.9, 
2026/4/29,06:00,0.0, ,181270, ,39.75, ,45.70, ,99.9, 
2026/4/29,07:00,0.0, ,181270, ,42.56, ,34.60, ,99.9, 
2026/4/29,08:00,0.0, ,181270, ,34.65, ,34.70, ,99.9, 
2026/4/29,09:00,0.0, ,181270, ,34.58, ,34.80, ,99.9, 
2026/4/29,10:00,0.0, ,181270, ,34.63, ,34.70, ,99.9, 
2026/4/29,11:00,0.0, ,181270, ,36.24, ,35.00, ,99.9, 
2026/4/29,12:00,0.0, ,181270, ,38.54, ,35.00, ,99.9, 
2026/4/29,13:00,0.0, ,181270, ,37.14, ,37.20, ,99.9, 
2026/4/29,14:00,0.0, ,181320, ,37.36, ,34.40, ,99.9, 
2026/4/29,15:00,0.0, ,181270, ,29.35, ,34.90, ,99.9, 
2026/4/29,16:00,0.0, ,181270, ,31.27, ,43.90, ,99.9, 
2026/4/29,17:00,0.0, ,181210, ,39.09, ,53.60, ,99.8, 
2026/4/29,18:00,0.0, ,181150, ,34.03, ,53.50, ,99.8, 
2026/4/29,19:00,0.0, ,181090, ,37.39, ,55.90, ,99.8, 
2026/4/29,20:00,0.0, ,181040, ,35.95, ,53.90, ,99.7, 
2026/4/29,21:00,0.0, ,180920, ,33.48, ,53.90, ,99.7, 
2026/4/29,22:00,0.0, ,180860, ,35.79, ,47.20, ,99.6, 
2026/4/29,23:00,0.0, ,180860, ,33.56, ,34.80, ,99.6, 
2026/4/29,24:00,0.1, ,180860, ,35.52, ,52.80, ,100.0, 
2026/4/30,01:00,0.0, ,180750, ,26.90, ,58.20, ,99.9, 
2026/4/30,02:00,0.1, ,180690, ,35.53, ,42.40, ,99.9, 
2026/4/30,03:00,1.6, ,180640, ,27.02, ,52.90, ,99.9, 
2026/4/30,04:00,2.5, ,180580, ,39.35, ,58.50, ,99.8, 
2026/4/30,05:00,2.9, ,180460, ,38.15, ,58.30, ,99.8, 
2026/4/30,06:00,2.8, ,180410, ,35.37, ,43.30, ,99.7, 
2026/4/30,07:00,2.3, ,180410, ,35.89, ,37.00, ,99.7, 
2026/4/30,08:00,1.9, ,180410, ,36.11, ,34.80, ,99.7, 
2026/4/30,09:00,1.1, ,180410, ,34.67, ,35.30, ,99.7, 
2026/4/30,10:00,1.9, ,180410, ,37.40, ,39.20, ,99.7, 
2026/4/30,11:00,2.6, ,180410, ,38.16, ,36.90, ,99.7, 
2026/4/30,12:00,3.5, ,180410, ,36.22, ,51.20, ,99.7, 
2026/4/30,13:00,3.3, ,180410, ,46.69, ,58.40, ,99.7, 
2026/4/30,14:00,1.9, ,180350, ,45.43, ,42.60, ,99.7, 
2026/4/30,15:00,0.4, ,180410, ,50.21, ,37.20, ,99.7, 
2026/4/30,16:00,1.1, ,180520, ,61.64, ,34.90, ,99.8, 
2026/4/30,17:00,2.0, ,180640, ,67.71, ,34.80, ,99.9, 
2026/4/30,18:00,1.9, ,180750, ,68.29, ,34.90, ,99.9, 
2026/4/30,19:00,3.5, ,180920, ,75.25, ,34.50, ,100.0, 
2026/4/30,20:00,2.8, ,181090, ,74.02, ,34.60, ,100.0, 
2026/4/30,21:00,6.5, ,181210, ,81.01, ,52.80, ,100.0, 
2026/4/30,22:00,1.8, ,181440, ,89.69, ,57.90, ,100.0, 
2026/4/30,23:00,2.0, ,181610, ,114.17, ,57.90, ,100.0, 
2026/4/30,24:00,1.5, ,181960, ,139.88, ,43.70, ,100.0, 
