îCà”ä˙ä‘É_ÉÄèîó åüçıåãâ 
êÖånñº,ãgñÏêÏ
âÕêÏñº,ãgñÏêÏ
äœë™èäñº,ëÅñæâYÉ_ÉÄÅiã@ç\Åj
äœë™èäãLçÜ,1368080700010
#
#îNåéì˙,éûçè,ó¨àÊïΩãœâJó ,ó¨àÊïΩãœâJó ëÆê´,íôêÖó ,íôêÖó ëÆê´,ó¨ì¸ó ,ó¨ì¸ó ëÆê´,ï˙ó¨ó ,ï˙ó¨ó ëÆê´,íôêÖó¶,íôêÖó¶ëÆê´
#ëÆê´Å@$:åáë™ -:ñ¢éÛêM
#
2010/1/1,01:00,0.0, ,117880, ,1.49, ,0.00, ,97.6, 
2010/1/1,02:00,0.0, ,117880, ,2.55, ,0.00, ,97.6, 
2010/1/1,03:00,0.0, ,117880, ,0.00, ,0.00, ,97.6, 
2010/1/1,04:00,0.0, ,117920, ,11.46, ,0.00, ,97.7, 
2010/1/1,05:00,0.0, ,117920, ,1.27, ,0.00, ,97.7, 
2010/1/1,06:00,0.0, ,117920, ,0.00, ,0.00, ,97.7, 
2010/1/1,07:00,0.0, ,117920, ,0.00, ,0.00, ,97.7, 
2010/1/1,08:00,0.0, ,117920, ,0.06, ,3.30, ,97.7, 
2010/1/1,09:00,0.0, ,117830, ,6.97, ,29.40, ,97.6, 
2010/1/1,10:00,0.0, ,117740, ,3.90, ,34.10, ,97.5, 
2010/1/1,11:00,0.0, ,117740, ,3.90, ,0.00, ,97.5, 
2010/1/1,12:00,0.0, ,117740, ,0.01, ,0.00, ,97.5, 
2010/1/1,13:00,0.0, ,117740, ,0.00, ,0.00, ,97.5, 
2010/1/1,14:00,0.0, ,117790, ,9.97, ,0.00, ,97.5, 
2010/1/1,15:00,0.0, ,117830, ,3.39, ,0.00, ,97.6, 
2010/1/1,16:00,0.0, ,117830, ,12.09, ,0.00, ,97.6, 
2010/1/1,17:00,0.0, ,117880, ,8.96, ,3.10, ,97.6, 
2010/1/1,18:00,0.0, ,117830, ,14.68, ,29.20, ,97.6, 
2010/1/1,19:00,0.0, ,117650, ,5.88, ,58.60, ,97.4, 
2010/1/1,20:00,0.0, ,117470, ,6.84, ,58.80, ,97.2, 
2010/1/1,21:00,0.0, ,117240, ,5.20, ,59.00, ,97.0, 
2010/1/1,22:00,0.0, ,117150, ,3.52, ,19.30, ,96.9, 
2010/1/1,23:00,0.0, ,117150, ,0.01, ,0.00, ,96.9, 
2010/1/1,24:00,0.0, ,117150, ,0.00, ,0.00, ,96.9, 
2010/1/2,01:00,0.0, ,117150, ,0.00, ,0.00, ,96.9, 
2010/1/2,02:00,0.0, ,117150, ,0.00, ,0.00, ,96.9, 
2010/1/2,03:00,0.0, ,117150, ,0.00, ,0.00, ,96.9, 
2010/1/2,04:00,0.0, ,117150, ,0.00, ,0.00, ,96.9, 
2010/1/2,05:00,0.0, ,117150, ,0.00, ,0.00, ,96.9, 
2010/1/2,06:00,0.0, ,117150, ,0.00, ,0.00, ,96.9, 
2010/1/2,07:00,0.0, ,117150, ,0.00, ,0.00, ,96.9, 
2010/1/2,08:00,0.0, ,117150, ,0.00, ,0.00, ,96.9, 
2010/1/2,09:00,0.0, ,117150, ,0.00, ,0.00, ,96.9, 
2010/1/2,10:00,0.0, ,117150, ,0.00, ,0.00, ,96.9, 
2010/1/2,11:00,0.0, ,117190, ,1.27, ,0.00, ,97.0, 
2010/1/2,12:00,0.0, ,117190, ,11.44, ,0.00, ,97.0, 
2010/1/2,13:00,0.0, ,117240, ,5.72, ,0.00, ,97.0, 
2010/1/2,14:00,0.2, ,117280, ,9.96, ,0.00, ,97.0, 
2010/1/2,15:00,0.0, ,117280, ,9.74, ,0.00, ,97.0, 
2010/1/2,16:00,0.0, ,117330, ,11.45, ,0.00, ,97.1, 
2010/1/2,17:00,0.0, ,117370, ,7.27, ,3.60, ,97.1, 
2010/1/2,18:00,0.0, ,117330, ,20.47, ,28.90, ,97.1, 
2010/1/2,19:00,0.0, ,117150, ,9.30, ,58.80, ,96.9, 
2010/1/2,20:00,0.0, ,116960, ,6.31, ,58.80, ,96.7, 
2010/1/2,21:00,0.2, ,116730, ,4.59, ,59.60, ,96.5, 
2010/1/2,22:00,0.0, ,116550, ,3.34, ,24.60, ,96.3, 
2010/1/2,23:00,0.2, ,116510, ,1.43, ,0.00, ,96.3, 
2010/1/2,24:00,0.0, ,116510, ,0.00, ,0.00, ,96.3, 
2010/1/3,01:00,0.0, ,116510, ,0.00, ,0.00, ,96.3, 
2010/1/3,02:00,0.2, ,116510, ,0.00, ,0.00, ,96.3, 
2010/1/3,03:00,0.0, ,116510, ,0.00, ,0.00, ,96.3, 
2010/1/3,04:00,0.0, ,116510, ,0.00, ,0.00, ,96.3, 
2010/1/3,05:00,0.0, ,116550, ,7.83, ,0.00, ,96.3, 
2010/1/3,06:00,0.0, ,116550, ,4.87, ,0.00, ,96.3, 
2010/1/3,07:00,0.0, ,116550, ,0.00, ,0.00, ,96.3, 
2010/1/3,08:00,0.0, ,116550, ,0.00, ,0.00, ,96.3, 
2010/1/3,09:00,0.0, ,116550, ,0.00, ,0.00, ,96.3, 
2010/1/3,10:00,0.0, ,116550, ,0.00, ,0.00, ,96.3, 
2010/1/3,11:00,0.0, ,116600, ,2.54, ,0.00, ,96.4, 
2010/1/3,12:00,0.0, ,116600, ,10.16, ,0.00, ,96.4, 
2010/1/3,13:00,0.0, ,116640, ,5.72, ,0.00, ,96.4, 
2010/1/3,14:00,0.0, ,116690, ,9.31, ,0.00, ,96.5, 
2010/1/3,15:00,0.0, ,116690, ,10.37, ,0.00, ,96.5, 
2010/1/3,16:00,0.0, ,116730, ,11.64, ,0.00, ,96.5, 
2010/1/3,17:00,0.0, ,116780, ,7.46, ,3.00, ,96.6, 
2010/1/3,18:00,0.0, ,116730, ,19.98, ,29.20, ,96.5, 
2010/1/3,19:00,0.0, ,116550, ,9.33, ,57.60, ,96.3, 
2010/1/3,20:00,0.0, ,116370, ,6.21, ,48.20, ,96.2, 
2010/1/3,21:00,0.0, ,116370, ,2.06, ,0.00, ,96.2, 
2010/1/3,22:00,0.0, ,116370, ,0.01, ,0.00, ,96.2, 
2010/1/3,23:00,0.0, ,116370, ,0.00, ,0.00, ,96.2, 
2010/1/3,24:00,0.0, ,116370, ,0.00, ,0.00, ,96.2, 
2010/1/4,01:00,0.0, ,116370, ,0.00, ,0.00, ,96.2, 
2010/1/4,02:00,0.0, ,116370, ,0.00, ,0.00, ,96.2, 
2010/1/4,03:00,0.0, ,116370, ,0.00, ,0.00, ,96.2, 
2010/1/4,04:00,0.0, ,116370, ,0.00, ,0.00, ,96.2, 
2010/1/4,05:00,0.0, ,116370, ,0.00, ,0.00, ,96.2, 
2010/1/4,06:00,0.0, ,116370, ,0.00, ,0.00, ,96.2, 
2010/1/4,07:00,0.0, ,116370, ,0.00, ,0.00, ,96.2, 
2010/1/4,08:00,0.0, ,116370, ,0.00, ,0.00, ,96.2, 
2010/1/4,09:00,0.0, ,116410, ,8.41, ,0.00, ,96.2, 
2010/1/4,10:00,0.0, ,116410, ,4.20, ,0.00, ,96.2, 
2010/1/4,11:00,0.0, ,116410, ,0.13, ,7.50, ,96.2, 
2010/1/4,12:00,0.0, ,116370, ,10.85, ,6.60, ,96.2, 
2010/1/4,13:00,0.0, ,116370, ,5.63, ,3.30, ,96.2, 
2010/1/4,14:00,0.0, ,116320, ,5.57, ,19.60, ,96.1, 
2010/1/4,15:00,0.0, ,116280, ,9.06, ,18.00, ,96.1, 
2010/1/4,16:00,0.0, ,116280, ,1.54, ,0.00, ,96.1, 
2010/1/4,17:00,0.0, ,116280, ,0.05, ,2.90, ,96.1, 
2010/1/4,18:00,0.0, ,116280, ,14.30, ,29.60, ,96.1, 
2010/1/4,19:00,0.0, ,116100, ,12.63, ,48.90, ,95.9, 
2010/1/4,20:00,0.0, ,115960, ,6.83, ,52.40, ,95.8, 
2010/1/4,21:00,0.6, ,115920, ,8.38, ,16.80, ,95.7, 
2010/1/4,22:00,0.7, ,115920, ,8.36, ,0.00, ,95.7, 
2010/1/4,23:00,0.3, ,115920, ,0.00, ,0.00, ,95.7, 
2010/1/4,24:00,0.0, ,115920, ,0.00, ,0.00, ,95.7, 
2010/1/5,01:00,0.1, ,115920, ,0.00, ,0.00, ,95.7, 
2010/1/5,02:00,0.0, ,115920, ,0.00, ,0.00, ,95.7, 
2010/1/5,03:00,0.0, ,115920, ,0.00, ,0.00, ,95.7, 
2010/1/5,04:00,0.0, ,115920, ,0.00, ,0.00, ,95.7, 
2010/1/5,05:00,0.0, ,115920, ,0.00, ,0.00, ,95.7, 
2010/1/5,06:00,0.0, ,115920, ,0.00, ,0.00, ,95.7, 
2010/1/5,07:00,0.0, ,115960, ,8.39, ,0.00, ,95.8, 
2010/1/5,08:00,0.0, ,115960, ,3.15, ,0.00, ,95.8, 
2010/1/5,09:00,0.0, ,115960, ,2.99, ,3.50, ,95.8, 
2010/1/5,10:00,0.0, ,115870, ,0.52, ,19.50, ,95.7, 
2010/1/5,11:00,0.0, ,115870, ,0.83, ,0.00, ,95.7, 
2010/1/5,12:00,0.0, ,115920, ,2.10, ,0.00, ,95.7, 
2010/1/5,13:00,0.0, ,115920, ,10.48, ,0.00, ,95.7, 
2010/1/5,14:00,0.0, ,115960, ,10.48, ,0.00, ,95.8, 
2010/1/5,15:00,0.0, ,116010, ,9.23, ,0.00, ,95.8, 
2010/1/5,16:00,0.0, ,116010, ,5.45, ,0.00, ,95.8, 
2010/1/5,17:00,0.0, ,116050, ,9.70, ,3.40, ,95.9, 
2010/1/5,18:00,0.0, ,116010, ,13.47, ,29.60, ,95.8, 
2010/1/5,19:00,0.0, ,115870, ,10.26, ,49.30, ,95.7, 
2010/1/5,20:00,0.0, ,115730, ,8.64, ,49.10, ,95.6, 
2010/1/5,21:00,0.0, ,115640, ,7.75, ,19.70, ,95.5, 
2010/1/5,22:00,0.0, ,115640, ,0.84, ,0.00, ,95.5, 
2010/1/5,23:00,0.0, ,115640, ,0.00, ,0.00, ,95.5, 
2010/1/5,24:00,0.0, ,115640, ,0.00, ,0.00, ,95.5, 
2010/1/6,01:00,0.0, ,115640, ,0.00, ,0.00, ,95.5, 
2010/1/6,02:00,0.0, ,115640, ,0.00, ,0.00, ,95.5, 
2010/1/6,03:00,0.0, ,115640, ,0.00, ,0.00, ,95.5, 
2010/1/6,04:00,0.0, ,115640, ,0.00, ,0.00, ,95.5, 
2010/1/6,05:00,0.0, ,115640, ,0.00, ,0.00, ,95.5, 
2010/1/6,06:00,0.0, ,115640, ,0.00, ,0.00, ,95.5, 
2010/1/6,07:00,0.0, ,115640, ,0.00, ,0.00, ,95.5, 
2010/1/6,08:00,0.0, ,115640, ,0.06, ,3.30, ,95.5, 
2010/1/6,09:00,0.0, ,115600, ,10.62, ,29.70, ,95.4, 
2010/1/6,10:00,0.0, ,115420, ,7.11, ,49.00, ,95.3, 
2010/1/6,11:00,0.0, ,115280, ,2.61, ,43.50, ,95.1, 
2010/1/6,12:00,0.0, ,115190, ,2.27, ,13.20, ,95.0, 
2010/1/6,13:00,0.0, ,115190, ,2.92, ,3.90, ,95.0, 
2010/1/6,14:00,0.0, ,115150, ,11.13, ,33.40, ,95.0, 
2010/1/6,15:00,0.0, ,115010, ,11.32, ,45.40, ,94.9, 
2010/1/6,16:00,0.0, ,114920, ,4.27, ,22.60, ,94.8, 
2010/1/6,17:00,0.0, ,114880, ,7.90, ,19.50, ,94.7, 
2010/1/6,18:00,0.0, ,114880, ,3.01, ,0.00, ,94.7, 
2010/1/6,19:00,0.0, ,114880, ,0.00, ,0.00, ,94.7, 
2010/1/6,20:00,0.0, ,114920, ,11.48, ,0.00, ,94.8, 
2010/1/6,21:00,0.0, ,114920, ,1.04, ,0.00, ,94.8, 
2010/1/6,22:00,0.0, ,114920, ,0.00, ,0.00, ,94.8, 
2010/1/6,23:00,0.0, ,114920, ,0.00, ,0.00, ,94.8, 
2010/1/6,24:00,0.0, ,114920, ,0.00, ,0.00, ,94.8, 
2010/1/7,01:00,0.0, ,114920, ,0.00, ,0.00, ,94.8, 
2010/1/7,02:00,0.0, ,114970, ,8.56, ,0.00, ,94.8, 
2010/1/7,03:00,0.0, ,114970, ,3.96, ,0.00, ,94.8, 
2010/1/7,04:00,0.0, ,114970, ,0.00, ,0.00, ,94.8, 
2010/1/7,05:00,0.0, ,115010, ,3.96, ,0.00, ,94.9, 
2010/1/7,06:00,0.0, ,115010, ,8.56, ,0.00, ,94.9, 
2010/1/7,07:00,0.0, ,115060, ,7.93, ,0.00, ,94.9, 
2010/1/7,08:00,0.0, ,115100, ,6.47, ,0.00, ,95.0, 
2010/1/7,09:00,0.0, ,115100, ,10.70, ,3.00, ,95.0, 
2010/1/7,10:00,0.0, ,115060, ,11.12, ,29.40, ,94.9, 
2010/1/7,11:00,0.0, ,114880, ,12.18, ,57.70, ,94.7, 
2010/1/7,12:00,0.0, ,114790, ,8.84, ,31.40, ,94.7, 
2010/1/7,13:00,0.0, ,114790, ,1.92, ,0.00, ,94.7, 
2010/1/7,14:00,0.0, ,114790, ,0.00, ,0.00, ,94.7, 
2010/1/7,15:00,0.0, ,114830, ,3.75, ,0.00, ,94.7, 
2010/1/7,16:00,0.0, ,114830, ,8.80, ,2.80, ,94.7, 
2010/1/7,17:00,0.0, ,114740, ,1.42, ,29.60, ,94.6, 
2010/1/7,18:00,0.0, ,114520, ,2.28, ,59.00, ,94.4, 
2010/1/7,19:00,0.0, ,114340, ,4.15, ,51.20, ,94.2, 
2010/1/7,20:00,0.0, ,114290, ,1.72, ,0.00, ,94.2, 
2010/1/7,21:00,0.0, ,114290, ,0.00, ,0.00, ,94.2, 
2010/1/7,22:00,0.0, ,114290, ,0.00, ,0.00, ,94.2, 
2010/1/7,23:00,0.0, ,114290, ,0.00, ,0.00, ,94.2, 
2010/1/7,24:00,0.0, ,114290, ,0.00, ,0.00, ,94.2, 
2010/1/8,01:00,0.0, ,114290, ,0.00, ,0.00, ,94.2, 
2010/1/8,02:00,0.0, ,114290, ,0.00, ,0.00, ,94.2, 
2010/1/8,03:00,0.0, ,114290, ,0.00, ,0.00, ,94.2, 
2010/1/8,04:00,0.0, ,114290, ,0.00, ,0.00, ,94.2, 
2010/1/8,05:00,0.0, ,114290, ,0.00, ,0.00, ,94.2, 
2010/1/8,06:00,0.0, ,114290, ,0.00, ,0.00, ,94.2, 
2010/1/8,07:00,0.0, ,114290, ,0.00, ,0.00, ,94.2, 
2010/1/8,08:00,0.0, ,114290, ,0.06, ,3.50, ,94.2, 
2010/1/8,09:00,0.0, ,114250, ,13.89, ,29.60, ,94.1, 
2010/1/8,10:00,0.0, ,114070, ,8.18, ,57.70, ,94.0, 
2010/1/8,11:00,0.0, ,113890, ,4.28, ,57.80, ,93.8, 
2010/1/8,12:00,0.0, ,113800, ,3.48, ,19.60, ,93.7, 
2010/1/8,13:00,0.0, ,113800, ,3.26, ,0.00, ,93.7, 
2010/1/8,14:00,0.0, ,113800, ,0.00, ,0.00, ,93.7, 
2010/1/8,15:00,0.0, ,113800, ,0.00, ,0.00, ,93.7, 
2010/1/8,16:00,0.0, ,113800, ,0.00, ,0.00, ,93.7, 
2010/1/8,17:00,0.0, ,113800, ,0.06, ,3.30, ,93.7, 
2010/1/8,18:00,0.0, ,113710, ,2.60, ,26.20, ,93.6, 
2010/1/8,19:00,0.0, ,113620, ,1.60, ,26.00, ,93.5, 
2010/1/8,20:00,0.0, ,113530, ,0.87, ,25.30, ,93.4, 
2010/1/8,21:00,0.0, ,113530, ,4.47, ,0.00, ,93.4, 
2010/1/8,22:00,0.0, ,113530, ,0.00, ,0.00, ,93.4, 
2010/1/8,23:00,0.0, ,113530, ,0.00, ,0.00, ,93.4, 
2010/1/8,24:00,0.0, ,113570, ,10.15, ,0.00, ,93.5, 
2010/1/9,01:00,0.0, ,113620, ,8.70, ,0.00, ,93.5, 
2010/1/9,02:00,0.0, ,113620, ,6.01, ,0.00, ,93.5, 
2010/1/9,03:00,0.0, ,113660, ,11.40, ,0.00, ,93.6, 
2010/1/9,04:00,0.0, ,113660, ,1.04, ,0.00, ,93.6, 
2010/1/9,05:00,0.0, ,113710, ,2.49, ,0.00, ,93.6, 
2010/1/9,06:00,0.0, ,113710, ,9.95, ,0.00, ,93.6, 
2010/1/9,07:00,0.0, ,113710, ,0.00, ,0.00, ,93.6, 
2010/1/9,08:00,0.0, ,113710, ,0.06, ,3.60, ,93.6, 
2010/1/9,09:00,0.0, ,113710, ,9.57, ,20.00, ,93.6, 
2010/1/9,10:00,0.0, ,113570, ,7.46, ,39.90, ,93.5, 
2010/1/9,11:00,0.0, ,113440, ,2.06, ,39.60, ,93.4, 
2010/1/9,12:00,0.0, ,113400, ,5.82, ,19.00, ,93.3, 
2010/1/9,13:00,0.0, ,113400, ,8.07, ,0.00, ,93.3, 
2010/1/9,14:00,0.0, ,113400, ,0.00, ,0.00, ,93.3, 
2010/1/9,15:00,0.0, ,113400, ,0.00, ,0.00, ,93.3, 
2010/1/9,16:00,0.0, ,113440, ,2.54, ,3.20, ,93.4, 
2010/1/9,17:00,0.0, ,113400, ,20.89, ,29.80, ,93.3, 
2010/1/9,18:00,0.0, ,113220, ,10.31, ,60.00, ,93.1, 
2010/1/9,19:00,0.0, ,113040, ,5.38, ,54.30, ,93.0, 
2010/1/9,20:00,0.0, ,112990, ,4.56, ,0.00, ,92.9, 
2010/1/9,21:00,0.0, ,112990, ,0.00, ,0.00, ,92.9, 
2010/1/9,22:00,0.0, ,112990, ,0.00, ,0.00, ,92.9, 
2010/1/9,23:00,0.0, ,112990, ,0.00, ,0.00, ,92.9, 
2010/1/9,24:00,0.0, ,112990, ,0.00, ,0.00, ,92.9, 
2010/1/10,01:00,0.0, ,112990, ,0.00, ,0.00, ,92.9, 
2010/1/10,02:00,0.0, ,112990, ,0.00, ,0.00, ,92.9, 
2010/1/10,03:00,0.0, ,113040, ,4.13, ,0.00, ,93.0, 
2010/1/10,04:00,0.0, ,113040, ,8.27, ,0.00, ,93.0, 
2010/1/10,05:00,0.0, ,113040, ,0.00, ,0.00, ,93.0, 
2010/1/10,06:00,0.0, ,113040, ,0.00, ,0.00, ,93.0, 
2010/1/10,07:00,0.0, ,113040, ,0.00, ,0.00, ,93.0, 
2010/1/10,08:00,0.0, ,113040, ,0.06, ,3.30, ,93.0, 
2010/1/10,09:00,0.0, ,112990, ,5.09, ,18.10, ,92.9, 
2010/1/10,10:00,0.0, ,112900, ,3.45, ,29.40, ,92.8, 
2010/1/10,11:00,0.0, ,112820, ,4.66, ,29.70, ,92.8, 
2010/1/10,12:00,0.0, ,112770, ,5.90, ,18.50, ,92.7, 
2010/1/10,13:00,0.0, ,112770, ,3.44, ,0.00, ,92.7, 
2010/1/10,14:00,0.0, ,112770, ,0.00, ,0.00, ,92.7, 
2010/1/10,15:00,0.0, ,112770, ,0.00, ,0.00, ,92.7, 
2010/1/10,16:00,0.0, ,112820, ,10.99, ,3.30, ,92.8, 
2010/1/10,17:00,0.0, ,112820, ,16.06, ,29.50, ,92.8, 
2010/1/10,18:00,0.0, ,112590, ,12.05, ,60.10, ,92.5, 
2010/1/10,19:00,0.0, ,112410, ,7.68, ,57.70, ,92.4, 
2010/1/10,20:00,0.0, ,112330, ,3.63, ,22.20, ,92.3, 
2010/1/10,21:00,0.0, ,112330, ,1.36, ,0.00, ,92.3, 
2010/1/10,22:00,0.0, ,112330, ,0.00, ,0.00, ,92.3, 
2010/1/10,23:00,0.0, ,112330, ,0.00, ,0.00, ,92.3, 
2010/1/10,24:00,0.0, ,112330, ,0.00, ,0.00, ,92.3, 
2010/1/11,01:00,0.0, ,112330, ,0.00, ,0.00, ,92.3, 
2010/1/11,02:00,0.0, ,112330, ,0.00, ,0.00, ,92.3, 
2010/1/11,03:00,0.0, ,112330, ,0.00, ,0.00, ,92.3, 
2010/1/11,04:00,0.0, ,112330, ,0.00, ,0.00, ,92.3, 
2010/1/11,05:00,0.0, ,112330, ,0.00, ,0.00, ,92.3, 
2010/1/11,06:00,0.0, ,112330, ,0.00, ,0.00, ,92.3, 
2010/1/11,07:00,0.0, ,112330, ,0.00, ,0.00, ,92.3, 
2010/1/11,08:00,0.0, ,112330, ,0.05, ,3.10, ,92.3, 
2010/1/11,09:00,0.0, ,112330, ,9.66, ,19.50, ,92.3, 
2010/1/11,10:00,0.0, ,112190, ,7.03, ,39.10, ,92.2, 
2010/1/11,11:00,0.1, ,112060, ,2.38, ,39.10, ,92.0, 
2010/1/11,12:00,0.1, ,111970, ,4.23, ,18.20, ,91.9, 
2010/1/11,13:00,0.0, ,111970, ,1.12, ,0.00, ,91.9, 
2010/1/11,14:00,0.0, ,111970, ,0.00, ,0.00, ,91.9, 
2010/1/11,15:00,0.0, ,112010, ,11.51, ,0.00, ,92.0, 
2010/1/11,16:00,0.0, ,112060, ,2.11, ,2.90, ,92.0, 
2010/1/11,17:00,0.0, ,112010, ,21.70, ,29.90, ,92.0, 
2010/1/11,18:00,0.0, ,111840, ,9.03, ,57.40, ,91.8, 
2010/1/11,19:00,0.0, ,111660, ,6.42, ,59.80, ,91.6, 
2010/1/11,20:00,0.0, ,111570, ,4.21, ,23.20, ,91.6, 
2010/1/11,21:00,0.0, ,111570, ,6.35, ,0.00, ,91.6, 
2010/1/11,22:00,0.0, ,111570, ,0.00, ,0.00, ,91.6, 
2010/1/11,23:00,0.0, ,111570, ,0.00, ,0.00, ,91.6, 
2010/1/11,24:00,0.0, ,111570, ,0.00, ,0.00, ,91.6, 
2010/1/12,01:00,0.0, ,111570, ,0.00, ,0.00, ,91.6, 
2010/1/12,02:00,0.0, ,111570, ,0.00, ,0.00, ,91.6, 
2010/1/12,03:00,0.0, ,111570, ,0.00, ,0.00, ,91.6, 
2010/1/12,04:00,0.0, ,111570, ,0.00, ,0.00, ,91.6, 
2010/1/12,05:00,0.0, ,111570, ,0.00, ,0.00, ,91.6, 
2010/1/12,06:00,0.0, ,111570, ,0.00, ,0.00, ,91.6, 
2010/1/12,07:00,0.0, ,111570, ,0.00, ,0.00, ,91.6, 
2010/1/12,08:00,0.0, ,111570, ,0.06, ,3.30, ,91.6, 
2010/1/12,09:00,0.0, ,111530, ,9.43, ,19.60, ,91.5, 
2010/1/12,10:00,0.0, ,111390, ,4.34, ,39.00, ,91.4, 
2010/1/12,11:00,0.0, ,111300, ,1.84, ,31.10, ,91.3, 
2010/1/12,12:00,0.0, ,111260, ,0.10, ,0.00, ,91.3, 
2010/1/12,13:00,0.1, ,111260, ,0.00, ,0.00, ,91.3, 
2010/1/12,14:00,0.0, ,111300, ,6.36, ,0.00, ,91.3, 
2010/1/12,15:00,0.0, ,111300, ,5.95, ,0.00, ,91.3, 
2010/1/12,16:00,0.0, ,111350, ,9.08, ,3.30, ,91.3, 
2010/1/12,17:00,0.0, ,111350, ,17.63, ,29.50, ,91.3, 
2010/1/12,18:00,0.0, ,111130, ,11.64, ,57.60, ,91.1, 
2010/1/12,19:00,0.0, ,110950, ,7.43, ,57.70, ,91.0, 
2010/1/12,20:00,0.0, ,110860, ,5.05, ,22.90, ,90.9, 
2010/1/12,21:00,0.0, ,110860, ,0.68, ,0.00, ,90.9, 
2010/1/12,22:00,0.0, ,110860, ,0.00, ,0.00, ,90.9, 
2010/1/12,23:00,0.0, ,110860, ,0.00, ,0.00, ,90.9, 
2010/1/12,24:00,0.0, ,110860, ,0.00, ,0.00, ,90.9, 
2010/1/13,01:00,0.0, ,110860, ,0.41, ,0.00, ,90.9, 
2010/1/13,02:00,0.0, ,110860, ,0.00, ,0.00, ,90.9, 
2010/1/13,03:00,0.0, ,110860, ,2.66, ,0.00, ,90.9, 
2010/1/13,04:00,0.0, ,110860, ,0.00, ,0.00, ,90.9, 
2010/1/13,05:00,0.0, ,110860, ,0.00, ,0.00, ,90.9, 
2010/1/13,06:00,0.0, ,110860, ,0.00, ,0.00, ,90.9, 
2010/1/13,07:00,0.0, ,110860, ,0.00, ,0.00, ,90.9, 
2010/1/13,08:00,0.0, ,110860, ,0.06, ,3.20, ,90.9, 
2010/1/13,09:00,0.0, ,110860, ,9.91, ,19.40, ,90.9, 
2010/1/13,10:00,0.0, ,110730, ,6.40, ,39.80, ,90.8, 
2010/1/13,11:00,0.0, ,110600, ,1.27, ,34.30, ,90.6, 
2010/1/13,12:00,0.0, ,110600, ,4.32, ,0.00, ,90.6, 
2010/1/13,13:00,0.0, ,110600, ,0.01, ,0.00, ,90.6, 
2010/1/13,14:00,0.0, ,110600, ,0.00, ,0.00, ,90.6, 
2010/1/13,15:00,0.0, ,110680, ,11.04, ,0.00, ,90.7, 
2010/1/13,16:00,0.1, ,110680, ,13.55, ,3.10, ,90.7, 
2010/1/13,17:00,0.0, ,110640, ,7.81, ,29.90, ,90.7, 
2010/1/13,18:00,0.0, ,110460, ,8.10, ,57.70, ,90.5, 
2010/1/13,19:00,0.0, ,110240, ,7.15, ,58.40, ,90.3, 
2010/1/13,20:00,0.0, ,110070, ,5.54, ,56.40, ,90.1, 
2010/1/13,21:00,0.0, ,109980, ,3.12, ,19.90, ,90.0, 
2010/1/13,22:00,0.0, ,109980, ,0.60, ,0.00, ,90.0, 
2010/1/13,23:00,0.0, ,109980, ,0.00, ,0.00, ,90.0, 
2010/1/13,24:00,0.0, ,109980, ,0.00, ,0.00, ,90.0, 
2010/1/14,01:00,0.0, ,109980, ,0.00, ,0.00, ,90.0, 
2010/1/14,02:00,0.0, ,109980, ,0.41, ,0.00, ,90.0, 
2010/1/14,03:00,0.0, ,109980, ,0.00, ,0.00, ,90.0, 
2010/1/14,04:00,0.0, ,110020, ,1.43, ,0.00, ,90.1, 
2010/1/14,05:00,0.0, ,109980, ,0.41, ,0.00, ,90.0, 
2010/1/14,06:00,0.0, ,109980, ,0.00, ,0.00, ,90.0, 
2010/1/14,07:00,0.0, ,110020, ,12.24, ,0.00, ,90.1, 
2010/1/14,08:00,0.0, ,110020, ,0.06, ,3.30, ,90.1, 
2010/1/14,09:00,0.0, ,109980, ,3.23, ,19.70, ,90.0, 
2010/1/14,10:00,0.0, ,109800, ,1.90, ,39.70, ,89.9, 
2010/1/14,11:00,0.0, ,109710, ,3.96, ,29.80, ,89.8, 
2010/1/14,12:00,0.2, ,109710, ,6.05, ,0.00, ,89.8, 
2010/1/14,13:00,0.0, ,109710, ,0.00, ,0.00, ,89.8, 
2010/1/14,14:00,0.0, ,109710, ,0.00, ,0.00, ,89.8, 
2010/1/14,15:00,0.0, ,109760, ,5.70, ,0.00, ,89.8, 
2010/1/14,16:00,0.0, ,109760, ,10.40, ,29.60, ,89.8, 
2010/1/14,17:00,0.0, ,109670, ,15.43, ,30.10, ,89.7, 
2010/1/14,18:00,0.0, ,109490, ,5.26, ,58.40, ,89.6, 
2010/1/14,19:00,0.0, ,109280, ,2.47, ,58.30, ,89.4, 
2010/1/14,20:00,0.0, ,109060, ,2.86, ,58.30, ,89.1, 
2010/1/14,21:00,0.0, ,109010, ,3.42, ,19.10, ,89.1, 
2010/1/14,22:00,0.0, ,108970, ,0.65, ,0.00, ,89.1, 
2010/1/14,23:00,0.0, ,108970, ,0.00, ,0.00, ,89.1, 
2010/1/14,24:00,0.0, ,108970, ,0.00, ,0.00, ,89.1, 
2010/1/15,01:00,0.0, ,108970, ,0.00, ,0.00, ,89.1, 
2010/1/15,02:00,0.0, ,108970, ,0.00, ,0.00, ,89.1, 
2010/1/15,03:00,0.0, ,108970, ,0.00, ,0.00, ,89.1, 
2010/1/15,04:00,0.0, ,108970, ,0.00, ,0.00, ,89.1, 
2010/1/15,05:00,0.0, ,108970, ,0.00, ,0.00, ,89.1, 
2010/1/15,06:00,0.0, ,108970, ,0.00, ,0.00, ,89.1, 
2010/1/15,07:00,0.0, ,108970, ,0.00, ,0.00, ,89.1, 
2010/1/15,08:00,0.0, ,108970, ,0.06, ,3.40, ,89.1, 
2010/1/15,09:00,0.0, ,108920, ,10.50, ,26.10, ,89.0, 
2010/1/15,10:00,0.0, ,108790, ,4.50, ,40.50, ,88.9, 
2010/1/15,11:00,0.0, ,108660, ,2.85, ,39.60, ,88.8, 
2010/1/15,12:00,0.0, ,108660, ,6.73, ,0.00, ,88.8, 
2010/1/15,13:00,0.0, ,108660, ,0.01, ,0.00, ,88.8, 
2010/1/15,14:00,0.0, ,108660, ,0.00, ,0.00, ,88.8, 
2010/1/15,15:00,0.0, ,108710, ,9.32, ,0.00, ,88.8, 
2010/1/15,16:00,0.0, ,108710, ,2.89, ,3.30, ,88.8, 
2010/1/15,17:00,0.0, ,108710, ,13.88, ,28.20, ,88.8, 
2010/1/15,18:00,0.0, ,108530, ,15.05, ,56.30, ,88.6, 
2010/1/15,19:00,0.0, ,108310, ,5.25, ,49.20, ,88.4, 
2010/1/15,20:00,0.0, ,108270, ,2.18, ,14.10, ,88.4, 
2010/1/15,21:00,0.0, ,108270, ,4.49, ,0.00, ,88.4, 
2010/1/15,22:00,0.0, ,108270, ,0.00, ,0.00, ,88.4, 
2010/1/15,23:00,0.0, ,108270, ,0.00, ,0.00, ,88.4, 
2010/1/15,24:00,0.0, ,108270, ,0.00, ,0.00, ,88.4, 
2010/1/16,01:00,0.0, ,108270, ,0.00, ,0.00, ,88.4, 
2010/1/16,02:00,0.0, ,108270, ,0.00, ,0.00, ,88.4, 
2010/1/16,03:00,0.0, ,108270, ,0.00, ,0.00, ,88.4, 
2010/1/16,04:00,0.0, ,108270, ,0.00, ,0.00, ,88.4, 
2010/1/16,05:00,0.0, ,108270, ,0.00, ,0.00, ,88.4, 
2010/1/16,06:00,0.0, ,108270, ,0.00, ,0.00, ,88.4, 
2010/1/16,07:00,0.0, ,108270, ,0.00, ,0.00, ,88.4, 
2010/1/16,08:00,0.0, ,108270, ,0.06, ,3.30, ,88.4, 
2010/1/16,09:00,0.0, ,108220, ,9.42, ,28.10, ,88.3, 
2010/1/16,10:00,0.0, ,108010, ,3.20, ,56.40, ,88.1, 
2010/1/16,11:00,0.2, ,107830, ,3.60, ,50.10, ,88.0, 
2010/1/16,12:00,0.0, ,107790, ,0.64, ,0.00, ,87.9, 
2010/1/16,13:00,0.0, ,107790, ,0.00, ,0.00, ,87.9, 
2010/1/16,14:00,0.0, ,107790, ,0.00, ,0.00, ,87.9, 
2010/1/16,15:00,0.0, ,107830, ,9.69, ,0.00, ,88.0, 
2010/1/16,16:00,0.0, ,107880, ,8.93, ,2.90, ,88.0, 
2010/1/16,17:00,0.0, ,107830, ,16.91, ,28.30, ,88.0, 
2010/1/16,18:00,0.0, ,107660, ,4.76, ,56.60, ,87.8, 
2010/1/16,19:00,0.0, ,107440, ,7.44, ,59.10, ,87.6, 
2010/1/16,20:00,0.0, ,107350, ,4.64, ,0.00, ,87.5, 
2010/1/16,21:00,0.0, ,107350, ,2.08, ,0.00, ,87.5, 
2010/1/16,22:00,0.0, ,107350, ,0.00, ,0.00, ,87.5, 
2010/1/16,23:00,0.0, ,107350, ,0.00, ,0.00, ,87.5, 
2010/1/16,24:00,0.0, ,107350, ,0.00, ,0.00, ,87.5, 
2010/1/17,01:00,0.0, ,107350, ,0.00, ,0.00, ,87.5, 
2010/1/17,02:00,0.0, ,107350, ,0.00, ,0.00, ,87.5, 
2010/1/17,03:00,0.0, ,107350, ,0.00, ,0.00, ,87.5, 
2010/1/17,04:00,0.0, ,107350, ,0.00, ,0.00, ,87.5, 
2010/1/17,05:00,0.0, ,107350, ,0.00, ,0.00, ,87.5, 
2010/1/17,06:00,0.0, ,107350, ,0.00, ,0.00, ,87.5, 
2010/1/17,07:00,0.0, ,107350, ,0.00, ,0.00, ,87.5, 
2010/1/17,08:00,0.0, ,107350, ,0.05, ,3.00, ,87.5, 
2010/1/17,09:00,0.0, ,107310, ,10.58, ,26.30, ,87.5, 
2010/1/17,10:00,0.0, ,107130, ,3.70, ,53.20, ,87.3, 
2010/1/17,11:00,0.0, ,106920, ,3.27, ,53.30, ,87.1, 
2010/1/17,12:00,0.0, ,106920, ,1.33, ,0.00, ,87.1, 
2010/1/17,13:00,0.0, ,106920, ,0.01, ,0.00, ,87.1, 
2010/1/17,14:00,0.0, ,106920, ,0.00, ,0.00, ,87.1, 
2010/1/17,15:00,0.0, ,106960, ,2.81, ,0.00, ,87.1, 
2010/1/17,16:00,0.0, ,106960, ,9.25, ,0.00, ,87.1, 
2010/1/17,17:00,0.0, ,107000, ,9.30, ,3.40, ,87.2, 
2010/1/17,18:00,0.0, ,106960, ,13.53, ,30.10, ,87.1, 
2010/1/17,19:00,0.0, ,106790, ,10.69, ,53.70, ,87.0, 
2010/1/17,20:00,0.0, ,106610, ,4.33, ,55.20, ,86.8, 
2010/1/17,21:00,0.0, ,106530, ,3.88, ,17.80, ,86.7, 
2010/1/17,22:00,0.0, ,106530, ,0.59, ,0.00, ,86.7, 
2010/1/17,23:00,0.0, ,106530, ,0.00, ,0.00, ,86.7, 
2010/1/17,24:00,0.0, ,106530, ,0.00, ,0.00, ,86.7, 
2010/1/18,01:00,0.0, ,106530, ,0.00, ,0.00, ,86.7, 
2010/1/18,02:00,0.0, ,106530, ,0.00, ,0.00, ,86.7, 
2010/1/18,03:00,0.0, ,106530, ,0.00, ,0.00, ,86.7, 
2010/1/18,04:00,0.0, ,106530, ,0.00, ,0.00, ,86.7, 
2010/1/18,05:00,0.0, ,106530, ,0.00, ,0.00, ,86.7, 
2010/1/18,06:00,0.0, ,106530, ,0.00, ,0.00, ,86.7, 
2010/1/18,07:00,0.0, ,106530, ,0.00, ,0.00, ,86.7, 
2010/1/18,08:00,0.0, ,106530, ,0.06, ,3.50, ,86.7, 
2010/1/18,09:00,0.0, ,106480, ,9.51, ,26.70, ,86.7, 
2010/1/18,10:00,0.0, ,106270, ,4.28, ,53.60, ,86.5, 
2010/1/18,11:00,0.0, ,106090, ,3.28, ,48.00, ,86.3, 
2010/1/18,12:00,0.0, ,106090, ,1.41, ,0.00, ,86.3, 
2010/1/18,13:00,0.0, ,106090, ,0.01, ,0.00, ,86.3, 
2010/1/18,14:00,0.0, ,106090, ,0.00, ,0.00, ,86.3, 
2010/1/18,15:00,0.0, ,106090, ,0.00, ,0.00, ,86.3, 
2010/1/18,16:00,0.0, ,106140, ,9.61, ,0.00, ,86.3, 
2010/1/18,17:00,0.0, ,106180, ,8.27, ,3.20, ,86.4, 
2010/1/18,18:00,0.0, ,106140, ,20.18, ,28.60, ,86.3, 
2010/1/18,19:00,0.0, ,105960, ,6.69, ,57.10, ,86.2, 
2010/1/18,20:00,0.0, ,105750, ,5.05, ,56.80, ,86.0, 
2010/1/18,21:00,0.0, ,105620, ,1.91, ,15.70, ,85.8, 
2010/1/18,22:00,0.0, ,105620, ,3.83, ,0.00, ,85.8, 
2010/1/18,23:00,0.0, ,105620, ,0.00, ,0.00, ,85.8, 
2010/1/18,24:00,0.0, ,105620, ,0.00, ,0.00, ,85.8, 
2010/1/19,01:00,0.0, ,105620, ,0.00, ,0.00, ,85.8, 
2010/1/19,02:00,0.0, ,105620, ,0.00, ,0.00, ,85.8, 
2010/1/19,03:00,0.0, ,105620, ,0.00, ,0.00, ,85.8, 
2010/1/19,04:00,0.0, ,105620, ,0.00, ,0.00, ,85.8, 
2010/1/19,05:00,0.0, ,105620, ,0.00, ,0.00, ,85.8, 
2010/1/19,06:00,0.0, ,105620, ,0.00, ,0.00, ,85.8, 
2010/1/19,07:00,0.0, ,105620, ,0.06, ,3.80, ,85.8, 
2010/1/19,08:00,0.0, ,105530, ,8.40, ,28.60, ,85.8, 
2010/1/19,09:00,0.0, ,105360, ,2.18, ,55.30, ,85.6, 
2010/1/19,10:00,0.0, ,105150, ,2.53, ,56.60, ,85.4, 
2010/1/19,11:00,0.0, ,105020, ,3.00, ,0.00, ,85.3, 
2010/1/19,12:00,0.0, ,105020, ,0.05, ,0.00, ,85.3, 
2010/1/19,13:00,0.0, ,105020, ,0.00, ,0.00, ,85.3, 
2010/1/19,14:00,0.0, ,105020, ,0.00, ,0.00, ,85.3, 
2010/1/19,15:00,0.0, ,105060, ,8.56, ,0.00, ,85.3, 
2010/1/19,16:00,0.0, ,105060, ,3.39, ,0.00, ,85.3, 
2010/1/19,17:00,0.0, ,105100, ,12.01, ,3.60, ,85.3, 
2010/1/19,18:00,0.0, ,105100, ,11.28, ,23.50, ,85.3, 
2010/1/19,19:00,0.0, ,104930, ,15.58, ,52.20, ,85.2, 
2010/1/19,20:00,0.0, ,104760, ,3.59, ,51.80, ,85.0, 
2010/1/19,21:00,0.0, ,104670, ,2.87, ,18.30, ,84.9, 
2010/1/19,22:00,0.0, ,104670, ,0.20, ,0.00, ,84.9, 
2010/1/19,23:00,0.0, ,104670, ,0.00, ,0.00, ,84.9, 
2010/1/19,24:00,0.0, ,104670, ,0.00, ,0.00, ,84.9, 
2010/1/20,01:00,0.0, ,104670, ,0.00, ,0.00, ,84.9, 
2010/1/20,02:00,0.0, ,104670, ,0.00, ,0.00, ,84.9, 
2010/1/20,03:00,0.0, ,104670, ,0.00, ,0.00, ,84.9, 
2010/1/20,04:00,0.0, ,104670, ,0.00, ,0.00, ,84.9, 
2010/1/20,05:00,0.0, ,104670, ,0.00, ,0.00, ,84.9, 
2010/1/20,06:00,0.1, ,104670, ,0.00, ,0.00, ,84.9, 
2010/1/20,07:00,0.0, ,104670, ,0.06, ,3.40, ,84.9, 
2010/1/20,08:00,0.0, ,104630, ,10.50, ,28.80, ,84.9, 
2010/1/20,09:00,0.0, ,104410, ,4.00, ,57.40, ,84.7, 
2010/1/20,10:00,0.1, ,104200, ,2.05, ,54.30, ,84.5, 
2010/1/20,11:00,0.0, ,104200, ,0.67, ,0.00, ,84.5, 
2010/1/20,12:00,0.0, ,104200, ,0.00, ,0.00, ,84.5, 
2010/1/20,13:00,0.0, ,104200, ,0.00, ,0.00, ,84.5, 
2010/1/20,14:00,0.0, ,104200, ,0.00, ,0.00, ,84.5, 
2010/1/20,15:00,0.0, ,104240, ,6.15, ,0.00, ,84.5, 
2010/1/20,16:00,0.0, ,104290, ,8.33, ,0.00, ,84.6, 
2010/1/20,17:00,0.0, ,104290, ,9.33, ,0.00, ,84.6, 
2010/1/20,18:00,0.0, ,104330, ,5.42, ,3.40, ,84.6, 
2010/1/20,19:00,0.1, ,104290, ,16.26, ,28.30, ,84.6, 
2010/1/20,20:00,0.3, ,104110, ,4.10, ,47.70, ,84.4, 
2010/1/20,21:00,2.0, ,104110, ,4.38, ,0.00, ,84.4, 
2010/1/20,22:00,2.1, ,104110, ,0.01, ,0.00, ,84.4, 
2010/1/20,23:00,2.2, ,104110, ,0.00, ,0.00, ,84.4, 
2010/1/20,24:00,2.5, ,104160, ,2.58, ,0.00, ,84.4, 
2010/1/21,01:00,1.1, ,104160, ,9.32, ,0.00, ,84.4, 
2010/1/21,02:00,0.3, ,104160, ,0.00, ,0.00, ,84.4, 
2010/1/21,03:00,0.1, ,104160, ,0.00, ,0.00, ,84.4, 
2010/1/21,04:00,0.2, ,104160, ,0.00, ,0.00, ,84.4, 
2010/1/21,05:00,0.0, ,104160, ,0.00, ,0.00, ,84.4, 
2010/1/21,06:00,0.0, ,104160, ,0.00, ,0.00, ,84.4, 
2010/1/21,07:00,0.0, ,104200, ,4.96, ,0.00, ,84.5, 
2010/1/21,08:00,0.0, ,104200, ,6.94, ,0.00, ,84.5, 
2010/1/21,09:00,0.1, ,104200, ,0.00, ,0.00, ,84.5, 
2010/1/21,10:00,1.2, ,104200, ,0.00, ,0.00, ,84.5, 
2010/1/21,11:00,0.9, ,104240, ,2.18, ,0.00, ,84.5, 
2010/1/21,12:00,0.0, ,104240, ,9.72, ,0.00, ,84.5, 
2010/1/21,13:00,0.0, ,104330, ,9.53, ,0.00, ,84.6, 
2010/1/21,14:00,0.0, ,104370, ,14.89, ,0.00, ,84.6, 
2010/1/21,15:00,0.1, ,104410, ,14.49, ,0.00, ,84.7, 
2010/1/21,16:00,0.0, ,104460, ,17.28, ,0.00, ,84.7, 
2010/1/21,17:00,0.0, ,104460, ,8.21, ,3.70, ,84.7, 
2010/1/21,18:00,0.0, ,104460, ,7.86, ,18.10, ,84.7, 
2010/1/21,19:00,0.0, ,104370, ,13.35, ,35.50, ,84.6, 
2010/1/21,20:00,0.0, ,104370, ,13.85, ,18.20, ,84.6, 
2010/1/21,21:00,0.0, ,104330, ,1.97, ,0.00, ,84.6, 
2010/1/21,22:00,0.0, ,104410, ,11.31, ,0.00, ,84.7, 
2010/1/21,23:00,0.0, ,104410, ,11.91, ,0.00, ,84.7, 
2010/1/21,24:00,0.0, ,104460, ,6.95, ,0.00, ,84.7, 
2010/1/22,01:00,0.0, ,104500, ,7.95, ,0.00, ,84.8, 
2010/1/22,02:00,0.0, ,104500, ,8.94, ,0.00, ,84.8, 
2010/1/22,03:00,0.0, ,104500, ,0.00, ,0.00, ,84.8, 
2010/1/22,04:00,0.0, ,104540, ,8.74, ,0.00, ,84.8, 
2010/1/22,05:00,0.0, ,104540, ,3.18, ,0.00, ,84.8, 
2010/1/22,06:00,0.0, ,104590, ,1.79, ,0.00, ,84.8, 
2010/1/22,07:00,0.0, ,104590, ,10.13, ,0.00, ,84.8, 
2010/1/22,08:00,0.0, ,104590, ,0.00, ,0.00, ,84.8, 
2010/1/22,09:00,0.0, ,104630, ,7.56, ,0.00, ,84.9, 
2010/1/22,10:00,0.0, ,104630, ,4.37, ,0.00, ,84.9, 
2010/1/22,11:00,0.0, ,104670, ,7.95, ,0.00, ,84.9, 
2010/1/22,12:00,0.0, ,104720, ,8.55, ,0.00, ,85.0, 
2010/1/22,13:00,0.0, ,104760, ,8.75, ,0.00, ,85.0, 
2010/1/22,14:00,0.0, ,104800, ,11.33, ,0.00, ,85.0, 
2010/1/22,15:00,0.0, ,104800, ,11.14, ,0.00, ,85.0, 
2010/1/22,16:00,0.0, ,104840, ,5.97, ,0.00, ,85.1, 
2010/1/22,17:00,0.0, ,104890, ,10.75, ,0.00, ,85.1, 
2010/1/22,18:00,0.0, ,104930, ,10.55, ,0.00, ,85.2, 
2010/1/22,19:00,0.0, ,104930, ,8.61, ,3.20, ,85.2, 
2010/1/22,20:00,0.0, ,104930, ,11.25, ,23.10, ,85.2, 
2010/1/22,21:00,0.0, ,104840, ,12.57, ,19.70, ,85.1, 
2010/1/22,22:00,0.0, ,104840, ,0.99, ,0.00, ,85.1, 
2010/1/22,23:00,0.0, ,104840, ,0.00, ,0.00, ,85.1, 
2010/1/22,24:00,0.0, ,104890, ,11.14, ,0.00, ,85.1, 
2010/1/23,01:00,0.0, ,104930, ,1.19, ,0.00, ,85.2, 
2010/1/23,02:00,0.0, ,104930, ,11.54, ,0.00, ,85.2, 
2010/1/23,03:00,0.0, ,104930, ,0.00, ,0.00, ,85.2, 
2010/1/23,04:00,0.0, ,104930, ,0.00, ,0.00, ,85.2, 
2010/1/23,05:00,0.0, ,104930, ,0.00, ,0.00, ,85.2, 
2010/1/23,06:00,0.0, ,104930, ,0.06, ,3.30, ,85.2, 
2010/1/23,07:00,0.0, ,104890, ,9.45, ,28.30, ,85.1, 
2010/1/23,08:00,0.0, ,104720, ,3.08, ,41.70, ,85.0, 
2010/1/23,09:00,0.0, ,104540, ,2.99, ,50.00, ,84.8, 
2010/1/23,10:00,0.0, ,104330, ,2.26, ,56.60, ,84.6, 
2010/1/23,11:00,0.0, ,104290, ,5.26, ,23.30, ,84.6, 
2010/1/23,12:00,0.0, ,104240, ,0.79, ,0.00, ,84.5, 
2010/1/23,13:00,0.0, ,104290, ,6.35, ,0.00, ,84.6, 
2010/1/23,14:00,0.0, ,104330, ,14.69, ,0.00, ,84.6, 
2010/1/23,15:00,0.0, ,104370, ,8.34, ,0.00, ,84.6, 
2010/1/23,16:00,0.0, ,104370, ,6.35, ,0.00, ,84.6, 
2010/1/23,17:00,0.0, ,104410, ,10.57, ,3.20, ,84.7, 
2010/1/23,18:00,0.0, ,104370, ,11.63, ,28.90, ,84.6, 
2010/1/23,19:00,0.0, ,104200, ,5.96, ,57.10, ,84.5, 
2010/1/23,20:00,0.0, ,104070, ,5.56, ,19.90, ,84.3, 
2010/1/23,21:00,0.0, ,104070, ,0.88, ,0.00, ,84.3, 
2010/1/23,22:00,0.0, ,104070, ,0.00, ,0.00, ,84.3, 
2010/1/23,23:00,0.0, ,104070, ,0.00, ,0.00, ,84.3, 
2010/1/23,24:00,0.0, ,104070, ,0.00, ,0.00, ,84.3, 
2010/1/24,01:00,0.0, ,104070, ,0.00, ,0.00, ,84.3, 
2010/1/24,02:00,0.0, ,104070, ,0.00, ,0.00, ,84.3, 
2010/1/24,03:00,0.0, ,104070, ,0.00, ,0.00, ,84.3, 
2010/1/24,04:00,0.0, ,104070, ,0.00, ,0.00, ,84.3, 
2010/1/24,05:00,0.0, ,104070, ,0.00, ,0.00, ,84.3, 
2010/1/24,06:00,0.0, ,104070, ,0.00, ,0.00, ,84.3, 
2010/1/24,07:00,0.0, ,104070, ,0.00, ,0.00, ,84.3, 
2010/1/24,08:00,0.0, ,104070, ,0.05, ,3.10, ,84.3, 
2010/1/24,09:00,0.0, ,104030, ,10.78, ,28.40, ,84.3, 
2010/1/24,10:00,0.0, ,103820, ,4.94, ,57.20, ,84.1, 
2010/1/24,11:00,0.0, ,103640, ,2.75, ,57.30, ,83.9, 
2010/1/24,12:00,0.0, ,103560, ,7.45, ,25.00, ,83.9, 
2010/1/24,13:00,0.0, ,103560, ,3.20, ,0.00, ,83.9, 
2010/1/24,14:00,0.0, ,103560, ,0.00, ,0.00, ,83.9, 
2010/1/24,15:00,0.0, ,103560, ,0.00, ,0.00, ,83.9, 
2010/1/24,16:00,0.0, ,103600, ,11.87, ,0.00, ,83.9, 
2010/1/24,17:00,0.0, ,103640, ,2.62, ,2.90, ,83.9, 
2010/1/24,18:00,0.0, ,103600, ,21.49, ,32.00, ,83.9, 
2010/1/24,19:00,0.0, ,103390, ,8.64, ,57.30, ,83.7, 
2010/1/24,20:00,0.0, ,103220, ,5.25, ,55.90, ,83.5, 
2010/1/24,21:00,0.0, ,103220, ,3.25, ,0.00, ,83.5, 
2010/1/24,22:00,0.0, ,103220, ,0.01, ,0.00, ,83.5, 
2010/1/24,23:00,0.0, ,103220, ,0.00, ,0.00, ,83.5, 
2010/1/24,24:00,0.0, ,103220, ,0.00, ,0.00, ,83.5, 
2010/1/25,01:00,0.0, ,103220, ,0.00, ,0.00, ,83.5, 
2010/1/25,02:00,0.0, ,103220, ,0.00, ,0.00, ,83.5, 
2010/1/25,03:00,0.0, ,103220, ,0.00, ,0.00, ,83.5, 
2010/1/25,04:00,0.0, ,103220, ,0.00, ,0.00, ,83.5, 
2010/1/25,05:00,0.0, ,103220, ,0.00, ,0.00, ,83.5, 
2010/1/25,06:00,0.0, ,103220, ,0.00, ,0.00, ,83.5, 
2010/1/25,07:00,0.0, ,103260, ,9.48, ,0.00, ,83.6, 
2010/1/25,08:00,0.0, ,103260, ,2.42, ,3.20, ,83.6, 
2010/1/25,09:00,0.0, ,103170, ,6.46, ,27.00, ,83.5, 
2010/1/25,10:00,0.0, ,103000, ,1.70, ,50.70, ,83.3, 
2010/1/25,11:00,0.0, ,102830, ,2.88, ,50.10, ,83.2, 
2010/1/25,12:00,0.0, ,102830, ,3.87, ,0.00, ,83.2, 
2010/1/25,13:00,0.0, ,102830, ,0.00, ,0.00, ,83.2, 
2010/1/25,14:00,0.0, ,102830, ,0.00, ,0.00, ,83.2, 
2010/1/25,15:00,0.1, ,102880, ,10.84, ,0.00, ,83.2, 
2010/1/25,16:00,0.1, ,102920, ,8.67, ,0.00, ,83.2, 
2010/1/25,17:00,0.2, ,102920, ,4.20, ,3.40, ,83.2, 
2010/1/25,18:00,0.1, ,102920, ,14.19, ,30.30, ,83.2, 
2010/1/25,19:00,0.0, ,102710, ,12.02, ,53.70, ,83.0, 
2010/1/25,20:00,0.0, ,102540, ,2.59, ,53.70, ,82.9, 
2010/1/25,21:00,0.0, ,102490, ,1.78, ,0.00, ,82.8, 
2010/1/25,22:00,0.0, ,102490, ,0.00, ,0.00, ,82.8, 
2010/1/25,23:00,0.0, ,102540, ,11.21, ,0.00, ,82.9, 
2010/1/25,24:00,0.0, ,102540, ,0.59, ,0.00, ,82.9, 
2010/1/26,01:00,0.0, ,102540, ,0.00, ,0.00, ,82.9, 
2010/1/26,02:00,0.0, ,102540, ,0.00, ,0.00, ,82.9, 
2010/1/26,03:00,0.0, ,102540, ,0.00, ,0.00, ,82.9, 
2010/1/26,04:00,0.0, ,102540, ,0.00, ,0.00, ,82.9, 
2010/1/26,05:00,0.0, ,102540, ,0.00, ,0.00, ,82.9, 
2010/1/26,06:00,0.0, ,102540, ,0.00, ,0.00, ,82.9, 
2010/1/26,07:00,0.0, ,102540, ,0.00, ,0.00, ,82.9, 
2010/1/26,08:00,0.0, ,102540, ,0.06, ,3.40, ,82.9, 
2010/1/26,09:00,0.0, ,102490, ,10.25, ,27.00, ,82.8, 
2010/1/26,10:00,0.0, ,102320, ,4.40, ,50.50, ,82.7, 
2010/1/26,11:00,0.0, ,102150, ,2.51, ,45.00, ,82.5, 
2010/1/26,12:00,0.0, ,102110, ,1.36, ,0.00, ,82.5, 
2010/1/26,13:00,0.0, ,102150, ,0.39, ,0.00, ,82.5, 
2010/1/26,14:00,0.0, ,102150, ,11.39, ,0.00, ,82.5, 
2010/1/26,15:00,0.0, ,102200, ,3.34, ,0.00, ,82.5, 
2010/1/26,16:00,0.0, ,102240, ,8.64, ,0.00, ,82.6, 
2010/1/26,17:00,0.0, ,102240, ,11.65, ,3.40, ,82.6, 
2010/1/26,18:00,0.0, ,102200, ,10.90, ,30.50, ,82.5, 
2010/1/26,19:00,0.0, ,102030, ,9.11, ,54.40, ,82.4, 
2010/1/26,20:00,0.0, ,101860, ,4.92, ,52.60, ,82.2, 
2010/1/26,21:00,0.0, ,101820, ,0.73, ,0.00, ,82.2, 
2010/1/26,22:00,0.0, ,101820, ,0.00, ,0.00, ,82.2, 
2010/1/26,23:00,0.0, ,101820, ,0.00, ,0.00, ,82.2, 
2010/1/26,24:00,0.0, ,101820, ,0.00, ,0.00, ,82.2, 
2010/1/27,01:00,0.0, ,101820, ,0.00, ,0.00, ,82.2, 
2010/1/27,02:00,0.0, ,101820, ,0.00, ,0.00, ,82.2, 
2010/1/27,03:00,0.0, ,101820, ,0.00, ,0.00, ,82.2, 
2010/1/27,04:00,0.0, ,101820, ,0.00, ,0.00, ,82.2, 
2010/1/27,05:00,0.0, ,101820, ,0.00, ,0.00, ,82.2, 
2010/1/27,06:00,0.0, ,101820, ,0.00, ,0.00, ,82.2, 
2010/1/27,07:00,0.0, ,101820, ,0.05, ,3.10, ,82.2, 
2010/1/27,08:00,0.0, ,101770, ,10.23, ,27.20, ,82.1, 
2010/1/27,09:00,0.0, ,101600, ,4.82, ,50.80, ,82.0, 
2010/1/27,10:00,0.0, ,101390, ,3.17, ,54.40, ,81.8, 
2010/1/27,11:00,0.0, ,101220, ,2.41, ,53.40, ,81.6, 
2010/1/27,12:00,0.0, ,101180, ,2.33, ,0.00, ,81.6, 
2010/1/27,13:00,0.0, ,101220, ,0.59, ,0.00, ,81.6, 
2010/1/27,14:00,0.0, ,101220, ,11.14, ,0.00, ,81.6, 
2010/1/27,15:00,0.0, ,101270, ,3.52, ,0.00, ,81.7, 
2010/1/27,16:00,0.0, ,101270, ,8.21, ,0.00, ,81.7, 
2010/1/27,17:00,0.0, ,101310, ,11.59, ,3.00, ,81.7, 
2010/1/27,18:00,0.0, ,101270, ,12.85, ,27.00, ,81.7, 
2010/1/27,19:00,0.0, ,101140, ,9.37, ,51.10, ,81.5, 
2010/1/27,20:00,0.0, ,100970, ,5.84, ,27.00, ,81.4, 
2010/1/27,21:00,0.0, ,100930, ,2.68, ,0.00, ,81.3, 
2010/1/27,22:00,0.0, ,100930, ,0.07, ,0.00, ,81.3, 
2010/1/27,23:00,0.0, ,100930, ,0.00, ,0.00, ,81.3, 
2010/1/27,24:00,0.0, ,100930, ,0.00, ,0.00, ,81.3, 
2010/1/28,01:00,2.0, ,100930, ,0.00, ,0.00, ,81.3, 
2010/1/28,02:00,4.5, ,100930, ,0.00, ,0.00, ,81.3, 
2010/1/28,03:00,5.6, ,100970, ,10.93, ,0.00, ,81.4, 
2010/1/28,04:00,6.0, ,101010, ,8.20, ,0.00, ,81.4, 
2010/1/28,05:00,6.8, ,101050, ,8.01, ,0.00, ,81.4, 
2010/1/28,06:00,4.0, ,101100, ,9.57, ,0.00, ,81.5, 
2010/1/28,07:00,2.9, ,101100, ,10.21, ,3.20, ,81.5, 
2010/1/28,08:00,0.7, ,101100, ,13.36, ,26.90, ,81.5, 
2010/1/28,09:00,0.2, ,100970, ,8.28, ,36.00, ,81.4, 
2010/1/28,10:00,0.0, ,100930, ,6.82, ,15.90, ,81.3, 
2010/1/28,11:00,0.0, ,100970, ,9.21, ,0.00, ,81.4, 
2010/1/28,12:00,0.0, ,101010, ,15.22, ,0.00, ,81.4, 
2010/1/28,13:00,0.0, ,101100, ,20.31, ,0.00, ,81.5, 
2010/1/28,14:00,0.0, ,101180, ,17.38, ,0.00, ,81.6, 
2010/1/28,15:00,0.0, ,101220, ,20.12, ,0.00, ,81.6, 
2010/1/28,16:00,0.0, ,101270, ,15.05, ,0.00, ,81.7, 
2010/1/28,17:00,0.0, ,101350, ,12.71, ,0.00, ,81.7, 
2010/1/28,18:00,0.0, ,101390, ,19.16, ,0.00, ,81.8, 
2010/1/28,19:00,0.0, ,101480, ,16.63, ,0.00, ,81.9, 
2010/1/28,20:00,0.0, ,101520, ,14.09, ,0.00, ,81.9, 
2010/1/28,21:00,0.0, ,101560, ,15.66, ,0.00, ,81.9, 
2010/1/28,22:00,0.0, ,101600, ,14.49, ,0.00, ,82.0, 
2010/1/28,23:00,0.0, ,101650, ,11.16, ,0.00, ,82.0, 
2010/1/28,24:00,0.0, ,101690, ,9.79, ,0.00, ,82.1, 
2010/1/29,01:00,0.0, ,101730, ,14.69, ,0.00, ,82.1, 
2010/1/29,02:00,0.0, ,101770, ,8.82, ,0.00, ,82.1, 
2010/1/29,03:00,0.0, ,101770, ,6.47, ,0.00, ,82.1, 
2010/1/29,04:00,0.0, ,101820, ,6.47, ,0.00, ,82.2, 
2010/1/29,05:00,0.0, ,101820, ,5.29, ,0.00, ,82.2, 
2010/1/29,06:00,0.0, ,101860, ,8.43, ,0.00, ,82.2, 
2010/1/29,07:00,0.0, ,101860, ,3.33, ,0.00, ,82.2, 
2010/1/29,08:00,0.0, ,101900, ,3.40, ,3.70, ,82.3, 
2010/1/29,09:00,0.0, ,101860, ,15.61, ,21.70, ,82.2, 
2010/1/29,10:00,0.0, ,101730, ,7.95, ,50.80, ,82.1, 
2010/1/29,11:00,0.0, ,101730, ,10.27, ,0.00, ,82.1, 
2010/1/29,12:00,0.0, ,101770, ,7.26, ,0.00, ,82.1, 
2010/1/29,13:00,0.0, ,101820, ,8.43, ,0.00, ,82.2, 
2010/1/29,14:00,0.0, ,101820, ,7.84, ,0.00, ,82.2, 
2010/1/29,15:00,0.0, ,101860, ,7.25, ,0.00, ,82.2, 
2010/1/29,16:00,0.0, ,101900, ,14.71, ,0.00, ,82.3, 
2010/1/29,17:00,0.0, ,101940, ,9.48, ,3.80, ,82.3, 
2010/1/29,18:00,0.0, ,101940, ,17.84, ,28.70, ,82.3, 
2010/1/29,19:00,0.0, ,101770, ,14.80, ,57.60, ,82.1, 
2010/1/29,20:00,0.0, ,101600, ,10.38, ,57.10, ,82.0, 
2010/1/29,21:00,0.0, ,101600, ,9.86, ,0.00, ,82.0, 
2010/1/29,22:00,0.0, ,101600, ,0.00, ,0.00, ,82.0, 
2010/1/29,23:00,0.0, ,101650, ,5.29, ,0.00, ,82.0, 
2010/1/29,24:00,0.0, ,101690, ,7.44, ,0.00, ,82.1, 
2010/1/30,01:00,0.0, ,101690, ,10.77, ,0.00, ,82.1, 
2010/1/30,02:00,0.0, ,101730, ,10.39, ,0.00, ,82.1, 
2010/1/30,03:00,0.0, ,101770, ,1.76, ,0.00, ,82.1, 
2010/1/30,04:00,0.0, ,101770, ,11.37, ,0.00, ,82.1, 
2010/1/30,05:00,0.0, ,101770, ,0.00, ,0.00, ,82.1, 
2010/1/30,06:00,0.0, ,101820, ,6.86, ,0.00, ,82.2, 
2010/1/30,07:00,0.0, ,101820, ,4.90, ,0.00, ,82.2, 
2010/1/30,08:00,0.0, ,101860, ,1.43, ,3.60, ,82.2, 
2010/1/30,09:00,0.0, ,101770, ,20.41, ,30.00, ,82.1, 
2010/1/30,10:00,0.0, ,101600, ,4.11, ,57.20, ,82.0, 
2010/1/30,11:00,0.0, ,101430, ,5.32, ,48.90, ,81.8, 
2010/1/30,12:00,0.0, ,101430, ,5.38, ,0.00, ,81.8, 
2010/1/30,13:00,0.0, ,101430, ,0.01, ,0.00, ,81.8, 
2010/1/30,14:00,0.0, ,101480, ,5.87, ,0.00, ,81.9, 
2010/1/30,15:00,0.0, ,101520, ,9.00, ,0.00, ,81.9, 
2010/1/30,16:00,0.0, ,101520, ,8.61, ,0.00, ,81.9, 
2010/1/30,17:00,0.0, ,101560, ,11.61, ,3.40, ,81.9, 
2010/1/30,18:00,0.0, ,101560, ,13.99, ,29.00, ,81.9, 
2010/1/30,19:00,0.0, ,101350, ,13.08, ,57.60, ,81.7, 
2010/1/30,20:00,0.0, ,101180, ,8.16, ,57.40, ,81.6, 
2010/1/30,21:00,0.0, ,101100, ,6.42, ,28.50, ,81.5, 
2010/1/30,22:00,0.0, ,101100, ,5.23, ,0.00, ,81.5, 
2010/1/30,23:00,0.0, ,101100, ,0.00, ,0.00, ,81.5, 
2010/1/30,24:00,0.0, ,101140, ,10.55, ,0.00, ,81.5, 
2010/1/31,01:00,0.0, ,101180, ,3.52, ,0.00, ,81.6, 
2010/1/31,02:00,0.0, ,101180, ,9.38, ,0.00, ,81.6, 
2010/1/31,03:00,0.1, ,101220, ,5.67, ,0.00, ,81.6, 
2010/1/31,04:00,0.0, ,101220, ,6.06, ,0.00, ,81.6, 
2010/1/31,05:00,0.6, ,101220, ,0.00, ,0.00, ,81.6, 
2010/1/31,06:00,0.0, ,101220, ,0.00, ,0.00, ,81.6, 
2010/1/31,07:00,1.0, ,101270, ,10.36, ,0.00, ,81.7, 
2010/1/31,08:00,1.7, ,101270, ,1.37, ,0.00, ,81.7, 
2010/1/31,09:00,0.0, ,101310, ,4.69, ,0.00, ,81.7, 
2010/1/31,10:00,0.4, ,101310, ,7.04, ,0.00, ,81.7, 
2010/1/31,11:00,1.2, ,101310, ,0.00, ,0.00, ,81.7, 
2010/1/31,12:00,1.6, ,101350, ,10.75, ,0.00, ,81.7, 
2010/1/31,13:00,0.8, ,101390, ,8.61, ,0.00, ,81.8, 
2010/1/31,14:00,0.8, ,101430, ,8.41, ,0.00, ,81.8, 
2010/1/31,15:00,0.9, ,101480, ,11.35, ,0.00, ,81.9, 
2010/1/31,16:00,0.3, ,101520, ,9.20, ,0.00, ,81.9, 
2010/1/31,17:00,0.3, ,101520, ,10.42, ,3.20, ,81.9, 
2010/1/31,18:00,0.0, ,101520, ,12.52, ,25.20, ,81.9, 
2010/1/31,19:00,0.0, ,101430, ,16.47, ,26.90, ,81.8, 
2010/1/31,20:00,0.0, ,101430, ,4.87, ,0.00, ,81.8, 
2010/1/31,21:00,0.0, ,101480, ,1.18, ,0.00, ,81.9, 
2010/1/31,22:00,0.2, ,101480, ,10.63, ,3.60, ,81.9, 
2010/1/31,23:00,0.0, ,101480, ,9.13, ,19.00, ,81.9, 
2010/1/31,24:00,0.0, ,101430, ,15.81, ,19.00, ,81.8, 
