îCà”ä˙ä‘É_ÉÄèîó åüçıåãâ 
êÖånñº,ãgñÏêÏ
âÕêÏñº,ãgñÏêÏ
äœë™èäñº,ëÅñæâYÉ_ÉÄÅiã@ç\Åj
äœë™èäãLçÜ,1368080700010
#
#îNåéì˙,éûçè,ó¨àÊïΩãœâJó ,ó¨àÊïΩãœâJó ëÆê´,íôêÖó ,íôêÖó ëÆê´,ó¨ì¸ó ,ó¨ì¸ó ëÆê´,ï˙ó¨ó ,ï˙ó¨ó ëÆê´,íôêÖó¶,íôêÖó¶ëÆê´
#ëÆê´Å@$:åáë™ -:ñ¢éÛêM
#
2004/7/1,01:00,0.0, ,196020, ,24.06, ,55.70, ,100.0, 
2004/7/1,02:00,0.0, ,195900, ,25.31, ,55.70, ,100.0, 
2004/7/1,03:00,0.0, ,195780, ,29.13, ,56.10, ,100.0, 
2004/7/1,04:00,0.0, ,195660, ,29.10, ,55.60, ,100.0, 
2004/7/1,05:00,0.0, ,195600, ,23.20, ,55.50, ,100.0, 
2004/7/1,06:00,0.0, ,195480, ,28.08, ,56.00, ,100.0, 
2004/7/1,07:00,0.0, ,195360, ,19.52, ,55.30, ,100.0, 
2004/7/1,08:00,0.0, ,195240, ,28.11, ,55.70, ,100.0, 
2004/7/1,09:00,0.0, ,195120, ,29.03, ,55.80, ,100.0, 
2004/7/1,10:00,0.0, ,195000, ,29.22, ,55.70, ,100.0, 
2004/7/1,11:00,0.0, ,194880, ,22.32, ,55.80, ,100.0, 
2004/7/1,12:00,0.0, ,194760, ,24.38, ,55.60, ,100.0, 
2004/7/1,13:00,0.0, ,194700, ,28.65, ,55.60, ,100.0, 
2004/7/1,14:00,0.0, ,194580, ,32.05, ,55.70, ,100.0, 
2004/7/1,15:00,0.0, ,194460, ,17.85, ,56.20, ,100.0, 
2004/7/1,16:00,0.0, ,194340, ,27.00, ,56.00, ,100.0, 
2004/7/1,17:00,0.0, ,194220, ,29.75, ,56.00, ,100.0, 
2004/7/1,18:00,0.0, ,194100, ,23.56, ,55.70, ,100.0, 
2004/7/1,19:00,0.0, ,194040, ,29.96, ,56.00, ,100.0, 
2004/7/1,20:00,0.0, ,193920, ,24.19, ,55.80, ,100.0, 
2004/7/1,21:00,0.0, ,193800, ,28.65, ,55.70, ,100.0, 
2004/7/1,22:00,0.0, ,193690, ,20.97, ,55.90, ,100.0, 
2004/7/1,23:00,0.0, ,193570, ,24.00, ,55.80, ,100.0, 
2004/7/1,24:00,0.0, ,193450, ,26.44, ,56.00, ,100.0, 
2004/7/2,01:00,0.0, ,193330, ,20.49, ,56.20, ,100.0, 
2004/7/2,02:00,0.0, ,193210, ,29.04, ,55.90, ,100.0, 
2004/7/2,03:00,0.0, ,193090, ,12.70, ,56.00, ,100.0, 
2004/7/2,04:00,0.0, ,192970, ,22.05, ,55.90, ,100.0, 
2004/7/2,05:00,0.0, ,192850, ,23.84, ,56.00, ,100.0, 
2004/7/2,06:00,0.0, ,192730, ,19.51, ,56.10, ,100.0, 
2004/7/2,07:00,0.0, ,192550, ,18.55, ,56.00, ,100.0, 
2004/7/2,08:00,0.0, ,192440, ,22.50, ,56.40, ,100.0, 
2004/7/2,09:00,0.0, ,192320, ,25.79, ,55.90, ,100.0, 
2004/7/2,10:00,0.0, ,192200, ,24.67, ,56.10, ,100.0, 
2004/7/2,11:00,0.0, ,192080, ,16.73, ,56.30, ,100.0, 
2004/7/2,12:00,0.0, ,191960, ,23.59, ,56.20, ,100.0, 
2004/7/2,13:00,0.0, ,191840, ,24.21, ,56.30, ,100.0, 
2004/7/2,14:00,0.0, ,191720, ,21.01, ,56.00, ,100.0, 
2004/7/2,15:00,0.0, ,191610, ,22.52, ,56.40, ,100.0, 
2004/7/2,16:00,0.0, ,191490, ,21.15, ,56.10, ,100.0, 
2004/7/2,17:00,0.0, ,191310, ,28.98, ,56.30, ,100.0, 
2004/7/2,18:00,0.0, ,191190, ,24.33, ,56.40, ,100.0, 
2004/7/2,19:00,0.0, ,191070, ,18.80, ,56.30, ,100.0, 
2004/7/2,20:00,0.0, ,190950, ,25.29, ,56.40, ,100.0, 
2004/7/2,21:00,0.0, ,190840, ,24.05, ,56.10, ,100.0, 
2004/7/2,22:00,0.0, ,190720, ,11.57, ,56.30, ,100.0, 
2004/7/2,23:00,0.0, ,190540, ,22.54, ,56.20, ,100.0, 
2004/7/2,24:00,0.0, ,190420, ,21.58, ,56.20, ,100.0, 
2004/7/3,01:00,0.0, ,190310, ,21.15, ,56.90, ,100.0, 
2004/7/3,02:00,0.0, ,190190, ,24.95, ,56.20, ,100.0, 
2004/7/3,03:00,0.0, ,190010, ,13.11, ,56.30, ,100.0, 
2004/7/3,04:00,0.0, ,189950, ,29.12, ,56.50, ,100.0, 
2004/7/3,05:00,0.0, ,189770, ,31.54, ,56.30, ,100.0, 
2004/7/3,06:00,0.0, ,189660, ,23.57, ,56.20, ,100.0, 
2004/7/3,07:00,0.0, ,189540, ,27.75, ,56.60, ,100.0, 
2004/7/3,08:00,0.0, ,189360, ,15.74, ,56.50, ,100.0, 
2004/7/3,09:00,0.0, ,189250, ,21.53, ,56.60, ,100.0, 
2004/7/3,10:00,0.0, ,189130, ,26.34, ,56.50, ,100.0, 
2004/7/3,11:00,0.0, ,188950, ,15.48, ,56.50, ,100.0, 
2004/7/3,12:00,0.0, ,188830, ,19.65, ,56.70, ,100.0, 
2004/7/3,13:00,0.0, ,188720, ,21.58, ,56.50, ,100.0, 
2004/7/3,14:00,0.0, ,188600, ,15.75, ,56.40, ,100.0, 
2004/7/3,15:00,0.0, ,188420, ,19.90, ,56.40, ,100.0, 
2004/7/3,16:00,0.0, ,188300, ,21.82, ,56.70, ,100.0, 
2004/7/3,17:00,0.0, ,188190, ,19.09, ,56.80, ,100.0, 
2004/7/3,18:00,0.0, ,188010, ,19.59, ,57.00, ,100.0, 
2004/7/3,19:00,0.0, ,187890, ,22.95, ,56.80, ,100.0, 
2004/7/3,20:00,0.0, ,187780, ,15.52, ,56.60, ,100.0, 
2004/7/3,21:00,3.0, ,187660, ,21.31, ,56.60, ,100.0, 
2004/7/3,22:00,0.0, ,187480, ,16.50, ,56.70, ,100.0, 
2004/7/3,23:00,0.0, ,187370, ,21.35, ,56.80, ,100.0, 
2004/7/3,24:00,0.0, ,187250, ,16.60, ,56.40, ,100.0, 
2004/7/4,01:00,0.0, ,187070, ,14.64, ,57.00, ,100.0, 
2004/7/4,02:00,0.0, ,186960, ,21.61, ,57.00, ,100.0, 
2004/7/4,03:00,0.0, ,186840, ,21.26, ,56.90, ,100.0, 
2004/7/4,04:00,0.0, ,186660, ,21.03, ,56.90, ,100.0, 
2004/7/4,05:00,0.0, ,186550, ,22.47, ,56.80, ,100.0, 
2004/7/4,06:00,0.0, ,186370, ,20.62, ,56.60, ,100.0, 
2004/7/4,07:00,0.0, ,186250, ,21.17, ,57.20, ,100.0, 
2004/7/4,08:00,0.0, ,186140, ,21.73, ,57.20, ,100.0, 
2004/7/4,09:00,0.0, ,185960, ,15.61, ,57.10, ,100.0, 
2004/7/4,10:00,0.0, ,185850, ,20.88, ,57.10, ,100.0, 
2004/7/4,11:00,0.1, ,185730, ,16.89, ,57.10, ,100.0, 
2004/7/4,12:00,1.5, ,185550, ,20.47, ,57.20, ,100.0, 
2004/7/4,13:00,1.8, ,185440, ,33.27, ,57.20, ,100.0, 
2004/7/4,14:00,3.7, ,185320, ,15.91, ,57.00, ,100.0, 
2004/7/4,15:00,4.4, ,185200, ,37.07, ,56.90, ,100.0, 
2004/7/4,16:00,1.3, ,185090, ,15.58, ,57.10, ,100.0, 
2004/7/4,17:00,3.4, ,184970, ,28.36, ,57.00, ,100.0, 
2004/7/4,18:00,4.7, ,184910, ,28.68, ,57.10, ,100.0, 
2004/7/4,19:00,6.9, ,184910, ,49.43, ,57.10, ,100.0, 
2004/7/4,20:00,3.7, ,184970, ,79.52, ,57.10, ,100.0, 
2004/7/4,21:00,3.9, ,185030, ,60.78, ,56.70, ,100.0, 
2004/7/4,22:00,3.6, ,185030, ,61.12, ,57.20, ,100.0, 
2004/7/4,23:00,3.6, ,185090, ,79.98, ,56.80, ,100.0, 
2004/7/4,24:00,5.3, ,185200, ,84.67, ,57.10, ,100.0, 
2004/7/5,01:00,7.4, ,185320, ,87.76, ,57.20, ,100.0, 
2004/7/5,02:00,6.7, ,185440, ,92.92, ,57.00, ,100.0, 
2004/7/5,03:00,8.5, ,185610, ,110.12, ,66.52, ,100.0, 
2004/7/5,04:00,10.9, ,185960, ,179.38, ,66.14, ,100.0, 
2004/7/5,05:00,19.6, ,186370, ,218.64, ,161.42, ,100.0, 
2004/7/5,06:00,4.8, ,186600, ,263.90, ,193.02, ,100.0, 
2004/7/5,07:00,0.1, ,187660, ,412.28, ,198.98, ,100.0, 
2004/7/5,08:00,0.0, ,188190, ,316.02, ,99.56, ,100.0, 
2004/7/5,09:00,0.0, ,188890, ,255.44, ,76.96, ,100.0, 
2004/7/5,10:00,0.0, ,189480, ,236.18, ,77.12, ,100.0, 
2004/7/5,11:00,0.0, ,189890, ,189.55, ,66.86, ,100.0, 
2004/7/5,12:00,0.0, ,190310, ,155.41, ,67.08, ,100.0, 
2004/7/5,13:00,0.0, ,190540, ,156.66, ,62.00, ,100.0, 
2004/7/5,14:00,0.0, ,190840, ,128.75, ,61.64, ,100.0, 
2004/7/5,15:00,0.0, ,191070, ,132.02, ,61.58, ,100.0, 
2004/7/5,16:00,0.0, ,191250, ,117.08, ,61.80, ,100.0, 
2004/7/5,17:00,0.0, ,191430, ,105.72, ,61.82, ,100.0, 
2004/7/5,19:00,0.0, ,191720, ,98.77, ,56.40, ,100.0, 
2004/7/5,20:00,0.0, ,191840, ,82.25, ,56.30, ,100.0, 
2004/7/5,21:00,0.0, ,191900, ,86.57, ,55.90, ,100.0, 
2004/7/5,22:00,0.0, ,192080, ,84.86, ,56.00, ,100.0, 
2004/7/5,23:00,0.0, ,192140, ,84.57, ,56.10, ,100.0, 
2004/7/5,24:00,0.0, ,192200, ,79.09, ,56.00, ,100.0, 
2004/7/6,01:00,0.0, ,192260, ,84.65, ,56.40, ,100.0, 
2004/7/6,02:00,0.0, ,192320, ,87.02, ,56.00, ,100.0, 
2004/7/6,03:00,0.0, ,192380, ,72.54, ,55.90, ,100.0, 
2004/7/6,04:00,0.0, ,192380, ,56.21, ,56.10, ,100.0, 
2004/7/6,05:00,0.0, ,192440, ,73.91, ,56.00, ,100.0, 
2004/7/6,06:00,0.0, ,192440, ,56.12, ,56.00, ,100.0, 
2004/7/6,07:00,0.0, ,192500, ,67.10, ,56.30, ,100.0, 
2004/7/6,08:00,0.0, ,192500, ,56.09, ,56.20, ,100.0, 
2004/7/6,09:00,0.0, ,192500, ,56.13, ,55.90, ,100.0, 
2004/7/6,10:00,0.0, ,192500, ,56.18, ,56.00, ,100.0, 
2004/7/6,11:00,0.0, ,192500, ,56.18, ,55.90, ,100.0, 
2004/7/6,12:00,0.0, ,192500, ,56.26, ,56.30, ,100.0, 
2004/7/6,13:00,0.0, ,192500, ,56.16, ,56.10, ,100.0, 
2004/7/6,14:00,0.0, ,192500, ,56.24, ,56.20, ,100.0, 
2004/7/6,15:00,0.0, ,192500, ,56.25, ,56.40, ,100.0, 
2004/7/6,16:00,0.0, ,192440, ,39.82, ,56.40, ,100.0, 
2004/7/6,17:00,0.0, ,192440, ,56.20, ,56.30, ,100.0, 
2004/7/6,18:00,0.0, ,192380, ,29.42, ,56.30, ,100.0, 
2004/7/6,19:00,0.0, ,192380, ,56.11, ,56.20, ,100.0, 
2004/7/6,20:00,0.0, ,192320, ,26.82, ,56.50, ,100.0, 
2004/7/6,21:00,0.0, ,192260, ,42.96, ,56.30, ,100.0, 
2004/7/6,22:00,0.0, ,192200, ,54.73, ,56.00, ,100.0, 
2004/7/6,23:00,0.0, ,192200, ,56.18, ,55.90, ,100.0, 
2004/7/6,24:00,0.0, ,192140, ,46.60, ,55.90, ,100.0, 
2004/7/7,01:00,0.0, ,192080, ,35.53, ,56.40, ,100.0, 
2004/7/7,02:00,0.0, ,192020, ,48.56, ,56.20, ,100.0, 
2004/7/7,03:00,0.0, ,191960, ,32.32, ,56.10, ,100.0, 
2004/7/7,04:00,0.0, ,191900, ,46.08, ,56.10, ,100.0, 
2004/7/7,05:00,0.0, ,191840, ,40.27, ,56.30, ,100.0, 
2004/7/7,06:00,0.0, ,191780, ,51.28, ,56.40, ,100.0, 
2004/7/7,07:00,0.0, ,191660, ,45.95, ,56.30, ,100.0, 
2004/7/7,08:00,0.0, ,191610, ,50.20, ,56.20, ,100.0, 
2004/7/7,09:00,0.0, ,191550, ,32.56, ,56.40, ,100.0, 
2004/7/7,10:00,0.0, ,191490, ,26.20, ,56.40, ,100.0, 
2004/7/7,11:00,0.0, ,191430, ,31.42, ,56.40, ,100.0, 
2004/7/7,12:00,0.0, ,191310, ,39.33, ,56.10, ,100.0, 
2004/7/7,13:00,0.0, ,191250, ,51.81, ,56.30, ,100.0, 
2004/7/7,14:00,0.0, ,191190, ,31.13, ,56.30, ,100.0, 
2004/7/7,15:00,0.2, ,191070, ,32.37, ,56.20, ,100.0, 
2004/7/7,16:00,0.5, ,191010, ,53.39, ,56.40, ,100.0, 
2004/7/7,17:00,0.5, ,190950, ,34.43, ,56.20, ,100.0, 
2004/7/7,18:00,0.0, ,190900, ,33.37, ,56.10, ,100.0, 
2004/7/7,19:00,0.0, ,190780, ,43.02, ,56.30, ,100.0, 
2004/7/7,20:00,0.1, ,190720, ,26.72, ,56.40, ,100.0, 
2004/7/7,21:00,0.8, ,190600, ,32.21, ,56.40, ,100.0, 
2004/7/7,22:00,0.8, ,190540, ,43.36, ,56.20, ,100.0, 
2004/7/7,23:00,0.0, ,190480, ,24.28, ,56.10, ,100.0, 
2004/7/7,24:00,0.1, ,190360, ,36.68, ,56.40, ,100.0, 
2004/7/8,01:00,0.4, ,190310, ,31.94, ,56.50, ,100.0, 
2004/7/8,02:00,0.2, ,190190, ,31.62, ,56.20, ,100.0, 
2004/7/8,03:00,0.2, ,190130, ,25.14, ,56.40, ,100.0, 
2004/7/8,04:00,0.0, ,190010, ,36.97, ,56.60, ,100.0, 
2004/7/8,05:00,0.0, ,189950, ,27.86, ,56.40, ,100.0, 
2004/7/8,06:00,0.0, ,189830, ,32.85, ,56.30, ,100.0, 
2004/7/8,07:00,0.0, ,189770, ,30.54, ,56.40, ,100.0, 
2004/7/8,08:00,0.0, ,189660, ,35.67, ,56.50, ,100.0, 
2004/7/8,09:00,0.0, ,189600, ,35.44, ,56.50, ,100.0, 
2004/7/8,10:00,0.0, ,189480, ,34.63, ,56.30, ,100.0, 
2004/7/8,11:00,0.0, ,189360, ,35.18, ,56.30, ,100.0, 
2004/7/8,12:00,0.0, ,189250, ,26.72, ,56.50, ,100.0, 
2004/7/8,13:00,0.0, ,189130, ,22.10, ,56.40, ,100.0, 
2004/7/8,14:00,0.4, ,189070, ,34.88, ,56.60, ,100.0, 
2004/7/8,15:00,0.1, ,189010, ,32.43, ,56.50, ,100.0, 
2004/7/8,16:00,1.6, ,188890, ,36.63, ,56.50, ,100.0, 
2004/7/8,17:00,1.0, ,188830, ,27.10, ,56.60, ,100.0, 
2004/7/8,18:00,0.9, ,188720, ,35.55, ,56.40, ,100.0, 
2004/7/8,19:00,0.1, ,188600, ,35.80, ,56.60, ,100.0, 
2004/7/8,20:00,0.1, ,188540, ,26.66, ,56.60, ,100.0, 
2004/7/8,21:00,0.0, ,188420, ,36.96, ,56.60, ,100.0, 
2004/7/8,22:00,0.0, ,188300, ,37.72, ,56.80, ,100.0, 
2004/7/8,23:00,0.0, ,188190, ,21.00, ,57.00, ,100.0, 
2004/7/8,24:00,0.1, ,188130, ,30.15, ,56.70, ,100.0, 
2004/7/9,01:00,1.0, ,188070, ,40.93, ,56.50, ,100.0, 
2004/7/9,02:00,0.0, ,187950, ,24.47, ,56.60, ,99.9, 
2004/7/9,03:00,0.0, ,187830, ,27.35, ,56.50, ,99.8, 
2004/7/9,04:00,0.0, ,187720, ,22.67, ,56.60, ,99.7, 
2004/7/9,05:00,0.0, ,187660, ,31.35, ,56.90, ,99.7, 
2004/7/9,06:00,0.0, ,187540, ,35.91, ,56.70, ,99.6, 
2004/7/9,07:00,0.0, ,187420, ,28.54, ,56.90, ,99.6, 
2004/7/9,08:00,0.0, ,187370, ,26.68, ,56.80, ,99.5, 
2004/7/9,09:00,0.0, ,187250, ,26.26, ,56.90, ,99.5, 
2004/7/9,10:00,0.0, ,187130, ,27.41, ,56.90, ,99.4, 
2004/7/9,11:00,0.0, ,187010, ,32.67, ,56.60, ,99.3, 
2004/7/9,12:00,0.0, ,186900, ,27.94, ,56.60, ,99.2, 
2004/7/9,13:00,0.0, ,186780, ,33.78, ,56.70, ,99.2, 
2004/7/9,14:00,0.0, ,186660, ,16.69, ,56.70, ,99.1, 
2004/7/9,15:00,1.2, ,186550, ,27.59, ,56.80, ,99.0, 
2004/7/9,16:00,10.2, ,186490, ,28.13, ,57.10, ,99.0, 
2004/7/9,17:00,5.0, ,186370, ,23.01, ,57.00, ,98.9, 
2004/7/9,18:00,0.2, ,186310, ,31.52, ,56.70, ,98.9, 
2004/7/9,19:00,0.0, ,186200, ,30.62, ,57.10, ,98.8, 
2004/7/9,20:00,0.0, ,186140, ,51.96, ,56.60, ,98.8, 
2004/7/9,21:00,0.0, ,186140, ,56.96, ,56.90, ,98.8, 
2004/7/9,22:00,0.0, ,186080, ,46.29, ,56.80, ,98.7, 
2004/7/9,23:00,0.0, ,186020, ,41.16, ,56.70, ,98.7, 
2004/7/9,24:00,0.0, ,185900, ,41.51, ,35.00, ,100.0, 
2004/7/10,01:00,0.0, ,185900, ,29.44, ,0.00, ,100.0, 
2004/7/10,02:00,0.0, ,186020, ,35.12, ,0.00, ,100.0, 
2004/7/10,03:00,0.0, ,186080, ,24.00, ,0.00, ,100.0, 
2004/7/10,04:00,0.0, ,186200, ,28.76, ,0.00, ,100.0, 
2004/7/10,05:00,0.0, ,186310, ,29.20, ,0.00, ,100.0, 
2004/7/10,06:00,0.0, ,186430, ,35.62, ,15.40, ,100.0, 
2004/7/10,07:00,0.0, ,186490, ,27.79, ,18.20, ,100.0, 
2004/7/10,08:00,0.0, ,186490, ,40.41, ,55.20, ,100.0, 
2004/7/10,09:00,0.6, ,186370, ,23.27, ,56.30, ,100.0, 
2004/7/10,10:00,3.3, ,186250, ,30.09, ,56.10, ,100.0, 
2004/7/10,11:00,1.2, ,186200, ,43.04, ,56.10, ,100.0, 
2004/7/10,12:00,0.0, ,186080, ,22.80, ,56.20, ,100.0, 
2004/7/10,13:00,0.0, ,185960, ,30.23, ,56.10, ,100.0, 
2004/7/10,14:00,0.0, ,185900, ,26.85, ,56.10, ,100.0, 
2004/7/10,15:00,1.3, ,185790, ,31.66, ,56.40, ,99.9, 
2004/7/10,16:00,2.4, ,185730, ,40.09, ,56.30, ,99.9, 
2004/7/10,17:00,0.3, ,185610, ,23.84, ,33.70, ,99.8, 
2004/7/10,18:00,0.7, ,185610, ,20.50, ,20.40, ,99.8, 
2004/7/10,19:00,0.0, ,185610, ,20.48, ,20.50, ,99.8, 
2004/7/10,20:00,0.0, ,185610, ,20.53, ,20.50, ,99.8, 
2004/7/10,21:00,0.0, ,185610, ,18.29, ,5.80, ,99.8, 
2004/7/10,22:00,0.0, ,185670, ,21.17, ,0.00, ,99.9, 
2004/7/10,23:00,0.0, ,185790, ,22.80, ,0.00, ,99.9, 
2004/7/10,24:00,0.0, ,185900, ,20.53, ,0.00, ,99.9, 
2004/7/11,01:00,0.0, ,185960, ,21.61, ,0.00, ,99.9, 
2004/7/11,02:00,0.0, ,186020, ,22.81, ,0.00, ,100.0, 
2004/7/11,03:00,0.0, ,186140, ,15.46, ,0.00, ,100.0, 
2004/7/11,04:00,0.0, ,186200, ,28.98, ,0.00, ,100.0, 
2004/7/11,05:00,0.0, ,186250, ,19.79, ,0.00, ,100.0, 
2004/7/11,06:00,0.0, ,186370, ,20.04, ,22.20, ,100.0, 
2004/7/11,07:00,0.0, ,186370, ,27.23, ,53.90, ,100.0, 
2004/7/11,08:00,0.0, ,186250, ,23.15, ,56.30, ,100.0, 
2004/7/11,09:00,0.0, ,186140, ,21.48, ,56.30, ,100.0, 
2004/7/11,10:00,0.0, ,186020, ,23.40, ,56.00, ,100.0, 
2004/7/11,11:00,0.0, ,185900, ,19.34, ,56.20, ,99.9, 
2004/7/11,12:00,0.0, ,185790, ,25.84, ,56.30, ,99.8, 
2004/7/11,13:00,0.0, ,185670, ,20.68, ,56.10, ,99.7, 
2004/7/11,14:00,0.0, ,185500, ,20.77, ,56.20, ,99.6, 
2004/7/11,15:00,0.0, ,185380, ,21.26, ,56.30, ,99.6, 
2004/7/11,16:00,0.0, ,185260, ,18.06, ,35.00, ,99.5, 
2004/7/11,17:00,0.0, ,185200, ,24.49, ,30.60, ,99.5, 
2004/7/11,18:00,0.0, ,185200, ,30.69, ,30.50, ,99.5, 
2004/7/11,19:00,0.0, ,185150, ,12.58, ,30.60, ,99.4, 
2004/7/11,20:00,0.0, ,185150, ,30.73, ,29.90, ,99.4, 
2004/7/11,21:00,0.0, ,185090, ,26.45, ,21.80, ,99.4, 
2004/7/11,22:00,0.0, ,185090, ,18.29, ,0.00, ,99.4, 
2004/7/11,23:00,0.0, ,185090, ,0.00, ,0.00, ,99.4, 
2004/7/11,24:00,0.0, ,185150, ,12.41, ,0.00, ,99.0, 
2004/7/12,01:00,0.0, ,185260, ,11.12, ,0.00, ,99.1, 
2004/7/12,02:00,0.0, ,185320, ,11.23, ,0.00, ,99.1, 
2004/7/12,03:00,0.0, ,185380, ,21.05, ,0.00, ,99.2, 
2004/7/12,04:00,0.0, ,185440, ,31.74, ,0.00, ,99.2, 
2004/7/12,05:00,0.0, ,185500, ,16.96, ,0.00, ,99.2, 
2004/7/12,06:00,0.0, ,185550, ,13.65, ,29.50, ,99.3, 
2004/7/12,07:00,0.0, ,185550, ,27.28, ,53.70, ,99.3, 
2004/7/12,08:00,0.0, ,185500, ,34.45, ,56.20, ,99.2, 
2004/7/12,09:00,0.0, ,185320, ,10.80, ,56.40, ,99.1, 
2004/7/12,10:00,0.0, ,185200, ,14.28, ,56.40, ,99.1, 
2004/7/12,11:00,0.0, ,185030, ,19.04, ,56.40, ,98.9, 
2004/7/12,12:00,0.0, ,184910, ,27.00, ,56.50, ,98.9, 
2004/7/12,13:00,0.0, ,184800, ,16.44, ,56.40, ,98.8, 
2004/7/12,14:00,0.0, ,184680, ,24.04, ,56.60, ,98.7, 
2004/7/12,15:00,0.0, ,184560, ,21.11, ,56.50, ,98.7, 
2004/7/12,16:00,0.0, ,184390, ,22.52, ,35.70, ,98.6, 
2004/7/12,17:00,0.0, ,184330, ,10.67, ,12.10, ,98.5, 
2004/7/12,18:00,0.0, ,184330, ,0.00, ,0.00, ,98.5, 
2004/7/12,19:00,0.0, ,184390, ,20.60, ,0.00, ,98.6, 
2004/7/12,20:00,0.0, ,184390, ,0.08, ,29.60, ,98.6, 
2004/7/12,21:00,0.0, ,184390, ,31.84, ,31.90, ,98.6, 
2004/7/12,22:00,0.0, ,184330, ,22.00, ,24.90, ,98.5, 
2004/7/12,23:00,0.0, ,184330, ,21.55, ,0.00, ,98.5, 
2004/7/12,24:00,0.0, ,184330, ,0.00, ,0.00, ,97.5, 
2004/7/13,01:00,0.0, ,184330, ,0.00, ,0.00, ,97.5, 
2004/7/13,02:00,0.0, ,184330, ,0.00, ,0.00, ,97.5, 
2004/7/13,03:00,0.0, ,184330, ,0.00, ,0.00, ,97.5, 
2004/7/13,04:00,0.0, ,184390, ,14.23, ,0.00, ,97.5, 
2004/7/13,05:00,0.0, ,184390, ,0.00, ,0.00, ,97.5, 
2004/7/13,06:00,0.0, ,184450, ,13.55, ,29.40, ,97.6, 
2004/7/13,07:00,0.0, ,184390, ,25.64, ,53.80, ,97.5, 
2004/7/13,08:00,0.0, ,184270, ,12.24, ,56.50, ,97.4, 
2004/7/13,09:00,0.0, ,184100, ,15.15, ,56.30, ,97.3, 
2004/7/13,10:00,0.0, ,183920, ,12.21, ,56.20, ,97.2, 
2004/7/13,11:00,0.0, ,183810, ,22.31, ,56.70, ,97.2, 
2004/7/13,12:00,0.0, ,183630, ,20.71, ,56.60, ,97.1, 
2004/7/13,13:00,0.0, ,183460, ,21.00, ,56.60, ,97.0, 
2004/7/13,14:00,0.0, ,183340, ,22.59, ,56.50, ,96.9, 
2004/7/13,15:00,0.0, ,183230, ,20.67, ,56.70, ,96.8, 
2004/7/13,16:00,0.0, ,183050, ,18.58, ,56.80, ,96.7, 
2004/7/13,17:00,0.0, ,182940, ,20.30, ,56.50, ,96.7, 
2004/7/13,18:00,0.0, ,182770, ,11.05, ,56.60, ,96.6, 
2004/7/13,19:00,0.0, ,182650, ,16.76, ,56.80, ,96.5, 
2004/7/13,20:00,0.0, ,182480, ,15.70, ,56.80, ,96.4, 
2004/7/13,21:00,0.0, ,182360, ,21.31, ,29.90, ,96.3, 
2004/7/13,22:00,0.0, ,182300, ,9.63, ,20.70, ,96.3, 
2004/7/13,23:00,0.0, ,182300, ,20.50, ,20.30, ,96.3, 
2004/7/13,24:00,0.0, ,182250, ,0.37, ,6.20, ,95.2, 
2004/7/14,01:00,0.0, ,182250, ,0.01, ,0.00, ,95.2, 
2004/7/14,02:00,0.0, ,182250, ,0.00, ,0.00, ,95.2, 
2004/7/14,03:00,0.0, ,182300, ,16.80, ,0.00, ,95.3, 
2004/7/14,04:00,0.0, ,182300, ,0.00, ,0.00, ,95.3, 
2004/7/14,05:00,0.0, ,182360, ,0.86, ,0.00, ,95.3, 
2004/7/14,06:00,0.0, ,182420, ,17.56, ,18.10, ,95.3, 
2004/7/14,07:00,0.0, ,182420, ,15.50, ,27.40, ,95.3, 
2004/7/14,08:00,0.0, ,182360, ,0.65, ,56.70, ,95.3, 
2004/7/14,09:00,0.0, ,182190, ,10.17, ,56.60, ,95.2, 
2004/7/14,10:00,0.0, ,182020, ,10.99, ,56.70, ,95.1, 
2004/7/14,11:00,0.0, ,181900, ,16.11, ,57.20, ,95.0, 
2004/7/14,12:00,0.0, ,181730, ,16.07, ,56.70, ,94.9, 
2004/7/14,13:00,0.0, ,181610, ,16.65, ,56.80, ,94.9, 
2004/7/14,14:00,2.2, ,181500, ,24.81, ,56.90, ,94.8, 
2004/7/14,15:00,0.0, ,181320, ,18.95, ,56.80, ,94.7, 
2004/7/14,16:00,0.0, ,181150, ,14.01, ,57.00, ,94.6, 
2004/7/14,17:00,0.0, ,181040, ,16.34, ,57.00, ,94.5, 
2004/7/14,18:00,0.0, ,180860, ,18.75, ,57.00, ,94.4, 
2004/7/14,19:00,0.0, ,180690, ,18.82, ,56.90, ,94.3, 
2004/7/14,20:00,0.0, ,180580, ,22.62, ,57.00, ,94.3, 
2004/7/14,21:00,0.0, ,180410, ,17.49, ,43.40, ,94.2, 
2004/7/14,22:00,0.0, ,180350, ,13.08, ,28.80, ,94.1, 
2004/7/14,23:00,0.0, ,180290, ,11.00, ,21.50, ,94.1, 
2004/7/14,24:00,0.0, ,180230, ,7.70, ,18.40, ,93.1, 
2004/7/15,01:00,0.0, ,180230, ,18.34, ,18.20, ,93.1, 
2004/7/15,02:00,0.0, ,180180, ,1.23, ,18.30, ,93.1, 
2004/7/15,03:00,0.0, ,180180, ,0.00, ,0.00, ,93.1, 
2004/7/15,04:00,0.0, ,180180, ,0.00, ,0.00, ,93.1, 
2004/7/15,05:00,0.0, ,180230, ,24.20, ,0.00, ,93.1, 
2004/7/15,06:00,0.0, ,180230, ,0.09, ,18.20, ,93.1, 
2004/7/15,07:00,0.0, ,180230, ,18.41, ,27.70, ,93.1, 
2004/7/15,08:00,0.0, ,180180, ,23.31, ,50.00, ,93.1, 
2004/7/15,09:00,0.0, ,180000, ,13.46, ,57.00, ,93.0, 
2004/7/15,10:00,0.0, ,179830, ,19.98, ,57.30, ,92.9, 
2004/7/15,11:00,0.0, ,179720, ,18.14, ,57.20, ,92.8, 
2004/7/15,12:00,0.0, ,179550, ,17.04, ,57.10, ,92.7, 
2004/7/15,13:00,0.0, ,179380, ,20.55, ,57.20, ,92.6, 
2004/7/15,14:00,0.0, ,179260, ,16.98, ,57.20, ,92.5, 
2004/7/15,15:00,0.0, ,179090, ,18.35, ,57.10, ,92.4, 
2004/7/15,16:00,0.0, ,178980, ,15.86, ,57.10, ,92.4, 
2004/7/15,17:00,0.0, ,178810, ,7.97, ,57.10, ,92.3, 
2004/7/15,18:00,0.0, ,178630, ,27.45, ,57.50, ,92.2, 
2004/7/15,19:00,0.0, ,178520, ,22.47, ,57.00, ,92.1, 
2004/7/15,20:00,0.0, ,178350, ,18.79, ,57.70, ,92.0, 
2004/7/15,21:00,0.0, ,178240, ,21.12, ,57.20, ,91.9, 
2004/7/15,22:00,0.0, ,178060, ,23.53, ,41.50, ,91.8, 
2004/7/15,23:00,0.0, ,177950, ,20.09, ,24.70, ,91.8, 
2004/7/15,24:00,0.0, ,177950, ,18.48, ,18.30, ,0.0,-
2004/7/16,01:00,0.0, ,177890, ,3.46, ,18.40, ,0.0,-
2004/7/16,02:00,0.0, ,177890, ,18.39, ,6.20, ,91.7, 
2004/7/16,03:00,0.0, ,177890, ,0.00, ,0.00, ,91.7, 
2004/7/16,04:00,0.0, ,177890, ,0.00, ,0.00, ,91.7, 
2004/7/16,05:00,0.0, ,177890, ,0.00, ,0.00, ,91.7, 
2004/7/16,06:00,0.0, ,177890, ,0.07, ,15.30, ,91.7, 
2004/7/16,07:00,0.0, ,177890, ,18.41, ,18.50, ,91.7, 
2004/7/16,08:00,0.0, ,177890, ,18.41, ,18.30, ,91.7, 
2004/7/16,09:00,0.0, ,177890, ,18.41, ,29.90, ,91.7, 
2004/7/16,10:00,0.0, ,177780, ,16.68, ,50.90, ,91.7, 
2004/7/16,11:00,0.0, ,177670, ,14.21, ,57.40, ,91.6, 
2004/7/16,12:00,0.0, ,177500, ,17.26, ,57.70, ,91.5, 
2004/7/16,13:00,0.0, ,177330, ,9.79, ,57.60, ,91.4, 
2004/7/16,14:00,0.0, ,177160, ,21.17, ,57.50, ,91.3, 
2004/7/16,15:00,0.0, ,177040, ,19.08, ,57.60, ,91.2, 
2004/7/16,16:00,0.0, ,176870, ,11.32, ,57.50, ,91.1, 
2004/7/16,17:00,0.0, ,176700, ,15.68, ,57.70, ,91.0, 
2004/7/16,18:00,0.0, ,176590, ,16.82, ,57.70, ,91.0, 
2004/7/16,19:00,0.0, ,176420, ,15.00, ,57.80, ,90.9, 
2004/7/16,20:00,0.0, ,176250, ,15.51, ,57.80, ,90.8, 
2004/7/16,21:00,0.0, ,176140, ,22.59, ,40.70, ,90.7, 
2004/7/16,22:00,0.0, ,176020, ,14.67, ,34.30, ,90.7, 
2004/7/16,23:00,0.0, ,175970, ,3.61, ,22.90, ,90.6, 
2004/7/16,24:00,0.0, ,175910, ,6.05, ,18.50, ,90.6, 
2004/7/17,01:00,0.0, ,175910, ,18.41, ,18.40, ,90.6, 
2004/7/17,02:00,0.0, ,175850, ,13.48, ,6.40, ,90.6, 
2004/7/17,03:00,0.0, ,175850, ,0.00, ,0.00, ,90.6, 
2004/7/17,04:00,0.0, ,175850, ,0.00, ,0.00, ,90.6, 
2004/7/17,05:00,0.0, ,175850, ,0.00, ,0.00, ,90.6, 
2004/7/17,06:00,0.0, ,175910, ,29.64, ,29.90, ,90.6, 
2004/7/17,07:00,0.0, ,175850, ,25.85, ,27.60, ,90.6, 
2004/7/17,08:00,0.0, ,175800, ,6.45, ,57.50, ,90.5, 
2004/7/17,09:00,0.0, ,175630, ,12.32, ,57.70, ,90.4, 
2004/7/17,10:00,0.0, ,175460, ,9.61, ,57.80, ,90.3, 
2004/7/17,11:00,0.0, ,175290, ,12.29, ,57.60, ,90.2, 
2004/7/17,12:00,0.0, ,175120, ,15.39, ,57.60, ,90.1, 
2004/7/17,13:00,0.0, ,174950, ,18.09, ,57.90, ,90.0, 
2004/7/17,14:00,0.0, ,174840, ,18.67, ,58.00, ,90.0, 
2004/7/17,15:00,0.0, ,174670, ,18.34, ,57.70, ,89.9, 
2004/7/17,16:00,0.0, ,174500, ,21.40, ,57.60, ,89.8, 
2004/7/17,17:00,0.0, ,174330, ,10.49, ,57.80, ,89.7, 
2004/7/17,18:00,0.0, ,174220, ,17.48, ,58.00, ,89.6, 
2004/7/17,19:00,0.0, ,174050, ,17.89, ,57.90, ,89.5, 
2004/7/17,20:00,0.0, ,173880, ,16.08, ,58.00, ,89.4, 
2004/7/17,21:00,0.0, ,173710, ,13.28, ,58.10, ,89.3, 
2004/7/17,22:00,0.0, ,173540, ,14.69, ,58.00, ,89.2, 
2004/7/17,23:00,0.0, ,173430, ,13.88, ,56.70, ,89.2, 
2004/7/17,24:00,0.0, ,173210, ,12.43, ,36.30, ,89.0, 
2004/7/18,01:00,0.0, ,173150, ,3.16, ,32.50, ,89.0, 
2004/7/18,02:00,0.0, ,173040, ,7.91, ,18.50, ,88.9, 
2004/7/18,03:00,0.0, ,172980, ,3.89, ,18.40, ,88.9, 
2004/7/18,04:00,0.0, ,172930, ,6.63, ,18.60, ,88.9, 
2004/7/18,05:00,0.0, ,172930, ,18.47, ,18.40, ,88.9, 
2004/7/18,06:00,0.0, ,172870, ,3.17, ,30.10, ,88.8, 
2004/7/18,07:00,0.0, ,172820, ,4.82, ,58.00, ,88.8, 
2004/7/18,08:00,0.0, ,172650, ,12.56, ,58.10, ,88.7, 
2004/7/18,09:00,0.0, ,172420, ,13.59, ,58.50, ,88.6, 
2004/7/18,10:00,0.0, ,172260, ,12.29, ,58.50, ,88.5, 
2004/7/18,11:00,0.0, ,172090, ,16.48, ,58.40, ,88.4, 
2004/7/18,12:00,0.0, ,171920, ,13.45, ,58.50, ,88.3, 
2004/7/18,13:00,0.0, ,171750, ,16.24, ,58.10, ,88.2, 
2004/7/18,14:00,0.0, ,171590, ,14.11, ,58.40, ,88.1, 
2004/7/18,15:00,0.0, ,171480, ,12.99, ,57.90, ,88.0, 
2004/7/18,16:00,0.0, ,171310, ,20.77, ,58.60, ,87.9, 
2004/7/18,17:00,0.0, ,171140, ,15.30, ,58.30, ,87.8, 
2004/7/18,18:00,0.0, ,170970, ,19.82, ,58.60, ,87.7, 
2004/7/18,19:00,0.0, ,170810, ,17.07, ,58.60, ,87.6, 
2004/7/18,20:00,0.0, ,170640, ,14.58, ,58.10, ,87.5, 
2004/7/18,21:00,0.0, ,170470, ,14.70, ,58.20, ,87.4, 
2004/7/18,22:00,0.0, ,170310, ,11.93, ,35.80, ,87.4, 
2004/7/18,23:00,0.0, ,170250, ,13.84, ,21.40, ,87.3, 
2004/7/18,24:00,0.0, ,170200, ,1.90, ,18.60, ,87.3, 
2004/7/19,01:00,0.0, ,170140, ,13.51, ,18.60, ,87.3, 
2004/7/19,02:00,0.0, ,170140, ,18.62, ,18.60, ,87.3, 
2004/7/19,03:00,0.0, ,170090, ,11.14, ,18.40, ,87.2, 
2004/7/19,04:00,0.0, ,170030, ,0.62, ,18.60, ,87.2, 
2004/7/19,05:00,0.0, ,169970, ,11.34, ,18.60, ,87.2, 
2004/7/19,06:00,0.0, ,169920, ,17.31, ,31.60, ,87.1, 
2004/7/19,07:00,0.0, ,169860, ,11.85, ,52.50, ,87.1, 
2004/7/19,08:00,0.0, ,169700, ,8.12, ,58.90, ,87.0, 
2004/7/19,09:00,0.0, ,169480, ,9.68, ,58.90, ,86.9, 
2004/7/19,10:00,0.0, ,169310, ,13.67, ,58.40, ,86.8, 
2004/7/19,11:00,0.0, ,169140, ,10.99, ,58.60, ,86.7, 
2004/7/19,12:00,0.0, ,168980, ,14.11, ,58.50, ,86.6, 
2004/7/19,13:00,0.0, ,168810, ,8.30, ,58.70, ,86.5, 
2004/7/19,14:00,0.0, ,168650, ,9.98, ,58.70, ,86.4, 
2004/7/19,15:00,0.0, ,168480, ,10.92, ,58.60, ,86.3, 
2004/7/19,16:00,0.0, ,168310, ,12.46, ,58.70, ,86.2, 
2004/7/19,17:00,0.0, ,168150, ,9.62, ,60.20, ,86.1, 
2004/7/19,18:00,0.0, ,167980, ,11.26, ,60.10, ,86.0, 
2004/7/19,19:00,0.0, ,167820, ,12.92, ,60.60, ,85.9, 
2004/7/19,20:00,0.0, ,167650, ,10.74, ,60.20, ,85.8, 
2004/7/19,21:00,0.0, ,167490, ,11.43, ,57.80, ,85.7, 
2004/7/19,22:00,0.0, ,167320, ,18.23, ,35.30, ,85.6, 
2004/7/19,23:00,0.0, ,167270, ,8.36, ,20.90, ,85.6, 
2004/7/19,24:00,0.0, ,167210, ,1.91, ,18.70, ,85.6, 
2004/7/20,01:00,0.0, ,167160, ,11.59, ,18.50, ,85.5, 
2004/7/20,02:00,0.0, ,167160, ,18.61, ,18.60, ,85.5, 
2004/7/20,03:00,0.0, ,167100, ,15.42, ,18.70, ,85.5, 
2004/7/20,04:00,0.0, ,167050, ,6.22, ,18.70, ,85.5, 
2004/7/20,05:00,0.0, ,166990, ,3.12, ,18.70, ,85.4, 
2004/7/20,06:00,0.0, ,166940, ,12.41, ,29.20, ,85.4, 
2004/7/20,07:00,0.0, ,166880, ,2.70, ,58.80, ,85.4, 
2004/7/20,08:00,0.0, ,166660, ,10.00, ,59.30, ,85.2, 
2004/7/20,09:00,0.0, ,166500, ,7.17, ,59.30, ,85.2, 
2004/7/20,10:00,0.0, ,166330, ,13.18, ,59.00, ,85.1, 
2004/7/20,11:00,0.0, ,166120, ,19.03, ,59.10, ,84.9, 
2004/7/20,12:00,0.0, ,165950, ,11.32, ,59.20, ,84.8, 
2004/7/20,13:00,0.0, ,165790, ,11.53, ,59.00, ,84.7, 
2004/7/20,14:00,0.0, ,165620, ,11.62, ,60.30, ,84.6, 
2004/7/20,15:00,0.0, ,165460, ,11.25, ,60.60, ,84.5, 
2004/7/20,16:00,0.0, ,165240, ,18.10, ,60.40, ,84.4, 
2004/7/20,17:00,0.0, ,165080, ,13.09, ,60.40, ,84.3, 
2004/7/20,18:00,0.0, ,164910, ,15.30, ,60.20, ,84.2, 
2004/7/20,19:00,0.0, ,164750, ,8.26, ,60.60, ,84.1, 
2004/7/20,20:00,0.0, ,164590, ,6.61, ,60.40, ,84.0, 
2004/7/20,21:00,0.0, ,164370, ,8.51, ,60.80, ,83.9, 
2004/7/20,22:00,0.0, ,164210, ,7.69, ,52.60, ,83.8, 
2004/7/20,23:00,0.0, ,164040, ,7.56, ,54.80, ,83.7, 
2004/7/20,24:00,0.0, ,163880, ,9.35, ,30.10, ,83.6, 
2004/7/21,01:00,0.0, ,163830, ,3.85, ,18.60, ,83.6, 
2004/7/21,02:00,0.0, ,163770, ,3.75, ,18.60, ,83.6, 
2004/7/21,03:00,0.0, ,163720, ,10.33, ,18.80, ,83.5, 
2004/7/21,04:00,0.0, ,163660, ,2.49, ,18.80, ,83.5, 
2004/7/21,05:00,0.0, ,163610, ,10.01, ,18.70, ,83.5, 
2004/7/21,06:00,0.0, ,163560, ,16.39, ,29.30, ,83.5, 
2004/7/21,07:00,0.0, ,163450, ,4.04, ,52.80, ,83.4, 
2004/7/21,08:00,0.0, ,163290, ,6.05, ,59.00, ,83.3, 
2004/7/21,09:00,0.0, ,163070, ,1.77, ,60.50, ,83.2, 
2004/7/21,10:00,0.0, ,162910, ,13.66, ,60.50, ,83.1, 
2004/7/21,11:00,0.0, ,162740, ,19.03, ,60.00, ,83.0, 
2004/7/21,12:00,0.0, ,162580, ,14.62, ,60.10, ,82.9, 
2004/7/21,13:00,0.0, ,162370, ,10.84, ,60.30, ,82.8, 
2004/7/21,14:00,0.0, ,162200, ,11.60, ,60.80, ,82.7, 
2004/7/21,15:00,0.0, ,162040, ,6.63, ,60.50, ,82.6, 
2004/7/21,16:00,0.0, ,161880, ,16.26, ,60.70, ,82.5, 
2004/7/21,17:00,0.0, ,161670, ,14.48, ,60.30, ,82.4, 
2004/7/21,18:00,0.0, ,161500, ,7.25, ,61.50, ,82.3, 
2004/7/21,19:00,0.0, ,161340, ,13.14, ,61.40, ,82.2, 
2004/7/21,20:00,0.0, ,161130, ,13.01, ,61.30, ,82.0, 
2004/7/21,21:00,0.0, ,160970, ,6.41, ,60.60, ,82.0, 
2004/7/21,22:00,0.0, ,160750, ,1.59, ,60.80, ,81.8, 
2004/7/21,23:00,0.0, ,160540, ,10.89, ,58.50, ,81.7, 
2004/7/21,24:00,0.0, ,160380, ,8.76, ,34.50, ,0.0,-
2004/7/22,01:00,0.0, ,160320, ,6.84, ,22.20, ,0.0,-
2004/7/22,02:00,0.0, ,160270, ,4.07, ,22.30, ,81.5, 
2004/7/22,03:00,0.0, ,160160, ,12.46, ,22.10, ,81.5, 
2004/7/22,04:00,0.0, ,160110, ,13.54, ,22.30, ,81.5, 
2004/7/22,05:00,0.0, ,160050, ,3.42, ,22.30, ,81.4, 
2004/7/22,06:00,0.0, ,160000, ,1.19, ,32.40, ,81.4, 
2004/7/22,07:00,0.0, ,159840, ,4.61, ,34.90, ,81.3, 
2004/7/22,08:00,0.0, ,159680, ,5.40, ,60.60, ,81.2, 
2004/7/22,09:00,0.0, ,159470, ,5.73, ,59.80, ,81.1, 
2004/7/22,10:00,0.0, ,159310, ,13.64, ,60.60, ,81.0, 
2004/7/22,11:00,0.0, ,159090, ,17.30, ,60.80, ,80.9, 
2004/7/22,12:00,0.0, ,158930, ,9.47, ,60.80, ,80.8, 
2004/7/22,13:00,0.0, ,158770, ,8.15, ,60.90, ,80.7, 
2004/7/22,14:00,0.0, ,158560, ,15.44, ,61.20, ,80.6, 
2004/7/22,15:00,0.0, ,158400, ,17.00, ,61.60, ,80.5, 
2004/7/22,16:00,0.0, ,158240, ,10.39, ,61.50, ,80.4, 
2004/7/22,17:00,0.0, ,158080, ,10.81, ,61.40, ,80.3, 
2004/7/22,18:00,0.0, ,157860, ,11.88, ,61.40, ,80.2, 
2004/7/22,19:00,0.0, ,157700, ,10.28, ,61.60, ,80.1, 
2004/7/22,20:00,0.0, ,157490, ,14.33, ,61.80, ,79.9, 
2004/7/22,21:00,0.0, ,157330, ,9.16, ,61.70, ,79.8, 
2004/7/22,22:00,0.0, ,157120, ,11.41, ,44.50, ,79.7, 
2004/7/22,23:00,0.0, ,157010, ,10.83, ,19.20, ,79.7, 
2004/7/22,24:00,0.0, ,156960, ,4.93, ,19.30, ,79.6, 
2004/7/23,01:00,0.0, ,156910, ,3.63, ,20.20, ,79.6, 
2004/7/23,02:00,0.0, ,156850, ,7.37, ,20.40, ,79.6, 
2004/7/23,03:00,0.0, ,156800, ,18.11, ,19.50, ,79.5, 
2004/7/23,04:00,0.0, ,156690, ,12.73, ,19.50, ,79.5, 
2004/7/23,05:00,0.0, ,156640, ,16.44, ,19.60, ,79.5, 
2004/7/23,06:00,0.0, ,156590, ,12.41, ,19.50, ,79.4, 
2004/7/23,07:00,0.0, ,156540, ,14.76, ,26.10, ,79.4, 
2004/7/23,08:00,0.0, ,156430, ,1.41, ,60.80, ,79.3, 
2004/7/23,09:00,0.0, ,156270, ,3.57, ,61.10, ,79.2, 
2004/7/23,10:00,0.0, ,156060, ,8.14, ,61.50, ,79.1, 
2004/7/23,11:00,0.0, ,155850, ,6.23, ,61.80, ,79.0, 
2004/7/23,12:00,0.0, ,155690, ,8.76, ,61.50, ,78.9, 
2004/7/23,13:00,0.0, ,155480, ,13.77, ,61.50, ,78.8, 
2004/7/23,14:00,0.0, ,155320, ,12.07, ,61.60, ,78.7, 
2004/7/23,15:00,0.0, ,155160, ,10.05, ,61.70, ,78.6, 
2004/7/23,16:00,0.0, ,154950, ,15.60, ,61.40, ,78.5, 
2004/7/23,17:00,0.0, ,154790, ,4.42, ,62.10, ,78.4, 
2004/7/23,18:00,0.0, ,154580, ,12.69, ,62.10, ,78.3, 
2004/7/23,19:00,0.0, ,154420, ,13.07, ,62.20, ,78.2, 
2004/7/23,20:00,0.0, ,154210, ,11.00, ,62.20, ,78.0, 
2004/7/23,21:00,0.0, ,154060, ,7.93, ,62.50, ,78.0, 
2004/7/23,22:00,0.0, ,153850, ,10.38, ,62.40, ,77.8, 
2004/7/23,23:00,0.0, ,153640, ,6.40, ,62.70, ,77.7, 
2004/7/23,24:00,0.0, ,153430, ,2.95, ,51.90, ,77.6, 
2004/7/24,01:00,0.0, ,153270, ,7.92, ,31.40, ,77.5, 
2004/7/24,02:00,0.0, ,153170, ,1.97, ,21.50, ,77.4, 
2004/7/24,03:00,0.0, ,153120, ,6.40, ,19.80, ,77.4, 
2004/7/24,04:00,0.0, ,153060, ,6.30, ,19.50, ,77.4, 
2004/7/24,05:00,0.0, ,153010, ,16.38, ,19.60, ,77.4, 
2004/7/24,06:00,0.0, ,152960, ,13.38, ,19.40, ,77.3, 
2004/7/24,07:00,0.0, ,152850, ,15.14, ,28.70, ,77.3, 
2004/7/24,08:00,0.0, ,152750, ,2.18, ,52.40, ,77.2, 
2004/7/24,09:00,0.0, ,152540, ,3.29, ,62.20, ,77.1, 
2004/7/24,10:00,0.0, ,152330, ,10.95, ,62.20, ,77.0, 
2004/7/24,11:00,0.0, ,152180, ,9.77, ,62.10, ,76.9, 
2004/7/24,12:00,0.0, ,151970, ,11.35, ,62.00, ,76.8, 
2004/7/24,13:00,0.0, ,151760, ,8.20, ,62.00, ,76.6, 
2004/7/24,14:00,0.0, ,151600, ,7.20, ,62.30, ,76.5, 
2004/7/24,15:00,0.0, ,151400, ,6.32, ,62.10, ,76.4, 
2004/7/24,16:00,0.0, ,151190, ,11.79, ,62.40, ,76.3, 
2004/7/24,17:00,0.1, ,151030, ,10.08, ,62.30, ,76.2, 
2004/7/24,18:00,0.7, ,150880, ,12.02, ,62.20, ,76.1, 
2004/7/24,19:00,0.0, ,150670, ,10.70, ,62.40, ,76.0, 
2004/7/24,20:00,0.1, ,150520, ,12.48, ,62.60, ,75.9, 
2004/7/24,21:00,0.0, ,150260, ,11.23, ,44.60, ,75.8, 
2004/7/24,22:00,0.0, ,150210, ,13.48, ,41.00, ,75.7, 
2004/7/24,23:00,0.0, ,150050, ,10.93, ,22.90, ,75.6, 
2004/7/24,24:00,0.0, ,150000, ,4.54, ,34.80, ,75.6, 
2004/7/25,01:00,0.0, ,149900, ,9.19, ,38.20, ,75.6, 
2004/7/25,02:00,0.0, ,149740, ,7.30, ,23.60, ,75.5, 
2004/7/25,03:00,0.0, ,149690, ,4.29, ,21.60, ,75.4, 
2004/7/25,04:00,0.0, ,149640, ,12.54, ,19.20, ,75.4, 
2004/7/25,05:00,0.0, ,149590, ,13.08, ,18.90, ,75.4, 
2004/7/25,06:00,0.0, ,149480, ,16.66, ,19.10, ,75.3, 
2004/7/25,07:00,0.0, ,149430, ,9.73, ,31.40, ,75.3, 
2004/7/25,08:00,0.0, ,149330, ,3.33, ,62.00, ,75.2, 
2004/7/25,09:00,0.0, ,149120, ,7.12, ,62.30, ,75.1, 
2004/7/25,10:00,0.0, ,148920, ,12.64, ,62.20, ,75.0, 
2004/7/25,11:00,0.0, ,148760, ,11.91, ,61.90, ,74.9, 
2004/7/25,12:00,0.0, ,148560, ,12.10, ,62.00, ,74.8, 
2004/7/25,13:00,0.0, ,148350, ,5.79, ,62.60, ,74.7, 
2004/7/25,14:00,0.8, ,148140, ,8.76, ,62.50, ,74.5, 
2004/7/25,15:00,3.3, ,147940, ,7.24, ,61.90, ,74.4, 
2004/7/25,16:00,0.5, ,147790, ,17.67, ,61.90, ,74.3, 
2004/7/25,17:00,0.0, ,147630, ,14.85, ,62.60, ,74.2, 
2004/7/25,18:00,0.0, ,147430, ,7.75, ,62.10, ,74.1, 
2004/7/25,19:00,0.0, ,147220, ,9.38, ,38.80, ,74.0, 
2004/7/25,20:00,0.0, ,147170, ,17.18, ,21.70, ,74.0, 
2004/7/25,21:00,0.0, ,147120, ,16.12, ,19.10, ,73.9, 
2004/7/25,22:00,0.0, ,147070, ,16.25, ,19.20, ,73.9, 
2004/7/25,23:00,0.0, ,147070, ,19.21, ,19.40, ,73.9, 
2004/7/25,24:00,0.0, ,146970, ,10.82, ,19.20, ,73.9, 
2004/7/26,01:00,0.0, ,146970, ,19.11, ,19.20, ,73.9, 
2004/7/26,02:00,0.0, ,146860, ,13.80, ,19.20, ,73.8, 
2004/7/26,03:00,0.0, ,146810, ,12.65, ,19.20, ,73.8, 
2004/7/26,04:00,0.0, ,146760, ,6.12, ,19.20, ,73.7, 
2004/7/26,05:00,0.0, ,146710, ,8.84, ,19.20, ,73.7, 
2004/7/26,06:00,0.0, ,146660, ,0.26, ,19.30, ,73.7, 
2004/7/26,07:00,0.0, ,146610, ,4.46, ,28.90, ,73.7, 
2004/7/26,08:00,0.0, ,146510, ,1.98, ,62.50, ,73.6, 
2004/7/26,09:00,0.0, ,146250, ,6.61, ,63.20, ,73.4, 
2004/7/26,10:00,0.0, ,146050, ,13.13, ,63.40, ,73.3, 
2004/7/26,11:00,0.0, ,145890, ,10.67, ,63.40, ,73.2, 
2004/7/26,12:00,0.0, ,145690, ,10.22, ,63.30, ,73.1, 
2004/7/26,13:00,0.0, ,145540, ,7.43, ,63.20, ,73.0, 
2004/7/26,14:00,0.0, ,145330, ,11.28, ,63.30, ,72.9, 
2004/7/26,15:00,0.0, ,145130, ,7.62, ,63.40, ,72.8, 
2004/7/26,16:00,0.0, ,144930, ,11.42, ,63.40, ,72.7, 
2004/7/26,17:00,0.0, ,144720, ,10.92, ,63.70, ,72.6, 
2004/7/26,18:00,0.0, ,144570, ,11.54, ,63.50, ,72.5, 
2004/7/26,19:00,0.0, ,144370, ,9.29, ,63.60, ,72.4, 
2004/7/26,20:00,0.0, ,144170, ,12.57, ,63.60, ,72.2, 
2004/7/26,21:00,0.0, ,144020, ,11.70, ,63.40, ,72.2, 
2004/7/26,22:00,0.0, ,143860, ,10.36, ,47.70, ,72.1, 
2004/7/26,23:00,0.0, ,143760, ,10.36, ,39.70, ,72.0, 
2004/7/26,24:00,0.0, ,143660, ,13.52, ,24.00, ,71.9, 
2004/7/27,01:00,0.0, ,143610, ,6.50, ,19.30, ,71.9, 
2004/7/27,02:00,0.0, ,143560, ,1.87, ,19.40, ,71.9, 
2004/7/27,03:00,0.0, ,143510, ,11.47, ,19.20, ,71.9, 
2004/7/27,04:00,0.0, ,143460, ,3.86, ,19.60, ,71.8, 
2004/7/27,05:00,0.0, ,143410, ,12.98, ,19.40, ,71.8, 
2004/7/27,06:00,0.0, ,143360, ,6.46, ,19.40, ,71.8, 
2004/7/27,07:00,0.0, ,143310, ,2.60, ,28.60, ,71.7, 
2004/7/27,08:00,0.0, ,143160, ,5.93, ,62.90, ,71.7, 
2004/7/27,09:00,0.0, ,143010, ,8.43, ,62.80, ,71.6, 
2004/7/27,10:00,0.0, ,142810, ,8.10, ,64.40, ,71.5, 
2004/7/27,11:00,0.0, ,142610, ,10.04, ,64.10, ,71.3, 
2004/7/27,12:00,0.0, ,142410, ,8.24, ,64.30, ,71.2, 
2004/7/27,13:00,0.0, ,142200, ,10.01, ,64.20, ,71.1, 
2004/7/27,14:00,0.0, ,142000, ,12.08, ,64.20, ,71.0, 
2004/7/27,15:00,0.0, ,141800, ,8.31, ,64.10, ,70.9, 
2004/7/27,16:00,0.0, ,141600, ,9.18, ,64.40, ,70.8, 
2004/7/27,17:00,5.2, ,141450, ,13.31, ,64.30, ,70.7, 
2004/7/27,18:00,2.4, ,141250, ,11.93, ,60.40, ,70.6, 
2004/7/27,19:00,0.1, ,141060, ,13.31, ,57.10, ,70.4, 
2004/7/27,20:00,0.0, ,140910, ,15.32, ,58.80, ,70.4, 
2004/7/27,21:00,0.0, ,140760, ,11.54, ,55.40, ,70.3, 
2004/7/27,22:00,0.0, ,140560, ,7.81, ,55.70, ,70.2, 
2004/7/27,23:00,0.0, ,140410, ,9.83, ,58.60, ,70.1, 
2004/7/27,24:00,0.0, ,140310, ,2.31, ,22.50, ,70.0, 
2004/7/28,01:00,0.0, ,140260, ,12.35, ,20.70, ,70.0, 
2004/7/28,02:00,0.0, ,140260, ,20.64, ,20.70, ,70.0, 
2004/7/28,03:00,0.0, ,140210, ,5.82, ,20.60, ,70.0, 
2004/7/28,04:00,0.0, ,140160, ,10.39, ,20.50, ,69.9, 
2004/7/28,05:00,0.0, ,140110, ,10.00, ,23.10, ,69.9, 
2004/7/28,06:00,0.0, ,140010, ,18.15, ,29.10, ,69.8, 
2004/7/28,07:00,0.0, ,139910, ,3.86, ,50.90, ,69.8, 
2004/7/28,08:00,0.0, ,139760, ,10.87, ,61.70, ,69.7, 
2004/7/28,09:00,0.0, ,139560, ,7.85, ,61.80, ,69.6, 
2004/7/28,10:00,0.0, ,139370, ,8.79, ,62.20, ,69.5, 
2004/7/28,11:00,0.0, ,139220, ,7.67, ,62.20, ,69.4, 
2004/7/28,12:00,0.0, ,139020, ,11.87, ,60.70, ,69.3, 
2004/7/28,13:00,0.0, ,138920, ,12.39, ,53.40, ,69.2, 
2004/7/28,14:00,0.0, ,138770, ,7.46, ,62.30, ,69.1, 
2004/7/28,15:00,0.0, ,138570, ,13.06, ,62.50, ,69.0, 
2004/7/28,16:00,0.0, ,138370, ,12.23, ,62.30, ,68.9, 
2004/7/28,17:00,0.0, ,138180, ,7.95, ,45.10, ,68.8, 
2004/7/28,18:00,0.0, ,138080, ,20.00, ,36.60, ,68.7, 
2004/7/28,19:00,0.0, ,137980, ,6.72, ,55.60, ,68.7, 
2004/7/28,20:00,0.0, ,137830, ,10.60, ,52.90, ,68.6, 
2004/7/28,21:00,0.0, ,137680, ,12.53, ,50.20, ,68.5, 
2004/7/28,22:00,0.0, ,137540, ,13.65, ,45.60, ,68.4, 
2004/7/28,23:00,0.0, ,137390, ,16.69, ,34.10, ,68.3, 
2004/7/28,24:00,0.0, ,137340, ,12.09, ,22.10, ,68.3, 
2004/7/29,01:00,0.0, ,137290, ,8.45, ,19.50, ,68.3, 
2004/7/29,02:00,0.0, ,137240, ,2.60, ,19.50, ,68.2, 
2004/7/29,03:00,0.0, ,137190, ,10.38, ,19.60, ,68.2, 
2004/7/29,04:00,0.0, ,137090, ,7.69, ,19.60, ,68.2, 
2004/7/29,05:00,0.0, ,137040, ,13.95, ,29.00, ,68.1, 
2004/7/29,06:00,0.0, ,136950, ,4.70, ,48.00, ,68.1, 
2004/7/29,07:00,0.0, ,136800, ,5.64, ,62.90, ,68.0, 
2004/7/29,08:00,0.0, ,136550, ,6.47, ,62.70, ,67.8, 
2004/7/29,09:00,0.0, ,136360, ,7.64, ,62.60, ,67.7, 
2004/7/29,10:00,0.0, ,136160, ,6.42, ,51.30, ,67.6, 
2004/7/29,11:00,0.0, ,136010, ,15.09, ,53.00, ,67.5, 
2004/7/29,12:00,0.0, ,135870, ,10.14, ,50.00, ,67.4, 
2004/7/29,13:00,0.0, ,135670, ,10.95, ,53.20, ,67.3, 
2004/7/29,14:00,0.0, ,135570, ,14.14, ,50.00, ,67.3, 
2004/7/29,15:00,0.0, ,135430, ,17.15, ,61.30, ,67.2, 
2004/7/29,16:00,0.0, ,135230, ,6.64, ,63.60, ,67.1, 
2004/7/29,17:00,0.0, ,135030, ,11.90, ,63.50, ,67.0, 
2004/7/29,18:00,0.0, ,134840, ,10.47, ,63.70, ,66.8, 
2004/7/29,19:00,0.0, ,134650, ,9.43, ,63.90, ,66.7, 
2004/7/29,20:00,0.0, ,134450, ,11.12, ,64.10, ,66.6, 
2004/7/29,21:00,0.0, ,134260, ,11.53, ,63.90, ,66.5, 
2004/7/29,22:00,0.0, ,134060, ,12.54, ,63.70, ,66.4, 
2004/7/29,23:00,0.0, ,133870, ,11.27, ,63.40, ,66.3, 
2004/7/29,24:00,0.0, ,133670, ,9.57, ,39.10, ,66.2, 
2004/7/30,01:00,0.0, ,133580, ,5.65, ,25.90, ,66.1, 
2004/7/30,02:00,0.0, ,133530, ,1.73, ,26.00, ,66.1, 
2004/7/30,03:00,0.0, ,133430, ,5.03, ,26.00, ,66.0, 
2004/7/30,04:00,0.0, ,133330, ,4.94, ,28.60, ,66.0, 
2004/7/30,05:00,0.0, ,133240, ,1.17, ,25.90, ,65.9, 
2004/7/30,06:00,0.0, ,133140, ,8.63, ,45.40, ,65.9, 
2004/7/30,07:00,0.0, ,133000, ,6.80, ,63.20, ,65.8, 
2004/7/30,08:00,0.0, ,132800, ,10.56, ,63.50, ,65.7, 
2004/7/30,09:00,0.0, ,132560, ,7.20, ,63.60, ,65.5, 
2004/7/30,10:00,0.0, ,132370, ,5.12, ,63.30, ,65.4, 
2004/7/30,11:00,0.0, ,132130, ,13.17, ,63.40, ,65.3, 
2004/7/30,12:00,0.0, ,131980, ,13.73, ,63.20, ,65.2, 
2004/7/30,13:00,0.0, ,131740, ,10.45, ,63.60, ,65.1, 
2004/7/30,14:00,0.0, ,131600, ,19.95, ,63.50, ,65.0, 
2004/7/30,15:00,0.0, ,131410, ,12.35, ,65.00, ,64.9, 
2004/7/30,16:00,0.0, ,131210, ,13.26, ,62.40, ,64.8, 
2004/7/30,17:00,0.0, ,131020, ,19.19, ,65.00, ,64.6, 
2004/7/30,18:00,0.0, ,130830, ,11.20, ,65.00, ,64.5, 
2004/7/30,19:00,0.0, ,130590, ,12.93, ,65.00, ,64.4, 
2004/7/30,20:00,0.0, ,130450, ,7.71, ,65.00, ,64.3, 
2004/7/30,21:00,0.0, ,130160, ,11.90, ,62.40, ,64.1, 
2004/7/30,22:00,0.0, ,130020, ,10.59, ,52.70, ,64.1, 
2004/7/30,23:00,0.0, ,129880, ,11.93, ,35.30, ,64.0, 
2004/7/30,24:00,0.0, ,129780, ,10.05, ,23.00, ,63.9, 
2004/7/31,01:00,0.2, ,129730, ,5.11, ,19.90, ,63.9, 
2004/7/31,02:00,0.2, ,129680, ,10.41, ,19.60, ,63.9, 
2004/7/31,03:00,0.5, ,129590, ,5.19, ,19.60, ,63.8, 
2004/7/31,04:00,0.5, ,129540, ,6.50, ,19.90, ,63.8, 
2004/7/31,05:00,0.3, ,129490, ,0.04, ,19.70, ,63.8, 
2004/7/31,06:00,1.0, ,129450, ,11.44, ,19.60, ,63.7, 
2004/7/31,07:00,0.7, ,129350, ,7.80, ,20.00, ,63.7, 
2004/7/31,08:00,1.3, ,129300, ,2.91, ,19.80, ,63.6, 
2004/7/31,09:00,0.7, ,129260, ,5.47, ,19.80, ,63.6, 
2004/7/31,10:00,1.2, ,129210, ,15.49, ,19.90, ,63.6, 
2004/7/31,11:00,0.6, ,129210, ,13.10, ,19.80, ,63.6, 
2004/7/31,12:00,0.6, ,129160, ,16.23, ,19.70, ,63.6, 
2004/7/31,13:00,0.3, ,129110, ,5.93, ,19.70, ,63.5, 
2004/7/31,14:00,3.9, ,129110, ,19.52, ,30.00, ,63.5, 
2004/7/31,15:00,9.8, ,129110, ,30.23, ,30.30, ,63.5, 
2004/7/31,16:00,15.0, ,129160, ,35.76, ,33.00, ,63.6, 
2004/7/31,17:00,21.4, ,129260, ,65.77, ,30.10, ,63.6, 
2004/7/31,18:00,31.9, ,129920, ,186.67, ,30.20, ,64.0, 
2004/7/31,19:00,39.8, ,131840, ,633.81, ,49.50, ,65.1, 
2004/7/31,20:00,27.8, ,135030, ,914.67, ,61.30, ,67.0, 
2004/7/31,21:00,17.0, ,138330, ,1020.04, ,61.00, ,68.9, 
2004/7/31,22:00,12.9, ,141210, ,854.54, ,63.90, ,70.5, 
2004/7/31,23:00,13.5, ,143660, ,735.61, ,61.80, ,71.9, 
2004/7/31,24:00,13.3, ,145690, ,627.79, ,60.70, ,74.2, 
