îCà”ä˙ä‘É_ÉÄèîó åüçıåãâ 
êÖånñº,ãgñÏêÏ
âÕêÏñº,ãgñÏêÏ
äœë™èäñº,ëÅñæâYÉ_ÉÄÅiã@ç\Åj
äœë™èäãLçÜ,1368080700010
#
#îNåéì˙,éûçè,ó¨àÊïΩãœâJó ,ó¨àÊïΩãœâJó ëÆê´,íôêÖó ,íôêÖó ëÆê´,ó¨ì¸ó ,ó¨ì¸ó ëÆê´,ï˙ó¨ó ,ï˙ó¨ó ëÆê´,íôêÖó¶,íôêÖó¶ëÆê´
#ëÆê´Å@$:åáë™ -:ñ¢éÛêM
#
2008/10/1,01:00,2.7, ,38440, ,27.21, ,0.00, ,12.1, 
2008/10/1,02:00,2.4, ,38520, ,27.88, ,0.00, ,12.2, 
2008/10/1,03:00,2.8, ,38630, ,27.00, ,0.00, ,12.3, 
2008/10/1,04:00,3.8, ,38710, ,24.32, ,0.00, ,12.3, 
2008/10/1,05:00,5.6, ,38800, ,25.37, ,0.00, ,12.4, 
2008/10/1,06:00,0.6, ,38910, ,29.91, ,0.00, ,12.4, 
2008/10/1,07:00,0.0, ,39050, ,34.20, ,0.00, ,12.5, 
2008/10/1,08:00,0.0, ,39240, ,43.42, ,0.00, ,12.7, 
2008/10/1,09:00,0.1, ,39410, ,48.79, ,0.00, ,12.8, 
2008/10/1,10:00,0.2, ,39610, ,54.44, ,0.00, ,12.9, 
2008/10/1,11:00,0.3, ,39810, ,56.23, ,0.00, ,13.1, 
2008/10/1,12:00,0.0, ,40000, ,51.51, ,0.00, ,13.2, 
2008/10/1,13:00,0.0, ,40170, ,49.74, ,0.00, ,13.3, 
2008/10/1,14:00,0.0, ,40340, ,46.90, ,0.00, ,13.4, 
2008/10/1,15:00,0.0, ,40480, ,44.24, ,0.00, ,13.5, 
2008/10/1,16:00,0.0, ,40620, ,42.21, ,0.00, ,13.6, 
2008/10/1,17:00,0.0, ,40790, ,40.58, ,0.00, ,13.7, 
2008/10/1,18:00,0.0, ,40930, ,39.72, ,0.00, ,13.8, 
2008/10/1,19:00,0.0, ,41050, ,37.41, ,0.00, ,13.9, 
2008/10/1,20:00,0.0, ,41190, ,36.93, ,0.00, ,14.0, 
2008/10/1,21:00,0.0, ,41300, ,35.40, ,0.00, ,14.1, 
2008/10/1,22:00,0.0, ,41450, ,34.13, ,0.00, ,14.2, 
2008/10/1,23:00,0.0, ,41560, ,33.38, ,0.00, ,14.2, 
2008/10/1,24:00,0.0, ,41670, ,31.83, ,0.00, ,13.9, 
2008/10/2,01:00,0.0, ,41760, ,31.60, ,0.00, ,14.0, 
2008/10/2,02:00,0.0, ,41870, ,30.31, ,0.00, ,14.0, 
2008/10/2,03:00,0.0, ,41960, ,26.24, ,0.00, ,14.1, 
2008/10/2,04:00,0.0, ,42070, ,25.60, ,0.00, ,14.2, 
2008/10/2,05:00,0.0, ,42130, ,24.29, ,0.00, ,14.2, 
2008/10/2,06:00,0.0, ,42220, ,22.72, ,0.00, ,14.3, 
2008/10/2,07:00,0.0, ,42300, ,20.74, ,0.00, ,14.3, 
2008/10/2,08:00,0.0, ,42360, ,19.42, ,0.00, ,14.4, 
2008/10/2,09:00,0.0, ,42420, ,17.97, ,0.00, ,14.4, 
2008/10/2,10:00,0.0, ,42500, ,17.58, ,0.00, ,14.5, 
2008/10/2,11:00,0.0, ,42590, ,21.73, ,0.00, ,14.5, 
2008/10/2,12:00,0.0, ,42680, ,24.41, ,0.00, ,14.6, 
2008/10/2,13:00,0.0, ,42760, ,24.17, ,0.00, ,14.6, 
2008/10/2,14:00,0.0, ,42850, ,24.19, ,0.00, ,14.7, 
2008/10/2,15:00,0.0, ,42940, ,25.29, ,0.00, ,14.8, 
2008/10/2,16:00,0.0, ,43030, ,23.76, ,0.00, ,14.8, 
2008/10/2,17:00,0.0, ,43110, ,23.79, ,0.00, ,14.9, 
2008/10/2,18:00,0.0, ,43200, ,24.61, ,0.00, ,14.9, 
2008/10/2,19:00,0.0, ,43290, ,22.87, ,0.00, ,15.0, 
2008/10/2,20:00,0.0, ,43340, ,23.69, ,0.00, ,15.0, 
2008/10/2,21:00,0.0, ,43430, ,22.23, ,0.00, ,15.1, 
2008/10/2,22:00,0.0, ,43520, ,23.05, ,0.00, ,15.1, 
2008/10/2,23:00,0.0, ,43610, ,21.58, ,0.00, ,15.2, 
2008/10/2,24:00,0.0, ,43670, ,22.40, ,0.00, ,15.0, 
2008/10/3,01:00,0.0, ,43750, ,20.25, ,0.00, ,15.0, 
2008/10/3,02:00,0.0, ,43810, ,18.24, ,0.00, ,15.1, 
2008/10/3,03:00,0.0, ,43840, ,14.59, ,0.00, ,15.1, 
2008/10/3,04:00,0.0, ,43900, ,14.87, ,0.00, ,15.1, 
2008/10/3,05:00,0.0, ,43960, ,11.63, ,0.00, ,15.2, 
2008/10/3,06:00,0.0, ,43990, ,13.93, ,0.00, ,15.2, 
2008/10/3,07:00,0.0, ,44040, ,12.86, ,0.00, ,15.2, 
2008/10/3,08:00,0.0, ,44070, ,11.91, ,0.00, ,15.2, 
2008/10/3,09:00,0.0, ,44130, ,13.95, ,0.00, ,15.3, 
2008/10/3,10:00,0.0, ,44190, ,11.65, ,0.00, ,15.3, 
2008/10/3,11:00,0.0, ,44250, ,17.34, ,0.00, ,15.4, 
2008/10/3,12:00,0.0, ,44340, ,21.01, ,0.00, ,15.4, 
2008/10/3,13:00,0.0, ,44430, ,22.11, ,0.00, ,15.5, 
2008/10/3,14:00,0.0, ,44480, ,20.36, ,0.00, ,15.5, 
2008/10/3,15:00,0.0, ,44540, ,19.55, ,0.00, ,15.5, 
2008/10/3,16:00,0.0, ,44630, ,20.51, ,0.00, ,15.6, 
2008/10/3,17:00,0.0, ,44690, ,20.11, ,0.00, ,15.6, 
2008/10/3,18:00,0.0, ,44780, ,20.26, ,0.00, ,15.7, 
2008/10/3,19:00,0.0, ,44840, ,19.45, ,0.00, ,15.7, 
2008/10/3,20:00,0.0, ,44900, ,18.92, ,0.00, ,15.8, 
2008/10/3,21:00,0.0, ,44980, ,20.97, ,0.00, ,15.8, 
2008/10/3,22:00,0.0, ,45040, ,18.12, ,0.00, ,15.9, 
2008/10/3,23:00,0.2, ,45130, ,20.17, ,0.00, ,15.9, 
2008/10/3,24:00,0.0, ,45190, ,18.96, ,0.00, ,15.8, 
2008/10/4,01:00,0.0, ,45250, ,19.38, ,0.00, ,15.8, 
2008/10/4,02:00,0.0, ,45310, ,17.47, ,0.00, ,15.8, 
2008/10/4,03:00,0.0, ,45370, ,13.79, ,0.00, ,15.9, 
2008/10/4,04:00,0.0, ,45400, ,12.02, ,0.00, ,15.9, 
2008/10/4,05:00,0.0, ,45460, ,10.11, ,0.00, ,15.9, 
2008/10/4,06:00,0.0, ,45480, ,12.44, ,0.00, ,16.0, 
2008/10/4,07:00,0.0, ,45510, ,10.66, ,0.00, ,16.0, 
2008/10/4,08:00,0.0, ,45540, ,9.16, ,0.00, ,16.0, 
2008/10/4,09:00,0.0, ,45600, ,11.90, ,0.00, ,16.0, 
2008/10/4,10:00,0.0, ,45630, ,10.26, ,0.00, ,16.1, 
2008/10/4,11:00,0.0, ,45690, ,11.91, ,0.00, ,16.1, 
2008/10/4,12:00,0.0, ,45750, ,16.57, ,0.00, ,16.1, 
2008/10/4,13:00,0.0, ,45810, ,18.08, ,0.00, ,16.2, 
2008/10/4,14:00,0.0, ,45870, ,18.58, ,0.00, ,16.2, 
2008/10/4,15:00,0.0, ,45930, ,17.33, ,0.00, ,16.2, 
2008/10/4,16:00,0.0, ,46020, ,18.30, ,0.00, ,16.3, 
2008/10/4,17:00,0.0, ,46080, ,18.31, ,0.00, ,16.3, 
2008/10/4,18:00,0.0, ,46190, ,19.42, ,0.00, ,16.4, 
2008/10/4,19:00,0.0, ,46280, ,35.86, ,0.00, ,16.5, 
2008/10/4,20:00,0.0, ,46340, ,19.32, ,0.00, ,16.5, 
2008/10/4,21:00,0.0, ,46400, ,18.51, ,0.00, ,16.6, 
2008/10/4,22:00,0.0, ,46460, ,17.29, ,0.00, ,16.6, 
2008/10/4,23:00,0.0, ,46520, ,17.02, ,0.00, ,16.6, 
2008/10/4,24:00,0.0, ,46610, ,18.55, ,0.00, ,16.5, 
2008/10/5,01:00,0.0, ,46670, ,17.18, ,0.00, ,16.5, 
2008/10/5,02:00,0.8, ,46730, ,17.61, ,0.00, ,16.6, 
2008/10/5,03:00,1.4, ,46760, ,14.04, ,0.00, ,16.6, 
2008/10/5,04:00,0.1, ,46790, ,10.74, ,0.00, ,16.6, 
2008/10/5,05:00,0.7, ,46850, ,11.57, ,0.00, ,16.7, 
2008/10/5,06:00,5.0, ,46910, ,13.09, ,0.00, ,16.7, 
2008/10/5,07:00,7.4, ,46970, ,16.41, ,0.00, ,16.7, 
2008/10/5,08:00,5.1, ,47030, ,17.11, ,0.00, ,16.8, 
2008/10/5,09:00,3.3, ,47080, ,18.50, ,0.00, ,16.8, 
2008/10/5,10:00,6.6, ,47170, ,20.73, ,0.00, ,16.9, 
2008/10/5,11:00,5.8, ,47320, ,32.36, ,0.00, ,17.0, 
2008/10/5,12:00,4.9, ,47470, ,40.71, ,0.00, ,17.1, 
2008/10/5,13:00,4.0, ,47680, ,51.88, ,0.00, ,17.2, 
2008/10/5,14:00,5.5, ,47980, ,71.17, ,0.00, ,17.4, 
2008/10/5,15:00,8.4, ,48350, ,90.48, ,0.00, ,17.6, 
2008/10/5,16:00,8.3, ,48770, ,107.17, ,0.00, ,17.9, 
2008/10/5,17:00,4.7, ,49290, ,129.66, ,0.00, ,18.3, 
2008/10/5,18:00,5.0, ,49900, ,158.81, ,0.00, ,18.7, 
2008/10/5,19:00,3.6, ,50640, ,186.18, ,0.00, ,19.1, 
2008/10/5,20:00,7.4, ,51410, ,217.47, ,0.00, ,19.7, 
2008/10/5,21:00,1.3, ,52220, ,217.29, ,0.00, ,20.2, 
2008/10/5,22:00,1.2, ,53000, ,217.81, ,0.00, ,20.7, 
2008/10/5,23:00,0.5, ,53720, ,211.35, ,0.00, ,21.2, 
2008/10/5,24:00,0.5, ,54380, ,192.21, ,0.00, ,21.2, 
2008/10/6,01:00,0.8, ,54960, ,169.45, ,0.00, ,21.6, 
2008/10/6,02:00,0.1, ,55470, ,152.67, ,0.00, ,21.9, 
2008/10/6,03:00,0.0, ,55950, ,141.69, ,0.00, ,22.2, 
2008/10/6,04:00,0.3, ,56400, ,129.22, ,0.00, ,22.5, 
2008/10/6,05:00,0.0, ,56820, ,120.95, ,0.00, ,22.8, 
2008/10/6,06:00,0.1, ,57240, ,113.36, ,0.00, ,23.0, 
2008/10/6,07:00,0.0, ,57600, ,107.05, ,0.00, ,23.3, 
2008/10/6,08:00,0.0, ,57960, ,101.30, ,0.00, ,23.5, 
2008/10/6,09:00,0.0, ,58320, ,95.35, ,0.00, ,23.8, 
2008/10/6,10:00,0.0, ,58640, ,93.21, ,0.00, ,24.0, 
2008/10/6,11:00,0.0, ,58940, ,88.39, ,0.00, ,24.2, 
2008/10/6,12:00,0.0, ,59230, ,84.96, ,0.00, ,24.3, 
2008/10/6,13:00,0.0, ,59530, ,81.65, ,0.00, ,24.5, 
2008/10/6,14:00,0.0, ,59790, ,78.17, ,0.00, ,24.7, 
2008/10/6,15:00,0.0, ,60060, ,73.74, ,0.00, ,24.9, 
2008/10/6,16:00,0.0, ,60320, ,70.52, ,0.00, ,25.1, 
2008/10/6,17:00,0.0, ,60550, ,67.89, ,0.00, ,25.2, 
2008/10/6,18:00,0.0, ,60780, ,64.94, ,0.00, ,25.4, 
2008/10/6,19:00,0.0, ,61020, ,64.59, ,0.00, ,25.5, 
2008/10/6,20:00,0.0, ,61220, ,61.15, ,0.00, ,25.6, 
2008/10/6,21:00,0.0, ,61450, ,60.01, ,0.00, ,25.8, 
2008/10/6,22:00,0.0, ,61650, ,58.87, ,0.00, ,25.9, 
2008/10/6,23:00,0.0, ,61850, ,56.79, ,0.00, ,26.0, 
2008/10/6,24:00,0.0, ,62050, ,56.25, ,0.00, ,25.6, 
2008/10/7,01:00,0.0, ,62250, ,54.31, ,0.00, ,25.8, 
2008/10/7,02:00,0.0, ,62450, ,53.30, ,0.00, ,25.9, 
2008/10/7,03:00,0.0, ,62620, ,53.69, ,0.00, ,26.0, 
2008/10/7,04:00,0.0, ,62790, ,50.33, ,0.00, ,26.1, 
2008/10/7,05:00,0.0, ,62990, ,52.11, ,0.00, ,26.2, 
2008/10/7,06:00,0.0, ,63160, ,49.05, ,0.00, ,26.4, 
2008/10/7,07:00,0.0, ,63330, ,49.90, ,0.00, ,26.5, 
2008/10/7,08:00,0.0, ,63530, ,47.61, ,0.00, ,26.6, 
2008/10/7,09:00,0.0, ,63670, ,47.98, ,0.00, ,26.7, 
2008/10/7,10:00,0.0, ,63840, ,44.58, ,0.00, ,26.8, 
2008/10/7,11:00,0.0, ,64010, ,45.10, ,0.00, ,26.9, 
2008/10/7,12:00,0.0, ,64150, ,43.89, ,0.00, ,27.0, 
2008/10/7,13:00,0.0, ,64320, ,44.57, ,0.00, ,27.1, 
2008/10/7,14:00,0.0, ,64490, ,42.41, ,0.00, ,27.2, 
2008/10/7,15:00,0.0, ,64620, ,43.56, ,0.00, ,27.3, 
2008/10/7,16:00,0.0, ,64760, ,41.56, ,0.00, ,27.4, 
2008/10/7,17:00,0.0, ,64930, ,41.12, ,0.00, ,27.5, 
2008/10/7,18:00,0.0, ,65070, ,40.06, ,0.00, ,27.6, 
2008/10/7,19:00,0.0, ,65200, ,36.77, ,0.00, ,27.7, 
2008/10/7,20:00,0.0, ,65310, ,35.21, ,0.00, ,27.7, 
2008/10/7,21:00,0.2, ,65440, ,32.39, ,0.00, ,27.8, 
2008/10/7,22:00,0.0, ,65550, ,31.77, ,0.00, ,27.9, 
2008/10/7,23:00,0.0, ,65650, ,33.39, ,0.00, ,28.0, 
2008/10/7,24:00,0.0, ,65790, ,30.71, ,0.00, ,27.6, 
2008/10/8,01:00,0.0, ,65890, ,30.57, ,0.00, ,27.6, 
2008/10/8,02:00,0.0, ,65990, ,31.08, ,0.00, ,27.7, 
2008/10/8,03:00,0.0, ,66100, ,28.71, ,0.00, ,27.8, 
2008/10/8,04:00,0.0, ,66200, ,29.84, ,0.00, ,27.8, 
2008/10/8,05:00,0.0, ,66300, ,28.91, ,0.00, ,27.9, 
2008/10/8,06:00,0.0, ,66410, ,29.89, ,0.00, ,28.0, 
2008/10/8,07:00,0.0, ,66510, ,29.11, ,0.00, ,28.0, 
2008/10/8,08:00,0.0, ,66620, ,27.69, ,0.00, ,28.1, 
2008/10/8,09:00,0.0, ,66720, ,28.19, ,0.00, ,28.2, 
2008/10/8,10:00,0.0, ,66790, ,26.28, ,0.00, ,28.2, 
2008/10/8,11:00,0.0, ,66890, ,26.78, ,0.00, ,28.3, 
2008/10/8,12:00,0.0, ,67000, ,27.12, ,0.00, ,28.4, 
2008/10/8,13:00,0.0, ,67100, ,27.30, ,0.00, ,28.4, 
2008/10/8,14:00,0.0, ,67200, ,26.67, ,0.00, ,28.5, 
2008/10/8,15:00,0.0, ,67310, ,26.69, ,0.00, ,28.5, 
2008/10/8,16:00,0.0, ,67380, ,27.19, ,0.00, ,28.6, 
2008/10/8,17:00,0.0, ,67480, ,26.08, ,0.00, ,28.7, 
2008/10/8,18:00,0.0, ,67550, ,24.00, ,0.00, ,28.7, 
2008/10/8,19:00,0.0, ,67660, ,25.95, ,0.00, ,28.8, 
2008/10/8,20:00,0.0, ,67760, ,25.00, ,0.00, ,28.8, 
2008/10/8,21:00,0.0, ,67830, ,24.53, ,0.00, ,28.9, 
2008/10/8,22:00,0.0, ,67940, ,23.73, ,0.00, ,29.0, 
2008/10/8,23:00,0.0, ,68010, ,25.36, ,0.00, ,29.0, 
2008/10/8,24:00,0.0, ,68110, ,25.38, ,0.00, ,28.7, 
2008/10/9,01:00,0.0, ,68180, ,22.16, ,0.00, ,28.7, 
2008/10/9,02:00,0.0, ,68250, ,23.95, ,0.00, ,28.8, 
2008/10/9,03:00,0.0, ,68360, ,22.99, ,0.00, ,28.8, 
2008/10/9,04:00,0.0, ,68460, ,23.81, ,0.00, ,28.9, 
2008/10/9,05:00,0.0, ,68530, ,23.02, ,0.00, ,29.0, 
2008/10/9,06:00,0.0, ,68600, ,23.84, ,0.00, ,29.0, 
2008/10/9,07:00,0.0, ,68710, ,22.23, ,0.00, ,29.1, 
2008/10/9,08:00,0.0, ,68780, ,22.08, ,0.00, ,29.1, 
2008/10/9,09:00,0.0, ,68850, ,23.88, ,0.00, ,29.2, 
2008/10/9,10:00,0.0, ,68920, ,19.83, ,0.00, ,29.2, 
2008/10/9,11:00,0.0, ,68990, ,23.25, ,0.00, ,29.2, 
2008/10/9,12:00,0.0, ,69090, ,23.91, ,0.00, ,29.3, 
2008/10/9,13:00,0.0, ,69160, ,21.16, ,0.00, ,29.4, 
2008/10/9,14:00,0.0, ,69270, ,23.29, ,0.00, ,29.4, 
2008/10/9,15:00,0.0, ,69340, ,22.49, ,0.00, ,29.5, 
2008/10/9,16:00,0.0, ,69410, ,21.19, ,0.00, ,29.5, 
2008/10/9,17:00,0.0, ,69480, ,23.33, ,0.00, ,29.6, 
2008/10/9,18:00,0.0, ,69580, ,21.38, ,0.00, ,29.6, 
2008/10/9,19:00,0.0, ,69660, ,21.06, ,0.00, ,29.7, 
2008/10/9,20:00,0.0, ,69730, ,21.40, ,0.00, ,29.7, 
2008/10/9,21:00,0.0, ,69800, ,21.74, ,0.00, ,29.8, 
2008/10/9,22:00,0.0, ,69870, ,20.60, ,0.00, ,29.8, 
2008/10/9,23:00,0.0, ,69940, ,21.43, ,0.00, ,29.9, 
2008/10/9,24:00,0.0, ,70040, ,20.13, ,0.00, ,29.6, 
2008/10/10,01:00,0.0, ,70110, ,22.43, ,0.00, ,29.6, 
2008/10/10,02:00,0.0, ,70190, ,19.50, ,0.00, ,29.7, 
2008/10/10,03:00,0.0, ,70260, ,22.29, ,0.00, ,29.7, 
2008/10/10,04:00,0.0, ,70330, ,18.86, ,0.00, ,29.8, 
2008/10/10,05:00,0.0, ,70400, ,20.18, ,0.00, ,29.8, 
2008/10/10,06:00,0.0, ,70470, ,20.85, ,0.00, ,29.9, 
2008/10/10,07:00,0.0, ,70540, ,20.04, ,0.00, ,29.9, 
2008/10/10,08:00,0.0, ,70610, ,20.70, ,0.00, ,29.9, 
2008/10/10,09:00,0.0, ,70680, ,19.23, ,0.00, ,30.0, 
2008/10/10,10:00,0.0, ,70750, ,20.39, ,0.00, ,30.0, 
2008/10/10,11:00,0.0, ,70820, ,18.92, ,0.00, ,30.1, 
2008/10/10,12:00,0.0, ,70900, ,21.56, ,0.00, ,30.1, 
2008/10/10,13:00,0.0, ,70970, ,18.44, ,0.00, ,30.2, 
2008/10/10,14:00,0.0, ,71040, ,20.26, ,0.00, ,30.2, 
2008/10/10,15:00,0.0, ,71110, ,19.78, ,0.00, ,30.3, 
2008/10/10,16:00,0.0, ,71180, ,20.28, ,0.00, ,30.3, 
2008/10/10,17:00,0.0, ,71250, ,19.63, ,0.00, ,30.3, 
2008/10/10,18:00,0.0, ,71320, ,19.97, ,0.00, ,30.4, 
2008/10/10,19:00,0.0, ,71390, ,18.00, ,0.00, ,30.4, 
2008/10/10,20:00,0.0, ,71470, ,19.82, ,0.00, ,30.5, 
2008/10/10,21:00,0.6, ,71540, ,19.50, ,0.00, ,30.5, 
2008/10/10,22:00,1.7, ,71610, ,20.83, ,0.00, ,30.6, 
2008/10/10,23:00,3.2, ,71680, ,19.68, ,0.00, ,30.6, 
2008/10/10,24:00,4.7, ,71790, ,25.82, ,0.00, ,30.6, 
2008/10/11,01:00,2.9, ,71860, ,23.85, ,0.00, ,30.6, 
2008/10/11,02:00,4.2, ,71970, ,25.35, ,0.00, ,30.7, 
2008/10/11,03:00,2.0, ,72040, ,22.88, ,0.00, ,30.8, 
2008/10/11,04:00,1.1, ,72110, ,23.22, ,0.00, ,30.8, 
2008/10/11,05:00,0.1, ,72220, ,21.57, ,0.00, ,30.9, 
2008/10/11,06:00,0.4, ,72290, ,23.08, ,0.00, ,30.9, 
2008/10/11,07:00,0.0, ,72360, ,24.09, ,0.00, ,31.0, 
2008/10/11,08:00,0.0, ,72430, ,20.94, ,0.00, ,31.0, 
2008/10/11,09:00,0.0, ,72540, ,21.45, ,0.00, ,31.1, 
2008/10/11,10:00,0.0, ,72610, ,22.29, ,0.00, ,31.1, 
2008/10/11,11:00,0.0, ,72680, ,21.30, ,0.00, ,31.2, 
2008/10/11,12:00,0.0, ,72760, ,24.81, ,0.00, ,31.2, 
2008/10/11,13:00,0.0, ,72860, ,24.16, ,0.00, ,31.3, 
2008/10/11,14:00,0.0, ,72940, ,22.84, ,0.00, ,31.3, 
2008/10/11,15:00,0.0, ,73010, ,22.68, ,0.00, ,31.4, 
2008/10/11,16:00,0.0, ,73120, ,21.36, ,0.00, ,31.4, 
2008/10/11,17:00,0.0, ,73150, ,21.87, ,0.00, ,31.5, 
2008/10/11,18:00,0.0, ,73220, ,19.37, ,0.00, ,31.5, 
2008/10/11,19:00,0.0, ,73330, ,21.89, ,0.00, ,31.6, 
2008/10/11,20:00,0.0, ,73400, ,19.73, ,0.00, ,31.6, 
2008/10/11,21:00,0.0, ,73480, ,19.90, ,0.00, ,31.7, 
2008/10/11,22:00,0.0, ,73550, ,20.25, ,0.00, ,31.7, 
2008/10/11,23:00,0.0, ,73590, ,19.42, ,0.00, ,31.7, 
2008/10/11,24:00,0.0, ,73690, ,19.26, ,0.00, ,31.6, 
2008/10/12,01:00,0.0, ,73730, ,20.78, ,0.00, ,31.6, 
2008/10/12,02:00,0.0, ,73800, ,16.43, ,0.00, ,31.7, 
2008/10/12,03:00,0.0, ,73840, ,12.07, ,0.00, ,31.7, 
2008/10/12,04:00,0.0, ,73870, ,11.07, ,0.00, ,31.7, 
2008/10/12,05:00,0.0, ,73910, ,10.90, ,0.00, ,31.8, 
2008/10/12,06:00,0.0, ,73950, ,11.91, ,0.00, ,31.8, 
2008/10/12,07:00,0.0, ,73980, ,10.07, ,0.00, ,31.8, 
2008/10/12,08:00,0.0, ,74020, ,10.24, ,0.00, ,31.8, 
2008/10/12,09:00,0.0, ,74060, ,12.42, ,0.00, ,31.9, 
2008/10/12,10:00,0.0, ,74130, ,8.90, ,0.00, ,31.9, 
2008/10/12,11:00,0.0, ,74160, ,15.79, ,0.00, ,31.9, 
2008/10/12,12:00,0.0, ,74240, ,16.30, ,0.00, ,32.0, 
2008/10/12,13:00,0.0, ,74310, ,18.83, ,0.00, ,32.0, 
2008/10/12,14:00,0.0, ,74380, ,20.69, ,0.00, ,32.1, 
2008/10/12,15:00,0.0, ,74460, ,18.17, ,0.00, ,32.1, 
2008/10/12,16:00,0.0, ,74490, ,17.34, ,0.00, ,32.1, 
2008/10/12,17:00,0.0, ,74560, ,18.52, ,0.00, ,32.2, 
2008/10/12,18:00,0.0, ,74640, ,16.85, ,0.00, ,32.2, 
2008/10/12,19:00,0.0, ,74710, ,16.85, ,0.00, ,32.3, 
2008/10/12,20:00,0.0, ,74750, ,18.21, ,0.00, ,32.3, 
2008/10/12,21:00,0.0, ,74820, ,17.71, ,0.00, ,32.3, 
2008/10/12,22:00,0.0, ,74890, ,18.56, ,0.00, ,32.4, 
2008/10/12,23:00,0.0, ,74970, ,16.20, ,0.00, ,32.4, 
2008/10/12,24:00,0.0, ,75000, ,19.42, ,0.00, ,32.3, 
2008/10/13,01:00,0.0, ,75070, ,14.69, ,0.00, ,32.4, 
2008/10/13,02:00,0.0, ,75110, ,14.20, ,0.00, ,32.4, 
2008/10/13,03:00,0.0, ,75150, ,13.18, ,0.00, ,32.4, 
2008/10/13,04:00,0.0, ,75180, ,9.46, ,0.00, ,32.5, 
2008/10/13,05:00,0.0, ,75220, ,10.99, ,0.00, ,32.5, 
2008/10/13,06:00,0.0, ,75260, ,8.46, ,0.00, ,32.5, 
2008/10/13,07:00,0.0, ,75290, ,8.29, ,0.00, ,32.5, 
2008/10/13,08:00,0.0, ,75330, ,10.49, ,0.00, ,32.6, 
2008/10/13,09:00,0.0, ,75370, ,10.15, ,0.00, ,32.6, 
2008/10/13,10:00,0.0, ,75400, ,8.29, ,0.00, ,32.6, 
2008/10/13,11:00,0.0, ,75440, ,12.36, ,0.00, ,32.6, 
2008/10/13,12:00,0.0, ,75510, ,16.43, ,0.00, ,32.7, 
2008/10/13,13:00,0.0, ,75590, ,17.79, ,0.00, ,32.7, 
2008/10/13,14:00,0.0, ,75620, ,17.10, ,0.00, ,32.7, 
2008/10/13,15:00,0.0, ,75700, ,16.93, ,0.00, ,32.8, 
2008/10/13,16:00,0.0, ,75770, ,15.92, ,0.00, ,32.8, 
2008/10/13,17:00,0.0, ,75810, ,17.29, ,0.00, ,32.9, 
2008/10/13,18:00,0.0, ,75880, ,17.12, ,0.00, ,32.9, 
2008/10/13,19:00,0.0, ,75950, ,17.30, ,0.00, ,32.9, 
2008/10/13,20:00,0.0, ,75990, ,17.14, ,0.00, ,33.0, 
2008/10/13,21:00,0.0, ,76060, ,18.16, ,0.00, ,33.0, 
2008/10/13,22:00,0.0, ,76140, ,14.94, ,0.00, ,33.1, 
2008/10/13,23:00,0.0, ,76170, ,17.50, ,0.00, ,33.1, 
2008/10/13,24:00,0.0, ,76250, ,15.46, ,0.00, ,33.1, 
2008/10/14,01:00,0.0, ,76280, ,14.11, ,0.00, ,33.1, 
2008/10/14,02:00,0.0, ,76320, ,12.41, ,0.00, ,33.1, 
2008/10/14,03:00,0.0, ,76360, ,11.23, ,0.00, ,33.1, 
2008/10/14,04:00,0.8, ,76390, ,9.19, ,0.00, ,33.2, 
2008/10/14,05:00,5.9, ,76430, ,12.59, ,0.00, ,33.2, 
2008/10/14,06:00,10.4, ,76540, ,14.30, ,0.00, ,33.2, 
2008/10/14,07:00,5.4, ,76580, ,22.14, ,0.00, ,33.3, 
2008/10/14,08:00,0.5, ,76650, ,20.45, ,0.00, ,33.3, 
2008/10/14,09:00,1.6, ,76720, ,18.07, ,0.00, ,33.4, 
2008/10/14,10:00,1.9, ,76830, ,28.14, ,0.00, ,33.4, 
2008/10/14,11:00,2.5, ,76950, ,30.55, ,0.00, ,33.5, 
2008/10/14,12:00,2.4, ,77090, ,31.09, ,0.00, ,33.6, 
2008/10/14,13:00,0.1, ,77170, ,31.28, ,0.00, ,33.6, 
2008/10/14,14:00,0.0, ,77310, ,34.90, ,0.00, ,33.7, 
2008/10/14,15:00,0.0, ,77460, ,40.41, ,0.00, ,33.8, 
2008/10/14,16:00,0.0, ,77610, ,40.62, ,0.00, ,33.9, 
2008/10/14,17:00,0.0, ,77760, ,40.31, ,0.00, ,34.0, 
2008/10/14,18:00,0.0, ,77870, ,37.26, ,0.00, ,34.1, 
2008/10/14,19:00,0.0, ,77980, ,33.51, ,0.00, ,34.2, 
2008/10/14,20:00,0.0, ,78130, ,32.16, ,0.00, ,34.3, 
2008/10/14,21:00,0.0, ,78200, ,29.43, ,0.00, ,34.3, 
2008/10/14,22:00,0.0, ,78320, ,27.38, ,0.00, ,34.4, 
2008/10/14,23:00,0.0, ,78390, ,26.37, ,0.00, ,34.4, 
2008/10/14,24:00,0.0, ,78500, ,27.25, ,0.00, ,34.3, 
2008/10/15,01:00,0.0, ,78580, ,24.33, ,0.00, ,34.4, 
2008/10/15,02:00,0.0, ,78690, ,25.03, ,0.00, ,34.5, 
2008/10/15,03:00,0.0, ,78760, ,24.53, ,0.00, ,34.5, 
2008/10/15,04:00,0.0, ,78840, ,23.51, ,0.00, ,34.6, 
2008/10/15,05:00,0.0, ,78950, ,23.52, ,0.00, ,34.6, 
2008/10/15,06:00,0.0, ,79030, ,23.19, ,0.00, ,34.7, 
2008/10/15,07:00,0.0, ,79100, ,21.30, ,0.00, ,34.7, 
2008/10/15,08:00,0.0, ,79180, ,20.96, ,0.00, ,34.8, 
2008/10/15,09:00,0.0, ,79250, ,22.01, ,0.00, ,34.8, 
2008/10/15,10:00,0.0, ,79330, ,22.38, ,0.00, ,34.9, 
2008/10/15,11:00,0.0, ,79400, ,21.36, ,0.00, ,34.9, 
2008/10/15,12:00,0.0, ,79480, ,20.85, ,0.00, ,35.0, 
2008/10/15,13:00,0.0, ,79550, ,21.73, ,0.00, ,35.0, 
2008/10/15,14:00,0.0, ,79630, ,21.39, ,0.00, ,35.1, 
2008/10/15,15:00,0.0, ,79700, ,20.88, ,0.00, ,35.1, 
2008/10/15,16:00,0.0, ,79780, ,20.54, ,0.00, ,35.1, 
2008/10/15,17:00,0.0, ,79850, ,20.38, ,0.00, ,35.2, 
2008/10/15,18:00,0.0, ,79930, ,22.30, ,0.00, ,35.2, 
2008/10/15,19:00,0.0, ,80000, ,19.00, ,0.00, ,35.3, 
2008/10/15,20:00,0.0, ,80080, ,19.00, ,0.00, ,35.3, 
2008/10/15,21:00,0.0, ,80150, ,19.89, ,0.00, ,35.4, 
2008/10/15,22:00,0.0, ,80230, ,19.02, ,0.00, ,35.4, 
2008/10/15,23:00,0.0, ,80270, ,19.20, ,0.00, ,35.5, 
2008/10/15,24:00,0.0, ,80340, ,19.03, ,0.00, ,35.4, 
2008/10/16,01:00,0.0, ,80420, ,20.61, ,0.00, ,35.4, 
2008/10/16,02:00,0.0, ,80490, ,19.23, ,0.00, ,35.5, 
2008/10/16,03:00,0.0, ,80570, ,18.88, ,0.00, ,35.5, 
2008/10/16,04:00,0.0, ,80610, ,14.69, ,0.00, ,35.6, 
2008/10/16,05:00,0.0, ,80640, ,11.55, ,0.00, ,35.6, 
2008/10/16,06:00,0.0, ,80680, ,11.55, ,0.00, ,35.6, 
2008/10/16,07:00,0.0, ,80720, ,11.38, ,0.00, ,35.6, 
2008/10/16,08:00,0.0, ,80760, ,10.68, ,0.00, ,35.6, 
2008/10/16,09:00,0.0, ,80790, ,9.81, ,0.00, ,35.7, 
2008/10/16,10:00,0.0, ,80830, ,10.51, ,0.00, ,35.7, 
2008/10/16,11:00,0.0, ,80910, ,15.94, ,0.00, ,35.7, 
2008/10/16,12:00,0.0, ,80980, ,16.65, ,0.00, ,35.8, 
2008/10/16,13:00,0.0, ,81020, ,19.46, ,0.00, ,35.8, 
2008/10/16,14:00,0.0, ,81100, ,18.41, ,0.00, ,35.9, 
2008/10/16,15:00,0.0, ,81170, ,18.25, ,0.00, ,35.9, 
2008/10/16,16:00,0.0, ,81250, ,17.55, ,0.00, ,36.0, 
2008/10/16,17:00,0.0, ,81290, ,19.31, ,0.00, ,36.0, 
2008/10/16,18:00,0.0, ,81360, ,17.56, ,0.00, ,36.0, 
2008/10/16,19:00,0.0, ,81440, ,18.27, ,0.00, ,36.1, 
2008/10/16,20:00,0.0, ,81480, ,17.75, ,0.00, ,36.1, 
2008/10/16,21:00,0.0, ,81550, ,17.94, ,0.00, ,36.1, 
2008/10/16,22:00,0.0, ,81630, ,17.06, ,0.00, ,36.2, 
2008/10/16,23:00,0.0, ,81670, ,17.24, ,0.00, ,36.2, 
2008/10/16,24:00,0.0, ,81740, ,15.84, ,0.00, ,36.2, 
2008/10/17,01:00,0.0, ,81780, ,16.55, ,0.00, ,36.2, 
2008/10/17,02:00,0.0, ,81860, ,15.32, ,0.00, ,36.3, 
2008/10/17,03:00,0.0, ,81860, ,10.39, ,0.00, ,36.3, 
2008/10/17,04:00,0.0, ,81930, ,10.04, ,0.00, ,36.3, 
2008/10/17,05:00,0.0, ,81930, ,11.10, ,0.00, ,36.3, 
2008/10/17,06:00,0.0, ,81970, ,9.35, ,0.00, ,36.3, 
2008/10/17,07:00,0.0, ,82010, ,9.35, ,0.00, ,36.4, 
2008/10/17,08:00,0.0, ,82050, ,8.46, ,0.00, ,36.4, 
2008/10/17,09:00,0.0, ,82090, ,12.70, ,0.00, ,36.4, 
2008/10/17,10:00,0.0, ,82120, ,8.82, ,0.00, ,36.4, 
2008/10/17,11:00,0.0, ,82160, ,10.41, ,0.00, ,36.4, 
2008/10/17,12:00,0.0, ,82240, ,17.65, ,0.00, ,36.5, 
2008/10/17,13:00,0.0, ,82310, ,19.77, ,0.00, ,36.5, 
2008/10/17,14:00,0.0, ,82390, ,14.13, ,0.00, ,36.6, 
2008/10/17,15:00,0.0, ,82430, ,21.38, ,0.00, ,36.6, 
2008/10/17,16:00,0.0, ,82470, ,10.95, ,0.00, ,36.6, 
2008/10/17,17:00,0.0, ,82540, ,17.50, ,0.00, ,36.7, 
2008/10/17,18:00,0.0, ,82620, ,16.27, ,0.00, ,36.7, 
2008/10/17,19:00,0.0, ,82660, ,18.93, ,0.00, ,36.8, 
2008/10/17,20:00,0.0, ,82730, ,16.10, ,0.00, ,36.8, 
2008/10/17,21:00,0.0, ,82770, ,16.82, ,0.00, ,36.8, 
2008/10/17,22:00,0.0, ,82850, ,17.53, ,0.00, ,36.9, 
2008/10/17,23:00,0.0, ,82890, ,14.88, ,0.00, ,36.9, 
2008/10/17,24:00,0.0, ,82960, ,15.41, ,0.00, ,36.9, 
2008/10/18,01:00,0.0, ,83000, ,13.47, ,0.00, ,36.9, 
2008/10/18,02:00,0.0, ,83040, ,13.47, ,0.00, ,36.9, 
2008/10/18,03:00,0.0, ,83080, ,8.51, ,0.00, ,37.0, 
2008/10/18,04:00,0.0, ,83120, ,10.45, ,0.00, ,37.0, 
2008/10/18,05:00,0.0, ,83150, ,6.91, ,0.00, ,37.0, 
2008/10/18,06:00,0.0, ,83150, ,10.28, ,0.00, ,37.0, 
2008/10/18,07:00,0.0, ,83190, ,6.56, ,0.00, ,37.0, 
2008/10/18,08:00,0.0, ,83230, ,9.22, ,0.00, ,37.1, 
2008/10/18,09:00,0.0, ,83270, ,7.27, ,0.00, ,37.1, 
2008/10/18,10:00,0.0, ,83310, ,9.22, ,0.00, ,37.1, 
2008/10/18,11:00,0.0, ,83350, ,12.59, ,0.00, ,37.1, 
2008/10/18,12:00,0.0, ,83380, ,14.37, ,0.00, ,37.1, 
2008/10/18,13:00,0.0, ,83460, ,17.57, ,0.00, ,37.2, 
2008/10/18,14:00,0.0, ,83500, ,15.09, ,0.00, ,37.2, 
2008/10/18,15:00,0.0, ,83580, ,17.94, ,0.00, ,37.3, 
2008/10/18,16:00,0.0, ,83610, ,13.33, ,0.00, ,37.3, 
2008/10/18,17:00,0.0, ,83690, ,16.71, ,0.00, ,37.3, 
2008/10/18,18:00,0.0, ,83730, ,15.47, ,0.00, ,37.4, 
2008/10/18,19:00,0.0, ,83810, ,18.32, ,0.00, ,37.4, 
2008/10/18,20:00,0.0, ,83880, ,15.48, ,0.00, ,37.5, 
2008/10/18,21:00,0.0, ,83920, ,16.55, ,0.00, ,37.5, 
2008/10/18,22:00,0.0, ,83960, ,14.24, ,0.00, ,37.5, 
2008/10/18,23:00,0.0, ,84040, ,16.57, ,0.00, ,37.6, 
2008/10/18,24:00,0.0, ,84080, ,14.43, ,0.00, ,37.5, 
2008/10/19,01:00,0.0, ,84150, ,15.86, ,0.00, ,37.6, 
2008/10/19,02:00,0.0, ,84190, ,10.70, ,0.00, ,37.6, 
2008/10/19,03:00,0.0, ,84190, ,10.52, ,0.00, ,37.6, 
2008/10/19,04:00,0.0, ,84230, ,9.45, ,0.00, ,37.6, 
2008/10/19,05:00,0.0, ,84270, ,7.49, ,0.00, ,37.7, 
2008/10/19,06:00,0.0, ,84310, ,8.21, ,0.00, ,37.7, 
2008/10/19,07:00,0.0, ,84310, ,6.96, ,0.00, ,37.7, 
2008/10/19,08:00,0.0, ,84350, ,9.46, ,0.00, ,37.7, 
2008/10/19,09:00,0.0, ,84380, ,7.14, ,0.00, ,37.7, 
2008/10/19,10:00,0.0, ,84420, ,7.32, ,0.00, ,37.7, 
2008/10/19,11:00,0.0, ,84460, ,12.32, ,0.00, ,37.8, 
2008/10/19,12:00,0.0, ,84500, ,11.43, ,0.00, ,37.8, 
2008/10/19,13:00,0.0, ,84580, ,16.08, ,0.00, ,37.8, 
2008/10/19,14:00,0.0, ,84620, ,16.09, ,0.00, ,37.9, 
2008/10/19,15:00,0.0, ,84690, ,16.10, ,0.00, ,37.9, 
2008/10/19,16:00,0.0, ,84730, ,16.46, ,0.00, ,37.9, 
2008/10/19,17:00,0.0, ,84770, ,13.78, ,0.00, ,38.0, 
2008/10/19,18:00,0.0, ,84850, ,14.50, ,0.00, ,38.0, 
2008/10/19,19:00,0.0, ,84890, ,15.76, ,0.00, ,38.0, 
2008/10/19,20:00,0.0, ,84960, ,15.58, ,0.00, ,38.1, 
2008/10/19,21:00,0.0, ,85000, ,15.41, ,0.00, ,38.1, 
2008/10/19,22:00,0.0, ,85080, ,13.98, ,0.00, ,38.2, 
2008/10/19,23:00,0.0, ,85120, ,17.03, ,0.00, ,38.2, 
2008/10/19,24:00,0.0, ,85160, ,13.27, ,0.00, ,38.2, 
2008/10/20,01:00,0.0, ,85200, ,12.38, ,0.00, ,38.2, 
2008/10/20,02:00,0.0, ,85230, ,10.05, ,0.00, ,38.2, 
2008/10/20,03:00,0.0, ,85270, ,11.13, ,0.00, ,38.2, 
2008/10/20,04:00,0.0, ,85350, ,16.16, ,0.00, ,38.3, 
2008/10/20,05:00,0.0, ,85390, ,15.44, ,0.00, ,38.3, 
2008/10/20,06:00,0.0, ,85470, ,14.91, ,0.00, ,38.4, 
2008/10/20,07:00,0.0, ,85510, ,14.56, ,0.00, ,38.4, 
2008/10/20,08:00,0.0, ,85550, ,12.94, ,0.00, ,38.4, 
2008/10/20,09:00,0.0, ,85580, ,12.41, ,0.00, ,38.4, 
2008/10/20,10:00,0.0, ,85620, ,8.45, ,0.00, ,38.4, 
2008/10/20,11:00,0.0, ,85620, ,5.40, ,0.00, ,38.4, 
2008/10/20,12:00,0.0, ,85660, ,6.29, ,0.00, ,38.5, 
2008/10/20,13:00,0.0, ,85700, ,5.22, ,0.00, ,38.5, 
2008/10/20,14:00,0.0, ,85740, ,11.70, ,0.00, ,38.5, 
2008/10/20,15:00,0.0, ,85780, ,11.52, ,0.00, ,38.6, 
2008/10/20,16:00,0.0, ,85820, ,12.42, ,0.00, ,38.6, 
2008/10/20,17:00,0.0, ,85860, ,11.52, ,0.00, ,38.6, 
2008/10/20,18:00,0.0, ,85900, ,13.15, ,0.00, ,38.6, 
2008/10/20,19:00,0.0, ,85930, ,12.61, ,0.00, ,38.6, 
2008/10/20,20:00,0.0, ,86010, ,12.25, ,0.00, ,38.7, 
2008/10/20,21:00,0.0, ,86050, ,14.25, ,0.00, ,38.7, 
2008/10/20,22:00,0.0, ,86090, ,11.54, ,0.00, ,38.7, 
2008/10/20,23:00,0.0, ,86130, ,13.53, ,0.00, ,38.8, 
2008/10/20,24:00,0.0, ,86170, ,11.01, ,0.00, ,38.8, 
2008/10/21,01:00,0.0, ,86210, ,12.09, ,0.00, ,38.8, 
2008/10/21,02:00,0.0, ,86250, ,10.11, ,0.00, ,38.8, 
2008/10/21,03:00,0.0, ,86280, ,9.39, ,0.00, ,38.8, 
2008/10/21,04:00,0.0, ,86280, ,5.23, ,0.00, ,38.8, 
2008/10/21,05:00,0.0, ,86320, ,9.76, ,0.00, ,38.8, 
2008/10/21,06:00,0.0, ,86360, ,2.53, ,0.00, ,38.9, 
2008/10/21,07:00,0.0, ,86360, ,9.39, ,0.00, ,38.9, 
2008/10/21,08:00,0.0, ,86400, ,2.17, ,0.00, ,38.9, 
2008/10/21,09:00,0.0, ,86400, ,8.67, ,0.00, ,38.9, 
2008/10/21,10:00,0.0, ,86440, ,2.71, ,0.00, ,38.9, 
2008/10/21,11:00,0.0, ,86480, ,14.82, ,0.00, ,38.9, 
2008/10/21,12:00,0.0, ,86520, ,12.48, ,0.00, ,39.0, 
2008/10/21,13:00,0.0, ,86600, ,15.92, ,0.00, ,39.0, 
2008/10/21,14:00,0.0, ,86640, ,14.83, ,0.00, ,39.1, 
2008/10/21,15:00,0.0, ,86710, ,17.20, ,0.00, ,39.1, 
2008/10/21,16:00,0.0, ,86750, ,13.40, ,0.00, ,39.1, 
2008/10/21,17:00,0.0, ,86790, ,13.94, ,0.00, ,39.1, 
2008/10/21,18:00,0.0, ,86870, ,17.39, ,0.00, ,39.2, 
2008/10/21,19:00,0.0, ,86910, ,14.86, ,0.00, ,39.2, 
2008/10/21,20:00,0.0, ,86990, ,14.88, ,0.00, ,39.3, 
2008/10/21,21:00,0.0, ,87030, ,14.52, ,0.00, ,39.3, 
2008/10/21,22:00,0.0, ,87070, ,12.53, ,0.00, ,39.3, 
2008/10/21,23:00,0.0, ,87110, ,13.44, ,0.00, ,39.3, 
2008/10/21,24:00,0.0, ,87180, ,16.90, ,0.00, ,39.4, 
2008/10/22,01:00,0.0, ,87220, ,11.63, ,0.00, ,39.4, 
2008/10/22,02:00,0.0, ,87260, ,12.36, ,0.00, ,39.4, 
2008/10/22,03:00,0.0, ,87300, ,6.00, ,0.00, ,39.4, 
2008/10/22,04:00,0.0, ,87300, ,10.36, ,0.00, ,39.4, 
2008/10/22,05:00,0.0, ,87340, ,4.55, ,0.00, ,39.5, 
2008/10/22,06:00,0.0, ,87340, ,6.36, ,0.00, ,39.5, 
2008/10/22,07:00,0.0, ,87380, ,10.91, ,0.00, ,39.5, 
2008/10/22,08:00,0.0, ,87420, ,8.19, ,0.00, ,39.5, 
2008/10/22,09:00,0.0, ,87500, ,15.11, ,0.00, ,39.6, 
2008/10/22,10:00,0.0, ,87540, ,15.11, ,0.00, ,39.6, 
2008/10/22,11:00,0.0, ,87580, ,10.38, ,0.00, ,39.6, 
2008/10/22,12:00,0.0, ,87620, ,12.20, ,0.00, ,39.6, 
2008/10/22,13:00,0.0, ,87660, ,11.48, ,0.00, ,39.7, 
2008/10/22,14:00,0.0, ,87700, ,12.57, ,0.00, ,39.7, 
2008/10/22,15:00,0.0, ,87730, ,10.57, ,0.00, ,39.7, 
2008/10/22,16:00,0.0, ,87770, ,12.03, ,0.00, ,39.7, 
2008/10/22,17:00,0.0, ,87850, ,12.40, ,0.00, ,39.8, 
2008/10/22,18:00,0.0, ,87850, ,11.12, ,0.00, ,39.8, 
2008/10/22,19:00,0.0, ,87890, ,10.58, ,0.00, ,39.8, 
2008/10/22,20:00,1.2, ,87970, ,14.05, ,0.00, ,39.9, 
2008/10/22,21:00,1.9, ,88050, ,16.43, ,0.00, ,39.9, 
2008/10/22,22:00,0.6, ,88050, ,13.69, ,0.00, ,39.9, 
2008/10/22,23:00,2.1, ,88130, ,13.87, ,0.00, ,40.0, 
2008/10/22,24:00,1.4, ,88170, ,13.70, ,0.00, ,39.9, 
2008/10/23,01:00,1.1, ,88210, ,9.32, ,0.00, ,40.0, 
2008/10/23,02:00,2.4, ,88250, ,8.59, ,0.00, ,40.0, 
2008/10/23,03:00,1.8, ,88250, ,9.32, ,0.00, ,40.0, 
2008/10/23,04:00,2.1, ,88330, ,12.61, ,0.00, ,40.1, 
2008/10/23,05:00,1.4, ,88330, ,9.32, ,0.00, ,40.1, 
2008/10/23,06:00,0.5, ,88370, ,9.87, ,0.00, ,40.1, 
2008/10/23,07:00,1.1, ,88440, ,9.69, ,0.00, ,40.1, 
2008/10/23,08:00,0.3, ,88480, ,19.02, ,0.00, ,40.1, 
2008/10/23,09:00,0.7, ,88560, ,18.30, ,0.00, ,40.2, 
2008/10/23,10:00,0.0, ,88600, ,16.10, ,0.00, ,40.2, 
2008/10/23,11:00,0.1, ,88640, ,12.64, ,0.00, ,40.2, 
2008/10/23,12:00,0.0, ,88720, ,15.20, ,0.00, ,40.3, 
2008/10/23,13:00,0.0, ,88760, ,15.39, ,0.00, ,40.3, 
2008/10/23,14:00,0.0, ,88800, ,10.62, ,0.00, ,40.3, 
2008/10/23,15:00,0.0, ,88880, ,15.95, ,0.00, ,40.4, 
2008/10/23,16:00,1.7, ,88920, ,15.22, ,0.00, ,40.4, 
2008/10/23,17:00,0.2, ,88960, ,11.92, ,0.00, ,40.4, 
2008/10/23,18:00,3.6, ,89040, ,14.12, ,0.00, ,40.5, 
2008/10/23,19:00,3.3, ,89080, ,19.08, ,0.00, ,40.5, 
2008/10/23,20:00,1.3, ,89160, ,18.17, ,0.00, ,40.6, 
2008/10/23,21:00,1.6, ,89240, ,23.32, ,0.00, ,40.6, 
2008/10/23,22:00,4.1, ,89320, ,20.57, ,0.00, ,40.7, 
2008/10/23,23:00,7.0, ,89440, ,25.17, ,0.00, ,40.8, 
2008/10/23,24:00,6.5, ,89510, ,28.13, ,0.00, ,40.7, 
2008/10/24,01:00,10.8, ,89670, ,34.03, ,0.00, ,40.8, 
2008/10/24,02:00,3.9, ,89830, ,41.23, ,0.00, ,40.9, 
2008/10/24,03:00,0.5, ,90110, ,60.62, ,0.00, ,41.1, 
2008/10/24,04:00,0.0, ,90510, ,97.42, ,0.00, ,41.4, 
2008/10/24,05:00,0.0, ,90870, ,104.80, ,0.00, ,41.6, 
2008/10/24,06:00,0.0, ,91150, ,89.02, ,0.00, ,41.8, 
2008/10/24,07:00,0.0, ,91390, ,72.98, ,0.00, ,41.9, 
2008/10/24,08:00,0.0, ,91630, ,63.07, ,0.00, ,42.1, 
2008/10/24,09:00,0.1, ,91790, ,59.24, ,0.00, ,42.2, 
2008/10/24,10:00,0.0, ,91990, ,51.13, ,0.00, ,42.3, 
2008/10/24,11:00,0.0, ,92150, ,46.34, ,0.00, ,42.4, 
2008/10/24,12:00,0.0, ,92310, ,44.71, ,0.00, ,42.5, 
2008/10/24,13:00,0.0, ,92430, ,41.76, ,0.00, ,42.6, 
2008/10/24,14:00,0.0, ,92600, ,39.19, ,0.00, ,42.7, 
2008/10/24,15:00,0.0, ,92720, ,35.67, ,0.00, ,42.8, 
2008/10/24,16:00,0.1, ,92800, ,30.83, ,0.00, ,42.8, 
2008/10/24,17:00,0.0, ,92920, ,31.41, ,0.00, ,42.9, 
2008/10/24,18:00,0.0, ,93040, ,27.69, ,0.00, ,43.0, 
2008/10/24,19:00,0.0, ,93120, ,27.51, ,0.00, ,43.0, 
2008/10/24,20:00,0.0, ,93200, ,26.78, ,0.00, ,43.1, 
2008/10/24,21:00,0.0, ,93320, ,25.29, ,0.00, ,43.1, 
2008/10/24,22:00,0.0, ,93400, ,27.00, ,0.00, ,43.2, 
2008/10/24,23:00,0.0, ,93490, ,24.38, ,0.00, ,43.2, 
2008/10/24,24:00,0.0, ,93570, ,23.83, ,0.00, ,43.0, 
2008/10/25,01:00,0.0, ,93650, ,24.59, ,0.00, ,43.1, 
2008/10/25,02:00,0.0, ,93730, ,23.48, ,0.00, ,43.1, 
2008/10/25,03:00,0.0, ,93810, ,23.86, ,0.00, ,43.2, 
2008/10/25,04:00,0.0, ,93890, ,21.24, ,0.00, ,43.2, 
2008/10/25,05:00,0.0, ,93970, ,22.76, ,0.00, ,43.3, 
2008/10/25,06:00,0.0, ,94050, ,20.89, ,0.00, ,43.3, 
2008/10/25,07:00,0.0, ,94140, ,18.45, ,0.00, ,43.4, 
2008/10/25,08:00,0.0, ,94180, ,18.64, ,0.00, ,43.4, 
2008/10/25,09:00,0.0, ,94260, ,17.89, ,0.00, ,43.5, 
2008/10/25,10:00,0.0, ,94300, ,17.06, ,0.00,$,43.5, 
2008/10/25,11:00,0.0, ,94380, ,18.85, ,0.00, ,43.5, 
2008/10/25,12:00,0.0, ,94420, ,14.71, ,0.00, ,43.6, 
2008/10/25,13:00,0.0, ,94500, ,17.73, ,0.00, ,43.6, 
2008/10/25,14:00,0.0, ,94540, ,17.55, ,0.00, ,43.6, 
2008/10/25,15:00,0.0, ,94620, ,17.93, ,0.00, ,43.7, 
2008/10/25,16:00,0.0, ,94670, ,16.43, ,0.00, ,43.7, 
2008/10/25,17:00,0.0, ,94750, ,18.70, ,0.00, ,43.8, 
2008/10/25,18:00,0.0, ,94830, ,19.27, ,0.00, ,43.8, 
2008/10/25,19:00,0.0, ,94910, ,19.09, ,0.00, ,43.9, 
2008/10/25,20:00,0.0, ,94950, ,21.93, ,0.00, ,43.9, 
2008/10/25,21:00,0.0, ,95030, ,18.35, ,0.00, ,43.9, 
2008/10/25,22:00,0.0, ,95110, ,17.60, ,0.00, ,44.0, 
2008/10/25,23:00,0.0, ,95160, ,18.93, ,0.00, ,44.0, 
2008/10/25,24:00,0.0, ,95240, ,17.99, ,0.00, ,44.0, 
2008/10/26,01:00,0.0, ,95280, ,18.00, ,0.00, ,44.0, 
2008/10/26,02:00,0.0, ,95360, ,17.06, ,0.00, ,44.0, 
2008/10/26,03:00,0.0, ,95400, ,11.56, ,0.00, ,44.1, 
2008/10/26,04:00,0.0, ,95440, ,14.79, ,0.00, ,44.1, 
2008/10/26,05:00,0.0, ,95480, ,8.72, ,0.00, ,44.1, 
2008/10/26,06:00,0.0, ,95520, ,10.62, ,0.00, ,44.1, 
2008/10/26,07:00,0.4, ,95520, ,10.24, ,0.00, ,44.1, 
2008/10/26,08:00,0.6, ,95560, ,9.68, ,0.00, ,44.2, 
2008/10/26,09:00,0.6, ,95610, ,11.01, ,0.00, ,44.2, 
2008/10/26,10:00,0.1, ,95690, ,15.57, ,0.00, ,44.2, 
2008/10/26,11:00,0.1, ,95730, ,16.90, ,0.00, ,44.3, 
2008/10/26,12:00,0.1, ,95810, ,14.06, ,0.00, ,44.3, 
2008/10/26,13:00,0.0, ,95850, ,18.05, ,0.00, ,44.3, 
2008/10/26,14:00,0.0, ,95930, ,19.39, ,0.00, ,44.4, 
2008/10/26,15:00,0.3, ,96020, ,19.40, ,0.00, ,44.5, 
2008/10/26,16:00,0.1, ,96100, ,21.11, ,0.00, ,44.5, 
2008/10/26,17:00,0.0, ,96140, ,17.32, ,0.00, ,44.5, 
2008/10/26,18:00,0.0, ,96180, ,15.80, ,0.00, ,44.6, 
2008/10/26,19:00,0.0, ,96260, ,19.42, ,0.00, ,44.6, 
2008/10/26,20:00,0.0, ,96350, ,18.29, ,0.00, ,44.7, 
2008/10/26,21:00,0.0, ,96430, ,20.77, ,0.00, ,44.7, 
2008/10/26,22:00,0.0, ,96470, ,16.96, ,0.00, ,44.7, 
2008/10/26,23:00,0.0, ,96550, ,16.97, ,0.00, ,44.8, 
2008/10/26,24:00,0.0, ,96590, ,19.65, ,0.00, ,44.7, 
2008/10/27,01:00,0.0, ,96630, ,14.50, ,0.00, ,44.7, 
2008/10/27,02:00,0.0, ,96670, ,11.64, ,0.00, ,44.8, 
2008/10/27,03:00,0.0, ,96720, ,13.37, ,0.00, ,44.8, 
2008/10/27,04:00,0.0, ,96760, ,9.74, ,0.00, ,44.8, 
2008/10/27,05:00,0.0, ,96800, ,8.98, ,0.00, ,44.9, 
2008/10/27,06:00,0.0, ,96840, ,8.40, ,0.00, ,44.9, 
2008/10/27,07:00,0.0, ,96880, ,8.98, ,0.00, ,44.9, 
2008/10/27,08:00,0.0, ,96880, ,11.09, ,0.00, ,44.9, 
2008/10/27,09:00,0.0, ,96920, ,10.51, ,0.00, ,44.9, 
2008/10/27,10:00,0.0, ,96960, ,8.79, ,0.00, ,45.0, 
2008/10/27,11:00,0.0, ,97010, ,11.47, ,0.00, ,45.0, 
2008/10/27,12:00,0.0, ,97090, ,17.41, ,0.00, ,45.0, 
2008/10/27,13:00,0.0, ,97130, ,16.84, ,0.00, ,45.1, 
2008/10/27,14:00,0.0, ,97210, ,19.33, ,0.00, ,45.1, 
2008/10/27,15:00,0.0, ,97290, ,22.78, ,0.00, ,45.2, 
2008/10/27,16:00,0.0, ,97340, ,16.66, ,0.00, ,45.2, 
2008/10/27,17:00,0.0, ,97420, ,15.14, ,0.00, ,45.2, 
2008/10/27,18:00,0.0, ,97460, ,14.95, ,0.00, ,45.3, 
2008/10/27,19:00,0.0, ,97500, ,14.18, ,0.00, ,45.3, 
2008/10/27,20:00,0.0, ,97580, ,17.07, ,0.00, ,45.3, 
2008/10/27,21:00,0.0, ,97630, ,14.96, ,0.00, ,45.4, 
2008/10/27,22:00,0.0, ,97710, ,15.92, ,0.00, ,45.4, 
2008/10/27,23:00,0.0, ,97750, ,18.04, ,0.00, ,45.5, 
2008/10/27,24:00,0.0, ,97830, ,16.32, ,0.00, ,45.4, 
2008/10/28,01:00,0.0, ,97830, ,14.02, ,0.00, ,45.4, 
2008/10/28,02:00,0.0, ,97920, ,13.26, ,0.00, ,45.5, 
2008/10/28,03:00,0.0, ,97920, ,9.80, ,0.00, ,45.5, 
2008/10/28,04:00,0.0, ,97960, ,9.61, ,0.00, ,45.5, 
2008/10/28,05:00,0.0, ,98000, ,8.46, ,0.00, ,45.5, 
2008/10/28,06:00,0.0, ,98000, ,5.00, ,0.00, ,45.5, 
2008/10/28,07:00,0.0, ,98040, ,10.19, ,0.00, ,45.6, 
2008/10/28,08:00,0.0, ,98080, ,8.66, ,0.00, ,45.6, 
2008/10/28,09:00,0.0, ,98120, ,8.08, ,0.00, ,45.6, 
2008/10/28,10:00,0.0, ,98170, ,9.23, ,0.00, ,45.6, 
2008/10/28,11:00,0.0, ,98210, ,13.08, ,0.00, ,45.7, 
2008/10/28,12:00,0.0, ,98250, ,12.90, ,0.00, ,45.7, 
2008/10/28,13:00,0.0, ,98330, ,15.79, ,0.00, ,45.7, 
2008/10/28,14:00,0.0, ,98370, ,17.71, ,0.00, ,45.8, 
2008/10/28,15:00,0.0, ,98410, ,14.26, ,0.00, ,45.8, 
2008/10/28,16:00,0.0, ,98500, ,16.18, ,0.00, ,45.9, 
2008/10/28,17:00,0.0, ,98540, ,17.73, ,0.00, ,45.9, 
2008/10/28,18:00,0.0, ,98620, ,15.81, ,0.00, ,45.9, 
2008/10/28,19:00,0.0, ,98660, ,16.20, ,0.00, ,46.0, 
2008/10/28,20:00,0.0, ,98710, ,14.47, ,0.00, ,46.0, 
2008/10/28,21:00,0.0, ,98750, ,14.28, ,0.00, ,46.0, 
2008/10/28,22:00,0.0, ,98830, ,16.21, ,0.00, ,46.1, 
2008/10/28,23:00,0.0, ,98870, ,15.06, ,0.00, ,46.1, 
2008/10/28,24:00,0.0, ,98910, ,14.68, ,0.00, ,46.1, 
2008/10/29,01:00,0.0, ,99000, ,13.91, ,0.00, ,46.1, 
2008/10/29,02:00,0.0, ,99040, ,15.84, ,0.00, ,46.1, 
2008/10/29,03:00,0.0, ,99040, ,8.89, ,0.00, ,46.1, 
2008/10/29,04:00,0.0, ,99080, ,6.19, ,0.00, ,46.2, 
2008/10/29,05:00,0.0, ,99120, ,5.61, ,0.00, ,46.2, 
2008/10/29,06:00,0.0, ,99120, ,11.41, ,0.00, ,46.2, 
2008/10/29,07:00,0.0, ,99170, ,6.38, ,0.00, ,46.2, 
2008/10/29,08:00,0.0, ,99170, ,5.22, ,0.00, ,46.2, 
2008/10/29,09:00,0.0, ,99210, ,9.68, ,0.00, ,46.2, 
2008/10/29,10:00,0.0, ,99250, ,6.58, ,0.00, ,46.3, 
2008/10/29,11:00,0.0, ,99290, ,11.03, ,0.00, ,46.3, 
2008/10/29,12:00,0.0, ,99330, ,14.13, ,0.00, ,46.3, 
2008/10/29,13:00,0.0, ,99420, ,14.33, ,0.00, ,46.4, 
2008/10/29,14:00,0.0, ,99460, ,17.82, ,0.00, ,46.4, 
2008/10/29,15:00,0.0, ,99500, ,15.11, ,0.00, ,46.4, 
2008/10/29,16:00,0.0, ,99580, ,14.15, ,0.00, ,46.5, 
2008/10/29,17:00,0.0, ,99630, ,15.31, ,0.00, ,46.5, 
2008/10/29,18:00,0.0, ,99670, ,14.54, ,0.00, ,46.5, 
2008/10/29,19:00,0.0, ,99710, ,14.74, ,0.00, ,46.6, 
2008/10/29,20:00,0.0, ,99790, ,15.32, ,0.00, ,46.6, 
2008/10/29,21:00,0.0, ,99830, ,14.74, ,0.00, ,46.6, 
2008/10/29,22:00,0.0, ,99880, ,14.17, ,0.00, ,46.7, 
2008/10/29,23:00,0.0, ,99920, ,15.14, ,0.00, ,46.7, 
2008/10/29,24:00,0.0, ,100000, ,14.37, ,0.00, ,46.7, 
2008/10/30,01:00,0.0, ,100040, ,14.57, ,0.00, ,46.7, 
2008/10/30,02:00,0.0, ,100040, ,8.55, ,0.00, ,46.7, 
2008/10/30,03:00,0.0, ,100090, ,11.08, ,0.00, ,46.7, 
2008/10/30,04:00,0.0, ,100130, ,3.69, ,0.00, ,46.8, 
2008/10/30,05:00,0.0, ,100130, ,8.55, ,0.00, ,46.8, 
2008/10/30,06:00,0.0, ,100170, ,8.16, ,0.00, ,46.8, 
2008/10/30,07:00,0.0, ,100210, ,6.22, ,0.00, ,46.8, 
2008/10/30,08:00,0.0, ,100210, ,8.95, ,0.00, ,46.8, 
2008/10/30,09:00,0.0, ,100250, ,5.25, ,0.00, ,46.8, 
2008/10/30,10:00,0.0, ,100300, ,8.17, ,0.00, ,46.9, 
2008/10/30,11:00,0.0, ,100340, ,10.50, ,0.00, ,46.9, 
2008/10/30,12:00,0.0, ,100380, ,13.81, ,0.00, ,46.9, 
2008/10/30,13:00,0.0, ,100420, ,11.68, ,0.00, ,47.0, 
2008/10/30,14:00,0.0, ,100460, ,14.79, ,0.00, ,47.0, 
2008/10/30,15:00,0.0, ,100510, ,14.41, ,0.00, ,47.0, 
2008/10/30,16:00,0.0, ,100590, ,15.78, ,0.00, ,47.1, 
2008/10/30,17:00,0.0, ,100630, ,15.98, ,0.00, ,47.1, 
2008/10/30,18:00,0.0, ,100680, ,14.61, ,0.00, ,47.1, 
2008/10/30,19:00,0.0, ,100760, ,13.84, ,0.00, ,47.2, 
2008/10/30,20:00,0.0, ,100800, ,16.77, ,0.00, ,47.2, 
2008/10/30,21:00,0.0, ,100840, ,13.26, ,0.00, ,47.2, 
2008/10/30,22:00,0.0, ,100890, ,13.66, ,0.00, ,47.3, 
2008/10/30,23:00,0.0, ,100930, ,14.64, ,0.00, ,47.3, 
2008/10/30,24:00,0.0, ,100970, ,12.49, ,0.00, ,47.3, 
2008/10/31,01:00,0.0, ,101010, ,12.10, ,0.00, ,47.3, 
2008/10/31,02:00,0.0, ,101050, ,10.55, ,0.00, ,47.3, 
2008/10/31,03:00,0.0, ,101100, ,11.33, ,0.00, ,47.3, 
2008/10/31,04:00,0.0, ,101140, ,2.73, ,0.00, ,47.4, 
2008/10/31,05:00,0.0, ,101140, ,10.94, ,0.00, ,47.4, 
2008/10/31,06:00,0.0, ,101180, ,5.47, ,0.00, ,47.4, 
2008/10/31,07:00,0.0, ,101180, ,6.25, ,0.00, ,47.4, 
2008/10/31,08:00,0.0, ,101220, ,7.04, ,0.00, ,47.4, 
2008/10/31,09:00,0.0, ,101220, ,4.69, ,0.00, ,47.4, 
2008/10/31,10:00,0.0, ,101270, ,6.84, ,0.00, ,47.4, 
2008/10/31,11:00,0.0, ,101310, ,10.95, ,0.00, ,47.5, 
2008/10/31,12:00,0.0, ,101350, ,11.53, ,0.00, ,47.5, 
2008/10/31,13:00,0.0, ,101390, ,10.95, ,0.00, ,47.5, 
2008/10/31,14:00,0.0, ,101480, ,16.04, ,0.00, ,47.6, 
2008/10/31,15:00,0.0, ,101520, ,17.81, ,0.00, ,47.6, 
2008/10/31,16:00,0.0, ,101560, ,11.16, ,0.00, ,47.6, 
2008/10/31,17:00,0.0, ,101600, ,14.49, ,0.00, ,47.7, 
2008/10/31,18:00,0.0, ,101650, ,10.38, ,0.00, ,47.7, 
2008/10/31,19:00,0.0, ,101690, ,14.69, ,0.00, ,47.7, 
2008/10/31,20:00,0.0, ,101730, ,14.89, ,0.00, ,47.7, 
2008/10/31,21:00,0.0, ,101820, ,10.78, ,0.00, ,47.8, 
2008/10/31,22:00,0.0, ,101860, ,17.25, ,0.00, ,47.8, 
2008/10/31,23:00,0.0, ,101900, ,10.98, ,0.00, ,47.8, 
2008/10/31,24:00,0.0, ,101940, ,11.57, ,0.00, ,47.8, 
