îCà”ä˙ä‘É_ÉÄèîó åüçıåãâ 
êÖånñº,ãgñÏêÏ
âÕêÏñº,ãgñÏêÏ
äœë™èäñº,ëÅñæâYÉ_ÉÄÅiã@ç\Åj
äœë™èäãLçÜ,1368080700010
#
#îNåéì˙,éûçè,ó¨àÊïΩãœâJó ,ó¨àÊïΩãœâJó ëÆê´,íôêÖó ,íôêÖó ëÆê´,ó¨ì¸ó ,ó¨ì¸ó ëÆê´,ï˙ó¨ó ,ï˙ó¨ó ëÆê´,íôêÖó¶,íôêÖó¶ëÆê´
#ëÆê´Å@$:åáë™ -:ñ¢éÛêM
#
2015/6/1,01:00,0.0, ,158660, ,10.07, ,19.40, ,94.4, 
2015/6/1,02:00,0.0, ,158610, ,3.74, ,41.60, ,94.4, 
2015/6/1,03:00,0.0, ,158450, ,6.57, ,51.70, ,94.3, 
2015/6/1,04:00,0.0, ,158240, ,8.99, ,61.10, ,94.3, 
2015/6/1,05:00,0.0, ,158080, ,5.42, ,37.50, ,94.2, 
2015/6/1,06:00,0.0, ,157920, ,4.29, ,30.60, ,94.1, 
2015/6/1,07:00,0.0, ,157860, ,4.47, ,19.30, ,94.1, 
2015/6/1,08:00,0.0, ,157810, ,2.77, ,19.30, ,94.1, 
2015/6/1,09:00,0.0, ,157700, ,5.03, ,22.40, ,94.1, 
2015/6/1,10:00,0.0, ,157650, ,4.82, ,19.60, ,94.1, 
2015/6/1,11:00,0.0, ,157650, ,6.96, ,19.30, ,94.2, 
2015/6/1,12:00,0.0, ,157600, ,10.85, ,19.60, ,94.2, 
2015/6/1,13:00,0.0, ,157600, ,13.35, ,19.40, ,94.2, 
2015/6/1,14:00,0.0, ,157540, ,4.68, ,21.10, ,94.2, 
2015/6/1,15:00,0.0, ,157440, ,8.49, ,40.90, ,94.2, 
2015/6/1,16:00,0.0, ,157280, ,9.34, ,52.90, ,94.1, 
2015/6/1,17:00,0.0, ,157120, ,7.86, ,61.50, ,94.1, 
2015/6/1,18:00,0.0, ,156910, ,11.88, ,63.10, ,94.0, 
2015/6/1,19:00,0.0, ,156750, ,10.87, ,63.00, ,93.9, 
2015/6/1,20:00,0.0, ,156540, ,8.55, ,61.50, ,93.8, 
2015/6/1,21:00,0.0, ,156320, ,11.25, ,62.50, ,93.7, 
2015/6/1,22:00,0.0, ,156160, ,5.29, ,25.90, ,93.6, 
2015/6/1,23:00,0.0, ,156110, ,5.77, ,22.40, ,93.6, 
2015/6/1,24:00,0.0, ,156010, ,2.66, ,19.40, ,93.6, 
2015/6/2,01:00,0.0, ,155950, ,7.06, ,19.50, ,93.6, 
2015/6/2,02:00,0.0, ,155900, ,2.99, ,41.70, ,93.6, 
2015/6/2,03:00,0.0, ,155740, ,3.71, ,52.10, ,93.6, 
2015/6/2,04:00,0.0, ,155530, ,3.69, ,61.70, ,93.5, 
2015/6/2,05:00,0.0, ,155320, ,5.51, ,37.40, ,93.4, 
2015/6/2,06:00,0.0, ,155210, ,6.25, ,31.50, ,93.3, 
2015/6/2,07:00,0.0, ,155160, ,3.68, ,19.50, ,93.4, 
2015/6/2,08:00,0.0, ,155060, ,3.09, ,19.50, ,93.3, 
2015/6/2,09:00,0.0, ,155000, ,3.93, ,22.40, ,93.3, 
2015/6/2,10:00,0.0, ,154950, ,4.67, ,19.50, ,93.3, 
2015/6/2,11:00,0.0, ,154900, ,4.68, ,19.60, ,93.4, 
2015/6/2,12:00,0.0, ,154850, ,14.47, ,19.70, ,93.4, 
2015/6/2,13:00,0.0, ,154850, ,6.25, ,19.40, ,93.4, 
2015/6/2,14:00,0.0, ,154790, ,8.87, ,19.70, ,93.4, 
2015/6/2,15:00,0.0, ,154740, ,7.24, ,29.60, ,93.4, 
2015/6/2,16:00,0.0, ,154630, ,9.44, ,54.50, ,93.4, 
2015/6/2,17:00,0.1, ,154480, ,13.24, ,61.70, ,93.3, 
2015/6/2,18:00,0.2, ,154270, ,7.30, ,63.10, ,93.2, 
2015/6/2,19:00,0.5, ,154060, ,12.35, ,63.30, ,93.1, 
2015/6/2,20:00,1.5, ,153900, ,10.68, ,63.10, ,93.1, 
2015/6/2,21:00,1.1, ,153690, ,8.28, ,60.50, ,93.0, 
2015/6/2,22:00,6.3, ,153530, ,9.49, ,28.40, ,92.9, 
2015/6/2,23:00,2.4, ,153480, ,8.23, ,19.50, ,92.9, 
2015/6/2,24:00,2.3, ,153430, ,4.24, ,19.80, ,92.9, 
2015/6/3,01:00,5.2, ,153380, ,12.71, ,22.70, ,92.9, 
2015/6/3,02:00,3.1, ,153320, ,5.49, ,19.70, ,92.9, 
2015/6/3,03:00,5.8, ,153270, ,9.56, ,19.80, ,92.9, 
2015/6/3,04:00,8.9, ,153270, ,6.88, ,19.80, ,93.0, 
2015/6/3,05:00,5.4, ,153220, ,14.86, ,19.70, ,93.0, 
2015/6/3,06:00,5.2, ,153220, ,10.00, ,19.70, ,93.0, 
2015/6/3,07:00,10.5, ,153220, ,17.97, ,11.90, ,93.1, 
2015/6/3,08:00,7.6, ,153320, ,19.53, ,0.00, ,93.2, 
2015/6/3,09:00,2.1, ,153430, ,30.98, ,0.00, ,93.3, 
2015/6/3,10:00,1.4, ,153640, ,43.60, ,0.00, ,93.5, 
2015/6/3,11:00,0.8, ,153800, ,54.04, ,0.00, ,93.6, 
2015/6/3,12:00,0.5, ,153950, ,47.55, ,20.00, ,93.8, 
2015/6/3,13:00,0.3, ,154000, ,45.81, ,51.70, ,93.8, 
2015/6/3,14:00,0.3, ,154060, ,58.19, ,57.60, ,93.9, 
2015/6/3,15:00,0.0, ,153950, ,40.21, ,62.00, ,93.9, 
2015/6/3,16:00,0.2, ,153850, ,36.70, ,62.00, ,93.9, 
2015/6/3,17:00,0.2, ,153740, ,34.26, ,25.40, ,93.8, 
2015/6/3,18:00,0.0, ,153740, ,28.52, ,19.70, ,93.9, 
2015/6/3,19:00,0.0, ,153740, ,19.69, ,19.70, ,93.9, 
2015/6/3,20:00,0.0, ,153740, ,19.66, ,19.70, ,94.0, 
2015/6/3,21:00,0.0, ,153740, ,20.87, ,22.80, ,94.0, 
2015/6/3,22:00,0.0, ,153740, ,21.48, ,19.80, ,94.1, 
2015/6/3,23:00,0.0, ,153740, ,19.66, ,19.90, ,94.1, 
2015/6/3,24:00,0.0, ,153740, ,19.62, ,19.60, ,95.0, 
2015/6/4,01:00,0.0, ,153740, ,19.63, ,19.60, ,95.0, 
2015/6/4,02:00,0.0, ,153690, ,8.92, ,19.60, ,95.1, 
2015/6/4,03:00,0.0, ,153690, ,15.71, ,12.30, ,95.1, 
2015/6/4,04:00,0.0, ,153690, ,9.56, ,0.00, ,95.1, 
2015/6/4,05:00,0.0, ,153690, ,0.00, ,0.00, ,95.2, 
2015/6/4,06:00,0.0, ,153740, ,6.79, ,0.00, ,95.3, 
2015/6/4,07:00,0.0, ,153740, ,7.76, ,0.00, ,95.3, 
2015/6/4,08:00,0.0, ,153800, ,5.09, ,0.00, ,95.4, 
2015/6/4,09:00,0.0, ,153800, ,9.46, ,9.60, ,95.4, 
2015/6/4,10:00,0.0, ,153800, ,10.09, ,20.00, ,95.5, 
2015/6/4,11:00,0.0, ,153800, ,21.18, ,45.40, ,95.5, 
2015/6/4,12:00,0.0, ,153640, ,12.22, ,14.80, ,95.5, 
2015/6/4,13:00,0.0, ,153690, ,10.69, ,19.80, ,95.5, 
2015/6/4,14:00,0.0, ,153640, ,12.90, ,51.70, ,95.5, 
2015/6/4,15:00,0.0, ,153480, ,19.90, ,50.30, ,95.5, 
2015/6/4,16:00,0.0, ,153380, ,13.03, ,53.40, ,95.5, 
2015/6/4,17:00,0.0, ,153220, ,18.30, ,62.20, ,95.4, 
2015/6/4,18:00,0.0, ,153060, ,17.74, ,62.20, ,95.3, 
2015/6/4,19:00,0.0, ,152910, ,15.11, ,63.10, ,95.3, 
2015/6/4,20:00,0.0, ,152700, ,15.24, ,39.50, ,95.2, 
2015/6/4,21:00,0.0, ,152650, ,14.23, ,32.20, ,95.2, 
2015/6/4,22:00,0.0, ,152590, ,9.10, ,19.60, ,95.2, 
2015/6/4,23:00,0.0, ,152590, ,16.26, ,19.60, ,95.2, 
2015/6/4,24:00,0.0, ,152540, ,9.01, ,22.60, ,95.2, 
2015/6/5,01:00,0.0, ,152490, ,12.01, ,19.70, ,95.2, 
2015/6/5,02:00,0.0, ,152490, ,12.02, ,19.80, ,95.2, 
2015/6/5,03:00,0.0, ,152440, ,6.00, ,41.80, ,95.2, 
2015/6/5,04:00,0.0, ,152230, ,7.18, ,46.80, ,95.0, 
2015/6/5,05:00,0.0, ,152180, ,7.13, ,28.50, ,95.0, 
2015/6/5,06:00,0.0, ,152070, ,5.30, ,19.80, ,94.9, 
2015/6/5,07:00,0.0, ,152020, ,4.60, ,19.50, ,94.9, 
2015/6/5,08:00,0.0, ,151970, ,5.46, ,22.80, ,94.9, 
2015/6/5,09:00,0.5, ,151920, ,4.58, ,21.50, ,94.8, 
2015/6/5,10:00,1.1, ,151860, ,9.55, ,40.60, ,94.8, 
2015/6/5,11:00,0.7, ,151710, ,12.31, ,48.40, ,94.7, 
2015/6/5,12:00,0.1, ,151600, ,16.06, ,26.20, ,94.6, 
2015/6/5,13:00,0.5, ,151550, ,11.44, ,43.60, ,94.6, 
2015/6/5,14:00,0.6, ,151450, ,18.70, ,48.80, ,94.5, 
2015/6/5,15:00,1.9, ,151290, ,13.57, ,48.60, ,94.4, 
2015/6/5,16:00,6.8, ,151240, ,17.88, ,48.70, ,94.4, 
2015/6/5,17:00,7.3, ,151140, ,26.42, ,51.70, ,94.3, 
2015/6/5,18:00,5.3, ,151090, ,29.33, ,34.00, ,94.3, 
2015/6/5,19:00,0.9, ,151090, ,31.98, ,25.40, ,94.3, 
2015/6/5,20:00,0.9, ,151030, ,14.60, ,19.70, ,94.2, 
2015/6/5,21:00,1.2, ,151030, ,13.57, ,19.80, ,94.2, 
2015/6/5,22:00,0.0, ,151090, ,33.00, ,19.80, ,94.3, 
2015/6/5,23:00,0.0, ,151090, ,21.01, ,19.80, ,94.3, 
2015/6/5,24:00,0.0, ,151140, ,25.55, ,19.70, ,94.3, 
2015/6/6,01:00,0.0, ,151140, ,28.39, ,19.90, ,94.3, 
2015/6/6,02:00,0.0, ,151190, ,25.09, ,19.90, ,94.3, 
2015/6/6,03:00,0.1, ,151190, ,28.95, ,11.90, ,94.3, 
2015/6/6,04:00,0.1, ,151240, ,13.50, ,0.00, ,94.4, 
2015/6/6,05:00,0.0, ,151290, ,16.32, ,0.00, ,94.4, 
2015/6/6,06:00,0.0, ,151350, ,14.64, ,0.00, ,94.4, 
2015/6/6,07:00,0.0, ,151400, ,10.33, ,0.00, ,94.5, 
2015/6/6,08:00,0.0, ,151400, ,12.49, ,0.00, ,94.5, 
2015/6/6,09:00,0.0, ,151500, ,13.21, ,0.00, ,94.5, 
2015/6/6,10:00,0.1, ,151550, ,19.95, ,9.80, ,94.6, 
2015/6/6,11:00,0.0, ,151550, ,20.29, ,19.70, ,94.6, 
2015/6/6,12:00,0.0, ,151550, ,19.73, ,19.70, ,94.6, 
2015/6/6,13:00,0.0, ,151550, ,19.71, ,19.80, ,94.6, 
2015/6/6,14:00,0.0, ,151500, ,7.94, ,19.80, ,94.5, 
2015/6/6,15:00,0.0, ,151500, ,19.86, ,25.70, ,94.5, 
2015/6/6,16:00,0.0, ,151450, ,15.19, ,23.30, ,94.5, 
2015/6/6,17:00,0.0, ,151450, ,20.12, ,47.00, ,94.5, 
2015/6/6,18:00,0.0, ,151290, ,16.63, ,56.10, ,94.4, 
2015/6/6,19:00,0.0, ,151140, ,19.68, ,62.30, ,94.3, 
2015/6/6,20:00,0.0, ,150980, ,16.73, ,62.30, ,94.2, 
2015/6/6,21:00,0.0, ,150830, ,19.25, ,55.50, ,94.1, 
2015/6/6,22:00,0.0, ,150720, ,16.05, ,39.60, ,94.0, 
2015/6/6,23:00,0.0, ,150620, ,17.85, ,31.90, ,93.9, 
2015/6/6,24:00,0.0, ,150620, ,8.04, ,19.90, ,93.9, 
2015/6/7,01:00,0.0, ,150620, ,19.74, ,19.80, ,93.9, 
2015/6/7,02:00,0.0, ,150570, ,13.13, ,19.80, ,93.9, 
2015/6/7,03:00,0.0, ,150520, ,9.07, ,23.10, ,93.9, 
2015/6/7,04:00,0.0, ,150470, ,7.70, ,32.40, ,93.8, 
2015/6/7,05:00,0.0, ,150360, ,7.31, ,37.90, ,93.8, 
2015/6/7,06:00,0.0, ,150260, ,6.02, ,28.70, ,93.7, 
2015/6/7,07:00,0.0, ,150150, ,5.26, ,13.80, ,93.6, 
2015/6/7,08:00,0.0, ,150150, ,1.15, ,0.00, ,93.6, 
2015/6/7,09:00,0.0, ,150150, ,0.00, ,0.00, ,93.6, 
2015/6/7,10:00,0.0, ,150210, ,5.03, ,9.70, ,93.7, 
2015/6/7,11:00,0.0, ,150210, ,19.56, ,19.60, ,93.7, 
2015/6/7,12:00,0.0, ,150210, ,19.86, ,19.60, ,93.7, 
2015/6/7,13:00,0.0, ,150210, ,19.79, ,20.10, ,93.7, 
2015/6/7,14:00,0.0, ,150150, ,10.19, ,21.60, ,93.6, 
2015/6/7,15:00,0.0, ,150100, ,14.98, ,53.90, ,93.6, 
2015/6/7,16:00,0.0, ,149950, ,13.75, ,56.20, ,93.5, 
2015/6/7,17:00,0.0, ,149840, ,16.38, ,47.50, ,93.4, 
2015/6/7,18:00,0.0, ,149740, ,17.41, ,47.40, ,93.3, 
2015/6/7,19:00,0.0, ,149590, ,15.81, ,55.90, ,93.2, 
2015/6/7,20:00,0.0, ,149430, ,14.07, ,62.40, ,93.1, 
2015/6/7,21:00,0.0, ,149280, ,18.15, ,55.80, ,93.0, 
2015/6/7,22:00,0.0, ,149170, ,15.36, ,41.60, ,92.9, 
2015/6/7,23:00,0.0, ,149070, ,15.69, ,28.90, ,92.9, 
2015/6/7,24:00,0.0, ,149070, ,12.82, ,23.00, ,92.9, 
2015/6/8,01:00,0.0, ,149020, ,9.76, ,19.90, ,92.8, 
2015/6/8,02:00,0.0, ,148970, ,17.27, ,20.00, ,92.8, 
2015/6/8,03:00,0.0, ,148970, ,5.86, ,21.30, ,92.8, 
2015/6/8,04:00,0.2, ,148860, ,5.37, ,29.10, ,92.7, 
2015/6/8,05:00,0.0, ,148760, ,7.66, ,28.90, ,92.7, 
2015/6/8,06:00,0.0, ,148660, ,4.04, ,27.70, ,92.6, 
2015/6/8,07:00,0.0, ,148610, ,3.88, ,22.80, ,92.6, 
2015/6/8,08:00,0.9, ,148560, ,8.09, ,20.00, ,92.5, 
2015/6/8,09:00,1.4, ,148500, ,4.72, ,20.00, ,92.5, 
2015/6/8,10:00,0.9, ,148500, ,11.21, ,20.00, ,92.5, 
2015/6/8,11:00,0.5, ,148450, ,9.76, ,20.00, ,92.5, 
2015/6/8,12:00,1.4, ,148450, ,15.96, ,20.00, ,92.5, 
2015/6/8,13:00,2.3, ,148400, ,7.38, ,23.40, ,92.4, 
2015/6/8,14:00,4.1, ,148350, ,19.33, ,43.80, ,92.4, 
2015/6/8,15:00,3.8, ,148250, ,21.77, ,55.00, ,92.3, 
2015/6/8,16:00,4.5, ,148090, ,20.47, ,61.10, ,92.2, 
2015/6/8,17:00,4.9, ,147990, ,24.35, ,62.90, ,92.1, 
2015/6/8,18:00,3.3, ,147840, ,25.59, ,63.40, ,92.0, 
2015/6/8,19:00,2.1, ,147730, ,29.34, ,50.70, ,92.0, 
2015/6/8,20:00,3.4, ,147680, ,28.54, ,31.10, ,91.9, 
2015/6/8,21:00,2.7, ,147730, ,28.71, ,19.90, ,92.0, 
2015/6/8,22:00,5.7, ,147840, ,42.98, ,19.90, ,92.0, 
2015/6/8,23:00,4.3, ,147940, ,54.44, ,23.00, ,92.1, 
2015/6/8,24:00,3.8, ,148090, ,58.13, ,20.10, ,92.2, 
2015/6/9,01:00,4.6, ,148300, ,65.05, ,18.40, ,92.4, 
2015/6/9,02:00,1.0, ,148450, ,70.96, ,18.40, ,92.5, 
2015/6/9,03:00,1.6, ,148660, ,70.74, ,11.00, ,92.6, 
2015/6/9,04:00,1.6, ,148920, ,69.25, ,0.00, ,92.8, 
2015/6/9,05:00,2.4, ,149120, ,64.38, ,0.00, ,92.9, 
2015/6/9,06:00,2.3, ,149380, ,63.95, ,0.00, ,93.1, 
2015/6/9,07:00,1.6, ,149640, ,76.19, ,0.00, ,93.3, 
2015/6/9,08:00,1.6, ,149950, ,74.82, ,0.00, ,93.5, 
2015/6/9,09:00,2.5, ,150150, ,73.94, ,0.00, ,93.6, 
2015/6/9,10:00,0.1, ,150470, ,73.50, ,0.00, ,93.8, 
2015/6/9,11:00,0.0, ,150670, ,69.40, ,0.00, ,94.0, 
2015/6/9,12:00,0.0, ,150930, ,70.41, ,0.00, ,94.1, 
2015/6/9,13:00,0.0, ,151190, ,66.17, ,0.00, ,94.3, 
2015/6/9,14:00,0.0, ,151400, ,61.91, ,0.00, ,94.5, 
2015/6/9,15:00,0.0, ,151600, ,59.80, ,0.00, ,94.6, 
2015/6/9,16:00,0.0, ,151810, ,56.25, ,0.00, ,94.7, 
2015/6/9,17:00,0.0, ,151970, ,58.46, ,0.00, ,94.9, 
2015/6/9,18:00,0.0, ,152230, ,51.05, ,0.00, ,95.0, 
2015/6/9,19:00,0.0, ,152330, ,51.57, ,0.00, ,95.1, 
2015/6/9,20:00,0.0, ,152540, ,46.06, ,0.00, ,95.2, 
2015/6/9,21:00,0.0, ,152700, ,44.40, ,0.00, ,95.3, 
2015/6/9,22:00,0.0, ,152850, ,47.57, ,9.30, ,95.4, 
2015/6/9,23:00,0.0, ,152960, ,40.49, ,18.00, ,95.5, 
2015/6/9,24:00,0.0, ,153010, ,42.51, ,18.10, ,95.6, 
2015/6/10,01:00,0.0, ,153120, ,39.12, ,18.50, ,95.6, 
2015/6/10,02:00,0.0, ,153170, ,41.13, ,18.20, ,95.7, 
2015/6/10,03:00,0.0, ,153270, ,37.31, ,18.20, ,95.7, 
2015/6/10,04:00,0.0, ,153270, ,36.57, ,18.00, ,95.7, 
2015/6/10,05:00,0.0, ,153380, ,34.34, ,18.00, ,95.8, 
2015/6/10,06:00,0.0, ,153430, ,38.19, ,18.00, ,95.8, 
2015/6/10,07:00,0.0, ,153480, ,37.23, ,12.60, ,95.9, 
2015/6/10,08:00,0.0, ,153590, ,28.19, ,0.00, ,96.0, 
2015/6/10,09:00,0.0, ,153740, ,33.93, ,0.00, ,96.1, 
2015/6/10,10:00,0.0, ,153850, ,36.61, ,0.00, ,96.1, 
2015/6/10,11:00,0.0, ,153950, ,33.23, ,0.00, ,96.2, 
2015/6/10,12:00,0.0, ,154110, ,33.74, ,0.00, ,96.3, 
2015/6/10,13:00,0.0, ,154210, ,34.97, ,0.00, ,96.4, 
2015/6/10,14:00,0.0, ,154320, ,29.15, ,0.00, ,96.4, 
2015/6/10,15:00,0.0, ,154420, ,32.57, ,0.00, ,96.5, 
2015/6/10,16:00,0.0, ,154530, ,30.15, ,0.00, ,96.6, 
2015/6/10,17:00,0.0, ,154630, ,29.68, ,9.20, ,96.7, 
2015/6/10,18:00,0.0, ,154690, ,21.97, ,21.20, ,96.7, 
2015/6/10,19:00,0.0, ,154690, ,39.37, ,31.60, ,96.7, 
2015/6/10,20:00,0.0, ,154690, ,31.62, ,30.20, ,96.7, 
2015/6/10,21:00,0.0, ,154690, ,27.02, ,22.30, ,96.7, 
2015/6/10,22:00,0.0, ,154690, ,20.31, ,18.20, ,96.7, 
2015/6/10,23:00,0.0, ,154690, ,19.30, ,21.30, ,96.7, 
2015/6/10,24:00,0.0, ,154690, ,19.87, ,17.90, ,96.7, 
2015/6/11,01:00,0.0, ,154690, ,18.09, ,18.10, ,96.7, 
2015/6/11,02:00,0.0, ,154690, ,18.08, ,18.10, ,96.7, 
2015/6/11,03:00,0.0, ,154690, ,18.11, ,11.40, ,96.7, 
2015/6/11,04:00,0.6, ,154790, ,21.48, ,0.00, ,96.8, 
2015/6/11,05:00,1.0, ,154850, ,23.62, ,0.00, ,96.8, 
2015/6/11,06:00,1.1, ,154950, ,22.90, ,9.20, ,96.9, 
2015/6/11,07:00,0.8, ,154950, ,23.23, ,18.30, ,96.9, 
2015/6/11,08:00,4.1, ,155000, ,20.99, ,18.00, ,96.9, 
2015/6/11,09:00,3.3, ,155000, ,29.75, ,17.90, ,96.9, 
2015/6/11,10:00,4.1, ,155000, ,18.05, ,21.00, ,96.9, 
2015/6/11,11:00,1.4, ,155000, ,24.24, ,30.00, ,96.9, 
2015/6/11,12:00,1.9, ,155000, ,30.16, ,11.30, ,96.9, 
2015/6/11,13:00,3.2, ,155110, ,30.84, ,0.00, ,97.0, 
2015/6/11,14:00,1.6, ,155210, ,30.97, ,0.00, ,97.1, 
2015/6/11,15:00,4.3, ,155370, ,34.64, ,0.00, ,97.2, 
2015/6/11,16:00,4.4, ,155530, ,37.34, ,0.00, ,97.3, 
2015/6/11,17:00,2.4, ,155640, ,42.52, ,0.00, ,97.3, 
2015/6/11,18:00,0.5, ,155790, ,40.88, ,0.00, ,97.4, 
2015/6/11,19:00,0.1, ,156010, ,47.02, ,0.00, ,97.6, 
2015/6/11,20:00,0.5, ,156160, ,48.27, ,0.00, ,97.7, 
2015/6/11,21:00,1.8, ,156320, ,49.53, ,0.00, ,97.8, 
2015/6/11,22:00,1.1, ,156480, ,48.33, ,8.70, ,97.9, 
2015/6/11,23:00,0.0, ,156590, ,44.34, ,18.00, ,98.0, 
2015/6/11,24:00,0.6, ,156690, ,41.82, ,18.00, ,98.1, 
2015/6/12,01:00,5.3, ,156750, ,39.64, ,19.60, ,98.1, 
2015/6/12,02:00,5.4, ,156910, ,48.72, ,10.50, ,98.2, 
2015/6/12,03:00,0.1, ,157070, ,52.20, ,0.00, ,98.3, 
2015/6/12,04:00,0.5, ,157230, ,44.75, ,0.00, ,98.4, 
2015/6/12,05:00,2.6, ,157440, ,52.40, ,0.00, ,98.6, 
2015/6/12,06:00,0.0, ,157600, ,51.94, ,0.00, ,98.7, 
2015/6/12,07:00,0.0, ,157760, ,48.03, ,0.00, ,98.8, 
2015/6/12,08:00,0.0, ,157920, ,44.85, ,0.00, ,98.9, 
2015/6/12,09:00,0.0, ,158080, ,43.64, ,0.00, ,99.0, 
2015/6/12,10:00,0.0, ,158290, ,47.61, ,0.00, ,99.1, 
2015/6/12,11:00,0.0, ,158400, ,45.42, ,0.00, ,99.2, 
2015/6/12,12:00,0.0, ,158610, ,41.73, ,0.00, ,99.4, 
2015/6/12,13:00,0.0, ,158720, ,45.95, ,0.00, ,99.4, 
2015/6/12,14:00,0.0, ,158880, ,41.53, ,0.00, ,99.6, 
2015/6/12,15:00,0.0, ,159040, ,41.05, ,0.00, ,99.7, 
2015/6/12,16:00,0.0, ,159200, ,39.83, ,0.00, ,99.8, 
2015/6/12,17:00,0.0, ,159310, ,38.37, ,0.00, ,99.8, 
2015/6/12,18:00,0.0, ,159470, ,38.88, ,0.00, ,100.0, 
2015/6/12,19:00,0.0, ,159570, ,36.17, ,0.00, ,100.0, 
2015/6/12,20:00,0.0, ,159680, ,35.44, ,0.00, ,100.0, 
2015/6/12,21:00,0.0, ,159840, ,34.22, ,0.00, ,100.0, 
2015/6/12,22:00,0.0, ,159950, ,35.97, ,0.00, ,100.0, 
2015/6/12,23:00,0.0, ,160050, ,29.53, ,0.00, ,100.0, 
2015/6/12,24:00,0.0, ,160160, ,36.24, ,0.00, ,100.0, 
2015/6/13,01:00,0.0, ,160320, ,33.03, ,0.00, ,100.0, 
2015/6/13,02:00,0.0, ,160430, ,33.29, ,0.00, ,100.0, 
2015/6/13,03:00,0.0, ,160540, ,31.56, ,0.00, ,100.0, 
2015/6/13,04:00,0.0, ,160650, ,32.32, ,0.00, ,100.0, 
2015/6/13,05:00,0.0, ,160750, ,29.59, ,0.00, ,100.0, 
2015/6/13,06:00,0.0, ,160860, ,32.84, ,0.00, ,100.0, 
2015/6/13,07:00,0.0, ,160970, ,30.32, ,0.00, ,100.0, 
2015/6/13,08:00,0.0, ,161070, ,28.33, ,0.00, ,100.0, 
2015/6/13,09:00,0.0, ,161180, ,29.83, ,0.00, ,100.0, 
2015/6/13,10:00,0.0, ,161290, ,29.10, ,0.00, ,100.0, 
2015/6/13,11:00,0.0, ,161400, ,30.85, ,0.00, ,100.0, 
2015/6/13,12:00,0.0, ,161500, ,26.63, ,0.00, ,100.0, 
2015/6/13,13:00,0.0, ,161610, ,30.38, ,0.00, ,100.0, 
2015/6/13,14:00,0.0, ,161720, ,29.89, ,0.00, ,100.0, 
2015/6/13,15:00,0.0, ,161830, ,30.15, ,0.00, ,100.0, 
2015/6/13,16:00,0.0, ,161940, ,29.67, ,9.40, ,100.0, 
2015/6/13,17:00,0.0, ,161940, ,25.08, ,22.40, ,100.0, 
2015/6/13,18:00,0.0, ,161940, ,25.34, ,31.30, ,100.0, 
2015/6/13,19:00,0.0, ,161940, ,31.14, ,31.20, ,100.0, 
2015/6/13,20:00,0.0, ,161940, ,31.12, ,27.80, ,100.0, 
2015/6/13,21:00,0.0, ,161940, ,25.07, ,19.10, ,100.0, 
2015/6/13,22:00,0.0, ,161940, ,19.30, ,19.10, ,100.0, 
2015/6/13,23:00,0.0, ,161940, ,19.29, ,19.30, ,100.0, 
2015/6/13,24:00,0.0, ,161940, ,20.49, ,22.10, ,100.0, 
2015/6/14,01:00,0.0, ,161990, ,23.97, ,19.10, ,100.0, 
2015/6/14,02:00,0.0, ,161990, ,31.14, ,19.20, ,100.0, 
2015/6/14,03:00,0.0, ,161990, ,19.19, ,19.10, ,100.0, 
2015/6/14,04:00,0.0, ,161990, ,19.18, ,19.20, ,100.0, 
2015/6/14,05:00,0.0, ,162040, ,24.89, ,19.10, ,100.0, 
2015/6/14,06:00,0.2, ,162040, ,28.38, ,11.30, ,100.0, 
2015/6/14,07:00,0.5, ,162150, ,18.34, ,0.00, ,100.0, 
2015/6/14,08:00,0.0, ,162200, ,27.20, ,0.00, ,100.0, 
2015/6/14,09:00,0.0, ,162310, ,19.72, ,0.00, ,100.0, 
2015/6/14,10:00,0.0, ,162370, ,22.22, ,0.00, ,100.0, 
2015/6/14,11:00,0.0, ,162420, ,20.74, ,0.00, ,100.0, 
2015/6/14,12:00,0.0, ,162530, ,24.99, ,0.00, ,100.0, 
2015/6/14,13:00,0.0, ,162580, ,21.75, ,0.00, ,100.0, 
2015/6/14,14:00,0.2, ,162690, ,25.25, ,0.00, ,100.0, 
2015/6/14,15:00,0.1, ,162800, ,21.51, ,0.00, ,100.0, 
2015/6/14,16:00,0.2, ,162850, ,24.27, ,9.60, ,100.0, 
2015/6/14,17:00,0.2, ,162910, ,29.21, ,24.50, ,100.0, 
2015/6/14,18:00,0.1, ,162910, ,32.00, ,45.60, ,100.0, 
2015/6/14,19:00,0.0, ,162800, ,26.00, ,52.10, ,100.0, 
2015/6/14,20:00,0.0, ,162690, ,26.19, ,53.20, ,100.0, 
2015/6/14,21:00,0.0, ,162640, ,28.22, ,24.90, ,100.0, 
2015/6/14,22:00,0.0, ,162580, ,14.40, ,19.20, ,100.0, 
2015/6/14,23:00,0.0, ,162580, ,18.46, ,19.10, ,100.0, 
2015/6/14,24:00,0.0, ,162580, ,20.41, ,22.10, ,100.0, 
2015/6/15,01:00,0.0, ,162580, ,20.98, ,19.20, ,100.0, 
2015/6/15,02:00,0.0, ,162580, ,19.31, ,19.30, ,100.0, 
2015/6/15,03:00,0.0, ,162580, ,19.30, ,19.30, ,100.0, 
2015/6/15,04:00,0.0, ,162580, ,19.26, ,19.40, ,100.0, 
2015/6/15,05:00,0.0, ,162580, ,19.28, ,11.20, ,100.0, 
2015/6/15,06:00,0.0, ,162580, ,9.38, ,0.00, ,100.0, 
2015/6/15,07:00,0.0, ,162580, ,0.00, ,0.00, ,100.0, 
2015/6/15,08:00,0.0, ,162640, ,13.75, ,0.00, ,100.0, 
2015/6/15,09:00,0.0, ,162690, ,10.51, ,0.00, ,100.0, 
2015/6/15,10:00,0.0, ,0,-,0.00,-,0.00,-,0.0,-
2015/6/15,11:00,0.0, ,0,-,0.00,-,0.00,-,0.0,-
2015/6/15,12:00,0.0, ,0,-,0.00,-,0.00,-,0.0,-
2015/6/15,13:00,0.0, ,0,-,0.00,-,0.00,-,0.0,-
2015/6/15,14:00,0.0, ,0,-,0.00,-,0.00,-,0.0,-
2015/6/15,15:00,0.0, ,0,-,0.00,-,0.00,-,0.0,-
2015/6/15,16:00,0.0, ,0,-,0.00,-,0.00,-,0.0,-
2015/6/15,17:00,0.0, ,163010, ,32.53, ,53.40, ,100.0, 
2015/6/15,18:00,0.0, ,162850, ,21.53, ,62.30, ,100.0, 
2015/6/15,19:00,0.0, ,162690, ,22.60, ,62.30, ,100.0, 
2015/6/15,20:00,0.0, ,162580, ,20.19, ,24.90, ,100.0, 
2015/6/15,21:00,0.0, ,162530, ,16.26, ,22.10, ,100.0, 
2015/6/15,22:00,0.0, ,162530, ,19.42, ,22.10, ,100.0, 
2015/6/15,23:00,0.0, ,162530, ,20.98, ,19.20, ,100.0, 
2015/6/15,24:00,0.0, ,162530, ,19.25, ,19.20, ,100.0, 
2015/6/16,01:00,0.0, ,162470, ,10.72, ,19.30, ,100.0, 
2015/6/16,02:00,0.0, ,162470, ,12.74, ,19.30, ,100.0, 
2015/6/16,03:00,0.0, ,162470, ,19.25, ,19.20, ,100.0, 
2015/6/16,04:00,0.0, ,162420, ,9.72, ,19.20, ,99.9, 
2015/6/16,05:00,0.0, ,162370, ,11.21, ,19.10, ,99.9, 
2015/6/16,06:00,0.0, ,162370, ,6.71, ,19.20, ,99.9, 
2015/6/16,07:00,0.0, ,162310, ,6.45, ,11.90, ,99.9, 
2015/6/16,08:00,0.0, ,162310, ,7.11, ,0.00, ,99.9, 
2015/6/16,09:00,0.0, ,162310, ,0.01, ,13.10, ,99.9, 
2015/6/16,10:00,0.0, ,162310, ,12.24, ,23.50, ,99.9, 
2015/6/16,11:00,0.0, ,162310, ,24.80, ,26.60, ,99.9, 
2015/6/16,12:00,0.5, ,162310, ,25.35, ,23.60, ,99.9, 
2015/6/16,13:00,1.8, ,162310, ,21.43, ,19.50, ,99.9, 
2015/6/16,14:00,0.8, ,162310, ,19.32, ,27.90, ,99.9, 
2015/6/16,15:00,1.3, ,162260, ,18.67, ,47.10, ,99.8, 
2015/6/16,16:00,0.3, ,162150, ,21.47, ,56.10, ,99.7, 
2015/6/16,17:00,0.0, ,161990, ,21.48, ,56.50, ,99.6, 
2015/6/16,18:00,0.0, ,161880, ,20.04, ,55.90, ,99.6, 
2015/6/16,19:00,0.0, ,161770, ,21.26, ,28.30, ,99.5, 
2015/6/16,20:00,0.0, ,161720, ,10.93, ,19.30, ,99.4, 
2015/6/16,21:00,0.0, ,161720, ,18.61, ,19.20, ,99.4, 
2015/6/16,22:00,0.0, ,161720, ,19.33, ,19.40, ,99.4, 
2015/6/16,23:00,0.0, ,161720, ,20.46, ,22.10, ,99.4, 
2015/6/16,24:00,0.0, ,161720, ,20.98, ,19.20, ,99.4, 
2015/6/17,01:00,0.0, ,161720, ,19.32, ,19.40, ,99.4, 
2015/6/17,02:00,0.0, ,161670, ,6.37, ,19.30, ,99.4, 
2015/6/17,03:00,0.0, ,161670, ,17.34, ,12.10, ,99.4, 
2015/6/17,04:00,0.0, ,161670, ,9.43, ,0.00, ,99.4, 
2015/6/17,05:00,0.0, ,161670, ,0.00, ,0.00, ,99.4, 
2015/6/17,06:00,0.0, ,161670, ,0.00, ,0.00, ,99.4, 
2015/6/17,07:00,0.0, ,161720, ,10.47, ,0.00, ,99.4, 
2015/6/17,08:00,0.0, ,161720, ,4.49, ,0.00, ,99.4, 
2015/6/17,09:00,0.0, ,161770, ,4.24, ,9.20, ,99.5, 
2015/6/17,10:00,0.0, ,161770, ,20.63, ,19.20, ,99.5, 
2015/6/17,11:00,0.0, ,161770, ,19.21, ,19.20, ,99.5, 
2015/6/17,12:00,0.0, ,161770, ,19.21, ,19.30, ,99.5, 
2015/6/17,13:00,0.0, ,161770, ,19.22, ,22.10, ,99.5, 
2015/6/17,14:00,0.0, ,161720, ,18.63, ,54.10, ,99.4, 
2015/6/17,15:00,0.0, ,161560, ,19.94, ,59.10, ,99.3, 
2015/6/17,16:00,0.0, ,161450, ,18.35, ,59.20, ,99.3, 
2015/6/17,17:00,0.0, ,161290, ,16.90, ,50.20, ,99.2, 
2015/6/17,18:00,0.0, ,161180, ,20.43, ,31.00, ,99.1, 
2015/6/17,19:00,0.0, ,161180, ,13.77, ,19.20, ,99.1, 
2015/6/17,20:00,0.0, ,161180, ,20.48, ,22.20, ,99.1, 
2015/6/17,21:00,0.0, ,161130, ,12.08, ,19.30, ,99.0, 
2015/6/17,22:00,0.0, ,161130, ,13.29, ,19.20, ,99.0, 
2015/6/17,23:00,0.0, ,161130, ,19.25, ,19.20, ,99.0, 
2015/6/17,24:00,0.2, ,161130, ,19.31, ,19.40, ,99.0, 
2015/6/18,01:00,1.9, ,161070, ,16.57, ,19.40, ,99.0, 
2015/6/18,02:00,1.0, ,161070, ,7.13, ,19.20, ,99.0, 
2015/6/18,03:00,7.7, ,161070, ,19.26, ,19.40, ,99.0, 
2015/6/18,04:00,5.5, ,161070, ,19.31, ,19.40, ,99.0, 
2015/6/18,05:00,1.3, ,161130, ,30.08, ,19.40, ,99.0, 
2015/6/18,06:00,0.4, ,161130, ,23.60, ,12.00, ,99.0, 
2015/6/18,07:00,0.3, ,161180, ,16.40, ,0.00, ,99.1, 
2015/6/18,08:00,0.0, ,161290, ,22.13, ,0.00, ,99.2, 
2015/6/18,09:00,1.2, ,161340, ,23.38, ,0.00, ,99.2, 
2015/6/18,10:00,0.8, ,161450, ,21.90, ,0.00, ,99.3, 
2015/6/18,11:00,0.5, ,161500, ,22.90, ,0.00, ,99.3, 
2015/6/18,12:00,0.3, ,161610, ,19.67, ,0.00, ,99.4, 
2015/6/18,13:00,0.3, ,161670, ,23.16, ,0.00, ,99.4, 
2015/6/18,14:00,0.3, ,161720, ,19.44, ,0.00, ,99.4, 
2015/6/18,15:00,0.5, ,161770, ,17.70, ,19.70, ,99.5, 
2015/6/18,16:00,0.6, ,161770, ,16.71, ,38.90, ,99.5, 
2015/6/18,17:00,1.2, ,161720, ,34.41, ,49.10, ,99.4, 
2015/6/18,18:00,0.8, ,161610, ,22.76, ,26.70, ,99.4, 
2015/6/18,19:00,1.1, ,161610, ,20.71, ,19.10, ,99.4, 
2015/6/18,20:00,1.9, ,161560, ,6.28, ,19.30, ,99.3, 
2015/6/18,21:00,0.8, ,161560, ,18.43, ,22.10, ,99.3, 
2015/6/18,22:00,1.7, ,161560, ,21.01, ,19.40, ,99.3, 
2015/6/18,23:00,2.1, ,161500, ,9.63, ,19.50, ,99.3, 
2015/6/18,24:00,1.6, ,161500, ,14.11, ,19.40, ,99.3, 
2015/6/19,01:00,1.6, ,161450, ,16.86, ,19.40, ,99.3, 
2015/6/19,02:00,1.3, ,161450, ,6.87, ,19.40, ,99.3, 
2015/6/19,03:00,0.3, ,161400, ,14.89, ,19.10, ,99.2, 
2015/6/19,04:00,0.9, ,161400, ,8.81, ,19.10, ,99.2, 
2015/6/19,05:00,1.1, ,161400, ,19.17, ,19.40, ,99.2, 
2015/6/19,06:00,0.5, ,161400, ,19.30, ,19.30, ,99.2, 
2015/6/19,07:00,0.7, ,161340, ,7.39, ,19.30, ,99.2, 
2015/6/19,08:00,0.5, ,161340, ,16.39, ,19.40, ,99.2, 
2015/6/19,09:00,0.3, ,161340, ,19.39, ,19.40, ,99.2, 
2015/6/19,10:00,0.3, ,161340, ,20.55, ,13.70, ,99.2, 
2015/6/19,11:00,0.6, ,161340, ,10.84, ,9.50, ,99.2, 
2015/6/19,12:00,0.4, ,161400, ,16.87, ,19.30, ,99.2, 
2015/6/19,13:00,0.4, ,161400, ,27.19, ,19.60, ,99.2, 
2015/6/19,14:00,1.1, ,161400, ,21.58, ,46.20, ,99.2, 
2015/6/19,15:00,0.3, ,161340, ,32.80, ,52.00, ,99.2, 
2015/6/19,16:00,0.8, ,161240, ,28.09, ,52.40, ,99.1, 
2015/6/19,17:00,0.7, ,161180, ,28.86, ,28.20, ,99.1, 
2015/6/19,18:00,0.2, ,161180, ,29.95, ,23.70, ,99.1, 
2015/6/19,19:00,0.1, ,161180, ,21.45, ,19.20, ,99.1, 
2015/6/19,20:00,0.5, ,161180, ,19.22, ,19.20, ,99.1, 
2015/6/19,21:00,0.6, ,161180, ,19.21, ,19.20, ,99.1, 
2015/6/19,22:00,0.5, ,161240, ,29.15, ,22.30, ,99.1, 
2015/6/19,23:00,0.4, ,161240, ,27.29, ,19.40, ,99.1, 
2015/6/19,24:00,0.5, ,161290, ,24.57, ,19.40, ,99.2, 
2015/6/20,01:00,0.1, ,161290, ,29.05, ,19.20, ,99.2, 
2015/6/20,02:00,0.0, ,161290, ,19.19, ,19.20, ,99.2, 
2015/6/20,03:00,0.1, ,161340, ,22.47, ,19.20, ,99.2, 
2015/6/20,04:00,0.2, ,161340, ,30.94, ,12.00, ,99.2, 
2015/6/20,05:00,0.0, ,161400, ,12.61, ,0.00, ,99.2, 
2015/6/20,06:00,0.0, ,161450, ,11.94, ,0.00, ,99.3, 
2015/6/20,07:00,0.0, ,161500, ,17.18, ,0.00, ,99.3, 
2015/6/20,08:00,0.0, ,161500, ,12.45, ,0.00, ,99.3, 
2015/6/20,09:00,0.0, ,161610, ,18.43, ,0.00, ,99.4, 
2015/6/20,10:00,0.0, ,161670, ,18.93, ,12.60, ,99.4, 
2015/6/20,11:00,0.1, ,161670, ,18.98, ,23.30, ,99.4, 
2015/6/20,12:00,0.0, ,161670, ,26.07, ,28.30, ,99.4, 
2015/6/20,13:00,0.0, ,161670, ,24.39, ,19.10, ,99.4, 
2015/6/20,14:00,0.1, ,161670, ,19.21, ,19.50, ,99.4, 
2015/6/20,15:00,0.0, ,161670, ,21.49, ,25.40, ,99.4, 
2015/6/20,16:00,0.0, ,161670, ,28.98, ,54.10, ,99.4, 
2015/6/20,17:00,0.0, ,161560, ,29.52, ,60.90, ,99.3, 
2015/6/20,18:00,0.0, ,161400, ,21.93, ,62.60, ,99.2, 
2015/6/20,19:00,0.0, ,161240, ,22.98, ,43.20, ,99.1, 
2015/6/20,20:00,0.0, ,161180, ,21.56, ,9.30, ,99.1, 
2015/6/20,21:00,0.0, ,161180, ,9.47, ,9.60, ,99.1, 
2015/6/20,22:00,0.0, ,161240, ,16.90, ,19.30, ,99.1, 
2015/6/20,23:00,0.0, ,161240, ,27.18, ,19.20, ,99.1, 
2015/6/20,24:00,0.0, ,161240, ,20.47, ,22.20, ,99.1, 
2015/6/21,01:00,0.0, ,161240, ,21.07, ,19.20, ,99.1, 
2015/6/21,02:00,0.0, ,161240, ,19.28, ,19.30, ,99.1, 
2015/6/21,03:00,0.0, ,161180, ,15.26, ,19.30, ,99.1, 
2015/6/21,04:00,0.0, ,161180, ,8.30, ,19.30, ,99.1, 
2015/6/21,05:00,0.0, ,161130, ,15.27, ,19.20, ,99.0, 
2015/6/21,06:00,0.0, ,161130, ,8.32, ,11.70, ,99.0, 
2015/6/21,07:00,0.0, ,161070, ,0.44, ,0.00, ,99.0, 
2015/6/21,08:00,0.0, ,161130, ,3.98, ,0.00, ,99.0, 
2015/6/21,09:00,0.0, ,161180, ,11.94, ,9.40, ,99.1, 
2015/6/21,10:00,0.0, ,161180, ,23.87, ,24.50, ,99.1, 
2015/6/21,11:00,0.0, ,161180, ,26.89, ,34.40, ,99.1, 
2015/6/21,12:00,0.0, ,161130, ,20.29, ,35.70, ,99.0, 
2015/6/21,13:00,0.0, ,161020, ,19.29, ,35.80, ,99.0, 
2015/6/21,14:00,0.0, ,161020, ,22.05, ,35.90, ,99.0, 
2015/6/21,15:00,0.1, ,160910, ,18.30, ,38.70, ,98.9, 
2015/6/21,16:00,0.4, ,160860, ,19.34, ,35.40, ,98.9, 
2015/6/21,17:00,0.2, ,160810, ,24.03, ,51.40, ,98.8, 
2015/6/21,18:00,0.0, ,160650, ,19.13, ,59.60, ,98.7, 
2015/6/21,19:00,0.8, ,160540, ,21.42, ,62.50, ,98.6, 
2015/6/21,20:00,0.0, ,160380, ,22.84, ,24.70, ,98.5, 
2015/6/21,21:00,0.0, ,160380, ,18.28, ,22.30, ,98.5, 
2015/6/21,22:00,0.0, ,160380, ,22.23, ,22.10, ,98.5, 
2015/6/21,23:00,0.0, ,160380, ,20.98, ,19.40, ,98.5, 
2015/6/21,24:00,0.0, ,160380, ,19.35, ,19.40, ,98.5, 
2015/6/22,01:00,0.0, ,160320, ,18.60, ,19.30, ,98.5, 
2015/6/22,02:00,0.0, ,160320, ,5.18, ,19.40, ,98.5, 
2015/6/22,03:00,0.0, ,160320, ,19.36, ,41.40, ,98.5, 
2015/6/22,04:00,0.0, ,160220, ,12.27, ,47.70, ,98.4, 
2015/6/22,05:00,0.0, ,160050, ,11.61, ,25.30, ,98.3, 
2015/6/22,06:00,0.0, ,160000, ,8.95, ,22.40, ,98.3, 
2015/6/22,07:00,0.0, ,159950, ,10.93, ,19.30, ,98.2, 
2015/6/22,08:00,0.0, ,159950, ,8.38, ,19.30, ,98.2, 
2015/6/22,09:00,0.0, ,159890, ,4.35, ,19.20, ,98.2, 
2015/6/22,10:00,0.0, ,159890, ,19.24, ,19.20, ,98.2, 
2015/6/22,11:00,0.0, ,159890, ,19.22, ,19.30, ,98.2, 
2015/6/22,12:00,0.0, ,159890, ,9.68, ,0.00, ,98.2, 
2015/6/22,13:00,0.0, ,159950, ,1.99, ,0.00, ,98.2, 
2015/6/22,14:00,0.0, ,160000, ,19.36, ,0.40, ,98.3, 
2015/6/22,15:00,0.0, ,160000, ,18.07, ,19.40, ,98.3, 
2015/6/22,16:00,0.0, ,160000, ,21.55, ,23.90, ,98.3, 
2015/6/22,17:00,0.0, ,160000, ,26.08, ,31.40, ,98.3, 
2015/6/22,18:00,0.0, ,159840, ,21.82, ,56.70, ,98.2, 
2015/6/22,19:00,0.0, ,159730, ,21.19, ,56.60, ,98.1, 
2015/6/22,20:00,0.0, ,159570, ,16.45, ,54.40, ,98.0, 
2015/6/22,21:00,0.0, ,159520, ,19.90, ,31.20, ,98.0, 
2015/6/22,22:00,0.0, ,159520, ,11.51, ,19.20, ,98.0, 
2015/6/22,23:00,0.0, ,159520, ,19.39, ,19.20, ,98.0, 
2015/6/22,24:00,0.0, ,159520, ,20.55, ,22.10, ,98.0, 
2015/6/23,01:00,0.0, ,159470, ,10.31, ,19.20, ,97.9, 
2015/6/23,02:00,0.0, ,159470, ,15.46, ,19.50, ,97.9, 
2015/6/23,03:00,0.0, ,159410, ,16.19, ,22.20, ,97.9, 
2015/6/23,04:00,0.0, ,159310, ,8.50, ,47.80, ,97.8, 
2015/6/23,05:00,0.0, ,159200, ,12.33, ,45.70, ,97.7, 
2015/6/23,06:00,0.0, ,159090, ,9.47, ,22.40, ,97.7, 
2015/6/23,07:00,0.0, ,159040, ,5.44, ,19.30, ,97.6, 
2015/6/23,08:00,0.0, ,159040, ,7.30, ,19.30, ,97.6, 
2015/6/23,09:00,0.0, ,158980, ,4.53, ,19.40, ,97.6, 
2015/6/23,10:00,0.0, ,158930, ,17.66, ,19.40, ,97.6, 
2015/6/23,11:00,0.0, ,158930, ,6.27, ,19.50, ,97.6, 
2015/6/23,12:00,0.0, ,158930, ,19.40, ,19.50, ,97.6, 
2015/6/23,13:00,0.0, ,158930, ,19.42, ,19.50, ,97.6, 
2015/6/23,14:00,0.0, ,158930, ,19.40, ,19.90, ,97.6, 
2015/6/23,15:00,0.0, ,158880, ,11.43, ,22.30, ,97.5, 
2015/6/23,16:00,0.0, ,158820, ,16.46, ,31.90, ,97.5, 
2015/6/23,17:00,0.0, ,158720, ,17.67, ,53.60, ,97.4, 
2015/6/23,18:00,0.0, ,158560, ,16.71, ,56.80, ,97.3, 
2015/6/23,19:00,0.0, ,158450, ,20.02, ,56.60, ,97.2, 
2015/6/23,20:00,0.0, ,158290, ,16.98, ,59.90, ,97.1, 
2015/6/23,21:00,0.0, ,158180, ,19.64, ,47.60, ,97.0, 
2015/6/23,22:00,0.0, ,158130, ,13.65, ,22.20, ,97.0, 
2015/6/23,23:00,0.0, ,158130, ,19.54, ,19.70, ,97.0, 
2015/6/23,24:00,0.0, ,158080, ,7.14, ,19.60, ,97.0, 
2015/6/24,01:00,0.0, ,158080, ,16.94, ,19.20, ,97.0, 
2015/6/24,02:00,0.0, ,158020, ,18.41, ,19.40, ,96.9, 
2015/6/24,03:00,0.0, ,158020, ,5.63, ,19.40, ,96.9, 
2015/6/24,04:00,0.0, ,157970, ,13.77, ,19.40, ,96.9, 
2015/6/24,05:00,0.0, ,157920, ,4.16, ,19.50, ,96.9, 
2015/6/24,06:00,0.0, ,157860, ,6.33, ,19.60, ,96.8, 
2015/6/24,07:00,0.0, ,157810, ,8.13, ,19.70, ,96.8, 
2015/6/24,08:00,0.0, ,157810, ,6.66, ,19.30, ,96.8, 
2015/6/24,09:00,0.0, ,157760, ,5.58, ,19.40, ,96.8, 
2015/6/24,10:00,0.0, ,157700, ,10.32, ,31.30, ,96.7, 
2015/6/24,11:00,0.0, ,157600, ,17.32, ,34.30, ,96.6, 
2015/6/24,12:00,0.0, ,157600, ,12.49, ,19.90, ,96.6, 
2015/6/24,13:00,0.0, ,157600, ,19.50, ,22.20, ,96.6, 
2015/6/24,14:00,0.0, ,157490, ,12.71, ,48.10, ,96.6, 
2015/6/24,15:00,0.0, ,157330, ,18.21, ,61.80, ,96.5, 
2015/6/24,16:00,0.0, ,157170, ,17.42, ,61.40, ,96.4, 
2015/6/24,17:00,0.0, ,157010, ,18.26, ,63.00, ,96.2, 
2015/6/24,18:00,0.0, ,156850, ,17.72, ,62.90, ,96.1, 
2015/6/24,19:00,0.0, ,156690, ,17.01, ,63.00, ,96.0, 
2015/6/24,20:00,0.0, ,156540, ,17.39, ,59.90, ,95.9, 
2015/6/24,21:00,0.0, ,156380, ,16.80, ,48.70, ,95.8, 
2015/6/24,22:00,0.0, ,156320, ,15.49, ,22.50, ,95.8, 
2015/6/24,23:00,0.0, ,156320, ,16.45, ,19.40, ,95.8, 
2015/6/24,24:00,0.0, ,156270, ,8.73, ,19.40, ,95.7, 
2015/6/25,01:00,0.0, ,156270, ,14.87, ,18.20, ,95.7, 
2015/6/25,02:00,0.0, ,156220, ,17.27, ,18.00, ,95.7, 
2015/6/25,03:00,0.0, ,156220, ,4.02, ,18.30, ,95.7, 
2015/6/25,04:00,0.0, ,156160, ,14.37, ,18.20, ,95.7, 
2015/6/25,05:00,0.2, ,156110, ,2.94, ,18.00, ,95.6, 
2015/6/25,06:00,0.1, ,156110, ,8.44, ,18.30, ,95.6, 
2015/6/25,07:00,0.0, ,156060, ,6.79, ,17.90, ,95.6, 
2015/6/25,08:00,0.2, ,156010, ,4.08, ,21.00, ,95.6, 
2015/6/25,09:00,0.8, ,155950, ,6.35, ,19.00, ,95.5, 
2015/6/25,10:00,0.5, ,155850, ,10.66, ,45.00, ,95.5, 
2015/6/25,11:00,0.9, ,155690, ,19.99, ,60.10, ,95.3, 
2015/6/25,12:00,1.1, ,155530, ,16.11, ,49.50, ,95.2, 
2015/6/25,13:00,0.0, ,155480, ,18.09, ,21.90, ,95.2, 
2015/6/25,14:00,0.0, ,155420, ,13.17, ,45.30, ,95.2, 
2015/6/25,15:00,0.0, ,155210, ,16.81, ,62.10, ,95.0, 
2015/6/25,16:00,0.0, ,155110, ,16.63, ,60.20, ,95.0, 
2015/6/25,17:00,0.0, ,154900, ,17.52, ,63.20, ,94.8, 
2015/6/25,18:00,0.0, ,154790, ,16.46, ,60.30, ,94.7, 
2015/6/25,19:00,0.0, ,154690, ,17.70, ,39.20, ,94.7, 
2015/6/25,20:00,0.0, ,154630, ,14.84, ,30.00, ,94.6, 
2015/6/25,21:00,0.0, ,154580, ,19.19, ,30.20, ,94.6, 
2015/6/25,22:00,0.0, ,154580, ,14.96, ,18.20, ,94.6, 
2015/6/25,23:00,0.6, ,154580, ,18.14, ,18.00, ,94.6, 
2015/6/25,24:00,1.0, ,154530, ,9.28, ,21.30, ,94.6, 
2015/6/26,01:00,0.8, ,154530, ,15.31, ,18.10, ,94.6, 
2015/6/26,02:00,1.4, ,154530, ,18.11, ,18.10, ,94.6, 
2015/6/26,03:00,2.1, ,154530, ,18.10, ,18.00, ,94.6, 
2015/6/26,04:00,3.7, ,154480, ,7.16, ,17.90, ,94.5, 
2015/6/26,05:00,8.3, ,154480, ,14.48, ,18.10, ,94.5, 
2015/6/26,06:00,4.9, ,154480, ,18.11, ,17.90, ,94.5, 
2015/6/26,07:00,6.0, ,154530, ,21.98, ,18.10, ,94.6, 
2015/6/26,08:00,4.8, ,154530, ,28.83, ,18.20, ,94.6, 
2015/6/26,09:00,3.6, ,154630, ,32.00, ,18.00, ,94.6, 
2015/6/26,10:00,2.6, ,154690, ,39.52, ,17.90, ,94.7, 
2015/6/26,11:00,3.9, ,154850, ,53.45, ,27.30, ,94.8, 
2015/6/26,12:00,4.8, ,155000, ,63.61, ,18.40, ,94.9, 
2015/6/26,13:00,2.6, ,155160, ,59.52, ,17.90, ,95.0, 
2015/6/26,14:00,0.2, ,155320, ,63.45, ,18.30, ,95.1, 
2015/6/26,15:00,0.0, ,155480, ,59.78, ,18.00, ,95.2, 
2015/6/26,16:00,0.0, ,155580, ,61.51, ,17.90, ,95.3, 
2015/6/26,17:00,0.4, ,155790, ,49.70, ,0.00, ,95.4, 
2015/6/26,18:00,1.3, ,155950, ,50.69, ,0.00, ,95.5, 
2015/6/26,19:00,0.1, ,156110, ,46.31, ,0.00, ,95.6, 
2015/6/26,20:00,0.0, ,156270, ,41.92, ,0.00, ,95.7, 
2015/6/26,21:00,0.3, ,156380, ,41.45, ,0.00, ,95.8, 
2015/6/26,22:00,0.0, ,156540, ,40.98, ,0.60, ,95.9, 
2015/6/26,23:00,0.0, ,156590, ,36.99, ,21.10, ,96.0, 
2015/6/26,24:00,0.0, ,156640, ,33.83, ,17.90, ,96.0, 
2015/6/27,01:00,0.0, ,156750, ,34.94, ,18.20, ,96.1, 
2015/6/27,02:00,0.0, ,156750, ,35.45, ,17.80, ,96.1, 
2015/6/27,03:00,0.0, ,156800, ,31.01, ,17.90, ,96.1, 
2015/6/27,04:00,0.0, ,156850, ,29.30, ,18.00, ,96.1, 
2015/6/27,05:00,0.0, ,156960, ,32.42, ,0.00, ,96.2, 
2015/6/27,06:00,0.0, ,157070, ,27.29, ,0.00, ,96.3, 
2015/6/27,07:00,0.0, ,157170, ,30.49, ,1.80, ,96.4, 
2015/6/27,08:00,0.0, ,157230, ,32.76, ,27.20, ,96.4, 
2015/6/27,09:00,0.0, ,157170, ,39.02, ,50.80, ,96.4, 
2015/6/27,10:00,0.0, ,157070, ,26.84, ,51.00, ,96.3, 
2015/6/27,11:00,0.0, ,157010, ,29.83, ,51.00, ,96.2, 
2015/6/27,12:00,0.0, ,156910, ,27.39, ,51.10, ,96.2, 
2015/6/27,13:00,0.0, ,156800, ,29.39, ,50.90, ,96.1, 
2015/6/27,14:00,0.4, ,156750, ,25.94, ,51.00, ,96.1, 
2015/6/27,15:00,0.1, ,156640, ,28.88, ,51.00, ,96.0, 
2015/6/27,16:00,0.1, ,156590, ,27.44, ,51.10, ,96.0, 
2015/6/27,17:00,0.2, ,156480, ,28.43, ,39.40, ,95.9, 
2015/6/27,18:00,0.0, ,156540, ,13.76, ,0.00, ,95.9, 
2015/6/27,19:00,0.0, ,156590, ,20.38, ,0.00, ,96.0, 
2015/6/27,20:00,0.1, ,156690, ,25.54, ,0.00, ,96.0, 
2015/6/27,21:00,0.0, ,156800, ,21.12, ,0.00, ,96.1, 
2015/6/27,22:00,0.0, ,156850, ,24.32, ,0.70, ,96.1, 
2015/6/27,23:00,0.0, ,156910, ,18.07, ,17.80, ,96.2, 
2015/6/27,24:00,0.0, ,156910, ,33.61, ,20.90, ,96.4, 
2015/6/28,01:00,0.0, ,156910, ,20.96, ,21.00, ,96.4, 
2015/6/28,02:00,0.0, ,156910, ,19.81, ,18.30, ,96.4, 
2015/6/28,03:00,0.0, ,156910, ,18.00, ,17.70, ,96.4, 
2015/6/28,04:00,0.0, ,156910, ,18.04, ,18.10, ,96.4, 
2015/6/28,05:00,0.0, ,156910, ,18.04, ,17.90, ,96.4, 
2015/6/28,06:00,0.0, ,156910, ,18.01, ,17.90, ,96.4, 
2015/6/28,07:00,0.0, ,156910, ,22.46, ,26.90, ,96.4, 
2015/6/28,08:00,0.0, ,156850, ,33.12, ,51.10, ,96.4, 
2015/6/28,09:00,0.0, ,156750, ,26.96, ,50.80, ,96.3, 
2015/6/28,10:00,0.0, ,156640, ,18.39, ,51.00, ,96.3, 
2015/6/28,11:00,0.0, ,156540, ,27.48, ,51.50, ,96.2, 
2015/6/28,12:00,0.0, ,156430, ,22.35, ,51.40, ,96.1, 
2015/6/28,13:00,0.0, ,156320, ,20.43, ,51.00, ,96.0, 
2015/6/28,14:00,0.0, ,156220, ,26.08, ,51.50, ,96.0, 
2015/6/28,15:00,0.0, ,156110, ,16.55, ,51.20, ,95.9, 
2015/6/28,16:00,0.0, ,156010, ,25.39, ,51.00, ,95.8, 
2015/6/28,17:00,0.0, ,155950, ,19.70, ,31.80, ,95.8, 
2015/6/28,18:00,0.0, ,155950, ,18.88, ,32.20, ,95.8, 
2015/6/28,19:00,0.0, ,155850, ,20.86, ,37.60, ,95.7, 
2015/6/28,20:00,0.0, ,155790, ,20.49, ,28.60, ,95.7, 
2015/6/28,21:00,0.0, ,155850, ,7.00, ,0.00, ,95.7, 
2015/6/28,22:00,0.0, ,155900, ,17.14, ,0.80, ,95.8, 
2015/6/28,23:00,0.0, ,155900, ,20.27, ,18.00, ,95.8, 
2015/6/28,24:00,0.0, ,155900, ,19.19, ,20.90, ,95.8, 
2015/6/29,01:00,0.0, ,155900, ,19.81, ,18.30, ,95.8, 
2015/6/29,02:00,0.0, ,155900, ,18.05, ,18.40, ,95.8, 
2015/6/29,03:00,0.0, ,155900, ,18.05, ,18.10, ,95.8, 
2015/6/29,04:00,0.0, ,155900, ,18.07, ,18.10, ,95.8, 
2015/6/29,05:00,0.0, ,155900, ,18.03, ,17.90, ,95.8, 
2015/6/29,06:00,0.0, ,155900, ,17.96, ,18.10, ,95.8, 
2015/6/29,07:00,0.0, ,155900, ,18.02, ,17.90, ,95.8, 
2015/6/29,08:00,0.0, ,155900, ,18.03, ,18.10, ,95.8, 
2015/6/29,09:00,0.0, ,155850, ,21.66, ,36.10, ,95.7, 
2015/6/29,10:00,0.0, ,155690, ,20.46, ,58.70, ,95.6, 
2015/6/29,11:00,0.0, ,155580, ,19.71, ,61.70, ,95.5, 
2015/6/29,12:00,0.0, ,155420, ,19.63, ,46.40, ,95.4, 
2015/6/29,13:00,0.0, ,155420, ,10.22, ,0.80, ,95.4, 
2015/6/29,14:00,0.0, ,155420, ,9.02, ,20.70, ,95.4, 
2015/6/29,15:00,0.0, ,155370, ,30.30, ,49.70, ,95.4, 
2015/6/29,16:00,0.0, ,155210, ,23.87, ,61.70, ,95.3, 
2015/6/29,17:00,0.0, ,155060, ,19.44, ,61.80, ,95.2, 
2015/6/29,18:00,0.0, ,154900, ,18.20, ,63.00, ,95.1, 
2015/6/29,19:00,0.0, ,154740, ,21.22, ,63.10, ,95.0, 
2015/6/29,20:00,0.0, ,154630, ,20.29, ,63.10, ,94.9, 
2015/6/29,21:00,0.0, ,154480, ,19.04, ,48.40, ,94.8, 
2015/6/29,22:00,0.0, ,154480, ,15.57, ,18.00, ,94.8, 
2015/6/29,23:00,0.0, ,154480, ,17.99, ,18.20, ,94.8, 
2015/6/29,24:00,0.0, ,154480, ,18.05, ,18.00, ,94.8, 
2015/6/30,01:00,0.0, ,154480, ,19.23, ,21.30, ,94.7, 
2015/6/30,02:00,0.0, ,154420, ,8.73, ,18.10, ,94.7, 
2015/6/30,03:00,0.0, ,154420, ,14.78, ,18.20, ,94.6, 
2015/6/30,04:00,0.0, ,154420, ,18.16, ,18.10, ,94.6, 
2015/6/30,05:00,0.0, ,154420, ,18.12, ,18.10, ,94.5, 
2015/6/30,06:00,0.0, ,154420, ,18.10, ,18.10, ,94.5, 
2015/6/30,07:00,0.0, ,154420, ,9.10, ,1.00, ,94.4, 
2015/6/30,08:00,0.0, ,154420, ,9.03, ,18.00, ,94.4, 
2015/6/30,09:00,0.0, ,154370, ,26.62, ,36.50, ,94.3, 
2015/6/30,10:00,0.0, ,154270, ,20.61, ,58.80, ,94.2, 
2015/6/30,11:00,0.0, ,154110, ,17.56, ,58.90, ,94.0, 
2015/6/30,12:00,0.0, ,153950, ,14.66, ,45.00, ,93.9, 
2015/6/30,13:00,0.0, ,153950, ,10.91, ,0.90, ,93.8, 
2015/6/30,14:00,0.0, ,154000, ,19.48, ,18.00, ,93.8, 
2015/6/30,15:00,0.0, ,153950, ,19.10, ,31.70, ,93.7, 
2015/6/30,16:00,1.4, ,153900, ,26.36, ,47.00, ,93.6, 
2015/6/30,17:00,7.1, ,153740, ,19.87, ,62.20, ,93.5, 
2015/6/30,18:00,6.4, ,153640, ,28.75, ,62.10, ,93.4, 
2015/6/30,19:00,5.3, ,153480, ,22.46, ,63.00, ,93.2, 
2015/6/30,20:00,3.6, ,153380, ,28.71, ,63.20, ,93.1, 
2015/6/30,21:00,1.6, ,153220, ,24.37, ,49.00, ,92.9, 
2015/6/30,22:00,1.9, ,153220, ,14.77, ,21.10, ,92.9, 
2015/6/30,23:00,8.5, ,153270, ,21.89, ,18.20, ,92.9, 
2015/6/30,24:00,6.5, ,153320, ,36.57, ,18.20, ,92.9, 
