îCà”ä˙ä‘É_ÉÄèîó åüçıåãâ 
êÖånñº,ãgñÏêÏ
âÕêÏñº,ãgñÏêÏ
äœë™èäñº,ëÅñæâYÉ_ÉÄÅiã@ç\Åj
äœë™èäãLçÜ,1368080700010
#
#îNåéì˙,éûçè,ó¨àÊïΩãœâJó ,ó¨àÊïΩãœâJó ëÆê´,íôêÖó ,íôêÖó ëÆê´,ó¨ì¸ó ,ó¨ì¸ó ëÆê´,ï˙ó¨ó ,ï˙ó¨ó ëÆê´,íôêÖó¶,íôêÖó¶ëÆê´
#ëÆê´Å@$:åáë™ -:ñ¢éÛêM
#
2011/10/1,01:00,0.0, ,183170, ,18.37, ,18.50, ,100.0, 
2011/10/1,02:00,0.0, ,183110, ,15.96, ,18.10, ,99.9, 
2011/10/1,03:00,0.0, ,183110, ,4.74, ,18.40, ,99.9, 
2011/10/1,04:00,0.0, ,183050, ,3.93, ,18.40, ,99.9, 
2011/10/1,05:00,0.0, ,183000, ,16.51, ,18.60, ,99.8, 
2011/10/1,06:00,0.0, ,183000, ,2.58, ,18.20, ,99.8, 
2011/10/1,07:00,0.0, ,182940, ,9.02, ,18.20, ,99.8, 
2011/10/1,08:00,0.0, ,182940, ,11.70, ,18.30, ,99.8, 
2011/10/1,09:00,0.0, ,182880, ,5.55, ,18.40, ,99.7, 
2011/10/1,10:00,0.0, ,182880, ,15.19, ,18.10, ,99.7, 
2011/10/1,11:00,0.0, ,182820, ,15.22, ,18.30, ,99.7, 
2011/10/1,12:00,0.0, ,182820, ,5.57, ,18.20, ,99.6, 
2011/10/1,13:00,0.0, ,182820, ,18.43, ,18.20, ,99.6, 
2011/10/1,14:00,0.0, ,182770, ,17.62, ,18.40, ,99.6, 
2011/10/1,15:00,0.0, ,182770, ,3.18, ,18.80, ,99.5, 
2011/10/1,16:00,0.0, ,182770, ,18.42, ,18.50, ,99.5, 
2011/10/1,17:00,0.0, ,182770, ,18.42, ,18.20, ,99.5, 
2011/10/1,18:00,0.0, ,182770, ,18.40, ,18.40, ,99.4, 
2011/10/1,19:00,0.0, ,182710, ,5.83, ,18.40, ,99.4, 
2011/10/1,20:00,0.0, ,182710, ,14.92, ,18.20, ,99.4, 
2011/10/1,21:00,0.0, ,182710, ,18.43, ,18.30, ,99.4, 
2011/10/1,22:00,0.0, ,182650, ,18.12, ,18.20, ,99.3, 
2011/10/1,23:00,0.0, ,182650, ,2.63, ,18.20, ,99.3, 
2011/10/1,24:00,0.0, ,182650, ,18.44, ,18.40, ,100.0, 
2011/10/2,01:00,0.0, ,182590, ,9.59, ,18.50, ,100.0, 
2011/10/2,02:00,0.0, ,182530, ,10.14, ,18.50, ,99.9, 
2011/10/2,03:00,0.0, ,182530, ,0.20, ,0.00, ,99.9, 
2011/10/2,04:00,0.0, ,182530, ,0.00, ,0.00, ,99.9, 
2011/10/2,05:00,0.0, ,182590, ,12.83, ,0.00, ,99.8, 
2011/10/2,06:00,0.0, ,182590, ,3.25, ,2.50, ,99.8, 
2011/10/2,07:00,0.0, ,182590, ,9.27, ,18.50, ,99.8, 
2011/10/2,08:00,0.0, ,182590, ,18.42, ,18.40, ,99.8, 
2011/10/2,09:00,0.0, ,182530, ,13.33, ,18.30, ,99.7, 
2011/10/2,10:00,0.0, ,182530, ,7.47, ,18.40, ,99.7, 
2011/10/2,11:00,0.0, ,182530, ,18.43, ,18.20, ,99.7, 
2011/10/2,12:00,0.0, ,182480, ,6.14, ,18.60, ,99.6, 
2011/10/2,13:00,0.0, ,182480, ,14.68, ,18.20, ,99.6, 
2011/10/2,14:00,0.0, ,182420, ,16.82, ,18.90, ,99.6, 
2011/10/2,15:00,0.0, ,182420, ,4.00, ,18.10, ,99.5, 
2011/10/2,16:00,0.0, ,182420, ,18.44, ,18.50, ,99.5, 
2011/10/2,17:00,0.0, ,182420, ,18.43, ,18.30, ,99.5, 
2011/10/2,18:00,0.0, ,182300, ,6.52, ,34.00, ,99.5, 
2011/10/2,19:00,0.0, ,182190, ,21.84, ,55.10, ,99.4, 
2011/10/2,20:00,0.0, ,182130, ,16.36, ,37.20, ,99.4, 
2011/10/2,21:00,0.0, ,182070, ,8.65, ,18.60, ,99.4, 
2011/10/2,22:00,0.0, ,182070, ,5.43, ,0.00, ,99.3, 
2011/10/2,23:00,0.0, ,182130, ,11.47, ,0.00, ,99.3, 
2011/10/2,24:00,0.0, ,182190, ,8.54, ,0.00, ,100.0, 
2011/10/3,01:00,0.0, ,182190, ,12.02, ,0.00, ,100.0, 
2011/10/3,02:00,0.0, ,182250, ,5.07, ,0.00, ,99.9, 
2011/10/3,03:00,0.0, ,182250, ,10.95, ,0.00, ,99.9, 
2011/10/3,04:00,0.0, ,182300, ,5.61, ,0.00, ,99.9, 
2011/10/3,05:00,0.0, ,182300, ,10.41, ,0.00, ,99.8, 
2011/10/3,06:00,0.0, ,182360, ,1.07, ,0.00, ,99.8, 
2011/10/3,07:00,0.0, ,182360, ,14.96, ,0.00, ,99.8, 
2011/10/3,08:00,0.0, ,182420, ,2.40, ,0.00, ,99.8, 
2011/10/3,09:00,0.0, ,182420, ,13.63, ,0.00, ,99.7, 
2011/10/3,10:00,0.0, ,182480, ,10.15, ,0.00, ,99.7, 
2011/10/3,11:00,0.0, ,182530, ,11.76, ,0.00, ,99.7, 
2011/10/3,12:00,0.0, ,182590, ,11.76, ,0.00, ,99.6, 
2011/10/3,13:00,0.0, ,182590, ,14.49, ,3.30, ,99.6, 
2011/10/3,14:00,0.0, ,182590, ,14.39, ,28.60, ,99.6, 
2011/10/3,15:00,0.0, ,182590, ,28.39, ,28.60, ,99.5, 
2011/10/3,16:00,0.0, ,182530, ,17.70, ,28.10, ,99.5, 
2011/10/3,17:00,0.0, ,182480, ,10.71, ,28.30, ,99.5, 
2011/10/3,18:00,0.0, ,182420, ,16.64, ,29.80, ,99.5, 
2011/10/3,19:00,0.0, ,182300, ,15.18, ,50.80, ,99.4, 
2011/10/3,20:00,0.0, ,182250, ,15.97, ,22.50, ,99.4, 
2011/10/3,21:00,0.0, ,182250, ,16.07, ,18.20, ,99.4, 
2011/10/3,22:00,0.0, ,182250, ,9.30, ,0.00, ,99.3, 
2011/10/3,23:00,0.0, ,182250, ,0.00, ,0.00, ,99.3, 
2011/10/3,24:00,0.0, ,182300, ,7.74, ,0.00, ,100.0, 
2011/10/4,01:00,0.0, ,182300, ,8.28, ,0.00, ,100.0, 
2011/10/4,02:00,0.0, ,182300, ,0.00, ,0.00, ,99.9, 
2011/10/4,03:00,0.0, ,182300, ,0.00, ,0.00, ,99.9, 
2011/10/4,04:00,0.0, ,182360, ,11.22, ,0.00, ,99.9, 
2011/10/4,05:00,0.0, ,182360, ,4.81, ,0.00, ,99.8, 
2011/10/4,06:00,0.0, ,182420, ,1.34, ,0.00, ,99.8, 
2011/10/4,07:00,0.0, ,182420, ,14.69, ,0.00, ,99.8, 
2011/10/4,08:00,0.0, ,182420, ,0.00, ,0.00, ,99.8, 
2011/10/4,09:00,0.0, ,182420, ,0.00, ,0.00, ,99.7, 
2011/10/4,10:00,0.0, ,182480, ,14.69, ,0.00, ,99.7, 
2011/10/4,11:00,0.0, ,182530, ,13.09, ,0.00, ,99.7, 
2011/10/4,12:00,0.0, ,182590, ,12.29, ,0.00, ,99.6, 
2011/10/4,13:00,0.0, ,182650, ,12.61, ,2.90, ,99.6, 
2011/10/4,14:00,0.0, ,182650, ,25.86, ,28.30, ,99.6, 
2011/10/4,15:00,0.0, ,182590, ,27.56, ,28.50, ,99.5, 
2011/10/4,16:00,0.0, ,182590, ,13.15, ,28.30, ,99.5, 
2011/10/4,17:00,0.0, ,182530, ,15.29, ,28.40, ,99.5, 
2011/10/4,18:00,0.0, ,182480, ,10.94, ,29.40, ,99.5, 
2011/10/4,19:00,0.0, ,182300, ,13.19, ,45.80, ,99.4, 
2011/10/4,20:00,0.0, ,182300, ,16.23, ,18.30, ,99.4, 
2011/10/4,21:00,0.0, ,182300, ,9.29, ,0.00, ,99.4, 
2011/10/4,22:00,0.0, ,182300, ,0.00, ,0.00, ,99.3, 
2011/10/4,23:00,0.0, ,182360, ,2.67, ,0.00, ,99.3, 
2011/10/4,24:00,0.0, ,182360, ,13.36, ,0.00, ,100.0, 
2011/10/5,01:00,0.0, ,182360, ,0.00, ,0.00, ,100.0, 
2011/10/5,02:00,0.0, ,182420, ,9.35, ,0.00, ,99.9, 
2011/10/5,03:00,0.0, ,182420, ,6.68, ,0.00, ,99.9, 
2011/10/5,04:00,0.0, ,182420, ,0.00, ,0.00, ,99.9, 
2011/10/5,05:00,0.0, ,182480, ,4.01, ,0.00, ,99.9, 
2011/10/5,06:00,0.0, ,182480, ,12.02, ,0.00, ,99.8, 
2011/10/5,07:00,0.0, ,182480, ,0.00, ,0.00, ,99.8, 
2011/10/5,08:00,0.0, ,182530, ,3.21, ,0.00, ,99.8, 
2011/10/5,09:00,0.0, ,182530, ,12.82, ,0.00, ,99.7, 
2011/10/5,10:00,0.0, ,182590, ,3.21, ,0.00, ,99.7, 
2011/10/5,11:00,0.0, ,182590, ,12.83, ,0.00, ,99.7, 
2011/10/5,12:00,0.2, ,182650, ,15.24, ,0.00, ,99.6, 
2011/10/5,13:00,1.3, ,182710, ,13.37, ,0.00, ,99.6, 
2011/10/5,14:00,3.1, ,182770, ,14.49, ,2.80, ,99.6, 
2011/10/5,15:00,2.0, ,182770, ,19.46, ,28.60, ,99.6, 
2011/10/5,16:00,1.5, ,182770, ,28.38, ,28.20, ,99.5, 
2011/10/5,17:00,2.7, ,182770, ,29.07, ,31.40, ,99.5, 
2011/10/5,18:00,1.7, ,182590, ,17.06, ,59.50, ,99.5, 
2011/10/5,19:00,0.6, ,182420, ,18.04, ,59.40, ,99.4, 
2011/10/5,20:00,0.7, ,182360, ,15.51, ,31.40, ,99.4, 
2011/10/5,21:00,0.1, ,182360, ,7.99, ,0.00, ,99.4, 
2011/10/5,22:00,0.6, ,182420, ,0.53, ,0.00, ,99.3, 
2011/10/5,23:00,0.0, ,182420, ,15.50, ,0.00, ,99.3, 
2011/10/5,24:00,0.3, ,182480, ,12.82, ,0.00, ,100.0, 
2011/10/6,01:00,0.6, ,182480, ,3.21, ,0.00, ,100.0, 
2011/10/6,02:00,0.1, ,182530, ,12.56, ,0.00, ,99.9, 
2011/10/6,03:00,0.0, ,182530, ,3.47, ,0.00, ,99.9, 
2011/10/6,04:00,0.0, ,182530, ,0.00, ,0.00, ,99.9, 
2011/10/6,05:00,0.3, ,182590, ,2.67, ,0.00, ,99.9, 
2011/10/6,06:00,0.0, ,182590, ,13.37, ,0.00, ,99.8, 
2011/10/6,07:00,0.1, ,182590, ,0.00, ,0.00, ,99.8, 
2011/10/6,08:00,0.0, ,182650, ,14.70, ,0.00, ,99.8, 
2011/10/6,09:00,0.0, ,182650, ,1.34, ,0.00, ,99.7, 
2011/10/6,10:00,0.0, ,182710, ,7.75, ,0.00, ,99.7, 
2011/10/6,11:00,0.0, ,182770, ,13.37, ,0.00, ,99.7, 
2011/10/6,12:00,0.0, ,182770, ,10.97, ,0.00, ,99.6, 
2011/10/6,13:00,0.0, ,182820, ,16.05, ,0.00, ,99.6, 
2011/10/6,14:00,0.0, ,182880, ,12.31, ,0.00, ,99.6, 
2011/10/6,15:00,0.0, ,182940, ,11.56, ,3.20, ,99.6, 
2011/10/6,16:00,0.0, ,182940, ,23.37, ,29.60, ,99.5, 
2011/10/6,17:00,0.0, ,182880, ,25.22, ,29.70, ,99.5, 
2011/10/6,18:00,0.0, ,182820, ,10.79, ,31.00, ,99.5, 
2011/10/6,19:00,0.0, ,182650, ,14.76, ,50.20, ,99.4, 
2011/10/6,20:00,0.0, ,182650, ,13.54, ,21.50, ,99.4, 
2011/10/6,21:00,0.0, ,182650, ,10.71, ,0.00, ,99.4, 
2011/10/6,22:00,0.0, ,182710, ,4.81, ,0.00, ,99.3, 
2011/10/6,23:00,0.0, ,182710, ,11.23, ,0.00, ,99.3, 
2011/10/6,24:00,0.0, ,182770, ,8.56, ,0.00, ,100.0, 
2011/10/7,01:00,0.0, ,182770, ,7.49, ,0.00, ,100.0, 
2011/10/7,02:00,0.0, ,182820, ,9.63, ,0.00, ,99.9, 
2011/10/7,03:00,0.0, ,182820, ,6.42, ,0.00, ,99.9, 
2011/10/7,04:00,0.0, ,182820, ,0.00, ,0.00, ,99.9, 
2011/10/7,05:00,0.0, ,182880, ,14.71, ,0.00, ,99.9, 
2011/10/7,06:00,0.0, ,182880, ,1.34, ,0.00, ,99.8, 
2011/10/7,07:00,0.0, ,182940, ,5.62, ,0.00, ,99.8, 
2011/10/7,08:00,0.0, ,182940, ,10.44, ,0.00, ,99.8, 
2011/10/7,09:00,0.0, ,182940, ,0.00, ,0.00, ,99.7, 
2011/10/7,10:00,0.0, ,183000, ,13.65, ,0.00, ,99.7, 
2011/10/7,11:00,0.0, ,183050, ,10.44, ,0.00, ,99.7, 
2011/10/7,12:00,0.0, ,183110, ,11.51, ,0.00, ,99.6, 
2011/10/7,13:00,0.0, ,183110, ,12.59, ,0.00, ,99.6, 
2011/10/7,14:00,0.0, ,183170, ,12.61, ,1.40, ,99.6, 
2011/10/7,15:00,0.0, ,183170, ,12.71, ,18.50, ,99.6, 
2011/10/7,16:00,0.0, ,183170, ,18.39, ,18.30, ,99.5, 
2011/10/7,17:00,0.0, ,183110, ,12.21, ,18.20, ,99.5, 
2011/10/7,18:00,0.0, ,183050, ,10.61, ,31.40, ,99.5, 
2011/10/7,19:00,0.0, ,182940, ,13.08, ,49.60, ,99.4, 
2011/10/7,20:00,0.0, ,182820, ,14.24, ,25.50, ,99.4, 
2011/10/7,21:00,0.0, ,182820, ,0.73, ,0.00, ,99.4, 
2011/10/7,22:00,0.0, ,182880, ,4.28, ,0.00, ,99.4, 
2011/10/7,23:00,0.0, ,182880, ,11.77, ,0.00, ,99.3, 
2011/10/7,24:00,0.0, ,182880, ,0.00, ,0.00, ,100.0, 
2011/10/8,01:00,0.0, ,182940, ,5.62, ,0.00, ,100.0, 
2011/10/8,02:00,0.0, ,182940, ,10.44, ,0.00, ,99.9, 
2011/10/8,03:00,0.0, ,182940, ,0.00, ,0.00, ,99.9, 
2011/10/8,04:00,0.0, ,182940, ,0.00, ,0.00, ,99.9, 
2011/10/8,05:00,0.0, ,182940, ,0.00, ,0.00, ,99.9, 
2011/10/8,06:00,0.0, ,183000, ,14.19, ,0.00, ,99.8, 
2011/10/8,07:00,0.0, ,183000, ,1.87, ,0.00, ,99.8, 
2011/10/8,08:00,0.0, ,183000, ,0.00, ,0.00, ,99.8, 
2011/10/8,09:00,0.0, ,183000, ,0.00, ,0.00, ,99.7, 
2011/10/8,10:00,0.0, ,183050, ,7.49, ,0.00, ,99.7, 
2011/10/8,11:00,0.0, ,183110, ,10.71, ,0.00, ,99.7, 
2011/10/8,12:00,0.0, ,183110, ,13.93, ,0.00, ,99.6, 
2011/10/8,13:00,0.0, ,183170, ,13.12, ,0.00, ,99.6, 
2011/10/8,14:00,0.0, ,183230, ,9.14, ,1.20, ,99.6, 
2011/10/8,15:00,0.0, ,183230, ,19.15, ,18.30, ,99.6, 
2011/10/8,16:00,0.0, ,183230, ,18.38, ,18.50, ,99.5, 
2011/10/8,17:00,0.0, ,183170, ,12.50, ,18.20, ,99.5, 
2011/10/8,18:00,0.0, ,183110, ,9.00, ,30.80, ,99.5, 
2011/10/8,19:00,0.0, ,182940, ,11.47, ,49.50, ,99.4, 
2011/10/8,20:00,0.0, ,182880, ,14.27, ,25.50, ,99.4, 
2011/10/8,21:00,0.0, ,182880, ,1.85, ,0.00, ,99.4, 
2011/10/8,22:00,0.0, ,182880, ,0.00, ,0.00, ,99.4, 
2011/10/8,23:00,0.0, ,182940, ,14.45, ,0.00, ,99.3, 
2011/10/8,24:00,0.0, ,182940, ,1.61, ,0.00, ,100.0, 
2011/10/9,01:00,0.0, ,183000, ,13.92, ,0.00, ,100.0, 
2011/10/9,02:00,0.0, ,183000, ,2.14, ,0.00, ,99.9, 
2011/10/9,03:00,0.0, ,183000, ,0.00, ,0.00, ,99.9, 
2011/10/9,04:00,0.0, ,183000, ,0.00, ,0.00, ,99.9, 
2011/10/9,05:00,0.0, ,183050, ,7.49, ,0.00, ,99.9, 
2011/10/9,06:00,0.0, ,183050, ,8.57, ,0.00, ,99.8, 
2011/10/9,07:00,0.0, ,183050, ,0.00, ,0.00, ,99.8, 
2011/10/9,08:00,0.0, ,183050, ,0.00, ,0.00, ,99.8, 
2011/10/9,09:00,0.0, ,183110, ,9.37, ,0.00, ,99.7, 
2011/10/9,10:00,0.0, ,183110, ,6.70, ,0.00, ,99.7, 
2011/10/9,11:00,0.0, ,183170, ,9.64, ,0.00, ,99.7, 
2011/10/9,12:00,0.0, ,183170, ,6.48, ,2.80, ,99.7, 
2011/10/9,13:00,0.0, ,183170, ,9.27, ,19.30, ,99.6, 
2011/10/9,14:00,0.0, ,183110, ,28.70, ,46.50, ,99.6, 
2011/10/9,15:00,0.0, ,183000, ,10.84, ,47.30, ,99.6, 
2011/10/9,16:00,0.0, ,182880, ,18.93, ,39.00, ,99.5, 
2011/10/9,17:00,0.0, ,182820, ,7.00, ,0.00, ,99.5, 
2011/10/9,18:00,0.0, ,182880, ,9.36, ,0.00, ,99.5, 
2011/10/9,19:00,0.0, ,182940, ,10.44, ,0.00, ,99.4, 
2011/10/9,20:00,0.0, ,182940, ,11.78, ,0.00, ,99.4, 
2011/10/9,21:00,0.0, ,183000, ,6.16, ,0.00, ,99.4, 
2011/10/9,22:00,0.0, ,183000, ,9.90, ,0.00, ,99.4, 
2011/10/9,23:00,0.0, ,183050, ,8.30, ,0.00, ,99.3, 
2011/10/9,24:00,0.0, ,183050, ,7.76, ,0.00, ,99.4, 
2011/10/10,01:00,0.0, ,183110, ,8.30, ,0.00, ,99.5, 
2011/10/10,02:00,0.0, ,183110, ,7.77, ,0.00, ,99.5, 
2011/10/10,03:00,0.0, ,183110, ,0.00, ,0.00, ,99.5, 
2011/10/10,04:00,0.0, ,183110, ,0.00, ,0.00, ,99.5, 
2011/10/10,05:00,0.0, ,183110, ,0.00, ,0.00, ,99.5, 
2011/10/10,06:00,0.0, ,183170, ,15.00, ,0.00, ,99.5, 
2011/10/10,07:00,0.0, ,183170, ,1.07, ,0.00, ,99.5, 
2011/10/10,08:00,0.0, ,183170, ,0.00, ,0.00, ,99.5, 
2011/10/10,09:00,0.0, ,183170, ,0.00, ,0.00, ,99.5, 
2011/10/10,10:00,0.0, ,183170, ,0.00, ,0.00, ,99.5, 
2011/10/10,11:00,0.0, ,183230, ,15.34, ,18.60, ,99.5, 
2011/10/10,12:00,0.0, ,183230, ,15.16, ,26.70, ,99.5, 
2011/10/10,13:00,0.0, ,183170, ,22.55, ,13.80, ,99.5, 
2011/10/10,14:00,0.0, ,183170, ,0.33, ,0.00, ,99.5, 
2011/10/10,15:00,0.0, ,183230, ,7.51, ,0.00, ,99.5, 
2011/10/10,16:00,0.0, ,183290, ,12.08, ,0.00, ,99.6, 
2011/10/10,17:00,0.0, ,183290, ,12.64, ,1.70, ,99.6, 
2011/10/10,18:00,0.0, ,183290, ,13.02, ,27.00, ,99.6, 
2011/10/10,19:00,0.0, ,183170, ,25.12, ,49.70, ,99.5, 
2011/10/10,20:00,0.0, ,183110, ,8.10, ,20.00, ,99.5, 
2011/10/10,21:00,0.0, ,183110, ,5.06, ,0.00, ,99.5, 
2011/10/10,22:00,0.0, ,183110, ,0.00, ,0.00, ,99.5, 
2011/10/10,23:00,0.0, ,183170, ,2.68, ,0.00, ,99.5, 
2011/10/10,24:00,0.0, ,183170, ,13.39, ,0.00, ,99.5, 
2011/10/11,01:00,0.0, ,183170, ,0.00, ,0.00, ,99.5, 
2011/10/11,02:00,0.0, ,183170, ,0.00, ,0.00, ,99.5, 
2011/10/11,03:00,0.0, ,183170, ,0.00, ,0.00, ,99.5, 
2011/10/11,04:00,0.0, ,183230, ,2.42, ,0.00, ,99.5, 
2011/10/11,05:00,0.0, ,183230, ,13.69, ,0.00, ,99.5, 
2011/10/11,06:00,0.0, ,183230, ,0.00, ,0.00, ,99.5, 
2011/10/11,07:00,0.0, ,183230, ,0.00, ,0.00, ,99.5, 
2011/10/11,08:00,0.0, ,183230, ,0.00, ,0.00, ,99.5, 
2011/10/11,09:00,0.0, ,183290, ,0.81, ,0.00, ,99.6, 
2011/10/11,10:00,0.0, ,183290, ,15.30, ,0.00, ,99.6, 
2011/10/11,11:00,0.0, ,183290, ,0.00, ,0.00, ,99.6, 
2011/10/11,12:00,0.0, ,183340, ,13.15, ,0.00, ,99.6, 
2011/10/11,13:00,0.0, ,183400, ,7.25, ,0.00, ,99.6, 
2011/10/11,14:00,0.0, ,183400, ,11.81, ,0.00, ,99.6, 
2011/10/11,15:00,0.0, ,183460, ,6.44, ,0.00, ,99.7, 
2011/10/11,16:00,0.0, ,183460, ,9.67, ,0.00, ,99.7, 
2011/10/11,17:00,0.0, ,183520, ,12.91, ,1.50, ,99.7, 
2011/10/11,18:00,0.0, ,183520, ,13.92, ,22.50, ,99.7, 
2011/10/11,19:00,0.0, ,183400, ,21.59, ,41.50, ,99.6, 
2011/10/11,20:00,0.0, ,183400, ,7.71, ,0.00, ,99.6, 
2011/10/11,21:00,0.0, ,183400, ,0.00, ,0.00, ,99.6, 
2011/10/11,22:00,0.0, ,183400, ,0.00, ,0.00, ,99.6, 
2011/10/11,23:00,0.0, ,183460, ,10.74, ,0.00, ,99.7, 
2011/10/11,24:00,0.0, ,183460, ,5.37, ,0.00, ,99.7, 
2011/10/12,01:00,0.0, ,183460, ,0.00, ,0.00, ,99.7, 
2011/10/12,02:00,0.0, ,183460, ,0.00, ,0.00, ,99.7, 
2011/10/12,03:00,0.0, ,183460, ,0.00, ,0.00, ,99.7, 
2011/10/12,04:00,0.0, ,183520, ,9.67, ,0.00, ,99.7, 
2011/10/12,05:00,0.0, ,183520, ,6.44, ,0.00, ,99.7, 
2011/10/12,06:00,0.0, ,183520, ,0.00, ,0.00, ,99.7, 
2011/10/12,07:00,0.0, ,183520, ,0.00, ,0.00, ,99.7, 
2011/10/12,08:00,0.0, ,183520, ,0.00, ,0.00, ,99.7, 
2011/10/12,09:00,0.0, ,183520, ,0.00, ,0.00, ,99.7, 
2011/10/12,10:00,0.0, ,183580, ,13.16, ,0.00, ,99.8, 
2011/10/12,11:00,0.0, ,183580, ,2.95, ,0.00, ,99.8, 
2011/10/12,12:00,0.0, ,183630, ,15.05, ,0.00, ,99.8, 
2011/10/12,13:00,0.0, ,183690, ,1.88, ,0.00, ,99.8, 
2011/10/12,14:00,0.0, ,183690, ,15.31, ,0.00, ,99.8, 
2011/10/12,15:00,0.0, ,183750, ,8.60, ,0.00, ,99.9, 
2011/10/12,16:00,0.0, ,183750, ,7.52, ,0.00, ,99.9, 
2011/10/12,17:00,0.0, ,183810, ,11.31, ,1.60, ,99.9, 
2011/10/12,18:00,0.0, ,183810, ,14.76, ,20.80, ,99.9, 
2011/10/12,19:00,0.0, ,183690, ,22.81, ,48.30, ,99.8, 
2011/10/12,20:00,0.0, ,183630, ,8.33, ,27.20, ,99.8, 
2011/10/12,21:00,0.0, ,183630, ,7.13, ,0.00, ,99.8, 
2011/10/12,22:00,0.0, ,183630, ,0.00, ,0.00, ,99.8, 
2011/10/12,23:00,0.0, ,183630, ,0.00, ,0.00, ,99.8, 
2011/10/12,24:00,0.0, ,183630, ,0.00, ,0.00, ,99.8, 
2011/10/13,01:00,0.0, ,183630, ,0.00, ,0.00, ,99.8, 
2011/10/13,02:00,0.0, ,183630, ,0.00, ,0.00, ,99.8, 
2011/10/13,03:00,0.0, ,183690, ,7.79, ,0.00, ,99.8, 
2011/10/13,04:00,0.0, ,183690, ,8.33, ,0.00, ,99.8, 
2011/10/13,05:00,0.0, ,183690, ,0.00, ,0.00, ,99.8, 
2011/10/13,06:00,0.0, ,183690, ,0.00, ,0.00, ,99.8, 
2011/10/13,07:00,0.0, ,183690, ,0.00, ,0.00, ,99.8, 
2011/10/13,08:00,0.9, ,183690, ,0.00, ,0.00, ,99.8, 
2011/10/13,09:00,5.1, ,183750, ,14.78, ,0.00, ,99.9, 
2011/10/13,10:00,4.1, ,183810, ,11.28, ,0.00, ,99.9, 
2011/10/13,11:00,2.1, ,183870, ,9.14, ,0.00, ,99.9, 
2011/10/13,12:00,2.0, ,183870, ,13.17, ,0.00, ,99.9, 
2011/10/13,13:00,0.0, ,183920, ,15.05, ,0.00, ,100.0, 
2011/10/13,14:00,0.0, ,183980, ,14.79, ,0.00, ,100.0, 
2011/10/13,15:00,0.0, ,184040, ,5.38, ,0.00, ,100.0, 
2011/10/13,16:00,0.0, ,184040, ,13.17, ,0.00, ,100.0, 
2011/10/13,17:00,0.0, ,184100, ,11.33, ,1.90, ,100.0, 
2011/10/13,18:00,0.0, ,184100, ,16.98, ,24.30, ,100.0, 
2011/10/13,19:00,0.0, ,183980, ,21.91, ,47.90, ,100.0, 
2011/10/13,20:00,0.0, ,183870, ,12.56, ,39.30, ,99.9, 
2011/10/13,21:00,0.0, ,183870, ,8.99, ,0.00, ,99.9, 
2011/10/13,22:00,0.0, ,183870, ,0.00, ,0.00, ,99.9, 
2011/10/13,23:00,0.0, ,183870, ,0.00, ,0.00, ,99.9, 
2011/10/13,24:00,0.0, ,183870, ,0.00, ,0.00, ,99.9, 
2011/10/14,01:00,0.0, ,183920, ,9.68, ,0.00, ,100.0, 
2011/10/14,02:00,0.0, ,183920, ,6.45, ,0.00, ,100.0, 
2011/10/14,03:00,0.0, ,183920, ,0.00, ,0.00, ,100.0, 
2011/10/14,04:00,0.0, ,183920, ,0.00, ,0.00, ,100.0, 
2011/10/14,05:00,0.3, ,183980, ,2.96, ,0.00, ,100.0, 
2011/10/14,06:00,1.0, ,183980, ,13.17, ,0.00, ,100.0, 
2011/10/14,07:00,1.2, ,183980, ,0.00, ,0.00, ,100.0, 
2011/10/14,08:00,0.9, ,183980, ,0.00, ,0.00, ,100.0, 
2011/10/14,09:00,1.1, ,184040, ,12.64, ,0.00, ,100.0, 
2011/10/14,10:00,0.5, ,184100, ,12.37, ,0.00, ,100.0, 
2011/10/14,11:00,0.9, ,184160, ,10.22, ,0.00, ,100.0, 
2011/10/14,12:00,0.0, ,184160, ,13.18, ,0.00, ,100.0, 
2011/10/14,13:00,0.4, ,184210, ,8.61, ,0.00, ,100.0, 
2011/10/14,14:00,4.8, ,184330, ,21.79, ,0.00, ,100.0, 
2011/10/14,15:00,3.4, ,184390, ,19.38, ,0.00, ,100.0, 
2011/10/14,16:00,5.0, ,184450, ,20.73, ,0.00, ,100.0, 
2011/10/14,17:00,9.4, ,184620, ,36.88, ,0.00, ,100.0, 
2011/10/14,18:00,13.2, ,184850, ,54.68, ,0.00, ,100.0, 
2011/10/14,19:00,8.0, ,185200, ,76.00, ,0.00, ,100.0, 
2011/10/14,20:00,0.8, ,185380, ,69.31, ,0.00, ,100.0, 
2011/10/14,21:00,0.0, ,185610, ,55.59, ,0.00, ,100.0, 
2011/10/14,22:00,0.1, ,185960, ,85.33, ,0.00, ,100.0, 
2011/10/14,23:00,0.0, ,186250, ,91.89, ,0.00, ,100.0, 
2011/10/14,24:00,0.1, ,186430, ,66.81, ,0.00, ,100.0, 
2011/10/15,01:00,0.5, ,186660, ,59.00, ,0.00, ,100.0, 
2011/10/15,02:00,0.4, ,186840, ,48.20, ,0.00, ,100.0, 
2011/10/15,03:00,0.0, ,186960, ,45.51, ,0.00, ,100.0, 
2011/10/15,04:00,0.0, ,187070, ,34.14, ,0.00, ,100.0, 
2011/10/15,05:00,0.0, ,187190, ,39.04, ,0.00, ,100.0, 
2011/10/15,06:00,0.0, ,187310, ,29.29, ,0.00, ,100.0, 
2011/10/15,07:00,0.0, ,187420, ,36.35, ,0.00, ,100.0, 
2011/10/15,08:00,0.0, ,187540, ,26.05, ,0.00, ,100.0, 
2011/10/15,09:00,0.0, ,187600, ,25.24, ,0.00, ,100.0, 
2011/10/15,10:00,0.0, ,187720, ,28.77, ,0.00, ,100.0, 
2011/10/15,11:00,0.0, ,187830, ,24.16, ,0.00, ,100.0, 
2011/10/15,12:00,0.0, ,187890, ,26.07, ,0.00, ,100.0, 
2011/10/15,13:00,0.0, ,188010, ,26.08, ,0.00, ,100.0, 
2011/10/15,14:00,0.0, ,188070, ,23.64, ,0.00, ,100.0, 
2011/10/15,15:00,0.1, ,188130, ,20.93, ,0.00, ,100.0, 
2011/10/15,16:00,1.2, ,188190, ,13.86, ,0.00, ,100.0, 
2011/10/15,17:00,0.3, ,188250, ,19.84, ,0.00, ,100.0, 
2011/10/15,18:00,0.0, ,188300, ,13.87, ,0.00, ,100.0, 
2011/10/15,19:00,0.5, ,188360, ,19.85, ,0.00, ,100.0, 
2011/10/15,20:00,0.3, ,188420, ,13.33, ,0.00, ,100.0, 
2011/10/15,21:00,0.1, ,188480, ,8.43, ,0.00, ,100.0, 
2011/10/15,22:00,0.5, ,188540, ,16.87, ,0.00, ,100.0, 
2011/10/15,23:00,0.0, ,188600, ,19.87, ,0.00, ,100.0, 
2011/10/15,24:00,0.1, ,188600, ,8.44, ,0.00, ,100.0, 
2011/10/16,01:00,0.0, ,188660, ,13.34, ,0.00, ,100.0, 
2011/10/16,02:00,0.0, ,188720, ,8.98, ,0.00, ,100.0, 
2011/10/16,03:00,0.3, ,188720, ,10.34, ,0.00, ,100.0, 
2011/10/16,04:00,0.0, ,188770, ,7.35, ,0.00, ,100.0, 
2011/10/16,05:00,0.0, ,188770, ,8.99, ,0.00, ,100.0, 
2011/10/16,06:00,0.0, ,188770, ,0.00, ,0.00, ,100.0, 
2011/10/16,07:00,0.0, ,188830, ,13.89, ,0.00, ,100.0, 
2011/10/16,08:00,0.0, ,188830, ,2.45, ,0.00, ,100.0, 
2011/10/16,09:00,0.0, ,188890, ,6.54, ,0.00, ,100.0, 
2011/10/16,10:00,0.0, ,188890, ,9.80, ,0.00, ,100.0, 
2011/10/16,11:00,0.0, ,188950, ,15.25, ,0.00, ,100.0, 
2011/10/16,12:00,0.0, ,189010, ,14.71, ,0.00, ,100.0, 
2011/10/16,13:00,0.0, ,189070, ,15.78, ,0.00, ,100.0, 
2011/10/16,14:00,0.0, ,189130, ,15.78, ,0.00, ,100.0, 
2011/10/16,15:00,0.0, ,189190, ,14.97, ,0.00, ,100.0, 
2011/10/16,16:00,0.0, ,189250, ,15.24, ,0.00, ,100.0, 
2011/10/16,17:00,0.0, ,189300, ,15.79, ,0.00, ,100.0, 
2011/10/16,18:00,0.0, ,189360, ,15.52, ,0.00, ,100.0, 
2011/10/16,19:00,0.0, ,189420, ,14.43, ,0.00, ,100.0, 
2011/10/16,20:00,0.0, ,189480, ,19.06, ,0.00, ,100.0, 
2011/10/16,21:00,0.0, ,189540, ,12.80, ,0.00, ,100.0, 
2011/10/16,22:00,0.0, ,189600, ,12.54, ,0.00, ,100.0, 
2011/10/16,23:00,0.0, ,189600, ,14.17, ,0.00, ,100.0, 
2011/10/16,24:00,0.0, ,189660, ,12.81, ,0.00, ,100.0, 
2011/10/17,01:00,0.0, ,189720, ,12.26, ,0.00, ,100.0, 
2011/10/17,02:00,0.0, ,189720, ,7.63, ,0.00, ,100.0, 
2011/10/17,03:00,0.0, ,189770, ,2.45, ,0.00, ,100.0, 
2011/10/17,04:00,0.0, ,189770, ,13.91, ,0.00, ,100.0, 
2011/10/17,05:00,0.0, ,189830, ,3.27, ,0.00, ,100.0, 
2011/10/17,06:00,0.0, ,189830, ,13.09, ,0.00, ,100.0, 
2011/10/17,07:00,0.0, ,189830, ,0.00, ,0.00, ,100.0, 
2011/10/17,08:00,0.0, ,189890, ,12.54, ,0.00, ,100.0, 
2011/10/17,09:00,0.0, ,189890, ,3.82, ,0.00, ,100.0, 
2011/10/17,10:00,0.0, ,189950, ,13.37, ,0.00, ,100.0, 
2011/10/17,11:00,0.0, ,190010, ,12.82, ,0.00, ,100.0, 
2011/10/17,12:00,0.0, ,190070, ,9.55, ,0.00, ,100.0, 
2011/10/17,13:00,0.0, ,190130, ,15.28, ,0.00, ,100.0, 
2011/10/17,14:00,0.0, ,190130, ,14.47, ,0.00, ,100.0, 
2011/10/17,15:00,0.0, ,190190, ,13.10, ,0.00, ,100.0, 
2011/10/17,16:00,0.0, ,190250, ,19.70, ,2.60, ,100.0, 
2011/10/17,17:00,0.0, ,190250, ,14.81, ,30.40, ,100.0, 
2011/10/17,18:00,0.0, ,190130, ,25.51, ,58.70, ,100.0, 
2011/10/17,19:00,0.0, ,189950, ,18.76, ,58.50, ,100.0, 
2011/10/17,20:00,0.0, ,189830, ,18.22, ,36.60, ,100.0, 
2011/10/17,21:00,0.0, ,189830, ,6.99, ,0.00, ,100.0, 
2011/10/17,22:00,0.0, ,189890, ,6.54, ,0.00, ,100.0, 
2011/10/17,23:00,0.0, ,189950, ,12.55, ,0.00, ,100.0, 
2011/10/17,24:00,0.0, ,189950, ,9.00, ,0.00, ,100.0, 
2011/10/18,01:00,0.0, ,190010, ,9.28, ,0.00, ,100.0, 
2011/10/18,02:00,0.0, ,190010, ,7.09, ,0.00, ,100.0, 
2011/10/18,03:00,0.0, ,190010, ,0.00, ,0.00, ,100.0, 
2011/10/18,04:00,0.0, ,190070, ,16.37, ,0.00, ,100.0, 
2011/10/18,05:00,0.0, ,190070, ,0.00, ,0.00, ,100.0, 
2011/10/18,06:00,0.0, ,190130, ,7.37, ,0.00, ,100.0, 
2011/10/18,07:00,0.0, ,190130, ,9.01, ,0.00, ,100.0, 
2011/10/18,08:00,0.0, ,190130, ,0.00, ,0.00, ,100.0, 
2011/10/18,09:00,0.0, ,190190, ,13.10, ,0.00, ,100.0, 
2011/10/18,10:00,0.0, ,190250, ,4.91, ,0.00, ,100.0, 
2011/10/18,11:00,0.0, ,190250, ,14.74, ,0.00, ,100.0, 
2011/10/18,12:00,0.0, ,190310, ,13.11, ,0.00, ,100.0, 
2011/10/18,13:00,0.0, ,190360, ,11.20, ,0.00, ,100.0, 
2011/10/18,14:00,0.0, ,190360, ,8.47, ,0.00, ,100.0, 
2011/10/18,15:00,0.0, ,190420, ,12.57, ,0.00, ,100.0, 
2011/10/18,16:00,0.0, ,190480, ,12.61, ,2.80, ,100.0, 
2011/10/18,17:00,0.0, ,190480, ,22.45, ,30.20, ,100.0, 
2011/10/18,18:00,0.0, ,190310, ,25.74, ,58.40, ,100.0, 
2011/10/18,19:00,0.0, ,190190, ,15.68, ,58.40, ,100.0, 
2011/10/18,20:00,0.0, ,190070, ,13.69, ,39.00, ,100.0, 
2011/10/18,21:00,0.0, ,190070, ,10.15, ,0.00, ,100.0, 
2011/10/18,22:00,0.0, ,190070, ,0.00, ,0.00, ,100.0, 
2011/10/18,23:00,0.0, ,190130, ,6.28, ,0.00, ,100.0, 
2011/10/18,24:00,0.0, ,190130, ,10.10, ,0.00, ,100.0, 
2011/10/19,01:00,0.0, ,190190, ,7.10, ,0.00, ,100.0, 
2011/10/19,02:00,0.0, ,190190, ,9.28, ,0.00, ,100.0, 
2011/10/19,03:00,0.0, ,190190, ,0.00, ,0.00, ,100.0, 
2011/10/19,04:00,0.0, ,190190, ,0.00, ,0.00, ,100.0, 
2011/10/19,05:00,0.0, ,190250, ,1.37, ,0.00, ,100.0, 
2011/10/19,06:00,0.0, ,190250, ,15.02, ,0.00, ,100.0, 
2011/10/19,07:00,0.0, ,190250, ,0.00, ,0.00, ,100.0, 
2011/10/19,08:00,0.0, ,190310, ,9.56, ,0.00, ,100.0, 
2011/10/19,09:00,0.0, ,190310, ,6.83, ,0.00, ,100.0, 
2011/10/19,10:00,0.0, ,190360, ,13.93, ,0.00, ,100.0, 
2011/10/19,11:00,0.0, ,190420, ,9.56, ,0.00, ,100.0, 
2011/10/19,12:00,0.0, ,190480, ,13.39, ,0.00, ,100.0, 
2011/10/19,13:00,0.0, ,190480, ,12.29, ,0.00, ,100.0, 
2011/10/19,14:00,0.0, ,190540, ,13.67, ,0.00, ,100.0, 
2011/10/19,15:00,0.0, ,190600, ,5.19, ,0.00, ,100.0, 
2011/10/19,16:00,0.0, ,190600, ,13.99, ,2.90, ,100.0, 
2011/10/19,17:00,0.0, ,190600, ,14.82, ,30.60, ,100.0, 
2011/10/19,18:00,0.0, ,190480, ,27.09, ,58.40, ,100.0, 
2011/10/19,19:00,0.0, ,190310, ,14.05, ,58.80, ,100.0, 
2011/10/19,20:00,0.0, ,190190, ,11.21, ,11.90, ,100.0, 
2011/10/19,21:00,0.0, ,190190, ,9.85, ,0.00, ,100.0, 
2011/10/19,22:00,0.0, ,190190, ,0.00, ,0.00, ,100.0, 
2011/10/19,23:00,0.0, ,190190, ,0.00, ,0.00, ,100.0, 
2011/10/19,24:00,0.0, ,190190, ,0.00, ,0.00, ,100.0, 
2011/10/20,01:00,0.0, ,190250, ,9.83, ,0.00, ,100.0, 
2011/10/20,02:00,0.0, ,190250, ,6.55, ,0.00, ,100.0, 
2011/10/20,03:00,0.0, ,190250, ,0.00, ,0.00, ,100.0, 
2011/10/20,04:00,0.0, ,190310, ,2.73, ,0.00, ,100.0, 
2011/10/20,05:00,0.0, ,190310, ,13.66, ,0.00, ,100.0, 
2011/10/20,06:00,0.0, ,190310, ,0.00, ,0.00, ,100.0, 
2011/10/20,07:00,0.0, ,190310, ,0.00, ,0.00, ,100.0, 
2011/10/20,08:00,0.0, ,190310, ,0.00, ,0.00, ,100.0, 
2011/10/20,09:00,0.0, ,190310, ,0.00, ,0.00, ,100.0, 
2011/10/20,10:00,0.0, ,190360, ,11.75, ,0.00, ,100.0, 
2011/10/20,11:00,0.0, ,190420, ,8.74, ,0.00, ,100.0, 
2011/10/20,12:00,0.0, ,190420, ,12.29, ,0.00, ,100.0, 
2011/10/20,13:00,0.0, ,190480, ,9.56, ,0.00, ,100.0, 
2011/10/20,14:00,0.0, ,190480, ,6.83, ,0.00, ,100.0, 
2011/10/20,15:00,0.0, ,190540, ,16.45, ,2.80, ,100.0, 
2011/10/20,16:00,0.0, ,190540, ,14.83, ,30.70, ,100.0, 
2011/10/20,17:00,0.0, ,190420, ,31.21, ,58.70, ,100.0, 
2011/10/20,18:00,0.0, ,190250, ,17.58, ,58.60, ,100.0, 
2011/10/20,19:00,0.0, ,190130, ,15.16, ,58.40, ,100.0, 
2011/10/20,20:00,0.0, ,190010, ,12.18, ,32.60, ,99.9, 
2011/10/20,21:00,0.0, ,190010, ,4.83, ,0.00, ,99.9, 
2011/10/20,22:00,0.0, ,190010, ,0.00, ,0.00, ,99.9, 
2011/10/20,23:00,0.0, ,190070, ,6.28, ,0.00, ,99.9, 
2011/10/20,24:00,0.0, ,190070, ,10.09, ,0.00, ,100.0, 
2011/10/21,01:00,0.0, ,190070, ,0.00, ,0.00, ,100.0, 
2011/10/21,02:00,0.0, ,190070, ,0.00, ,0.00, ,100.0, 
2011/10/21,03:00,0.0, ,190130, ,9.01, ,0.00, ,100.0, 
2011/10/21,04:00,0.0, ,190130, ,7.37, ,0.00, ,100.0, 
2011/10/21,05:00,0.0, ,190130, ,0.00, ,0.00, ,100.0, 
2011/10/21,06:00,0.0, ,190130, ,0.00, ,0.00, ,100.0, 
2011/10/21,07:00,0.0, ,190130, ,0.00, ,0.00, ,100.0, 
2011/10/21,08:00,0.1, ,190190, ,4.91, ,0.00, ,100.0, 
2011/10/21,09:00,0.0, ,190190, ,11.47, ,0.00, ,100.0, 
2011/10/21,10:00,0.1, ,190190, ,0.00, ,0.00, ,100.0, 
2011/10/21,11:00,0.0, ,190250, ,12.83, ,0.00, ,100.0, 
2011/10/21,12:00,0.0, ,190310, ,11.20, ,0.00, ,100.0, 
2011/10/21,13:00,0.0, ,190360, ,12.29, ,0.00, ,100.0, 
2011/10/21,14:00,1.5, ,190360, ,12.84, ,0.00, ,100.0, 
2011/10/21,15:00,3.1, ,190420, ,15.87, ,1.40, ,100.0, 
2011/10/21,16:00,3.3, ,190480, ,24.33, ,22.20, ,100.0, 
2011/10/21,17:00,1.9, ,190360, ,17.91, ,30.60, ,100.0, 
2011/10/21,18:00,2.0, ,190250, ,10.13, ,58.40, ,100.0, 
2011/10/21,19:00,1.1, ,190070, ,15.22, ,48.30, ,100.0, 
2011/10/21,20:00,2.3, ,190010, ,10.03, ,25.20, ,100.0, 
2011/10/21,21:00,2.4, ,190010, ,3.22, ,0.00, ,100.0, 
2011/10/21,22:00,2.9, ,190070, ,5.46, ,0.00, ,100.0, 
2011/10/21,23:00,6.0, ,190070, ,10.91, ,0.00, ,100.0, 
2011/10/21,24:00,12.8, ,190190, ,17.75, ,0.00, ,100.0, 
2011/10/22,01:00,9.0, ,190250, ,24.84, ,0.00, ,100.0, 
2011/10/22,02:00,0.4, ,190360, ,27.04, ,0.00, ,100.0, 
2011/10/22,03:00,0.3, ,190480, ,28.96, ,0.00, ,100.0, 
2011/10/22,04:00,0.0, ,190660, ,38.81, ,0.00, ,100.0, 
2011/10/22,05:00,0.0, ,190840, ,49.49, ,0.00, ,100.0, 
2011/10/22,06:00,0.0, ,190950, ,46.50, ,0.00, ,100.0, 
2011/10/22,07:00,0.0, ,191130, ,37.50, ,0.00, ,100.0, 
2011/10/22,08:00,0.0, ,191190, ,32.58, ,0.00, ,100.0, 
2011/10/22,09:00,0.2, ,191310, ,27.68, ,0.70, ,100.0, 
2011/10/22,10:00,0.0, ,191370, ,32.06, ,18.10, ,100.0, 
2011/10/22,11:00,0.0, ,191370, ,28.98, ,26.40, ,100.0, 
2011/10/22,12:00,0.0, ,191370, ,26.39, ,26.30, ,100.0, 
2011/10/22,13:00,0.2, ,191370, ,26.39, ,26.40, ,100.0, 
2011/10/22,14:00,0.3, ,191310, ,19.25, ,29.00, ,100.0, 
2011/10/22,15:00,0.3, ,191310, ,19.86, ,26.40, ,100.0, 
2011/10/22,16:00,2.0, ,191250, ,16.86, ,26.60, ,100.0, 
2011/10/22,17:00,3.1, ,191250, ,19.56, ,26.70, ,100.0, 
2011/10/22,18:00,1.9, ,191250, ,27.52, ,28.90, ,100.0, 
2011/10/22,19:00,0.2, ,191250, ,28.09, ,26.60, ,100.0, 
2011/10/22,20:00,0.0, ,191190, ,16.58, ,26.50, ,100.0, 
2011/10/22,21:00,0.0, ,191190, ,19.84, ,25.10, ,100.0, 
2011/10/22,22:00,0.0, ,191190, ,13.14, ,0.00, ,100.0, 
2011/10/22,23:00,0.0, ,191190, ,0.00, ,0.00, ,100.0, 
2011/10/22,24:00,0.0, ,191250, ,6.85, ,0.00, ,100.0, 
2011/10/23,01:00,0.0, ,191250, ,9.58, ,0.00, ,100.0, 
2011/10/23,02:00,0.0, ,191310, ,8.77, ,0.00, ,100.0, 
2011/10/23,03:00,0.0, ,191310, ,7.67, ,0.00, ,100.0, 
2011/10/23,04:00,0.0, ,191370, ,10.41, ,0.00, ,100.0, 
2011/10/23,05:00,0.0, ,191370, ,6.03, ,0.00, ,100.0, 
2011/10/23,06:00,0.7, ,191430, ,1.10, ,0.00, ,100.0, 
2011/10/23,07:00,0.6, ,191430, ,15.34, ,0.00, ,100.0, 
2011/10/23,08:00,0.3, ,191430, ,0.02, ,1.10, ,100.0, 
2011/10/23,09:00,0.1, ,191430, ,9.04, ,17.90, ,100.0, 
2011/10/23,10:00,0.3, ,191430, ,18.04, ,18.00, ,100.0, 
2011/10/23,11:00,0.1, ,191430, ,20.09, ,22.50, ,100.0, 
2011/10/23,12:00,0.0, ,191370, ,21.31, ,30.80, ,100.0, 
2011/10/23,13:00,0.0, ,191250, ,17.67, ,58.30, ,100.0, 
2011/10/23,14:00,0.1, ,191070, ,19.55, ,58.50, ,99.9, 
2011/10/23,15:00,0.0, ,190950, ,17.93, ,58.50, ,99.8, 
2011/10/23,16:00,0.0, ,190840, ,19.08, ,58.50, ,99.7, 
2011/10/23,17:00,0.0, ,190660, ,15.56, ,58.90, ,99.6, 
2011/10/23,18:00,0.0, ,190540, ,18.32, ,58.70, ,99.6, 
2011/10/23,19:00,0.0, ,190360, ,18.09, ,58.50, ,99.4, 
2011/10/23,20:00,0.0, ,190250, ,18.68, ,57.30, ,99.4, 
2011/10/23,21:00,0.0, ,190190, ,15.64, ,30.30, ,99.3, 
2011/10/23,22:00,0.0, ,190190, ,13.50, ,0.00, ,99.3, 
2011/10/23,23:00,0.1, ,190190, ,0.00, ,0.00, ,99.3, 
2011/10/23,24:00,0.0, ,190250, ,12.83, ,0.00, ,100.0, 
2011/10/24,01:00,0.0, ,190310, ,13.66, ,0.00, ,100.0, 
2011/10/24,02:00,0.0, ,190310, ,6.28, ,0.00, ,100.0, 
2011/10/24,03:00,0.0, ,190360, ,3.82, ,0.00, ,100.0, 
2011/10/24,04:00,0.0, ,190360, ,12.57, ,0.00, ,100.0, 
2011/10/24,05:00,0.0, ,190420, ,3.28, ,0.00, ,100.0, 
2011/10/24,06:00,0.0, ,190420, ,13.11, ,0.00, ,100.0, 
2011/10/24,07:00,0.0, ,190480, ,3.82, ,0.00, ,100.0, 
2011/10/24,08:00,0.0, ,190480, ,12.57, ,0.00, ,100.0, 
2011/10/24,09:00,0.0, ,190540, ,4.97, ,3.10, ,100.0, 
2011/10/24,10:00,0.0, ,190540, ,26.28, ,29.10, ,100.0, 
2011/10/24,11:00,0.0, ,190360, ,11.79, ,48.50, ,100.0, 
2011/10/24,12:00,0.0, ,190310, ,18.37, ,40.00, ,100.0, 
2011/10/24,13:00,0.0, ,190310, ,16.23, ,3.80, ,100.0, 
2011/10/24,14:00,0.0, ,190310, ,14.86, ,30.80, ,100.0, 
2011/10/24,16:00,0.0, ,190010, ,20.90, ,55.70, ,99.8, 
2011/10/24,17:00,0.0, ,189830, ,15.45, ,58.60, ,99.7, 
2011/10/24,18:00,0.0, ,189720, ,16.88, ,55.80, ,99.7, 
2011/10/24,19:00,0.0, ,189600, ,18.51, ,57.00, ,99.6, 
2011/10/24,20:00,0.0, ,189480, ,14.82, ,30.50, ,99.5, 
2011/10/24,21:00,0.0, ,189480, ,3.66, ,0.00, ,99.5, 
2011/10/24,22:00,0.0, ,189540, ,1.91, ,0.00, ,99.6, 
2011/10/24,23:00,0.0, ,189600, ,19.07, ,0.00, ,99.6, 
2011/10/24,24:00,0.0, ,189600, ,11.72, ,0.00, ,100.0, 
2011/10/25,01:00,0.0, ,189660, ,16.08, ,0.00, ,100.0, 
2011/10/25,02:00,0.0, ,189720, ,1.91, ,0.00, ,100.0, 
2011/10/25,03:00,0.0, ,189720, ,14.72, ,0.00, ,100.0, 
2011/10/25,04:00,0.0, ,189720, ,0.00, ,0.00, ,100.0, 
2011/10/25,05:00,0.0, ,189770, ,11.72, ,0.00, ,100.0, 
2011/10/25,06:00,0.0, ,189770, ,4.64, ,0.00, ,100.0, 
2011/10/25,07:00,0.1, ,189830, ,8.18, ,0.00, ,100.0, 
2011/10/25,08:00,0.2, ,189830, ,8.18, ,0.00, ,100.0, 
2011/10/25,09:00,0.0, ,189830, ,0.00, ,0.00, ,100.0, 
2011/10/25,10:00,0.1, ,189890, ,15.32, ,3.00, ,100.0, 
2011/10/25,11:00,0.0, ,189890, ,15.23, ,27.90, ,100.0, 
2011/10/25,12:00,0.0, ,189830, ,27.20, ,29.50, ,100.0, 
2011/10/25,13:00,0.0, ,189830, ,14.31, ,30.90, ,100.0, 
2011/10/25,14:00,0.0, ,189660, ,14.94, ,58.90, ,100.0, 
2011/10/25,15:00,0.0, ,189480, ,16.43, ,58.80, ,99.9, 
2011/10/25,16:00,0.0, ,189360, ,16.21, ,59.00, ,99.8, 
2011/10/25,17:00,0.0, ,189190, ,14.73, ,58.80, ,99.7, 
2011/10/25,18:00,0.0, ,189070, ,16.76, ,50.60, ,99.7, 
2011/10/25,19:00,0.0, ,188890, ,15.60, ,58.90, ,99.6, 
2011/10/25,20:00,0.0, ,188830, ,14.28, ,35.00, ,99.5, 
2011/10/25,21:00,0.0, ,188770, ,4.77, ,0.00, ,99.5, 
2011/10/25,22:00,0.0, ,188830, ,13.89, ,0.00, ,99.5, 
2011/10/25,23:00,0.0, ,188890, ,8.99, ,0.00, ,99.6, 
2011/10/25,24:00,0.0, ,188950, ,15.25, ,0.00, ,100.0, 
2011/10/26,01:00,0.0, ,188950, ,10.89, ,0.00, ,100.0, 
2011/10/26,02:00,0.0, ,189010, ,3.82, ,0.00, ,100.0, 
2011/10/26,03:00,0.0, ,189010, ,12.54, ,0.00, ,100.0, 
2011/10/26,04:00,0.0, ,189010, ,0.00, ,0.00, ,100.0, 
2011/10/26,05:00,0.0, ,189070, ,3.54, ,0.00, ,100.0, 
2011/10/26,06:00,0.0, ,189070, ,12.78, ,0.00, ,100.0, 
2011/10/26,07:00,0.0, ,189130, ,4.13, ,3.00, ,100.0, 
2011/10/26,08:00,0.0, ,189070, ,20.00, ,29.20, ,100.0, 
2011/10/26,09:00,0.0, ,188950, ,7.81, ,29.60, ,100.0, 
2011/10/26,10:00,0.0, ,188890, ,6.06, ,29.10, ,100.0, 
2011/10/26,11:00,0.0, ,188830, ,13.83, ,29.00, ,99.9, 
2011/10/26,12:00,0.0, ,188770, ,12.15, ,29.30, ,99.9, 
2011/10/26,13:00,0.0, ,188720, ,16.34, ,34.20, ,99.9, 
2011/10/26,14:00,0.0, ,188600, ,15.69, ,58.90, ,99.8, 
2011/10/26,15:00,0.0, ,188420, ,14.46, ,58.90, ,99.7, 
2011/10/26,16:00,0.0, ,188250, ,18.32, ,58.90, ,99.6, 
2011/10/26,17:00,0.0, ,188130, ,13.74, ,58.70, ,99.5, 
2011/10/26,18:00,0.0, ,187950, ,15.13, ,58.70, ,99.4, 
2011/10/26,19:00,0.0, ,187780, ,17.03, ,57.80, ,99.3, 
2011/10/26,20:00,0.0, ,187720, ,14.74, ,32.20, ,99.2, 
2011/10/26,21:00,0.0, ,187660, ,11.69, ,32.00, ,99.2, 
2011/10/26,22:00,0.0, ,187600, ,11.98, ,32.10, ,99.1, 
2011/10/26,23:00,0.0, ,187540, ,17.59, ,30.80, ,99.1, 
2011/10/26,24:00,0.0, ,187540, ,9.29, ,0.00, ,100.0, 
2011/10/27,01:00,0.0, ,187540, ,0.00, ,0.00, ,100.0, 
2011/10/27,02:00,0.0, ,187540, ,0.00, ,0.00, ,100.0, 
2011/10/27,03:00,0.0, ,187540, ,0.00, ,0.00, ,100.0, 
2011/10/27,04:00,0.0, ,187540, ,0.00, ,0.00, ,100.0, 
2011/10/27,05:00,0.0, ,187600, ,16.02, ,0.00, ,100.0, 
2011/10/27,06:00,0.0, ,187600, ,0.27, ,0.00, ,100.0, 
2011/10/27,07:00,0.0, ,187660, ,13.85, ,0.00, ,100.0, 
2011/10/27,08:00,0.0, ,187660, ,2.47, ,1.30, ,100.0, 
2011/10/27,09:00,0.0, ,187660, ,9.15, ,18.00, ,100.0, 
2011/10/27,10:00,0.0, ,187600, ,22.93, ,29.30, ,100.0, 
2011/10/27,11:00,0.0, ,187540, ,12.74, ,40.70, ,100.0, 
2011/10/27,12:00,0.0, ,187370, ,15.63, ,57.40, ,99.9, 
2011/10/27,13:00,0.0, ,187310, ,14.82, ,33.80, ,99.9, 
2011/10/27,14:00,0.0, ,187190, ,15.41, ,58.90, ,99.8, 
2011/10/27,15:00,0.0, ,187010, ,15.63, ,59.00, ,99.7, 
2011/10/27,16:00,0.0, ,186840, ,15.69, ,59.10, ,99.6, 
2011/10/27,17:00,0.0, ,186660, ,18.16, ,59.20, ,99.4, 
2011/10/27,18:00,0.0, ,186550, ,15.17, ,58.80, ,99.4, 
2011/10/27,19:00,0.0, ,186370, ,15.25, ,58.90, ,99.3, 
2011/10/27,20:00,0.0, ,186250, ,16.18, ,43.60, ,99.2, 
2011/10/27,21:00,0.0, ,186200, ,10.57, ,32.20, ,99.2, 
2011/10/27,22:00,0.0, ,186140, ,11.54, ,32.00, ,99.1, 
2011/10/27,23:00,0.0, ,186080, ,8.08, ,21.40, ,99.1, 
2011/10/27,24:00,0.0, ,186080, ,7.10, ,0.00, ,100.0, 
2011/10/28,01:00,0.0, ,186080, ,0.00, ,0.00, ,100.0, 
2011/10/28,02:00,0.0, ,186080, ,0.00, ,0.00, ,100.0, 
2011/10/28,03:00,0.0, ,186140, ,0.27, ,0.00, ,100.0, 
2011/10/28,04:00,0.0, ,186140, ,15.95, ,0.00, ,100.0, 
2011/10/28,05:00,0.0, ,186140, ,0.00, ,0.00, ,100.0, 
2011/10/28,06:00,0.0, ,186140, ,0.00, ,0.00, ,100.0, 
2011/10/28,07:00,0.0, ,186200, ,13.54, ,1.00, ,100.0, 
2011/10/28,08:00,0.0, ,186200, ,11.85, ,17.80, ,100.0, 
2011/10/28,09:00,0.0, ,186140, ,14.93, ,30.80, ,100.0, 
2011/10/28,10:00,0.0, ,185960, ,8.38, ,59.20, ,99.9, 
2011/10/28,11:00,0.0, ,185790, ,16.42, ,59.20, ,99.8, 
2011/10/28,12:00,0.0, ,185670, ,17.06, ,58.00, ,99.7, 
2011/10/28,13:00,0.0, ,185550, ,14.63, ,33.90, ,99.7, 
2011/10/28,14:00,0.0, ,185440, ,13.03, ,59.00, ,99.6, 
2011/10/28,15:00,0.0, ,185260, ,17.44, ,59.00, ,99.5, 
2011/10/28,16:00,0.0, ,185090, ,16.37, ,59.30, ,99.4, 
2011/10/28,17:00,0.0, ,184970, ,13.64, ,59.10, ,99.3, 
2011/10/28,18:00,0.0, ,184800, ,15.69, ,59.40, ,99.2, 
2011/10/28,19:00,0.0, ,184620, ,14.43, ,57.90, ,99.1, 
2011/10/28,20:00,0.0, ,184560, ,13.71, ,32.30, ,99.0, 
2011/10/28,21:00,0.0, ,184510, ,16.87, ,32.40, ,99.0, 
2011/10/28,22:00,0.0, ,184390, ,7.68, ,29.40, ,98.9, 
2011/10/28,23:00,0.0, ,184330, ,6.54, ,29.40, ,98.9, 
2011/10/28,24:00,0.0, ,184270, ,14.68, ,25.20, ,100.0, 
2011/10/29,01:00,0.0, ,184270, ,2.71, ,0.00, ,100.0, 
2011/10/29,02:00,0.0, ,184270, ,0.00, ,0.00, ,100.0, 
2011/10/29,03:00,0.0, ,184270, ,0.00, ,0.00, ,100.0, 
2011/10/29,04:00,0.0, ,184330, ,3.23, ,0.00, ,100.0, 
2011/10/29,05:00,0.0, ,184330, ,12.92, ,0.00, ,100.0, 
2011/10/29,06:00,0.0, ,184330, ,0.00, ,0.00, ,100.0, 
2011/10/29,07:00,0.0, ,184390, ,9.45, ,1.60, ,100.0, 
2011/10/29,08:00,0.0, ,184390, ,17.59, ,21.60, ,100.0, 
2011/10/29,09:00,0.0, ,184330, ,12.31, ,21.10, ,100.0, 
2011/10/29,10:00,0.0, ,184270, ,4.44, ,21.00, ,100.0, 
2011/10/29,11:00,0.0, ,184210, ,11.77, ,21.10, ,100.0, 
2011/10/29,12:00,0.0, ,184210, ,9.11, ,21.40, ,100.0, 
2011/10/29,13:00,0.0, ,184210, ,10.71, ,2.60, ,100.0, 
2011/10/29,14:00,0.0, ,184210, ,9.94, ,19.60, ,100.0, 
2011/10/29,15:00,0.0, ,184160, ,12.28, ,22.30, ,99.9, 
2011/10/29,16:00,0.0, ,184160, ,13.98, ,19.90, ,99.9, 
2011/10/29,17:00,0.0, ,184100, ,13.91, ,29.70, ,99.9, 
2011/10/29,18:00,0.0, ,184040, ,12.00, ,30.90, ,99.9, 
2011/10/29,19:00,0.0, ,183870, ,13.26, ,58.50, ,99.7, 
2011/10/29,20:00,0.0, ,183750, ,13.92, ,32.30, ,99.7, 
2011/10/29,21:00,0.0, ,183750, ,6.96, ,22.80, ,99.7, 
2011/10/29,22:00,0.0, ,183750, ,11.41, ,0.00, ,99.7, 
2011/10/29,23:00,0.0, ,183750, ,0.00, ,0.00, ,99.7, 
2011/10/29,24:00,0.0, ,183750, ,0.00, ,0.00, ,100.0, 
2011/10/30,01:00,0.0, ,183810, ,13.43, ,0.00, ,100.0, 
2011/10/30,02:00,0.0, ,183810, ,2.69, ,0.00, ,100.0, 
2011/10/30,03:00,0.1, ,183870, ,7.26, ,0.00, ,100.0, 
2011/10/30,04:00,0.2, ,183870, ,8.87, ,0.00, ,100.0, 
2011/10/30,05:00,0.0, ,183870, ,0.00, ,0.00, ,100.0, 
2011/10/30,06:00,0.0, ,183920, ,11.83, ,0.00, ,100.0, 
2011/10/30,07:00,0.0, ,183920, ,4.30, ,0.00, ,100.0, 
2011/10/30,08:00,0.0, ,183980, ,2.15, ,0.00, ,100.0, 
2011/10/30,09:00,0.0, ,183980, ,13.98, ,0.00, ,100.0, 
2011/10/30,10:00,0.4, ,183980, ,0.00, ,0.00, ,100.0, 
2011/10/30,11:00,1.7, ,184040, ,13.71, ,0.00, ,100.0, 
2011/10/30,12:00,2.0, ,184100, ,13.99, ,0.00, ,100.0, 
2011/10/30,13:00,3.0, ,184160, ,18.29, ,0.00, ,100.0, 
2011/10/30,14:00,1.0, ,184210, ,15.87, ,0.00, ,100.0, 
2011/10/30,15:00,0.2, ,184270, ,11.30, ,0.00, ,100.0, 
2011/10/30,16:00,0.1, ,184330, ,18.88, ,2.60, ,100.0, 
2011/10/30,17:00,0.0, ,184330, ,19.88, ,31.00, ,100.0, 
2011/10/30,18:00,0.2, ,184160, ,19.68, ,59.70, ,100.0, 
2011/10/30,19:00,0.6, ,184040, ,18.53, ,58.50, ,100.0, 
2011/10/30,20:00,1.1, ,183920, ,6.49, ,33.00, ,100.0, 
2011/10/30,21:00,0.3, ,183870, ,14.57, ,25.20, ,100.0, 
2011/10/30,22:00,1.0, ,183870, ,4.69, ,0.00, ,100.0, 
2011/10/30,23:00,0.4, ,183920, ,13.44, ,0.00, ,100.0, 
2011/10/30,24:00,0.0, ,183920, ,2.69, ,0.00, ,0.0,$
2011/10/31,01:00,1.8, ,183980, ,16.13, ,0.00, ,0.0,$
2011/10/31,02:00,0.0, ,184040, ,0.54, ,0.00, ,100.0, 
2011/10/31,03:00,0.0, ,184040, ,15.59, ,0.00, ,0.0,$
2011/10/31,04:00,0.1, ,184040, ,0.00, ,0.00, ,0.0,$
2011/10/31,05:00,0.0, ,184040, ,0.00, ,0.00, ,100.0, 
2011/10/31,06:00,0.0, ,184100, ,11.57, ,0.00, ,100.0, 
2011/10/31,07:00,0.0, ,184100, ,4.57, ,0.00, ,100.0, 
2011/10/31,08:00,0.0, ,184160, ,5.38, ,0.00, ,100.0, 
2011/10/31,09:00,0.0, ,184160, ,10.76, ,0.00, ,100.0, 
2011/10/31,10:00,0.0, ,184210, ,10.49, ,0.00, ,100.0, 
2011/10/31,11:00,0.0, ,184270, ,14.80, ,0.00, ,100.0, 
2011/10/31,12:00,0.0, ,184330, ,12.65, ,0.00, ,100.0, 
2011/10/31,13:00,0.0, ,184390, ,20.72, ,0.00, ,100.0, 
2011/10/31,14:00,0.0, ,184390, ,5.92, ,0.00, ,0.0,$
2011/10/31,15:00,0.0, ,184450, ,13.51, ,2.80, ,0.0,$
2011/10/31,16:00,0.0, ,184450, ,17.72, ,29.50, ,100.0, 
2011/10/31,17:00,0.0, ,184390, ,21.90, ,30.80, ,100.0, 
2011/10/31,18:00,0.0, ,184210, ,13.99, ,59.30, ,100.0, 
2011/10/31,19:00,0.0, ,184040, ,14.95, ,53.20, ,100.0, 
2011/10/31,20:00,0.0, ,184040, ,13.14, ,28.00, ,100.0, 
2011/10/31,21:00,0.0, ,184040, ,14.14, ,0.00, ,100.0, 
2011/10/31,22:00,0.0, ,184040, ,0.00, ,0.00, ,100.0, 
2011/10/31,23:00,0.0, ,184040, ,0.00, ,0.00, ,100.0, 
2011/10/31,24:00,0.0, ,184100, ,15.60, ,0.00, ,100.0, 
