îCà”ä˙ä‘É_ÉÄèîó åüçıåãâ 
êÖånñº,ãgñÏêÏ
âÕêÏñº,ãgñÏêÏ
äœë™èäñº,ëÅñæâYÉ_ÉÄÅiã@ç\Åj
äœë™èäãLçÜ,1368080700010
#
#îNåéì˙,éûçè,ó¨àÊïΩãœâJó ,ó¨àÊïΩãœâJó ëÆê´,íôêÖó ,íôêÖó ëÆê´,ó¨ì¸ó ,ó¨ì¸ó ëÆê´,ï˙ó¨ó ,ï˙ó¨ó ëÆê´,íôêÖó¶,íôêÖó¶ëÆê´
#ëÆê´Å@$:åáë™ -:ñ¢éÛêM
#
2022/2/1,01:00,0.0, ,107960, ,0.88, ,16.44, ,72.3, 
2022/2/1,02:00,0.0, ,107920, ,2.50, ,16.44, ,72.3, 
2022/2/1,03:00,0.0, ,107880, ,3.11, ,16.44, ,72.2, 
2022/2/1,04:00,0.0, ,107830, ,4.12, ,16.44, ,72.2, 
2022/2/1,05:00,0.0, ,107790, ,2.72, ,16.44, ,72.2, 
2022/2/1,06:00,0.0, ,107740, ,4.53, ,16.44, ,72.1, 
2022/2/1,07:00,0.0, ,107700, ,1.70, ,16.42, ,72.1, 
2022/2/1,08:00,0.0, ,107660, ,4.52, ,16.42, ,72.0, 
2022/2/1,09:00,0.0, ,107570, ,2.91, ,16.42, ,71.9, 
2022/2/1,10:00,0.0, ,107530, ,0.09, ,0.00,#,71.9, 
2022/2/1,11:00,0.0, ,107480, ,1.50, ,0.00,#,71.9, 
2022/2/1,12:00,0.0, ,107480, ,8.16, ,0.00,#,71.9, 
2022/2/1,13:00,0.0, ,107440, ,4.73, ,0.00,#,71.8, 
2022/2/1,14:00,0.0, ,107440, ,16.02, ,0.00,#,71.8, 
2022/2/1,15:00,0.0, ,107400, ,4.73, ,0.00,#,71.8, 
2022/2/1,16:00,0.0, ,107350, ,14.20, ,0.00,#,71.7, 
2022/2/1,17:00,0.0, ,107310, ,2.32, ,16.42, ,71.7, 
2022/2/1,18:00,0.0, ,107270, ,7.96, ,16.42, ,71.7, 
2022/2/1,19:00,0.0, ,107270, ,4.54, ,16.42, ,71.7, 
2022/2/1,20:00,0.0, ,107220, ,7.36, ,16.42, ,71.6, 
2022/2/1,21:00,0.0, ,107130, ,0.00, ,16.40, ,71.5, 
2022/2/1,22:00,0.0, ,107090, ,1.51, ,16.40, ,71.5, 
2022/2/1,23:00,0.0, ,107050, ,3.32, ,16.40, ,71.4, 
2022/2/1,24:00,0.0, ,107000, ,3.53, ,16.40, ,71.4, 
2022/2/2,01:00,0.0, ,106960, ,6.55, ,16.40, ,71.4, 
2022/2/2,02:00,0.0, ,106920, ,4.14, ,16.40, ,71.3, 
2022/2/2,03:00,0.0, ,106870, ,2.13, ,16.40, ,71.3, 
2022/2/2,04:00,0.0, ,106830, ,4.34, ,16.40, ,71.2, 
2022/2/2,05:00,0.0, ,106790, ,1.94, ,16.40, ,71.2, 
2022/2/2,06:00,0.0, ,106740, ,6.16, ,16.40, ,71.1, 
2022/2/2,07:00,0.0, ,106700, ,0.33, ,16.40, ,71.1, 
2022/2/2,08:00,0.0, ,106610, ,4.14, ,16.38, ,71.0, 
2022/2/2,09:00,0.0, ,106570, ,1.53, ,16.38, ,71.0, 
2022/2/2,10:00,0.0, ,106530, ,3.54, ,16.38, ,70.9, 
2022/2/2,11:00,0.0, ,106480, ,1.33, ,16.38, ,70.9, 
2022/2/2,12:00,0.0, ,106440, ,6.95, ,16.38, ,70.9, 
2022/2/2,13:00,0.0, ,106440, ,8.56, ,16.38, ,70.9, 
2022/2/2,14:00,0.0, ,106400, ,10.37, ,16.38, ,70.8, 
2022/2/2,15:00,0.0, ,106400, ,10.37, ,16.38, ,70.8, 
2022/2/2,16:00,0.0, ,106350, ,8.16, ,16.38, ,70.8, 
2022/2/2,17:00,0.0, ,106310, ,7.96, ,16.38, ,70.7, 
2022/2/2,18:00,0.0, ,106270, ,7.36, ,16.38, ,70.7, 
2022/2/2,19:00,0.0, ,106270, ,5.96, ,16.38, ,70.7, 
2022/2/2,20:00,0.0, ,106180, ,4.56, ,16.38, ,70.6, 
2022/2/2,21:00,0.0, ,106140, ,2.76, ,16.36, ,70.6, 
2022/2/2,22:00,0.0, ,106090, ,1.95, ,16.36, ,70.5, 
2022/2/2,23:00,0.0, ,106050, ,5.75, ,16.36, ,70.5, 
2022/2/2,24:00,0.0, ,106010, ,1.55, ,16.36, ,70.4, 
2022/2/3,01:00,0.0, ,105960, ,4.75, ,16.36, ,70.4, 
2022/2/3,02:00,0.0, ,105920, ,1.55, ,16.36, ,70.4, 
2022/2/3,03:00,0.0, ,105880, ,4.56, ,16.36, ,70.3, 
2022/2/3,04:00,0.0, ,105840, ,1.36, ,16.36, ,70.3, 
2022/2/3,05:00,0.0, ,105750, ,0.76, ,16.36, ,70.2, 
2022/2/3,06:00,0.0, ,105710, ,0.57, ,16.36, ,70.2, 
2022/2/3,07:00,0.0, ,105660, ,4.97, ,16.36, ,70.1, 
2022/2/3,08:00,0.0, ,105620, ,4.57, ,16.36, ,70.1, 
2022/2/3,09:00,0.0, ,105580, ,3.17, ,16.34, ,70.0, 
2022/2/3,10:00,0.0, ,105530, ,1.57, ,16.34, ,70.0, 
2022/2/3,11:00,0.0, ,105490, ,2.53, ,17.31, ,69.9, 
2022/2/3,12:00,0.0, ,105450, ,5.73, ,17.31, ,69.9, 
2022/2/3,13:00,0.0, ,105400, ,14.52, ,17.31, ,69.9, 
2022/2/3,14:00,0.0, ,105400, ,7.14, ,17.31, ,69.9, 
2022/2/3,15:00,0.0, ,105360, ,6.54, ,17.31, ,69.8, 
2022/2/3,16:00,0.0, ,105320, ,8.93, ,17.31, ,69.8, 
2022/2/3,17:00,0.0, ,105270, ,8.53, ,17.31, ,69.7, 
2022/2/3,18:00,0.0, ,105230, ,7.14, ,17.31, ,69.7, 
2022/2/3,19:00,0.0, ,105190, ,6.75, ,17.31, ,69.7, 
2022/2/3,20:00,0.0, ,105150, ,3.76, ,17.31, ,69.6, 
2022/2/3,21:00,0.0, ,105100, ,4.35, ,17.30, ,69.6, 
2022/2/3,22:00,0.0, ,105060, ,2.36, ,17.29, ,69.5, 
2022/2/3,23:00,0.0, ,105020, ,2.75, ,17.29, ,69.5, 
2022/2/3,24:00,0.0, ,104970, ,6.34, ,17.29, ,69.4, 
2022/2/4,01:00,0.0, ,104890, ,0.00, ,17.29, ,69.4, 
2022/2/4,02:00,0.0, ,104840, ,3.76, ,17.29, ,69.3, 
2022/2/4,03:00,0.0, ,104800, ,2.37, ,17.29, ,69.3, 
2022/2/4,04:00,0.0, ,104720, ,2.96, ,17.29, ,69.2, 
2022/2/4,05:00,0.0, ,104670, ,1.58, ,17.29, ,69.2, 
2022/2/4,06:00,0.0, ,104630, ,2.97, ,17.28, ,69.1, 
2022/2/4,07:00,0.0, ,104590, ,3.37, ,17.28, ,69.1, 
2022/2/4,08:00,0.0, ,104540, ,5.16, ,17.27, ,69.0, 
2022/2/4,09:00,0.0, ,104460, ,2.17, ,17.27, ,69.0, 
2022/2/4,10:00,0.0, ,104410, ,1.77, ,17.27, ,68.9, 
2022/2/4,11:00,0.0, ,104370, ,1.58, ,17.27, ,68.9, 
2022/2/4,12:00,0.0, ,104330, ,5.96, ,17.27, ,68.8, 
2022/2/4,13:00,0.0, ,104330, ,8.93, ,17.27, ,68.8, 
2022/2/4,14:00,0.0, ,104290, ,14.09, ,17.27, ,68.8, 
2022/2/4,15:00,0.0, ,104240, ,4.57, ,17.27, ,68.7, 
2022/2/4,16:00,0.0, ,104240, ,9.33, ,17.27, ,68.7, 
2022/2/4,17:00,0.0, ,104200, ,8.14, ,17.26, ,68.7, 
2022/2/4,18:00,0.0, ,104160, ,5.18, ,15.31, ,68.7, 
2022/2/4,19:00,0.0, ,104110, ,6.19, ,15.31, ,68.6, 
2022/2/4,20:00,0.0, ,104070, ,6.19, ,15.31, ,68.6, 
2022/2/4,21:00,0.0, ,104030, ,1.03, ,15.30, ,68.5, 
2022/2/4,22:00,0.0, ,103990, ,3.41, ,15.29, ,68.5, 
2022/2/4,23:00,0.0, ,103940, ,3.60, ,15.29, ,68.5, 
2022/2/4,24:00,0.0, ,103900, ,0.63, ,15.29, ,68.4, 
2022/2/5,01:00,0.0, ,103860, ,3.01, ,15.29, ,68.4, 
2022/2/5,02:00,0.0, ,103820, ,0.64, ,15.29, ,68.3, 
2022/2/5,03:00,0.0, ,103770, ,2.62, ,15.29, ,68.3, 
2022/2/5,04:00,0.0, ,103730, ,3.81, ,15.29, ,68.3, 
2022/2/5,05:00,0.0, ,103640, ,1.24, ,15.29, ,68.2, 
2022/2/5,06:00,0.0, ,103600, ,2.83, ,15.29, ,68.1, 
2022/2/5,07:00,0.0, ,103600, ,5.79, ,15.29, ,68.1, 
2022/2/5,08:00,0.0, ,103520, ,0.65, ,15.28, ,68.0, 
2022/2/5,09:00,0.0, ,103470, ,4.81, ,15.28, ,68.0, 
2022/2/5,10:00,0.1, ,103470, ,3.22, ,15.28, ,68.0, 
2022/2/5,11:00,0.2, ,103430, ,2.82, ,14.30, ,68.0, 
2022/2/5,12:00,0.1, ,103390, ,9.15, ,14.28, ,67.9, 
2022/2/5,13:00,0.0, ,103430, ,9.74, ,14.30, ,68.0, 
2022/2/5,14:00,0.0, ,103350, ,8.95, ,14.28, ,67.9, 
2022/2/5,15:00,0.0, ,103350, ,7.17, ,14.28, ,67.9, 
2022/2/5,16:00,0.0, ,103300, ,5.99, ,14.28, ,67.8, 
2022/2/5,17:00,0.0, ,103260, ,7.17, ,14.28, ,67.8, 
2022/2/5,18:00,0.0, ,103260, ,6.18, ,14.28, ,67.8, 
2022/2/5,19:00,0.0, ,103220, ,5.59, ,14.28, ,67.8, 
2022/2/5,20:00,0.0, ,103170, ,0.46, ,14.28, ,67.7, 
2022/2/5,21:00,0.0, ,103130, ,5.60, ,14.28, ,67.7, 
2022/2/5,22:00,0.0, ,103090, ,5.60, ,14.28, ,67.6, 
2022/2/5,23:00,0.0, ,103050, ,2.44, ,14.28, ,67.6, 
2022/2/5,24:00,0.0, ,103000, ,0.08, ,14.28, ,67.5, 
2022/2/6,01:00,0.0, ,102960, ,5.41, ,14.28, ,67.5, 
2022/2/6,02:00,0.0, ,102920, ,0.00, ,14.28, ,67.5, 
2022/2/6,03:00,0.0, ,102880, ,3.04, ,14.28, ,67.4, 
2022/2/6,04:00,0.0, ,102830, ,0.00, ,14.26, ,67.4, 
2022/2/6,05:00,0.0, ,102790, ,5.59, ,14.26, ,67.3, 
2022/2/6,06:00,0.0, ,102750, ,2.05, ,14.26, ,67.3, 
2022/2/6,07:00,0.0, ,102710, ,5.20, ,14.26, ,67.3, 
2022/2/6,08:00,0.0, ,102660, ,4.02, ,14.26, ,67.2, 
2022/2/6,09:00,0.0, ,102660, ,3.63, ,14.26, ,67.2, 
2022/2/6,10:00,0.0, ,102580, ,2.66, ,13.25, ,67.1, 
2022/2/6,11:00,0.0, ,102540, ,0.00, ,13.25, ,67.1, 
2022/2/6,12:00,0.0, ,102490, ,2.03, ,13.25, ,67.1, 
2022/2/6,13:00,0.0, ,102490, ,7.94, ,13.25, ,67.1, 
2022/2/6,14:00,0.0, ,102490, ,7.15, ,13.25, ,67.1, 
2022/2/6,15:00,0.0, ,102490, ,13.25, ,13.25, ,67.1, 
2022/2/6,16:00,0.0, ,102450, ,8.14, ,13.25, ,67.0, 
2022/2/6,17:00,0.0, ,102410, ,5.58, ,13.25, ,67.0, 
2022/2/6,18:00,0.0, ,102410, ,2.43, ,13.25, ,67.0, 
2022/2/6,19:00,0.0, ,102370, ,8.33, ,13.24, ,66.9, 
2022/2/6,20:00,0.0, ,102320, ,4.79, ,13.24, ,66.9, 
2022/2/6,21:00,0.0, ,102320, ,3.02, ,13.24, ,66.9, 
2022/2/6,22:00,0.0, ,102280, ,2.63, ,13.24, ,66.9, 
2022/2/6,23:00,0.0, ,102240, ,4.00, ,13.23, ,66.8, 
2022/2/6,24:00,0.0, ,102200, ,0.26, ,13.23, ,66.8, 
2022/2/7,01:00,0.0, ,102150, ,3.21, ,13.23, ,66.7, 
2022/2/7,02:00,0.0, ,102110, ,2.24, ,13.23, ,66.7, 
2022/2/7,03:00,0.0, ,102070, ,4.59, ,13.23, ,66.7, 
2022/2/7,04:00,0.0, ,102030, ,3.22, ,13.23, ,66.6, 
2022/2/7,05:00,0.0, ,101980, ,0.86, ,13.23, ,66.6, 
2022/2/7,06:00,0.0, ,101940, ,2.24, ,13.23, ,66.5, 
2022/2/7,07:00,0.0, ,101940, ,3.03, ,13.23, ,66.5, 
2022/2/7,08:00,0.0, ,101900, ,2.44, ,13.23, ,66.5, 
2022/2/7,09:00,0.0, ,101860, ,2.64, ,13.23, ,66.5, 
2022/2/7,10:00,0.0, ,101820, ,3.62, ,13.23, ,66.4, 
2022/2/7,11:00,0.0, ,101770, ,3.63, ,13.23, ,66.4, 
2022/2/7,12:00,0.0, ,101770, ,6.76, ,13.23, ,66.4, 
2022/2/7,13:00,0.0, ,101730, ,3.04, ,13.23, ,66.3, 
2022/2/7,14:00,0.0, ,101730, ,11.66, ,13.23, ,66.3, 
2022/2/7,15:00,0.0, ,101690, ,9.31, ,13.22, ,66.3, 
2022/2/7,16:00,0.0, ,101690, ,5.38, ,13.22, ,66.3, 
2022/2/7,17:00,0.0, ,101650, ,9.50, ,13.21, ,66.3, 
2022/2/7,18:00,0.0, ,101650, ,5.18, ,13.21, ,66.3, 
2022/2/7,19:00,0.0, ,101600, ,5.57, ,13.21, ,66.2, 
2022/2/7,20:00,0.0, ,101560, ,0.87, ,13.21, ,66.2, 
2022/2/7,21:00,0.0, ,101520, ,3.03, ,13.21, ,66.1, 
2022/2/7,22:00,0.0, ,101480, ,3.81, ,13.21, ,66.1, 
2022/2/7,23:00,0.0, ,101430, ,4.01, ,13.21, ,66.0, 
2022/2/7,24:00,0.0, ,101430, ,3.23, ,13.21, ,66.0, 
2022/2/8,01:00,0.0, ,101390, ,1.86, ,13.21, ,66.0, 
2022/2/8,02:00,0.0, ,101350, ,3.43, ,13.21, ,66.0, 
2022/2/8,03:00,0.0, ,101310, ,0.11, ,13.21, ,65.9, 
2022/2/8,04:00,0.0, ,101270, ,2.07, ,13.21, ,65.9, 
2022/2/8,05:00,0.0, ,101220, ,4.22, ,13.21, ,65.8, 
2022/2/8,06:00,0.0, ,101180, ,4.02, ,13.21, ,65.8, 
2022/2/8,07:00,0.0, ,101140, ,0.00, ,13.21, ,65.8, 
2022/2/8,08:00,0.0, ,101100, ,3.44, ,13.20, ,65.7, 
2022/2/8,09:00,0.0, ,101050, ,2.85, ,13.20, ,65.7, 
2022/2/8,10:00,0.0, ,101010, ,3.43, ,13.19, ,65.6, 
2022/2/8,11:00,0.0, ,101010, ,3.43, ,13.19, ,65.6, 
2022/2/8,12:00,0.0, ,100970, ,1.87, ,13.19, ,65.6, 
2022/2/8,13:00,0.1, ,100970, ,12.80, ,13.19, ,65.6, 
2022/2/8,14:00,0.0, ,100930, ,6.36, ,13.19, ,65.6, 
2022/2/8,15:00,0.0, ,100930, ,8.31, ,13.19, ,65.6, 
2022/2/8,16:00,0.0, ,100930, ,13.19, ,13.19, ,65.6, 
2022/2/8,17:00,0.0, ,100890, ,2.26, ,13.19, ,65.5, 
2022/2/8,18:00,0.1, ,100840, ,8.90, ,13.19, ,65.5, 
2022/2/8,19:00,0.0, ,100840, ,4.99, ,13.19, ,65.5, 
2022/2/8,20:00,0.0, ,100800, ,3.44, ,13.19, ,65.4, 
2022/2/8,21:00,0.0, ,100760, ,5.20, ,13.19, ,65.4, 
2022/2/8,22:00,0.0, ,100720, ,1.88, ,13.19, ,65.4, 
2022/2/8,23:00,0.0, ,100680, ,4.03, ,13.19, ,65.3, 
2022/2/8,24:00,0.0, ,100630, ,2.47, ,13.19, ,65.3, 
2022/2/9,01:00,0.0, ,100590, ,2.86, ,13.19, ,65.2, 
2022/2/9,02:00,0.0, ,100550, ,1.31, ,13.19, ,65.2, 
2022/2/9,03:00,0.0, ,100550, ,2.47, ,13.19, ,65.2, 
2022/2/9,04:00,0.0, ,100510, ,3.06, ,13.18, ,65.2, 
2022/2/9,05:00,0.0, ,100460, ,1.50, ,13.18, ,65.1, 
2022/2/9,06:00,0.0, ,100420, ,4.42, ,13.18, ,65.1, 
2022/2/9,07:00,0.1, ,100380, ,4.23, ,13.18, ,65.0, 
2022/2/9,08:00,0.0, ,100340, ,2.08, ,13.17, ,65.0, 
2022/2/9,09:00,0.0, ,100300, ,1.88, ,13.17, ,65.0, 
2022/2/9,10:00,0.0, ,100250, ,2.28, ,13.17, ,64.9, 
2022/2/9,11:00,0.0, ,100210, ,0.00, ,13.17, ,64.9, 
2022/2/9,12:00,0.1, ,100210, ,6.36, ,13.17, ,64.9, 
2022/2/9,13:00,0.0, ,100210, ,13.17, ,13.17, ,64.9, 
2022/2/9,14:00,0.0, ,100170, ,1.89, ,13.17, ,64.8, 
2022/2/9,15:00,0.0, ,100130, ,11.23, ,13.17, ,64.8, 
2022/2/9,16:00,0.0, ,100130, ,3.06, ,13.17, ,64.8, 
2022/2/9,17:00,0.0, ,100130, ,13.09, ,12.16, ,64.8, 
2022/2/9,18:00,0.0, ,100090, ,10.58, ,12.16, ,64.8, 
2022/2/9,19:00,0.0, ,100090, ,2.25, ,12.16, ,64.8, 
2022/2/9,20:00,0.0, ,100040, ,6.33, ,12.16, ,64.7, 
2022/2/9,21:00,0.0, ,100000, ,3.42, ,12.16, ,64.7, 
2022/2/9,22:00,0.0, ,100000, ,3.42, ,12.16, ,64.7, 
2022/2/9,23:00,0.0, ,99960, ,0.70, ,12.16, ,64.6, 
2022/2/9,24:00,0.0, ,99920, ,4.39, ,12.16, ,64.6, 
2022/2/10,01:00,0.0, ,99880, ,0.90, ,12.16, ,64.5, 
2022/2/10,02:00,0.0, ,99830, ,3.03, ,12.16, ,64.5, 
2022/2/10,03:00,0.0, ,99790, ,4.20, ,12.16, ,64.5, 
2022/2/10,04:00,0.5, ,99790, ,1.49, ,12.16, ,64.5, 
2022/2/10,05:00,0.2, ,99750, ,2.46, ,12.16, ,64.4, 
2022/2/10,06:00,0.1, ,99710, ,6.53, ,12.16, ,64.4, 
2022/2/10,07:00,0.2, ,99670, ,4.01, ,12.14, ,64.3, 
2022/2/10,08:00,0.2, ,99670, ,0.70, ,12.14, ,64.3, 
2022/2/10,09:00,0.2, ,99630, ,3.81, ,12.14, ,64.3, 
2022/2/10,10:00,0.4, ,99580, ,5.16, ,12.14, ,64.3, 
2022/2/10,11:00,0.3, ,99580, ,4.19, ,12.14, ,64.3, 
2022/2/10,12:00,0.0, ,99540, ,0.90, ,12.14, ,64.2, 
2022/2/10,13:00,0.1, ,99540, ,11.75, ,12.14, ,64.2, 
2022/2/10,14:00,0.1, ,99540, ,12.14, ,12.14, ,64.2, 
2022/2/10,15:00,0.1, ,99500, ,5.55, ,12.14, ,64.2, 
2022/2/10,16:00,0.0, ,99500, ,7.10, ,12.14, ,64.2, 
2022/2/10,17:00,0.0, ,99500, ,11.36, ,10.87, ,64.2, 
2022/2/10,18:00,0.0, ,99460, ,5.64, ,10.87, ,64.1, 
2022/2/10,19:00,0.0, ,99460, ,4.48, ,10.87, ,64.1, 
2022/2/10,20:00,0.0, ,99420, ,8.55, ,10.87, ,64.1, 
2022/2/10,21:00,0.0, ,99420, ,1.57, ,10.87, ,64.1, 
2022/2/10,22:00,0.0, ,99370, ,2.93, ,10.87, ,64.1, 
2022/2/10,23:00,0.0, ,99330, ,2.16, ,10.86, ,64.0, 
2022/2/10,24:00,0.0, ,99290, ,2.92, ,10.86, ,64.0, 
2022/2/11,01:00,0.0, ,99290, ,0.60, ,10.86, ,64.0, 
2022/2/11,02:00,0.0, ,99250, ,0.80, ,10.86, ,63.9, 
2022/2/11,03:00,0.0, ,99210, ,5.25, ,10.86, ,63.9, 
2022/2/11,04:00,0.0, ,99170, ,2.35, ,10.86, ,63.9, 
2022/2/11,05:00,0.0, ,99170, ,0.22, ,10.86, ,63.9, 
2022/2/11,06:00,0.0, ,99120, ,1.77, ,10.86, ,63.8, 
2022/2/11,07:00,0.0, ,99080, ,4.48, ,10.86, ,63.8, 
2022/2/11,08:00,0.0, ,99040, ,1.00, ,10.86, ,63.7, 
2022/2/11,09:00,0.0, ,99000, ,0.03, ,10.86, ,63.7, 
2022/2/11,10:00,0.0, ,99000, ,0.61, ,10.86, ,63.7, 
2022/2/11,11:00,0.0, ,98960, ,1.97, ,10.85, ,63.7, 
2022/2/11,12:00,0.1, ,98960, ,8.15, ,10.85, ,63.7, 
2022/2/11,13:00,0.1, ,98960, ,10.85, ,10.85, ,63.7, 
2022/2/11,14:00,0.0, ,98910, ,2.74, ,10.85, ,63.6, 
2022/2/11,15:00,0.0, ,98910, ,7.37, ,10.85, ,63.6, 
2022/2/11,16:00,0.0, ,98910, ,10.85, ,10.85, ,63.6, 
2022/2/11,17:00,0.0, ,98910, ,10.85, ,10.85, ,63.6, 
2022/2/11,18:00,0.0, ,98870, ,1.00, ,10.85, ,63.6, 
2022/2/11,19:00,0.0, ,98830, ,8.73, ,10.85, ,63.5, 
2022/2/11,20:00,0.0, ,98830, ,0.00, ,10.85, ,63.5, 
2022/2/11,21:00,0.0, ,98790, ,4.48, ,10.85, ,63.5, 
2022/2/11,22:00,0.0, ,98750, ,2.74, ,10.85, ,63.5, 
2022/2/11,23:00,0.0, ,98750, ,2.17, ,10.85, ,63.5, 
2022/2/11,24:00,0.0, ,98710, ,1.97, ,10.85, ,63.4, 
2022/2/12,01:00,0.0, ,98660, ,2.94, ,10.85, ,63.4, 
2022/2/12,02:00,0.0, ,98620, ,1.97, ,10.85, ,63.3, 
2022/2/12,03:00,0.0, ,98620, ,1.79, ,10.85, ,63.3, 
2022/2/12,04:00,0.0, ,98580, ,0.00, ,10.84, ,63.3, 
2022/2/12,05:00,0.0, ,98540, ,1.97, ,10.84, ,63.3, 
2022/2/12,06:00,0.0, ,98500, ,2.36, ,10.84, ,63.2, 
2022/2/12,07:00,0.0, ,98460, ,1.01, ,10.84, ,63.2, 
2022/2/12,08:00,0.0, ,98410, ,2.36, ,10.84, ,63.1, 
2022/2/12,09:00,0.0, ,98410, ,0.00, ,10.84, ,63.1, 
2022/2/12,10:00,0.0, ,98370, ,1.98, ,10.84, ,63.1, 
2022/2/12,11:00,0.0, ,98370, ,8.51, ,11.74, ,63.1, 
2022/2/12,12:00,0.1, ,98330, ,6.15, ,11.74, ,63.1, 
2022/2/12,13:00,0.0, ,98290, ,4.03, ,11.74, ,63.0, 
2022/2/12,14:00,0.0, ,98290, ,1.92, ,11.74, ,63.0, 
2022/2/12,15:00,0.0, ,98250, ,4.81, ,11.74, ,63.0, 
2022/2/12,16:00,0.0, ,98210, ,0.00, ,11.74, ,62.9, 
2022/2/12,17:00,0.0, ,98170, ,2.69, ,11.74, ,62.9, 
2022/2/12,18:00,0.0, ,98120, ,2.70, ,11.73, ,62.9, 
2022/2/12,19:00,0.0, ,98080, ,2.50, ,11.73, ,62.8, 
2022/2/12,20:00,0.0, ,98080, ,1.34, ,11.73, ,62.8, 
2022/2/12,21:00,0.0, ,98040, ,1.34, ,11.73, ,62.8, 
2022/2/12,22:00,0.0, ,98000, ,1.73, ,11.73, ,62.7, 
2022/2/12,23:00,0.0, ,97960, ,0.00, ,11.73, ,62.7, 
2022/2/12,24:00,0.0, ,97920, ,2.89, ,11.73, ,62.7, 
2022/2/13,01:00,0.0, ,97870, ,3.27, ,11.73, ,62.6, 
2022/2/13,02:00,0.0, ,97870, ,5.00, ,11.73, ,62.6, 
2022/2/13,03:00,0.0, ,97870, ,11.73, ,11.73, ,62.6, 
2022/2/13,04:00,0.0, ,97830, ,7.50, ,11.73, ,62.6, 
2022/2/13,05:00,0.8, ,97830, ,4.43, ,11.73, ,62.6, 
2022/2/13,06:00,0.3, ,97830, ,11.73, ,11.73, ,62.6, 
2022/2/13,07:00,0.5, ,97790, ,8.27, ,11.73, ,62.5, 
2022/2/13,08:00,1.2, ,97790, ,3.67, ,11.73, ,62.5, 
2022/2/13,09:00,1.1, ,97790, ,11.73, ,11.73, ,62.5, 
2022/2/13,10:00,0.8, ,97790, ,12.10, ,12.61, ,62.5, 
2022/2/13,11:00,0.8, ,97790, ,12.61, ,12.61, ,62.5, 
2022/2/13,12:00,1.0, ,97750, ,2.24, ,12.61, ,62.5, 
2022/2/13,13:00,1.0, ,97710, ,10.11, ,12.61, ,62.5, 
2022/2/13,14:00,0.8, ,97710, ,2.43, ,12.61, ,62.5, 
2022/2/13,15:00,0.7, ,97670, ,1.46, ,10.82, ,62.4, 
2022/2/13,16:00,1.0, ,97630, ,3.15, ,10.82, ,62.4, 
2022/2/13,17:00,0.8, ,97630, ,5.64, ,10.82, ,62.4, 
2022/2/13,18:00,0.6, ,97580, ,0.46, ,10.82, ,62.3, 
2022/2/13,19:00,0.4, ,97580, ,8.88, ,8.97, ,62.3, 
2022/2/13,20:00,0.6, ,97540, ,0.00, ,8.97, ,62.3, 
2022/2/13,21:00,0.0, ,97540, ,7.82, ,8.97, ,62.3, 
2022/2/13,22:00,0.3, ,97500, ,5.52, ,8.97, ,62.3, 
2022/2/13,23:00,0.0, ,97500, ,0.91, ,8.97, ,62.3, 
2022/2/13,24:00,0.0, ,97500, ,8.97, ,8.97, ,62.3, 
2022/2/14,01:00,0.0, ,97500, ,8.97, ,8.97, ,62.3, 
2022/2/14,02:00,0.0, ,97500, ,8.97, ,8.97, ,62.3, 
2022/2/14,03:00,0.0, ,97460, ,1.50, ,8.97, ,62.2, 
2022/2/14,04:00,0.0, ,97460, ,4.95, ,8.97, ,62.2, 
2022/2/14,05:00,0.0, ,97420, ,7.05, ,8.96, ,62.2, 
2022/2/14,06:00,0.0, ,97420, ,0.00, ,8.96, ,62.2, 
2022/2/14,07:00,0.0, ,97380, ,5.32, ,8.96, ,62.1, 
2022/2/14,08:00,0.0, ,97380, ,1.10, ,8.96, ,62.1, 
2022/2/14,09:00,0.0, ,97340, ,1.29, ,8.96, ,62.1, 
2022/2/14,10:00,0.2, ,97340, ,5.13, ,8.96, ,62.1, 
2022/2/14,11:00,0.3, ,97290, ,1.30, ,8.96, ,62.1, 
2022/2/14,12:00,0.1, ,97290, ,5.13, ,8.96, ,62.1, 
2022/2/14,13:00,0.3, ,97290, ,8.96, ,8.96, ,62.1, 
2022/2/14,14:00,0.6, ,97290, ,8.96, ,8.96, ,62.1, 
2022/2/14,15:00,0.0, ,97290, ,8.96, ,8.96, ,62.1, 
2022/2/14,16:00,0.0, ,97290, ,8.96, ,8.96, ,62.1, 
2022/2/14,17:00,0.0, ,97290, ,8.96, ,8.96, ,62.1, 
2022/2/14,18:00,0.0, ,97290, ,9.51, ,9.89, ,62.1, 
2022/2/14,19:00,0.0, ,97290, ,9.89, ,9.89, ,62.1, 
2022/2/14,20:00,0.0, ,97290, ,9.89, ,9.89, ,62.1, 
2022/2/14,21:00,0.0, ,97290, ,9.89, ,9.89, ,62.1, 
2022/2/14,22:00,0.0, ,97290, ,9.89, ,9.89, ,62.1, 
2022/2/14,23:00,0.0, ,97250, ,8.36, ,9.89, ,62.0, 
2022/2/14,24:00,0.0, ,97250, ,0.00, ,9.89, ,62.0, 
2022/2/15,01:00,0.0, ,97250, ,9.89, ,9.89, ,62.0, 
2022/2/15,02:00,0.0, ,97210, ,5.29, ,9.89, ,62.0, 
2022/2/15,03:00,0.0, ,97210, ,3.00, ,9.89, ,62.0, 
2022/2/15,04:00,0.0, ,97170, ,2.61, ,9.89, ,61.9, 
2022/2/15,05:00,0.0, ,97170, ,5.68, ,9.89, ,61.9, 
2022/2/15,06:00,0.0, ,97130, ,0.32, ,9.89, ,61.9, 
2022/2/15,07:00,0.0, ,97090, ,1.66, ,9.89, ,61.9, 
2022/2/15,08:00,0.1, ,97090, ,4.72, ,9.89, ,61.9, 
2022/2/15,09:00,0.0, ,97050, ,1.28, ,9.89, ,61.8, 
2022/2/15,10:00,0.1, ,97010, ,1.66, ,9.89, ,61.8, 
2022/2/15,11:00,0.0, ,96960, ,0.00, ,10.80, ,61.7, 
2022/2/15,12:00,0.1, ,96960, ,3.92, ,10.80, ,61.7, 
2022/2/15,13:00,0.0, ,96960, ,10.80, ,10.80, ,61.7, 
2022/2/15,14:00,0.0, ,96960, ,10.80, ,10.80, ,61.7, 
2022/2/15,15:00,0.0, ,96960, ,10.80, ,10.80, ,61.7, 
2022/2/15,16:00,0.0, ,96960, ,10.80, ,10.80, ,61.7, 
2022/2/15,17:00,0.0, ,96960, ,10.80, ,10.80, ,61.7, 
2022/2/15,18:00,0.0, ,96960, ,10.80, ,10.80, ,61.7, 
2022/2/15,19:00,0.0, ,96960, ,10.80, ,10.80, ,61.7, 
2022/2/15,20:00,0.0, ,96920, ,0.09, ,10.80, ,61.7, 
2022/2/15,21:00,0.0, ,96880, ,3.54, ,10.80, ,61.7, 
2022/2/15,22:00,0.0, ,96840, ,0.29, ,10.80, ,61.6, 
2022/2/15,23:00,0.0, ,96800, ,3.92, ,10.80, ,61.6, 
2022/2/15,24:00,0.0, ,96800, ,0.30, ,10.80, ,61.6, 
2022/2/16,01:00,0.0, ,96760, ,5.26, ,10.79, ,61.5, 
2022/2/16,02:00,0.0, ,96720, ,2.96, ,10.79, ,61.5, 
2022/2/16,03:00,0.0, ,96720, ,1.24, ,10.79, ,61.5, 
2022/2/16,04:00,0.0, ,96670, ,1.62, ,10.79, ,61.5, 
2022/2/16,05:00,0.0, ,96630, ,2.58, ,10.79, ,61.4, 
2022/2/16,06:00,0.0, ,96590, ,4.68, ,10.79, ,61.4, 
2022/2/16,07:00,0.0, ,96550, ,0.00, ,10.79, ,61.3, 
2022/2/16,08:00,0.0, ,96550, ,0.00, ,10.79, ,61.3, 
2022/2/16,09:00,0.0, ,96510, ,7.36, ,10.79, ,61.3, 
2022/2/16,10:00,0.0,-,96470, ,2.39, ,10.79, ,61.3, 
2022/2/16,11:00,0.0,-,96470, ,0.00, ,10.79, ,61.3, 
2022/2/16,12:00,0.0,-,96430, ,5.07, ,10.79, ,61.2, 
2022/2/16,13:00,0.0,-,96430, ,5.07, ,10.79, ,61.2, 
2022/2/16,14:00,0.0,-,96430, ,10.79, ,10.79, ,61.2, 
2022/2/16,15:00,0.0,-,96430, ,10.79, ,10.79, ,61.2, 
2022/2/16,16:00,0.0, ,96430, ,10.79, ,10.79, ,61.2, 
2022/2/16,17:00,0.0, ,96390, ,6.21, ,10.78, ,61.2, 
2022/2/16,18:00,0.0, ,96390, ,3.92, ,10.78, ,61.2, 
2022/2/16,19:00,0.0, ,96350, ,10.21, ,10.78, ,61.2, 
2022/2/16,20:00,0.0, ,96350, ,0.00, ,10.78, ,61.2, 
2022/2/16,21:00,0.0, ,96300, ,2.97, ,10.78, ,61.1, 
2022/2/16,22:00,0.0, ,96300, ,7.16, ,10.78, ,61.1, 
2022/2/16,23:00,0.0, ,96260, ,0.00, ,10.78, ,61.1, 
2022/2/16,24:00,0.0, ,96220, ,0.68, ,10.78, ,61.0, 
2022/2/17,01:00,0.0, ,96180, ,7.92, ,10.78, ,61.0, 
2022/2/17,02:00,0.0, ,96180, ,0.68, ,10.78, ,61.0, 
2022/2/17,03:00,0.0, ,96100, ,0.88, ,10.78, ,60.9, 
2022/2/17,04:00,0.0, ,96100, ,0.00, ,10.78, ,60.9, 
2022/2/17,05:00,0.0, ,96060, ,4.88, ,10.78, ,60.9, 
2022/2/17,06:00,0.1, ,96020, ,0.31, ,10.77, ,60.8, 
2022/2/17,07:00,0.1, ,95980, ,2.02, ,10.77, ,60.8, 
2022/2/17,08:00,0.0, ,95930, ,2.02, ,10.77, ,60.8, 
2022/2/17,09:00,0.0, ,95930, ,2.78, ,10.77, ,60.8, 
2022/2/17,10:00,0.0, ,95890, ,4.68, ,10.77, ,60.7, 
2022/2/17,11:00,0.2, ,95890, ,1.25, ,11.67, ,60.7, 
2022/2/17,12:00,0.0, ,95850, ,1.78, ,11.67, ,60.7, 
2022/2/17,13:00,0.1, ,95850, ,10.91, ,11.67, ,60.7, 
2022/2/17,14:00,0.0, ,95810, ,8.44, ,11.67, ,60.6, 
2022/2/17,15:00,0.0, ,95810, ,3.50, ,11.67, ,60.6, 
2022/2/17,16:00,0.0, ,95810, ,11.67, ,11.67, ,60.6, 
2022/2/17,17:00,0.0, ,95810, ,11.15, ,10.77, ,60.6, 
2022/2/17,18:00,0.0, ,95770, ,6.40, ,10.77, ,60.6, 
2022/2/17,19:00,0.0, ,95770, ,3.74, ,10.77, ,60.6, 
2022/2/17,20:00,0.0, ,95730, ,5.26, ,10.77, ,60.6, 
2022/2/17,21:00,0.0, ,95730, ,4.88, ,10.77, ,60.6, 
2022/2/17,22:00,0.0, ,95690, ,1.46, ,10.76, ,60.5, 
2022/2/17,23:00,0.0, ,95650, ,2.79, ,10.76, ,60.5, 
2022/2/17,24:00,0.0, ,95610, ,0.51, ,10.76, ,60.4, 
2022/2/18,01:00,0.0, ,95560, ,3.36, ,10.76, ,60.4, 
2022/2/18,02:00,0.0, ,95560, ,0.13, ,10.76, ,60.4, 
2022/2/18,03:00,0.0, ,95520, ,1.46, ,10.76, ,60.4, 
2022/2/18,04:00,0.0, ,95480, ,3.36, ,10.76, ,60.3, 
2022/2/18,05:00,0.0, ,95440, ,1.85, ,10.76, ,60.3, 
2022/2/18,06:00,0.0, ,95440, ,2.23, ,10.76, ,60.3, 
2022/2/18,07:00,0.0, ,95400, ,2.60, ,10.76, ,60.2, 
2022/2/18,08:00,0.0, ,95360, ,2.98, ,10.76, ,60.2, 
2022/2/18,09:00,0.0, ,95320, ,1.47, ,10.75, ,60.2, 
2022/2/18,10:00,0.0, ,0,#,0.00,#,0.00,#,0.0,-
2022/2/18,11:00,0.0, ,0,#,0.00,#,0.00,#,0.0,-
2022/2/18,12:00,0.0, ,0,#,0.00,#,0.00,#,0.0,-
2022/2/18,13:00,0.1, ,0,#,0.00,#,0.00,#,0.0,-
2022/2/18,14:00,0.0, ,95200, ,10.75, ,0.00,#,60.0, 
2022/2/18,15:00,0.0, ,95200, ,10.75, ,0.00,#,60.0, 
2022/2/18,16:00,0.0, ,95200, ,10.75, ,0.00,#,60.0, 
2022/2/18,17:00,0.0, ,95160, ,2.80, ,10.75, ,60.0, 
2022/2/18,18:00,0.0, ,95160, ,7.34, ,10.75, ,60.0, 
2022/2/18,19:00,0.0, ,95110, ,6.77, ,10.75, ,60.0, 
2022/2/18,20:00,0.0, ,95110, ,3.37, ,10.75, ,60.0, 
2022/2/18,21:00,0.0, ,95070, ,0.00, ,10.75, ,59.9, 
2022/2/18,22:00,0.0, ,95030, ,4.31, ,10.75, ,59.9, 
2022/2/18,23:00,0.0, ,94990, ,0.15, ,10.75, ,59.8, 
2022/2/18,24:00,0.0, ,94990, ,4.89, ,10.75, ,59.8, 
2022/2/19,01:00,0.0, ,94950, ,0.53, ,10.74, ,59.8, 
2022/2/19,02:00,0.0, ,94910, ,0.00, ,10.74, ,59.8, 
2022/2/19,03:00,0.0, ,94870, ,0.90, ,10.74, ,59.7, 
2022/2/19,04:00,0.0, ,94830, ,2.61, ,10.74, ,59.7, 
2022/2/19,05:00,0.0, ,94790, ,3.37, ,10.74, ,59.7, 
2022/2/19,06:00,0.0, ,94790, ,1.29, ,10.74, ,59.7, 
2022/2/19,07:00,0.0, ,94750, ,0.00, ,10.74, ,59.6, 
2022/2/19,08:00,0.0, ,94710, ,2.05, ,10.74, ,59.6, 
2022/2/19,09:00,0.0, ,94670, ,2.81, ,10.74, ,59.5, 
2022/2/19,10:00,0.2, ,94670, ,4.13, ,10.74, ,59.5, 
2022/2/19,11:00,0.6, ,94620, ,2.81, ,10.74, ,59.5, 
2022/2/19,12:00,1.4, ,94620, ,7.34, ,10.74, ,59.5, 
2022/2/19,13:00,1.7, ,94620, ,10.74, ,10.74, ,59.5, 
2022/2/19,14:00,1.6, ,94620, ,10.74, ,10.74, ,59.5, 
2022/2/19,15:00,2.1, ,94620, ,10.74, ,10.74, ,59.5, 
2022/2/19,16:00,2.2, ,94620, ,9.91, ,8.90, ,59.5, 
2022/2/19,17:00,2.7, ,94620, ,8.90, ,8.90, ,59.5, 
2022/2/19,18:00,1.9, ,94620, ,8.90, ,8.90, ,59.5, 
2022/2/19,19:00,0.7, ,94620, ,7.55, ,6.00, ,59.5, 
2022/2/19,20:00,0.1, ,94620, ,6.00, ,6.00, ,59.5, 
2022/2/19,21:00,0.2, ,94620, ,6.00, ,6.00, ,59.5, 
2022/2/19,22:00,0.4, ,94620, ,6.00, ,6.00, ,59.5, 
2022/2/19,23:00,0.0, ,94620, ,6.00, ,6.00, ,59.5, 
2022/2/19,24:00,0.2, ,94620, ,6.00, ,6.00, ,59.5, 
2022/2/20,01:00,0.0, ,94620, ,6.00, ,6.00, ,59.5, 
2022/2/20,02:00,0.0, ,94620, ,6.00, ,6.00, ,59.4, 
2022/2/20,03:00,0.0, ,94620, ,6.00, ,6.00, ,59.4, 
2022/2/20,04:00,0.0, ,94620, ,6.00, ,6.00, ,59.4, 
2022/2/20,05:00,0.0, ,94620, ,6.00, ,6.00, ,59.4, 
2022/2/20,06:00,0.0, ,94620, ,6.00, ,6.00, ,59.4, 
2022/2/20,07:00,0.0, ,94620, ,6.00, ,6.00, ,59.3, 
2022/2/20,08:00,0.0, ,94620, ,6.00, ,6.00, ,59.3, 
2022/2/20,09:00,0.0, ,94620, ,6.00, ,6.00, ,59.3, 
2022/2/20,10:00,0.0, ,94620, ,6.00, ,6.00, ,59.3, 
2022/2/20,11:00,0.0, ,94620, ,6.00, ,6.00, ,59.2, 
2022/2/20,12:00,0.1, ,94620, ,6.00, ,6.00, ,59.2, 
2022/2/20,13:00,0.1, ,94670, ,14.12, ,6.00, ,59.2, 
2022/2/20,14:00,0.1, ,94710, ,14.88, ,6.00, ,59.3, 
2022/2/20,15:00,0.0, ,94710, ,11.67, ,6.00, ,59.2, 
2022/2/20,16:00,0.0, ,94750, ,14.69, ,6.00, ,59.2, 
2022/2/20,17:00,0.0, ,94750, ,9.78, ,6.00, ,59.2, 
2022/2/20,18:00,0.0, ,94790, ,8.84, ,6.00, ,59.2, 
2022/2/20,19:00,0.0, ,94790, ,9.78, ,6.00, ,59.2, 
2022/2/20,20:00,0.0, ,94790, ,7.32, ,6.00, ,59.2, 
2022/2/20,21:00,0.0, ,94790, ,8.65, ,6.00, ,59.2, 
2022/2/20,22:00,0.0, ,94870, ,9.97, ,6.00, ,59.2, 
2022/2/20,23:00,0.0, ,94830, ,13.18, ,6.00, ,59.2, 
2022/2/20,24:00,0.0, ,94870, ,11.10, ,6.00, ,59.2, 
2022/2/21,01:00,0.0, ,94870, ,12.05, ,6.00, ,59.2, 
2022/2/21,02:00,0.0, ,94870, ,9.03, ,6.00, ,59.1, 
2022/2/21,03:00,0.0, ,94910, ,9.78, ,6.00, ,59.1, 
2022/2/21,04:00,0.0, ,94910, ,10.54, ,6.00, ,59.1, 
2022/2/21,05:00,0.0, ,94910, ,6.00, ,6.00, ,59.1, 
2022/2/21,06:00,0.0, ,94870, ,0.00, ,6.00, ,59.0, 
2022/2/21,07:00,0.0, ,94870, ,4.87, ,6.00, ,59.0, 
2022/2/21,08:00,0.0, ,94870, ,6.00, ,6.00, ,59.0, 
2022/2/21,09:00,0.0, ,94830, ,2.60, ,6.00, ,58.9, 
2022/2/21,10:00,0.0, ,94830, ,0.00, ,0.00,#,58.9, 
2022/2/21,11:00,0.0, ,94830, ,6.58, ,0.00,#,58.9, 
2022/2/21,12:00,0.0, ,94830, ,6.99, ,0.00,#,58.9, 
2022/2/21,13:00,0.2, ,94870, ,11.15, ,0.00,#,58.9, 
2022/2/21,14:00,0.2, ,94870, ,14.17, ,0.00,#,58.9, 
2022/2/21,15:00,0.0, ,94870, ,6.99, ,0.00,#,58.8, 
2022/2/21,16:00,0.0, ,94870, ,6.99, ,0.00,#,58.8, 
2022/2/21,17:00,0.0, ,94910, ,16.07, ,6.99, ,58.8, 
2022/2/21,18:00,0.0, ,94910, ,9.26, ,6.99, ,58.8, 
2022/2/21,19:00,0.0, ,94910, ,6.99, ,6.99, ,58.8, 
2022/2/21,20:00,0.0, ,94910, ,6.99, ,6.99, ,58.8, 
2022/2/21,21:00,0.0, ,94910, ,6.99, ,6.99, ,58.7, 
2022/2/21,22:00,0.0, ,94910, ,6.99, ,6.99, ,58.7, 
2022/2/21,23:00,0.0, ,94910, ,6.99, ,6.99, ,58.7, 
2022/2/21,24:00,0.0, ,94870, ,0.00, ,6.99, ,58.6, 
2022/2/22,01:00,0.0, ,94870, ,4.91, ,6.99, ,58.6, 
2022/2/22,02:00,0.0, ,94830, ,0.00, ,6.99, ,58.5, 
2022/2/22,03:00,0.0, ,94830, ,5.67, ,6.99, ,58.5, 
2022/2/22,04:00,0.0, ,94790, ,0.75, ,6.99, ,58.5, 
2022/2/22,05:00,0.0, ,94790, ,1.89, ,6.99, ,58.4, 
2022/2/22,06:00,0.0, ,94750, ,0.00, ,6.99, ,58.4, 
2022/2/22,07:00,0.0, ,94750, ,4.16, ,6.99, ,58.4, 
2022/2/22,08:00,0.0, ,94710, ,0.00, ,6.99, ,58.3, 
2022/2/22,09:00,0.0, ,94710, ,5.29, ,6.99, ,58.3, 
2022/2/22,10:00,0.2, ,94710, ,6.99, ,0.00,#,58.3, 
2022/2/22,11:00,0.0, ,94670, ,0.00, ,0.00,#,58.2, 
2022/2/22,12:00,0.2, ,94710, ,11.73, ,0.00,#,58.2, 
2022/2/22,13:00,0.0, ,94710, ,16.08, ,0.00,#,58.2, 
2022/2/22,14:00,0.0, ,94710, ,9.47, ,0.00,#,58.2, 
2022/2/22,15:00,0.0, ,94710, ,9.47, ,0.00,#,58.1, 
2022/2/22,16:00,0.0, ,94710, ,8.90, ,0.00,#,58.1, 
2022/2/22,17:00,0.0, ,94710, ,9.45, ,9.83, ,58.1, 
2022/2/22,18:00,0.0, ,94710, ,9.83, ,9.83, ,58.1, 
2022/2/22,19:00,0.0, ,94670, ,4.17, ,9.83, ,58.0, 
2022/2/22,20:00,0.0, ,94670, ,4.17, ,9.83, ,58.0, 
2022/2/22,21:00,0.0, ,94620, ,7.19, ,9.83, ,57.9, 
2022/2/22,22:00,0.0, ,94620, ,1.14, ,9.83, ,57.9, 
2022/2/22,23:00,0.0, ,94580, ,5.30, ,9.82, ,57.8, 
2022/2/22,24:00,0.0, ,94580, ,3.02, ,9.82, ,57.8, 
2022/2/23,01:00,0.0, ,94540, ,0.57, ,9.82, ,57.8, 
2022/2/23,02:00,0.0, ,94500, ,3.97, ,9.82, ,57.7, 
2022/2/23,03:00,0.0, ,94500, ,2.27, ,9.82, ,57.7, 
2022/2/23,04:00,0.0, ,94460, ,0.58, ,9.82, ,57.6, 
2022/2/23,05:00,0.0, ,94420, ,1.52, ,9.82, ,57.6, 
2022/2/23,06:00,0.0, ,94380, ,4.54, ,9.82, ,57.5, 
2022/2/23,07:00,0.0, ,94380, ,0.00, ,9.82, ,57.5, 
2022/2/23,08:00,0.0, ,94340, ,6.43, ,9.82, ,57.4, 
2022/2/23,09:00,0.0, ,94340, ,1.90, ,9.82, ,57.4, 
2022/2/23,10:00,0.0, ,94300, ,0.21, ,9.82, ,57.3, 
2022/2/23,11:00,0.0, ,94260, ,3.03, ,9.82, ,57.3, 
2022/2/23,12:00,0.0, ,94260, ,3.60, ,9.82, ,57.3, 
2022/2/23,13:00,0.0, ,94260, ,9.82, ,9.82, ,57.2, 
2022/2/23,14:00,0.0, ,94260, ,9.82, ,9.82, ,57.2, 
2022/2/23,15:00,0.0, ,94260, ,9.82, ,9.82, ,57.2, 
2022/2/23,16:00,0.0, ,94260, ,9.82, ,9.82, ,57.2, 
2022/2/23,17:00,0.0, ,94260, ,9.82, ,9.82, ,57.2, 
2022/2/23,18:00,0.0, ,94260, ,9.82, ,9.82, ,57.1, 
2022/2/23,19:00,0.0, ,94220, ,0.77, ,9.82, ,57.1, 
2022/2/23,20:00,0.0, ,94220, ,7.56, ,9.82, ,57.1, 
2022/2/23,21:00,0.0, ,94180, ,0.00, ,9.81, ,57.0, 
2022/2/23,22:00,0.0, ,94140, ,6.80, ,9.81, ,56.9, 
2022/2/23,23:00,0.0, ,94140, ,0.77, ,9.81, ,56.9, 
2022/2/23,24:00,0.0, ,94090, ,0.00, ,9.81, ,56.8, 
2022/2/24,01:00,0.0, ,94050, ,1.90, ,9.81, ,56.8, 
2022/2/24,02:00,0.0, ,94010, ,2.66, ,9.81, ,56.7, 
2022/2/24,03:00,0.0, ,94010, ,1.15, ,9.81, ,56.7, 
2022/2/24,04:00,0.0, ,93970, ,2.66, ,9.81, ,56.6, 
2022/2/24,05:00,0.0, ,93930, ,2.10, ,9.81, ,56.6, 
2022/2/24,06:00,0.0, ,93930, ,2.10, ,9.81, ,56.6, 
2022/2/24,07:00,0.0, ,93890, ,0.00, ,9.81, ,56.5, 
2022/2/24,08:00,0.0, ,93850, ,7.93, ,9.81, ,56.5, 
2022/2/24,09:00,0.0, ,93850, ,0.22, ,9.81, ,56.4, 
2022/2/24,10:00,0.0, ,93810, ,1.73, ,9.81, ,56.4, 
2022/2/24,11:00,0.2, ,93770, ,4.73, ,9.80, ,56.3, 
2022/2/24,12:00,0.0, ,93770, ,0.40, ,9.80, ,56.3, 
2022/2/24,13:00,0.0, ,93770, ,9.80, ,9.80, ,56.3, 
2022/2/24,14:00,0.0, ,93770, ,9.80, ,9.80, ,56.3, 
2022/2/24,15:00,0.0, ,93770, ,9.80, ,9.80, ,56.2, 
2022/2/24,16:00,0.0, ,93770, ,9.80, ,9.80, ,56.2, 
2022/2/24,17:00,0.0, ,93770, ,9.80, ,9.80, ,56.2, 
2022/2/24,18:00,0.0, ,93730, ,6.23, ,9.80, ,56.1, 
2022/2/24,19:00,0.0, ,93730, ,2.09, ,9.80, ,56.1, 
2022/2/24,20:00,0.0, ,93690, ,7.36, ,9.80, ,56.1, 
2022/2/24,21:00,0.0, ,93690, ,0.97, ,9.80, ,56.0, 
2022/2/24,22:00,0.0, ,93650, ,4.35, ,9.80, ,56.0, 
2022/2/24,23:00,0.0, ,93610, ,2.47, ,9.80, ,55.9, 
2022/2/24,24:00,0.0, ,93610, ,0.03, ,9.80, ,55.9, 
2022/2/25,01:00,0.0, ,93570, ,3.23, ,9.80, ,55.8, 
2022/2/25,02:00,0.0, ,93530, ,3.98, ,9.80, ,55.8, 
2022/2/25,03:00,0.0, ,93530, ,0.00, ,9.80, ,55.8, 
2022/2/25,04:00,0.0, ,93490, ,3.61, ,9.80, ,55.7, 
2022/2/25,05:00,0.0, ,93450, ,1.92, ,9.80, ,55.6, 
2022/2/25,06:00,0.0, ,93450, ,1.36, ,9.80, ,55.6, 
2022/2/25,07:00,0.0, ,93400, ,0.00, ,9.79, ,55.6, 
2022/2/25,08:00,0.0, ,93360, ,8.10, ,9.79, ,55.5, 
2022/2/25,09:00,0.0, ,93360, ,0.00, ,9.79, ,55.5, 
2022/2/25,10:00,0.0, ,93320, ,3.60, ,9.79, ,55.4, 
2022/2/25,11:00,0.0, ,93280, ,2.29, ,9.79, ,55.4, 
2022/2/25,12:00,0.1, ,93280, ,0.98, ,9.79, ,55.3, 
2022/2/25,13:00,0.1, ,93280, ,9.79, ,9.79, ,55.3, 
2022/2/25,14:00,0.0, ,93280, ,9.79, ,9.79, ,55.3, 
2022/2/25,15:00,0.0, ,93280, ,9.79, ,9.79, ,55.3, 
2022/2/25,16:00,0.0, ,93280, ,9.79, ,9.79, ,55.3, 
2022/2/25,17:00,0.0, ,93240, ,5.85, ,9.79, ,55.2, 
2022/2/25,18:00,0.0, ,93240, ,2.48, ,9.79, ,55.2, 
2022/2/25,19:00,0.0, ,93240, ,9.79, ,9.79, ,55.2, 
2022/2/25,20:00,0.0, ,93200, ,0.61, ,9.79, ,55.1, 
2022/2/25,21:00,0.0, ,93160, ,6.42, ,9.79, ,55.0, 
2022/2/25,22:00,0.0, ,93160, ,0.00, ,9.79, ,55.0, 
2022/2/25,23:00,0.0, ,93120, ,0.80, ,9.79, ,55.0, 
2022/2/25,24:00,0.0, ,93080, ,6.98, ,9.79, ,54.9, 
2022/2/26,01:00,0.0, ,93080, ,0.00, ,9.79, ,54.9, 
2022/2/26,02:00,0.0, ,93040, ,0.81, ,9.79, ,54.8, 
2022/2/26,03:00,0.0, ,93000, ,6.98, ,9.78, ,54.8, 
2022/2/26,04:00,0.0, ,93000, ,0.00, ,9.78, ,54.8, 
2022/2/26,05:00,0.0, ,92960, ,1.54, ,9.78, ,54.7, 
2022/2/26,06:00,0.0, ,92920, ,6.04, ,9.78, ,54.6, 
2022/2/26,07:00,0.0, ,92920, ,0.00, ,9.78, ,54.6, 
2022/2/26,08:00,0.0, ,92880, ,0.43, ,9.78, ,54.6, 
2022/2/26,09:00,0.0, ,92840, ,6.23, ,9.78, ,54.5, 
2022/2/26,10:00,0.0, ,92840, ,0.24, ,9.78, ,54.5, 
2022/2/26,11:00,0.0, ,92800, ,0.62, ,9.78, ,54.4, 
2022/2/26,12:00,0.1, ,92800, ,7.72, ,9.78, ,54.4, 
2022/2/26,13:00,0.1, ,92760, ,7.35, ,9.78, ,54.4, 
2022/2/26,14:00,0.0, ,92760, ,0.99, ,9.78, ,54.3, 
2022/2/26,15:00,0.0, ,92760, ,9.78, ,9.78, ,54.3, 
2022/2/26,16:00,0.0, ,92760, ,9.78, ,9.78, ,54.3, 
2022/2/26,17:00,0.0, ,92760, ,9.78, ,9.78, ,54.3, 
2022/2/26,18:00,0.0, ,92760, ,9.78, ,9.78, ,54.3, 
2022/2/26,19:00,0.0, ,92720, ,2.31, ,9.78, ,54.2, 
2022/2/26,20:00,0.0, ,92720, ,6.04, ,9.78, ,54.2, 
2022/2/26,21:00,0.0, ,92680, ,3.80, ,9.78, ,54.1, 
2022/2/26,22:00,0.0, ,92640, ,4.18, ,9.77, ,54.1, 
2022/2/26,23:00,0.0, ,92640, ,0.00, ,9.77, ,54.1, 
2022/2/26,24:00,0.0, ,92600, ,5.47, ,9.77, ,54.0, 
2022/2/27,01:00,0.0, ,92600, ,2.86, ,9.77, ,54.0, 
2022/2/27,02:00,0.0, ,92560, ,0.00, ,9.77, ,53.9, 
2022/2/27,03:00,0.0, ,92520, ,2.49, ,9.77, ,53.9, 
2022/2/27,04:00,0.0, ,92480, ,0.00, ,9.77, ,53.8, 
2022/2/27,05:00,0.0, ,92480, ,4.92, ,9.77, ,53.8, 
2022/2/27,06:00,0.0, ,92430, ,0.00, ,9.77, ,53.7, 
2022/2/27,07:00,0.0, ,92390, ,0.00, ,9.77, ,53.7, 
2022/2/27,08:00,0.0, ,92350, ,6.60, ,9.77, ,53.6, 
2022/2/27,09:00,0.0, ,92310, ,0.07, ,9.77, ,53.6, 
2022/2/27,10:00,0.0, ,92310, ,0.04, ,10.67, ,53.5, 
2022/2/27,11:00,0.1, ,92270, ,8.06, ,10.67, ,53.5, 
2022/2/27,12:00,0.1, ,92270, ,2.09, ,10.67, ,53.5, 
2022/2/27,13:00,0.1, ,92270, ,10.67, ,10.67, ,53.4, 
2022/2/27,14:00,0.1, ,92270, ,10.67, ,10.67, ,53.4, 
2022/2/27,15:00,0.0, ,92270, ,10.67, ,10.67, ,53.4, 
2022/2/27,16:00,0.0, ,92270, ,10.67, ,10.67, ,53.4, 
2022/2/27,17:00,0.0, ,92270, ,10.67, ,10.67, ,53.4, 
2022/2/27,18:00,0.0, ,92230, ,5.27, ,10.67, ,53.3, 
2022/2/27,19:00,0.0, ,92230, ,4.89, ,10.67, ,53.3, 
2022/2/27,20:00,0.0, ,92190, ,0.00, ,10.67, ,53.2, 
2022/2/27,21:00,0.0, ,92150, ,8.43, ,10.67, ,53.2, 
2022/2/27,22:00,0.0, ,92150, ,1.35, ,10.67, ,53.2, 
2022/2/27,23:00,0.0, ,92110, ,1.72, ,10.66, ,53.1, 
2022/2/27,24:00,0.0, ,92070, ,2.09, ,10.66, ,53.1, 
2022/2/28,01:00,0.0, ,92030, ,2.28, ,10.66, ,53.0, 
2022/2/28,02:00,0.0, ,92030, ,3.03, ,10.66, ,53.0, 
2022/2/28,03:00,0.0, ,91990, ,0.05, ,10.66, ,52.9, 
2022/2/28,04:00,0.0, ,91950, ,3.03, ,10.66, ,52.9, 
2022/2/28,05:00,0.0, ,91910, ,2.66, ,10.66, ,52.8, 
2022/2/28,06:00,0.0, ,91870, ,3.22, ,10.66, ,52.8, 
2022/2/28,07:00,0.0, ,91870, ,0.00, ,10.66, ,52.7, 
2022/2/28,08:00,0.0, ,91830, ,2.10, ,10.66, ,52.7, 
2022/2/28,09:00,0.0, ,91790, ,3.03, ,10.65, ,52.6, 
2022/2/28,10:00,0.0, ,91750, ,3.40, ,10.65, ,52.6, 
2022/2/28,11:00,0.0, ,91750, ,0.62, ,10.65, ,52.6, 
2022/2/28,12:00,0.1, ,91750, ,10.65, ,10.65, ,52.5, 
2022/2/28,13:00,0.1, ,91710, ,0.06, ,10.65, ,52.5, 
2022/2/28,14:00,0.0, ,91710, ,10.09, ,10.65, ,52.5, 
2022/2/28,15:00,0.0, ,91710, ,10.65, ,10.65, ,52.4, 
2022/2/28,16:00,0.0, ,91710, ,10.65, ,10.65, ,52.4, 
2022/2/28,17:00,0.0, ,91710, ,10.65, ,10.65, ,52.4, 
2022/2/28,18:00,0.0, ,91670, ,0.57, ,11.54, ,52.3, 
2022/2/28,19:00,0.0, ,91670, ,10.98, ,11.54, ,52.3, 
2022/2/28,20:00,0.0, ,91630, ,4.48, ,11.54, ,52.3, 
2022/2/28,21:00,0.0, ,91590, ,1.88, ,11.54, ,52.2, 
2022/2/28,22:00,0.0, ,91590, ,5.97, ,11.54, ,52.2, 
2022/2/28,23:00,0.0, ,91510, ,0.00, ,11.53, ,52.1, 
2022/2/28,24:00,0.0, ,91510, ,1.32, ,11.53, ,52.1, 
