îCà”ä˙ä‘É_ÉÄèîó åüçıåãâ 
êÖånñº,ãgñÏêÏ
âÕêÏñº,ãgñÏêÏ
äœë™èäñº,ëÅñæâYÉ_ÉÄÅiã@ç\Åj
äœë™èäãLçÜ,1368080700010
#
#îNåéì˙,éûçè,ó¨àÊïΩãœâJó ,ó¨àÊïΩãœâJó ëÆê´,íôêÖó ,íôêÖó ëÆê´,ó¨ì¸ó ,ó¨ì¸ó ëÆê´,ï˙ó¨ó ,ï˙ó¨ó ëÆê´,íôêÖó¶,íôêÖó¶ëÆê´
#ëÆê´Å@$:åáë™ -:ñ¢éÛêM
#
2016/6/1,01:00,0.0, ,186490, ,14.07, ,0.00, ,100.0, 
2016/6/1,02:00,0.0, ,186600, ,22.47, ,0.00, ,100.0, 
2016/6/1,03:00,0.0, ,186660, ,25.45, ,0.00, ,100.0, 
2016/6/1,04:00,0.0, ,186720, ,20.31, ,0.00, ,100.0, 
2016/6/1,05:00,0.0, ,186780, ,15.98, ,0.00, ,100.0, 
2016/6/1,06:00,0.0, ,186900, ,23.29, ,0.00, ,100.0, 
2016/6/1,07:00,0.0, ,186960, ,18.43, ,3.50, ,100.0, 
2016/6/1,08:00,0.0, ,186960, ,27.93, ,27.80, ,100.0, 
2016/6/1,09:00,0.0, ,186900, ,27.56, ,44.80, ,100.0, 
2016/6/1,10:00,0.0, ,186720, ,19.87, ,58.50, ,100.0, 
2016/6/1,11:00,0.0, ,186600, ,17.64, ,47.20, ,100.0, 
2016/6/1,12:00,0.0, ,186600, ,22.76, ,21.00, ,100.0, 
2016/6/1,13:00,0.0, ,186600, ,10.53, ,0.00, ,100.0, 
2016/6/1,14:00,0.0, ,186660, ,7.04, ,0.00, ,100.0, 
2016/6/1,15:00,0.0, ,186720, ,19.50, ,1.10, ,100.0, 
2016/6/1,16:00,0.0, ,186720, ,16.47, ,23.40, ,100.0, 
2016/6/1,17:00,0.0, ,186660, ,30.66, ,48.80, ,100.0, 
2016/6/1,18:00,0.0, ,186550, ,22.19, ,58.60, ,100.0, 
2016/6/1,19:00,0.0, ,186370, ,17.44, ,58.60, ,100.0, 
2016/6/1,20:00,0.0, ,186250, ,18.82, ,58.40, ,100.0, 
2016/6/1,21:00,0.0, ,186140, ,21.86, ,40.60, ,100.0, 
2016/6/1,22:00,0.0, ,186080, ,11.88, ,29.90, ,100.0, 
2016/6/1,23:00,0.0, ,186080, ,7.00, ,0.00, ,100.0, 
2016/6/1,24:00,0.0, ,186200, ,13.52, ,0.00, ,100.0, 
2016/6/2,01:00,0.0, ,186200, ,18.93, ,0.00, ,100.0, 
2016/6/2,02:00,0.0, ,186310, ,14.61, ,0.00, ,100.0, 
2016/6/2,03:00,0.0, ,186310, ,17.85, ,0.00, ,100.0, 
2016/6/2,04:00,0.0, ,186370, ,14.88, ,0.00, ,100.0, 
2016/6/2,05:00,0.0, ,186490, ,19.21, ,0.00, ,100.0, 
2016/6/2,06:00,0.0, ,186550, ,18.68, ,0.00, ,100.0, 
2016/6/2,07:00,0.0, ,186600, ,17.87, ,3.50, ,100.0, 
2016/6/2,08:00,0.0, ,186600, ,24.64, ,27.90, ,100.0, 
2016/6/2,09:00,0.0, ,186490, ,16.52, ,47.30, ,100.0, 
2016/6/2,10:00,0.0, ,186310, ,17.49, ,58.60, ,100.0, 
2016/6/2,11:00,0.0, ,186200, ,16.14, ,58.20, ,100.0, 
2016/6/2,12:00,0.0, ,186140, ,19.65, ,31.60, ,100.0, 
2016/6/2,13:00,0.0, ,186140, ,15.93, ,0.00, ,100.0, 
2016/6/2,14:00,0.0, ,186200, ,4.33, ,0.00, ,100.0, 
2016/6/2,15:00,0.0, ,186250, ,16.50, ,0.00, ,100.0, 
2016/6/2,16:00,0.0, ,186310, ,17.31, ,3.40, ,100.0, 
2016/6/2,17:00,0.0, ,186250, ,21.84, ,31.80, ,100.0, 
2016/6/2,18:00,0.0, ,186140, ,16.45, ,58.70, ,100.0, 
2016/6/2,19:00,0.0, ,185960, ,19.10, ,58.50, ,100.0, 
2016/6/2,20:00,0.0, ,185850, ,16.94, ,58.60, ,100.0, 
2016/6/2,21:00,0.0, ,185670, ,16.16, ,58.70, ,100.0, 
2016/6/2,22:00,0.0, ,185550, ,17.31, ,49.40, ,100.0, 
2016/6/2,23:00,0.0, ,185500, ,16.00, ,26.60, ,100.0, 
2016/6/2,24:00,0.0, ,185440, ,13.35, ,23.90, ,100.0, 
2016/6/3,01:00,0.0, ,185440, ,11.27, ,18.30, ,100.0, 
2016/6/3,02:00,0.0, ,185380, ,18.38, ,27.90, ,100.0, 
2016/6/3,03:00,0.0, ,185260, ,14.62, ,42.10, ,100.0, 
2016/6/3,04:00,0.0, ,185150, ,16.87, ,58.50, ,100.0, 
2016/6/3,05:00,0.0, ,185030, ,18.01, ,56.00, ,100.0, 
2016/6/3,06:00,0.0, ,184970, ,16.72, ,32.30, ,100.0, 
2016/6/3,07:00,0.0, ,184910, ,12.94, ,26.00, ,100.0, 
2016/6/3,08:00,0.0, ,184910, ,12.85, ,0.00, ,100.0, 
2016/6/3,09:00,0.0, ,184910, ,0.00, ,0.00, ,100.0, 
2016/6/3,10:00,0.0, ,184970, ,14.55, ,0.00, ,100.0, 
2016/6/3,11:00,0.0, ,185030, ,13.21, ,0.00, ,100.0, 
2016/6/3,12:00,0.0, ,185090, ,14.83, ,0.00, ,100.0, 
2016/6/3,13:00,0.0, ,185150, ,16.99, ,0.00, ,100.0, 
2016/6/3,14:00,0.0, ,185200, ,12.94, ,0.00, ,100.0, 
2016/6/3,15:00,0.0, ,185260, ,14.57, ,3.40, ,100.0, 
2016/6/3,16:00,0.0, ,185260, ,24.12, ,28.10, ,100.0, 
2016/6/3,17:00,0.0, ,185150, ,23.96, ,48.80, ,100.0, 
2016/6/3,18:00,0.0, ,185030, ,15.48, ,58.60, ,100.0, 
2016/6/3,19:00,0.0, ,184850, ,17.17, ,58.60, ,100.0, 
2016/6/3,20:00,0.0, ,184740, ,20.18, ,58.70, ,100.0, 
2016/6/3,21:00,0.0, ,184560, ,16.72, ,58.70, ,100.0, 
2016/6/3,22:00,0.0, ,184450, ,19.99, ,57.00, ,100.0, 
2016/6/3,23:00,0.0, ,184390, ,17.85, ,32.40, ,100.0, 
2016/6/3,24:00,0.0, ,184330, ,14.99, ,32.00, ,100.0, 
2016/6/4,01:00,0.0, ,184270, ,14.53, ,21.00, ,100.0, 
2016/6/4,02:00,0.0, ,184270, ,15.04, ,18.00, ,100.0, 
2016/6/4,03:00,0.0, ,184210, ,20.69, ,32.70, ,100.0, 
2016/6/4,04:00,0.0, ,184100, ,17.42, ,57.30, ,100.0, 
2016/6/4,05:00,0.0, ,183980, ,18.24, ,45.40, ,100.0, 
2016/6/4,06:00,0.0, ,183980, ,20.96, ,21.00, ,100.0, 
2016/6/4,07:00,0.0, ,183980, ,10.59, ,0.00, ,100.0, 
2016/6/4,08:00,0.0, ,184040, ,4.30, ,0.00, ,100.0, 
2016/6/4,09:00,0.0, ,184100, ,12.90, ,0.00, ,100.0, 
2016/6/4,10:00,0.0, ,184160, ,15.60, ,0.00, ,100.0, 
2016/6/4,11:00,0.2, ,184210, ,17.49, ,0.00, ,100.0, 
2016/6/4,12:00,1.4, ,184270, ,15.87, ,0.00, ,100.0, 
2016/6/4,13:00,2.8, ,184330, ,20.72, ,5.70, ,100.0, 
2016/6/4,14:00,2.7, ,184330, ,19.27, ,18.40, ,100.0, 
2016/6/4,15:00,3.2, ,184330, ,22.71, ,30.40, ,100.0, 
2016/6/4,16:00,4.3, ,184270, ,37.26, ,58.10, ,100.0, 
2016/6/4,17:00,2.3, ,184100, ,27.36, ,57.60, ,100.0, 
2016/6/4,18:00,3.1, ,184040, ,20.67, ,57.30, ,100.0, 
2016/6/4,19:00,3.6, ,183870, ,18.23, ,57.60, ,100.0, 
2016/6/4,20:00,3.5, ,183750, ,31.15, ,59.00, ,100.0, 
2016/6/4,21:00,2.3, ,183630, ,22.40, ,59.00, ,100.0, 
2016/6/4,22:00,2.5, ,183580, ,30.77, ,59.10, ,100.0, 
2016/6/4,23:00,2.2, ,183460, ,28.64, ,45.30, ,100.0, 
2016/6/4,24:00,1.7, ,183460, ,21.28, ,28.20, ,100.0, 
2016/6/5,01:00,1.5, ,183520, ,24.62, ,18.40, ,100.0, 
2016/6/5,02:00,0.7, ,183580, ,38.12, ,18.70, ,100.0, 
2016/6/5,03:00,1.2, ,183580, ,29.26, ,18.60, ,100.0, 
2016/6/5,04:00,1.3, ,183630, ,34.20, ,23.90, ,100.0, 
2016/6/5,05:00,0.8, ,183630, ,38.10, ,46.40, ,100.0, 
2016/6/5,06:00,0.7, ,183580, ,38.71, ,46.00, ,100.0, 
2016/6/5,07:00,0.6, ,183580, ,26.19, ,21.00, ,100.0, 
2016/6/5,08:00,0.4, ,183630, ,18.94, ,0.00, ,100.0, 
2016/6/5,09:00,0.9, ,183750, ,28.48, ,0.00, ,100.0, 
2016/6/5,10:00,1.0, ,183870, ,28.21, ,0.00, ,100.0, 
2016/6/5,11:00,0.5, ,183980, ,29.83, ,0.00, ,100.0, 
2016/6/5,12:00,0.3, ,184040, ,26.35, ,0.00, ,100.0, 
2016/6/5,13:00,0.0, ,184160, ,29.31, ,0.80, ,100.0, 
2016/6/5,14:00,0.1, ,184210, ,31.98, ,20.70, ,100.0, 
2016/6/5,15:00,0.2, ,184210, ,37.15, ,47.60, ,100.0, 
2016/6/5,16:00,0.0, ,184160, ,47.58, ,59.00, ,100.0, 
2016/6/5,17:00,0.0, ,184100, ,34.89, ,53.50, ,100.0, 
2016/6/5,18:00,0.0, ,183980, ,29.63, ,53.20, ,100.0, 
2016/6/5,19:00,0.0, ,183920, ,31.03, ,56.20, ,100.0, 
2016/6/5,20:00,0.0, ,183810, ,27.61, ,53.40, ,100.0, 
2016/6/5,21:00,0.0, ,183810, ,34.13, ,38.00, ,100.0, 
2016/6/5,22:00,0.0, ,183810, ,28.11, ,18.30, ,100.0, 
2016/6/5,23:00,0.0, ,183810, ,19.38, ,21.00, ,100.0, 
2016/6/5,24:00,0.2, ,183810, ,19.95, ,18.40, ,100.0, 
2016/6/6,01:00,0.1, ,183810, ,18.24, ,18.40, ,100.0, 
2016/6/6,02:00,0.0, ,183810, ,18.24, ,19.30, ,100.0, 
2016/6/6,03:00,0.1, ,183810, ,30.26, ,42.10, ,100.0, 
2016/6/6,04:00,0.0, ,183690, ,39.48, ,58.70, ,100.0, 
2016/6/6,05:00,0.0, ,183580, ,24.50, ,59.00, ,100.0, 
2016/6/6,06:00,0.0, ,183520, ,25.35, ,44.10, ,100.0, 
2016/6/6,07:00,0.0, ,183520, ,22.66, ,18.10, ,100.0, 
2016/6/6,08:00,0.0, ,183520, ,9.14, ,0.00, ,100.0, 
2016/6/6,09:00,0.0, ,183630, ,19.60, ,0.00, ,100.0, 
2016/6/6,10:00,0.1, ,183690, ,22.03, ,0.00, ,100.0, 
2016/6/6,11:00,0.0, ,183810, ,23.37, ,0.00, ,100.0, 
2016/6/6,12:00,0.0, ,183870, ,23.65, ,0.00, ,100.0, 
2016/6/6,13:00,0.0, ,183980, ,22.58, ,0.00, ,100.0, 
2016/6/6,14:00,0.0, ,184040, ,24.20, ,0.50, ,100.0, 
2016/6/6,15:00,0.0, ,184040, ,18.74, ,19.30, ,100.0, 
2016/6/6,16:00,0.0, ,184040, ,30.18, ,41.90, ,100.0, 
2016/6/6,17:00,0.0, ,183920, ,35.39, ,58.90, ,100.0, 
2016/6/6,18:00,0.0, ,183810, ,22.89, ,58.90, ,100.0, 
2016/6/6,19:00,0.0, ,183690, ,23.76, ,58.90, ,100.0, 
2016/6/6,20:00,0.0, ,183630, ,22.20, ,36.60, ,100.0, 
2016/6/6,21:00,0.0, ,183580, ,20.48, ,36.60, ,100.0, 
2016/6/6,22:00,0.0, ,183580, ,27.46, ,21.20, ,100.0, 
2016/6/6,23:00,0.0, ,183580, ,19.95, ,18.10, ,100.0, 
2016/6/6,24:00,0.8, ,183580, ,18.25, ,18.30, ,100.0, 
2016/6/7,01:00,2.1, ,183580, ,18.21, ,18.20, ,100.0, 
2016/6/7,02:00,1.2, ,183580, ,18.22, ,19.20, ,100.0, 
2016/6/7,03:00,1.1, ,183520, ,26.23, ,42.30, ,100.0, 
2016/6/7,04:00,1.4, ,183400, ,25.29, ,58.90, ,100.0, 
2016/6/7,05:00,1.7, ,183290, ,24.05, ,59.00, ,100.0, 
2016/6/7,06:00,6.2, ,183230, ,31.02, ,44.10, ,100.0, 
2016/6/7,07:00,4.6, ,183230, ,19.73, ,18.10, ,100.0, 
2016/6/7,08:00,10.2, ,183340, ,25.54, ,0.00, ,100.0, 
2016/6/7,09:00,9.3, ,183520, ,43.22, ,0.00, ,100.0, 
2016/6/7,10:00,4.5, ,183870, ,65.00, ,0.00, ,100.0, 
2016/6/7,11:00,1.4, ,184390, ,115.32, ,0.00, ,100.0, 
2016/6/7,12:00,1.2, ,185090, ,184.67, ,0.00, ,100.0, 
2016/6/7,13:00,1.2, ,185550, ,167.94, ,29.50, ,100.0, 
2016/6/7,14:00,1.0, ,185850, ,136.15, ,58.90, ,100.0, 
2016/6/7,15:00,0.5, ,186020, ,109.94, ,58.80, ,100.0, 
2016/6/7,16:00,0.1, ,186140, ,97.33, ,58.40, ,100.0, 
2016/6/7,17:00,0.0, ,186200, ,84.84, ,58.70, ,100.0, 
2016/6/7,18:00,0.0, ,186250, ,75.93, ,58.50, ,100.0, 
2016/6/7,19:00,0.0, ,186250, ,66.72, ,58.60, ,100.0, 
2016/6/7,20:00,0.0, ,186310, ,71.61, ,58.40, ,100.0, 
2016/6/7,21:00,0.0, ,186310, ,61.84, ,58.50, ,100.0, 
2016/6/7,22:00,0.0, ,186310, ,58.57, ,58.40, ,100.0, 
2016/6/7,23:00,0.0, ,186310, ,58.55, ,58.50, ,100.0, 
2016/6/7,24:00,0.0, ,186310, ,58.59, ,45.30, ,100.0, 
2016/6/8,01:00,0.0, ,186370, ,41.71, ,21.10, ,100.0, 
2016/6/8,02:00,0.0, ,186490, ,42.53, ,18.10, ,100.0, 
2016/6/8,03:00,0.0, ,186550, ,47.07, ,18.30, ,100.0, 
2016/6/8,04:00,0.0, ,186660, ,46.28, ,18.20, ,100.0, 
2016/6/8,05:00,0.0, ,186720, ,43.83, ,18.30, ,100.0, 
2016/6/8,06:00,0.0, ,186840, ,45.24, ,18.10, ,100.0, 
2016/6/8,07:00,0.0, ,186900, ,39.52, ,19.10, ,100.0, 
2016/6/8,08:00,0.0, ,186960, ,47.69, ,41.80, ,100.0, 
2016/6/8,09:00,0.0, ,186960, ,54.51, ,58.50, ,100.0, 
2016/6/8,10:00,0.0, ,186900, ,48.51, ,58.70, ,100.0, 
2016/6/8,11:00,0.0, ,186840, ,38.23, ,58.40, ,100.0, 
2016/6/8,12:00,0.0, ,186780, ,45.57, ,46.70, ,100.0, 
2016/6/8,13:00,0.3, ,186840, ,28.41, ,0.00, ,100.0, 
2016/6/8,14:00,0.0, ,187010, ,34.68, ,3.50, ,100.0, 
2016/6/8,15:00,0.0, ,187010, ,39.57, ,28.20, ,100.0, 
2016/6/8,16:00,0.0, ,187010, ,39.47, ,51.70, ,100.0, 
2016/6/8,17:00,0.0, ,186960, ,50.89, ,58.40, ,100.0, 
2016/6/8,18:00,0.2, ,186900, ,40.87, ,58.50, ,100.0, 
2016/6/8,19:00,0.0, ,186840, ,38.73, ,58.50, ,100.0, 
2016/6/8,20:00,0.0, ,186780, ,38.74, ,58.60, ,100.0, 
2016/6/8,21:00,0.0, ,186660, ,34.43, ,46.20, ,100.0, 
2016/6/8,22:00,0.1, ,186660, ,26.79, ,20.90, ,100.0, 
2016/6/8,23:00,0.0, ,186720, ,32.27, ,21.10, ,100.0, 
2016/6/8,24:00,0.0, ,186780, ,32.31, ,20.90, ,100.0, 
2016/6/9,01:00,0.2, ,186840, ,32.51, ,20.90, ,100.0, 
2016/6/9,02:00,0.0, ,186840, ,34.14, ,18.00, ,100.0, 
2016/6/9,03:00,0.0, ,186900, ,33.29, ,18.20, ,100.0, 
2016/6/9,04:00,0.0, ,186960, ,30.07, ,18.00, ,100.0, 
2016/6/9,05:00,0.0, ,187010, ,30.28, ,18.10, ,100.0, 
2016/6/9,06:00,0.0, ,187070, ,31.41, ,18.20, ,100.0, 
2016/6/9,07:00,0.0, ,187130, ,30.83, ,18.10, ,100.0, 
2016/6/9,08:00,0.1, ,187190, ,32.93, ,0.00, ,100.0, 
2016/6/9,09:00,0.0, ,187310, ,33.36, ,3.30, ,100.0, 
2016/6/9,10:00,0.0, ,187370, ,30.49, ,31.90, ,100.0, 
2016/6/9,11:00,0.0, ,187310, ,45.05, ,58.20, ,100.0, 
2016/6/9,12:00,0.0, ,187190, ,35.58, ,45.20, ,100.0, 
2016/6/9,13:00,0.0, ,187250, ,15.56, ,0.00, ,100.0, 
2016/6/9,14:00,0.0, ,187370, ,25.22, ,0.00, ,100.0, 
2016/6/9,15:00,0.0, ,187480, ,36.08, ,0.00, ,100.0, 
2016/6/9,16:00,0.0, ,187540, ,24.15, ,3.60, ,100.0, 
2016/6/9,17:00,0.4, ,187540, ,21.26, ,32.10, ,100.0, 
2016/6/9,18:00,0.0, ,187480, ,38.83, ,58.40, ,100.0, 
2016/6/9,19:00,0.0, ,187370, ,30.50, ,58.50, ,100.0, 
2016/6/9,20:00,0.0, ,187250, ,28.65, ,58.50, ,100.0, 
2016/6/9,21:00,0.0, ,187130, ,26.52, ,45.20, ,100.0, 
2016/6/9,22:00,0.0, ,187130, ,19.91, ,20.70, ,100.0, 
2016/6/9,23:00,0.0, ,187130, ,20.77, ,20.80, ,100.0, 
2016/6/9,24:00,0.0, ,187130, ,20.83, ,21.00, ,100.0, 
2016/6/10,01:00,0.0, ,187130, ,19.77, ,18.10, ,100.0, 
2016/6/10,02:00,0.0, ,187130, ,18.09, ,18.00, ,100.0, 
2016/6/10,03:00,0.0, ,187190, ,31.64, ,18.10, ,100.0, 
2016/6/10,04:00,0.0, ,187190, ,20.83, ,18.10, ,100.0, 
2016/6/10,05:00,0.0, ,187190, ,18.10, ,18.10, ,100.0, 
2016/6/10,06:00,0.0, ,187250, ,18.36, ,18.10, ,100.0, 
2016/6/10,07:00,0.0, ,187250, ,34.08, ,18.00, ,100.0, 
2016/6/10,08:00,0.0, ,187310, ,18.02, ,0.00, ,100.0, 
2016/6/10,09:00,0.0, ,187420, ,21.43, ,3.60, ,100.0, 
2016/6/10,10:00,0.0, ,187420, ,33.20, ,32.10, ,100.0, 
2016/6/10,11:00,0.0, ,187310, ,27.43, ,58.30, ,100.0, 
2016/6/10,12:00,0.0, ,187190, ,28.31, ,44.50, ,100.0, 
2016/6/10,13:00,0.0, ,187190, ,11.05, ,0.00, ,100.0, 
2016/6/10,14:00,0.6, ,187370, ,19.53, ,0.00, ,100.0, 
2016/6/10,15:00,3.3, ,187480, ,33.91, ,0.00, ,100.0, 
2016/6/10,16:00,3.2, ,187600, ,39.35, ,3.60, ,100.0, 
2016/6/10,17:00,0.2, ,187600, ,35.93, ,31.90, ,100.0, 
2016/6/10,18:00,0.0, ,187540, ,35.23, ,58.30, ,100.0, 
2016/6/10,19:00,0.0, ,187370, ,28.22, ,58.30, ,100.0, 
2016/6/10,20:00,0.0, ,187310, ,25.53, ,58.50, ,100.0, 
2016/6/10,21:00,0.1, ,187190, ,32.32, ,44.90, ,100.0, 
2016/6/10,22:00,0.0, ,187190, ,22.58, ,20.90, ,100.0, 
2016/6/10,23:00,0.1, ,187190, ,20.93, ,21.00, ,100.0, 
2016/6/10,24:00,0.0, ,187190, ,19.84, ,17.90, ,100.0, 
2016/6/11,01:00,0.0, ,187250, ,28.40, ,18.20, ,100.0, 
2016/6/11,02:00,0.0, ,187250, ,24.09, ,18.10, ,100.0, 
2016/6/11,03:00,0.0, ,187250, ,18.10, ,17.90, ,100.0, 
2016/6/11,04:00,0.0, ,187310, ,26.23, ,18.00, ,100.0, 
2016/6/11,05:00,0.0, ,187310, ,26.18, ,18.10, ,100.0, 
2016/6/11,06:00,0.0, ,187310, ,18.06, ,18.00, ,100.0, 
2016/6/11,07:00,0.0, ,187310, ,18.02, ,18.20, ,100.0, 
2016/6/11,08:00,0.0, ,187420, ,23.74, ,0.00, ,100.0, 
2016/6/11,09:00,0.0, ,187480, ,23.61, ,3.30, ,100.0, 
2016/6/11,10:00,0.0, ,187480, ,25.33, ,31.90, ,100.0, 
2016/6/11,11:00,0.0, ,187370, ,34.77, ,58.70, ,100.0, 
2016/6/11,12:00,0.0, ,187250, ,25.06, ,44.60, ,100.0, 
2016/6/11,13:00,0.0, ,187310, ,10.94, ,0.00, ,100.0, 
2016/6/11,14:00,0.0, ,187370, ,20.34, ,0.00, ,100.0, 
2016/6/11,15:00,0.0, ,187420, ,16.28, ,0.00, ,100.0, 
2016/6/11,16:00,0.0, ,187540, ,24.69, ,3.40, ,100.0, 
2016/6/11,17:00,0.0, ,187540, ,30.22, ,32.10, ,100.0, 
2016/6/11,18:00,0.0, ,187420, ,26.33, ,58.50, ,100.0, 
2016/6/11,19:00,0.0, ,187310, ,23.96, ,58.60, ,100.0, 
2016/6/11,20:00,0.0, ,187130, ,23.49, ,58.40, ,100.0, 
2016/6/11,21:00,0.0, ,187070, ,24.58, ,43.90, ,100.0, 
2016/6/11,22:00,0.0, ,187010, ,14.76, ,20.80, ,100.0, 
2016/6/11,23:00,0.0, ,187010, ,19.45, ,20.90, ,100.0, 
2016/6/11,24:00,0.0, ,187010, ,20.82, ,20.90, ,100.0, 
2016/6/12,01:00,0.0, ,186960, ,21.24, ,35.00, ,100.0, 
2016/6/12,02:00,0.0, ,186840, ,19.16, ,58.50, ,100.0, 
2016/6/12,03:00,0.0, ,186720, ,28.70, ,58.60, ,100.0, 
2016/6/12,04:00,0.0, ,186600, ,17.67, ,58.50, ,100.0, 
2016/6/12,05:00,0.0, ,186490, ,26.06, ,58.40, ,100.0, 
2016/6/12,06:00,0.0, ,186370, ,22.82, ,55.60, ,100.0, 
2016/6/12,07:00,0.1, ,186310, ,20.78, ,32.40, ,100.0, 
2016/6/12,08:00,0.2, ,186250, ,19.94, ,29.30, ,100.0, 
2016/6/12,09:00,0.0, ,186200, ,19.32, ,29.30, ,100.0, 
2016/6/12,10:00,0.6, ,186200, ,17.19, ,29.40, ,100.0, 
2016/6/12,11:00,0.8, ,186140, ,24.50, ,29.30, ,100.0, 
2016/6/12,12:00,1.5, ,186140, ,18.00, ,32.30, ,100.0, 
2016/6/12,13:00,3.0, ,186020, ,29.55, ,58.50, ,100.0, 
2016/6/12,14:00,2.3, ,185900, ,24.81, ,58.60, ,100.0, 
2016/6/12,15:00,3.9, ,185790, ,32.18, ,58.60, ,100.0, 
2016/6/12,16:00,3.4, ,185670, ,20.06, ,58.60, ,100.0, 
2016/6/12,17:00,2.9, ,185610, ,32.51, ,59.00, ,100.0, 
2016/6/12,18:00,5.3, ,185500, ,34.96, ,58.80, ,100.0, 
2016/6/12,19:00,5.6, ,185440, ,35.72, ,58.50, ,100.0, 
2016/6/12,20:00,6.7, ,185380, ,46.23, ,58.50, ,100.0, 
2016/6/12,21:00,11.0, ,185440, ,53.01, ,58.60, ,100.0, 
2016/6/12,22:00,7.4, ,185670, ,100.27, ,58.70, ,100.0, 
2016/6/12,23:00,3.6, ,186080, ,148.06, ,58.60, ,100.0, 
2016/6/12,24:00,1.6, ,186490, ,170.29, ,58.60, ,100.0, 
2016/6/13,01:00,2.1, ,186900, ,170.67, ,58.60, ,100.0, 
2016/6/13,02:00,0.8, ,187190, ,160.40, ,58.70, ,100.0, 
2016/6/13,03:00,0.0, ,187420, ,135.73, ,58.60, ,100.0, 
2016/6/13,04:00,0.0, ,187660, ,127.39, ,58.60, ,100.0, 
2016/6/13,05:00,0.0, ,187830, ,108.40, ,58.40, ,100.0, 
2016/6/13,06:00,0.0, ,187950, ,102.71, ,58.40, ,100.0, 
2016/6/13,07:00,0.0, ,188070, ,90.18, ,58.60, ,100.0, 
2016/6/13,08:00,0.0, ,188130, ,80.95, ,58.40, ,100.0, 
2016/6/13,09:00,0.1, ,188250, ,80.39, ,58.40, ,100.0, 
2016/6/13,10:00,0.8, ,188300, ,78.51, ,58.10, ,100.0, 
2016/6/13,11:00,0.9, ,188360, ,75.46, ,58.50, ,100.0, 
2016/6/13,12:00,0.0, ,188420, ,71.93, ,58.20, ,100.0, 
2016/6/13,13:00,0.0, ,188420, ,73.24, ,58.30, ,100.0, 
2016/6/13,14:00,0.0, ,188420, ,58.32, ,58.60, ,100.0, 
2016/6/13,15:00,0.0, ,188420, ,58.34, ,58.40, ,100.0, 
2016/6/13,16:00,0.0, ,188420, ,58.37, ,58.40, ,100.0, 
2016/6/13,17:00,0.0, ,188420, ,58.35, ,58.20, ,100.0, 
2016/6/13,18:00,0.0, ,188420, ,58.33, ,58.40, ,100.0, 
2016/6/13,19:00,0.0, ,188420, ,58.37, ,58.40, ,100.0, 
2016/6/13,20:00,0.0, ,188420, ,58.38, ,58.30, ,100.0, 
2016/6/13,21:00,0.0, ,188420, ,58.36, ,58.40, ,100.0, 
2016/6/13,22:00,0.0, ,188360, ,46.13, ,58.30, ,100.0, 
2016/6/13,23:00,0.0, ,188360, ,54.26, ,58.30, ,100.0, 
2016/6/13,24:00,0.0, ,188300, ,44.46, ,58.10, ,100.0, 
2016/6/14,01:00,0.0, ,188250, ,54.51, ,58.30, ,100.0, 
2016/6/14,02:00,0.0, ,188250, ,43.34, ,58.20, ,100.0, 
2016/6/14,03:00,0.0, ,188190, ,45.23, ,58.60, ,100.0, 
2016/6/14,04:00,0.0, ,188130, ,46.10, ,58.60, ,100.0, 
2016/6/14,05:00,0.0, ,188070, ,46.18, ,58.50, ,100.0, 
2016/6/14,06:00,0.0, ,188010, ,46.47, ,58.20, ,100.0, 
2016/6/14,07:00,0.0, ,187950, ,42.08, ,58.40, ,100.0, 
2016/6/14,08:00,0.0, ,187890, ,41.27, ,58.50, ,100.0, 
2016/6/14,09:00,0.0, ,187830, ,42.41, ,58.40, ,100.0, 
2016/6/14,10:00,0.0, ,187830, ,43.18, ,58.30, ,100.0, 
2016/6/14,11:00,0.0, ,187780, ,42.62, ,58.50, ,100.0, 
2016/6/14,12:00,0.0, ,187720, ,45.06, ,58.40, ,100.0, 
2016/6/14,13:00,0.0, ,187660, ,39.93, ,58.50, ,100.0, 
2016/6/14,14:00,0.0,-,0,#,0.00,#,0.00,#,0.0,#
2016/6/14,15:00,0.0,-,0,#,0.00,#,0.00,#,0.0,#
2016/6/14,16:00,0.0, ,187420, ,41.86, ,58.40, ,100.0, 
2016/6/14,17:00,0.0, ,187370, ,37.53, ,58.50, ,100.0, 
2016/6/14,18:00,0.0, ,187310, ,40.80, ,58.30, ,100.0, 
2016/6/14,19:00,0.0, ,187190, ,36.96, ,58.40, ,100.0, 
2016/6/14,20:00,0.0, ,187130, ,34.80, ,58.60, ,100.0, 
2016/6/14,21:00,0.0, ,187070, ,37.58, ,58.60, ,100.0, 
2016/6/14,22:00,0.0, ,186960, ,36.28, ,58.60, ,100.0, 
2016/6/14,23:00,0.0, ,186900, ,38.22, ,58.50, ,100.0, 
2016/6/14,24:00,0.0, ,186840, ,37.65, ,58.60, ,100.0, 
2016/6/15,01:00,0.0, ,186720, ,33.12, ,58.40, ,100.0, 
2016/6/15,02:00,0.0, ,186660, ,34.99, ,58.50, ,100.0, 
2016/6/15,03:00,0.0, ,186550, ,33.67, ,58.60, ,100.0, 
2016/6/15,04:00,0.0, ,186490, ,35.02, ,58.50, ,100.0, 
2016/6/15,05:00,0.0, ,186370, ,33.94, ,58.40, ,100.0, 
2016/6/15,06:00,0.0, ,186310, ,33.12, ,58.40, ,100.0, 
2016/6/15,07:00,0.0, ,186200, ,35.58, ,58.50, ,100.0, 
2016/6/15,08:00,0.0, ,186140, ,34.77, ,58.60, ,100.0, 
2016/6/15,09:00,0.0, ,186020, ,33.47, ,58.50, ,100.0, 
2016/6/15,10:00,0.0, ,185960, ,33.72, ,58.70, ,100.0, 
2016/6/15,11:00,0.0, ,185850, ,30.53, ,58.70, ,100.0, 
2016/6/15,12:00,0.0, ,185730, ,34.61, ,58.80, ,100.0, 
2016/6/15,13:00,0.0, ,185670, ,30.83, ,58.50, ,100.0, 
2016/6/15,14:00,0.0, ,185550, ,32.20, ,58.60, ,100.0, 
2016/6/15,15:00,0.0, ,185440, ,28.69, ,58.50, ,100.0, 
2016/6/15,16:00,0.0, ,185320, ,34.57, ,58.70, ,100.0, 
2016/6/15,17:00,0.0, ,185260, ,27.07, ,58.90, ,100.0, 
2016/6/15,18:00,0.0, ,185150, ,30.96, ,58.80, ,100.0, 
2016/6/15,19:00,0.0, ,185090, ,33.65, ,59.00, ,100.0, 
2016/6/15,20:00,0.0, ,184970, ,30.80, ,58.90, ,100.0, 
2016/6/15,21:00,0.0, ,184850, ,32.19, ,58.90, ,100.0, 
2016/6/15,22:00,0.0, ,184740, ,27.63, ,58.80, ,100.0, 
2016/6/15,23:00,0.0, ,184620, ,28.42, ,59.10, ,100.0, 
2016/6/15,24:00,0.0, ,184560, ,31.67, ,59.00, ,100.0, 
2016/6/16,01:00,0.1, ,184450, ,31.44, ,58.90, ,100.0, 
2016/6/16,02:00,0.4, ,184330, ,34.68, ,59.10, ,100.0, 
2016/6/16,03:00,0.5, ,184270, ,30.12, ,59.00, ,100.0, 
2016/6/16,04:00,0.3, ,184160, ,26.61, ,58.90, ,100.0, 
2016/6/16,05:00,0.3, ,184040, ,29.05, ,59.20, ,100.0, 
2016/6/16,06:00,0.0, ,183920, ,33.09, ,58.80, ,100.0, 
2016/6/16,07:00,0.0, ,183810, ,23.40, ,58.80, ,100.0, 
2016/6/16,08:00,0.1, ,183690, ,32.34, ,59.10, ,100.0, 
2016/6/16,09:00,2.1, ,183580, ,28.12, ,58.90, ,100.0, 
2016/6/16,10:00,1.1, ,183520, ,31.77, ,58.90, ,100.0, 
2016/6/16,11:00,1.6, ,183400, ,37.97, ,58.90, ,100.0, 
2016/6/16,12:00,1.5, ,183340, ,29.96, ,59.00, ,100.0, 
2016/6/16,13:00,2.5, ,183230, ,32.74, ,59.00, ,100.0, 
2016/6/16,14:00,0.9, ,183110, ,35.44, ,59.20, ,100.0, 
2016/6/16,15:00,0.8, ,183050, ,31.48, ,59.00, ,100.0, 
2016/6/16,16:00,1.6, ,182940, ,37.60, ,59.10, ,100.0, 
2016/6/16,17:00,0.6, ,182880, ,32.35, ,59.10, ,99.9, 
2016/6/16,18:00,0.5, ,182820, ,40.60, ,59.10, ,99.9, 
2016/6/16,19:00,0.0, ,182710, ,35.56, ,59.10, ,99.8, 
2016/6/16,20:00,0.3, ,182650, ,29.94, ,59.20, ,99.8, 
2016/6/16,21:00,0.1, ,182530, ,42.80, ,59.30, ,99.7, 
2016/6/16,22:00,0.2, ,182480, ,33.74, ,59.20, ,99.6, 
2016/6/16,23:00,0.0, ,182360, ,37.48, ,59.50, ,99.6, 
2016/6/16,24:00,0.0, ,182300, ,32.66, ,59.30, ,100.0, 
2016/6/17,01:00,0.0, ,182190, ,33.00, ,59.40, ,99.9, 
2016/6/17,02:00,0.0, ,182130, ,34.86, ,59.30, ,99.9, 
2016/6/17,03:00,0.0, ,182020, ,31.67, ,59.30, ,99.8, 
2016/6/17,04:00,0.0, ,181900, ,33.56, ,59.10, ,99.7, 
2016/6/17,05:00,0.0, ,181780, ,27.98, ,59.20, ,99.6, 
2016/6/17,06:00,0.0, ,181670, ,31.46, ,59.30, ,99.6, 
2016/6/17,07:00,0.0, ,181610, ,27.80, ,59.30, ,99.5, 
2016/6/17,08:00,0.0, ,181500, ,27.60, ,59.10, ,99.5, 
2016/6/17,09:00,0.0, ,181380, ,32.15, ,59.20, ,99.4, 
2016/6/17,10:00,0.0, ,181270, ,30.76, ,59.20, ,99.3, 
2016/6/17,11:00,0.0, ,181150, ,28.12, ,59.30, ,99.2, 
2016/6/17,12:00,0.0, ,181040, ,29.77, ,59.30, ,99.1, 
2016/6/17,13:00,0.0, ,180920, ,28.22, ,59.30, ,99.1, 
2016/6/17,14:00,0.0, ,180810, ,25.84, ,59.60, ,99.0, 
2016/6/17,15:00,0.0, ,180690, ,29.04, ,59.20, ,98.9, 
2016/6/17,16:00,0.0, ,180580, ,23.00, ,59.40, ,98.8, 
2016/6/17,17:00,0.0, ,180460, ,27.28, ,59.60, ,98.7, 
2016/6/17,18:00,0.0, ,180350, ,23.07, ,59.30, ,98.7, 
2016/6/17,19:00,0.0, ,180180, ,24.88, ,59.40, ,98.6, 
2016/6/17,20:00,0.0, ,180060, ,23.37, ,59.70, ,98.5, 
2016/6/17,21:00,0.0, ,179950, ,25.81, ,59.70, ,98.4, 
2016/6/17,22:00,0.0, ,179830, ,23.24, ,59.30, ,98.3, 
2016/6/17,23:00,0.0, ,179660, ,21.42, ,59.50, ,98.2, 
2016/6/17,24:00,0.0, ,179550, ,20.35, ,45.80, ,100.0, 
2016/6/18,01:00,0.0, ,179550, ,25.15, ,24.10, ,100.0, 
2016/6/18,02:00,0.0, ,179550, ,23.02, ,21.30, ,100.0, 
2016/6/18,03:00,0.0, ,179490, ,20.84, ,23.80, ,100.0, 
2016/6/18,04:00,0.0, ,179430, ,15.29, ,49.60, ,99.9, 
2016/6/18,05:00,0.0, ,179320, ,24.77, ,46.40, ,99.8, 
2016/6/18,06:00,0.0, ,179320, ,17.57, ,21.30, ,99.8, 
2016/6/18,07:00,0.0, ,179320, ,21.32, ,24.00, ,99.8, 
2016/6/18,08:00,0.0, ,179200, ,25.11, ,49.60, ,99.8, 
2016/6/18,09:00,0.0, ,179150, ,21.67, ,49.80, ,99.7, 
2016/6/18,10:00,0.0, ,179030, ,21.17, ,49.80, ,99.6, 
2016/6/18,11:00,0.0, ,178920, ,20.12, ,49.80, ,99.6, 
2016/6/18,12:00,0.0, ,178810, ,24.13, ,49.50, ,99.5, 
2016/6/18,13:00,0.0, ,178750, ,20.96, ,50.00, ,99.5, 
2016/6/18,14:00,0.0, ,178630, ,21.28, ,49.90, ,99.4, 
2016/6/18,15:00,0.0, ,178520, ,19.70, ,49.70, ,99.3, 
2016/6/18,16:00,0.0, ,178410, ,25.26, ,49.70, ,99.2, 
2016/6/18,17:00,0.0, ,178350, ,23.42, ,49.80, ,99.2, 
2016/6/18,18:00,0.0, ,178240, ,20.04, ,52.70, ,99.1, 
2016/6/18,19:00,0.0, ,178120, ,20.72, ,49.70, ,99.0, 
2016/6/18,20:00,0.0, ,178010, ,22.72, ,49.80, ,99.0, 
2016/6/18,21:00,0.0, ,177950, ,20.89, ,44.00, ,98.9, 
2016/6/18,22:00,0.0, ,177890, ,11.93, ,18.60, ,98.9, 
2016/6/18,23:00,0.0, ,177890, ,17.75, ,18.60, ,98.9, 
2016/6/18,24:00,0.0, ,177890, ,18.58, ,18.60, ,99.7, 
2016/6/19,01:00,0.3, ,177890, ,18.56, ,18.60, ,99.7, 
2016/6/19,02:00,0.0, ,177890, ,18.59, ,18.40, ,99.7, 
2016/6/19,03:00,1.2, ,177890, ,18.55, ,18.50, ,99.7, 
2016/6/19,04:00,1.8, ,177890, ,18.56, ,18.40, ,99.7, 
2016/6/19,05:00,2.1, ,177890, ,18.53, ,18.30, ,99.7, 
2016/6/19,06:00,0.7, ,177890, ,18.51, ,18.50, ,99.7, 
2016/6/19,07:00,5.0, ,177840, ,22.88, ,28.50, ,99.7, 
2016/6/19,08:00,7.1, ,177840, ,23.93, ,49.90, ,99.7, 
2016/6/19,09:00,5.4, ,177780, ,44.59, ,49.80, ,99.7, 
2016/6/19,10:00,0.3, ,177720, ,31.18, ,49.90, ,99.6, 
2016/6/19,11:00,0.0, ,177670, ,31.20, ,49.90, ,99.6, 
2016/6/19,12:00,0.0, ,177610, ,37.00, ,50.00, ,99.5, 
2016/6/19,13:00,0.6, ,177550, ,37.30, ,49.90, ,99.5, 
2016/6/19,14:00,0.0, ,177500, ,28.89, ,50.00, ,99.5, 
2016/6/19,15:00,0.0, ,177440, ,37.84, ,50.20, ,99.4, 
2016/6/19,16:00,0.0, ,177330, ,29.16, ,50.10, ,99.3, 
2016/6/19,17:00,0.0, ,177330, ,20.71, ,31.50, ,99.3, 
2016/6/19,18:00,0.0, ,177330, ,25.06, ,18.60, ,99.3, 
2016/6/19,19:00,0.0, ,177330, ,18.56, ,18.60, ,99.3, 
2016/6/19,20:00,0.0, ,177330, ,18.61, ,18.70, ,99.3, 
2016/6/19,21:00,0.8, ,177380, ,20.71, ,18.50, ,99.4, 
2016/6/19,22:00,4.2, ,177440, ,39.59, ,18.70, ,99.4, 
2016/6/19,23:00,16.3, ,177500, ,28.38, ,18.70, ,99.5, 
2016/6/19,24:00,12.4, ,177610, ,49.31, ,18.50, ,99.9, 
2016/6/20,01:00,4.9, ,177840, ,64.57, ,21.40, ,100.0, 
2016/6/20,02:00,1.6, ,178120, ,86.00, ,18.40, ,100.0, 
2016/6/20,03:00,0.0, ,178460, ,107.47, ,18.40, ,100.0, 
2016/6/20,04:00,1.3, ,178810, ,125.27, ,18.50, ,100.0, 
2016/6/20,05:00,0.0, ,179150, ,104.58, ,18.40, ,100.0, 
2016/6/20,06:00,0.0, ,179320, ,89.83, ,18.30, ,100.0, 
2016/6/20,07:00,0.0, ,179550, ,73.45, ,18.40, ,100.0, 
2016/6/20,08:00,0.0, ,179660, ,69.79, ,18.50, ,100.0, 
2016/6/20,09:00,0.0, ,179830, ,62.39, ,18.60, ,100.0, 
2016/6/20,10:00,0.0, ,179950, ,57.59, ,18.30, ,100.0, 
2016/6/20,11:00,0.0, ,180180, ,58.23, ,0.00, ,100.0, 
2016/6/20,12:00,0.0, ,180350, ,52.24, ,0.00, ,100.0, 
2016/6/20,13:00,0.0, ,180520, ,52.54, ,0.00, ,100.0, 
2016/6/20,14:00,0.0, ,180750, ,51.77, ,0.00, ,100.0, 
2016/6/20,15:00,0.5, ,180920, ,47.82, ,0.00, ,100.0, 
2016/6/20,16:00,0.8, ,181090, ,48.65, ,0.60, ,100.0, 
2016/6/20,17:00,0.0, ,181210, ,47.86, ,21.10, ,100.0, 
2016/6/20,18:00,0.1, ,181210, ,50.56, ,36.30, ,100.0, 
2016/6/20,19:00,0.3, ,181210, ,47.41, ,59.30, ,100.0, 
2016/6/20,20:00,0.3, ,181150, ,50.77, ,59.50, ,100.0, 
2016/6/20,21:00,0.1, ,181090, ,45.96, ,59.40, ,100.0, 
2016/6/20,22:00,0.2, ,181090, ,41.83, ,43.80, ,100.0, 
2016/6/20,23:00,1.6, ,181150, ,36.22, ,21.10, ,100.0, 
2016/6/20,24:00,5.6, ,181270, ,43.79, ,22.10, ,100.0, 
2016/6/21,01:00,12.2, ,181320, ,60.92, ,42.10, ,100.0, 
2016/6/21,02:00,6.8, ,181440, ,75.36, ,59.30, ,100.0, 
2016/6/21,03:00,15.9, ,181610, ,93.09, ,59.30, ,100.0, 
2016/6/21,04:00,4.2, ,182020, ,134.18, ,59.10, ,100.0, 
2016/6/21,05:00,5.3, ,182530, ,190.77, ,59.10, ,100.0, 
2016/6/21,06:00,0.3, ,183170, ,230.76, ,59.30, ,100.0, 
2016/6/21,07:00,1.5, ,183920, ,244.86, ,59.00, ,100.0, 
2016/6/21,08:00,5.5, ,184560, ,250.10, ,58.90, ,100.0, 
2016/6/21,09:00,7.9, ,185200, ,242.27, ,58.50, ,100.0, 
2016/6/21,10:00,5.6, ,185850, ,238.38, ,58.60, ,100.0, 
2016/6/21,11:00,1.3, ,186780, ,276.49, ,58.40, ,100.0, 
2016/6/21,12:00,1.2, ,188010, ,366.04, ,58.30, ,100.0, 
2016/6/21,13:00,0.2, ,189010, ,374.94, ,58.00, ,100.0, 
2016/6/21,14:00,0.0, ,189830, ,306.54, ,58.20, ,100.0, 
2016/6/21,15:00,0.0, ,190600, ,280.12, ,58.10, ,100.0, 
2016/6/21,16:00,0.0, ,191250, ,249.92, ,57.90, ,100.0, 
2016/6/21,17:00,0.0, ,191780, ,220.04, ,57.60, ,100.0, 
2016/6/21,18:00,0.0, ,192200, ,194.71, ,57.90, ,100.0, 
2016/6/21,19:00,0.0, ,192670, ,178.42, ,57.90, ,100.0, 
2016/6/21,20:00,0.0, ,193030, ,171.09, ,57.80, ,100.0, 
2016/6/21,21:00,0.0, ,193450, ,164.26, ,57.40, ,100.0, 
2016/6/21,22:00,0.0, ,193750, ,154.13, ,57.40, ,100.0, 
2016/6/21,23:00,0.0, ,194040, ,145.61, ,57.40, ,100.0, 
2016/6/21,24:00,0.0, ,194280, ,132.45, ,57.40, ,100.0, 
2016/6/22,01:00,0.0, ,194580, ,128.83, ,57.50, ,100.0, 
2016/6/22,02:00,0.0, ,194760, ,122.25, ,57.20, ,100.0, 
2016/6/22,03:00,0.0, ,195000, ,123.09, ,57.40, ,100.0, 
2016/6/22,04:00,0.0, ,195240, ,120.56, ,57.60, ,100.0, 
2016/6/22,05:00,0.0, ,195420, ,114.74, ,57.40, ,100.0, 
2016/6/22,06:00,0.0, ,195600, ,105.89, ,57.50, ,100.0, 
2016/6/22,07:00,0.0, ,195780, ,109.56, ,57.20, ,100.0, 
2016/6/22,08:00,0.4, ,195960, ,105.90, ,57.20, ,100.0, 
2016/6/22,09:00,6.9, ,196140, ,107.84, ,57.00, ,100.0, 
2016/6/22,10:00,9.4, ,196440, ,115.87, ,57.30, ,100.0, 
2016/6/22,11:00,0.9, ,196620, ,125.13, ,57.50, ,100.0, 
2016/6/22,12:00,2.3, ,196800, ,128.89, ,78.12, ,100.0, 
2016/6/22,13:00,2.5, ,197040, ,136.54, ,78.22, ,100.0, 
2016/6/22,14:00,2.4, ,197340, ,147.31, ,60.55, ,100.0, 
2016/6/22,15:00,1.7, ,197700, ,149.80, ,60.27, ,100.0, 
2016/6/22,16:00,4.5, ,198010, ,148.52, ,60.19, ,100.0, 
2016/6/22,17:00,0.8, ,198310, ,151.91, ,60.21, ,100.0, 
2016/6/22,18:00,0.0, ,198610, ,146.70, ,60.12, ,100.0, 
2016/6/22,19:00,0.0, ,198970, ,147.59, ,60.04, ,100.0, 
2016/6/22,20:00,0.8, ,199280, ,148.43, ,60.16, ,100.0, 
2016/6/22,21:00,1.0, ,199580, ,143.20, ,60.08, ,100.0, 
2016/6/22,22:00,1.5, ,199820, ,142.43, ,59.89, ,100.0, 
2016/6/22,23:00,2.4, ,200070, ,130.58, ,59.91, ,100.0, 
2016/6/22,24:00,7.0, ,200310, ,126.94, ,59.72, ,100.0, 
2016/6/23,01:00,4.9, ,200610, ,131.20, ,59.94, ,100.0, 
2016/6/23,02:00,5.2, ,200980, ,146.77, ,59.76, ,100.0, 
2016/6/23,03:00,6.9, ,201470, ,184.50, ,59.79, ,100.0, 
2016/6/23,04:00,3.5, ,202260, ,233.97, ,60.03, ,100.0, 
2016/6/23,05:00,9.8, ,203120, ,310.86, ,168.68, ,100.0, 
2016/6/23,06:00,1.9, ,203490, ,351.37, ,298.80, ,100.0, 
2016/6/23,07:00,0.3, ,203800, ,397.66, ,340.12, ,100.0, 
2016/6/23,08:00,0.3, ,203920, ,389.68, ,340.58, ,100.0, 
2016/6/23,09:00,0.0, ,203920, ,351.34, ,340.38, ,100.0, 
2016/6/23,10:00,0.3, ,203740, ,306.84, ,229.48, ,100.0, 
2016/6/23,11:00,0.3, ,203740, ,236.12, ,229.08, ,100.0, 
2016/6/23,12:00,0.1, ,203740, ,229.22, ,229.08, ,100.0, 
2016/6/23,13:00,0.0, ,203740, ,223.21, ,199.78, ,100.0, 
2016/6/23,14:00,0.0, ,203740, ,196.87, ,179.94, ,100.0, 
2016/6/23,15:00,0.0, ,203740, ,180.47, ,148.86, ,100.0, 
2016/6/23,16:00,0.0, ,203800, ,171.18, ,149.06, ,100.0, 
2016/6/23,17:00,0.0, ,203860, ,163.30, ,128.90, ,100.0, 
2016/6/23,18:00,0.0, ,203920, ,152.34, ,129.08, ,100.0, 
2016/6/23,19:00,0.0, ,204040, ,141.02, ,109.00, ,100.0, 
2016/6/23,20:00,0.0, ,204110, ,134.96, ,108.96, ,100.0, 
2016/6/23,21:00,0.0, ,204230, ,127.54, ,93.92, ,100.0, 
2016/6/23,22:00,0.0, ,204350, ,129.13, ,94.00, ,100.0, 
2016/6/23,23:00,0.0, ,204410, ,121.91, ,93.34, ,100.0, 
2016/6/23,24:00,0.0, ,204540, ,122.79, ,93.22, ,100.0, 
2016/6/24,01:00,0.0, ,204600, ,116.15, ,92.56, ,100.0, 
2016/6/24,02:00,0.0, ,204660, ,108.49, ,92.88, ,100.0, 
2016/6/24,03:00,0.0, ,204720, ,105.10, ,92.72, ,100.0, 
2016/6/24,04:00,0.0, ,204720, ,107.03, ,92.62, ,100.0, 
2016/6/24,05:00,0.0, ,204780, ,99.70, ,84.36, ,100.0, 
2016/6/24,06:00,0.0, ,204780, ,94.10, ,84.56, ,100.0, 
2016/6/24,07:00,0.0, ,204910, ,99.53, ,74.52, ,100.0, 
2016/6/24,08:00,0.0, ,204970, ,90.24, ,74.44, ,100.0, 
2016/6/24,09:00,6.0, ,205030, ,94.84, ,74.56, ,100.0, 
2016/6/24,10:00,3.0, ,205150, ,109.16, ,74.98, ,100.0, 
2016/6/24,11:00,5.0, ,205210, ,91.39, ,84.34, ,100.0, 
2016/6/24,12:00,2.2, ,205280, ,100.14, ,94.54, ,100.0, 
2016/6/24,13:00,0.0, ,205280, ,104.31, ,98.44, ,100.0, 
2016/6/24,14:00,0.0, ,205280, ,98.19, ,98.54, ,100.0, 
2016/6/24,15:00,0.0, ,205340, ,105.13, ,108.28, ,100.0, 
2016/6/24,16:00,0.5, ,205340, ,116.89, ,118.20, ,100.0, 
2016/6/24,17:00,0.1, ,205280, ,114.18, ,118.14, ,100.0, 
2016/6/24,18:00,0.0, ,205210, ,92.97, ,95.80, ,100.0, 
2016/6/24,19:00,0.0, ,205210, ,94.40, ,95.80, ,100.0, 
2016/6/24,20:00,0.0, ,205210, ,95.75, ,95.70, ,100.0, 
2016/6/24,21:00,0.0, ,205150, ,74.40, ,84.50, ,100.0, 
2016/6/24,22:00,0.0, ,205150, ,80.99, ,72.96, ,100.0, 
2016/6/24,23:00,0.0, ,205210, ,86.18, ,73.28, ,100.0, 
2016/6/24,24:00,0.1, ,205280, ,88.16, ,83.04, ,100.0, 
2016/6/25,01:00,12.1, ,205210, ,73.08, ,83.12, ,100.0, 
2016/6/25,02:00,13.2, ,205280, ,94.74, ,92.92, ,100.0, 
2016/6/25,03:00,0.0, ,205340, ,121.64, ,150.74, ,100.0, 
2016/6/25,04:00,0.1, ,205400, ,169.15, ,223.66, ,100.0, 
2016/6/25,05:00,0.0, ,205210, ,200.55, ,211.94, ,100.0, 
2016/6/25,06:00,0.0, ,205090, ,168.43, ,156.06, ,100.0, 
2016/6/25,07:00,0.1, ,205090, ,134.43, ,98.42, ,100.0, 
2016/6/25,08:00,0.0, ,205150, ,113.36, ,98.66, ,100.0, 
2016/6/25,09:00,0.0, ,205210, ,119.73, ,98.40, ,100.0, 
2016/6/25,10:00,0.0, ,205280, ,112.60, ,99.04, ,100.0, 
2016/6/25,11:00,0.2, ,205280, ,107.76, ,98.74, ,100.0, 
2016/6/25,12:00,0.1, ,205280, ,98.65, ,98.64, ,100.0, 
2016/6/25,13:00,0.1, ,205340, ,103.57, ,89.12, ,100.0, 
2016/6/25,14:00,0.1, ,205340, ,98.11, ,88.02, ,100.0, 
2016/6/25,15:00,0.3, ,205340, ,88.30, ,87.82, ,100.0, 
2016/6/25,16:00,0.2, ,205340, ,88.09, ,88.42, ,100.0, 
2016/6/25,17:00,0.2, ,205340, ,88.12, ,88.22, ,100.0, 
2016/6/25,18:00,0.1, ,205340, ,88.14, ,88.52, ,100.0, 
2016/6/25,19:00,0.0, ,205280, ,78.99, ,88.29, ,100.0, 
2016/6/25,20:00,0.4, ,205280, ,80.06, ,88.19, ,100.0, 
2016/6/25,21:00,0.0, ,205210, ,74.86, ,73.38, ,100.0, 
2016/6/25,22:00,0.0, ,205210, ,69.41, ,73.38, ,100.0, 
2016/6/25,23:00,0.0, ,205210, ,73.21, ,73.38, ,100.0, 
2016/6/25,24:00,0.0, ,205210, ,72.46, ,68.59, ,100.0, 
2016/6/26,01:00,0.0, ,205210, ,67.88, ,59.49, ,100.0, 
2016/6/26,02:00,0.0, ,205280, ,67.04, ,59.59, ,100.0, 
2016/6/26,03:00,0.0, ,205280, ,71.01, ,59.29, ,100.0, 
2016/6/26,04:00,0.0, ,205280, ,59.61, ,59.69, ,100.0, 
2016/6/26,05:00,0.0, ,205280, ,59.61, ,59.49, ,100.0, 
2016/6/26,06:00,0.0, ,205340, ,63.02, ,59.60, ,100.0, 
2016/6/26,07:00,0.0, ,205340, ,73.27, ,59.50, ,100.0, 
2016/6/26,08:00,0.0, ,205340, ,59.57, ,59.80, ,100.0, 
2016/6/26,09:00,0.0, ,205340, ,59.58, ,59.60, ,100.0, 
2016/6/26,10:00,0.0, ,205340, ,59.60, ,59.60, ,100.0, 
2016/6/26,11:00,0.0, ,205340, ,59.61, ,59.70, ,100.0, 
2016/6/26,12:00,0.0, ,205340, ,59.62, ,59.80, ,100.0, 
2016/6/26,13:00,0.0, ,205340, ,59.63, ,59.70, ,100.0, 
2016/6/26,14:00,0.0, ,205340, ,59.61, ,59.60, ,100.0, 
2016/6/26,15:00,0.0, ,205340, ,59.59, ,59.90, ,100.0, 
2016/6/26,16:00,0.0, ,205340, ,59.61, ,59.50, ,100.0, 
2016/6/26,17:00,0.0, ,205280, ,48.28, ,57.00, ,100.0, 
2016/6/26,18:00,0.0, ,205280, ,50.82, ,55.80, ,100.0, 
2016/6/26,19:00,0.0, ,205280, ,55.99, ,56.20, ,100.0, 
2016/6/26,20:00,0.0, ,205210, ,49.45, ,56.00, ,100.0, 
2016/6/26,21:00,0.0, ,205210, ,45.45, ,56.00, ,100.0, 
2016/6/26,22:00,0.0, ,205210, ,56.01, ,56.20, ,100.0, 
2016/6/26,23:00,0.0, ,205150, ,41.50, ,56.00, ,100.0, 
2016/6/26,24:00,0.0, ,205150, ,53.45, ,56.10, ,100.0, 
2016/6/27,01:00,0.0, ,205090, ,40.91, ,56.40, ,100.0, 
2016/6/27,02:00,0.0, ,205030, ,46.36, ,56.00, ,100.0, 
2016/6/27,03:00,0.0, ,204970, ,45.20, ,55.90, ,100.0, 
2016/6/27,04:00,0.0, ,204970, ,40.31, ,55.90, ,100.0, 
2016/6/27,05:00,0.0, ,204910, ,44.35, ,56.10, ,100.0, 
2016/6/27,06:00,0.0, ,204840, ,42.97, ,56.00, ,100.0, 
2016/6/27,07:00,0.0, ,204780, ,45.51, ,56.10, ,100.0, 
2016/6/27,08:00,0.0, ,204780, ,40.11, ,56.10, ,100.0, 
2016/6/27,09:00,0.0, ,204720, ,40.12, ,55.90, ,100.0, 
2016/6/27,10:00,0.0, ,204660, ,38.42, ,56.30, ,100.0, 
2016/6/27,11:00,0.0, ,204600, ,40.39, ,56.30, ,100.0, 
2016/6/27,12:00,0.0, ,204540, ,41.22, ,56.00, ,100.0, 
2016/6/27,13:00,0.0, ,204470, ,37.55, ,56.00, ,100.0, 
2016/6/27,14:00,0.0, ,204410, ,39.28, ,56.30, ,100.0, 
2016/6/27,15:00,0.0, ,204350, ,36.19, ,55.90, ,100.0, 
2016/6/27,16:00,1.7, ,204230, ,37.58, ,56.20, ,100.0, 
2016/6/27,17:00,4.9, ,204170, ,32.22, ,56.10, ,100.0, 
2016/6/27,18:00,2.9, ,204170, ,47.12, ,56.20, ,100.0, 
2016/6/27,19:00,7.8, ,204110, ,51.84, ,102.31, ,100.0, 
2016/6/27,20:00,6.6, ,204040, ,53.61, ,59.63, ,100.0, 
2016/6/27,21:00,5.1, ,204040, ,53.41, ,59.73, ,100.0, 
2016/6/27,22:00,4.4, ,204170, ,77.12, ,70.10, ,100.0, 
2016/6/27,23:00,3.8, ,204230, ,94.30, ,84.02, ,100.0, 
2016/6/27,24:00,3.3, ,204350, ,124.87, ,113.18, ,100.0, 
2016/6/28,01:00,1.4, ,204470, ,138.04, ,125.66, ,100.0, 
2016/6/28,02:00,3.1, ,204470, ,148.53, ,137.82, ,100.0, 
2016/6/28,03:00,1.3, ,204470, ,137.28, ,119.54, ,100.0, 
2016/6/28,04:00,3.2, ,204540, ,136.87, ,118.80, ,100.0, 
2016/6/28,05:00,1.3, ,204600, ,130.30, ,118.76, ,100.0, 
2016/6/28,06:00,0.3, ,204600, ,129.14, ,118.96, ,100.0, 
2016/6/28,07:00,2.4, ,204600, ,118.18, ,112.22, ,100.0, 
2016/6/28,08:00,3.1, ,204660, ,129.65, ,112.16, ,100.0, 
2016/6/28,09:00,0.2, ,204660, ,115.29, ,120.30, ,100.0, 
2016/6/28,10:00,0.0, ,204660, ,115.02, ,109.22, ,100.0, 
2016/6/28,11:00,0.0, ,204720, ,113.38, ,109.36, ,100.0, 
2016/6/28,12:00,0.0, ,204720, ,122.41, ,104.04, ,100.0, 
2016/6/28,13:00,0.0, ,204720, ,96.74, ,84.62, ,100.0, 
2016/6/28,14:00,0.7, ,204840, ,92.74, ,63.24, ,100.0, 
2016/6/28,15:00,1.8, ,204970, ,93.41, ,63.06, ,100.0, 
2016/6/28,16:00,13.2, ,205150, ,106.36, ,71.54, ,100.0, 
2016/6/28,17:00,3.2, ,205280, ,123.24, ,104.34, ,100.0, 
2016/6/28,18:00,5.7, ,205340, ,138.63, ,197.74, ,100.0, 
2016/6/28,19:00,0.9, ,205340, ,187.96, ,206.64, ,100.0, 
2016/6/28,20:00,0.1, ,205210, ,201.85, ,234.74, ,100.0, 
2016/6/28,21:00,0.0, ,205150, ,205.00, ,243.94, ,100.0, 
2016/6/28,22:00,0.0, ,204840, ,186.64, ,243.32, ,100.0, 
2016/6/28,23:00,0.0, ,204540, ,168.01, ,242.50, ,100.0, 
2016/6/28,24:00,0.0, ,204230, ,149.56, ,220.66, ,100.0, 
2016/6/29,01:00,0.0, ,203980, ,143.69, ,189.84, ,100.0, 
2016/6/29,02:00,0.0, ,203800, ,130.80, ,178.88, ,100.0, 
2016/6/29,03:00,0.0, ,203610, ,124.28, ,157.64, ,100.0, 
2016/6/29,04:00,0.0, ,203550, ,114.39, ,147.28, ,100.0, 
2016/6/29,05:00,0.0, ,203430, ,118.25, ,147.08, ,100.0, 
2016/6/29,06:00,0.0, ,203250, ,115.64, ,150.72, ,100.0, 
2016/6/29,07:00,0.0, ,203120, ,101.25, ,150.54, ,100.0, 
2016/6/29,08:00,0.0, ,202940, ,100.88, ,150.74, ,100.0, 
2016/6/29,09:00,0.1, ,202750, ,102.09, ,150.06, ,100.0, 
2016/6/29,10:00,0.1, ,202570, ,98.14, ,149.76, ,100.0, 
2016/6/29,11:00,3.7, ,202450, ,96.66, ,134.26, ,100.0, 
2016/6/29,12:00,8.3, ,202330, ,115.31, ,153.30, ,100.0, 
2016/6/29,13:00,17.4, ,202140, ,104.33, ,153.60, ,100.0, 
2016/6/29,14:00,27.5, ,202450, ,247.82, ,289.74, ,100.0, 
2016/6/29,15:00,1.6, ,203120, ,583.88, ,508.00, ,100.0, 
2016/6/29,16:00,0.0, ,203370, ,664.16, ,714.64, ,100.0, 
2016/6/29,17:00,0.0, ,202750, ,501.09, ,552.82, ,100.0, 
2016/6/29,18:00,0.0, ,202330, ,402.16, ,467.50, ,100.0, 
2016/6/29,19:00,0.0, ,201960, ,336.29, ,432.74, ,100.0, 
2016/6/29,20:00,0.0, ,201650, ,282.50, ,348.56, ,100.0, 
2016/6/29,21:00,0.0, ,201410, ,260.17, ,313.90, ,100.0, 
2016/6/29,22:00,0.0, ,201160, ,226.07, ,312.84, ,100.0, 
2016/6/29,23:00,0.0, ,200740, ,220.94, ,311.00, ,100.0, 
2016/6/29,24:00,0.0, ,200550, ,205.04, ,229.44, ,100.0, 
2016/6/30,01:00,0.0, ,200370, ,190.26, ,228.94, ,100.0, 
2016/6/30,02:00,0.0, ,200250, ,187.64, ,228.46, ,100.0, 
2016/6/30,03:00,0.0, ,200070, ,179.26, ,217.52, ,100.0, 
2016/6/30,04:00,0.3, ,199880, ,171.59, ,216.94, ,100.0, 
2016/6/30,05:00,0.1, ,199640, ,166.34, ,216.40, ,100.0, 
2016/6/30,06:00,0.1, ,199520, ,152.46, ,194.14, ,100.0, 
2016/6/30,07:00,0.9, ,199340, ,149.95, ,193.74, ,100.0, 
2016/6/30,08:00,0.7, ,199160, ,145.52, ,193.14, ,100.0, 
2016/6/30,09:00,0.5, ,198970, ,140.04, ,192.56, ,100.0, 
2016/6/30,10:00,0.1, ,198790, ,138.80, ,171.10, ,100.0, 
2016/6/30,11:00,0.0, ,198670, ,131.61, ,171.22, ,100.0, 
2016/6/30,12:00,0.0, ,198550, ,124.73, ,138.86, ,100.0, 
2016/6/30,13:00,0.0, ,198490, ,125.66, ,139.06, ,100.0, 
2016/6/30,14:00,0.3, ,198430, ,117.56, ,138.86, ,100.0, 
2016/6/30,15:00,0.5, ,198310, ,112.68, ,138.76, ,100.0, 
2016/6/30,16:00,0.0, ,198190, ,109.51, ,138.48, ,100.0, 
2016/6/30,17:00,0.0, ,198070, ,102.90, ,138.18, ,100.0, 
2016/6/30,18:00,0.0, ,197890, ,101.05, ,137.78, ,100.0, 
2016/6/30,19:00,0.0, ,197770, ,97.19, ,137.88, ,100.0, 
2016/6/30,20:00,0.0, ,197640, ,100.66, ,137.68, ,100.0, 
2016/6/30,21:00,0.0, ,197460, ,95.98, ,137.38, ,100.0, 
2016/6/30,22:00,0.0, ,197280, ,91.51, ,136.50, ,100.0, 
2016/6/30,23:00,0.0, ,197160, ,92.87, ,132.04, ,100.0, 
2016/6/30,24:00,0.0, ,196980, ,86.45, ,131.76, ,100.0, 
