îCà”ä˙ä‘É_ÉÄèîó åüçıåãâ 
êÖånñº,ãgñÏêÏ
âÕêÏñº,ãgñÏêÏ
äœë™èäñº,ëÅñæâYÉ_ÉÄÅiã@ç\Åj
äœë™èäãLçÜ,1368080700010
#
#îNåéì˙,éûçè,ó¨àÊïΩãœâJó ,ó¨àÊïΩãœâJó ëÆê´,íôêÖó ,íôêÖó ëÆê´,ó¨ì¸ó ,ó¨ì¸ó ëÆê´,ï˙ó¨ó ,ï˙ó¨ó ëÆê´,íôêÖó¶,íôêÖó¶ëÆê´
#ëÆê´Å@$:åáë™ -:ñ¢éÛêM
#
2006/7/1,01:00,0.3, ,183870, ,23.03, ,57.40, ,99.9, 
2006/7/1,02:00,0.0, ,183750, ,24.10, ,57.00, ,99.8, 
2006/7/1,03:00,0.0, ,183630, ,22.31, ,57.20, ,99.8, 
2006/7/1,04:00,0.0, ,183520, ,24.76, ,57.30, ,99.7, 
2006/7/1,05:00,0.0, ,183400, ,18.90, ,57.40, ,99.6, 
2006/7/1,06:00,0.0, ,183230, ,26.96, ,57.30, ,99.5, 
2006/7/1,07:00,0.0, ,183110, ,19.73, ,57.30, ,99.4, 
2006/7/1,08:00,0.0, ,183000, ,23.61, ,57.10, ,99.3, 
2006/7/1,09:00,0.0, ,182880, ,23.58, ,57.20, ,99.3, 
2006/7/1,10:00,0.1, ,182770, ,20.67, ,57.10, ,99.2, 
2006/7/1,11:00,0.0, ,182650, ,25.55, ,57.50, ,99.1, 
2006/7/1,12:00,0.0, ,182530, ,21.83, ,57.30, ,99.0, 
2006/7/1,13:00,0.0, ,182360, ,21.02, ,57.60, ,98.9, 
2006/7/1,14:00,0.0, ,182250, ,22.21, ,57.60, ,98.8, 
2006/7/1,15:00,0.0, ,182130, ,21.91, ,57.30, ,98.8, 
2006/7/1,16:00,0.0, ,182020, ,20.83, ,57.40, ,98.7, 
2006/7/1,17:00,0.0, ,181840, ,19.33, ,57.20, ,98.6, 
2006/7/1,18:00,0.0, ,181730, ,22.29, ,57.70, ,98.5, 
2006/7/1,19:00,0.0, ,181610, ,22.83, ,57.40, ,98.4, 
2006/7/1,20:00,0.0, ,181500, ,20.70, ,57.60, ,98.3, 
2006/7/1,21:00,0.0, ,181320, ,21.81, ,57.30, ,98.2, 
2006/7/1,22:00,0.0, ,181210, ,20.27, ,57.70, ,98.1, 
2006/7/1,23:00,0.0, ,181090, ,24.06, ,57.50, ,98.1, 
2006/7/1,24:00,0.0, ,180920, ,19.82, ,57.50, ,100.0, 
2006/7/2,01:00,0.0, ,180810, ,19.85, ,57.40, ,100.0, 
2006/7/2,02:00,0.0, ,180690, ,20.71, ,57.90, ,100.0, 
2006/7/2,03:00,0.0, ,180580, ,22.02, ,57.80, ,100.0, 
2006/7/2,04:00,0.0, ,180410, ,18.09, ,57.80, ,100.0, 
2006/7/2,05:00,0.0, ,180290, ,22.60, ,57.60, ,100.0, 
2006/7/2,06:00,1.8, ,180180, ,19.49, ,57.90, ,100.0, 
2006/7/2,07:00,2.4, ,180060, ,26.46, ,57.80, ,100.0, 
2006/7/2,08:00,1.0, ,179890, ,20.60, ,57.60, ,100.0, 
2006/7/2,09:00,0.9, ,179780, ,21.18, ,57.50, ,100.0, 
2006/7/2,10:00,0.2, ,179660, ,20.99, ,58.00, ,100.0, 
2006/7/2,11:00,0.0, ,179490, ,22.58, ,57.50, ,100.0, 
2006/7/2,12:00,0.0, ,179380, ,21.81, ,57.90, ,100.0, 
2006/7/2,13:00,0.0, ,179200, ,21.54, ,57.70, ,100.0, 
2006/7/2,14:00,0.0, ,179090, ,15.29, ,58.00, ,100.0, 
2006/7/2,15:00,0.0, ,178920, ,17.98, ,57.70, ,100.0, 
2006/7/2,16:00,0.0, ,178810, ,19.04, ,57.60, ,100.0, 
2006/7/2,17:00,0.0, ,178630, ,16.40, ,57.70, ,100.0, 
2006/7/2,18:00,0.0, ,178520, ,19.68, ,58.20, ,100.0, 
2006/7/2,19:00,0.0, ,178350, ,16.59, ,57.90, ,100.0, 
2006/7/2,20:00,0.0, ,178180, ,13.46, ,58.00, ,100.0, 
2006/7/2,21:00,0.0, ,178010, ,12.56, ,57.90, ,100.0, 
2006/7/2,22:00,0.0, ,177840, ,9.37, ,57.60, ,100.0, 
2006/7/2,23:00,0.0, ,177720, ,13.30, ,58.10, ,100.0, 
2006/7/2,24:00,0.0, ,177500, ,9.46, ,58.00, ,99.5, 
2006/7/3,01:00,0.0, ,177330, ,11.59, ,58.10, ,99.4, 
2006/7/3,02:00,0.0, ,177160, ,12.38, ,58.30, ,99.3, 
2006/7/3,03:00,0.0, ,176990, ,9.81, ,58.20, ,99.2, 
2006/7/3,04:00,0.0, ,176990, ,11.96, ,20.70, ,99.2, 
2006/7/3,05:00,0.0, ,176930, ,6.42, ,18.30, ,99.1, 
2006/7/3,06:00,0.0, ,176930, ,16.07, ,18.40, ,99.1, 
2006/7/3,07:00,0.0, ,176870, ,8.95, ,18.60, ,99.1, 
2006/7/3,08:00,0.0, ,176870, ,12.12, ,18.20, ,99.1, 
2006/7/3,09:00,0.0, ,176760, ,11.19, ,32.40, ,99.0, 
2006/7/3,10:00,0.0, ,176650, ,14.56, ,57.50, ,98.9, 
2006/7/3,11:00,0.0, ,176480, ,19.22, ,57.80, ,98.8, 
2006/7/3,12:00,0.0, ,176360, ,16.89, ,57.60, ,98.7, 
2006/7/3,13:00,0.0, ,176310, ,16.00, ,32.50, ,98.7, 
2006/7/3,14:00,0.0, ,176140, ,17.10, ,57.60, ,98.6, 
2006/7/3,15:00,0.0, ,175970, ,18.85, ,57.60, ,98.5, 
2006/7/3,16:00,1.1, ,175910, ,17.52, ,57.60, ,98.5, 
2006/7/3,17:00,0.0, ,175740, ,18.79, ,57.50, ,98.3, 
2006/7/3,18:00,0.0, ,175570, ,17.01, ,57.30, ,98.2, 
2006/7/3,19:00,0.0, ,175460, ,20.20, ,57.80, ,98.2, 
2006/7/3,20:00,0.0, ,175290, ,20.89, ,57.80, ,98.0, 
2006/7/3,21:00,0.0, ,175180, ,14.68, ,57.70, ,98.0, 
2006/7/3,22:00,0.0, ,175120, ,17.59, ,28.80, ,97.9, 
2006/7/3,23:00,0.0, ,175060, ,17.86, ,29.00, ,97.9, 
2006/7/3,24:00,0.0, ,175010, ,16.48, ,26.40, ,98.6, 
2006/7/4,01:00,0.0, ,175010, ,11.85, ,26.30, ,98.6, 
2006/7/4,02:00,0.2, ,174890, ,12.08, ,26.50, ,98.5, 
2006/7/4,03:00,0.0, ,174890, ,10.46, ,4.30, ,98.5, 
2006/7/4,04:00,0.0, ,174840, ,8.17, ,0.00, ,98.4, 
2006/7/4,05:00,0.0, ,174890, ,9.65, ,0.00, ,98.5, 
2006/7/4,06:00,0.0, ,174890, ,4.43, ,0.00, ,98.5, 
2006/7/4,07:00,0.0, ,174950, ,12.00, ,0.00, ,98.5, 
2006/7/4,08:00,0.0, ,175010, ,7.31, ,0.00, ,98.6, 
2006/7/4,09:00,0.0, ,175010, ,12.09, ,4.90, ,98.6, 
2006/7/4,10:00,0.0, ,175010, ,16.19, ,32.60, ,98.6, 
2006/7/4,11:00,0.0, ,174950, ,31.35, ,30.10, ,98.5, 
2006/7/4,12:00,0.0, ,174950, ,14.74, ,30.20, ,98.5, 
2006/7/4,13:00,0.0, ,174890, ,24.30, ,20.70, ,98.5, 
2006/7/4,14:00,0.0, ,174840, ,11.25, ,41.40, ,98.4, 
2006/7/4,15:00,5.2, ,174670, ,23.13, ,58.00, ,98.3, 
2006/7/4,16:00,0.2, ,174610, ,17.55, ,58.10, ,98.3, 
2006/7/4,17:00,0.0, ,174500, ,20.43, ,31.30, ,98.2, 
2006/7/4,18:00,0.0, ,174390, ,19.05, ,58.20, ,98.2, 
2006/7/4,19:00,0.0, ,174220, ,21.00, ,57.60, ,98.0, 
2006/7/4,20:00,0.0, ,174110, ,16.43, ,57.80, ,98.0, 
2006/7/4,21:00,0.6, ,173940, ,20.17, ,57.90, ,97.9, 
2006/7/4,22:00,4.1, ,173880, ,22.01, ,57.80, ,97.8, 
2006/7/4,23:00,3.1, ,173830, ,23.26, ,31.10, ,97.8, 
2006/7/4,24:00,8.6, ,173830, ,30.00, ,29.10, ,97.5, 
2006/7/5,01:00,10.0, ,173830, ,28.94, ,29.20, ,97.5, 
2006/7/5,02:00,6.3, ,173880, ,41.62, ,28.90, ,97.6, 
2006/7/5,03:00,6.9, ,173940, ,42.46, ,29.10, ,97.6, 
2006/7/5,04:00,15.7, ,174220, ,63.01, ,20.50, ,97.8, 
2006/7/5,05:00,1.1, ,174670, ,122.98, ,18.50, ,98.1, 
2006/7/5,06:00,0.0, ,175180, ,167.65, ,28.70, ,98.4, 
2006/7/5,07:00,1.0, ,175460, ,147.94, ,57.90, ,98.6, 
2006/7/5,08:00,0.0, ,175630, ,120.38, ,57.80, ,98.7, 
2006/7/5,09:00,0.0, ,175800, ,103.38, ,57.50, ,98.8, 
2006/7/5,10:00,0.3, ,175850, ,88.51, ,57.60, ,98.8, 
2006/7/5,11:00,9.1, ,175970, ,83.35, ,57.70, ,98.9, 
2006/7/5,12:00,12.1, ,176190, ,104.85, ,57.30, ,99.1, 
2006/7/5,13:00,4.7, ,176420, ,119.93, ,57.40, ,99.2, 
2006/7/5,14:00,0.1, ,176760, ,136.72, ,57.20, ,99.4, 
2006/7/5,15:00,0.0, ,177040, ,145.64, ,57.60, ,99.6, 
2006/7/5,16:00,0.0, ,177210, ,120.46, ,56.90, ,99.7, 
2006/7/5,17:00,0.0, ,177380, ,107.32, ,57.10, ,99.8, 
2006/7/5,18:00,0.2, ,177550, ,97.49, ,57.50, ,99.9, 
2006/7/5,19:00,1.6, ,177670, ,89.90, ,57.60, ,100.0, 
2006/7/5,20:00,0.3, ,177720, ,88.05, ,57.30, ,100.0, 
2006/7/5,21:00,0.0, ,177780, ,75.18, ,57.20, ,100.0, 
2006/7/5,22:00,0.0, ,177840, ,74.91, ,57.60, ,100.0, 
2006/7/5,23:00,0.1, ,177890, ,74.08, ,58.30, ,100.0, 
2006/7/5,24:00,0.0, ,177950, ,66.29, ,58.10, ,100.0, 
2006/7/6,01:00,0.0, ,177950, ,69.25, ,58.00, ,100.0, 
2006/7/6,02:00,0.2, ,177950, ,58.15, ,58.50, ,100.0, 
2006/7/6,03:00,3.2, ,178010, ,72.36, ,58.30, ,100.0, 
2006/7/6,04:00,2.2, ,178060, ,66.56, ,57.90, ,100.0, 
2006/7/6,05:00,0.0, ,178060, ,67.08, ,58.10, ,100.0, 
2006/7/6,06:00,0.0, ,178060, ,58.20, ,58.10, ,100.0, 
2006/7/6,07:00,0.0, ,178060, ,58.18, ,58.30, ,100.0, 
2006/7/6,08:00,0.1, ,178120, ,70.08, ,58.20, ,100.0, 
2006/7/6,09:00,0.2, ,178120, ,62.14, ,57.80, ,100.0, 
2006/7/6,10:00,0.0, ,178120, ,58.16, ,58.10, ,100.0, 
2006/7/6,11:00,0.0, ,178120, ,58.23, ,58.20, ,100.0, 
2006/7/6,12:00,0.0, ,178120, ,58.24, ,58.10, ,100.0, 
2006/7/6,13:00,0.9, ,178120, ,58.18, ,58.30, ,100.0, 
2006/7/6,14:00,0.1, ,178120, ,58.22, ,58.20, ,100.0, 
2006/7/6,15:00,0.0, ,178060, ,48.20, ,58.40, ,100.0, 
2006/7/6,16:00,0.0, ,178060, ,52.42, ,58.00, ,100.0, 
2006/7/6,17:00,0.0, ,178010, ,44.81, ,58.20, ,100.0, 
2006/7/6,18:00,0.0, ,177950, ,42.89, ,58.20, ,100.0, 
2006/7/6,19:00,0.0, ,177890, ,46.55, ,58.10, ,100.0, 
2006/7/6,20:00,0.0, ,177890, ,51.05, ,58.30, ,100.0, 
2006/7/6,21:00,0.0, ,177840, ,44.51, ,58.20, ,99.9, 
2006/7/6,22:00,0.0, ,177780, ,46.06, ,58.10, ,99.9, 
2006/7/6,23:00,0.0, ,177720, ,40.27, ,58.40, ,99.9, 
2006/7/6,24:00,0.0, ,177670, ,44.80, ,58.20, ,100.0, 
2006/7/7,01:00,0.0, ,177610, ,45.07, ,58.40, ,100.0, 
2006/7/7,02:00,0.0, ,177550, ,39.60, ,58.20, ,99.9, 
2006/7/7,03:00,0.0, ,177500, ,43.53, ,58.10, ,99.9, 
2006/7/7,04:00,0.0, ,177440, ,40.91, ,58.00, ,99.9, 
2006/7/7,05:00,0.0, ,177380, ,37.53, ,58.60, ,99.8, 
2006/7/7,06:00,0.1, ,177270, ,41.45, ,58.40, ,99.7, 
2006/7/7,07:00,0.0, ,177210, ,39.40, ,58.20, ,99.7, 
2006/7/7,08:00,0.0, ,177160, ,42.50, ,58.40, ,99.7, 
2006/7/7,09:00,0.3, ,177100, ,37.81, ,58.50, ,99.6, 
2006/7/7,10:00,0.4, ,176990, ,35.74, ,58.40, ,99.6, 
2006/7/7,11:00,0.0, ,176930, ,34.20, ,58.30, ,99.5, 
2006/7/7,12:00,0.0, ,176870, ,45.29, ,58.30, ,99.5, 
2006/7/7,13:00,0.0, ,176820, ,38.20, ,58.50, ,99.5, 
2006/7/7,14:00,0.0, ,176760, ,37.92, ,58.60, ,99.4, 
2006/7/7,15:00,0.0, ,176650, ,39.72, ,58.20, ,99.4, 
2006/7/7,16:00,0.0, ,176590, ,36.56, ,58.40, ,99.3, 
2006/7/7,17:00,0.0, ,176480, ,35.03, ,58.30, ,99.3, 
2006/7/7,18:00,0.0, ,176420, ,36.31, ,58.20, ,99.2, 
2006/7/7,19:00,0.0, ,176310, ,36.06, ,58.10, ,99.1, 
2006/7/7,20:00,0.2, ,176250, ,32.46, ,58.40, ,99.1, 
2006/7/7,21:00,0.0, ,176140, ,36.71, ,58.50, ,99.0, 
2006/7/7,22:00,0.0, ,176080, ,33.84, ,58.40, ,99.0, 
2006/7/7,23:00,0.0, ,175970, ,35.44, ,58.80, ,98.9, 
2006/7/7,24:00,0.0, ,175910, ,33.66, ,58.80, ,100.0, 
2006/7/8,01:00,0.0, ,175800, ,32.08, ,58.90, ,99.9, 
2006/7/8,02:00,0.0, ,175680, ,33.92, ,58.90, ,99.9, 
2006/7/8,03:00,0.0, ,175630, ,30.24, ,58.60, ,99.8, 
2006/7/8,04:00,0.0, ,175510, ,31.61, ,58.50, ,99.8, 
2006/7/8,05:00,0.0, ,175400, ,32.90, ,58.60, ,99.7, 
2006/7/8,06:00,0.0, ,175350, ,32.93, ,58.70, ,99.7, 
2006/7/8,07:00,0.0, ,175230, ,32.16, ,58.70, ,99.6, 
2006/7/8,08:00,0.0, ,175120, ,32.70, ,58.70, ,99.5, 
2006/7/8,09:00,0.0, ,175060, ,31.22, ,58.30, ,99.5, 
2006/7/8,10:00,0.3, ,174950, ,31.50, ,58.60, ,99.4, 
2006/7/8,11:00,0.0, ,174840, ,27.56, ,58.60, ,99.3, 
2006/7/8,12:00,0.0, ,174730, ,30.19, ,58.70, ,99.3, 
2006/7/8,13:00,0.3, ,174610, ,34.35, ,58.40, ,99.2, 
2006/7/8,14:00,0.3, ,174500, ,28.45, ,58.60, ,99.1, 
2006/7/8,15:00,4.7, ,174440, ,28.99, ,58.70, ,99.1, 
2006/7/8,16:00,0.8, ,174330, ,34.03, ,58.40, ,99.0, 
2006/7/8,17:00,0.9, ,174270, ,33.48, ,58.60, ,99.0, 
2006/7/8,18:00,0.1, ,174160, ,31.67, ,58.80, ,98.9, 
2006/7/8,19:00,0.0, ,174050, ,36.66, ,58.80, ,98.8, 
2006/7/8,20:00,0.0, ,173990, ,33.29, ,58.70, ,98.8, 
2006/7/8,21:00,1.1, ,173940, ,37.41, ,58.70, ,98.8, 
2006/7/8,22:00,2.6, ,173880, ,46.31, ,58.80, ,98.7, 
2006/7/8,23:00,0.6, ,173770, ,36.93, ,58.70, ,98.7, 
2006/7/8,24:00,0.1, ,173710, ,35.37, ,58.50, ,100.0, 
2006/7/9,01:00,0.0, ,173600, ,35.34, ,58.70, ,99.9, 
2006/7/9,02:00,0.0, ,173660, ,26.88, ,18.50, ,100.0, 
2006/7/9,03:00,0.0, ,173710, ,31.23, ,18.50, ,100.0, 
2006/7/9,04:00,0.5, ,173770, ,38.22, ,18.60, ,100.0, 
2006/7/9,05:00,0.5, ,173830, ,32.10, ,20.50, ,100.0, 
2006/7/9,06:00,0.1, ,173880, ,36.53, ,18.50, ,100.0, 
2006/7/9,07:00,1.6, ,173880, ,37.13, ,30.20, ,100.0, 
2006/7/9,08:00,1.3, ,173880, ,43.68, ,58.00, ,100.0, 
2006/7/9,09:00,1.1, ,173830, ,47.27, ,57.80, ,100.0, 
2006/7/9,10:00,2.9, ,173710, ,34.27, ,57.80, ,100.0, 
2006/7/9,11:00,6.7, ,173710, ,45.38, ,58.00, ,100.0, 
2006/7/9,12:00,2.5, ,173710, ,57.86, ,57.80, ,100.0, 
2006/7/9,13:00,0.0, ,173710, ,57.91, ,57.80, ,100.0, 
2006/7/9,14:00,0.0, ,173710, ,57.86, ,58.00, ,100.0, 
2006/7/9,15:00,0.0, ,173710, ,57.87, ,57.70, ,100.0, 
2006/7/9,16:00,0.0, ,173710, ,57.85, ,58.00, ,100.0, 
2006/7/9,17:00,0.0, ,173710, ,57.90, ,57.90, ,100.0, 
2006/7/9,18:00,0.0, ,173710, ,50.94, ,44.30, ,100.0, 
2006/7/9,19:00,0.0, ,173710, ,44.14, ,43.90, ,100.0, 
2006/7/9,20:00,0.0, ,173770, ,53.78, ,44.00, ,100.0, 
2006/7/9,21:00,0.0, ,173830, ,47.71, ,32.80, ,100.0, 
2006/7/9,22:00,0.0, ,173830, ,44.81, ,32.50, ,100.0, 
2006/7/9,23:00,0.1, ,173880, ,46.34, ,32.80, ,100.0, 
2006/7/9,24:00,0.1, ,173940, ,43.89, ,30.40, ,100.0, 
2006/7/10,01:00,0.3, ,173990, ,43.06, ,18.60, ,100.0, 
2006/7/10,02:00,0.0, ,174110, ,41.36, ,18.30, ,100.0, 
2006/7/10,03:00,0.3, ,174160, ,37.97, ,6.10, ,100.0, 
2006/7/10,04:00,0.1, ,174330, ,44.33, ,0.00, ,100.0, 
2006/7/10,05:00,0.2, ,174500, ,37.76, ,0.00, ,100.0, 
2006/7/10,06:00,0.0, ,174610, ,41.69, ,0.00, ,100.0, 
2006/7/10,07:00,0.0, ,174730, ,34.93, ,0.00, ,100.0, 
2006/7/10,08:00,0.4, ,174890, ,38.33, ,0.00, ,100.0, 
2006/7/10,09:00,2.1, ,175010, ,38.18, ,5.10, ,100.0, 
2006/7/10,10:00,0.8, ,175120, ,35.12, ,15.50, ,100.0, 
2006/7/10,11:00,1.0, ,175120, ,41.96, ,30.10, ,100.0, 
2006/7/10,12:00,2.3, ,175120, ,43.95, ,57.60, ,100.0, 
2006/7/10,13:00,1.3, ,175120, ,43.70, ,29.90, ,100.0, 
2006/7/10,14:00,1.0, ,175120, ,44.02, ,57.70, ,100.0, 
2006/7/10,15:00,0.6, ,175120, ,57.77, ,57.60, ,100.0, 
2006/7/10,16:00,1.1, ,175060, ,42.09, ,57.80, ,100.0, 
2006/7/10,17:00,1.3, ,175010, ,45.79, ,57.80, ,100.0, 
2006/7/10,18:00,4.2, ,174950, ,50.70, ,57.80, ,100.0, 
2006/7/10,19:00,7.3, ,174950, ,45.51, ,57.70, ,100.0, 
2006/7/10,20:00,2.4, ,174950, ,57.77, ,57.90, ,100.0, 
2006/7/10,21:00,0.7, ,174950, ,57.73, ,57.30, ,100.0, 
2006/7/10,22:00,0.4, ,175010, ,70.79, ,57.60, ,100.0, 
2006/7/10,23:00,2.3, ,175120, ,71.58, ,57.80, ,100.0, 
2006/7/10,24:00,4.6, ,175180, ,84.10, ,57.60, ,100.0, 
2006/7/11,01:00,1.0, ,175400, ,99.24, ,57.80, ,100.0, 
2006/7/11,02:00,0.7, ,175740, ,137.97, ,57.60, ,100.0, 
2006/7/11,03:00,0.5, ,176080, ,149.21, ,57.80, ,100.0, 
2006/7/11,04:00,0.1, ,176250, ,128.84, ,57.60, ,100.0, 
2006/7/11,05:00,0.2, ,176480, ,114.21, ,57.80, ,100.0, 
2006/7/11,06:00,0.4, ,176590, ,99.78, ,57.60, ,100.0, 
2006/7/11,07:00,0.1, ,176700, ,96.57, ,57.60, ,100.0, 
2006/7/11,08:00,0.0, ,176820, ,83.76, ,57.70, ,100.0, 
2006/7/11,09:00,0.8, ,176870, ,83.98, ,57.30, ,100.0, 
2006/7/11,10:00,0.0, ,176990, ,84.28, ,57.80, ,100.0, 
2006/7/11,11:00,0.0, ,177040, ,77.50, ,57.60, ,100.0, 
2006/7/11,12:00,0.0, ,177100, ,74.03, ,57.60, ,100.0, 
2006/7/11,13:00,0.2, ,177160, ,73.17, ,57.20, ,100.0, 
2006/7/11,14:00,0.3, ,177210, ,69.43, ,57.30, ,100.0, 
2006/7/11,15:00,0.0, ,177210, ,66.04, ,57.40, ,100.0, 
2006/7/11,16:00,0.0, ,177270, ,69.20, ,57.60, ,100.0, 
2006/7/11,17:00,0.0, ,177270, ,61.39, ,57.30, ,100.0, 
2006/7/11,18:00,0.1, ,177270, ,57.34, ,57.40, ,100.0, 
2006/7/11,19:00,0.1, ,177270, ,57.37, ,57.30, ,100.0, 
2006/7/11,20:00,0.0, ,177270, ,57.33, ,57.30, ,100.0, 
2006/7/11,21:00,0.1, ,177270, ,57.38, ,57.30, ,100.0, 
2006/7/11,22:00,0.0, ,177270, ,57.38, ,57.60, ,100.0, 
2006/7/11,23:00,0.0, ,177270, ,57.35, ,57.50, ,100.0, 
2006/7/11,24:00,0.0, ,177270, ,57.40, ,57.40, ,100.0, 
2006/7/12,01:00,0.0, ,177270, ,57.41, ,57.50, ,100.0, 
2006/7/12,02:00,0.0, ,177270, ,57.49, ,57.50, ,100.0, 
2006/7/12,03:00,0.0, ,177270, ,57.45, ,57.30, ,100.0, 
2006/7/12,04:00,0.0, ,177210, ,47.95, ,57.60, ,100.0, 
2006/7/12,05:00,0.0, ,177210, ,51.15, ,57.30, ,100.0, 
2006/7/12,06:00,0.0, ,177160, ,48.78, ,57.40, ,99.9, 
2006/7/12,07:00,0.0, ,177160, ,50.33, ,57.40, ,99.9, 
2006/7/12,08:00,0.0, ,177100, ,47.19, ,57.50, ,99.9, 
2006/7/12,09:00,0.0, ,177040, ,49.82, ,57.40, ,99.9, 
2006/7/12,10:00,0.2, ,177040, ,43.78, ,57.60, ,99.9, 
2006/7/12,11:00,0.0, ,176990, ,44.61, ,57.50, ,99.8, 
2006/7/12,12:00,0.0, ,176930, ,45.69, ,57.50, ,99.8, 
2006/7/12,13:00,0.0, ,176870, ,49.90, ,57.40, ,99.8, 
2006/7/12,14:00,0.0, ,176870, ,42.55, ,57.20, ,99.8, 
2006/7/12,15:00,0.1, ,176820, ,46.00, ,57.30, ,99.7, 
2006/7/12,16:00,0.7, ,176760, ,41.23, ,57.40, ,99.7, 
2006/7/12,17:00,1.7, ,176700, ,45.64, ,57.30, ,99.7, 
2006/7/12,18:00,0.5, ,176700, ,49.83, ,57.40, ,99.7, 
2006/7/12,19:00,0.0, ,176650, ,46.42, ,57.50, ,99.6, 
2006/7/12,20:00,0.6, ,176590, ,45.93, ,57.20, ,99.6, 
2006/7/12,21:00,0.2, ,176590, ,48.53, ,57.70, ,99.6, 
2006/7/12,22:00,0.0, ,176590, ,39.15, ,20.50, ,99.6, 
2006/7/12,23:00,0.3, ,176700, ,33.49, ,20.70, ,99.7, 
2006/7/12,24:00,0.0, ,176760, ,47.65, ,18.40, ,100.0, 
2006/7/13,01:00,0.0, ,176870, ,46.57, ,18.40, ,100.0, 
2006/7/13,02:00,0.0, ,176990, ,43.13, ,18.40, ,100.0, 
2006/7/13,03:00,0.0, ,177040, ,42.92, ,7.30, ,100.0, 
2006/7/13,04:00,0.1, ,177210, ,41.57, ,0.00, ,100.0, 
2006/7/13,05:00,0.0, ,177380, ,39.15, ,0.00, ,100.0, 
2006/7/13,06:00,0.0, ,177500, ,43.73, ,5.20, ,100.0, 
2006/7/13,07:00,0.0, ,177610, ,38.71, ,18.40, ,100.0, 
2006/7/13,08:00,0.0, ,177610, ,50.80, ,41.10, ,100.0, 
2006/7/13,09:00,0.0, ,177550, ,40.70, ,57.20, ,100.0, 
2006/7/13,10:00,0.0, ,177500, ,37.42, ,57.10, ,100.0, 
2006/7/13,11:00,0.0, ,177380, ,35.27, ,57.30, ,100.0, 
2006/7/13,12:00,0.0, ,177330, ,37.42, ,57.80, ,100.0, 
2006/7/13,13:00,0.0, ,177270, ,40.03, ,57.30, ,100.0, 
2006/7/13,14:00,0.0, ,177160, ,31.85, ,57.20, ,100.0, 
2006/7/13,15:00,0.0, ,177100, ,36.09, ,57.40, ,100.0, 
2006/7/13,16:00,3.6, ,176990, ,35.97, ,57.60, ,100.0, 
2006/7/13,17:00,7.1, ,176930, ,35.96, ,57.50, ,100.0, 
2006/7/13,18:00,3.5, ,176870, ,38.36, ,57.60, ,100.0, 
2006/7/13,19:00,0.0, ,176760, ,34.96, ,57.40, ,100.0, 
2006/7/13,20:00,0.6, ,176700, ,40.22, ,57.20, ,100.0, 
2006/7/13,21:00,0.0, ,176700, ,42.28, ,57.40, ,100.0, 
2006/7/13,22:00,0.0, ,176650, ,54.70, ,57.80, ,99.9, 
2006/7/13,23:00,0.5, ,176700, ,30.66, ,20.50, ,100.0, 
2006/7/13,24:00,0.1, ,176820, ,41.29, ,4.00, ,100.0, 
2006/7/14,01:00,0.0, ,176930, ,45.96, ,0.00, ,100.0, 
2006/7/14,02:00,0.0, ,177100, ,37.81, ,0.00, ,100.0, 
2006/7/14,03:00,0.0, ,177210, ,40.71, ,0.00, ,100.0, 
2006/7/14,04:00,0.0, ,177380, ,38.37, ,0.00, ,100.0, 
2006/7/14,05:00,0.0, ,177500, ,37.85, ,0.00, ,100.0, 
2006/7/14,06:00,0.0, ,177610, ,36.01, ,0.00, ,100.0, 
2006/7/14,07:00,0.0, ,177720, ,36.02, ,0.00, ,100.0, 
2006/7/14,08:00,0.0, ,177890, ,33.75, ,5.10, ,100.0, 
2006/7/14,09:00,0.0, ,177950, ,40.53, ,18.50, ,100.0, 
2006/7/14,10:00,0.0, ,177950, ,32.09, ,29.90, ,100.0, 
2006/7/14,11:00,0.0, ,177890, ,39.75, ,57.50, ,100.0, 
2006/7/14,12:00,0.0, ,177840, ,36.27, ,34.90, ,100.0, 
2006/7/14,13:00,3.7, ,177840, ,31.76, ,20.70, ,100.0, 
2006/7/14,14:00,3.7, ,177890, ,50.52, ,57.10, ,100.0, 
2006/7/14,15:00,8.3, ,177840, ,50.53, ,57.30, ,100.0, 
2006/7/14,16:00,3.6, ,177840, ,52.37, ,57.70, ,100.0, 
2006/7/14,17:00,0.4, ,177890, ,62.66, ,57.50, ,100.0, 
2006/7/14,18:00,0.1, ,178010, ,82.91, ,57.10, ,100.0, 
2006/7/14,19:00,0.0, ,178120, ,80.80, ,32.20, ,100.0, 
2006/7/14,20:00,0.0, ,178290, ,68.01, ,13.60, ,100.0, 
2006/7/14,21:00,0.0, ,178460, ,61.68, ,0.00, ,100.0, 
2006/7/14,22:00,0.0, ,178690, ,56.16, ,0.00, ,100.0, 
2006/7/14,23:00,0.0, ,178860, ,51.21, ,0.00, ,100.0, 
2006/7/14,24:00,0.0, ,179030, ,50.71, ,0.00, ,100.0, 
2006/7/15,01:00,0.0, ,179200, ,47.28, ,0.00, ,100.0, 
2006/7/15,02:00,0.0, ,179380, ,51.54, ,0.00, ,100.0, 
2006/7/15,03:00,0.0, ,179550, ,43.11, ,0.00, ,100.0, 
2006/7/15,04:00,0.0, ,179720, ,45.78, ,0.00, ,100.0, 
2006/7/15,05:00,0.0, ,179890, ,44.48, ,0.00, ,100.0, 
2006/7/15,06:00,0.0, ,180000, ,43.71, ,0.00, ,100.0, 
2006/7/15,07:00,0.0, ,180180, ,42.41, ,0.00, ,100.0, 
2006/7/15,08:00,0.0, ,180290, ,39.60, ,5.00, ,100.0, 
2006/7/15,09:00,0.0, ,180350, ,44.48, ,29.60, ,100.0, 
2006/7/15,10:00,0.0, ,180350, ,42.35, ,51.50, ,100.0, 
2006/7/15,11:00,0.0, ,180290, ,51.24, ,51.40, ,100.0, 
2006/7/15,12:00,0.0, ,180290, ,36.84, ,54.20, ,100.0, 
2006/7/15,13:00,1.8, ,180290, ,42.80, ,51.60, ,100.0, 
2006/7/15,14:00,0.9, ,180290, ,62.90, ,54.40, ,100.0, 
2006/7/15,15:00,0.0, ,180290, ,53.21, ,51.70, ,100.0, 
2006/7/15,16:00,0.0, ,180290, ,52.58, ,53.90, ,100.0, 
2006/7/15,17:00,0.0, ,180230, ,46.75, ,28.40, ,100.0, 
2006/7/15,18:00,0.0, ,180350, ,32.69, ,0.00, ,100.0, 
2006/7/15,19:00,0.0, ,180520, ,46.70, ,0.00, ,100.0, 
2006/7/15,20:00,0.0, ,180690, ,37.70, ,0.00, ,100.0, 
2006/7/15,21:00,0.0, ,180810, ,36.66, ,0.00, ,100.0, 
2006/7/15,22:00,0.0, ,180920, ,35.61, ,0.00, ,100.0, 
2006/7/15,23:00,0.0, ,181040, ,34.83, ,0.00, ,100.0, 
2006/7/15,24:00,0.0, ,181150, ,33.24, ,0.00, ,100.0, 
2006/7/16,01:00,0.0, ,181270, ,33.79, ,0.00, ,100.0, 
2006/7/16,02:00,0.0, ,181380, ,31.94, ,0.00, ,100.0, 
2006/7/16,03:00,0.0, ,181500, ,34.08, ,0.00, ,100.0, 
2006/7/16,04:00,0.0, ,181610, ,31.96, ,0.00, ,100.0, 
2006/7/16,05:00,0.0, ,181780, ,33.04, ,0.00, ,100.0, 
2006/7/16,06:00,0.0, ,181840, ,31.82, ,5.20, ,100.0, 
2006/7/16,07:00,0.0, ,181900, ,35.10, ,29.40, ,100.0, 
2006/7/16,08:00,0.0, ,181840, ,40.54, ,51.30, ,100.0, 
2006/7/16,09:00,0.0, ,181780, ,31.02, ,51.10, ,100.0, 
2006/7/16,10:00,0.0, ,181730, ,36.89, ,51.30, ,100.0, 
2006/7/16,11:00,0.0, ,181610, ,29.75, ,51.30, ,100.0, 
2006/7/16,12:00,0.0, ,181550, ,26.20, ,54.20, ,100.0, 
2006/7/16,13:00,0.0, ,181500, ,32.53, ,51.10, ,100.0, 
2006/7/16,14:00,0.0, ,181380, ,27.05, ,54.10, ,100.0, 
2006/7/16,15:00,0.0, ,181270, ,27.18, ,54.20, ,100.0, 
2006/7/16,16:00,0.0, ,181210, ,21.49, ,0.00, ,100.0, 
2006/7/16,17:00,0.0, ,181320, ,16.85, ,0.00, ,100.0, 
2006/7/16,18:00,0.0, ,181380, ,23.16, ,0.00, ,100.0, 
2006/7/16,19:00,0.0, ,181500, ,20.50, ,0.00, ,100.0, 
2006/7/16,20:00,0.0, ,181500, ,18.64, ,0.00, ,100.0, 
2006/7/16,21:00,0.0, ,181610, ,18.65, ,0.00, ,100.0, 
2006/7/16,22:00,0.0, ,181670, ,15.99, ,0.00, ,100.0, 
2006/7/16,23:00,0.0, ,181730, ,19.45, ,0.00, ,100.0, 
2006/7/16,24:00,0.0, ,181780, ,12.53, ,0.00, ,100.0, 
2006/7/17,01:00,0.0, ,181840, ,15.73, ,0.00, ,100.0, 
2006/7/17,02:00,0.0, ,181900, ,19.73, ,0.00, ,100.0, 
2006/7/17,03:00,0.0, ,181960, ,16.80, ,0.00, ,100.0, 
2006/7/17,04:00,0.0, ,182020, ,14.67, ,0.00, ,100.0, 
2006/7/17,05:00,0.0, ,182070, ,17.61, ,0.00, ,100.0, 
2006/7/17,06:00,0.0, ,182130, ,14.68, ,0.00, ,100.0, 
2006/7/17,07:00,0.0, ,182190, ,18.95, ,0.00, ,100.0, 
2006/7/17,08:00,0.0, ,182250, ,13.62, ,0.00, ,100.0, 
2006/7/17,09:00,0.0, ,182300, ,20.38, ,5.10, ,100.0, 
2006/7/17,10:00,0.0, ,182360, ,32.64, ,29.90, ,100.0, 
2006/7/17,11:00,0.0, ,182300, ,34.22, ,49.90, ,100.0, 
2006/7/17,12:00,0.0, ,182190, ,22.37, ,52.60, ,100.0, 
2006/7/17,13:00,0.0, ,182070, ,22.23, ,50.00, ,100.0, 
2006/7/17,14:00,0.0, ,182020, ,27.21, ,16.20, ,100.0, 
2006/7/17,15:00,0.0, ,182070, ,7.91, ,5.20, ,100.0, 
2006/7/17,16:00,0.0, ,182070, ,25.74, ,29.70, ,100.0, 
2006/7/17,17:00,0.0, ,182070, ,29.70, ,29.50, ,100.0, 
2006/7/17,18:00,0.0, ,182070, ,29.69, ,29.80, ,100.0, 
2006/7/17,19:00,0.0, ,182020, ,20.64, ,29.70, ,100.0, 
2006/7/17,20:00,0.1, ,182020, ,22.54, ,14.40, ,100.0, 
2006/7/17,21:00,0.4, ,182070, ,20.63, ,0.00, ,100.0, 
2006/7/17,22:00,0.0, ,182190, ,22.95, ,0.00, ,100.0, 
2006/7/17,23:00,0.0, ,182190, ,18.95, ,0.00, ,100.0, 
2006/7/17,24:00,0.0, ,182300, ,18.96, ,0.00, ,100.0, 
2006/7/18,01:00,0.0, ,182300, ,13.08, ,0.00, ,100.0, 
2006/7/18,02:00,0.0, ,182420, ,18.70, ,0.00, ,100.0, 
2006/7/18,03:00,0.0, ,182420, ,13.36, ,0.00, ,100.0, 
2006/7/18,04:00,0.0, ,182480, ,14.96, ,0.00, ,100.0, 
2006/7/18,05:00,0.0, ,182530, ,12.32, ,0.00, ,100.0, 
2006/7/18,06:00,0.1, ,182590, ,13.37, ,0.00, ,100.0, 
2006/7/18,07:00,0.2, ,182650, ,19.52, ,0.00, ,100.0, 
2006/7/18,08:00,0.2, ,182710, ,12.83, ,0.00, ,100.0, 
2006/7/18,09:00,0.0, ,182770, ,19.34, ,5.10, ,100.0, 
2006/7/18,10:00,0.1, ,182770, ,19.16, ,29.70, ,100.0, 
2006/7/18,11:00,0.1, ,182710, ,36.10, ,56.80, ,100.0, 
2006/7/18,12:00,0.2, ,182590, ,25.41, ,56.80, ,100.0, 
2006/7/18,13:00,0.8, ,182530, ,22.64, ,32.10, ,100.0, 
2006/7/18,14:00,0.5, ,182420, ,22.35, ,56.70, ,100.0, 
2006/7/18,15:00,0.1, ,182300, ,27.32, ,57.10, ,100.0, 
2006/7/18,16:00,0.1, ,182190, ,18.75, ,56.70, ,99.9, 
2006/7/18,17:00,0.0, ,182070, ,25.21, ,56.90, ,99.9, 
2006/7/18,18:00,0.2, ,182020, ,22.47, ,40.60, ,99.8, 
2006/7/18,19:00,0.0, ,181900, ,17.89, ,38.20, ,99.8, 
2006/7/18,20:00,0.0, ,181840, ,25.44, ,38.30, ,99.7, 
2006/7/18,21:00,0.0, ,181900, ,8.63, ,0.00, ,99.8, 
2006/7/18,22:00,0.0, ,181960, ,20.80, ,0.00, ,99.8, 
2006/7/18,23:00,0.0, ,182020, ,20.54, ,0.00, ,99.8, 
2006/7/18,24:00,0.0, ,182070, ,14.94, ,0.00, ,100.0, 
2006/7/19,01:00,0.0, ,182130, ,18.14, ,0.00, ,100.0, 
2006/7/19,02:00,0.0, ,182190, ,12.01, ,0.00, ,100.0, 
2006/7/19,03:00,0.1, ,182250, ,12.28, ,0.00, ,100.0, 
2006/7/19,04:00,0.6, ,182300, ,11.21, ,0.00, ,100.0, 
2006/7/19,05:00,4.1, ,182300, ,14.42, ,0.00, ,100.0, 
2006/7/19,06:00,1.9, ,182420, ,17.92, ,0.00, ,100.0, 
2006/7/19,07:00,2.7, ,182420, ,14.18, ,0.00, ,100.0, 
2006/7/19,08:00,2.3, ,182530, ,19.24, ,0.00, ,100.0, 
2006/7/19,09:00,4.5, ,182590, ,21.20, ,5.00, ,100.0, 
2006/7/19,10:00,3.4, ,182590, ,22.83, ,29.70, ,100.0, 
2006/7/19,11:00,8.1, ,182530, ,37.35, ,56.80, ,100.0, 
2006/7/19,12:00,14.3, ,182530, ,46.50, ,56.50, ,100.0, 
2006/7/19,13:00,4.9, ,182590, ,48.72, ,32.10, ,100.0, 
2006/7/19,14:00,1.3, ,182710, ,70.62, ,56.40, ,100.0, 
2006/7/19,15:00,0.7, ,182820, ,84.46, ,56.80, ,100.0, 
2006/7/19,16:00,0.7, ,183000, ,102.96, ,56.90, ,100.0, 
2006/7/19,17:00,0.7, ,183110, ,95.50, ,56.70, ,100.0, 
2006/7/19,18:00,0.0, ,183170, ,76.72, ,56.50, ,100.0, 
2006/7/19,19:00,0.7, ,183170, ,69.11, ,56.70, ,100.0, 
2006/7/19,20:00,0.8, ,183230, ,70.28, ,56.70, ,100.0, 
2006/7/19,21:00,0.6, ,183230, ,59.00, ,56.80, ,100.0, 
2006/7/19,22:00,0.6, ,183230, ,56.61, ,56.60, ,100.0, 
2006/7/19,23:00,2.6, ,183230, ,56.61, ,56.50, ,100.0, 
2006/7/19,24:00,1.3, ,183230, ,56.65, ,56.60, ,100.0, 
2006/7/20,01:00,0.7, ,183230, ,56.62, ,56.40, ,100.0, 
2006/7/20,02:00,9.5, ,183230, ,56.58, ,56.90, ,100.0, 
2006/7/20,03:00,7.4, ,183290, ,58.79, ,56.60, ,100.0, 
2006/7/20,04:00,4.2, ,183340, ,76.98, ,56.70, ,100.0, 
2006/7/20,05:00,8.0, ,183580, ,98.20, ,56.40, ,100.0, 
2006/7/20,06:00,0.2, ,183870, ,127.45, ,56.70, ,100.0, 
2006/7/20,07:00,0.0, ,184160, ,138.51, ,56.50, ,100.0, 
2006/7/20,08:00,0.1, ,184450, ,140.44, ,56.40, ,100.0, 
2006/7/20,09:00,4.1, ,184850, ,150.69, ,56.20, ,100.0, 
2006/7/20,10:00,4.4, ,185260, ,172.55, ,56.20, ,100.0, 
2006/7/20,11:00,4.9, ,185730, ,173.66, ,56.40, ,100.0, 
2006/7/20,12:00,2.6, ,186140, ,172.47, ,56.40, ,100.0, 
2006/7/20,13:00,5.8, ,186600, ,181.50, ,56.20, ,100.0, 
2006/7/20,14:00,2.9, ,187130, ,202.40, ,56.00, ,100.0, 
2006/7/20,15:00,2.6, ,187780, ,220.70, ,56.00, ,100.0, 
2006/7/20,16:00,2.8, ,188420, ,224.16, ,55.80, ,100.0, 
2006/7/20,17:00,0.3, ,189010, ,225.37, ,55.90, ,100.0, 
2006/7/20,18:00,0.6, ,189600, ,218.96, ,55.80, ,100.0, 
2006/7/20,19:00,0.2, ,190070, ,209.99, ,55.80, ,100.0, 
2006/7/20,20:00,0.0, ,190600, ,195.96, ,55.70, ,100.0, 
2006/7/20,21:00,0.3, ,191010, ,187.98, ,55.50, ,100.0, 
2006/7/20,22:00,1.6, ,191430, ,175.81, ,55.20, ,100.0, 
2006/7/20,23:00,0.3, ,191840, ,162.76, ,56.40, ,100.0, 
2006/7/20,24:00,1.0, ,192140, ,154.90, ,56.00, ,100.0, 
2006/7/21,01:00,3.2, ,192500, ,147.25, ,56.30, ,100.0, 
2006/7/21,02:00,0.6, ,192790, ,145.94, ,56.50, ,100.0, 
2006/7/21,03:00,2.1, ,193090, ,142.17, ,56.30, ,100.0, 
2006/7/21,04:00,3.3, ,193390, ,144.08, ,55.90, ,100.0, 
2006/7/21,05:00,2.9, ,193750, ,145.22, ,56.20, ,100.0, 
2006/7/21,06:00,1.6, ,194040, ,145.33, ,56.20, ,100.0, 
2006/7/21,07:00,0.7, ,194400, ,146.74, ,56.20, ,100.0, 
2006/7/21,08:00,3.2, ,194760, ,156.45, ,56.10, ,100.0, 
2006/7/21,09:00,7.0, ,195240, ,167.60, ,56.20, ,100.0, 
2006/7/21,10:00,0.4, ,195540, ,168.95, ,76.28, ,100.0, 
2006/7/21,11:00,0.0, ,195780, ,185.49, ,158.68, ,100.0, 
2006/7/21,12:00,0.0, ,195840, ,186.86, ,158.72, ,100.0, 
2006/7/21,13:00,0.0, ,195900, ,181.33, ,158.86, ,100.0, 
2006/7/21,14:00,0.4, ,195960, ,174.56, ,159.20, ,100.0, 
2006/7/21,15:00,1.1, ,195960, ,161.28, ,159.10, ,100.0, 
2006/7/21,16:00,1.4, ,195960, ,159.05, ,159.00, ,100.0, 
2006/7/21,17:00,1.1, ,195900, ,150.40, ,139.04, ,100.0, 
2006/7/21,18:00,0.5, ,195840, ,133.21, ,138.92, ,100.0, 
2006/7/21,19:00,0.3, ,195900, ,116.00, ,119.64, ,100.0, 
2006/7/21,20:00,0.0, ,195900, ,134.28, ,119.84, ,100.0, 
2006/7/21,21:00,0.0, ,195900, ,119.86, ,119.84, ,100.0, 
2006/7/21,22:00,0.0, ,195900, ,119.89, ,119.94, ,100.0, 
2006/7/21,23:00,0.0, ,195900, ,119.91, ,120.14, ,100.0, 
2006/7/21,24:00,0.0, ,195900, ,119.90, ,119.84, ,100.0, 
2006/7/22,01:00,0.0, ,195840, ,93.91, ,89.82, ,100.0, 
2006/7/22,02:00,0.0, ,195900, ,95.62, ,89.56, ,100.0, 
2006/7/22,03:00,0.0, ,195960, ,102.10, ,89.50, ,100.0, 
2006/7/22,04:00,0.0, ,195960, ,103.81, ,89.70, ,100.0, 
2006/7/22,05:00,0.0, ,195960, ,89.63, ,89.50, ,100.0, 
2006/7/22,06:00,0.0, ,196020, ,90.24, ,89.94, ,100.0, 
2006/7/22,07:00,0.0, ,196020, ,105.79, ,89.74, ,100.0, 
2006/7/22,08:00,0.0, ,196020, ,89.73, ,89.64, ,100.0, 
2006/7/22,09:00,0.0, ,196020, ,89.69, ,89.74, ,100.0, 
2006/7/22,10:00,0.0, ,195960, ,88.86, ,89.90, ,100.0, 
2006/7/22,11:00,0.0, ,196020, ,65.10, ,65.50, ,100.0, 
2006/7/22,12:00,0.0, ,196020, ,78.95, ,65.60, ,100.0, 
2006/7/22,13:00,0.0, ,196080, ,80.04, ,65.50, ,100.0, 
2006/7/22,14:00,0.0, ,196140, ,78.41, ,65.42, ,100.0, 
2006/7/22,15:00,0.0, ,196140, ,71.71, ,65.52, ,100.0, 
2006/7/22,16:00,0.0, ,196200, ,78.12, ,65.72, ,100.0, 
2006/7/22,17:00,0.3, ,196200, ,69.81, ,65.32, ,100.0, 
2006/7/22,18:00,0.1, ,196260, ,69.74, ,65.84, ,100.0, 
2006/7/22,19:00,0.0, ,196260, ,78.16, ,65.44, ,100.0, 
2006/7/22,20:00,0.0, ,196260, ,65.65, ,65.64, ,100.0, 
2006/7/22,21:00,0.0, ,196260, ,65.68, ,65.34, ,100.0, 
2006/7/22,22:00,0.0, ,196260, ,65.66, ,65.54, ,100.0, 
2006/7/22,23:00,0.0, ,196260, ,65.64, ,65.64, ,100.0, 
2006/7/22,24:00,0.0, ,196260, ,62.31, ,58.68, ,100.0, 
2006/7/23,01:00,0.0, ,196320, ,64.39, ,58.58, ,100.0, 
2006/7/23,02:00,0.0, ,196320, ,70.01, ,58.78, ,100.0, 
2006/7/23,03:00,0.0, ,196320, ,58.88, ,58.98, ,100.0, 
2006/7/23,04:00,0.0, ,196320, ,58.87, ,58.98, ,100.0, 
2006/7/23,05:00,0.0, ,196320, ,58.87, ,58.58, ,100.0, 
2006/7/23,06:00,0.0, ,196320, ,58.87, ,58.68, ,100.0, 
2006/7/23,07:00,0.0, ,196320, ,58.91, ,58.78, ,100.0, 
2006/7/23,08:00,0.0, ,196260, ,58.35, ,58.78, ,100.0, 
2006/7/23,09:00,0.0, ,196260, ,42.71, ,58.88, ,100.0, 
2006/7/23,10:00,0.0, ,196260, ,58.89, ,58.88, ,100.0, 
2006/7/23,11:00,2.5, ,196260, ,58.85, ,58.78, ,100.0, 
2006/7/23,12:00,18.4, ,196320, ,61.64, ,58.68, ,100.0, 
2006/7/23,13:00,3.1, ,196440, ,99.41, ,65.22, ,100.0, 
2006/7/23,14:00,1.9, ,196620, ,94.19, ,64.95, ,100.0, 
2006/7/23,15:00,5.7, ,196860, ,124.90, ,65.20, ,100.0, 
2006/7/23,16:00,3.2, ,197220, ,155.33, ,85.50, ,100.0, 
2006/7/23,17:00,3.0, ,197340, ,177.03, ,174.40, ,100.0, 
2006/7/23,18:00,0.9, ,197340, ,184.44, ,180.70, ,100.0, 
2006/7/23,19:00,0.0, ,197340, ,170.09, ,168.84, ,100.0, 
2006/7/23,20:00,0.5, ,197220, ,159.83, ,168.74, ,100.0, 
2006/7/23,21:00,5.2, ,197220, ,156.95, ,168.24, ,100.0, 
2006/7/23,22:00,0.9, ,197160, ,150.00, ,157.00, ,100.0, 
2006/7/23,23:00,1.8, ,197100, ,138.65, ,157.16, ,100.0, 
2006/7/23,24:00,0.5, ,197040, ,143.92, ,156.64, ,100.0, 
2006/7/24,01:00,0.5, ,196980, ,134.30, ,156.60, ,100.0, 
2006/7/24,02:00,0.8, ,196860, ,141.75, ,156.74, ,99.9, 
2006/7/24,03:00,0.1, ,196800, ,128.20, ,156.40, ,99.9, 
2006/7/24,04:00,0.1, ,196680, ,118.93, ,143.68, ,99.8, 
2006/7/24,05:00,0.0, ,196620, ,127.55, ,143.56, ,99.8, 
2006/7/24,06:00,0.0, ,196560, ,117.90, ,134.56, ,99.7, 
2006/7/24,07:00,0.0, ,196440, ,118.75, ,134.16, ,99.7, 
2006/7/24,08:00,0.0, ,196440, ,108.14, ,119.62, ,99.7, 
2006/7/24,09:00,0.0, ,196380, ,106.89, ,119.34, ,99.6, 
2006/7/24,10:00,0.0, ,196320, ,94.94, ,79.24, ,99.6, 
2006/7/24,11:00,0.0, ,196380, ,85.96, ,79.08, ,99.6, 
2006/7/24,12:00,0.0, ,196440, ,92.50, ,79.10, ,99.7, 
2006/7/24,13:00,0.0, ,196500, ,90.54, ,79.02, ,99.7, 
2006/7/24,14:00,0.0, ,196500, ,94.71, ,78.92, ,99.7, 
2006/7/24,15:00,0.0, ,196500, ,79.06, ,79.22, ,99.7, 
2006/7/24,16:00,0.0, ,196560, ,88.34, ,79.06, ,99.7, 
2006/7/24,17:00,0.0, ,196560, ,86.64, ,79.26, ,99.7, 
2006/7/24,18:00,0.0, ,196560, ,79.17, ,79.06, ,99.7, 
2006/7/24,19:00,0.0, ,196560, ,79.11, ,78.86, ,99.7, 
2006/7/24,20:00,0.0, ,196560, ,79.08, ,79.46, ,99.7, 
2006/7/24,21:00,0.0, ,196560, ,79.12, ,79.06, ,99.7, 
2006/7/24,22:00,0.2, ,196500, ,71.59, ,79.12, ,99.7, 
2006/7/24,23:00,0.3, ,196500, ,69.92, ,78.92, ,99.7, 
2006/7/24,24:00,0.0, ,196440, ,75.49, ,78.90, ,100.0, 
2006/7/25,01:00,0.1, ,196440, ,66.04, ,79.30, ,100.0, 
2006/7/25,02:00,0.0, ,196380, ,67.23, ,70.56, ,100.0, 
2006/7/25,03:00,0.0, ,196380, ,67.16, ,70.26, ,100.0, 
2006/7/25,04:00,0.0, ,196380, ,70.58, ,70.86, ,100.0, 
2006/7/25,05:00,0.0, ,196380, ,70.56, ,70.46, ,100.0, 
2006/7/25,06:00,0.0, ,196380, ,70.57, ,70.36, ,100.0, 
2006/7/25,07:00,0.0, ,196380, ,70.57, ,70.56, ,100.0, 
2006/7/25,08:00,0.1, ,196380, ,70.63, ,70.56, ,100.0, 
2006/7/25,09:00,0.1, ,196380, ,70.55, ,70.36, ,100.0, 
2006/7/25,10:00,0.0, ,196380, ,70.55, ,70.76, ,100.0, 
2006/7/25,11:00,0.1, ,196380, ,70.64, ,70.66, ,100.0, 
2006/7/25,12:00,1.5, ,196380, ,70.64, ,70.76, ,100.0, 
2006/7/25,13:00,0.2, ,196320, ,64.18, ,70.44, ,99.9, 
2006/7/25,14:00,0.0, ,196260, ,51.77, ,63.36, ,99.9, 
2006/7/25,15:00,0.0, ,196200, ,54.27, ,63.25, ,99.9, 
2006/7/25,16:00,0.2, ,196200, ,46.30, ,58.78, ,99.9, 
2006/7/25,17:00,0.0, ,196200, ,58.90, ,58.88, ,99.9, 
2006/7/25,18:00,0.0, ,196140, ,44.05, ,56.10, ,99.8, 
2006/7/25,19:00,0.0, ,196140, ,53.15, ,55.90, ,99.8, 
2006/7/25,20:00,0.0, ,196080, ,41.30, ,55.60, ,99.8, 
2006/7/25,21:00,0.0, ,196080, ,51.19, ,53.10, ,99.8, 
2006/7/25,22:00,0.0, ,196020, ,39.22, ,55.70, ,99.8, 
2006/7/25,23:00,0.0, ,195960, ,50.39, ,56.00, ,99.7, 
2006/7/25,24:00,0.0, ,195960, ,42.37, ,55.80, ,100.0, 
2006/7/26,01:00,0.0, ,195900, ,39.54, ,55.90, ,100.0, 
2006/7/26,02:00,0.0, ,195840, ,46.25, ,55.70, ,99.9, 
2006/7/26,03:00,0.0, ,195780, ,46.78, ,55.80, ,99.9, 
2006/7/26,04:00,0.0, ,195780, ,40.13, ,55.50, ,99.9, 
2006/7/26,05:00,0.0, ,195720, ,45.12, ,55.90, ,99.9, 
2006/7/26,06:00,0.0, ,195660, ,37.60, ,55.60, ,99.8, 
2006/7/26,07:00,0.0, ,195600, ,42.03, ,55.60, ,99.8, 
2006/7/26,08:00,0.0, ,195540, ,41.82, ,55.50, ,99.8, 
2006/7/26,09:00,0.0, ,195480, ,42.13, ,55.70, ,99.7, 
2006/7/26,10:00,0.0, ,195420, ,35.77, ,55.70, ,99.7, 
2006/7/26,11:00,0.0, ,195360, ,39.56, ,55.80, ,99.7, 
2006/7/26,12:00,0.0, ,195300, ,33.75, ,55.80, ,99.6, 
2006/7/26,13:00,0.1, ,195180, ,26.85, ,55.70, ,99.5, 
2006/7/26,14:00,1.6, ,195060, ,26.59, ,55.60, ,99.5, 
2006/7/26,15:00,6.4, ,195000, ,30.82, ,55.70, ,99.4, 
2006/7/26,16:00,0.0, ,194880, ,36.32, ,55.80, ,99.4, 
2006/7/26,17:00,0.0, ,194820, ,35.23, ,55.80, ,99.3, 
2006/7/26,18:00,0.0, ,194820, ,39.44, ,55.90, ,99.3, 
2006/7/26,19:00,0.0, ,194700, ,41.18, ,56.00, ,99.3, 
2006/7/26,20:00,0.0, ,194640, ,31.44, ,55.70, ,99.2, 
2006/7/26,21:00,0.4, ,194580, ,39.25, ,55.80, ,99.2, 
2006/7/26,22:00,0.0, ,194520, ,34.18, ,56.10, ,99.2, 
2006/7/26,23:00,0.0, ,194400, ,30.37, ,56.60, ,99.1, 
2006/7/26,24:00,0.0, ,194340, ,38.49, ,56.10, ,100.0, 
2006/7/27,01:00,0.1, ,194280, ,34.54, ,56.20, ,100.0, 
2006/7/27,02:00,0.0, ,194160, ,32.33, ,56.00, ,99.9, 
2006/7/27,03:00,0.0, ,194100, ,31.77, ,56.30, ,99.9, 
2006/7/27,04:00,0.0, ,194040, ,32.67, ,56.10, ,99.8, 
2006/7/27,05:00,0.0, ,193980, ,44.27, ,56.10, ,99.8, 
2006/7/27,06:00,0.0, ,193920, ,36.04, ,56.00, ,99.8, 
2006/7/27,07:00,0.0, ,193860, ,41.27, ,56.10, ,99.7, 
2006/7/27,08:00,0.0, ,193800, ,35.47, ,55.90, ,99.7, 
2006/7/27,09:00,0.0, ,193690, ,38.01, ,56.20, ,99.6, 
2006/7/27,10:00,0.0, ,193630, ,32.78, ,56.20, ,99.6, 
2006/7/27,11:00,0.0, ,193570, ,39.39, ,56.30, ,99.6, 
2006/7/27,12:00,0.0, ,193510, ,35.86, ,56.30, ,99.5, 
2006/7/27,13:00,0.0, ,193390, ,32.22, ,56.40, ,99.5, 
2006/7/27,14:00,1.5, ,193330, ,33.95, ,56.40, ,99.4, 
2006/7/27,15:00,3.0, ,193270, ,39.23, ,56.40, ,99.4, 
2006/7/27,16:00,12.9, ,193270, ,47.47, ,56.20, ,99.4, 
2006/7/27,17:00,2.0, ,193270, ,56.28, ,56.30, ,99.4, 
2006/7/27,18:00,0.1, ,193570, ,95.14, ,56.50, ,99.6, 
2006/7/27,19:00,0.0, ,193750, ,121.68, ,56.30, ,99.7, 
2006/7/27,20:00,0.0, ,193860, ,98.22, ,56.30, ,99.7, 
2006/7/27,21:00,0.0, ,193920, ,84.18, ,56.00, ,99.8, 
2006/7/27,22:00,0.0, ,193980, ,76.91, ,56.10, ,99.8, 
2006/7/27,23:00,0.0, ,193980, ,60.08, ,56.10, ,99.8, 
2006/7/27,24:00,0.0, ,193980, ,56.18, ,56.30, ,100.0, 
2006/7/28,01:00,0.0, ,193980, ,56.20, ,56.30, ,100.0, 
2006/7/28,02:00,0.0, ,193980, ,56.16, ,55.90, ,100.0, 
2006/7/28,03:00,0.0, ,193980, ,56.20, ,56.10, ,100.0, 
2006/7/28,04:00,0.0, ,193980, ,56.21, ,56.20, ,100.0, 
2006/7/28,05:00,0.0, ,193980, ,56.19, ,56.30, ,100.0, 
2006/7/28,06:00,0.0, ,193920, ,40.16, ,56.10, ,100.0, 
2006/7/28,07:00,0.0, ,193920, ,55.67, ,56.30, ,100.0, 
2006/7/28,08:00,0.0, ,193860, ,46.56, ,56.30, ,99.9, 
2006/7/28,09:00,0.0, ,193800, ,44.60, ,56.10, ,99.9, 
2006/7/28,10:00,0.0, ,193800, ,44.36, ,56.00, ,99.9, 
2006/7/28,11:00,0.0, ,193750, ,40.54, ,56.40, ,99.9, 
2006/7/28,12:00,0.0, ,193690, ,43.59, ,56.30, ,99.8, 
2006/7/28,13:00,0.0, ,193630, ,45.80, ,55.90, ,99.8, 
2006/7/28,14:00,0.0, ,193570, ,39.65, ,56.40, ,99.8, 
2006/7/28,15:00,0.0, ,193510, ,35.47, ,56.30, ,99.7, 
2006/7/28,16:00,0.0, ,193450, ,41.00, ,56.10, ,99.7, 
2006/7/28,17:00,0.0, ,193330, ,34.64, ,56.40, ,99.6, 
2006/7/28,18:00,0.0, ,193270, ,36.30, ,56.20, ,99.6, 
2006/7/28,19:00,0.0, ,193210, ,35.26, ,56.20, ,99.6, 
2006/7/28,20:00,0.0, ,193150, ,34.44, ,56.40, ,99.5, 
2006/7/28,21:00,0.0, ,193030, ,32.66, ,56.40, ,99.5, 
2006/7/28,22:00,0.0, ,192970, ,34.08, ,56.60, ,99.4, 
2006/7/28,23:00,0.0, ,192910, ,36.81, ,56.00, ,99.4, 
2006/7/28,24:00,0.0, ,192790, ,29.67, ,56.50, ,100.0, 
2006/7/29,01:00,0.0, ,192730, ,32.13, ,56.10, ,100.0, 
2006/7/29,02:00,0.0, ,192610, ,28.80, ,56.50, ,99.9, 
2006/7/29,03:00,0.0, ,192500, ,33.52, ,56.60, ,99.8, 
2006/7/29,04:00,0.0, ,192440, ,28.63, ,56.40, ,99.8, 
2006/7/29,05:00,0.0, ,192380, ,34.92, ,56.30, ,99.8, 
2006/7/29,06:00,0.0, ,192260, ,30.26, ,56.60, ,99.7, 
2006/7/29,07:00,0.0, ,192140, ,30.58, ,56.60, ,99.6, 
2006/7/29,08:00,0.0, ,192080, ,29.76, ,56.30, ,99.6, 
2006/7/29,09:00,0.0, ,191960, ,29.54, ,56.40, ,99.5, 
2006/7/29,10:00,0.0, ,191900, ,32.81, ,56.50, ,99.5, 
2006/7/29,11:00,0.0, ,191780, ,27.05, ,56.40, ,99.4, 
2006/7/29,12:00,0.0, ,191720, ,35.05, ,56.50, ,99.4, 
2006/7/29,13:00,0.0, ,191610, ,29.82, ,56.40, ,99.3, 
2006/7/29,14:00,0.0, ,191490, ,30.67, ,56.40, ,99.2, 
2006/7/29,15:00,0.0, ,191430, ,26.87, ,56.40, ,99.2, 
2006/7/29,16:00,0.0, ,191310, ,26.86, ,56.30, ,99.1, 
2006/7/29,17:00,0.0, ,191190, ,30.37, ,56.40, ,99.1, 
2006/7/29,18:00,0.0, ,191070, ,29.32, ,56.40, ,99.0, 
2006/7/29,19:00,0.0, ,190950, ,24.23, ,56.10, ,98.9, 
2006/7/29,20:00,0.0, ,190840, ,23.08, ,56.70, ,98.9, 
2006/7/29,21:00,0.0, ,190780, ,24.75, ,56.50, ,98.8, 
2006/7/29,22:00,0.0, ,190660, ,24.51, ,56.40, ,98.8, 
2006/7/29,23:00,0.0, ,190540, ,23.77, ,56.40, ,98.7, 
2006/7/29,24:00,0.0, ,190360, ,23.53, ,56.40, ,100.0, 
2006/7/30,01:00,0.0, ,190250, ,22.69, ,56.50, ,99.9, 
2006/7/30,02:00,0.0, ,190130, ,22.46, ,56.70, ,99.9, 
2006/7/30,03:00,0.0, ,190010, ,23.35, ,56.70, ,99.8, 
2006/7/30,04:00,0.0, ,189890, ,23.67, ,56.80, ,99.7, 
2006/7/30,05:00,0.0, ,189770, ,22.89, ,56.90, ,99.7, 
2006/7/30,06:00,0.0, ,189660, ,23.43, ,56.70, ,99.6, 
2006/7/30,07:00,0.0, ,189540, ,22.39, ,56.70, ,99.5, 
2006/7/30,08:00,0.0, ,189420, ,24.33, ,56.90, ,99.5, 
2006/7/30,09:00,0.0, ,189300, ,22.71, ,57.00, ,99.4, 
2006/7/30,10:00,0.0, ,189190, ,25.76, ,56.90, ,99.3, 
2006/7/30,11:00,0.0, ,189070, ,20.09, ,56.60, ,99.3, 
2006/7/30,12:00,0.0, ,188950, ,25.57, ,57.10, ,99.2, 
2006/7/30,13:00,0.0, ,188830, ,22.79, ,56.70, ,99.1, 
2006/7/30,14:00,0.0, ,188720, ,24.13, ,56.70, ,99.1, 
2006/7/30,15:00,0.0, ,188600, ,22.25, ,57.00, ,99.0, 
2006/7/30,16:00,0.0, ,188480, ,23.60, ,56.70, ,98.9, 
2006/7/30,17:00,0.0, ,188360, ,23.12, ,57.10, ,98.8, 
2006/7/30,18:00,0.0, ,188250, ,25.04, ,56.80, ,98.8, 
2006/7/30,19:00,0.0, ,188130, ,25.34, ,57.00, ,98.7, 
2006/7/30,20:00,0.0, ,188010, ,23.19, ,57.00, ,98.6, 
2006/7/30,21:00,0.0, ,187890, ,25.70, ,56.80, ,98.6, 
2006/7/30,22:00,0.0, ,187780, ,21.88, ,57.00, ,98.5, 
2006/7/30,23:00,0.0, ,187660, ,25.73, ,57.20, ,98.4, 
2006/7/30,24:00,0.0, ,187540, ,22.27, ,57.00, ,100.0, 
2006/7/31,01:00,0.0, ,187370, ,23.88, ,57.00, ,99.9, 
2006/7/31,02:00,0.0, ,187250, ,21.22, ,57.10, ,99.8, 
2006/7/31,03:00,0.0, ,187130, ,24.50, ,57.10, ,99.8, 
2006/7/31,04:00,0.0, ,187010, ,25.07, ,57.00, ,99.7, 
2006/7/31,05:00,0.0, ,186900, ,22.07, ,57.00, ,99.6, 
2006/7/31,06:00,0.0, ,186780, ,24.83, ,57.30, ,99.6, 
2006/7/31,07:00,0.0, ,186660, ,20.56, ,57.10, ,99.5, 
2006/7/31,08:00,0.0, ,186550, ,24.63, ,57.10, ,99.4, 
2006/7/31,09:00,0.0, ,186430, ,22.47, ,57.10, ,99.4, 
2006/7/31,10:00,0.0, ,186310, ,21.91, ,57.10, ,99.3, 
2006/7/31,11:00,0.0, ,186140, ,22.52, ,57.20, ,99.2, 
2006/7/31,12:00,0.0, ,186020, ,22.51, ,57.00, ,99.1, 
2006/7/31,13:00,0.0, ,185900, ,20.61, ,57.50, ,99.1, 
2006/7/31,14:00,0.0, ,185790, ,21.73, ,57.00, ,99.0, 
2006/7/31,15:00,0.0, ,185670, ,23.36, ,57.10, ,98.9, 
2006/7/31,16:00,0.0, ,185550, ,24.47, ,57.20, ,98.8, 
2006/7/31,17:00,0.0, ,185380, ,18.84, ,57.00, ,98.8, 
2006/7/31,18:00,0.0, ,185260, ,16.46, ,57.40, ,98.7, 
2006/7/31,19:00,0.0, ,185090, ,13.26, ,57.30, ,98.6, 
2006/7/31,20:00,0.0, ,184910, ,12.78, ,57.50, ,98.5, 
2006/7/31,21:00,0.0, ,184740, ,11.04, ,57.20, ,98.4, 
2006/7/31,22:00,0.0, ,184560, ,11.53, ,57.30, ,98.3, 
2006/7/31,23:00,0.0, ,184390, ,9.60, ,57.70, ,98.2, 
2006/7/31,24:00,0.0, ,184270, ,10.80, ,57.20, ,100.0, 
