îCà”ä˙ä‘É_ÉÄèîó åüçıåãâ 
êÖånñº,ãgñÏêÏ
âÕêÏñº,ãgñÏêÏ
äœë™èäñº,ëÅñæâYÉ_ÉÄÅiã@ç\Åj
äœë™èäãLçÜ,1368080700010
#
#îNåéì˙,éûçè,ó¨àÊïΩãœâJó ,ó¨àÊïΩãœâJó ëÆê´,íôêÖó ,íôêÖó ëÆê´,ó¨ì¸ó ,ó¨ì¸ó ëÆê´,ï˙ó¨ó ,ï˙ó¨ó ëÆê´,íôêÖó¶,íôêÖó¶ëÆê´
#ëÆê´Å@$:åáë™ -:ñ¢éÛêM
#
2007/11/1,01:00,0.0, ,164210, ,10.56, ,0.00, ,87.3, 
2007/11/1,02:00,0.0, ,164210, ,0.00, ,0.00, ,87.3, 
2007/11/1,03:00,0.0, ,164210, ,0.00, ,0.00, ,87.3, 
2007/11/1,04:00,1.8, ,164210, ,0.00, ,0.00, ,87.3, 
2007/11/1,05:00,0.3, ,164210, ,0.00, ,0.00, ,87.3, 
2007/11/1,06:00,0.0, ,164260, ,2.77, ,0.00, ,87.3, 
2007/11/1,07:00,0.0, ,164260, ,12.32, ,0.00, ,87.3, 
2007/11/1,08:00,0.0, ,164260, ,0.00, ,0.00, ,87.3, 
2007/11/1,09:00,0.0, ,164260, ,0.00, ,0.00, ,87.3, 
2007/11/1,10:00,0.0, ,164320, ,9.83, ,15.40, ,87.3, 
2007/11/1,11:00,0.0, ,164320, ,15.44, ,18.60, ,87.3, 
2007/11/1,12:00,0.0, ,164260, ,16.35, ,4.40, ,87.3, 
2007/11/1,13:00,0.0, ,164260, ,7.74, ,21.70, ,87.3, 
2007/11/1,14:00,0.0, ,164150, ,4.80, ,30.60, ,87.2, 
2007/11/1,15:00,0.0, ,164100, ,9.74, ,30.60, ,87.2, 
2007/11/1,16:00,0.0, ,164040, ,11.83, ,30.80, ,87.2, 
2007/11/1,17:00,0.0, ,163940, ,9.18, ,30.80, ,87.1, 
2007/11/1,18:00,0.0, ,163830, ,13.95, ,59.50, ,87.0, 
2007/11/1,19:00,0.0, ,163610, ,11.99, ,59.50, ,86.9, 
2007/11/1,20:00,0.0, ,163560, ,7.11, ,9.50, ,86.9, 
2007/11/1,21:00,0.0, ,163560, ,4.24, ,0.00, ,86.9, 
2007/11/1,22:00,0.0, ,163610, ,3.26, ,0.00, ,86.9, 
2007/11/1,23:00,0.0, ,163610, ,11.80, ,0.00, ,86.9, 
2007/11/1,24:00,0.0, ,163610, ,0.00, ,0.00, ,86.9, 
2007/11/2,01:00,0.0, ,163610, ,0.00, ,0.00, ,86.9, 
2007/11/2,02:00,0.0, ,163610, ,0.00, ,0.00, ,86.9, 
2007/11/2,03:00,0.0, ,163660, ,10.04, ,0.00, ,86.9, 
2007/11/2,04:00,0.0, ,163660, ,5.02, ,0.00, ,86.9, 
2007/11/2,05:00,0.0, ,163660, ,0.00, ,0.00, ,86.9, 
2007/11/2,06:00,0.0, ,163660, ,0.00, ,0.00, ,86.9, 
2007/11/2,07:00,0.0, ,163660, ,0.00, ,0.00, ,86.9, 
2007/11/2,08:00,0.0, ,163660, ,0.00, ,0.00, ,86.9, 
2007/11/2,09:00,0.0, ,163660, ,0.00, ,0.00, ,86.9, 
2007/11/2,10:00,0.0, ,163720, ,2.60, ,5.30, ,87.0, 
2007/11/2,11:00,0.0, ,163720, ,22.16, ,18.60, ,87.0, 
2007/11/2,12:00,0.0, ,163660, ,12.64, ,14.80, ,86.9, 
2007/11/2,13:00,0.0, ,163660, ,11.81, ,5.30, ,86.9, 
2007/11/2,14:00,0.0, ,163610, ,4.24, ,30.70, ,86.9, 
2007/11/2,15:00,0.0, ,163500, ,17.76, ,33.30, ,86.8, 
2007/11/2,16:00,0.0, ,163450, ,9.98, ,35.80, ,86.8, 
2007/11/2,17:00,0.0, ,163340, ,10.62, ,33.40, ,86.7, 
2007/11/2,18:00,0.0, ,163180, ,10.23, ,59.70, ,86.6, 
2007/11/2,19:00,0.0, ,162960, ,9.68, ,59.70, ,86.5, 
2007/11/2,20:00,0.0, ,162910, ,6.64, ,18.20, ,86.4, 
2007/11/2,21:00,0.0, ,162850, ,2.12, ,0.00, ,86.4, 
2007/11/2,22:00,0.0, ,162850, ,0.00, ,0.00, ,86.4, 
2007/11/2,23:00,0.0, ,162850, ,0.00, ,0.00, ,86.4, 
2007/11/2,24:00,0.0, ,162850, ,0.00, ,0.00, ,86.4, 
2007/11/3,01:00,0.0, ,162850, ,0.00, ,0.00, ,86.4, 
2007/11/3,02:00,0.0, ,162850, ,0.00, ,0.00, ,86.4, 
2007/11/3,03:00,0.0, ,162850, ,0.00, ,0.00, ,86.4, 
2007/11/3,04:00,0.0, ,162910, ,9.51, ,0.00, ,86.4, 
2007/11/3,05:00,0.0, ,162910, ,5.51, ,0.00, ,86.4, 
2007/11/3,06:00,0.0, ,162910, ,0.00, ,0.00, ,86.4, 
2007/11/3,07:00,0.0, ,162910, ,0.00, ,0.00, ,86.4, 
2007/11/3,08:00,0.0, ,162910, ,0.00, ,0.00, ,86.4, 
2007/11/3,09:00,0.0, ,162910, ,0.09, ,5.30, ,86.4, 
2007/11/3,10:00,0.0, ,162910, ,10.83, ,21.10, ,86.4, 
2007/11/3,11:00,0.0, ,162800, ,22.85, ,49.40, ,86.4, 
2007/11/3,12:00,0.0, ,162640, ,11.36, ,28.70, ,86.3, 
2007/11/3,13:00,0.0, ,162640, ,1.89, ,5.30, ,86.3, 
2007/11/3,14:00,0.0, ,162580, ,11.89, ,30.80, ,86.2, 
2007/11/3,15:00,0.0, ,162530, ,11.69, ,32.20, ,86.2, 
2007/11/3,16:00,0.0, ,162420, ,11.03, ,32.20, ,86.1, 
2007/11/3,17:00,0.0, ,162310, ,8.31, ,34.60, ,86.1, 
2007/11/3,18:00,0.0, ,162150, ,8.99, ,59.60, ,86.0, 
2007/11/3,19:00,0.0, ,161990, ,9.57, ,59.90, ,85.9, 
2007/11/3,20:00,0.0, ,161830, ,6.82, ,48.00, ,85.8, 
2007/11/3,21:00,0.0, ,161770, ,12.50, ,6.70, ,85.7, 
2007/11/3,22:00,0.0, ,161770, ,0.47, ,0.00, ,85.7, 
2007/11/3,23:00,0.0, ,161770, ,0.00, ,0.00, ,85.7, 
2007/11/3,24:00,0.0, ,161770, ,0.00, ,0.00, ,85.7, 
2007/11/4,01:00,0.0, ,161770, ,0.00, ,0.00, ,85.7, 
2007/11/4,02:00,0.0, ,161770, ,0.00, ,0.00, ,85.7, 
2007/11/4,03:00,0.0, ,161770, ,0.00, ,0.00, ,85.7, 
2007/11/4,04:00,0.0, ,161770, ,0.00, ,0.00, ,85.7, 
2007/11/4,05:00,0.0, ,161770, ,0.00, ,0.00, ,85.7, 
2007/11/4,06:00,0.0, ,161830, ,12.72, ,0.00, ,85.8, 
2007/11/4,07:00,0.0, ,161830, ,2.24, ,0.00, ,85.8, 
2007/11/4,08:00,0.0, ,161830, ,0.00, ,0.00, ,85.8, 
2007/11/4,09:00,0.0, ,161830, ,0.00, ,0.00, ,85.8, 
2007/11/4,10:00,0.0, ,161830, ,0.10, ,5.40, ,85.8, 
2007/11/4,11:00,0.0, ,161830, ,9.65, ,20.00, ,85.8, 
2007/11/4,12:00,0.0, ,161830, ,21.67, ,25.70, ,85.8, 
2007/11/4,13:00,0.0, ,161770, ,17.20, ,24.70, ,85.7, 
2007/11/4,14:00,0.0, ,161720, ,12.77, ,24.50, ,85.7, 
2007/11/4,15:00,0.0, ,161670, ,7.92, ,24.60, ,85.7, 
2007/11/4,16:00,0.0, ,161610, ,8.82, ,33.90, ,85.6, 
2007/11/4,17:00,0.0, ,161500, ,12.05, ,55.40, ,85.6, 
2007/11/4,18:00,0.0, ,161340, ,7.75, ,59.90, ,85.4, 
2007/11/4,19:00,0.0, ,161130, ,9.85, ,60.00, ,85.3, 
2007/11/4,20:00,0.0, ,160970, ,7.17, ,59.90, ,85.2, 
2007/11/4,21:00,0.0, ,160810, ,5.95, ,4.50, ,85.1, 
2007/11/4,22:00,0.0, ,160810, ,4.73, ,0.00, ,85.1, 
2007/11/4,23:00,0.0, ,160810, ,0.00, ,0.00, ,85.1, 
2007/11/4,24:00,0.0, ,160810, ,0.00, ,0.00, ,85.1, 
2007/11/5,01:00,0.0, ,160810, ,0.00, ,0.00, ,85.1, 
2007/11/5,02:00,0.0, ,160810, ,0.00, ,0.00, ,85.1, 
2007/11/5,03:00,0.0, ,160810, ,0.00, ,0.00, ,85.1, 
2007/11/5,04:00,0.0, ,160810, ,0.00, ,0.00, ,85.1, 
2007/11/5,05:00,0.0, ,160810, ,0.00, ,0.00, ,85.1, 
2007/11/5,06:00,0.0, ,160810, ,0.00, ,0.00, ,85.1, 
2007/11/5,07:00,0.0, ,160810, ,0.00, ,0.00, ,85.1, 
2007/11/5,08:00,0.0, ,160810, ,0.00, ,0.00, ,85.1, 
2007/11/5,09:00,0.0, ,160810, ,0.00, ,0.00, ,85.1, 
2007/11/5,10:00,0.0, ,160860, ,14.03, ,5.30, ,85.1, 
2007/11/5,11:00,0.0, ,160810, ,12.27, ,31.00, ,85.1, 
2007/11/5,12:00,0.0, ,160750, ,16.36, ,30.80, ,85.1, 
2007/11/5,13:00,0.1, ,160750, ,12.36, ,18.70, ,85.1, 
2007/11/5,14:00,1.0, ,160650, ,8.49, ,31.00, ,85.0, 
2007/11/5,15:00,0.8, ,160590, ,10.75, ,30.90, ,85.0, 
2007/11/5,16:00,0.4, ,160540, ,15.92, ,22.30, ,84.9, 
2007/11/5,17:00,1.5, ,160430, ,9.68, ,49.70, ,84.9, 
2007/11/5,18:00,0.2, ,160270, ,10.62, ,59.90, ,84.8, 
2007/11/5,19:00,0.9, ,160050, ,8.85, ,60.00, ,84.6, 
2007/11/5,20:00,0.5, ,159890, ,5.56, ,28.50, ,84.5, 
2007/11/5,21:00,1.9, ,159890, ,5.33, ,5.40, ,84.5, 
2007/11/5,22:00,1.0, ,159840, ,7.14, ,14.30, ,84.5, 
2007/11/5,23:00,2.3, ,159790, ,2.68, ,0.00, ,84.5, 
2007/11/5,24:00,2.5, ,159840, ,11.16, ,0.00, ,84.5, 
2007/11/6,01:00,2.0, ,159840, ,2.73, ,0.00, ,84.5, 
2007/11/6,02:00,1.0, ,159840, ,0.00, ,0.00, ,84.5, 
2007/11/6,03:00,0.0, ,159890, ,7.44, ,0.00, ,84.5, 
2007/11/6,04:00,0.1, ,159890, ,7.44, ,0.00, ,84.5, 
2007/11/6,05:00,0.3, ,159890, ,0.00, ,0.00, ,84.5, 
2007/11/6,06:00,0.0, ,159890, ,0.00, ,0.00, ,84.5, 
2007/11/6,07:00,0.1, ,159950, ,1.24, ,0.00, ,84.6, 
2007/11/6,08:00,0.0, ,159950, ,13.65, ,0.00, ,84.6, 
2007/11/6,09:00,0.0, ,159950, ,0.00, ,0.00, ,84.6, 
2007/11/6,10:00,0.0, ,159950, ,0.09, ,5.30, ,84.6, 
2007/11/6,11:00,0.0, ,160000, ,21.10, ,18.70, ,84.6, 
2007/11/6,12:00,0.0, ,159950, ,15.51, ,4.40, ,84.6, 
2007/11/6,13:00,0.0, ,159950, ,11.15, ,5.30, ,84.6, 
2007/11/6,14:00,0.0, ,159950, ,9.68, ,18.90, ,84.6, 
2007/11/6,15:00,0.0, ,159950, ,18.80, ,18.90, ,84.6, 
2007/11/6,16:00,0.1, ,159950, ,18.99, ,28.10, ,84.6, 
2007/11/6,17:00,0.0, ,159840, ,7.64, ,31.00, ,84.5, 
2007/11/6,18:00,0.1, ,159680, ,14.65, ,45.00, ,84.4, 
2007/11/6,19:00,0.0, ,159570, ,8.66, ,7.00, ,84.3, 
2007/11/6,20:00,0.2, ,159630, ,10.63, ,0.00, ,84.4, 
2007/11/6,21:00,0.0, ,159630, ,6.20, ,0.00, ,84.4, 
2007/11/6,22:00,0.0, ,159680, ,10.16, ,0.00, ,84.4, 
2007/11/6,23:00,0.0, ,159680, ,10.41, ,0.00, ,84.4, 
2007/11/6,24:00,0.0, ,159730, ,6.70, ,0.00, ,84.4, 
2007/11/7,01:00,0.0, ,159730, ,8.18, ,0.00, ,84.4, 
2007/11/7,02:00,0.0, ,159730, ,0.00, ,0.00, ,84.4, 
2007/11/7,03:00,0.0, ,159790, ,14.63, ,0.00, ,84.5, 
2007/11/7,04:00,0.0, ,159790, ,0.25, ,0.00, ,84.5, 
2007/11/7,05:00,0.0, ,159790, ,0.00, ,0.00, ,84.5, 
2007/11/7,06:00,0.0, ,159840, ,1.49, ,0.00, ,84.5, 
2007/11/7,07:00,0.0, ,159840, ,13.39, ,0.00, ,84.5, 
2007/11/7,08:00,0.0, ,159840, ,0.00, ,0.00, ,84.5, 
2007/11/7,09:00,0.0, ,159840, ,0.00, ,0.00, ,84.5, 
2007/11/7,10:00,0.0, ,159890, ,13.98, ,5.20, ,84.5, 
2007/11/7,11:00,0.0, ,159890, ,15.48, ,28.50, ,84.5, 
2007/11/7,12:00,0.0, ,159840, ,18.57, ,13.90, ,84.5, 
2007/11/7,13:00,0.0, ,159840, ,8.76, ,5.10, ,84.5, 
2007/11/7,14:00,0.0, ,159790, ,9.08, ,29.60, ,84.5, 
2007/11/7,15:00,0.0, ,159730, ,10.58, ,29.60, ,84.4, 
2007/11/7,16:00,0.0, ,159630, ,5.67, ,29.60, ,84.4, 
2007/11/7,17:00,0.0, ,159520, ,13.09, ,37.40, ,84.3, 
2007/11/7,18:00,0.0, ,159360, ,8.75, ,59.90, ,84.2, 
2007/11/7,19:00,0.0, ,159140, ,11.31, ,59.90, ,84.1, 
2007/11/7,20:00,0.0, ,158980, ,5.98, ,60.40, ,84.0, 
2007/11/7,21:00,0.0, ,158820, ,10.42, ,52.80, ,83.9, 
2007/11/7,22:00,0.0, ,158770, ,11.44, ,6.60, ,83.8, 
2007/11/7,23:00,0.0, ,158770, ,0.47, ,0.00, ,83.8, 
2007/11/7,24:00,0.0, ,158770, ,0.00, ,0.00, ,83.8, 
2007/11/8,01:00,0.0, ,158770, ,0.00, ,0.00, ,83.8, 
2007/11/8,02:00,0.0, ,158770, ,0.00, ,0.00, ,83.8, 
2007/11/8,03:00,0.0, ,158820, ,7.17, ,0.00, ,83.9, 
2007/11/8,04:00,0.0, ,158820, ,7.66, ,0.00, ,83.9, 
2007/11/8,05:00,0.0, ,158820, ,0.00, ,0.00, ,83.9, 
2007/11/8,06:00,0.0, ,158820, ,0.00, ,0.00, ,83.9, 
2007/11/8,07:00,0.0, ,158820, ,0.00, ,0.00, ,83.9, 
2007/11/8,08:00,0.0, ,158820, ,0.00, ,0.00, ,83.9, 
2007/11/8,09:00,0.0, ,158820, ,0.09, ,5.30, ,83.9, 
2007/11/8,10:00,0.0, ,158820, ,15.27, ,29.80, ,83.9, 
2007/11/8,11:00,0.0, ,158720, ,17.97, ,36.40, ,83.8, 
2007/11/8,12:00,0.0, ,158560, ,6.34, ,9.90, ,83.7, 
2007/11/8,13:00,0.0, ,158560, ,4.73, ,21.30, ,83.7, 
2007/11/8,14:00,0.0, ,158500, ,12.26, ,33.60, ,83.7, 
2007/11/8,15:00,0.0, ,158340, ,14.93, ,60.30, ,83.6, 
2007/11/8,16:00,0.0, ,158290, ,10.76, ,23.70, ,83.5, 
2007/11/8,17:00,0.0, ,158130, ,12.08, ,60.30, ,83.4, 
2007/11/8,18:00,0.0, ,158020, ,9.65, ,33.70, ,83.3, 
2007/11/8,19:00,0.0, ,157920, ,5.71, ,36.30, ,83.3, 
2007/11/8,20:00,0.0, ,157760, ,11.76, ,30.90, ,83.2, 
2007/11/8,21:00,0.0, ,157760, ,2.76, ,0.00, ,83.2, 
2007/11/8,22:00,0.0, ,157760, ,0.00, ,0.00, ,83.2, 
2007/11/8,23:00,0.0, ,157760, ,0.00, ,0.00, ,83.2, 
2007/11/8,24:00,0.0, ,157760, ,0.00, ,0.00, ,83.2, 
2007/11/9,01:00,0.0, ,157760, ,0.00, ,0.00, ,83.2, 
2007/11/9,02:00,0.0, ,157760, ,0.00, ,0.00, ,83.2, 
2007/11/9,03:00,0.0, ,157760, ,0.00, ,0.00, ,83.2, 
2007/11/9,04:00,0.0, ,157760, ,0.00, ,0.00, ,83.2, 
2007/11/9,05:00,0.0, ,157810, ,0.49, ,0.00, ,83.2, 
2007/11/9,06:00,0.0, ,157810, ,14.30, ,0.00, ,83.2, 
2007/11/9,07:00,0.0, ,157810, ,0.00, ,0.00, ,83.2, 
2007/11/9,08:00,0.0, ,157810, ,0.00, ,0.00, ,83.2, 
2007/11/9,09:00,0.0, ,157810, ,0.09, ,5.10, ,83.2, 
2007/11/9,10:00,0.0, ,157760, ,12.30, ,31.10, ,83.2, 
2007/11/9,11:00,0.0, ,157650, ,12.89, ,51.80, ,83.1, 
2007/11/9,12:00,0.0, ,157490, ,9.28, ,34.00, ,83.0, 
2007/11/9,13:00,0.0, ,157490, ,9.44, ,5.20, ,83.0, 
2007/11/9,14:00,0.0, ,157440, ,5.72, ,33.70, ,83.0, 
2007/11/9,15:00,0.0, ,157280, ,10.37, ,33.70, ,82.9, 
2007/11/9,16:00,0.0, ,157230, ,9.45, ,40.20, ,82.8, 
2007/11/9,17:00,0.0, ,157070, ,14.04, ,40.60, ,82.7, 
2007/11/9,18:00,0.0, ,157010, ,9.80, ,31.10, ,82.7, 
2007/11/9,19:00,0.0, ,156850, ,8.79, ,54.40, ,82.6, 
2007/11/9,20:00,0.0, ,156850, ,4.85, ,0.00, ,82.6, 
2007/11/9,21:00,0.0, ,156850, ,0.01, ,0.00, ,82.6, 
2007/11/9,22:00,0.0, ,156850, ,0.00, ,0.00, ,82.6, 
2007/11/9,23:00,0.0, ,156850, ,0.00, ,0.00, ,82.6, 
2007/11/9,24:00,0.0, ,156850, ,0.00, ,0.00, ,82.6, 
2007/11/10,01:00,0.0, ,156850, ,0.00, ,0.00, ,82.6, 
2007/11/10,02:00,0.0, ,156850, ,0.00, ,0.00, ,82.6, 
2007/11/10,03:00,0.0, ,156850, ,0.00, ,0.00, ,82.6, 
2007/11/10,04:00,0.0, ,156850, ,0.00, ,0.00, ,82.6, 
2007/11/10,05:00,0.0, ,156850, ,0.00, ,0.00, ,82.6, 
2007/11/10,06:00,0.0, ,156910, ,1.47, ,0.00, ,82.6, 
2007/11/10,07:00,0.0, ,156910, ,13.36, ,5.10, ,82.6, 
2007/11/10,08:00,0.0, ,156910, ,9.50, ,18.90, ,82.6, 
2007/11/10,09:00,0.0, ,156750, ,6.45, ,46.00, ,82.5, 
2007/11/10,10:00,0.0, ,156590, ,3.46, ,45.90, ,82.4, 
2007/11/10,11:00,0.0, ,156430, ,3.42, ,46.00, ,82.3, 
2007/11/10,12:00,0.0, ,156270, ,7.22, ,46.10, ,82.2, 
2007/11/10,13:00,0.0, ,156160, ,8.24, ,45.80, ,82.2, 
2007/11/10,14:00,0.0, ,156010, ,9.30, ,48.90, ,82.1, 
2007/11/10,15:00,0.0, ,155900, ,8.78, ,25.10, ,82.0, 
2007/11/10,16:00,0.0, ,155900, ,7.86, ,0.00, ,82.0, 
2007/11/10,17:00,0.0, ,155900, ,0.09, ,5.10, ,82.0, 
2007/11/10,18:00,0.0, ,155900, ,11.57, ,22.50, ,82.0, 
2007/11/10,19:00,0.0, ,155850, ,15.12, ,8.20, ,82.0, 
2007/11/10,20:00,0.0, ,155850, ,2.97, ,0.00, ,82.0, 
2007/11/10,21:00,0.0, ,155850, ,0.00, ,0.00, ,82.0, 
2007/11/10,22:00,0.0, ,155850, ,0.00, ,0.00, ,82.0, 
2007/11/10,23:00,0.0, ,155850, ,0.00, ,0.00, ,82.0, 
2007/11/10,24:00,0.0, ,155850, ,0.00, ,0.00, ,82.5, 
2007/11/11,01:00,0.0, ,155900, ,3.43, ,0.00, ,82.6, 
2007/11/11,02:00,0.0, ,155900, ,11.27, ,0.00, ,82.6, 
2007/11/11,03:00,0.0, ,155900, ,0.00, ,0.00, ,82.6, 
2007/11/11,04:00,0.0, ,155900, ,0.00, ,0.00, ,82.6, 
2007/11/11,05:00,0.0, ,155900, ,0.00, ,0.00, ,82.6, 
2007/11/11,06:00,0.0, ,155900, ,0.00, ,0.00, ,82.6, 
2007/11/11,07:00,0.0, ,155900, ,0.10, ,5.90, ,82.6, 
2007/11/11,08:00,0.0, ,155900, ,9.84, ,18.80, ,82.6, 
2007/11/11,09:00,0.0, ,155740, ,12.35, ,47.30, ,82.5, 
2007/11/11,10:00,0.0, ,155580, ,2.46, ,47.00, ,82.4, 
2007/11/11,11:00,0.0, ,155480, ,7.41, ,46.90, ,82.3, 
2007/11/11,12:00,0.0, ,155320, ,6.75, ,46.10, ,82.2, 
2007/11/11,13:00,0.0, ,155160, ,7.83, ,46.80, ,82.1, 
2007/11/11,14:00,0.0, ,155000, ,8.87, ,46.30, ,82.0, 
2007/11/11,15:00,0.0, ,154900, ,5.49, ,27.50, ,81.9, 
2007/11/11,16:00,0.0, ,154900, ,6.27, ,0.00, ,81.9, 
2007/11/11,17:00,0.0, ,154900, ,4.24, ,5.30, ,81.9, 
2007/11/11,18:00,1.8, ,154900, ,15.21, ,30.10, ,81.9, 
2007/11/11,19:00,0.1, ,154790, ,12.40, ,31.20, ,81.9, 
2007/11/11,20:00,1.7, ,154740, ,10.91, ,32.60, ,81.8, 
2007/11/11,21:00,1.0, ,154630, ,9.72, ,10.10, ,81.8, 
2007/11/11,22:00,0.3, ,154630, ,1.28, ,0.00, ,81.8, 
2007/11/11,23:00,0.3, ,154630, ,0.00, ,0.00, ,81.8, 
2007/11/11,24:00,0.3, ,154630, ,0.00, ,0.00, ,82.3, 
2007/11/12,01:00,0.0, ,154630, ,0.00, ,0.00, ,82.3, 
2007/11/12,02:00,0.0, ,154630, ,0.00, ,0.00, ,82.3, 
2007/11/12,03:00,0.0, ,154630, ,0.00, ,0.00, ,82.3, 
2007/11/12,04:00,0.0, ,154690, ,3.65, ,0.00, ,82.3, 
2007/11/12,05:00,0.0, ,154690, ,10.95, ,0.00, ,82.3, 
2007/11/12,06:00,0.0, ,154690, ,0.00, ,0.00, ,82.3, 
2007/11/12,07:00,0.0, ,154690, ,0.00, ,0.00, ,82.3, 
2007/11/12,08:00,0.6, ,154690, ,0.00, ,0.00, ,82.3, 
2007/11/12,09:00,1.0, ,154740, ,7.55, ,0.00, ,82.4, 
2007/11/12,10:00,0.6, ,154740, ,7.16, ,5.50, ,82.4, 
2007/11/12,11:00,0.6, ,154690, ,9.40, ,38.20, ,82.3, 
2007/11/12,12:00,0.1, ,154580, ,8.97, ,29.60, ,82.3, 
2007/11/12,13:00,0.0, ,154580, ,7.50, ,5.40, ,82.3, 
2007/11/12,14:00,1.1, ,154530, ,8.96, ,23.80, ,82.2, 
2007/11/12,15:00,0.0, ,154420, ,13.50, ,47.80, ,82.2, 
2007/11/12,16:00,0.0, ,154370, ,12.37, ,31.30, ,82.1, 
2007/11/12,17:00,0.0, ,154160, ,9.12, ,60.70, ,82.0, 
2007/11/12,18:00,0.0, ,153950, ,11.87, ,60.90, ,81.9, 
2007/11/12,19:00,0.0, ,153800, ,5.76, ,61.20, ,81.8, 
2007/11/12,20:00,0.0, ,153690, ,7.68, ,14.80, ,81.7, 
2007/11/12,21:00,0.0, ,153690, ,2.72, ,0.00, ,81.7, 
2007/11/12,22:00,0.0, ,153640, ,4.61, ,0.00, ,81.7, 
2007/11/12,23:00,0.0, ,153690, ,4.60, ,0.00, ,81.7, 
2007/11/12,24:00,0.0, ,153690, ,0.24, ,0.00, ,82.3, 
2007/11/13,01:00,0.0, ,153690, ,1.94, ,0.00, ,82.3, 
2007/11/13,02:00,0.0, ,153690, ,0.49, ,0.00, ,82.3, 
2007/11/13,03:00,0.0, ,153690, ,0.00, ,0.00, ,82.3, 
2007/11/13,04:00,0.0, ,153690, ,0.00, ,0.00, ,82.3, 
2007/11/13,05:00,0.0, ,153740, ,12.37, ,0.00, ,82.3, 
2007/11/13,06:00,0.0, ,153740, ,2.18, ,0.00, ,82.3, 
2007/11/13,07:00,0.0, ,153740, ,0.00, ,0.00, ,82.3, 
2007/11/13,08:00,0.0, ,153740, ,0.00, ,0.00, ,82.3, 
2007/11/13,09:00,0.0, ,153740, ,0.00, ,0.00, ,82.3, 
2007/11/13,10:00,0.0, ,153740, ,0.09, ,5.40, ,82.3, 
2007/11/13,11:00,0.0, ,153740, ,9.75, ,18.80, ,82.3, 
2007/11/13,12:00,0.0, ,153590, ,12.21, ,26.30, ,82.2, 
2007/11/13,13:00,0.0, ,153590, ,3.00, ,5.40, ,82.2, 
2007/11/13,14:00,0.0, ,153530, ,10.70, ,28.60, ,82.2, 
2007/11/13,15:00,0.0, ,153380, ,13.01, ,60.90, ,82.1, 
2007/11/13,16:00,0.0, ,153220, ,10.83, ,61.30, ,82.0, 
2007/11/13,17:00,0.0, ,153060, ,9.25, ,34.10, ,81.9, 
2007/11/13,18:00,0.0, ,152910, ,9.33, ,56.60, ,81.8, 
2007/11/13,19:00,0.0, ,152750, ,8.89, ,59.70, ,81.7, 
2007/11/13,20:00,0.0, ,152700, ,9.96, ,9.50, ,81.6, 
2007/11/13,21:00,0.0, ,152700, ,3.98, ,0.00, ,81.6, 
2007/11/13,22:00,0.0, ,152700, ,0.00, ,0.00, ,81.6, 
2007/11/13,23:00,0.0, ,152700, ,0.00, ,0.00, ,81.6, 
2007/11/13,24:00,0.0, ,152700, ,0.00, ,0.00, ,82.2, 
2007/11/14,01:00,0.0, ,152700, ,0.00, ,0.00, ,82.2, 
2007/11/14,02:00,0.0, ,152700, ,0.00, ,0.00, ,82.2, 
2007/11/14,03:00,0.0, ,152700, ,0.00, ,0.00, ,82.2, 
2007/11/14,04:00,0.0, ,152700, ,0.00, ,0.00, ,82.2, 
2007/11/14,05:00,0.0, ,152700, ,0.00, ,0.00, ,82.2, 
2007/11/14,06:00,0.0, ,152700, ,0.00, ,0.00, ,82.2, 
2007/11/14,07:00,0.0, ,152700, ,0.00, ,0.00, ,82.2, 
2007/11/14,08:00,0.0, ,152750, ,7.73, ,0.00, ,82.2, 
2007/11/14,09:00,0.0, ,152750, ,6.86, ,5.30, ,82.2, 
2007/11/14,10:00,0.0, ,152750, ,9.20, ,20.20, ,82.2, 
2007/11/14,11:00,0.0, ,152590, ,6.64, ,43.80, ,82.1, 
2007/11/14,12:00,0.0, ,152490, ,8.14, ,8.70, ,82.0, 
2007/11/14,13:00,0.0, ,152490, ,8.70, ,5.30, ,82.0, 
2007/11/14,14:00,0.0, ,152440, ,5.43, ,24.40, ,82.0, 
2007/11/14,15:00,0.0, ,152330, ,10.50, ,43.60, ,81.9, 
2007/11/14,16:00,0.0, ,152230, ,10.62, ,43.70, ,81.9, 
2007/11/14,17:00,0.0, ,152070, ,9.01, ,43.60, ,81.8, 
2007/11/14,18:00,0.0, ,151920, ,7.97, ,61.30, ,81.7, 
2007/11/14,19:00,0.0, ,151710, ,8.92, ,61.50, ,81.5, 
2007/11/14,20:00,0.0, ,151660, ,9.78, ,9.80, ,81.5, 
2007/11/14,21:00,0.0, ,151660, ,7.28, ,0.00, ,81.5, 
2007/11/14,22:00,0.0, ,151660, ,0.00, ,0.00, ,81.5, 
2007/11/14,23:00,0.0, ,151660, ,0.00, ,0.00, ,81.5, 
2007/11/14,24:00,0.0, ,151660, ,0.00, ,0.00, ,82.1, 
2007/11/15,01:00,0.0, ,151660, ,0.00, ,0.00, ,82.1, 
2007/11/15,02:00,0.0, ,151660, ,0.00, ,0.00, ,82.1, 
2007/11/15,03:00,0.0, ,151660, ,0.00, ,0.00, ,82.1, 
2007/11/15,04:00,0.0, ,151660, ,0.00, ,0.00, ,82.1, 
2007/11/15,05:00,0.0, ,151660, ,0.00, ,0.00, ,82.1, 
2007/11/15,06:00,0.0, ,151660, ,0.00, ,0.00, ,82.1, 
2007/11/15,07:00,0.0, ,151660, ,0.00, ,0.00, ,82.1, 
2007/11/15,08:00,0.0, ,151660, ,0.00, ,0.00, ,82.1, 
2007/11/15,09:00,0.0, ,151660, ,0.09, ,5.20, ,82.1, 
2007/11/15,10:00,0.0, ,151660, ,11.10, ,22.60, ,82.1, 
2007/11/15,11:00,0.0, ,151550, ,15.55, ,43.80, ,82.0, 
2007/11/15,12:00,0.0, ,151400, ,7.97, ,25.90, ,81.9, 
2007/11/15,13:00,0.0, ,151400, ,3.12, ,5.30, ,81.9, 
2007/11/15,14:00,0.0, ,151400, ,11.56, ,22.60, ,81.9, 
2007/11/15,15:00,0.0, ,151240, ,9.55, ,43.60, ,81.8, 
2007/11/15,16:00,0.0, ,151140, ,8.17, ,43.80, ,81.7, 
2007/11/15,17:00,0.0, ,150930, ,7.35, ,58.30, ,81.6, 
2007/11/15,18:00,0.0, ,150720, ,8.12, ,61.60, ,81.5, 
2007/11/15,19:00,0.0, ,150570, ,7.00, ,61.50, ,81.4, 
2007/11/15,20:00,0.0, ,150470, ,7.85, ,14.40, ,81.3, 
2007/11/15,21:00,0.0, ,150470, ,5.58, ,0.00, ,81.3, 
2007/11/15,22:00,0.0, ,150470, ,0.00, ,0.00, ,81.3, 
2007/11/15,23:00,0.0, ,150470, ,0.00, ,0.00, ,81.3, 
2007/11/15,24:00,0.0, ,150470, ,0.00, ,0.00, ,81.9, 
2007/11/16,01:00,0.0, ,150470, ,0.00, ,0.00, ,81.9, 
2007/11/16,02:00,0.0, ,150470, ,0.00, ,0.00, ,81.9, 
2007/11/16,03:00,0.0, ,150470, ,0.00, ,0.00, ,81.9, 
2007/11/16,04:00,0.0, ,150470, ,0.00, ,0.00, ,81.9, 
2007/11/16,05:00,0.0, ,150470, ,0.00, ,0.00, ,81.9, 
2007/11/16,06:00,0.0, ,150470, ,0.00, ,0.00, ,81.9, 
2007/11/16,07:00,0.0, ,150470, ,0.00, ,0.00, ,81.9, 
2007/11/16,08:00,0.0, ,150470, ,0.00, ,0.00, ,81.9, 
2007/11/16,09:00,0.0, ,150470, ,0.10, ,5.50, ,81.9, 
2007/11/16,10:00,0.0, ,150470, ,11.49, ,23.80, ,81.9, 
2007/11/16,11:00,0.0, ,150310, ,16.18, ,48.10, ,81.8, 
2007/11/16,12:00,0.0, ,150150, ,5.51, ,25.70, ,81.7, 
2007/11/16,13:00,0.0, ,150150, ,1.78, ,19.10, ,81.7, 
2007/11/16,14:00,0.0, ,150150, ,12.66, ,23.80, ,81.7, 
2007/11/16,15:00,0.0, ,150000, ,12.79, ,47.90, ,81.6, 
2007/11/16,16:00,0.0, ,149840, ,7.13, ,48.20, ,81.4, 
2007/11/16,17:00,0.0, ,149690, ,7.91, ,48.20, ,81.3, 
2007/11/16,18:00,0.1, ,149530, ,7.17, ,62.20, ,81.2, 
2007/11/16,19:00,0.0, ,149330, ,6.88, ,62.30, ,81.1, 
2007/11/16,20:00,0.0, ,149280, ,10.41, ,8.50, ,81.1, 
2007/11/16,21:00,0.0, ,149280, ,5.59, ,0.00, ,81.1, 
2007/11/16,22:00,0.0, ,149280, ,0.00, ,0.00, ,81.1, 
2007/11/16,23:00,0.0, ,149280, ,0.00, ,0.00, ,81.1, 
2007/11/16,24:00,0.0, ,149280, ,0.00, ,0.00, ,81.6, 
2007/11/17,01:00,0.0, ,149280, ,0.00, ,0.00, ,81.6, 
2007/11/17,02:00,0.0, ,149280, ,0.00, ,0.00, ,81.6, 
2007/11/17,03:00,0.0, ,149280, ,0.00, ,0.00, ,81.6, 
2007/11/17,04:00,0.0, ,149280, ,0.00, ,0.00, ,81.6, 
2007/11/17,05:00,0.0, ,149280, ,0.00, ,0.00, ,81.6, 
2007/11/17,06:00,0.0, ,149280, ,0.00, ,0.00, ,81.6, 
2007/11/17,07:00,0.0, ,149280, ,0.00, ,0.00, ,81.6, 
2007/11/17,08:00,0.0, ,149280, ,0.00, ,0.00, ,81.6, 
2007/11/17,09:00,0.0, ,149280, ,0.09, ,5.40, ,81.6, 
2007/11/17,10:00,0.0, ,149280, ,11.72, ,22.60, ,81.6, 
2007/11/17,11:00,0.0, ,149120, ,13.94, ,48.60, ,81.5, 
2007/11/17,12:00,0.0, ,148970, ,6.40, ,26.40, ,81.4, 
2007/11/17,13:00,0.0, ,148970, ,2.16, ,5.30, ,81.4, 
2007/11/17,14:00,0.0, ,148920, ,11.87, ,23.90, ,81.4, 
2007/11/17,15:00,0.0, ,148810, ,8.37, ,48.50, ,81.3, 
2007/11/17,16:00,0.0, ,148660, ,8.76, ,48.10, ,81.2, 
2007/11/17,17:00,0.0, ,148500, ,8.06, ,51.00, ,81.1, 
2007/11/17,18:00,0.0, ,148300, ,7.47, ,62.10, ,81.0, 
2007/11/17,19:00,0.0, ,148090, ,6.31, ,62.00, ,80.9, 
2007/11/17,20:00,0.0, ,148040, ,4.33, ,7.10, ,80.8, 
2007/11/17,21:00,0.0, ,148040, ,5.35, ,0.00, ,80.8, 
2007/11/17,22:00,0.0, ,148040, ,0.00, ,0.00, ,80.8, 
2007/11/17,23:00,0.0, ,148040, ,0.00, ,0.00, ,80.8, 
2007/11/17,24:00,0.0, ,148040, ,0.00, ,0.00, ,81.4, 
2007/11/18,01:00,0.0, ,148040, ,0.00, ,0.00, ,81.4, 
2007/11/18,02:00,0.0, ,148040, ,0.00, ,0.00, ,81.4, 
2007/11/18,03:00,0.0, ,148040, ,0.00, ,0.00, ,81.4, 
2007/11/18,04:00,0.0, ,148090, ,10.94, ,0.00, ,81.4, 
2007/11/18,05:00,0.0, ,148090, ,3.33, ,0.00, ,81.4, 
2007/11/18,06:00,0.0, ,148090, ,0.00, ,0.00, ,81.4, 
2007/11/18,07:00,0.0, ,148090, ,0.00, ,0.00, ,81.4, 
2007/11/18,08:00,0.0, ,148090, ,0.00, ,0.00, ,81.4, 
2007/11/18,09:00,0.0, ,148090, ,1.04, ,5.20, ,81.4, 
2007/11/18,10:00,0.0, ,148040, ,6.83, ,20.30, ,81.4, 
2007/11/18,11:00,0.0, ,147940, ,5.91, ,34.40, ,81.3, 
2007/11/18,12:00,0.0, ,147840, ,6.04, ,22.80, ,81.3, 
2007/11/18,13:00,0.0, ,147840, ,7.68, ,20.30, ,81.3, 
2007/11/18,14:00,0.0, ,147730, ,7.17, ,20.10, ,81.2, 
2007/11/18,15:00,0.0, ,147680, ,6.12, ,20.30, ,81.2, 
2007/11/18,16:00,0.0, ,147630, ,6.22, ,24.00, ,81.1, 
2007/11/18,17:00,0.0, ,147530, ,10.20, ,34.20, ,81.1, 
2007/11/18,18:00,0.0, ,147320, ,5.81, ,62.10, ,80.9, 
2007/11/18,19:00,0.0, ,147170, ,8.40, ,62.40, ,80.8, 
2007/11/18,20:00,0.0, ,146970, ,6.72, ,62.40, ,80.7, 
2007/11/18,21:00,0.0, ,146810, ,6.72, ,46.90, ,80.6, 
2007/11/18,22:00,0.0, ,146760, ,7.42, ,0.00, ,80.5, 
2007/11/18,23:00,0.0, ,146760, ,4.76, ,0.00, ,80.5, 
2007/11/18,24:00,0.0, ,146760, ,0.00, ,0.00, ,81.1, 
2007/11/19,01:00,0.0, ,146760, ,0.00, ,0.00, ,81.1, 
2007/11/19,02:00,0.0, ,146760, ,0.00, ,0.00, ,81.1, 
2007/11/19,03:00,0.0, ,146760, ,0.00, ,0.00, ,81.1, 
2007/11/19,04:00,0.0, ,146760, ,0.00, ,0.00, ,81.1, 
2007/11/19,05:00,0.0, ,146760, ,0.00, ,0.00, ,81.1, 
2007/11/19,06:00,0.0, ,146760, ,0.00, ,0.00, ,81.1, 
2007/11/19,07:00,0.0, ,146760, ,0.00, ,0.00, ,81.1, 
2007/11/19,08:00,0.0, ,146760, ,0.00, ,0.00, ,81.1, 
2007/11/19,09:00,0.0, ,146760, ,0.00, ,0.00, ,81.1, 
2007/11/19,10:00,0.0, ,146760, ,0.10, ,5.50, ,81.1, 
2007/11/19,11:00,0.0, ,146710, ,15.77, ,31.80, ,81.1, 
2007/11/19,12:00,0.0, ,146510, ,9.93, ,37.10, ,80.9, 
2007/11/19,13:00,0.0, ,146510, ,1.00, ,5.60, ,80.9, 
2007/11/19,14:00,0.0, ,146450, ,8.83, ,26.50, ,80.9, 
2007/11/19,15:00,0.0, ,146300, ,11.77, ,47.40, ,80.8, 
2007/11/19,16:00,0.0, ,146200, ,6.92, ,47.20, ,80.7, 
2007/11/19,17:00,0.0, ,146050, ,9.42, ,47.20, ,80.6, 
2007/11/19,18:00,0.0, ,145840, ,10.11, ,62.50, ,80.5, 
2007/11/19,19:00,0.0, ,145640, ,5.82, ,62.40, ,80.4, 
2007/11/19,20:00,0.0, ,145590, ,6.61, ,25.40, ,80.3, 
2007/11/19,21:00,0.0, ,145540, ,0.52, ,0.00, ,80.3, 
2007/11/19,22:00,0.0, ,145540, ,0.00, ,0.00, ,80.3, 
2007/11/19,23:00,0.0, ,145540, ,0.00, ,0.00, ,80.3, 
2007/11/19,24:00,0.0, ,145540, ,0.00, ,0.00, ,80.9, 
2007/11/20,01:00,0.0, ,145540, ,0.00, ,0.00, ,80.9, 
2007/11/20,02:00,0.0, ,145540, ,0.00, ,0.00, ,80.9, 
2007/11/20,03:00,0.0, ,145540, ,0.00, ,0.00, ,80.9, 
2007/11/20,04:00,0.0, ,145540, ,0.00, ,0.00, ,80.9, 
2007/11/20,05:00,0.0, ,145540, ,0.00, ,0.00, ,80.9, 
2007/11/20,06:00,0.0, ,145540, ,0.00, ,0.00, ,80.9, 
2007/11/20,07:00,0.0, ,145540, ,0.00, ,0.00, ,80.9, 
2007/11/20,08:00,0.0, ,145540, ,0.10, ,5.70, ,80.9, 
2007/11/20,09:00,0.0, ,145490, ,13.52, ,31.90, ,80.8, 
2007/11/20,10:00,0.0, ,145330, ,10.30, ,47.40, ,80.7, 
2007/11/20,11:00,0.0, ,145180, ,4.89, ,56.50, ,80.6, 
2007/11/20,12:00,0.0, ,144980, ,5.27, ,33.00, ,80.5, 
2007/11/20,13:00,0.0, ,144980, ,3.99, ,5.50, ,80.5, 
2007/11/20,14:00,0.1, ,144980, ,10.82, ,21.70, ,80.5, 
2007/11/20,15:00,0.1, ,144930, ,11.55, ,21.60, ,80.5, 
2007/11/20,16:00,0.3, ,144880, ,10.54, ,31.90, ,80.4, 
2007/11/20,17:00,0.0, ,144770, ,14.33, ,31.90, ,80.3, 
2007/11/20,18:00,0.0, ,144570, ,7.55, ,62.50, ,80.2, 
2007/11/20,19:00,0.0, ,144370, ,7.84, ,62.60, ,80.1, 
2007/11/20,20:00,0.0, ,144270, ,8.08, ,27.90, ,80.0, 
2007/11/20,21:00,0.0, ,144220, ,0.92, ,19.20, ,80.0, 
2007/11/20,22:00,0.3, ,144170, ,9.10, ,8.30, ,79.9, 
2007/11/20,23:00,0.0, ,144170, ,4.11, ,0.00, ,79.9, 
2007/11/20,24:00,0.0, ,144170, ,0.00, ,0.00, ,80.5, 
2007/11/21,01:00,0.0, ,144170, ,0.00, ,0.00, ,80.5, 
2007/11/21,02:00,0.0, ,144170, ,0.00, ,0.00, ,80.5, 
2007/11/21,03:00,0.0, ,144170, ,0.00, ,0.00, ,80.5, 
2007/11/21,04:00,0.0, ,144170, ,0.00, ,0.00, ,80.5, 
2007/11/21,05:00,0.0, ,144170, ,0.00, ,0.00, ,80.5, 
2007/11/21,06:00,0.0, ,144170, ,0.00, ,0.00, ,80.5, 
2007/11/21,07:00,0.0, ,144170, ,0.00, ,0.00, ,80.5, 
2007/11/21,08:00,0.0, ,144170, ,0.00, ,0.00, ,80.5, 
2007/11/21,09:00,0.1, ,144170, ,0.33, ,19.30, ,80.5, 
2007/11/21,10:00,0.0, ,144120, ,7.58, ,24.30, ,80.5, 
2007/11/21,11:00,0.0, ,143970, ,5.60, ,47.40, ,80.4, 
2007/11/21,12:00,0.0, ,143760, ,6.04, ,37.50, ,80.2, 
2007/11/21,13:00,0.0, ,143760, ,5.35, ,5.40, ,80.2, 
2007/11/21,14:00,0.0, ,143710, ,5.44, ,21.60, ,80.2, 
2007/11/21,15:00,0.0, ,143660, ,10.89, ,19.30, ,80.2, 
2007/11/21,16:00,0.0, ,143660, ,6.92, ,19.30, ,80.2, 
2007/11/21,17:00,0.0, ,143560, ,10.83, ,37.40, ,80.1, 
2007/11/21,18:00,0.0, ,143360, ,8.89, ,62.90, ,80.0, 
2007/11/21,19:00,0.0, ,143160, ,7.53, ,63.20, ,79.8, 
2007/11/21,20:00,0.0, ,143010, ,5.92, ,40.40, ,79.7, 
2007/11/21,21:00,0.0, ,142960, ,3.49, ,21.70, ,79.7, 
2007/11/21,22:00,0.0, ,142910, ,5.37, ,9.00, ,79.7, 
2007/11/21,23:00,0.0, ,142860, ,0.66, ,0.00, ,79.6, 
2007/11/21,24:00,0.0, ,142860, ,0.00, ,0.00, ,80.2, 
2007/11/22,01:00,0.0, ,142860, ,0.00, ,0.00, ,80.2, 
2007/11/22,02:00,0.0, ,142860, ,0.00, ,0.00, ,80.2, 
2007/11/22,03:00,0.0, ,142860, ,0.00, ,0.00, ,80.2, 
2007/11/22,04:00,0.0, ,142860, ,0.00, ,0.00, ,80.2, 
2007/11/22,05:00,0.0, ,142860, ,0.00, ,0.00, ,80.2, 
2007/11/22,06:00,0.0, ,142860, ,0.00, ,0.00, ,80.2, 
2007/11/22,07:00,0.0, ,142860, ,0.00, ,0.00, ,80.2, 
2007/11/22,08:00,0.0, ,142860, ,0.00, ,0.00, ,80.2, 
2007/11/22,09:00,0.0, ,142910, ,10.56, ,5.40, ,80.2, 
2007/11/22,10:00,0.0, ,142860, ,5.66, ,24.30, ,80.2, 
2007/11/22,11:00,0.0, ,142660, ,4.26, ,46.10, ,80.1, 
2007/11/22,12:00,0.0, ,142460, ,4.24, ,38.20, ,79.9, 
2007/11/22,13:00,0.0, ,142460, ,8.80, ,5.60, ,79.9, 
2007/11/22,14:00,0.0, ,142460, ,8.79, ,21.50, ,79.9, 
2007/11/22,15:00,0.0, ,142410, ,9.63, ,19.20, ,79.9, 
2007/11/22,16:00,0.0, ,142360, ,8.10, ,19.20, ,79.9, 
2007/11/22,17:00,0.0, ,142260, ,8.57, ,37.60, ,79.8, 
2007/11/22,18:00,0.0, ,142050, ,10.67, ,63.70, ,79.6, 
2007/11/22,19:00,0.0, ,141850, ,6.59, ,63.40, ,79.5, 
2007/11/22,20:00,0.0, ,141700, ,5.77, ,40.40, ,79.4, 
2007/11/22,21:00,0.0, ,141650, ,2.25, ,21.70, ,79.4, 
2007/11/22,22:00,0.0, ,141600, ,5.41, ,9.00, ,79.3, 
2007/11/22,23:00,0.0, ,141550, ,2.22, ,0.00, ,79.3, 
2007/11/22,24:00,0.0, ,141550, ,0.00, ,0.00, ,79.9, 
2007/11/23,01:00,0.0, ,141550, ,0.00, ,0.00, ,79.9, 
2007/11/23,02:00,0.0, ,141550, ,0.00, ,0.00, ,79.9, 
2007/11/23,03:00,0.0, ,141550, ,0.00, ,0.00, ,79.9, 
2007/11/23,04:00,0.0, ,141550, ,0.00, ,0.00, ,79.9, 
2007/11/23,05:00,0.0, ,141550, ,0.00, ,0.00, ,79.9, 
2007/11/23,06:00,0.0, ,141550, ,0.00, ,0.00, ,79.9, 
2007/11/23,07:00,0.0, ,141550, ,0.00, ,0.00, ,79.9, 
2007/11/23,08:00,0.0, ,141550, ,0.00, ,0.00, ,79.9, 
2007/11/23,09:00,0.0, ,141550, ,0.10, ,5.50, ,79.9, 
2007/11/23,10:00,0.0, ,141550, ,13.28, ,28.10, ,79.9, 
2007/11/23,11:00,0.0, ,141350, ,11.03, ,53.20, ,79.7, 
2007/11/23,12:00,0.0, ,141160, ,6.67, ,36.30, ,79.6, 
2007/11/23,13:00,0.0, ,141160, ,2.20, ,5.40, ,79.6, 
2007/11/23,14:00,0.0, ,141160, ,10.83, ,21.60, ,79.6, 
2007/11/23,15:00,0.0, ,141110, ,10.39, ,19.30, ,79.6, 
2007/11/23,16:00,0.0, ,141060, ,9.39, ,19.40, ,79.5, 
2007/11/23,17:00,0.0, ,140910, ,8.44, ,44.90, ,79.4, 
2007/11/23,18:00,0.0, ,140710, ,6.98, ,61.70, ,79.3, 
2007/11/23,19:00,0.0, ,140560, ,6.42, ,62.30, ,79.2, 
2007/11/23,20:00,0.0, ,140360, ,4.75, ,47.80, ,79.1, 
2007/11/23,21:00,0.0, ,140310, ,4.85, ,21.80, ,79.0, 
2007/11/23,22:00,0.0, ,140210, ,3.07, ,7.50, ,79.0, 
2007/11/23,23:00,0.0, ,140210, ,0.91, ,0.00, ,79.0, 
2007/11/23,24:00,0.0, ,140210, ,0.00, ,0.00, ,79.5, 
2007/11/24,01:00,0.0, ,140210, ,0.00, ,0.00, ,79.5, 
2007/11/24,02:00,0.0, ,140210, ,0.00, ,0.00, ,79.5, 
2007/11/24,03:00,0.0, ,140210, ,0.00, ,0.00, ,79.5, 
2007/11/24,04:00,0.0, ,140210, ,0.00, ,0.00, ,79.5, 
2007/11/24,05:00,0.0, ,140210, ,0.00, ,0.00, ,79.5, 
2007/11/24,06:00,0.0, ,140210, ,0.10, ,5.60, ,79.5, 
2007/11/24,07:00,0.0, ,140210, ,9.99, ,19.20, ,79.5, 
2007/11/24,08:00,0.0, ,140060, ,4.31, ,43.30, ,79.4, 
2007/11/24,09:00,0.0, ,139960, ,4.39, ,12.40, ,79.4, 
2007/11/24,10:00,0.0, ,139960, ,0.63, ,12.70, ,79.4, 
2007/11/24,11:00,0.0, ,139910, ,2.32, ,11.90, ,79.3, 
2007/11/24,12:00,0.0, ,139860, ,3.02, ,11.90, ,79.3, 
2007/11/24,13:00,0.0, ,139860, ,6.54, ,11.50, ,79.3, 
2007/11/24,14:00,0.0, ,139860, ,11.32, ,11.10, ,79.3, 
2007/11/24,15:00,0.0, ,139810, ,5.38, ,11.00, ,79.3, 
2007/11/24,16:00,0.0, ,139810, ,5.62, ,10.90, ,79.3, 
2007/11/24,17:00,0.0, ,139810, ,10.99, ,11.40, ,79.3, 
2007/11/24,18:00,0.0, ,139760, ,8.41, ,12.60, ,79.2, 
2007/11/24,19:00,0.0, ,139760, ,3.33, ,12.30, ,79.2, 
2007/11/24,20:00,0.0, ,139660, ,4.60, ,42.00, ,79.2, 
2007/11/24,21:00,0.0, ,139460, ,3.45, ,62.70, ,79.0, 
2007/11/24,22:00,0.0, ,139220, ,2.71, ,62.80, ,78.8, 
2007/11/24,23:00,0.0, ,139020, ,4.30, ,62.90, ,78.7, 
2007/11/24,24:00,0.0, ,138920, ,3.08, ,16.90, ,79.2, 
2007/11/25,01:00,0.0, ,138870, ,0.60, ,0.00, ,79.2, 
2007/11/25,02:00,0.0, ,138870, ,0.00, ,0.00, ,79.2, 
2007/11/25,03:00,0.0, ,138870, ,0.00, ,0.00, ,79.2, 
2007/11/25,04:00,0.0, ,138870, ,0.00, ,0.00, ,79.2, 
2007/11/25,05:00,0.0, ,138870, ,0.00, ,0.00, ,79.2, 
2007/11/25,06:00,0.0, ,138870, ,0.00, ,0.00, ,79.2, 
2007/11/25,07:00,0.0, ,138870, ,0.00, ,0.00, ,79.2, 
2007/11/25,08:00,0.0, ,138870, ,0.00, ,0.00, ,79.2, 
2007/11/25,09:00,0.0, ,138870, ,0.09, ,5.40, ,79.2, 
2007/11/25,10:00,0.0, ,138820, ,11.12, ,30.80, ,79.2, 
2007/11/25,11:00,0.0, ,138620, ,6.07, ,63.40, ,79.0, 
2007/11/25,12:00,0.0, ,138420, ,4.86, ,31.90, ,78.9, 
2007/11/25,13:00,0.0, ,138420, ,7.15, ,0.00, ,78.9, 
2007/11/25,14:00,0.0, ,138420, ,0.00, ,0.00, ,78.9, 
2007/11/25,15:00,0.0, ,138420, ,0.00, ,0.00, ,78.9, 
2007/11/25,16:00,0.0, ,138470, ,9.94, ,5.70, ,78.9, 
2007/11/25,17:00,0.0, ,138420, ,17.62, ,32.90, ,78.9, 
2007/11/25,18:00,0.0, ,138230, ,15.12, ,63.10, ,78.7, 
2007/11/25,19:00,0.0, ,138030, ,6.95, ,63.20, ,78.6, 
2007/11/25,20:00,0.0, ,137780, ,5.19, ,63.50, ,78.4, 
2007/11/25,21:00,0.0, ,137590, ,3.47, ,42.40, ,78.3, 
2007/11/25,22:00,0.0, ,137590, ,1.77, ,0.00, ,78.3, 
2007/11/25,23:00,0.0, ,137590, ,0.01, ,0.00, ,78.3, 
2007/11/25,24:00,0.0, ,137590, ,0.00, ,0.00, ,78.9, 
2007/11/26,01:00,0.0, ,137590, ,0.00, ,0.00, ,78.9, 
2007/11/26,02:00,0.0, ,137590, ,0.00, ,0.00, ,78.9, 
2007/11/26,03:00,0.0, ,137590, ,0.00, ,0.00, ,78.9, 
2007/11/26,04:00,0.0, ,137590, ,0.00, ,0.00, ,78.9, 
2007/11/26,05:00,0.0, ,137590, ,0.00, ,0.00, ,78.9, 
2007/11/26,06:00,0.0, ,137590, ,0.00, ,0.00, ,78.9, 
2007/11/26,07:00,0.0, ,137590, ,0.00, ,0.00, ,78.9, 
2007/11/26,08:00,0.0, ,137590, ,0.00, ,0.00, ,78.9, 
2007/11/26,09:00,0.0, ,137590, ,0.10, ,5.50, ,78.9, 
2007/11/26,10:00,0.0, ,137540, ,12.38, ,50.00, ,78.8, 
2007/11/26,11:00,0.0, ,137340, ,5.97, ,59.00, ,78.7, 
2007/11/26,12:00,0.0, ,137190, ,5.89, ,23.50, ,78.6, 
2007/11/26,13:00,0.0, ,137190, ,0.47, ,0.00, ,78.6, 
2007/11/26,14:00,0.0, ,137190, ,0.00, ,0.00, ,78.6, 
2007/11/26,15:00,0.0, ,137240, ,11.71, ,5.60, ,78.6, 
2007/11/26,16:00,0.0, ,137240, ,17.68, ,31.10, ,78.6, 
2007/11/26,17:00,0.0, ,137040, ,14.43, ,62.70, ,78.5, 
2007/11/26,18:00,0.0, ,136850, ,8.91, ,62.80, ,78.4, 
2007/11/26,19:00,0.0, ,136650, ,6.82, ,62.90, ,78.2, 
2007/11/26,20:00,0.0, ,136400, ,5.75, ,62.40, ,78.0, 
2007/11/26,21:00,0.0, ,136360, ,4.34, ,9.40, ,78.0, 
2007/11/26,22:00,0.0, ,136310, ,0.62, ,0.00, ,78.0, 
2007/11/26,23:00,0.0, ,136310, ,0.00, ,0.00, ,78.0, 
2007/11/26,24:00,0.0, ,136310, ,0.00, ,0.00, ,78.6, 
2007/11/27,01:00,0.0, ,136310, ,0.00, ,0.00, ,78.6, 
2007/11/27,02:00,0.0, ,136310, ,0.00, ,0.00, ,78.6, 
2007/11/27,03:00,0.0, ,136310, ,0.00, ,0.00, ,78.6, 
2007/11/27,04:00,0.0, ,136310, ,0.00, ,0.00, ,78.6, 
2007/11/27,05:00,0.0, ,136310, ,0.00, ,0.00, ,78.6, 
2007/11/27,06:00,0.0, ,136310, ,0.00, ,0.00, ,78.6, 
2007/11/27,07:00,0.0, ,136310, ,0.00, ,0.00, ,78.6, 
2007/11/27,08:00,0.0, ,136310, ,0.00, ,0.00, ,78.6, 
2007/11/27,09:00,0.0, ,136360, ,11.23, ,5.70, ,78.6, 
2007/11/27,10:00,0.0, ,136310, ,12.57, ,30.40, ,78.6, 
2007/11/27,11:00,0.0, ,136060, ,2.47, ,59.50, ,78.4, 
2007/11/27,12:00,0.0, ,135960, ,5.97, ,21.50, ,78.3, 
2007/11/27,13:00,0.0, ,135960, ,4.53, ,0.00, ,78.3, 
2007/11/27,14:00,0.0, ,135960, ,0.00, ,0.00, ,78.3, 
2007/11/27,15:00,0.0, ,135960, ,0.10, ,5.50, ,78.3, 
2007/11/27,16:00,0.0, ,135960, ,15.87, ,31.20, ,78.3, 
2007/11/27,17:00,0.0, ,135770, ,16.55, ,61.00, ,78.2, 
2007/11/27,18:00,0.0, ,135570, ,13.22, ,62.70, ,78.0, 
2007/11/27,19:00,0.0, ,135380, ,4.19, ,63.00, ,77.9, 
2007/11/27,20:00,0.0, ,135130, ,6.14, ,63.10, ,77.7, 
2007/11/27,21:00,0.0, ,134990, ,4.20, ,24.40, ,77.6, 
2007/11/27,22:00,0.0, ,134990, ,2.39, ,0.00, ,77.6, 
2007/11/27,23:00,0.0, ,134990, ,0.00, ,0.00, ,77.6, 
2007/11/27,24:00,0.0, ,134990, ,0.00, ,0.00, ,78.2, 
2007/11/28,01:00,0.0, ,134990, ,0.00, ,0.00, ,78.2, 
2007/11/28,02:00,0.0, ,134990, ,0.00, ,0.00, ,78.2, 
2007/11/28,03:00,0.0, ,134990, ,0.00, ,0.00, ,78.2, 
2007/11/28,04:00,0.0, ,134990, ,0.00, ,0.00, ,78.2, 
2007/11/28,05:00,0.0, ,134990, ,0.00, ,0.00, ,78.2, 
2007/11/28,06:00,0.0, ,134990, ,0.00, ,0.00, ,78.2, 
2007/11/28,07:00,0.0, ,134990, ,0.00, ,0.00, ,78.2, 
2007/11/28,08:00,0.0, ,134990, ,0.00, ,0.00, ,78.2, 
2007/11/28,09:00,0.0, ,134990, ,0.10, ,5.50, ,78.2, 
2007/11/28,10:00,0.0, ,134940, ,11.64, ,31.10, ,78.2, 
2007/11/28,11:00,0.0, ,134740, ,4.48, ,61.60, ,78.0, 
2007/11/28,12:00,0.0, ,134550, ,5.46, ,36.00, ,77.9, 
2007/11/28,13:00,0.0, ,134550, ,8.15, ,5.50, ,77.9, 
2007/11/28,14:00,0.0, ,134500, ,7.05, ,24.50, ,77.9, 
2007/11/28,15:00,0.0, ,134450, ,7.72, ,22.00, ,77.8, 
2007/11/28,16:00,0.0, ,134400, ,9.21, ,19.60, ,77.8, 
2007/11/28,17:00,0.0, ,134260, ,5.75, ,46.80, ,77.7, 
2007/11/28,18:00,0.0, ,134060, ,8.75, ,62.70, ,77.5, 
2007/11/28,19:00,0.0, ,133870, ,7.15, ,62.80, ,77.4, 
2007/11/28,20:00,0.0, ,133670, ,4.56, ,48.40, ,77.3, 
2007/11/28,21:00,0.0, ,133630, ,2.03, ,7.90, ,77.2, 
2007/11/28,22:00,0.0, ,133630, ,4.51, ,0.00, ,77.2, 
2007/11/28,23:00,0.0, ,133630, ,0.00, ,0.00, ,77.2, 
2007/11/28,24:00,0.0, ,133630, ,0.00, ,0.00, ,77.8, 
2007/11/29,01:00,0.0, ,133630, ,0.00, ,0.00, ,77.8, 
2007/11/29,02:00,0.0, ,133630, ,0.00, ,0.00, ,77.8, 
2007/11/29,03:00,0.0, ,133630, ,0.00, ,0.00, ,77.8, 
2007/11/29,04:00,0.0, ,133630, ,0.00, ,0.00, ,77.8, 
2007/11/29,05:00,0.0, ,133630, ,0.00, ,0.00, ,77.8, 
2007/11/29,06:00,0.0, ,133630, ,0.00, ,0.00, ,77.8, 
2007/11/29,07:00,0.0, ,133630, ,0.00, ,0.00, ,77.8, 
2007/11/29,08:00,0.0, ,133630, ,0.10, ,5.50, ,77.8, 
2007/11/29,09:00,0.0, ,133530, ,11.48, ,31.40, ,77.7, 
2007/11/29,10:00,0.0, ,133330, ,3.60, ,61.60, ,77.6, 
2007/11/29,11:00,0.0, ,133140, ,3.63, ,63.10, ,77.5, 
2007/11/29,12:00,0.0, ,132950, ,6.01, ,38.30, ,77.3, 
2007/11/29,13:00,0.0, ,132900, ,4.86, ,5.70, ,77.3, 
2007/11/29,14:00,0.0, ,132850, ,9.72, ,34.30, ,77.3, 
2007/11/29,15:00,0.0, ,132710, ,12.67, ,35.50, ,77.2, 
2007/11/29,16:00,0.0, ,132660, ,4.55, ,32.90, ,77.1, 
2007/11/29,17:00,0.0, ,132560, ,10.65, ,32.80, ,77.0, 
2007/11/29,18:00,0.0, ,132460, ,10.16, ,32.70, ,77.0, 
2007/11/29,19:00,0.0, ,132370, ,5.51, ,35.60, ,76.9, 
2007/11/29,20:00,0.0, ,132320, ,5.05, ,19.50, ,76.9, 
2007/11/29,21:00,0.0, ,132270, ,5.01, ,19.40, ,76.8, 
2007/11/29,22:00,0.0, ,132220, ,2.12, ,0.00, ,76.8, 
2007/11/29,23:00,0.0, ,132220, ,0.00, ,0.00, ,76.8, 
2007/11/29,24:00,0.0, ,132220, ,0.00, ,0.00, ,77.4, 
2007/11/30,01:00,0.0, ,132220, ,0.00, ,0.00, ,77.4, 
2007/11/30,02:00,0.0, ,132220, ,0.00, ,0.00, ,77.4, 
2007/11/30,03:00,0.0, ,132220, ,0.00, ,0.00, ,77.4, 
2007/11/30,04:00,0.0, ,132220, ,0.00, ,0.00, ,77.4, 
2007/11/30,05:00,0.0, ,132220, ,0.00, ,0.00, ,77.4, 
2007/11/30,06:00,0.0, ,132220, ,0.00, ,0.00, ,77.4, 
2007/11/30,07:00,0.0, ,132220, ,0.00, ,0.00, ,77.4, 
2007/11/30,08:00,0.0, ,132220, ,0.10, ,5.60, ,77.4, 
2007/11/30,09:00,0.0, ,132180, ,12.98, ,29.90, ,77.4, 
2007/11/30,10:00,0.0, ,132080, ,8.60, ,31.40, ,77.3, 
2007/11/30,11:00,0.0, ,131930, ,3.69, ,47.40, ,77.2, 
2007/11/30,12:00,0.0, ,131790, ,5.42, ,25.70, ,77.1, 
2007/11/30,13:00,0.0, ,131790, ,7.54, ,5.60, ,77.1, 
2007/11/30,14:00,0.0, ,131690, ,5.69, ,29.80, ,77.0, 
2007/11/30,15:00,0.0, ,131600, ,6.20, ,35.60, ,76.9, 
2007/11/30,16:00,0.0, ,131500, ,9.24, ,38.60, ,76.9, 
2007/11/30,17:00,0.0, ,131310, ,6.22, ,61.50, ,76.7, 
2007/11/30,18:00,0.0, ,131120, ,9.30, ,61.90, ,76.6, 
2007/11/30,19:00,0.0, ,131020, ,7.41, ,35.60, ,76.5, 
2007/11/30,20:00,0.0, ,130930, ,6.25, ,22.10, ,76.4, 
2007/11/30,21:00,0.0, ,130880, ,4.15, ,7.80, ,76.4, 
2007/11/30,22:00,0.0, ,130880, ,4.57, ,0.00, ,76.4, 
2007/11/30,23:00,0.0, ,130880, ,0.00, ,0.00, ,76.4, 
2007/11/30,24:00,0.0, ,130880, ,0.00, ,0.00, ,77.0, 
