îCà”ä˙ä‘É_ÉÄèîó åüçıåãâ 
êÖånñº,ãgñÏêÏ
âÕêÏñº,ãgñÏêÏ
äœë™èäñº,ëÅñæâYÉ_ÉÄÅiã@ç\Åj
äœë™èäãLçÜ,1368080700010
#
#îNåéì˙,éûçè,ó¨àÊïΩãœâJó ,ó¨àÊïΩãœâJó ëÆê´,íôêÖó ,íôêÖó ëÆê´,ó¨ì¸ó ,ó¨ì¸ó ëÆê´,ï˙ó¨ó ,ï˙ó¨ó ëÆê´,íôêÖó¶,íôêÖó¶ëÆê´
#ëÆê´Å@$:åáë™ -:ñ¢éÛêM
#
2016/4/1,01:00,2.9, ,166990, ,11.70, ,0.00, ,98.0, 
2016/4/1,02:00,0.1, ,166990, ,3.56, ,0.00, ,98.0, 
2016/4/1,03:00,1.0, ,167050, ,11.19, ,0.00, ,98.0, 
2016/4/1,04:00,1.7, ,167050, ,4.07, ,0.00, ,98.0, 
2016/4/1,05:00,2.9, ,167050, ,0.00, ,0.00, ,97.9, 
2016/4/1,06:00,2.1, ,167100, ,15.26, ,0.00, ,97.9, 
2016/4/1,07:00,1.9, ,167100, ,0.00, ,0.00, ,97.9, 
2016/4/1,08:00,0.6, ,167160, ,14.25, ,0.00, ,97.9, 
2016/4/1,09:00,0.7, ,167210, ,5.60, ,0.00, ,97.9, 
2016/4/1,10:00,1.1, ,167270, ,14.25, ,0.00, ,97.9, 
2016/4/1,11:00,0.0, ,167320, ,15.52, ,0.00, ,97.9, 
2016/4/1,12:00,0.9, ,167380, ,16.04, ,0.00, ,98.0, 
2016/4/1,13:00,0.2, ,167430, ,13.24, ,0.00, ,98.0, 
2016/4/1,14:00,0.0, ,167490, ,16.30, ,0.00, ,98.0, 
2016/4/1,15:00,0.0, ,167540, ,12.73, ,0.00, ,98.0, 
2016/4/1,16:00,0.0, ,167600, ,16.81, ,0.00, ,98.0, 
2016/4/1,17:00,0.0, ,167600, ,12.74, ,0.00, ,98.0, 
2016/4/1,18:00,0.0, ,167650, ,15.04, ,1.20, ,98.0, 
2016/4/1,19:00,0.0, ,167650, ,11.93, ,23.30, ,98.0, 
2016/4/1,20:00,0.0, ,167650, ,24.01, ,24.10, ,97.9, 
2016/4/1,21:00,0.0, ,167650, ,12.38, ,0.00, ,97.9, 
2016/4/1,22:00,0.0, ,167650, ,0.00, ,0.00, ,97.9, 
2016/4/1,23:00,0.0, ,167710, ,15.04, ,0.00, ,97.9, 
2016/4/1,24:00,0.0, ,167760, ,10.96, ,0.00, ,97.9, 
2016/4/2,01:00,0.0, ,167820, ,17.85, ,0.00, ,97.9, 
2016/4/2,02:00,0.1, ,167820, ,2.04, ,0.00, ,97.9, 
2016/4/2,03:00,0.0, ,167870, ,14.03, ,0.00, ,97.9, 
2016/4/2,04:00,0.0, ,167870, ,1.28, ,0.00, ,97.9, 
2016/4/2,05:00,0.0, ,167930, ,13.52, ,0.00, ,97.9, 
2016/4/2,06:00,0.0, ,167930, ,1.79, ,0.00, ,97.9, 
2016/4/2,07:00,0.0, ,167930, ,0.00, ,0.00, ,97.8, 
2016/4/2,08:00,0.0, ,167930, ,0.00, ,0.00, ,97.8, 
2016/4/2,09:00,0.0, ,167980, ,11.23, ,0.00, ,97.8, 
2016/4/2,10:00,0.0, ,168040, ,14.54, ,0.00, ,97.8, 
2016/4/2,11:00,0.0, ,168090, ,9.95, ,0.00, ,97.8, 
2016/4/2,12:00,0.0, ,168090, ,10.21, ,0.00, ,97.8, 
2016/4/2,13:00,0.0, ,168150, ,14.55, ,0.00, ,97.8, 
2016/4/2,14:00,0.0, ,168200, ,13.02, ,0.00, ,97.8, 
2016/4/2,15:00,0.0, ,168260, ,12.77, ,0.00, ,97.8, 
2016/4/2,16:00,0.0, ,168310, ,10.98, ,0.00, ,97.9, 
2016/4/2,17:00,0.0, ,168310, ,9.96, ,2.30, ,97.8, 
2016/4/2,18:00,0.0, ,168310, ,13.21, ,29.10, ,97.8, 
2016/4/2,19:00,0.0, ,168200, ,28.21, ,55.40, ,97.7, 
2016/4/2,20:00,0.0, ,168040, ,15.03, ,55.60, ,97.6, 
2016/4/2,21:00,0.1, ,167930, ,14.42, ,43.20, ,97.5, 
2016/4/2,22:00,0.0, ,167930, ,12.91, ,0.00, ,97.4, 
2016/4/2,23:00,0.0, ,167930, ,0.00, ,0.00, ,97.4, 
2016/4/2,24:00,0.0, ,167980, ,4.85, ,0.00, ,97.4, 
2016/4/3,01:00,0.0, ,168040, ,11.23, ,0.00, ,97.4, 
2016/4/3,02:00,0.2, ,168040, ,14.54, ,0.00, ,97.4, 
2016/4/3,03:00,0.5, ,168040, ,0.00, ,0.00, ,97.4, 
2016/4/3,04:00,0.7, ,168090, ,10.21, ,0.00, ,97.4, 
2016/4/3,05:00,1.9, ,168090, ,5.10, ,0.00, ,97.4, 
2016/4/3,06:00,2.3, ,168090, ,0.00, ,0.00, ,97.3, 
2016/4/3,07:00,1.7, ,168150, ,12.77, ,0.00, ,97.3, 
2016/4/3,08:00,1.8, ,168150, ,2.55, ,0.00, ,97.3, 
2016/4/3,09:00,1.1, ,168200, ,7.66, ,0.00, ,97.3, 
2016/4/3,10:00,0.1, ,168260, ,16.60, ,0.00, ,97.3, 
2016/4/3,11:00,1.1, ,168310, ,14.04, ,0.00, ,97.3, 
2016/4/3,12:00,2.6, ,168370, ,13.54, ,0.00, ,97.4, 
2016/4/3,13:00,2.3, ,168420, ,18.65, ,0.00, ,97.4, 
2016/4/3,14:00,2.7, ,168540, ,19.93, ,0.00, ,97.4, 
2016/4/3,15:00,2.5, ,168590, ,21.98, ,0.00, ,97.4, 
2016/4/3,16:00,4.1, ,168700, ,18.92, ,0.00, ,97.5, 
2016/4/3,17:00,5.4, ,168810, ,31.71, ,1.40, ,97.5, 
2016/4/3,18:00,6.6, ,168810, ,34.14, ,26.30, ,97.5, 
2016/4/3,19:00,7.3, ,168920, ,44.35, ,26.10, ,97.5, 
2016/4/3,20:00,8.9, ,169250, ,78.42, ,18.80, ,97.7, 
2016/4/3,21:00,4.0, ,169750, ,126.36, ,0.00, ,98.1, 
2016/4/3,22:00,0.7, ,170310, ,156.04, ,0.00, ,98.4, 
2016/4/3,23:00,1.9, ,170750, ,135.99, ,0.00, ,98.7, 
2016/4/3,24:00,0.5, ,171140, ,114.05, ,0.00, ,98.9, 
2016/4/4,01:00,0.8, ,171420, ,93.31, ,0.00, ,99.1, 
2016/4/4,02:00,1.2, ,171700, ,78.70, ,0.00, ,99.3, 
2016/4/4,03:00,1.7, ,171920, ,71.28, ,0.00, ,99.4, 
2016/4/4,04:00,2.5, ,172140, ,59.70, ,0.00, ,99.5, 
2016/4/4,05:00,3.9, ,172370, ,56.38, ,0.00, ,99.6, 
2016/4/4,06:00,4.5, ,172540, ,56.67, ,0.00, ,99.7, 
2016/4/4,07:00,3.8, ,172760, ,57.75, ,0.00, ,99.9, 
2016/4/4,08:00,3.9, ,173040, ,64.27, ,0.00, ,100.0, 
2016/4/4,09:00,1.5, ,173320, ,75.21, ,0.00, ,100.0, 
2016/4/4,10:00,0.1, ,173600, ,81.51, ,0.00, ,100.0, 
2016/4/4,11:00,0.0, ,173880, ,76.91, ,0.00, ,100.0, 
2016/4/4,12:00,0.0, ,174110, ,74.63, ,0.00, ,100.0, 
2016/4/4,13:00,0.0, ,174390, ,73.13, ,0.00, ,100.0, 
2016/4/4,14:00,0.0, ,174610, ,65.37, ,0.00, ,100.0, 
2016/4/4,15:00,0.0, ,174840, ,62.30, ,0.00, ,100.0, 
2016/4/4,16:00,0.0, ,175010, ,50.86, ,0.00, ,100.0, 
2016/4/4,17:00,0.0, ,175180, ,52.45, ,0.00, ,100.0, 
2016/4/4,18:00,0.0, ,175350, ,49.61, ,0.00, ,100.0, 
2016/4/4,19:00,0.0, ,175510, ,49.12, ,0.00, ,100.0, 
2016/4/4,20:00,0.1, ,175680, ,44.70, ,0.00, ,100.0, 
2016/4/4,21:00,0.0, ,175850, ,44.99, ,0.00, ,100.0, 
2016/4/4,22:00,0.0, ,176020, ,40.56, ,0.00, ,100.0, 
2016/4/4,23:00,0.0, ,176140, ,41.10, ,0.00, ,100.0, 
2016/4/4,24:00,0.0, ,176310, ,39.29, ,0.00, ,100.0, 
2016/4/5,01:00,0.0, ,176420, ,40.09, ,0.00, ,100.0, 
2016/4/5,02:00,0.0, ,176530, ,36.18, ,0.00, ,100.0, 
2016/4/5,03:00,0.0, ,176650, ,34.35, ,0.00, ,100.0, 
2016/4/5,04:00,0.0, ,176760, ,31.22, ,0.00, ,100.0, 
2016/4/5,05:00,0.0, ,176870, ,28.60, ,0.00, ,100.0, 
2016/4/5,06:00,0.0, ,176990, ,25.73, ,3.80, ,100.0, 
2016/4/5,07:00,0.0, ,176990, ,32.28, ,31.00, ,100.0, 
2016/4/5,08:00,0.0, ,176930, ,34.02, ,57.20, ,100.0, 
2016/4/5,09:00,0.0, ,176820, ,31.38, ,45.80, ,100.0, 
2016/4/5,10:00,0.0, ,176870, ,22.24, ,0.00, ,100.0, 
2016/4/5,11:00,0.0, ,176990, ,23.89, ,0.00, ,100.0, 
2016/4/5,12:00,0.0, ,177040, ,26.26, ,0.00, ,100.0, 
2016/4/5,13:00,0.0, ,177160, ,30.73, ,3.60, ,100.0, 
2016/4/5,14:00,0.0, ,177160, ,24.11, ,28.60, ,100.0, 
2016/4/5,15:00,0.0, ,177160, ,28.55, ,28.60, ,100.0, 
2016/4/5,16:00,0.0, ,177160, ,30.69, ,35.80, ,100.0, 
2016/4/5,17:00,0.0, ,177100, ,41.53, ,59.90, ,100.0, 
2016/4/5,18:00,0.0, ,176990, ,32.32, ,59.90, ,100.0, 
2016/4/5,19:00,0.0, ,176870, ,27.67, ,60.00, ,99.9, 
2016/4/5,20:00,0.0, ,176760, ,28.21, ,48.30, ,99.8, 
2016/4/5,21:00,0.0, ,176760, ,16.03, ,0.00, ,99.8, 
2016/4/5,22:00,0.0, ,176870, ,12.34, ,0.00, ,99.8, 
2016/4/5,23:00,0.0, ,176930, ,25.46, ,0.00, ,99.9, 
2016/4/5,24:00,0.0, ,177040, ,23.63, ,0.00, ,100.0, 
2016/4/6,01:00,0.0, ,177100, ,24.16, ,0.00, ,100.0, 
2016/4/6,02:00,0.0, ,177210, ,25.22, ,0.00, ,100.0, 
2016/4/6,03:00,0.0, ,177270, ,23.39, ,0.00, ,100.0, 
2016/4/6,04:00,0.0, ,177380, ,22.87, ,0.00, ,100.0, 
2016/4/6,05:00,0.0, ,177440, ,24.71, ,0.00, ,100.0, 
2016/4/6,06:00,0.0, ,177550, ,21.56, ,3.70, ,100.0, 
2016/4/6,07:00,0.0, ,177550, ,31.75, ,31.30, ,100.0, 
2016/4/6,08:00,0.0, ,177440, ,28.44, ,57.00, ,100.0, 
2016/4/6,09:00,0.0, ,177330, ,23.94, ,45.20, ,100.0, 
2016/4/6,10:00,0.0, ,177330, ,15.33, ,0.00, ,100.0, 
2016/4/6,11:00,0.0, ,177440, ,10.25, ,0.00, ,100.0, 
2016/4/6,12:00,0.0, ,177500, ,25.50, ,0.00, ,100.0, 
2016/4/6,13:00,0.0, ,177550, ,21.03, ,3.60, ,100.0, 
2016/4/6,14:00,0.0, ,177550, ,20.72, ,31.20, ,100.0, 
2016/4/6,15:00,0.0, ,177500, ,35.03, ,56.50, ,99.9, 
2016/4/6,16:00,0.0, ,177330, ,21.09, ,60.20, ,99.8, 
2016/4/6,17:00,0.0, ,177210, ,24.89, ,60.00, ,99.7, 
2016/4/6,18:00,0.0, ,177040, ,20.73, ,60.00, ,99.6, 
2016/4/6,19:00,0.0, ,176930, ,22.86, ,60.00, ,99.5, 
2016/4/6,20:00,0.0, ,176760, ,23.68, ,47.50, ,99.3, 
2016/4/6,21:00,0.0, ,176760, ,10.68, ,18.50, ,99.3, 
2016/4/6,22:00,0.0, ,176760, ,18.55, ,18.50, ,99.3, 
2016/4/6,23:00,0.0, ,176760, ,18.56, ,19.00, ,99.3, 
2016/4/6,24:00,0.6, ,176760, ,18.55, ,18.60, ,100.0, 
2016/4/7,01:00,2.8, ,176820, ,14.60, ,0.00, ,100.0, 
2016/4/7,02:00,2.9, ,176870, ,20.73, ,0.00, ,100.0, 
2016/4/7,03:00,2.5, ,176990, ,26.78, ,0.00, ,100.0, 
2016/4/7,04:00,6.0, ,177160, ,29.94, ,0.00, ,100.0, 
2016/4/7,05:00,3.9, ,177270, ,40.46, ,0.00, ,100.0, 
2016/4/7,06:00,7.4, ,177380, ,30.49, ,3.40, ,100.0, 
2016/4/7,07:00,7.0, ,177500, ,52.55, ,31.30, ,100.0, 
2016/4/7,08:00,4.4, ,177610, ,72.09, ,57.30, ,100.0, 
2016/4/7,09:00,2.4, ,177720, ,88.89, ,60.00, ,100.0, 
2016/4/7,10:00,2.1, ,177950, ,107.69, ,59.60, ,100.0, 
2016/4/7,11:00,0.1, ,178060, ,108.48, ,60.20, ,100.0, 
2016/4/7,12:00,0.0, ,178180, ,98.50, ,59.90, ,100.0, 
2016/4/7,13:00,1.1, ,178350, ,90.58, ,60.30, ,100.0, 
2016/4/7,14:00,2.8, ,178460, ,99.29, ,60.10, ,100.0, 
2016/4/7,15:00,3.9, ,178580, ,96.11, ,59.70, ,100.0, 
2016/4/7,16:00,0.9, ,178690, ,84.74, ,60.20, ,100.0, 
2016/4/7,17:00,1.9, ,178810, ,93.75, ,59.60, ,100.0, 
2016/4/7,18:00,2.7, ,178920, ,94.26, ,59.60, ,100.0, 
2016/4/7,19:00,1.1, ,179030, ,91.90, ,59.50, ,100.0, 
2016/4/7,20:00,0.8, ,179150, ,90.54, ,59.80, ,100.0, 
2016/4/7,21:00,0.6, ,179200, ,82.33, ,59.40, ,100.0, 
2016/4/7,22:00,0.1, ,179260, ,73.92, ,59.40, ,100.0, 
2016/4/7,23:00,0.1, ,179320, ,78.65, ,60.00, ,100.0, 
2016/4/7,24:00,0.0, ,179380, ,77.32, ,60.00, ,100.0, 
2016/4/8,01:00,0.0, ,179430, ,63.56, ,59.30, ,100.0, 
2016/4/8,02:00,0.0, ,179430, ,74.42, ,59.30, ,100.0, 
2016/4/8,03:00,0.0, ,179430, ,59.60, ,59.40, ,100.0, 
2016/4/8,04:00,0.0, ,179490, ,67.77, ,59.30, ,100.0, 
2016/4/8,05:00,0.0, ,179490, ,67.25, ,59.40, ,100.0, 
2016/4/8,06:00,0.0, ,179490, ,59.59, ,59.80, ,99.9, 
2016/4/8,07:00,0.0, ,179490, ,59.56, ,59.70, ,99.9, 
2016/4/8,08:00,0.0, ,179490, ,59.58, ,59.40, ,99.9, 
2016/4/8,09:00,0.0, ,179490, ,59.56, ,59.50, ,99.9, 
2016/4/8,10:00,0.0, ,179490, ,59.60, ,60.10, ,99.8, 
2016/4/8,11:00,0.0, ,179430, ,51.94, ,59.80, ,99.8, 
2016/4/8,12:00,0.0, ,179430, ,51.38, ,59.50, ,99.7, 
2016/4/8,13:00,0.0, ,179380, ,52.20, ,60.10, ,99.7, 
2016/4/8,14:00,0.0, ,179380, ,51.13, ,59.80, ,99.7, 
2016/4/8,15:00,0.0, ,179320, ,46.91, ,59.90, ,99.6, 
2016/4/8,16:00,0.0, ,179260, ,50.13, ,59.70, ,99.5, 
2016/4/8,17:00,0.0, ,179200, ,49.31, ,59.90, ,99.5, 
2016/4/8,18:00,0.0, ,179150, ,40.83, ,59.80, ,99.4, 
2016/4/8,19:00,0.0, ,179090, ,44.07, ,59.50, ,99.4, 
2016/4/8,20:00,0.0, ,179030, ,40.09, ,60.10, ,99.3, 
2016/4/8,21:00,0.0, ,178920, ,37.98, ,59.50, ,99.2, 
2016/4/8,22:00,0.0, ,178860, ,35.60, ,59.70, ,99.1, 
2016/4/8,23:00,0.0, ,178750, ,36.97, ,59.90, ,99.0, 
2016/4/8,24:00,0.0, ,178690, ,34.63, ,59.60, ,100.0, 
2016/4/9,01:00,0.0, ,178580, ,36.73, ,59.80, ,99.9, 
2016/4/9,02:00,0.0, ,178520, ,34.15, ,59.30, ,99.8, 
2016/4/9,03:00,0.0, ,178410, ,33.90, ,59.90, ,99.7, 
2016/4/9,04:00,0.0, ,178290, ,32.60, ,60.20, ,99.6, 
2016/4/9,05:00,0.0, ,178180, ,25.49, ,59.40, ,99.5, 
2016/4/9,06:00,0.0, ,178060, ,28.67, ,47.30, ,99.4, 
2016/4/9,07:00,0.0, ,178060, ,21.29, ,18.60, ,99.4, 
2016/4/9,08:00,0.0, ,178060, ,18.53, ,19.10, ,99.4, 
2016/4/9,09:00,0.0, ,178060, ,18.51, ,18.60, ,99.4, 
2016/4/9,10:00,0.0, ,178060, ,18.52, ,18.60, ,99.3, 
2016/4/9,11:00,0.0, ,178060, ,18.54, ,18.40, ,99.3, 
2016/4/9,12:00,0.0, ,178120, ,32.22, ,18.30, ,99.3, 
2016/4/9,13:00,0.0, ,178120, ,20.61, ,18.90, ,99.3, 
2016/4/9,14:00,0.0, ,178180, ,34.33, ,18.80, ,99.3, 
2016/4/9,15:00,0.0, ,178180, ,27.05, ,35.70, ,99.3, 
2016/4/9,16:00,0.0, ,178120, ,37.29, ,52.80, ,99.2, 
2016/4/9,17:00,0.0, ,178010, ,34.04, ,59.70, ,99.1, 
2016/4/9,18:00,0.0, ,177890, ,31.61, ,60.70, ,99.0, 
2016/4/9,19:00,0.0, ,177780, ,28.76, ,59.80, ,98.9, 
2016/4/9,20:00,0.0, ,177670, ,27.47, ,59.70, ,98.8, 
2016/4/9,21:00,0.0, ,177610, ,30.40, ,60.10, ,98.8, 
2016/4/9,22:00,0.0, ,177440, ,29.12, ,60.70, ,98.7, 
2016/4/9,23:00,0.0, ,177330, ,27.33, ,60.30, ,98.6, 
2016/4/9,24:00,0.0, ,177210, ,26.01, ,58.30, ,100.0, 
2016/4/10,01:00,0.0, ,177210, ,24.48, ,31.20, ,100.0, 
2016/4/10,02:00,0.0, ,177210, ,31.40, ,31.70, ,100.0, 
2016/4/10,03:00,0.0, ,177160, ,19.56, ,31.20, ,99.9, 
2016/4/10,04:00,0.0, ,177100, ,21.67, ,31.50, ,99.8, 
2016/4/10,05:00,0.0, ,177100, ,15.08, ,18.60, ,99.8, 
2016/4/10,06:00,0.0, ,177100, ,18.58, ,18.30, ,99.8, 
2016/4/10,07:00,0.0, ,177040, ,16.18, ,18.40, ,99.7, 
2016/4/10,08:00,0.0, ,177040, ,5.17, ,18.40, ,99.7, 
2016/4/10,09:00,0.0, ,177040, ,9.34, ,0.00, ,99.7, 
2016/4/10,10:00,0.0, ,177160, ,17.07, ,0.00, ,99.7, 
2016/4/10,11:00,0.0, ,177210, ,22.86, ,0.00, ,99.7, 
2016/4/10,12:00,0.0, ,177330, ,22.60, ,0.00, ,99.8, 
2016/4/10,13:00,0.0, ,177380, ,25.23, ,0.00, ,99.8, 
2016/4/10,14:00,0.0, ,177500, ,25.76, ,0.70, ,99.9, 
2016/4/10,15:00,0.0, ,177500, ,21.86, ,19.00, ,99.8, 
2016/4/10,16:00,0.0, ,177500, ,18.52, ,18.70, ,99.8, 
2016/4/10,17:00,0.0, ,177550, ,28.28, ,18.20, ,99.8, 
2016/4/10,18:00,0.0, ,177550, ,32.37, ,35.90, ,99.8, 
2016/4/10,19:00,0.0, ,177440, ,26.88, ,59.70, ,99.7, 
2016/4/10,20:00,0.0, ,177270, ,26.46, ,59.30, ,99.6, 
2016/4/10,21:00,0.0, ,177270, ,22.42, ,36.10, ,99.5, 
2016/4/10,22:00,0.0, ,177270, ,27.09, ,18.60, ,99.5, 
2016/4/10,23:00,0.0, ,177270, ,18.54, ,18.60, ,99.5, 
2016/4/10,24:00,0.0, ,177270, ,18.46, ,18.40, ,100.0, 
2016/4/11,01:00,0.0, ,177270, ,18.49, ,18.80, ,100.0, 
2016/4/11,02:00,0.0, ,177270, ,18.50, ,18.60, ,100.0, 
2016/4/11,03:00,0.0, ,177270, ,18.52, ,18.00, ,99.9, 
2016/4/11,04:00,0.0, ,177210, ,17.50, ,18.70, ,99.9, 
2016/4/11,05:00,0.0, ,177210, ,3.84, ,18.70, ,99.8, 
2016/4/11,06:00,0.0, ,177160, ,10.92, ,18.50, ,99.8, 
2016/4/11,07:00,0.0, ,177160, ,10.37, ,19.50, ,99.8, 
2016/4/11,08:00,0.0, ,177040, ,11.81, ,42.80, ,99.7, 
2016/4/11,09:00,0.0, ,176990, ,18.88, ,31.60, ,99.6, 
2016/4/11,10:00,0.0, ,176990, ,16.58, ,0.00, ,99.6, 
2016/4/11,11:00,0.0, ,177040, ,9.19, ,0.00, ,99.6, 
2016/4/11,12:00,0.0, ,177160, ,23.90, ,0.00, ,99.6, 
2016/4/11,13:00,0.0, ,177210, ,14.97, ,0.00, ,99.7, 
2016/4/11,14:00,0.0, ,177270, ,19.45, ,0.00, ,99.7, 
2016/4/11,15:00,0.0, ,177330, ,21.55, ,0.00, ,99.7, 
2016/4/11,16:00,0.0, ,177440, ,23.39, ,0.80, ,99.7, 
2016/4/11,17:00,0.0, ,177440, ,22.93, ,19.80, ,99.7, 
2016/4/11,18:00,0.0, ,177330, ,19.92, ,42.60, ,99.6, 
2016/4/11,19:00,0.0, ,177270, ,23.93, ,45.90, ,99.6, 
2016/4/11,20:00,0.0, ,177210, ,17.45, ,18.60, ,99.5, 
2016/4/11,21:00,0.0, ,177210, ,14.96, ,18.60, ,99.5, 
2016/4/11,22:00,0.0, ,177210, ,18.62, ,18.50, ,99.4, 
2016/4/11,23:00,0.0, ,177270, ,11.99, ,0.00, ,99.5, 
2016/4/11,24:00,0.0, ,177330, ,17.35, ,0.00, ,100.0, 
2016/4/12,01:00,0.0, ,177380, ,14.98, ,0.00, ,100.0, 
2016/4/12,02:00,0.0, ,177440, ,19.45, ,0.00, ,100.0, 
2016/4/12,03:00,0.0, ,177500, ,19.45, ,0.00, ,100.0, 
2016/4/12,04:00,0.0, ,177610, ,19.18, ,0.00, ,100.0, 
2016/4/12,05:00,0.0, ,177670, ,21.03, ,0.00, ,100.0, 
2016/4/12,06:00,0.0, ,177720, ,16.83, ,3.90, ,100.0, 
2016/4/12,07:00,0.0, ,177720, ,25.48, ,28.60, ,100.0, 
2016/4/12,08:00,0.0, ,177670, ,31.76, ,44.40, ,100.0, 
2016/4/12,09:00,0.0, ,177610, ,24.19, ,30.10, ,100.0, 
2016/4/12,10:00,0.0, ,177610, ,10.12, ,18.50, ,99.9, 
2016/4/12,11:00,0.0, ,177610, ,9.31, ,0.00, ,99.9, 
2016/4/12,12:00,0.0, ,177720, ,17.35, ,0.00, ,100.0, 
2016/4/12,13:00,0.0, ,177780, ,17.36, ,0.00, ,100.0, 
2016/4/12,14:00,0.0, ,177840, ,21.30, ,0.00, ,100.0, 
2016/4/12,15:00,0.0, ,177890, ,17.63, ,0.00, ,100.0, 
2016/4/12,16:00,0.0, ,178010, ,20.26, ,0.00, ,100.0, 
2016/4/12,17:00,0.0, ,178060, ,19.74, ,0.50, ,100.0, 
2016/4/12,18:00,0.0, ,178060, ,21.84, ,19.40, ,100.0, 
2016/4/12,19:00,0.0, ,178010, ,29.32, ,42.70, ,100.0, 
2016/4/12,20:00,0.0, ,177950, ,22.48, ,45.50, ,99.9, 
2016/4/12,21:00,0.0, ,177890, ,23.68, ,40.90, ,99.9, 
2016/4/12,22:00,0.0, ,177840, ,10.40, ,18.40, ,99.8, 
2016/4/12,23:00,0.0, ,177890, ,12.47, ,0.00, ,99.8, 
2016/4/12,24:00,0.0, ,177950, ,12.90, ,0.00, ,100.0, 
2016/4/13,01:00,0.0, ,178010, ,19.21, ,0.00, ,100.0, 
2016/4/13,02:00,0.0, ,178060, ,19.22, ,0.00, ,100.0, 
2016/4/13,03:00,0.0, ,178120, ,16.59, ,0.00, ,100.0, 
2016/4/13,04:00,0.0, ,178180, ,19.22, ,0.00, ,100.0, 
2016/4/13,05:00,0.0, ,178290, ,16.07, ,0.00, ,100.0, 
2016/4/13,06:00,0.0, ,178290, ,18.71, ,3.60, ,100.0, 
2016/4/13,07:00,0.0, ,178290, ,14.36, ,28.60, ,100.0, 
2016/4/13,08:00,0.0, ,178290, ,28.40, ,28.40, ,100.0, 
2016/4/13,09:00,0.0, ,178240, ,24.98, ,28.40, ,100.0, 
2016/4/13,10:00,0.0, ,178240, ,16.09, ,26.10, ,100.0, 
2016/4/13,11:00,0.0, ,178240, ,14.14, ,0.00, ,99.9, 
2016/4/13,12:00,0.0, ,178290, ,7.64, ,0.00, ,99.9, 
2016/4/13,13:00,0.0, ,178350, ,14.76, ,0.00, ,100.0, 
2016/4/13,14:00,0.0, ,178410, ,20.03, ,0.00, ,100.0, 
2016/4/13,15:00,0.0, ,178460, ,19.24, ,0.00, ,100.0, 
2016/4/13,16:00,0.0, ,178520, ,13.19, ,3.50, ,100.0, 
2016/4/13,17:00,0.5, ,178520, ,18.56, ,28.40, ,100.0, 
2016/4/13,18:00,1.3, ,178520, ,28.41, ,31.20, ,99.9, 
2016/4/13,19:00,2.3, ,178410, ,28.83, ,56.90, ,99.9, 
2016/4/13,20:00,1.8, ,178290, ,22.10, ,59.90, ,99.8, 
2016/4/13,21:00,1.3, ,178240, ,26.72, ,42.70, ,99.7, 
2016/4/13,22:00,4.4, ,178180, ,20.43, ,28.80, ,99.6, 
2016/4/13,23:00,1.0, ,178240, ,16.55, ,0.00, ,99.6, 
2016/4/13,24:00,0.9, ,178350, ,21.87, ,0.00, ,100.0, 
2016/4/14,01:00,0.2, ,178410, ,24.77, ,0.00, ,100.0, 
2016/4/14,02:00,0.0, ,178460, ,17.13, ,0.00, ,100.0, 
2016/4/14,03:00,0.0, ,178520, ,21.09, ,0.00, ,100.0, 
2016/4/14,04:00,0.0, ,178630, ,25.05, ,0.00, ,100.0, 
2016/4/14,05:00,0.0, ,178690, ,12.93, ,0.00, ,100.0, 
2016/4/14,06:00,0.0, ,178750, ,18.73, ,3.80, ,100.0, 
2016/4/14,07:00,0.0, ,178690, ,22.05, ,28.30, ,100.0, 
2016/4/14,08:00,0.0, ,178630, ,15.72, ,28.40, ,100.0, 
2016/4/14,09:00,0.0, ,178580, ,13.61, ,42.50, ,99.9, 
2016/4/14,10:00,0.0, ,178460, ,24.38, ,57.10, ,99.8, 
2016/4/14,11:00,0.0, ,178410, ,15.28, ,29.20, ,99.8, 
2016/4/14,12:00,0.0, ,178410, ,17.00, ,0.00, ,99.8, 
2016/4/14,13:00,0.0, ,178520, ,12.92, ,0.00, ,99.8, 
2016/4/14,14:00,0.0, ,178580, ,24.78, ,0.00, ,99.8, 
2016/4/14,15:00,0.0, ,178630, ,13.19, ,0.00, ,99.8, 
2016/4/14,16:00,0.0, ,178690, ,18.47, ,3.30, ,99.8, 
2016/4/14,17:00,0.0, ,178690, ,24.09, ,31.30, ,99.8, 
2016/4/14,18:00,0.0, ,178520, ,25.68, ,59.40, ,99.7, 
2016/4/14,19:00,0.0, ,178410, ,16.90, ,59.70, ,99.6, 
2016/4/14,20:00,0.0, ,178240, ,19.17, ,59.80, ,99.5, 
2016/4/14,21:00,0.0, ,178120, ,16.90, ,54.10, ,99.4, 
2016/4/14,22:00,0.0, ,178060, ,14.92, ,26.60, ,99.3, 
2016/4/14,23:00,0.0, ,178060, ,7.84, ,0.00, ,99.3, 
2016/4/14,24:00,0.0, ,178180, ,16.06, ,0.00, ,100.0, 
2016/4/15,01:00,0.0, ,178240, ,17.91, ,0.00, ,100.0, 
2016/4/15,02:00,0.0, ,178290, ,14.76, ,0.00, ,100.0, 
2016/4/15,03:00,0.0, ,178290, ,14.49, ,0.00, ,100.0, 
2016/4/15,04:00,0.0, ,178350, ,12.91, ,0.00, ,100.0, 
2016/4/15,05:00,0.0, ,178350, ,2.90, ,0.00, ,100.0, 
2016/4/15,06:00,0.0, ,178410, ,6.06, ,0.50, ,100.0, 
2016/4/15,07:00,0.0, ,178410, ,18.98, ,18.60, ,100.0, 
2016/4/15,08:00,0.0, ,178290, ,10.54, ,28.60, ,99.9, 
2016/4/15,09:00,0.0, ,178240, ,7.36, ,28.70, ,99.8, 
2016/4/15,10:00,0.0, ,178120, ,15.65, ,51.10, ,99.7, 
2016/4/15,11:00,0.0, ,178060, ,19.01, ,26.50, ,99.7, 
2016/4/15,12:00,0.0, ,178120, ,6.33, ,0.00, ,99.7, 
2016/4/15,13:00,0.0, ,178180, ,20.28, ,0.00, ,99.7, 
2016/4/15,14:00,0.0, ,178240, ,12.12, ,0.00, ,99.7, 
2016/4/15,15:00,0.0, ,178290, ,12.38, ,0.00, ,99.7, 
2016/4/15,16:00,0.0, ,178290, ,12.12, ,1.40, ,99.7, 
2016/4/15,17:00,0.0, ,178290, ,7.75, ,28.60, ,99.7, 
2016/4/15,18:00,0.0, ,178240, ,30.55, ,57.00, ,99.6, 
2016/4/15,19:00,0.0, ,178120, ,23.12, ,56.90, ,99.5, 
2016/4/15,20:00,0.0, ,178010, ,19.50, ,57.30, ,99.4, 
2016/4/15,21:00,0.0, ,177840, ,15.96, ,51.20, ,99.3, 
2016/4/15,22:00,0.0, ,177780, ,14.36, ,30.10, ,99.2, 
2016/4/15,23:00,0.0, ,177780, ,6.50, ,0.00, ,99.2, 
2016/4/15,24:00,0.0, ,177840, ,7.63, ,0.00, ,100.0, 
2016/4/16,01:00,0.0, ,177890, ,16.57, ,0.00, ,100.0, 
2016/4/16,02:00,0.0, ,177950, ,16.32, ,0.00, ,100.0, 
2016/4/16,03:00,0.0, ,178010, ,20.26, ,0.00, ,100.0, 
2016/4/16,04:00,0.0, ,178010, ,2.37, ,0.00, ,100.0, 
2016/4/16,05:00,0.0, ,178010, ,0.00, ,0.00, ,100.0, 
2016/4/16,06:00,0.0, ,178060, ,5.79, ,1.00, ,100.0, 
2016/4/16,07:00,0.0, ,178060, ,19.25, ,18.40, ,100.0, 
2016/4/16,08:00,0.0, ,177950, ,10.53, ,28.40, ,99.9, 
2016/4/16,09:00,0.0, ,177890, ,4.66, ,28.50, ,99.8, 
2016/4/16,10:00,0.0, ,177890, ,15.15, ,18.60, ,99.8, 
2016/4/16,11:00,0.0, ,177890, ,9.31, ,0.00, ,99.8, 
2016/4/16,12:00,0.0, ,177950, ,7.90, ,0.00, ,99.8, 
2016/4/16,13:00,0.0, ,178010, ,12.37, ,0.00, ,99.8, 
2016/4/16,14:00,0.0, ,178060, ,20.27, ,0.00, ,99.8, 
2016/4/16,15:00,0.0, ,178120, ,11.06, ,0.00, ,99.8, 
2016/4/16,16:00,0.0, ,178120, ,11.59, ,0.40, ,99.8, 
2016/4/16,17:00,0.0, ,178180, ,24.71, ,21.20, ,99.8, 
2016/4/16,18:00,0.0, ,178060, ,19.96, ,46.90, ,99.7, 
2016/4/16,19:00,0.0, ,177890, ,15.66, ,59.70, ,99.6, 
2016/4/16,20:00,0.0, ,177780, ,17.13, ,59.70, ,99.5, 
2016/4/16,21:00,0.0, ,177610, ,13.98, ,59.70, ,99.4, 
2016/4/16,22:00,0.0, ,177500, ,20.09, ,47.30, ,99.3, 
2016/4/16,23:00,0.0, ,177440, ,11.91, ,21.40, ,99.2, 
2016/4/16,24:00,0.6, ,177500, ,9.95, ,0.00, ,100.0, 
2016/4/17,01:00,1.3, ,177550, ,17.35, ,0.00, ,100.0, 
2016/4/17,02:00,4.5, ,177610, ,19.19, ,0.00, ,100.0, 
2016/4/17,03:00,3.6, ,177720, ,13.67, ,0.00, ,100.0, 
2016/4/17,04:00,6.2, ,177720, ,18.93, ,0.00, ,100.0, 
2016/4/17,05:00,4.5, ,177780, ,19.73, ,0.00, ,100.0, 
2016/4/17,06:00,8.3, ,177890, ,16.31, ,0.00, ,100.0, 
2016/4/17,07:00,7.3, ,178010, ,28.42, ,0.50, ,100.0, 
2016/4/17,08:00,2.0, ,178180, ,29.00, ,18.50, ,100.0, 
2016/4/17,09:00,0.0, ,178180, ,45.35, ,18.50, ,100.0, 
2016/4/17,10:00,0.0, ,178410, ,49.58, ,0.00, ,100.0, 
2016/4/17,11:00,0.0, ,178580, ,60.62, ,0.00, ,100.0, 
2016/4/17,12:00,0.0, ,178750, ,51.69, ,0.00, ,100.0, 
2016/4/17,13:00,0.0, ,178860, ,41.70, ,0.00, ,100.0, 
2016/4/17,14:00,0.0, ,179030, ,38.28, ,0.00, ,100.0, 
2016/4/17,15:00,0.0, ,179150, ,38.04, ,0.00, ,100.0, 
2016/4/17,16:00,0.0, ,179260, ,36.47, ,0.00, ,100.0, 
2016/4/17,17:00,0.0, ,179380, ,32.78, ,0.00, ,100.0, 
2016/4/17,18:00,0.0, ,179490, ,32.00, ,0.90, ,100.0, 
2016/4/17,19:00,0.0, ,179550, ,31.16, ,18.70, ,100.0, 
2016/4/17,20:00,0.0, ,179550, ,23.14, ,18.30, ,100.0, 
2016/4/17,21:00,0.0, ,179660, ,23.00, ,0.00, ,100.0, 
2016/4/17,22:00,0.0, ,179720, ,25.94, ,0.00, ,100.0, 
2016/4/17,23:00,0.0, ,179830, ,24.89, ,0.00, ,100.0, 
2016/4/17,24:00,0.0, ,179890, ,23.31, ,0.00, ,100.0, 
2016/4/18,01:00,0.0, ,180000, ,22.52, ,0.00, ,100.0, 
2016/4/18,02:00,0.0, ,180060, ,24.12, ,0.00, ,100.0, 
2016/4/18,03:00,0.0, ,180120, ,16.70, ,0.00, ,100.0, 
2016/4/18,04:00,0.0, ,180180, ,17.50, ,0.00, ,100.0, 
2016/4/18,05:00,0.0, ,180230, ,12.46, ,0.00, ,100.0, 
2016/4/18,06:00,0.0, ,180290, ,10.08, ,0.00, ,100.0, 
2016/4/18,07:00,0.0, ,180290, ,15.39, ,0.00, ,100.0, 
2016/4/18,08:00,0.0, ,180350, ,11.67, ,0.00, ,100.0, 
2016/4/18,09:00,0.0, ,180410, ,10.61, ,0.00, ,100.0, 
2016/4/18,10:00,0.0, ,180520, ,21.76, ,0.00, ,100.0, 
2016/4/18,11:00,0.0, ,180580, ,23.63, ,0.00, ,100.0, 
2016/4/18,12:00,0.0, ,180640, ,20.71, ,0.00, ,100.0, 
2016/4/18,13:00,0.0, ,180690, ,18.33, ,0.00, ,100.0, 
2016/4/18,14:00,0.0, ,180750, ,16.47, ,0.00, ,100.0, 
2016/4/18,15:00,0.0, ,180860, ,22.85, ,0.00, ,100.0, 
2016/4/18,16:00,0.0, ,180920, ,21.00, ,0.00, ,100.0, 
2016/4/18,17:00,0.0, ,180980, ,17.01, ,0.00, ,100.0, 
2016/4/18,18:00,0.0, ,181090, ,19.15, ,0.00, ,100.0, 
2016/4/18,19:00,0.0, ,181150, ,21.81, ,0.00, ,100.0, 
2016/4/18,20:00,0.0, ,181210, ,19.95, ,0.00, ,100.0, 
2016/4/18,21:00,0.0, ,181270, ,14.37, ,0.00, ,100.0, 
2016/4/18,22:00,0.0, ,181320, ,21.56, ,0.00, ,100.0, 
2016/4/18,23:00,0.0, ,181380, ,15.70, ,0.00, ,100.0, 
2016/4/18,24:00,0.0, ,181500, ,21.04, ,0.00, ,100.0, 
2016/4/19,01:00,0.0, ,181550, ,22.11, ,0.00, ,100.0, 
2016/4/19,02:00,0.0, ,181610, ,13.32, ,0.00, ,100.0, 
2016/4/19,03:00,0.0, ,181610, ,13.86, ,0.00, ,100.0, 
2016/4/19,04:00,0.0, ,181670, ,11.99, ,0.00, ,100.0, 
2016/4/19,05:00,0.0, ,181730, ,11.99, ,0.00, ,100.0, 
2016/4/19,06:00,0.0, ,181730, ,8.00, ,0.00, ,100.0, 
2016/4/19,07:00,0.0, ,181780, ,9.06, ,0.00, ,100.0, 
2016/4/19,08:00,0.0, ,181780, ,6.93, ,0.00, ,100.0, 
2016/4/19,09:00,0.0, ,181840, ,4.80, ,0.00, ,100.0, 
2016/4/19,10:00,0.0, ,181900, ,19.47, ,0.00, ,100.0, 
2016/4/19,11:00,0.0, ,182020, ,21.87, ,0.00, ,100.0, 
2016/4/19,12:00,0.0, ,182070, ,21.88, ,0.00, ,100.0, 
2016/4/19,13:00,0.0, ,182130, ,14.94, ,0.00, ,100.0, 
2016/4/19,14:00,0.0, ,182190, ,21.62, ,0.00, ,100.0, 
2016/4/19,15:00,0.0, ,182250, ,14.95, ,0.00, ,100.0, 
2016/4/19,16:00,0.0, ,182300, ,19.76, ,0.00, ,100.0, 
2016/4/19,17:00,0.0, ,182360, ,14.69, ,0.00, ,100.0, 
2016/4/19,18:00,0.0, ,182420, ,14.69, ,0.00, ,100.0, 
2016/4/19,19:00,0.0, ,182480, ,17.90, ,0.00, ,100.0, 
2016/4/19,20:00,0.0, ,182530, ,17.10, ,0.00, ,100.0, 
2016/4/19,21:00,0.0, ,182590, ,13.90, ,0.00, ,100.0, 
2016/4/19,22:00,0.0, ,182650, ,16.31, ,0.00, ,100.0, 
2016/4/19,23:00,0.0, ,182710, ,17.11, ,0.00, ,100.0, 
2016/4/19,24:00,0.0, ,182770, ,16.85, ,0.00, ,100.0, 
2016/4/20,01:00,0.0, ,182820, ,19.53, ,0.00, ,100.0, 
2016/4/20,02:00,0.0, ,182880, ,12.84, ,0.00, ,100.0, 
2016/4/20,03:00,0.0, ,182940, ,15.79, ,0.00, ,100.0, 
2016/4/20,04:00,0.0, ,182940, ,4.55, ,0.00, ,100.0, 
2016/4/20,05:00,0.0, ,183000, ,12.31, ,0.00, ,100.0, 
2016/4/20,06:00,0.0, ,183000, ,3.75, ,0.00, ,100.0, 
2016/4/20,07:00,0.0, ,183050, ,8.57, ,0.00, ,100.0, 
2016/4/20,08:00,0.0, ,183050, ,7.49, ,0.00, ,100.0, 
2016/4/20,09:00,0.0, ,183110, ,8.57, ,0.00, ,100.0, 
2016/4/20,10:00,0.0, ,183170, ,13.66, ,0.00, ,100.0, 
2016/4/20,11:00,0.0, ,183230, ,19.30, ,0.00, ,100.0, 
2016/4/20,12:00,0.0, ,183290, ,15.83, ,0.00, ,100.0, 
2016/4/20,13:00,0.0, ,183340, ,16.91, ,0.00, ,100.0, 
2016/4/20,14:00,0.0, ,183400, ,15.30, ,0.00, ,100.0, 
2016/4/20,15:00,0.0, ,183460, ,18.26, ,0.00, ,100.0, 
2016/4/20,16:00,0.0, ,183520, ,15.30, ,0.00, ,100.0, 
2016/4/20,17:00,0.0, ,183580, ,13.69, ,0.00, ,100.0, 
2016/4/20,18:00,0.0, ,183630, ,19.88, ,0.00, ,100.0, 
2016/4/20,19:00,0.0, ,183690, ,15.85, ,0.00, ,100.0, 
2016/4/20,20:00,0.0, ,183750, ,14.24, ,0.00, ,100.0, 
2016/4/20,21:00,0.0, ,183810, ,20.15, ,0.00, ,100.0, 
2016/4/20,22:00,0.0, ,183870, ,16.13, ,0.00, ,100.0, 
2016/4/20,23:00,0.0, ,183920, ,15.32, ,0.00, ,100.0, 
2016/4/20,24:00,0.0, ,184040, ,18.82, ,0.00, ,100.0, 
2016/4/21,01:00,0.0, ,184040, ,16.67, ,0.00, ,100.0, 
2016/4/21,02:00,0.0, ,184160, ,18.56, ,0.00, ,100.0, 
2016/4/21,03:00,0.0, ,184160, ,13.72, ,0.00, ,100.0, 
2016/4/21,04:00,0.0, ,184270, ,20.18, ,0.00, ,100.0, 
2016/4/21,05:00,0.0, ,184330, ,12.64, ,0.00, ,100.0, 
2016/4/21,06:00,0.0, ,184390, ,21.80, ,0.00, ,100.0, 
2016/4/21,07:00,0.0, ,184450, ,10.50, ,1.40, ,100.0, 
2016/4/21,08:00,0.3, ,184390, ,24.59, ,21.10, ,100.0, 
2016/4/21,09:00,2.1, ,184390, ,13.48, ,36.30, ,100.0, 
2016/4/21,10:00,5.2, ,184210, ,22.38, ,58.60, ,99.9, 
2016/4/21,11:00,4.6, ,184210, ,23.92, ,36.40, ,99.9, 
2016/4/21,12:00,6.5, ,184160, ,14.41, ,22.30, ,99.8, 
2016/4/21,13:00,8.1, ,184270, ,23.37, ,0.00, ,99.9, 
2016/4/21,14:00,6.4, ,184390, ,32.02, ,0.00, ,99.9, 
2016/4/21,15:00,4.7, ,184510, ,36.07, ,0.00, ,100.0, 
2016/4/21,16:00,6.3, ,184680, ,33.93, ,0.90, ,100.0, 
2016/4/21,17:00,8.5, ,184740, ,48.15, ,22.30, ,100.0, 
2016/4/21,18:00,3.1, ,184850, ,63.72, ,44.60, ,100.0, 
2016/4/21,19:00,1.5, ,184970, ,76.55, ,57.80, ,100.0, 
2016/4/21,20:00,0.7, ,185090, ,76.98, ,37.90, ,100.0, 
2016/4/21,21:00,1.2, ,185200, ,68.36, ,23.30, ,100.0, 
2016/4/21,22:00,1.2, ,185440, ,67.15, ,0.00, ,100.0, 
2016/4/21,23:00,2.0, ,185670, ,63.43, ,0.00, ,100.0, 
2016/4/21,24:00,0.0, ,185850, ,58.88, ,0.00, ,100.0, 
2016/4/22,01:00,0.1, ,186020, ,41.34, ,0.00, ,100.0, 
2016/4/22,02:00,0.0, ,186140, ,46.22, ,0.00, ,100.0, 
2016/4/22,03:00,0.0, ,186310, ,40.02, ,0.00, ,100.0, 
2016/4/22,04:00,0.0, ,186430, ,35.44, ,0.00, ,100.0, 
2016/4/22,05:00,0.0, ,186550, ,33.56, ,0.00, ,100.0, 
2016/4/22,06:00,0.0, ,186660, ,30.05, ,0.00, ,100.0, 
2016/4/22,07:00,0.0, ,186720, ,27.08, ,0.00, ,100.0, 
2016/4/22,08:00,0.0, ,186840, ,27.35, ,0.40, ,100.0, 
2016/4/22,09:00,0.0, ,186900, ,23.43, ,18.10, ,100.0, 
2016/4/22,10:00,0.0, ,186900, ,40.86, ,35.20, ,100.0, 
2016/4/22,11:00,0.0, ,186900, ,34.84, ,28.20, ,100.0, 
2016/4/22,12:00,0.0, ,186960, ,20.95, ,0.00, ,100.0, 
2016/4/22,13:00,0.0, ,187070, ,26.83, ,0.00, ,100.0, 
2016/4/22,14:00,0.0, ,187190, ,27.65, ,0.00, ,100.0, 
2016/4/22,15:00,0.0, ,187310, ,32.81, ,3.60, ,100.0, 
2016/4/22,16:00,0.0, ,187310, ,36.86, ,27.80, ,100.0, 
2016/4/22,17:00,0.0, ,187310, ,36.84, ,45.80, ,100.0, 
2016/4/22,18:00,0.0, ,187190, ,35.31, ,58.40, ,100.0, 
2016/4/22,19:00,0.0, ,187070, ,28.35, ,57.20, ,100.0, 
2016/4/22,20:00,0.0, ,187070, ,29.45, ,37.70, ,100.0, 
2016/4/22,21:00,0.0, ,187010, ,30.18, ,26.40, ,100.0, 
2016/4/22,22:00,0.0, ,187010, ,8.81, ,20.80, ,100.0, 
2016/4/22,23:00,0.0, ,187130, ,22.96, ,0.00, ,100.0, 
2016/4/22,24:00,0.0, ,187190, ,27.38, ,0.00, ,100.0, 
2016/4/23,01:00,0.0, ,187310, ,26.57, ,0.00, ,100.0, 
2016/4/23,02:00,0.0, ,187370, ,25.77, ,0.00, ,100.0, 
2016/4/23,03:00,0.0, ,187480, ,28.22, ,0.00, ,100.0, 
2016/4/23,04:00,0.0, ,187600, ,23.34, ,0.00, ,100.0, 
2016/4/23,05:00,0.0, ,187660, ,26.87, ,0.00, ,100.0, 
2016/4/23,06:00,0.0, ,187780, ,24.44, ,3.20, ,100.0, 
2016/4/23,07:00,0.0, ,187780, ,30.59, ,27.80, ,100.0, 
2016/4/23,08:00,0.0, ,187720, ,34.73, ,48.60, ,100.0, 
2016/4/23,09:00,0.0, ,187660, ,27.45, ,48.70, ,100.0, 
2016/4/23,10:00,0.0, ,187600, ,25.14, ,38.90, ,100.0, 
2016/4/23,11:00,0.0, ,187540, ,20.44, ,27.70, ,100.0, 
2016/4/23,12:00,0.0, ,187540, ,19.15, ,25.90, ,99.9, 
2016/4/23,13:00,0.0, ,187600, ,16.00, ,0.00, ,100.0, 
2016/4/23,14:00,0.0, ,187660, ,16.02, ,3.50, ,100.0, 
2016/4/23,15:00,0.0, ,187660, ,28.50, ,27.70, ,100.0, 
2016/4/23,16:00,0.0, ,187660, ,27.83, ,30.70, ,99.9, 
2016/4/23,17:00,0.5, ,187600, ,34.02, ,55.60, ,99.9, 
2016/4/23,18:00,2.6, ,187420, ,22.79, ,58.70, ,99.7, 
2016/4/23,19:00,1.1, ,187370, ,29.38, ,58.60, ,99.7, 
2016/4/23,20:00,1.2, ,187190, ,23.16, ,58.30, ,99.6, 
2016/4/23,21:00,1.0, ,187130, ,27.79, ,58.40, ,99.5, 
2016/4/23,22:00,0.9, ,187010, ,28.62, ,58.40, ,99.4, 
2016/4/23,23:00,0.3, ,186900, ,23.82, ,53.40, ,99.3, 
2016/4/23,24:00,0.0, ,186840, ,20.42, ,31.00, ,100.0, 
2016/4/24,01:00,0.0, ,186840, ,22.86, ,20.90, ,100.0, 
2016/4/24,02:00,0.0, ,186840, ,19.78, ,18.10, ,100.0, 
2016/4/24,03:00,0.0, ,186840, ,22.91, ,27.90, ,99.9, 
2016/4/24,04:00,0.0, ,186780, ,29.96, ,41.80, ,99.9, 
2016/4/24,05:00,0.0, ,186720, ,21.72, ,42.10, ,99.8, 
2016/4/24,06:00,0.0, ,186720, ,27.27, ,25.50, ,99.8, 
2016/4/24,07:00,0.1, ,186720, ,13.85, ,0.00, ,99.8, 
2016/4/24,08:00,0.0, ,186780, ,11.38, ,0.00, ,99.8, 
2016/4/24,09:00,0.0, ,186900, ,21.67, ,0.00, ,99.8, 
2016/4/24,10:00,0.0, ,186960, ,21.41, ,0.00, ,99.9, 
2016/4/24,11:00,0.1, ,187010, ,20.60, ,0.00, ,99.9, 
2016/4/24,12:00,0.0, ,187130, ,27.38, ,0.00, ,99.9, 
2016/4/24,13:00,0.0, ,187190, ,18.71, ,0.00, ,99.9, 
2016/4/24,14:00,0.0, ,187310, ,22.24, ,3.90, ,100.0, 
2016/4/24,15:00,0.0, ,187310, ,28.77, ,27.70, ,100.0, 
2016/4/24,16:00,0.0, ,187250, ,24.46, ,41.70, ,99.9, 
2016/4/24,17:00,0.0, ,187070, ,23.80, ,58.40, ,99.8, 
2016/4/24,18:00,0.0, ,187010, ,21.25, ,50.20, ,99.7, 
2016/4/24,19:00,0.0, ,186960, ,16.21, ,27.80, ,99.7, 
2016/4/24,20:00,0.0, ,186960, ,28.36, ,30.70, ,99.6, 
2016/4/24,21:00,0.0, ,186900, ,21.66, ,27.80, ,99.6, 
2016/4/24,22:00,0.0, ,186900, ,19.46, ,27.70, ,99.6, 
2016/4/24,23:00,0.0, ,186840, ,18.64, ,25.70, ,99.5, 
2016/4/24,24:00,0.0, ,186840, ,6.77, ,0.00, ,100.0, 
2016/4/25,01:00,0.0, ,186960, ,20.86, ,0.00, ,100.0, 
2016/4/25,02:00,0.0, ,187010, ,14.09, ,0.00, ,100.0, 
2016/4/25,03:00,0.0, ,187070, ,20.87, ,0.00, ,100.0, 
2016/4/25,04:00,0.0, ,187130, ,21.96, ,0.00, ,100.0, 
2016/4/25,05:00,0.0, ,187190, ,15.19, ,0.00, ,100.0, 
2016/4/25,06:00,0.0, ,187310, ,24.68, ,3.60, ,100.0, 
2016/4/25,07:00,0.0, ,187310, ,26.58, ,27.70, ,100.0, 
2016/4/25,08:00,0.0, ,187310, ,27.83, ,28.00, ,100.0, 
2016/4/25,09:00,0.0, ,187250, ,20.08, ,41.80, ,100.0, 
2016/4/25,10:00,0.0, ,187130, ,22.48, ,42.00, ,100.0, 
2016/4/25,11:00,0.0, ,187130, ,19.95, ,25.50, ,99.9, 
2016/4/25,12:00,0.0, ,187130, ,13.84, ,0.00, ,99.9, 
2016/4/25,13:00,0.0, ,187190, ,5.97, ,0.00, ,99.9, 
2016/4/25,14:00,0.0, ,187250, ,19.80, ,0.00, ,99.9, 
2016/4/25,15:00,0.0, ,187310, ,20.88, ,3.70, ,100.0, 
2016/4/25,16:00,0.0, ,187310, ,16.24, ,27.70, ,99.9, 
2016/4/25,17:00,0.0, ,187310, ,29.57, ,31.90, ,99.9, 
2016/4/25,18:00,0.0, ,187250, ,29.29, ,41.80, ,99.9, 
2016/4/25,19:00,0.0, ,187070, ,17.83, ,58.30, ,99.7, 
2016/4/25,20:00,0.0, ,186960, ,22.40, ,58.30, ,99.6, 
2016/4/25,21:00,0.0, ,186900, ,17.64, ,44.60, ,99.6, 
2016/4/25,22:00,0.0, ,186840, ,21.35, ,25.80, ,99.5, 
2016/4/25,23:00,0.0, ,186840, ,8.13, ,0.00, ,99.5, 
2016/4/25,24:00,0.0, ,186900, ,9.21, ,0.00, ,100.0, 
2016/4/26,01:00,0.0, ,186960, ,20.59, ,0.00, ,100.0, 
2016/4/26,02:00,0.0, ,187010, ,13.82, ,0.00, ,100.0, 
2016/4/26,03:00,0.0, ,187130, ,22.77, ,0.00, ,100.0, 
2016/4/26,04:00,0.0, ,187130, ,14.91, ,0.00, ,100.0, 
2016/4/26,05:00,0.0, ,187190, ,13.83, ,0.00, ,100.0, 
2016/4/26,06:00,0.0, ,187250, ,8.68, ,0.00, ,100.0, 
2016/4/26,07:00,0.0, ,187250, ,10.04, ,4.00, ,100.0, 
2016/4/26,08:00,0.0, ,187250, ,14.12, ,28.10, ,100.0, 
2016/4/26,09:00,0.0, ,187130, ,21.58, ,44.20, ,99.9, 
2016/4/26,10:00,0.0, ,187070, ,17.23, ,25.60, ,99.9, 
2016/4/26,11:00,0.0, ,187070, ,2.44, ,0.00, ,99.9, 
2016/4/26,12:00,0.0, ,187190, ,13.56, ,0.00, ,99.9, 
2016/4/26,13:00,0.0, ,187190, ,18.98, ,0.00, ,99.9, 
2016/4/26,14:00,0.0, ,187310, ,15.46, ,0.00, ,99.9, 
2016/4/26,15:00,0.0, ,187310, ,17.08, ,3.10, ,99.9, 
2016/4/26,16:00,0.0, ,187370, ,28.44, ,28.00, ,99.9, 
2016/4/26,17:00,0.0, ,187310, ,26.22, ,27.80, ,99.9, 
2016/4/26,18:00,0.0, ,187250, ,14.09, ,41.70, ,99.8, 
2016/4/26,19:00,0.0, ,187070, ,18.11, ,58.60, ,99.7, 
2016/4/26,20:00,0.0, ,186960, ,20.85, ,58.80, ,99.6, 
2016/4/26,21:00,0.0, ,186840, ,17.47, ,47.50, ,99.5, 
2016/4/26,22:00,0.0, ,186780, ,19.17, ,44.90, ,99.4, 
2016/4/26,23:00,0.0, ,186720, ,16.17, ,25.60, ,99.4, 
2016/4/26,24:00,0.0, ,186720, ,10.57, ,0.00, ,100.0, 
2016/4/27,01:00,0.0, ,186780, ,1.63, ,0.00, ,100.0, 
2016/4/27,02:00,0.0, ,186780, ,14.63, ,0.00, ,100.0, 
2016/4/27,03:00,0.0, ,186840, ,14.08, ,0.00, ,100.0, 
2016/4/27,04:00,0.0, ,186900, ,10.30, ,0.00, ,100.0, 
2016/4/27,05:00,0.0, ,186900, ,8.13, ,0.00, ,100.0, 
2016/4/27,06:00,0.2, ,186960, ,6.50, ,0.00, ,100.0, 
2016/4/27,07:00,0.2, ,186960, ,9.76, ,3.30, ,100.0, 
2016/4/27,08:00,0.5, ,186960, ,14.07, ,27.90, ,100.0, 
2016/4/27,09:00,0.6, ,186840, ,21.06, ,44.50, ,99.9, 
2016/4/27,10:00,0.6, ,186840, ,18.87, ,27.70, ,99.9, 
2016/4/27,11:00,0.8, ,186780, ,12.45, ,26.00, ,99.8, 
2016/4/27,12:00,1.0, ,186780, ,13.05, ,0.00, ,99.8, 
2016/4/27,13:00,2.4, ,186840, ,4.88, ,0.00, ,99.8, 
2016/4/27,14:00,3.1, ,186900, ,16.80, ,0.00, ,99.8, 
2016/4/27,15:00,3.8, ,186960, ,20.87, ,3.00, ,99.8, 
2016/4/27,16:00,2.8, ,186960, ,20.27, ,27.80, ,99.8, 
2016/4/27,17:00,0.5, ,186960, ,34.72, ,41.80, ,99.8, 
2016/4/27,18:00,0.9, ,186900, ,28.50, ,41.70, ,99.7, 
2016/4/27,19:00,0.9, ,186780, ,25.49, ,58.40, ,99.6, 
2016/4/27,20:00,1.8, ,186600, ,22.16, ,58.50, ,99.5, 
2016/4/27,21:00,2.8, ,186550, ,21.88, ,45.90, ,99.4, 
2016/4/27,22:00,2.3, ,186490, ,27.45, ,28.60, ,99.4, 
2016/4/27,23:00,2.8, ,186550, ,10.37, ,0.00, ,99.4, 
2016/4/27,24:00,2.5, ,186660, ,27.34, ,0.00, ,100.0, 
2016/4/28,01:00,2.1, ,186780, ,28.16, ,0.00, ,100.0, 
2016/4/28,02:00,2.7, ,186900, ,31.69, ,0.00, ,100.0, 
2016/4/28,03:00,1.5, ,187070, ,33.87, ,0.00, ,100.0, 
2016/4/28,04:00,1.3, ,187190, ,40.93, ,0.00, ,100.0, 
2016/4/28,05:00,0.0, ,187310, ,36.60, ,0.00, ,100.0, 
2016/4/28,06:00,0.6, ,187420, ,30.11, ,0.00, ,100.0, 
2016/4/28,07:00,0.0, ,187480, ,30.93, ,3.20, ,100.0, 
2016/4/28,08:00,0.0, ,187540, ,35.24, ,27.90, ,100.0, 
2016/4/28,09:00,0.5, ,187540, ,37.80, ,44.40, ,100.0, 
2016/4/28,10:00,0.0, ,187540, ,36.13, ,27.80, ,100.0, 
2016/4/28,11:00,0.0, ,187540, ,27.81, ,26.00, ,100.0, 
2016/4/28,12:00,0.0, ,187600, ,20.07, ,0.00, ,100.0, 
2016/4/28,13:00,0.0, ,187720, ,31.49, ,0.00, ,100.0, 
2016/4/28,14:00,0.0, ,187830, ,31.50, ,0.00, ,100.0, 
2016/4/28,15:00,0.0, ,187950, ,27.71, ,3.20, ,100.0, 
2016/4/28,16:00,0.4, ,187950, ,35.76, ,27.80, ,100.0, 
2016/4/28,17:00,1.6, ,187890, ,29.76, ,44.60, ,100.0, 
2016/4/28,18:00,0.3, ,187830, ,22.40, ,41.70, ,100.0, 
2016/4/28,19:00,0.8, ,187720, ,22.13, ,58.30, ,100.0, 
2016/4/28,20:00,0.6, ,187600, ,26.35, ,58.40, ,100.0, 
2016/4/28,21:00,0.6, ,187420, ,22.04, ,58.30, ,100.0, 
2016/4/28,22:00,0.1, ,187310, ,21.50, ,58.40, ,99.9, 
2016/4/28,23:00,0.0, ,187250, ,22.06, ,46.10, ,99.9, 
2016/4/28,24:00,0.0, ,187250, ,27.99, ,28.30, ,100.0, 
2016/4/29,01:00,0.0, ,187310, ,19.53, ,0.00, ,100.0, 
2016/4/29,02:00,0.0, ,187370, ,19.53, ,0.00, ,100.0, 
2016/4/29,03:00,0.0, ,187480, ,25.23, ,0.00, ,100.0, 
2016/4/29,04:00,0.0, ,187480, ,16.01, ,0.00, ,100.0, 
2016/4/29,05:00,0.0, ,187540, ,15.74, ,0.00, ,100.0, 
2016/4/29,06:00,0.0, ,187660, ,12.76, ,0.00, ,100.0, 
2016/4/29,07:00,0.0, ,187600, ,14.12, ,3.00, ,100.0, 
2016/4/29,08:00,0.0, ,187600, ,12.17, ,29.30, ,100.0, 
2016/4/29,09:00,0.0, ,187480, ,14.81, ,44.80, ,99.9, 
2016/4/29,10:00,0.0, ,187480, ,22.33, ,27.90, ,99.9, 
2016/4/29,11:00,0.0, ,187480, ,23.25, ,25.90, ,99.9, 
2016/4/29,12:00,0.0, ,187480, ,21.68, ,0.00, ,99.9, 
2016/4/29,13:00,0.0, ,187600, ,12.48, ,0.00, ,99.9, 
2016/4/29,14:00,0.0, ,187660, ,22.26, ,0.00, ,99.9, 
2016/4/29,15:00,0.0, ,187720, ,14.12, ,3.60, ,100.0, 
2016/4/29,16:00,0.0, ,187660, ,22.11, ,29.20, ,99.9, 
2016/4/29,17:00,0.0, ,187600, ,16.39, ,41.90, ,99.8, 
2016/4/29,18:00,0.0, ,187480, ,16.27, ,42.00, ,99.8, 
2016/4/29,19:00,0.0, ,187420, ,29.78, ,58.60, ,99.7, 
2016/4/29,20:00,0.0, ,187250, ,22.14, ,58.40, ,99.6, 
2016/4/29,21:00,0.0, ,187130, ,19.95, ,58.60, ,99.5, 
2016/4/29,22:00,0.0, ,187010, ,19.69, ,58.40, ,99.4, 
2016/4/29,23:00,0.0, ,186900, ,19.12, ,45.90, ,99.3, 
2016/4/29,24:00,0.0, ,186840, ,19.32, ,30.60, ,100.0, 
2016/4/30,01:00,0.0, ,186840, ,16.32, ,20.90, ,100.0, 
2016/4/30,02:00,0.0, ,186840, ,19.78, ,18.10, ,100.0, 
2016/4/30,03:00,0.0, ,186780, ,15.26, ,29.30, ,99.9, 
2016/4/30,04:00,0.0, ,186720, ,11.77, ,27.80, ,99.8, 
2016/4/30,05:00,0.0, ,186660, ,7.08, ,18.00, ,99.8, 
2016/4/30,06:00,0.0, ,186600, ,8.58, ,18.00, ,99.7, 
2016/4/30,07:00,0.0, ,186600, ,0.26, ,0.00, ,99.7, 
2016/4/30,08:00,0.0, ,186660, ,0.54, ,0.00, ,99.7, 
2016/4/30,09:00,0.0, ,186660, ,15.71, ,0.00, ,99.7, 
2016/4/30,10:00,0.0, ,186780, ,14.08, ,0.00, ,99.8, 
2016/4/30,11:00,0.0, ,186780, ,18.42, ,0.00, ,99.7, 
2016/4/30,12:00,0.0, ,186900, ,18.69, ,0.00, ,99.8, 
2016/4/30,13:00,0.0, ,186960, ,15.72, ,0.00, ,99.8, 
2016/4/30,14:00,0.0, ,187010, ,17.62, ,0.00, ,99.8, 
2016/4/30,15:00,0.0, ,187070, ,19.79, ,3.90, ,99.8, 
2016/4/30,16:00,0.0, ,187070, ,24.28, ,29.30, ,99.8, 
2016/4/30,17:00,0.0, ,187010, ,28.07, ,41.60, ,99.7, 
2016/4/30,18:00,0.0, ,186900, ,19.81, ,41.90, ,99.7, 
2016/4/30,19:00,0.0, ,186780, ,16.24, ,58.40, ,99.6, 
2016/4/30,20:00,0.0, ,186660, ,21.35, ,58.40, ,99.5, 
2016/4/30,21:00,0.0, ,186490, ,17.66, ,58.50, ,99.3, 
2016/4/30,22:00,0.0, ,186370, ,20.16, ,58.40, ,99.3, 
2016/4/30,23:00,0.0, ,186250, ,16.89, ,46.10, ,99.2, 
2016/4/30,24:00,0.0, ,186200, ,18.90, ,30.50, ,100.0, 
