îCà”ä˙ä‘É_ÉÄèîó åüçıåãâ 
êÖånñº,ãgñÏêÏ
âÕêÏñº,ãgñÏêÏ
äœë™èäñº,ëÅñæâYÉ_ÉÄÅiã@ç\Åj
äœë™èäãLçÜ,1368080700010
#
#îNåéì˙,éûçè,ó¨àÊïΩãœâJó ,ó¨àÊïΩãœâJó ëÆê´,íôêÖó ,íôêÖó ëÆê´,ó¨ì¸ó ,ó¨ì¸ó ëÆê´,ï˙ó¨ó ,ï˙ó¨ó ëÆê´,íôêÖó¶,íôêÖó¶ëÆê´
#ëÆê´Å@$:åáë™ -:ñ¢éÛêM
#
2006/12/1,01:00,0.0, ,132130, ,0.00, ,0.00, ,85.0, 
2006/12/1,02:00,0.0, ,132180, ,13.16, ,0.00, ,85.0, 
2006/12/1,03:00,0.0, ,132180, ,0.22, ,0.00, ,85.0, 
2006/12/1,04:00,0.0, ,132180, ,0.00, ,0.00, ,85.0, 
2006/12/1,05:00,0.0, ,132180, ,0.00, ,0.00, ,85.0, 
2006/12/1,06:00,0.0, ,132180, ,0.00, ,0.00, ,85.0, 
2006/12/1,07:00,0.0, ,132180, ,0.00, ,0.00, ,85.0, 
2006/12/1,08:00,0.0, ,132220, ,10.26, ,0.00, ,85.0, 
2006/12/1,09:00,0.0, ,132220, ,3.22, ,5.70, ,0.0,$
2006/12/1,10:00,0.0, ,132180, ,9.48, ,25.90, ,85.0, 
2006/12/1,11:00,0.0, ,132030, ,9.46, ,55.10, ,84.9, 
2006/12/1,12:00,0.0, ,131840, ,9.49, ,41.90, ,84.7, 
2006/12/1,13:00,0.0, ,131840, ,9.19, ,0.00, ,84.7, 
2006/12/1,14:00,0.0, ,131890, ,0.45, ,0.00, ,84.8, 
2006/12/1,15:00,0.0, ,131890, ,12.91, ,0.00, ,84.8, 
2006/12/1,16:00,0.0, ,131930, ,2.36, ,20.50, ,84.8, 
2006/12/1,17:00,0.0, ,131890, ,22.77, ,31.50, ,84.8, 
2006/12/1,18:00,0.0, ,131690, ,9.44, ,63.70, ,84.6, 
2006/12/1,19:00,0.0, ,131500, ,11.15, ,63.50, ,84.5, 
2006/12/1,20:00,0.0, ,131310, ,10.88, ,31.90, ,84.4, 
2006/12/1,21:00,0.0, ,131360, ,3.38, ,0.00, ,84.4, 
2006/12/1,22:00,0.0, ,131360, ,9.78, ,0.00, ,84.4, 
2006/12/1,23:00,0.0, ,131410, ,5.55, ,0.00, ,84.4, 
2006/12/1,24:00,0.0, ,131410, ,7.78, ,0.00, ,85.1, 
2006/12/2,01:00,0.0, ,131410, ,0.00, ,0.00, ,85.1, 
2006/12/2,02:00,0.0, ,131450, ,11.34, ,0.00, ,85.1, 
2006/12/2,03:00,0.0, ,131450, ,2.00, ,0.00, ,85.1, 
2006/12/2,04:00,0.0, ,131450, ,0.00, ,0.00, ,85.1, 
2006/12/2,05:00,0.0, ,131450, ,0.00, ,0.00, ,85.1, 
2006/12/2,06:00,0.0, ,131450, ,0.10, ,5.90, ,85.1, 
2006/12/2,07:00,0.0, ,131410, ,8.59, ,27.40, ,85.1, 
2006/12/2,08:00,0.0, ,131210, ,3.80, ,32.90, ,84.9, 
2006/12/2,09:00,0.0, ,131170, ,2.91, ,0.00, ,84.9, 
2006/12/2,10:00,0.0, ,131210, ,0.22, ,0.00, ,84.9, 
2006/12/2,11:00,0.4, ,131210, ,13.10, ,0.00, ,84.9, 
2006/12/2,12:00,1.0, ,131260, ,10.44, ,0.00, ,85.0, 
2006/12/2,13:00,0.6, ,131310, ,10.44, ,0.00, ,85.0, 
2006/12/2,14:00,0.6, ,131360, ,8.22, ,0.00, ,85.1, 
2006/12/2,15:00,0.6, ,131360, ,10.89, ,0.00, ,85.1, 
2006/12/2,16:00,0.0, ,131410, ,12.44, ,0.00, ,85.1, 
2006/12/2,17:00,0.3, ,131450, ,12.33, ,5.80, ,85.1, 
2006/12/2,18:00,0.1, ,131360, ,8.32, ,31.30, ,85.1, 
2006/12/2,19:00,0.2, ,131170, ,8.45, ,62.10, ,84.9, 
2006/12/2,20:00,0.0, ,131020, ,11.08, ,61.90, ,84.8, 
2006/12/2,21:00,0.0, ,130830, ,8.20, ,61.80, ,84.7, 
2006/12/2,22:00,0.0, ,130590, ,8.79, ,60.40, ,84.5, 
2006/12/2,23:00,0.0, ,130590, ,10.14, ,9.20, ,84.5, 
2006/12/2,24:00,0.0, ,130540, ,2.30, ,0.00, ,85.1, 
2006/12/3,01:00,0.0, ,130540, ,0.00, ,0.00, ,85.1, 
2006/12/3,02:00,0.0, ,130590, ,1.11, ,0.00, ,85.1, 
2006/12/3,03:00,0.0, ,130590, ,12.18, ,0.00, ,85.1, 
2006/12/3,04:00,0.0, ,130590, ,0.00, ,0.00, ,85.1, 
2006/12/3,05:00,0.0, ,130590, ,0.00, ,0.00, ,85.1, 
2006/12/3,06:00,0.0, ,130590, ,0.10, ,5.60, ,85.1, 
2006/12/3,07:00,0.0, ,130540, ,10.77, ,31.30, ,85.1, 
2006/12/3,08:00,0.0, ,130350, ,3.48, ,33.40, ,85.0, 
2006/12/3,09:00,0.0, ,130300, ,2.54, ,0.00, ,84.9, 
2006/12/3,10:00,0.0, ,130350, ,0.44, ,0.00, ,85.0, 
2006/12/3,11:00,0.0, ,130350, ,12.82, ,0.00, ,85.0, 
2006/12/3,12:00,0.0, ,130400, ,9.28, ,0.00, ,85.0, 
2006/12/3,13:00,0.0, ,130450, ,5.31, ,0.00, ,85.0, 
2006/12/3,14:00,0.0, ,130450, ,11.95, ,0.00, ,85.0, 
2006/12/3,15:00,0.0, ,130500, ,10.85, ,0.00, ,85.1, 
2006/12/3,16:00,0.0, ,130500, ,2.43, ,0.00, ,85.1, 
2006/12/3,17:00,0.0, ,130540, ,11.16, ,5.60, ,85.1, 
2006/12/3,18:00,0.0, ,130500, ,15.47, ,28.80, ,85.1, 
2006/12/3,19:00,0.0, ,130350, ,9.25, ,54.30, ,85.0, 
2006/12/3,20:00,0.0, ,130160, ,9.68, ,53.80, ,84.8, 
2006/12/3,21:00,0.0, ,130020, ,7.25, ,57.50, ,84.7, 
2006/12/3,22:00,0.0, ,129920, ,6.82, ,19.70, ,84.6, 
2006/12/3,23:00,0.0, ,129880, ,4.04, ,19.90, ,84.6, 
2006/12/3,24:00,0.0, ,129830, ,6.58, ,19.80, ,85.3, 
2006/12/4,01:00,0.0, ,129780, ,4.46, ,19.80, ,85.2, 
2006/12/4,02:00,0.0, ,129680, ,2.41, ,19.90, ,85.1, 
2006/12/4,03:00,0.0, ,129640, ,4.16, ,19.60, ,85.1, 
2006/12/4,04:00,0.0, ,129590, ,4.76, ,8.20, ,85.1, 
2006/12/4,05:00,0.0, ,129590, ,8.78, ,0.00, ,85.1, 
2006/12/4,06:00,0.0, ,129640, ,3.63, ,5.80, ,85.1, 
2006/12/4,07:00,0.0, ,129590, ,20.98, ,31.50, ,85.1, 
2006/12/4,08:00,0.0, ,129400, ,10.02, ,60.70, ,84.9, 
2006/12/4,09:00,0.0, ,129350, ,7.61, ,16.70, ,84.9, 
2006/12/4,10:00,0.0, ,129350, ,10.47, ,16.50, ,84.9, 
2006/12/4,11:00,0.0, ,129300, ,7.73, ,16.10, ,84.9, 
2006/12/4,12:00,0.0, ,129260, ,6.66, ,15.20, ,84.8, 
2006/12/4,13:00,0.0, ,129210, ,1.78, ,14.30, ,84.8, 
2006/12/4,14:00,0.0, ,129160, ,1.19, ,15.90, ,84.8, 
2006/12/4,15:00,0.0, ,129110, ,4.74, ,15.20, ,84.7, 
2006/12/4,16:00,0.0, ,129070, ,1.55, ,15.80, ,84.7, 
2006/12/4,17:00,0.0, ,129020, ,2.85, ,15.60, ,84.6, 
2006/12/4,18:00,0.0, ,128970, ,2.34, ,15.70, ,84.6, 
2006/12/4,19:00,0.0, ,128930, ,2.84, ,15.30, ,84.6, 
2006/12/4,20:00,0.0, ,128830, ,1.37, ,14.30, ,84.5, 
2006/12/4,21:00,0.0, ,128780, ,1.52, ,15.30, ,84.5, 
2006/12/4,22:00,0.0, ,128780, ,0.22, ,0.00, ,84.5, 
2006/12/4,23:00,0.0, ,128780, ,0.00, ,0.00, ,84.5, 
2006/12/4,24:00,0.0, ,128780, ,0.00, ,0.00, ,85.1, 
2006/12/5,01:00,0.0, ,128830, ,8.55, ,0.00, ,85.2, 
2006/12/5,02:00,0.0, ,128830, ,4.61, ,0.00, ,85.2, 
2006/12/5,03:00,0.0, ,128880, ,1.54, ,0.00, ,85.2, 
2006/12/5,04:00,0.0, ,128880, ,11.62, ,0.00, ,85.2, 
2006/12/5,05:00,0.0, ,128930, ,4.61, ,0.00, ,85.3, 
2006/12/5,06:00,0.0, ,128970, ,9.66, ,0.00, ,85.3, 
2006/12/5,07:00,0.0, ,128970, ,12.07, ,0.00, ,85.3, 
2006/12/5,08:00,0.0, ,129020, ,10.76, ,0.00, ,85.3, 
2006/12/5,09:00,0.0, ,129020, ,10.35, ,17.40, ,85.3, 
2006/12/5,10:00,0.0, ,129020, ,16.90, ,17.20, ,85.3, 
2006/12/5,11:00,0.0, ,128970, ,5.92, ,16.60, ,85.3, 
2006/12/5,12:00,0.1, ,128930, ,9.92, ,15.60, ,85.3, 
2006/12/5,13:00,0.0, ,128930, ,6.26, ,14.60, ,85.3, 
2006/12/5,14:00,0.1, ,128880, ,2.94, ,15.60, ,85.2, 
2006/12/5,15:00,0.0, ,128830, ,3.72, ,14.70, ,85.2, 
2006/12/5,16:00,0.0, ,128780, ,4.35, ,14.90, ,85.2, 
2006/12/5,17:00,0.0, ,128640, ,2.21, ,31.70, ,85.1, 
2006/12/5,18:00,0.0, ,128450, ,1.94, ,65.00, ,84.9, 
2006/12/5,19:00,0.0, ,128220, ,2.05, ,62.30, ,84.7, 
2006/12/5,20:00,0.0, ,127980, ,4.51, ,62.70, ,84.6, 
2006/12/5,21:00,0.0, ,127790, ,4.81, ,59.30, ,84.4, 
2006/12/5,22:00,0.0, ,127700, ,5.46, ,15.70, ,84.3, 
2006/12/5,23:00,0.0, ,127700, ,1.33, ,0.00, ,84.3, 
2006/12/5,24:00,0.0, ,127700, ,0.00, ,0.00, ,85.0, 
2006/12/6,01:00,0.0, ,127700, ,0.00, ,0.00, ,85.0, 
2006/12/6,02:00,0.0, ,127700, ,0.00, ,0.00, ,85.0, 
2006/12/6,03:00,0.0, ,127700, ,0.00, ,0.00, ,85.0, 
2006/12/6,04:00,0.0, ,127700, ,0.00, ,0.00, ,85.0, 
2006/12/6,05:00,0.0, ,127700, ,0.00, ,0.00, ,85.0, 
2006/12/6,06:00,0.0, ,127740, ,10.79, ,5.90, ,85.1, 
2006/12/6,07:00,0.0, ,127700, ,7.25, ,19.80, ,85.0, 
2006/12/6,08:00,0.0, ,127550, ,3.51, ,46.20, ,84.9, 
2006/12/6,09:00,0.0, ,127460, ,4.98, ,16.30, ,84.8, 
2006/12/6,10:00,0.0, ,127410, ,1.82, ,15.80, ,84.8, 
2006/12/6,11:00,0.0, ,127370, ,4.65, ,15.70, ,84.8, 
2006/12/6,12:00,0.0, ,127320, ,2.19, ,15.20, ,84.7, 
2006/12/6,13:00,0.0, ,127270, ,2.08, ,13.90, ,84.7, 
2006/12/6,14:00,0.0, ,127230, ,3.76, ,14.90, ,84.7, 
2006/12/6,15:00,0.0, ,127230, ,3.15, ,14.50, ,84.7, 
2006/12/6,16:00,0.0, ,127130, ,3.52, ,14.70, ,84.6, 
2006/12/6,17:00,0.0, ,127130, ,1.68, ,15.00, ,84.6, 
2006/12/6,18:00,0.0, ,127080, ,4.45, ,20.10, ,84.6, 
2006/12/6,19:00,0.0, ,126940, ,6.64, ,62.80, ,84.4, 
2006/12/6,20:00,0.0, ,126710, ,3.64, ,65.00, ,84.3, 
2006/12/6,21:00,0.0, ,126470, ,4.37, ,63.10, ,84.1, 
2006/12/6,22:00,0.0, ,126380, ,7.85, ,9.40, ,84.0, 
2006/12/6,23:00,0.0, ,126330, ,4.27, ,0.00, ,84.0, 
2006/12/6,24:00,0.0, ,126380, ,8.67, ,0.00, ,84.7, 
2006/12/7,01:00,0.0, ,126380, ,3.25, ,0.00, ,84.7, 
2006/12/7,02:00,0.0, ,126430, ,12.14, ,0.00, ,84.7, 
2006/12/7,03:00,0.0, ,126470, ,9.11, ,0.00, ,84.8, 
2006/12/7,04:00,0.0, ,126470, ,4.77, ,0.00, ,84.8, 
2006/12/7,05:00,0.0, ,126520, ,10.84, ,0.00, ,84.8, 
2006/12/7,06:00,0.0, ,126570, ,3.57, ,5.90, ,84.9, 
2006/12/7,07:00,0.0, ,126570, ,21.93, ,19.90, ,84.9, 
2006/12/7,08:00,0.7, ,126470, ,8.24, ,31.80, ,84.8, 
2006/12/7,09:00,0.5, ,126290, ,8.65, ,63.20, ,84.6, 
2006/12/7,10:00,2.4, ,126050, ,8.30, ,63.40, ,84.5, 
2006/12/7,11:00,2.8, ,125870, ,8.10, ,63.30, ,84.3, 
2006/12/7,12:00,2.1, ,125630, ,7.55, ,62.90, ,84.1, 
2006/12/7,13:00,1.1, ,125590, ,3.45, ,22.40, ,84.1, 
2006/12/7,14:00,2.6, ,125400, ,8.07, ,61.50, ,83.9, 
2006/12/7,15:00,2.1, ,125260, ,8.21, ,41.90, ,83.8, 
2006/12/7,16:00,3.9, ,125170, ,7.98, ,42.00, ,83.8, 
2006/12/7,17:00,4.6, ,125030, ,11.51, ,42.00, ,83.7, 
2006/12/7,18:00,5.4, ,124840, ,8.82, ,65.00, ,83.5, 
2006/12/7,19:00,3.4, ,124650, ,10.93, ,61.70, ,83.4, 
2006/12/7,20:00,2.5, ,124560, ,13.29, ,44.90, ,83.3, 
2006/12/7,21:00,0.8, ,124510, ,9.14, ,23.70, ,83.3, 
2006/12/7,22:00,1.3, ,124470, ,10.39, ,8.60, ,83.2, 
2006/12/7,23:00,0.9, ,124510, ,10.48, ,0.00, ,83.3, 
2006/12/7,24:00,0.6, ,124560, ,16.80, ,0.00, ,85.1, 
2006/12/8,01:00,0.5, ,124650, ,17.88, ,0.00, ,85.1, 
2006/12/8,02:00,0.7, ,124750, ,19.40, ,0.00, ,85.2, 
2006/12/8,03:00,0.2, ,124790, ,25.87, ,0.00, ,85.2, 
2006/12/8,04:00,0.0, ,124840, ,11.43, ,0.00, ,85.3, 
2006/12/8,05:00,0.0, ,124890, ,16.61, ,0.00, ,85.3, 
2006/12/8,06:00,0.0, ,124930, ,12.08, ,0.00, ,85.3, 
2006/12/8,07:00,0.0, ,124980, ,15.97, ,0.00, ,85.4, 
2006/12/8,08:00,0.0, ,125030, ,10.89, ,5.90, ,85.4, 
2006/12/8,09:00,0.0, ,125030, ,17.62, ,25.10, ,85.4, 
2006/12/8,10:00,0.0, ,124890, ,20.07, ,53.10, ,85.3, 
2006/12/8,11:00,0.0, ,124750, ,16.20, ,59.90, ,85.2, 
2006/12/8,12:00,0.0, ,124610, ,17.68, ,39.30, ,85.1, 
2006/12/8,13:00,0.0, ,124610, ,14.08, ,0.00, ,85.1, 
2006/12/8,14:00,0.0, ,124650, ,9.48, ,0.00, ,85.1, 
2006/12/8,15:00,0.0, ,124700, ,16.05, ,5.70, ,85.2, 
2006/12/8,16:00,0.0, ,124750, ,21.61, ,33.60, ,85.2, 
2006/12/8,17:00,0.0, ,124650, ,21.19, ,46.30, ,85.1, 
2006/12/8,18:00,0.0, ,124560, ,17.30, ,46.60, ,85.1, 
2006/12/8,19:00,0.0, ,124510, ,13.65, ,0.00, ,85.0, 
2006/12/8,20:00,0.0, ,124560, ,4.28, ,0.00, ,85.1, 
2006/12/8,21:00,0.0, ,124610, ,16.59, ,0.00, ,85.1, 
2006/12/8,22:00,0.0, ,124650, ,12.28, ,0.00, ,85.1, 
2006/12/8,23:00,0.0, ,124700, ,16.59, ,0.00, ,85.2, 
2006/12/8,24:00,0.0, ,124750, ,14.87, ,0.00, ,86.5, 
2006/12/9,01:00,0.0, ,124790, ,10.57, ,0.00, ,86.5, 
2006/12/9,02:00,0.0, ,124790, ,4.10, ,0.00, ,86.5, 
2006/12/9,03:00,1.0, ,124840, ,12.08, ,0.00, ,86.5, 
2006/12/9,04:00,1.3, ,124890, ,8.41, ,0.00, ,86.6, 
2006/12/9,05:00,0.5, ,124890, ,5.39, ,0.00, ,86.6, 
2006/12/9,06:00,0.0, ,124930, ,11.43, ,0.00, ,86.6, 
2006/12/9,07:00,0.3, ,124980, ,7.34, ,0.00, ,86.6, 
2006/12/9,08:00,0.0, ,124980, ,7.12, ,0.00, ,86.6, 
2006/12/9,09:00,0.0, ,125030, ,3.13, ,5.90, ,86.7, 
2006/12/9,10:00,0.0, ,125030, ,19.73, ,19.90, ,86.7, 
2006/12/9,11:00,0.2, ,124930, ,13.54, ,39.20, ,86.6, 
2006/12/9,12:00,0.0, ,124750, ,10.78, ,39.00, ,86.5, 
2006/12/9,13:00,0.0, ,124790, ,7.79, ,0.00, ,86.5, 
2006/12/9,14:00,0.0, ,124840, ,10.57, ,0.00, ,86.5, 
2006/12/9,15:00,0.3, ,124890, ,15.74, ,0.00, ,86.6, 
2006/12/9,16:00,0.6, ,124930, ,12.39, ,5.80, ,86.6, 
2006/12/9,17:00,0.4, ,124890, ,22.27, ,31.70, ,86.6, 
2006/12/9,18:00,0.0, ,124750, ,16.75, ,61.50, ,86.5, 
2006/12/9,19:00,0.0, ,124650, ,10.72, ,0.00, ,86.4, 
2006/12/9,20:00,0.0, ,124700, ,7.92, ,0.00, ,86.4, 
2006/12/9,21:00,0.1, ,124750, ,13.36, ,0.00, ,86.5, 
2006/12/9,22:00,0.1, ,124840, ,13.15, ,0.00, ,86.5, 
2006/12/9,23:00,0.0, ,124840, ,18.76, ,0.00, ,86.5, 
2006/12/9,24:00,0.0, ,124890, ,10.78, ,0.00, ,87.3, 
2006/12/10,01:00,0.1, ,124930, ,9.27, ,0.00, ,87.3, 
2006/12/10,02:00,0.1, ,124930, ,5.82, ,0.00, ,87.3, 
2006/12/10,03:00,0.0, ,124980, ,10.58, ,0.00, ,87.4, 
2006/12/10,04:00,0.0, ,124980, ,2.37, ,0.00, ,87.4, 
2006/12/10,05:00,0.0, ,125030, ,10.14, ,0.00, ,87.4, 
2006/12/10,06:00,0.1, ,125070, ,8.42, ,0.00, ,87.4, 
2006/12/10,07:00,0.2, ,125070, ,7.44, ,5.80, ,87.4, 
2006/12/10,08:00,0.0, ,125030, ,5.60, ,8.40, ,87.4, 
2006/12/10,09:00,0.0, ,125030, ,1.58, ,0.00, ,87.4, 
2006/12/10,10:00,0.0, ,125070, ,9.50, ,0.00, ,87.4, 
2006/12/10,11:00,0.0, ,125120, ,9.71, ,0.00, ,87.5, 
2006/12/10,12:00,0.0, ,125170, ,10.15, ,0.00, ,87.5, 
2006/12/10,13:00,0.0, ,125210, ,16.42, ,0.00, ,87.6, 
2006/12/10,14:00,0.0, ,125260, ,9.94, ,0.00, ,87.6, 
2006/12/10,15:00,0.0, ,125310, ,12.10, ,0.00, ,87.6, 
2006/12/10,16:00,0.0, ,125350, ,12.53, ,0.00, ,87.7, 
2006/12/10,17:00,0.0, ,125400, ,12.85, ,5.60, ,87.7, 
2006/12/10,18:00,0.0, ,125350, ,22.12, ,30.40, ,87.7, 
2006/12/10,19:00,0.0, ,125170, ,14.33, ,61.50, ,87.5, 
2006/12/10,20:00,0.0, ,125030, ,11.53, ,32.60, ,87.4, 
2006/12/10,21:00,0.0, ,125030, ,6.99, ,0.00, ,87.4, 
2006/12/10,22:00,0.0, ,125070, ,8.64, ,0.00, ,87.4, 
2006/12/10,23:00,0.0, ,125120, ,10.79, ,0.00, ,87.5, 
2006/12/10,24:00,0.0, ,125170, ,10.58, ,0.00, ,88.3, 
2006/12/11,01:00,0.0, ,125210, ,15.55, ,0.00, ,88.3, 
2006/12/11,02:00,0.0, ,125210, ,6.26, ,0.00, ,88.3, 
2006/12/11,03:00,0.0, ,125260, ,9.50, ,0.00, ,88.3, 
2006/12/11,04:00,0.0, ,125260, ,3.46, ,0.00, ,88.3, 
2006/12/11,05:00,0.0, ,125260, ,0.00, ,0.00, ,88.3, 
2006/12/11,06:00,0.0, ,125310, ,8.74, ,5.80, ,88.4, 
2006/12/11,07:00,0.0, ,125210, ,13.64, ,31.80, ,88.3, 
2006/12/11,08:00,0.0, ,125120, ,4.30, ,15.90, ,88.2, 
2006/12/11,09:00,0.0, ,125120, ,1.47, ,0.00, ,88.2, 
2006/12/11,10:00,0.0, ,125120, ,0.00, ,0.00, ,88.2, 
2006/12/11,11:00,0.0, ,125170, ,6.91, ,0.00, ,88.3, 
2006/12/11,12:00,0.0, ,125210, ,10.58, ,0.00, ,88.3, 
2006/12/11,13:00,0.0, ,125260, ,15.98, ,0.00, ,88.3, 
2006/12/11,14:00,0.0, ,125310, ,10.58, ,0.00, ,88.4, 
2006/12/11,15:00,0.0, ,125350, ,12.53, ,0.00, ,88.4, 
2006/12/11,16:00,0.0, ,125400, ,12.64, ,5.70, ,88.5, 
2006/12/11,17:00,0.0, ,125350, ,21.75, ,52.70, ,88.4, 
2006/12/11,18:00,0.0, ,125170, ,14.78, ,61.50, ,88.3, 
2006/12/11,19:00,0.0, ,124980, ,10.41, ,61.40, ,88.1, 
2006/12/11,20:00,0.0, ,124840, ,11.92, ,65.00, ,88.0, 
2006/12/11,21:00,0.0, ,124750, ,10.61, ,4.90, ,87.9, 
2006/12/11,22:00,0.0, ,124750, ,8.42, ,0.00, ,87.9, 
2006/12/11,23:00,0.0, ,124790, ,2.80, ,0.00, ,88.0, 
2006/12/11,24:00,0.0, ,124790, ,10.14, ,0.00, ,88.7, 
2006/12/12,01:00,0.0, ,124840, ,12.94, ,0.00, ,88.8, 
2006/12/12,02:00,0.0, ,124840, ,0.00, ,0.00, ,88.8, 
2006/12/12,03:00,0.0, ,124890, ,11.65, ,0.00, ,88.8, 
2006/12/12,04:00,0.0, ,124890, ,1.29, ,0.00, ,88.8, 
2006/12/12,05:00,0.0, ,124890, ,0.00, ,0.00, ,88.8, 
2006/12/12,06:00,0.0, ,124930, ,12.08, ,0.00, ,88.8, 
2006/12/12,07:00,0.3, ,124930, ,0.86, ,0.00, ,88.8, 
2006/12/12,08:00,0.0, ,124980, ,14.33, ,29.00, ,88.9, 
2006/12/12,09:00,0.2, ,124840, ,10.99, ,61.20, ,88.8, 
2006/12/12,10:00,0.0, ,124650, ,7.30, ,61.70, ,88.6, 
2006/12/12,11:00,0.0, ,124470, ,9.25, ,65.00, ,88.5, 
2006/12/12,12:00,0.0, ,124240, ,7.46, ,39.20, ,88.3, 
2006/12/12,13:00,0.0, ,124280, ,7.34, ,5.80, ,88.3, 
2006/12/12,14:00,0.0, ,124240, ,8.13, ,22.50, ,88.3, 
2006/12/12,15:00,0.0, ,124190, ,20.05, ,20.00, ,88.2, 
2006/12/12,16:00,0.0, ,124190, ,7.97, ,20.00, ,88.2, 
2006/12/12,17:00,0.0, ,124100, ,14.43, ,39.20, ,88.2, 
2006/12/12,18:00,0.1, ,123910, ,14.49, ,61.60, ,88.0, 
2006/12/12,19:00,0.0, ,123720, ,11.88, ,65.00, ,87.9, 
2006/12/12,20:00,0.0, ,123630, ,10.83, ,39.00, ,87.8, 
2006/12/12,21:00,0.0, ,123590, ,10.89, ,8.40, ,87.7, 
2006/12/12,22:00,0.0, ,123590, ,4.68, ,0.00, ,87.7, 
2006/12/12,23:00,0.0, ,123630, ,6.65, ,0.00, ,87.8, 
2006/12/12,24:00,0.0, ,123680, ,7.08, ,0.00, ,89.0, 
2006/12/13,01:00,0.0, ,123680, ,12.02, ,0.00, ,89.0, 
2006/12/13,02:00,0.0, ,123680, ,0.00, ,0.00, ,89.0, 
2006/12/13,03:00,0.0, ,123720, ,5.15, ,0.00, ,89.0, 
2006/12/13,04:00,0.0, ,123720, ,7.73, ,0.00, ,89.0, 
2006/12/13,05:00,0.0, ,123720, ,0.00, ,0.00, ,89.0, 
2006/12/13,06:00,0.0, ,123720, ,0.00, ,0.00, ,89.0, 
2006/12/13,07:00,0.5, ,123770, ,2.15, ,0.00, ,89.1, 
2006/12/13,08:00,0.5, ,123770, ,14.78, ,29.20, ,89.1, 
2006/12/13,09:00,3.0, ,123630, ,7.52, ,61.00, ,88.9, 
2006/12/13,10:00,4.0, ,123450, ,6.42, ,62.10, ,88.8, 
2006/12/13,11:00,2.0, ,123260, ,12.48, ,61.80, ,88.6, 
2006/12/13,12:00,2.0, ,123080, ,14.18, ,37.90, ,88.5, 
2006/12/13,13:00,2.9, ,123080, ,7.41, ,5.80, ,88.5, 
2006/12/13,14:00,0.9, ,123080, ,14.85, ,29.20, ,88.5, 
2006/12/13,15:00,0.3, ,122980, ,19.17, ,39.00, ,88.4, 
2006/12/13,16:00,0.0, ,122890, ,14.47, ,42.40, ,88.3, 
2006/12/13,17:00,0.1, ,122750, ,12.25, ,55.90, ,88.2, 
2006/12/13,18:00,0.0, ,122610, ,13.69, ,61.80, ,88.1, 
2006/12/13,19:00,0.1, ,122430, ,17.08, ,45.10, ,88.0, 
2006/12/13,20:00,0.0, ,122340, ,12.10, ,20.00, ,87.9, 
2006/12/13,21:00,0.0, ,122380, ,8.14, ,0.00, ,87.9, 
2006/12/13,22:00,0.0, ,122430, ,12.81, ,0.00, ,88.0, 
2006/12/13,23:00,0.0, ,122430, ,10.46, ,0.00, ,88.0, 
2006/12/13,24:00,0.0, ,122520, ,13.02, ,0.00, ,89.6, 
2006/12/14,01:00,0.0, ,122570, ,13.45, ,0.00, ,89.6, 
2006/12/14,02:00,0.0, ,122570, ,11.97, ,0.00, ,89.6, 
2006/12/14,03:00,0.0, ,122610, ,6.62, ,0.00, ,89.6, 
2006/12/14,04:00,0.0, ,122610, ,6.20, ,0.00, ,89.6, 
2006/12/14,05:00,0.0, ,122610, ,0.00, ,0.00, ,89.6, 
2006/12/14,06:00,0.0, ,122660, ,9.62, ,0.00, ,89.7, 
2006/12/14,07:00,0.1, ,122660, ,3.21, ,0.00, ,89.7, 
2006/12/14,08:00,0.0, ,122660, ,4.07, ,29.10, ,89.7, 
2006/12/14,09:00,0.0, ,122480, ,12.99, ,60.30, ,89.5, 
2006/12/14,10:00,0.1, ,122340, ,4.48, ,62.00, ,89.4, 
2006/12/14,11:00,0.1, ,122150, ,13.92, ,62.10, ,89.3, 
2006/12/14,12:00,0.0, ,121970, ,15.69, ,61.90, ,89.1, 
2006/12/14,13:00,0.7, ,121920, ,9.08, ,20.10, ,89.1, 
2006/12/14,14:00,0.6, ,121780, ,15.37, ,62.10, ,89.0, 
2006/12/14,15:00,0.9, ,121600, ,18.08, ,62.50, ,88.8, 
2006/12/14,16:00,0.7, ,121420, ,11.85, ,65.00, ,88.7, 
2006/12/14,17:00,0.5, ,121330, ,14.02, ,39.40, ,88.6, 
2006/12/14,18:00,0.8, ,121230, ,14.95, ,42.50, ,88.5, 
2006/12/14,19:00,0.5, ,121140, ,13.23, ,39.40, ,88.4, 
2006/12/14,20:00,0.5, ,121100, ,17.04, ,16.90, ,88.4, 
2006/12/14,21:00,0.8, ,121100, ,4.27, ,0.00, ,88.4, 
2006/12/14,22:00,0.7, ,121140, ,14.44, ,0.00, ,88.4, 
2006/12/14,23:00,0.2, ,121190, ,13.38, ,0.00, ,88.5, 
2006/12/14,24:00,0.8, ,121230, ,14.44, ,0.00, ,90.2, 
2006/12/15,01:00,0.0, ,121280, ,8.28, ,0.00, ,90.3, 
2006/12/15,02:00,0.0, ,121280, ,8.29, ,0.00, ,90.3, 
2006/12/15,03:00,0.0, ,121330, ,9.35, ,0.00, ,90.3, 
2006/12/15,04:00,0.0, ,121330, ,3.40, ,0.00, ,90.3, 
2006/12/15,05:00,0.0, ,121370, ,12.75, ,0.00, ,90.3, 
2006/12/15,06:00,0.0, ,121420, ,8.29, ,0.00, ,90.4, 
2006/12/15,07:00,0.0, ,121420, ,4.46, ,0.00, ,90.4, 
2006/12/15,08:00,0.0, ,121420, ,4.09, ,29.30, ,90.4, 
2006/12/15,09:00,0.0, ,121280, ,19.24, ,62.20, ,90.3, 
2006/12/15,10:00,0.0, ,121100, ,7.97, ,62.50, ,90.1, 
2006/12/15,11:00,0.0, ,120960, ,12.29, ,62.30, ,90.0, 
2006/12/15,12:00,0.0, ,120770, ,14.82, ,43.60, ,89.8, 
2006/12/15,13:00,0.0, ,120730, ,12.55, ,36.60, ,89.8, 
2006/12/15,14:00,0.0, ,120590, ,11.51, ,29.30, ,89.7, 
2006/12/15,15:00,0.0, ,120590, ,15.47, ,29.90, ,89.7, 
2006/12/15,16:00,0.0, ,120540, ,14.64, ,53.90, ,89.6, 
2006/12/15,17:00,0.0, ,120360, ,16.40, ,64.00, ,89.5, 
2006/12/15,18:00,0.0, ,120170, ,13.03, ,60.60, ,89.3, 
2006/12/15,19:00,0.0, ,119990, ,12.20, ,64.10, ,89.2, 
2006/12/15,20:00,0.0, ,119940, ,12.24, ,20.30, ,89.1, 
2006/12/15,21:00,0.0, ,119900, ,12.14, ,20.10, ,89.1, 
2006/12/15,22:00,0.0, ,119900, ,11.90, ,9.10, ,89.1, 
2006/12/15,23:00,0.0, ,119900, ,9.89, ,0.00, ,89.1, 
2006/12/15,24:00,0.0, ,119940, ,9.16, ,0.00, ,91.1, 
2006/12/16,01:00,0.0, ,119990, ,15.55, ,0.00, ,91.1, 
2006/12/16,02:00,0.0, ,120040, ,9.16, ,0.00, ,91.2, 
2006/12/16,03:00,0.0, ,120040, ,4.47, ,0.00, ,91.2, 
2006/12/16,04:00,0.0, ,120080, ,12.14, ,0.00, ,91.2, 
2006/12/16,05:00,0.0, ,120080, ,0.64, ,0.00, ,91.2, 
2006/12/16,06:00,0.0, ,120080, ,0.10, ,5.70, ,91.2, 
2006/12/16,07:00,0.0, ,120040, ,14.69, ,30.50, ,91.2, 
2006/12/16,08:00,0.0, ,119850, ,7.59, ,39.60, ,91.0, 
2006/12/16,09:00,0.0, ,119850, ,4.36, ,0.00, ,91.0, 
2006/12/16,10:00,0.0, ,119850, ,4.26, ,0.00, ,91.0, 
2006/12/16,11:00,0.0, ,119900, ,8.73, ,0.00, ,91.1, 
2006/12/16,12:00,0.0, ,119940, ,10.86, ,0.00, ,91.1, 
2006/12/16,13:00,0.0, ,119990, ,10.65, ,0.00, ,91.1, 
2006/12/16,14:00,0.0, ,120040, ,16.19, ,0.00, ,91.2, 
2006/12/16,15:00,0.0, ,120080, ,10.86, ,0.00, ,91.2, 
2006/12/16,16:00,0.0, ,120130, ,15.55, ,0.00, ,91.3, 
2006/12/16,17:00,0.0, ,120170, ,11.39, ,5.80, ,91.3, 
2006/12/16,18:00,0.0, ,120130, ,22.65, ,33.50, ,91.3, 
2006/12/16,19:00,0.0, ,119940, ,13.37, ,60.60, ,91.1, 
2006/12/16,20:00,0.0, ,119810, ,13.18, ,60.40, ,91.0, 
2006/12/16,21:00,0.0, ,119620, ,10.54, ,50.40, ,90.8, 
2006/12/16,22:00,0.0, ,119620, ,12.05, ,9.30, ,90.8, 
2006/12/16,23:00,0.0, ,119620, ,9.87, ,0.00, ,90.8, 
2006/12/16,24:00,0.5, ,119670, ,6.81, ,0.00, ,92.0, 
2006/12/17,01:00,0.7, ,119670, ,5.96, ,0.00, ,92.0, 
2006/12/17,02:00,0.1, ,119710, ,10.64, ,0.00, ,92.0, 
2006/12/17,03:00,0.1, ,119760, ,6.60, ,0.00, ,92.1, 
2006/12/17,04:00,0.1, ,119760, ,8.30, ,0.00, ,92.1, 
2006/12/17,05:00,0.0, ,119760, ,0.00, ,0.00, ,92.1, 
2006/12/17,06:00,0.0, ,119810, ,7.88, ,0.00, ,92.1, 
2006/12/17,07:00,0.0, ,119810, ,4.90, ,0.00, ,92.1, 
2006/12/17,08:00,0.0, ,119850, ,1.92, ,0.00, ,92.1, 
2006/12/17,09:00,0.0, ,119850, ,10.86, ,0.00, ,92.1, 
2006/12/17,10:00,0.0, ,119850, ,0.10, ,5.70, ,92.1, 
2006/12/17,11:00,0.0, ,119850, ,15.11, ,30.90, ,92.1, 
2006/12/17,12:00,0.0, ,119760, ,17.84, ,30.50, ,92.1, 
2006/12/17,13:00,0.2, ,119710, ,10.61, ,15.30, ,92.0, 
2006/12/17,14:00,0.0, ,119710, ,8.87, ,0.00, ,92.0, 
2006/12/17,15:00,0.1, ,119760, ,9.37, ,0.00, ,92.1, 
2006/12/17,16:00,0.3, ,119810, ,9.58, ,0.00, ,92.1, 
2006/12/17,17:00,0.0, ,119850, ,13.31, ,5.70, ,92.1, 
2006/12/17,18:00,0.0, ,119810, ,17.61, ,30.60, ,92.1, 
2006/12/17,19:00,0.0, ,119620, ,12.20, ,61.00, ,91.9, 
2006/12/17,20:00,0.0, ,119480, ,12.39, ,61.00, ,91.8, 
2006/12/17,21:00,0.0, ,119300, ,6.95, ,50.40, ,91.7, 
2006/12/17,22:00,0.0, ,119260, ,12.11, ,9.20, ,91.6, 
2006/12/17,23:00,0.0, ,119300, ,11.24, ,0.00, ,91.7, 
2006/12/17,24:00,0.0, ,119350, ,9.36, ,0.00, ,93.0, 
2006/12/18,01:00,0.0, ,119390, ,9.57, ,0.00, ,93.0, 
2006/12/18,02:00,0.0, ,119390, ,10.22, ,0.00, ,93.0, 
2006/12/18,03:00,0.0, ,119440, ,11.28, ,0.00, ,93.0, 
2006/12/18,04:00,0.0, ,119440, ,1.49, ,0.00, ,93.0, 
2006/12/18,05:00,0.0, ,119440, ,0.00, ,0.00, ,93.0, 
2006/12/18,06:00,0.0, ,119440, ,0.28, ,16.00, ,93.0, 
2006/12/18,07:00,0.0, ,119440, ,10.69, ,20.30, ,93.0, 
2006/12/18,08:00,0.0, ,119350, ,8.07, ,36.20, ,93.0, 
2006/12/18,09:00,0.1, ,119210, ,3.92, ,58.10, ,92.8, 
2006/12/18,10:00,0.0, ,119030, ,3.82, ,60.90, ,92.7, 
2006/12/18,11:00,0.0, ,118840, ,9.47, ,61.00, ,92.5, 
2006/12/18,12:00,0.0, ,118660, ,12.58, ,37.50, ,92.4, 
2006/12/18,13:00,0.1, ,118660, ,7.22, ,5.90, ,92.4, 
2006/12/18,14:00,0.2, ,118610, ,9.90, ,28.20, ,92.3, 
2006/12/18,15:00,0.0, ,118570, ,17.66, ,28.10, ,92.3, 
2006/12/18,16:00,0.0, ,118470, ,12.54, ,44.40, ,92.2, 
2006/12/18,17:00,0.0, ,118290, ,9.87, ,60.80, ,92.1, 
2006/12/18,18:00,0.0, ,118110, ,11.14, ,61.30, ,91.9, 
2006/12/18,19:00,0.0, ,117920, ,10.89, ,64.70, ,91.8, 
2006/12/18,20:00,0.0, ,117740, ,11.91, ,32.50, ,91.6, 
2006/12/18,21:00,0.0, ,117740, ,2.31, ,0.00, ,91.6, 
2006/12/18,22:00,0.0, ,117790, ,7.64, ,0.00, ,91.6, 
2006/12/18,23:00,0.0, ,117830, ,9.12, ,0.00, ,91.7, 
2006/12/18,24:00,0.0, ,117880, ,9.76, ,0.00, ,93.7, 
2006/12/19,01:00,0.0, ,117880, ,11.67, ,0.00, ,93.7, 
2006/12/19,02:00,0.0, ,117920, ,10.82, ,0.00, ,93.7, 
2006/12/19,03:00,0.2, ,117920, ,1.91, ,0.00, ,93.7, 
2006/12/19,04:00,0.0, ,117970, ,2.33, ,0.00, ,93.8, 
2006/12/19,05:00,0.0, ,117970, ,10.40, ,0.00, ,93.8, 
2006/12/19,06:00,0.0, ,117970, ,0.00, ,0.00, ,93.8, 
2006/12/19,07:00,0.0, ,117970, ,0.10, ,5.90, ,93.8, 
2006/12/19,08:00,0.0, ,117880, ,11.12, ,30.90, ,93.7, 
2006/12/19,09:00,0.0, ,117700, ,4.13, ,61.00, ,93.6, 
2006/12/19,10:00,0.1, ,117470, ,3.41, ,61.30, ,93.4, 
2006/12/19,11:00,0.0, ,117280, ,8.46, ,64.60, ,93.2, 
2006/12/19,12:00,0.3, ,117150, ,12.76, ,36.80, ,93.1, 
2006/12/19,13:00,0.0, ,117150, ,12.99, ,5.90, ,93.1, 
2006/12/19,14:00,0.0, ,117100, ,10.12, ,30.90, ,93.0, 
2006/12/19,15:00,0.0, ,117010, ,9.89, ,30.70, ,93.0, 
2006/12/19,16:00,0.1, ,116920, ,10.79, ,34.10, ,92.9, 
2006/12/19,17:00,0.0, ,116780, ,5.25, ,61.80, ,92.8, 
2006/12/19,18:00,0.0, ,116600, ,10.98, ,61.20, ,92.6, 
2006/12/19,19:00,0.0, ,116370, ,7.09, ,65.00, ,92.4, 
2006/12/19,20:00,0.0, ,116230, ,8.97, ,32.80, ,92.3, 
2006/12/19,21:00,0.0, ,116230, ,9.45, ,0.00, ,92.3, 
2006/12/19,22:00,0.0, ,116230, ,0.00, ,0.00, ,92.3, 
2006/12/19,23:00,0.0, ,116280, ,5.25, ,0.00, ,92.3, 
2006/12/19,24:00,0.0, ,116320, ,9.45, ,0.00, ,94.3, 
2006/12/20,01:00,0.0, ,116320, ,10.50, ,0.00, ,94.3, 
2006/12/20,02:00,0.0, ,116370, ,3.99, ,0.00, ,94.4, 
2006/12/20,03:00,0.0, ,116370, ,8.61, ,0.00, ,94.4, 
2006/12/20,04:00,0.0, ,116370, ,0.00, ,0.00, ,94.4, 
2006/12/20,05:00,0.0, ,116370, ,0.00, ,0.00, ,94.4, 
2006/12/20,06:00,0.0, ,116410, ,12.40, ,0.00, ,94.4, 
2006/12/20,07:00,0.0, ,116410, ,0.31, ,5.80, ,94.4, 
2006/12/20,08:00,0.0, ,116370, ,10.03, ,31.00, ,94.4, 
2006/12/20,09:00,0.0, ,116190, ,3.75, ,40.10, ,94.2, 
2006/12/20,10:00,0.0, ,116010, ,3.52, ,61.30, ,94.0, 
2006/12/20,11:00,0.0, ,115780, ,7.85, ,65.00, ,93.8, 
2006/12/20,12:00,0.1, ,115640, ,10.24, ,40.50, ,93.7, 
2006/12/20,13:00,0.1, ,115640, ,13.22, ,0.00, ,93.7, 
2006/12/20,14:00,0.1, ,115640, ,0.01, ,0.00, ,93.7, 
2006/12/20,15:00,0.1, ,115690, ,12.45, ,5.80, ,93.8, 
2006/12/20,16:00,0.1, ,115690, ,15.21, ,29.50, ,93.8, 
2006/12/20,17:00,0.0, ,115550, ,14.86, ,61.90, ,93.6, 
2006/12/20,18:00,0.1, ,115330, ,10.36, ,61.50, ,93.5, 
2006/12/20,19:00,0.0, ,115150, ,8.34, ,65.00, ,93.3, 
2006/12/20,20:00,0.0, ,114970, ,8.99, ,65.00, ,93.1, 
2006/12/20,21:00,0.0, ,114790, ,9.15, ,29.20, ,93.0, 
2006/12/20,22:00,0.0, ,114790, ,7.39, ,0.00, ,93.0, 
2006/12/20,23:00,0.0, ,114790, ,0.00, ,0.00, ,93.0, 
2006/12/20,24:00,0.0, ,114790, ,0.00, ,0.00, ,94.7, 
2006/12/21,01:00,0.0, ,114790, ,0.00, ,0.00, ,94.7, 
2006/12/21,02:00,0.0, ,114830, ,12.30, ,0.00, ,94.8, 
2006/12/21,03:00,0.0, ,114830, ,0.21, ,0.00, ,94.8, 
2006/12/21,04:00,0.0, ,114830, ,0.00, ,0.00, ,94.8, 
2006/12/21,05:00,0.0, ,114830, ,0.00, ,0.00, ,94.8, 
2006/12/21,06:00,0.0, ,114880, ,7.30, ,0.00, ,94.8, 
2006/12/21,07:00,0.0, ,114880, ,5.32, ,6.00, ,94.8, 
2006/12/21,08:00,0.0, ,114830, ,8.59, ,26.70, ,94.8, 
2006/12/21,09:00,0.0, ,114650, ,2.04, ,38.60, ,94.6, 
2006/12/21,10:00,0.0, ,114560, ,5.03, ,44.90, ,94.5, 
2006/12/21,11:00,0.0, ,114430, ,10.88, ,44.70, ,94.4, 
2006/12/21,12:00,0.0, ,114290, ,8.71, ,26.80, ,94.3, 
2006/12/21,13:00,0.0, ,114290, ,5.72, ,6.10, ,94.3, 
2006/12/21,14:00,0.0, ,114250, ,11.06, ,29.90, ,94.3, 
2006/12/21,15:00,0.0, ,114110, ,15.74, ,46.50, ,94.1, 
2006/12/21,16:00,0.0, ,114020, ,9.95, ,43.10, ,94.1, 
2006/12/21,17:00,0.0, ,113800, ,10.85, ,60.40, ,93.9, 
2006/12/21,18:00,0.0, ,113620, ,9.91, ,64.10, ,93.7, 
2006/12/21,19:00,0.0, ,113490, ,10.49, ,60.30, ,93.6, 
2006/12/21,20:00,0.0, ,113310, ,10.40, ,23.70, ,93.4, 
2006/12/21,21:00,0.0, ,113310, ,5.32, ,0.00, ,93.4, 
2006/12/21,22:00,0.0, ,113350, ,6.83, ,0.00, ,93.5, 
2006/12/21,23:00,0.0, ,113350, ,5.59, ,0.00, ,93.5, 
2006/12/21,24:00,0.0, ,113350, ,0.00, ,0.00, ,94.9, 
2006/12/22,01:00,0.0, ,113400, ,5.80, ,0.00, ,95.0, 
2006/12/22,02:00,0.0, ,113400, ,6.62, ,0.00, ,95.0, 
2006/12/22,03:00,0.0, ,113400, ,0.00, ,0.00, ,95.0, 
2006/12/22,04:00,0.0, ,113440, ,11.80, ,0.00, ,95.0, 
2006/12/22,05:00,0.0, ,113490, ,2.69, ,0.00, ,95.1, 
2006/12/22,06:00,0.0, ,113490, ,10.46, ,6.00, ,95.1, 
2006/12/22,07:00,0.0, ,113440, ,14.59, ,30.00, ,95.0, 
2006/12/22,08:00,0.0, ,113260, ,11.11, ,36.60, ,94.9, 
2006/12/22,09:00,0.0, ,113310, ,5.62, ,0.00, ,94.9, 
2006/12/22,10:00,0.0, ,113310, ,9.11, ,0.00, ,94.9, 
2006/12/22,11:00,0.0, ,113350, ,6.00, ,0.00, ,94.9, 
2006/12/22,12:00,0.0, ,113400, ,9.32, ,0.00, ,95.0, 
2006/12/22,13:00,0.0, ,113400, ,9.52, ,0.00, ,95.0, 
2006/12/22,14:00,0.0, ,113440, ,8.49, ,0.00, ,95.0, 
2006/12/22,15:00,0.0, ,113440, ,3.93, ,0.00, ,95.0, 
2006/12/22,16:00,0.0, ,113490, ,1.04, ,0.00, ,95.1, 
2006/12/22,17:00,0.0, ,113490, ,11.50, ,5.90, ,95.1, 
2006/12/22,18:00,0.0, ,113400, ,3.94, ,29.80, ,95.0, 
2006/12/22,19:00,0.0, ,113170, ,2.52, ,60.50, ,94.8, 
2006/12/22,20:00,0.0, ,112950, ,1.61, ,60.30, ,94.6, 
2006/12/22,21:00,0.0, ,112770, ,2.33, ,60.00, ,94.4, 
2006/12/22,22:00,0.0, ,112640, ,5.15, ,38.80, ,94.3, 
2006/12/22,23:00,0.0, ,112590, ,8.10, ,11.20, ,94.3, 
2006/12/22,24:00,0.0, ,112590, ,5.77, ,0.00, ,95.2, 
2006/12/23,01:00,0.0, ,112590, ,0.00, ,0.00, ,95.2, 
2006/12/23,02:00,0.0, ,112640, ,9.48, ,0.00, ,95.2, 
2006/12/23,03:00,0.0, ,112640, ,2.89, ,0.00, ,95.2, 
2006/12/23,04:00,0.0, ,112640, ,0.00, ,0.00, ,95.2, 
2006/12/23,05:00,0.0, ,112680, ,11.55, ,0.00, ,95.2, 
2006/12/23,06:00,0.0, ,112680, ,0.93, ,5.80, ,95.2, 
2006/12/23,07:00,0.0, ,112590, ,9.41, ,50.10, ,95.2, 
2006/12/23,08:00,0.0, ,112410, ,2.38, ,36.50, ,95.0, 
2006/12/23,09:00,0.0, ,112370, ,2.35, ,0.00, ,95.0, 
2006/12/23,10:00,0.0, ,112410, ,0.62, ,0.00, ,95.0, 
2006/12/23,11:00,0.0, ,112410, ,11.74, ,0.00, ,95.0, 
2006/12/23,12:00,0.0, ,112460, ,10.30, ,0.00, ,95.0, 
2006/12/23,13:00,0.0, ,112500, ,9.69, ,0.00, ,95.1, 
2006/12/23,14:00,0.0, ,112550, ,9.07, ,0.00, ,95.1, 
2006/12/23,15:00,0.0, ,112590, ,9.48, ,0.00, ,95.2, 
2006/12/23,16:00,0.0, ,112590, ,10.93, ,0.00, ,95.2, 
2006/12/23,17:00,0.0, ,112640, ,10.82, ,5.80, ,95.2, 
2006/12/23,18:00,0.0, ,112590, ,14.32, ,32.70, ,95.2, 
2006/12/23,19:00,0.0, ,112410, ,11.94, ,60.60, ,95.0, 
2006/12/23,20:00,0.0, ,112240, ,7.73, ,60.70, ,94.8, 
2006/12/23,21:00,0.0, ,112010, ,8.73, ,60.30, ,94.6, 
2006/12/23,22:00,0.0, ,111930, ,7.50, ,19.00, ,94.6, 
2006/12/23,23:00,0.0, ,111930, ,3.68, ,0.00, ,94.6, 
2006/12/23,24:00,0.0, ,111930, ,0.00, ,0.00, ,95.5, 
2006/12/24,01:00,0.0, ,111930, ,0.00, ,0.00, ,95.5, 
2006/12/24,02:00,0.0, ,111930, ,0.00, ,0.00, ,95.5, 
2006/12/24,03:00,0.0, ,111930, ,0.00, ,0.00, ,95.5, 
2006/12/24,04:00,0.0, ,111930, ,0.00, ,0.00, ,95.5, 
2006/12/24,05:00,0.0, ,111930, ,0.00, ,0.00, ,95.5, 
2006/12/24,06:00,0.0, ,111970, ,8.54, ,6.00, ,95.5, 
2006/12/24,07:00,0.0, ,111930, ,9.68, ,19.20, ,95.5, 
2006/12/24,08:00,0.0, ,111880, ,5.25, ,9.20, ,95.4, 
2006/12/24,09:00,0.0, ,111880, ,3.93, ,0.00, ,95.4, 
2006/12/24,10:00,0.0, ,111880, ,0.00, ,0.00, ,95.4, 
2006/12/24,11:00,0.0, ,111880, ,0.00, ,0.00, ,95.4, 
2006/12/24,12:00,0.0, ,111930, ,3.29, ,0.00, ,95.5, 
2006/12/24,13:00,0.0, ,111970, ,10.08, ,0.00, ,95.5, 
2006/12/24,14:00,0.0, ,112010, ,12.55, ,0.00, ,95.5, 
2006/12/24,15:00,0.0, ,112060, ,12.13, ,0.00, ,95.6, 
2006/12/24,16:00,0.0, ,112060, ,11.31, ,0.00, ,95.6, 
2006/12/24,17:00,0.0, ,112100, ,11.52, ,0.00, ,95.6, 
2006/12/24,18:00,0.0, ,112100, ,15.42, ,29.90, ,95.6, 
2006/12/24,19:00,0.0, ,111880, ,13.37, ,60.60, ,95.4, 
2006/12/24,20:00,0.0, ,111700, ,8.80, ,60.80, ,95.3, 
2006/12/24,21:00,0.0, ,111480, ,6.07, ,63.90, ,95.1, 
2006/12/24,22:00,0.0, ,111300, ,5.48, ,61.20, ,94.9, 
2006/12/24,23:00,0.0, ,111220, ,3.69, ,11.70, ,94.8, 
2006/12/24,24:00,0.0, ,111220, ,3.36, ,0.00, ,95.7, 
2006/12/25,01:00,0.0, ,111220, ,0.00, ,0.00, ,95.7, 
2006/12/25,02:00,0.0, ,111220, ,0.00, ,0.00, ,95.7, 
2006/12/25,03:00,0.0, ,111220, ,0.00, ,0.00, ,95.7, 
2006/12/25,04:00,0.0, ,111220, ,0.00, ,0.00, ,95.7, 
2006/12/25,05:00,0.0, ,111220, ,0.00, ,0.00, ,95.7, 
2006/12/25,06:00,0.0, ,111220, ,0.00, ,0.00, ,95.7, 
2006/12/25,07:00,0.0, ,111220, ,0.00, ,0.00, ,95.7, 
2006/12/25,08:00,0.0, ,111220, ,0.10, ,6.00, ,95.7, 
2006/12/25,09:00,0.0, ,111170, ,11.09, ,30.00, ,95.7, 
2006/12/25,10:00,0.0, ,111040, ,6.33, ,37.20, ,95.6, 
2006/12/25,11:00,0.0, ,110820, ,3.60, ,61.10, ,95.4, 
2006/12/25,12:00,0.0, ,110640, ,6.10, ,38.10, ,95.2, 
2006/12/25,13:00,0.0, ,110640, ,5.11, ,6.20, ,95.2, 
2006/12/25,14:00,0.0, ,110600, ,11.18, ,32.90, ,95.2, 
2006/12/25,15:00,0.0, ,110460, ,12.44, ,36.10, ,95.0, 
2006/12/25,16:00,0.0, ,110460, ,7.09, ,20.60, ,95.0, 
2006/12/25,17:00,0.0, ,110380, ,11.73, ,35.80, ,95.0, 
2006/12/25,18:00,0.0, ,110160, ,9.58, ,61.10, ,94.8, 
2006/12/25,19:00,0.0, ,110020, ,10.43, ,39.30, ,94.7, 
2006/12/25,20:00,0.0, ,109980, ,4.07, ,0.00, ,94.6, 
2006/12/25,21:00,0.0, ,110020, ,3.06, ,0.00, ,94.7, 
2006/12/25,22:00,0.0, ,110020, ,9.18, ,0.00, ,94.7, 
2006/12/25,23:00,0.0, ,110020, ,0.00, ,0.00, ,94.7, 
2006/12/25,24:00,0.0, ,110020, ,0.00, ,0.00, ,95.9, 
2006/12/26,01:00,0.0, ,110070, ,3.88, ,0.00, ,96.0, 
2006/12/26,02:00,0.0, ,110070, ,8.36, ,0.00, ,96.0, 
2006/12/26,03:00,0.0, ,110070, ,0.00, ,0.00, ,96.0, 
2006/12/26,04:00,0.1, ,110070, ,0.00, ,0.00, ,96.0, 
2006/12/26,05:00,0.3, ,110070, ,0.00, ,0.00, ,96.0, 
2006/12/26,06:00,1.3, ,110110, ,2.86, ,0.00, ,96.0, 
2006/12/26,07:00,0.7, ,110110, ,9.38, ,0.00, ,96.0, 
2006/12/26,08:00,0.7, ,110110, ,0.10, ,5.80, ,96.0, 
2006/12/26,09:00,0.0, ,110070, ,9.24, ,25.80, ,96.0, 
2006/12/26,10:00,1.3, ,109890, ,5.29, ,53.80, ,95.8, 
2006/12/26,11:00,2.7, ,109710, ,9.56, ,59.50, ,95.7, 
2006/12/26,12:00,2.1, ,109540, ,9.11, ,63.00, ,95.5, 
2006/12/26,13:00,2.6, ,109410, ,11.50, ,33.00, ,95.4, 
2006/12/26,14:00,2.6, ,109280, ,11.44, ,59.10, ,95.3, 
2006/12/26,15:00,0.8, ,109190, ,10.97, ,26.00, ,95.2, 
2006/12/26,16:00,0.7, ,109190, ,9.74, ,19.40, ,95.2, 
2006/12/26,17:00,1.1, ,109140, ,8.98, ,9.60, ,95.1, 
2006/12/26,18:00,0.8, ,109190, ,11.32, ,0.00, ,95.2, 
2006/12/26,19:00,1.6, ,109230, ,11.99, ,0.00, ,95.2, 
2006/12/26,20:00,0.9, ,109230, ,13.82, ,0.00, ,95.2, 
2006/12/26,21:00,0.7, ,109320, ,8.74, ,0.00, ,95.3, 
2006/12/26,22:00,0.0, ,109360, ,11.59, ,0.00, ,95.3, 
2006/12/26,23:00,0.0, ,109360, ,11.18, ,0.00, ,95.3, 
2006/12/26,24:00,0.0, ,109410, ,11.18, ,0.00, ,96.7, 
2006/12/27,01:00,0.0, ,109450, ,8.34, ,0.00, ,96.7, 
2006/12/27,02:00,0.0, ,109450, ,6.30, ,0.00, ,96.7, 
2006/12/27,03:00,0.0, ,109490, ,6.11, ,0.00, ,96.8, 
2006/12/27,04:00,0.0, ,109490, ,4.68, ,0.00, ,96.8, 
2006/12/27,05:00,0.0, ,109540, ,9.36, ,0.00, ,96.8, 
2006/12/27,06:00,0.0, ,109540, ,2.85, ,0.00, ,96.8, 
2006/12/27,07:00,0.0, ,109580, ,4.07, ,0.00, ,96.8, 
2006/12/27,08:00,0.0, ,109580, ,8.14, ,0.00, ,96.8, 
2006/12/27,09:00,0.0, ,109580, ,0.11, ,6.20, ,96.8, 
2006/12/27,10:00,0.0, ,109540, ,10.37, ,30.00, ,96.8, 
2006/12/27,11:00,0.0, ,109490, ,14.23, ,30.10, ,96.8, 
2006/12/27,12:00,0.1, ,109410, ,8.95, ,17.10, ,96.7, 
2006/12/27,13:00,0.0, ,109450, ,11.74, ,0.00, ,96.7, 
2006/12/27,14:00,0.0, ,109490, ,14.65, ,0.00, ,96.8, 
2006/12/27,15:00,0.0, ,109540, ,13.02, ,0.00, ,96.8, 
2006/12/27,16:00,0.0, ,109580, ,9.26, ,5.90, ,96.8, 
2006/12/27,17:00,0.0, ,109540, ,19.51, ,30.30, ,96.8, 
2006/12/27,18:00,0.0, ,109360, ,13.12, ,59.60, ,96.6, 
2006/12/27,19:00,0.0, ,109190, ,11.11, ,37.40, ,96.5, 
2006/12/27,20:00,0.0, ,109190, ,4.26, ,0.00, ,96.5, 
2006/12/27,21:00,0.0, ,109230, ,8.54, ,0.00, ,96.5, 
2006/12/27,22:00,0.0, ,109280, ,11.99, ,0.00, ,96.6, 
2006/12/27,23:00,0.0, ,109320, ,13.21, ,0.00, ,96.6, 
2006/12/27,24:00,0.0, ,109360, ,12.00, ,0.00, ,97.6, 
2006/12/28,01:00,0.0, ,109410, ,11.59, ,0.00, ,97.6, 
2006/12/28,02:00,0.0, ,109410, ,3.66, ,0.00, ,97.6, 
2006/12/28,03:00,0.0, ,109450, ,4.88, ,0.00, ,97.7, 
2006/12/28,04:00,0.0, ,109450, ,7.32, ,0.00, ,97.7, 
2006/12/28,05:00,0.0, ,109450, ,0.00, ,0.00, ,97.7, 
2006/12/28,06:00,0.0, ,109490, ,11.19, ,0.00, ,97.7, 
2006/12/28,07:00,0.0, ,109490, ,1.02, ,0.00, ,97.7, 
2006/12/28,08:00,0.0, ,109540, ,9.67, ,5.90, ,97.8, 
2006/12/28,09:00,0.0, ,109450, ,10.94, ,30.40, ,97.7, 
2006/12/28,10:00,0.0, ,109280, ,2.91, ,37.30, ,97.5, 
2006/12/28,11:00,0.0, ,109190, ,11.07, ,5.00, ,97.4, 
2006/12/28,12:00,0.1, ,109280, ,10.05, ,0.00, ,97.5, 
2006/12/28,13:00,0.0, ,109280, ,8.53, ,0.00, ,97.5, 
2006/12/28,14:00,0.0, ,109320, ,11.99, ,0.00, ,97.6, 
2006/12/28,15:00,0.0, ,109360, ,12.00, ,0.00, ,97.6, 
2006/12/28,16:00,0.0, ,109410, ,13.12, ,6.00, ,97.6, 
2006/12/28,17:00,0.0, ,109320, ,11.19, ,32.80, ,97.6, 
2006/12/28,18:00,0.0, ,109140, ,10.00, ,59.50, ,97.4, 
2006/12/28,19:00,0.0, ,108970, ,10.26, ,59.10, ,97.2, 
2006/12/28,20:00,0.0, ,108920, ,11.69, ,11.20, ,97.2, 
2006/12/28,21:00,0.0, ,109010, ,11.66, ,0.00, ,97.3, 
2006/12/28,22:00,0.0, ,109010, ,10.56, ,0.00, ,97.3, 
2006/12/28,23:00,0.0, ,109010, ,7.51, ,0.00, ,97.3, 
2006/12/28,24:00,0.0, ,109060, ,5.28, ,0.00, ,98.3, 
2006/12/29,01:00,0.1, ,109060, ,6.90, ,0.00, ,98.3, 
2006/12/29,02:00,0.1, ,109060, ,2.03, ,0.00, ,98.3, 
2006/12/29,03:00,0.0, ,109060, ,3.65, ,0.00, ,98.3, 
2006/12/29,04:00,0.1, ,109100, ,4.47, ,0.00, ,98.3, 
2006/12/29,05:00,0.0, ,109100, ,6.70, ,0.00, ,98.3, 
2006/12/29,06:00,0.0, ,109100, ,0.00, ,0.00, ,98.3, 
2006/12/29,07:00,0.0, ,109100, ,0.00, ,0.00, ,98.3, 
2006/12/29,08:00,0.0, ,109100, ,0.72, ,6.00, ,98.3, 
2006/12/29,09:00,0.0, ,109010, ,6.30, ,30.00, ,98.2, 
2006/12/29,10:00,0.0, ,108790, ,2.00, ,59.90, ,98.0, 
2006/12/29,11:00,0.0, ,108750, ,8.18, ,12.20, ,98.0, 
2006/12/29,12:00,0.0, ,108790, ,11.59, ,0.00, ,98.0, 
2006/12/29,13:00,0.0, ,108840, ,12.98, ,0.00, ,98.1, 
2006/12/29,14:00,0.1, ,108880, ,9.53, ,0.00, ,98.1, 
2006/12/29,15:00,0.1, ,108880, ,7.30, ,0.00, ,98.1, 
2006/12/29,16:00,0.0, ,108920, ,11.97, ,0.00, ,98.2, 
2006/12/29,17:00,0.0, ,108970, ,10.26, ,6.10, ,98.2, 
2006/12/29,18:00,0.0, ,108880, ,6.92, ,33.00, ,98.1, 
2006/12/29,19:00,0.0, ,108710, ,8.17, ,59.80, ,98.0, 
2006/12/29,20:00,0.0, ,108530, ,7.84, ,59.20, ,97.8, 
2006/12/29,21:00,0.0, ,108440, ,11.56, ,11.00, ,97.7, 
2006/12/29,22:00,0.0, ,108490, ,8.86, ,0.00, ,97.7, 
2006/12/29,23:00,0.0, ,108490, ,3.24, ,0.00, ,97.7, 
2006/12/29,24:00,0.0, ,108530, ,2.84, ,0.00, ,98.8, 
2006/12/30,01:00,0.0, ,108530, ,9.32, ,0.00, ,98.8, 
2006/12/30,02:00,0.0, ,108530, ,0.00, ,0.00, ,98.8, 
2006/12/30,03:00,0.0, ,108530, ,0.00, ,0.00, ,98.8, 
2006/12/30,04:00,0.0, ,108530, ,0.00, ,0.00, ,98.8, 
2006/12/30,05:00,0.0, ,108530, ,0.00, ,0.00, ,98.8, 
2006/12/30,06:00,0.0, ,108570, ,8.91, ,0.00, ,98.8, 
2006/12/30,07:00,0.0, ,108570, ,3.24, ,0.00, ,98.8, 
2006/12/30,08:00,0.0, ,108570, ,0.11, ,6.10, ,98.8, 
2006/12/30,09:00,0.0, ,108490, ,9.20, ,30.30, ,98.7, 
2006/12/30,10:00,0.0, ,108360, ,3.24, ,36.20, ,98.6, 
2006/12/30,11:00,0.0, ,108310, ,4.63, ,16.90, ,98.6, 
2006/12/30,12:00,0.9, ,108310, ,9.67, ,0.00, ,98.6, 
2006/12/30,13:00,0.0, ,108310, ,0.00, ,0.00, ,98.6, 
2006/12/30,14:00,0.0, ,108360, ,11.74, ,0.00, ,98.6, 
2006/12/30,15:00,0.0, ,108400, ,11.33, ,0.00, ,98.6, 
2006/12/30,16:00,0.0, ,108440, ,12.35, ,0.00, ,98.7, 
2006/12/30,17:00,0.0, ,108490, ,12.46, ,6.10, ,98.7, 
2006/12/30,18:00,0.0, ,108440, ,13.34, ,33.10, ,98.7, 
2006/12/30,19:00,0.0, ,108270, ,11.22, ,61.30, ,98.5, 
2006/12/30,20:00,0.0, ,108050, ,7.77, ,61.30, ,98.3, 
2006/12/30,21:00,0.0, ,107880, ,6.89, ,59.90, ,98.2, 
2006/12/30,22:00,0.0, ,107830, ,4.90, ,0.00, ,98.1, 
2006/12/30,23:00,0.0, ,107830, ,0.00, ,0.00, ,98.1, 
2006/12/30,24:00,0.0, ,107880, ,5.85, ,0.00, ,99.2, 
2006/12/31,01:00,0.0, ,107880, ,6.26, ,0.00, ,99.2, 
2006/12/31,02:00,0.0, ,107880, ,0.00, ,0.00, ,99.2, 
2006/12/31,03:00,0.0, ,107880, ,0.00, ,0.00, ,99.2, 
2006/12/31,04:00,0.0, ,107880, ,0.00, ,0.00, ,99.2, 
2006/12/31,05:00,0.0, ,107880, ,0.00, ,0.00, ,99.2, 
2006/12/31,06:00,0.0, ,107880, ,0.00, ,0.00, ,99.2, 
2006/12/31,07:00,0.0, ,107920, ,0.61, ,0.00, ,99.2, 
2006/12/31,08:00,0.0, ,107920, ,11.62, ,6.00, ,99.2, 
2006/12/31,09:00,0.0, ,107830, ,8.78, ,30.30, ,99.1, 
2006/12/31,10:00,0.0, ,107700, ,3.29, ,35.90, ,99.0, 
2006/12/31,11:00,0.0, ,107610, ,4.07, ,18.60, ,98.9, 
2006/12/31,12:00,0.0, ,107610, ,2.96, ,0.00, ,98.9, 
2006/12/31,13:00,0.0, ,107660, ,4.24, ,0.00, ,98.9, 
2006/12/31,14:00,0.0, ,107660, ,7.87, ,0.00, ,98.9, 
2006/12/31,15:00,0.0, ,107700, ,9.48, ,0.00, ,99.0, 
2006/12/31,16:00,0.0, ,107740, ,9.48, ,0.00, ,99.0, 
2006/12/31,17:00,0.0, ,107790, ,8.79, ,6.20, ,99.1, 
2006/12/31,18:00,0.0, ,107740, ,21.24, ,33.20, ,99.0, 
2006/12/31,19:00,0.0, ,107570, ,9.94, ,59.80, ,98.9, 
2006/12/31,20:00,0.0, ,107400, ,10.48, ,49.30, ,98.7, 
2006/12/31,21:00,0.0, ,107310, ,8.09, ,39.10, ,98.6, 
2006/12/31,22:00,0.0, ,107180, ,3.77, ,18.50, ,98.5, 
2006/12/31,23:00,0.0, ,107180, ,1.97, ,0.00, ,98.5, 
2006/12/31,24:00,0.0, ,107180, ,0.00, ,0.00, ,98.5, 
