îCà”ä˙ä‘É_ÉÄèîó åüçıåãâ 
êÖånñº,ãgñÏêÏ
âÕêÏñº,ãgñÏêÏ
äœë™èäñº,ëÅñæâYÉ_ÉÄÅiã@ç\Åj
äœë™èäãLçÜ,1368080700010
#
#îNåéì˙,éûçè,ó¨àÊïΩãœâJó ,ó¨àÊïΩãœâJó ëÆê´,íôêÖó ,íôêÖó ëÆê´,ó¨ì¸ó ,ó¨ì¸ó ëÆê´,ï˙ó¨ó ,ï˙ó¨ó ëÆê´,íôêÖó¶,íôêÖó¶ëÆê´
#ëÆê´Å@$:åáë™ -:ñ¢éÛêM
#
2010/8/1,01:00,0.0, ,194160, ,17.97, ,20.50, ,100.0, 
2010/8/1,02:00,0.0, ,194160, ,20.69, ,20.80, ,100.0, 
2010/8/1,03:00,0.0, ,194160, ,10.70, ,0.00, ,100.0, 
2010/8/1,04:00,0.0, ,194220, ,10.79, ,0.00, ,100.0, 
2010/8/1,05:00,0.0, ,194280, ,20.74, ,0.00, ,100.0, 
2010/8/1,06:00,0.0, ,194400, ,15.51, ,1.60, ,100.0, 
2010/8/1,07:00,0.0, ,194400, ,29.42, ,20.60, ,100.0, 
2010/8/1,08:00,0.0, ,194400, ,20.66, ,20.50, ,100.0, 
2010/8/1,09:00,0.0, ,194400, ,20.67, ,20.80, ,100.0, 
2010/8/1,10:00,0.0, ,194400, ,20.66, ,20.50, ,100.0, 
2010/8/1,11:00,0.0, ,194400, ,20.66, ,20.70, ,100.0, 
2010/8/1,12:00,0.0, ,194400, ,24.61, ,28.80, ,100.0, 
2010/8/1,13:00,0.0, ,194400, ,43.13, ,58.30, ,100.0, 
2010/8/1,14:00,0.0, ,194280, ,37.52, ,58.00, ,100.0, 
2010/8/1,15:00,0.0, ,194160, ,24.53, ,58.10, ,100.0, 
2010/8/1,16:00,0.0, ,194040, ,28.45, ,58.10, ,99.9, 
2010/8/1,17:00,0.0, ,193980, ,26.14, ,39.90, ,99.9, 
2010/8/1,18:00,0.0, ,193920, ,26.54, ,40.20, ,99.9, 
2010/8/1,19:00,0.0, ,193860, ,27.51, ,58.20, ,99.8, 
2010/8/1,20:00,0.0, ,193750, ,30.19, ,58.20, ,99.8, 
2010/8/1,21:00,0.0, ,193630, ,26.33, ,58.00, ,99.7, 
2010/8/1,22:00,0.0, ,193630, ,25.25, ,20.70, ,99.7, 
2010/8/1,23:00,0.0, ,193630, ,20.73, ,20.80, ,99.7, 
2010/8/1,24:00,0.0, ,193630, ,20.72, ,20.50, ,100.0, 
2010/8/2,01:00,0.0, ,193630, ,20.71, ,21.00, ,100.0, 
2010/8/2,02:00,0.0, ,193630, ,20.71, ,20.60, ,100.0, 
2010/8/2,03:00,0.0, ,193630, ,20.72, ,20.70, ,100.0, 
2010/8/2,04:00,0.0, ,193630, ,10.72, ,0.00, ,100.0, 
2010/8/2,05:00,0.0, ,193690, ,2.76, ,0.00, ,100.0, 
2010/8/2,06:00,0.0, ,193690, ,13.80, ,0.00, ,100.0, 
2010/8/2,07:00,0.0, ,193750, ,16.59, ,1.60, ,100.0, 
2010/8/2,08:00,0.0, ,193750, ,10.07, ,20.80, ,100.0, 
2010/8/2,09:00,0.0, ,193750, ,20.69, ,20.70, ,100.0, 
2010/8/2,10:00,0.0, ,193750, ,24.69, ,29.00, ,100.0, 
2010/8/2,11:00,0.0, ,193750, ,29.68, ,30.20, ,100.0, 
2010/8/2,12:00,0.0, ,193750, ,30.40, ,30.50, ,100.0, 
2010/8/2,13:00,0.0, ,193750, ,25.82, ,20.80, ,100.0, 
2010/8/2,14:00,0.0, ,193690, ,25.81, ,36.00, ,100.0, 
2010/8/2,15:00,0.0, ,193630, ,20.36, ,48.60, ,100.0, 
2010/8/2,16:00,0.0, ,193630, ,26.58, ,23.40, ,100.0, 
2010/8/2,17:00,0.0, ,193630, ,22.39, ,20.50, ,100.0, 
2010/8/2,18:00,0.0, ,193630, ,20.73, ,20.70, ,100.0, 
2010/8/2,19:00,0.0, ,193630, ,20.68, ,20.70, ,100.0, 
2010/8/2,20:00,0.0, ,193630, ,20.70, ,20.90, ,100.0, 
2010/8/2,21:00,0.0, ,193630, ,20.71, ,21.00, ,100.0, 
2010/8/2,22:00,0.0, ,193630, ,20.70, ,20.60, ,100.0, 
2010/8/2,23:00,0.0, ,193630, ,10.70, ,0.00, ,100.0, 
2010/8/2,24:00,0.0, ,193750, ,14.63, ,0.00, ,100.0, 
2010/8/3,01:00,0.0, ,193800, ,20.15, ,0.00, ,100.0, 
2010/8/3,02:00,0.0, ,193860, ,20.43, ,0.00, ,100.0, 
2010/8/3,03:00,0.0, ,193920, ,13.53, ,0.00, ,100.0, 
2010/8/3,04:00,0.0, ,193920, ,14.08, ,0.00, ,100.0, 
2010/8/3,05:00,0.0, ,193980, ,11.88, ,0.00, ,100.0, 
2010/8/3,06:00,0.0, ,194040, ,11.88, ,0.00, ,100.0, 
2010/8/3,07:00,0.0, ,194040, ,9.40, ,0.00, ,100.0, 
2010/8/3,08:00,0.0, ,194100, ,15.47, ,0.00, ,100.0, 
2010/8/3,09:00,0.0, ,194160, ,9.98, ,1.60, ,100.0, 
2010/8/3,10:00,0.0, ,194160, ,21.26, ,27.80, ,100.0, 
2010/8/3,11:00,0.0, ,194160, ,27.60, ,27.50, ,100.0, 
2010/8/3,12:00,0.0, ,194160, ,27.58, ,27.50, ,100.0, 
2010/8/3,13:00,0.0, ,194160, ,25.40, ,23.50, ,100.0, 
2010/8/3,14:00,0.0, ,194160, ,23.46, ,23.60, ,100.0, 
2010/8/3,15:00,0.0, ,194160, ,22.99, ,20.80, ,100.0, 
2010/8/3,16:00,0.0, ,194100, ,8.75, ,20.50, ,100.0, 
2010/8/3,17:00,0.0, ,194100, ,16.25, ,20.80, ,100.0, 
2010/8/3,18:00,0.0, ,194100, ,20.73, ,21.00, ,100.0, 
2010/8/3,19:00,0.0, ,194100, ,10.69, ,0.00, ,100.0, 
2010/8/3,20:00,0.0, ,194160, ,12.16, ,0.00, ,100.0, 
2010/8/3,21:00,0.0, ,194280, ,25.18, ,1.30, ,100.0, 
2010/8/3,22:00,0.0, ,194280, ,22.49, ,20.50, ,100.0, 
2010/8/3,23:00,0.0, ,194280, ,21.23, ,21.80, ,100.0, 
2010/8/3,24:00,0.2, ,194280, ,22.02, ,20.60, ,100.0, 
2010/8/4,01:00,0.0, ,194280, ,21.34, ,20.80, ,100.0, 
2010/8/4,02:00,0.3, ,194280, ,20.69, ,20.50, ,100.0, 
2010/8/4,03:00,0.3, ,194220, ,16.21, ,20.60, ,100.0, 
2010/8/4,04:00,0.0, ,194220, ,1.82, ,0.00, ,100.0, 
2010/8/4,05:00,0.0, ,194220, ,0.00, ,0.00, ,100.0, 
2010/8/4,06:00,0.0, ,194280, ,9.12, ,0.00, ,100.0, 
2010/8/4,07:00,0.0, ,194340, ,10.78, ,0.00, ,100.0, 
2010/8/4,08:00,0.0, ,194340, ,13.31, ,2.20, ,100.0, 
2010/8/4,09:00,0.0, ,194340, ,10.13, ,20.70, ,100.0, 
2010/8/4,10:00,0.0, ,194340, ,20.67, ,20.50, ,100.0, 
2010/8/4,11:00,0.0, ,194340, ,20.67, ,20.60, ,100.0, 
2010/8/4,12:00,0.0, ,194340, ,20.65, ,20.70, ,100.0, 
2010/8/4,13:00,0.3, ,194340, ,20.68, ,20.40, ,100.0, 
2010/8/4,14:00,0.1, ,194280, ,23.26, ,41.20, ,100.0, 
2010/8/4,15:00,0.7, ,194160, ,17.81, ,50.90, ,99.9, 
2010/8/4,16:00,0.0, ,194040, ,25.68, ,50.90, ,99.9, 
2010/8/4,17:00,0.4, ,194040, ,18.57, ,28.90, ,99.9, 
2010/8/4,18:00,0.6, ,193980, ,20.91, ,20.60, ,99.8, 
2010/8/4,19:00,0.4, ,193980, ,8.27, ,20.80, ,99.8, 
2010/8/4,20:00,0.3, ,193920, ,26.08, ,47.00, ,99.8, 
2010/8/4,21:00,0.5, ,193860, ,15.07, ,23.60, ,99.8, 
2010/8/4,22:00,1.5, ,193860, ,16.85, ,20.60, ,99.8, 
2010/8/4,23:00,0.5, ,193860, ,20.72, ,20.60, ,99.8, 
2010/8/4,24:00,1.3, ,193860, ,20.70, ,20.40, ,99.8, 
2010/8/5,01:00,1.6, ,193860, ,20.69, ,20.80, ,99.8, 
2010/8/5,02:00,2.2, ,193800, ,11.05, ,20.80, ,99.7, 
2010/8/5,03:00,1.3, ,193800, ,13.81, ,20.50, ,99.7, 
2010/8/5,04:00,1.5, ,193800, ,10.72, ,0.00, ,99.7, 
2010/8/5,05:00,0.8, ,193800, ,0.00, ,0.00, ,99.7, 
2010/8/5,06:00,1.1, ,193860, ,6.92, ,1.20, ,99.8, 
2010/8/5,07:00,1.4, ,193860, ,19.73, ,21.10, ,99.8, 
2010/8/5,08:00,1.5, ,193800, ,19.32, ,23.60, ,99.7, 
2010/8/5,09:00,1.9, ,193800, ,8.30, ,20.60, ,99.7, 
2010/8/5,10:00,0.6, ,193750, ,23.02, ,28.80, ,99.7, 
2010/8/5,11:00,0.6, ,193630, ,19.19, ,58.20, ,99.6, 
2010/8/5,12:00,1.6, ,193570, ,25.82, ,57.90, ,99.6, 
2010/8/5,13:00,1.3, ,193510, ,20.86, ,20.60, ,99.6, 
2010/8/5,14:00,2.2, ,193450, ,28.44, ,58.20, ,99.5, 
2010/8/5,15:00,2.1, ,193390, ,31.90, ,44.30, ,99.5, 
2010/8/5,16:00,2.3, ,193330, ,20.08, ,34.60, ,99.5, 
2010/8/5,17:00,2.7, ,193390, ,16.24, ,0.00, ,99.5, 
2010/8/5,18:00,2.3, ,193450, ,20.96, ,0.00, ,99.5, 
2010/8/5,19:00,2.4, ,193570, ,24.83, ,0.00, ,99.6, 
2010/8/5,20:00,0.9, ,193690, ,31.18, ,0.00, ,99.7, 
2010/8/5,21:00,0.8, ,193750, ,27.34, ,0.90, ,99.7, 
2010/8/5,22:00,0.1, ,193800, ,32.14, ,20.30, ,99.7, 
2010/8/5,23:00,1.1, ,193860, ,38.64, ,21.00, ,99.8, 
2010/8/5,24:00,0.5, ,193920, ,33.13, ,20.80, ,99.8, 
2010/8/6,01:00,0.8, ,193980, ,32.85, ,20.90, ,99.8, 
2010/8/6,02:00,0.0, ,194040, ,24.80, ,0.00, ,99.9, 
2010/8/6,03:00,0.5, ,194100, ,21.28, ,0.00, ,99.9, 
2010/8/6,04:00,0.2, ,194160, ,18.79, ,0.00, ,99.9, 
2010/8/6,05:00,0.0, ,194280, ,23.50, ,0.00, ,100.0, 
2010/8/6,06:00,0.1, ,194340, ,21.87, ,1.50, ,100.0, 
2010/8/6,07:00,0.0, ,194340, ,18.91, ,20.70, ,100.0, 
2010/8/6,08:00,0.0, ,194340, ,20.68, ,21.00, ,100.0, 
2010/8/6,09:00,0.0, ,194340, ,20.70, ,20.60, ,100.0, 
2010/8/6,10:00,0.0, ,194340, ,20.70, ,20.70, ,100.0, 
2010/8/6,11:00,0.0, ,194340, ,20.67, ,20.80, ,100.0, 
2010/8/6,12:00,0.0, ,194340, ,20.69, ,20.90, ,100.0, 
2010/8/6,13:00,0.0, ,194400, ,15.68, ,1.50, ,100.0, 
2010/8/6,14:00,0.0, ,194400, ,25.12, ,27.40, ,100.0, 
2010/8/6,15:00,0.0, ,194400, ,27.56, ,27.70, ,100.0, 
2010/8/6,16:00,0.0, ,194400, ,24.30, ,20.60, ,100.0, 
2010/8/6,17:00,0.0, ,194400, ,20.68, ,20.40, ,100.0, 
2010/8/6,18:00,0.0, ,194400, ,20.64, ,20.60, ,100.0, 
2010/8/6,19:00,4.0, ,194400, ,20.67, ,20.90, ,100.0, 
2010/8/6,20:00,3.9, ,194400, ,20.69, ,20.80, ,100.0, 
2010/8/6,21:00,0.5, ,194400, ,20.68, ,20.60, ,100.0, 
2010/8/6,22:00,0.2, ,194400, ,10.71, ,1.40, ,100.0, 
2010/8/6,23:00,0.3, ,194400, ,10.06, ,20.70, ,100.0, 
2010/8/6,24:00,0.0, ,194460, ,28.41, ,20.80, ,100.0, 
2010/8/7,01:00,0.0, ,194460, ,30.82, ,23.30, ,100.0, 
2010/8/7,02:00,0.0, ,194460, ,23.42, ,23.20, ,100.0, 
2010/8/7,03:00,0.0, ,194520, ,17.32, ,0.00, ,100.0, 
2010/8/7,04:00,0.0, ,194580, ,12.45, ,0.00, ,100.0, 
2010/8/7,05:00,0.0, ,194640, ,20.48, ,0.00, ,100.0, 
2010/8/7,06:00,0.0, ,194640, ,11.65, ,1.30, ,100.0, 
2010/8/7,07:00,0.0, ,194640, ,10.06, ,20.60, ,100.0, 
2010/8/7,08:00,0.0, ,194640, ,21.75, ,23.40, ,100.0, 
2010/8/7,09:00,0.0, ,194640, ,22.32, ,20.50, ,100.0, 
2010/8/7,10:00,0.0, ,194580, ,17.15, ,28.70, ,100.0, 
2010/8/7,11:00,0.0, ,194460, ,21.28, ,57.80, ,100.0, 
2010/8/7,12:00,0.0, ,194340, ,21.72, ,57.80, ,99.9, 
2010/8/7,13:00,0.0, ,194280, ,22.94, ,23.30, ,99.9, 
2010/8/7,14:00,0.0, ,194220, ,17.61, ,58.10, ,99.9, 
2010/8/7,15:00,1.8, ,194100, ,22.07, ,57.80, ,99.8, 
2010/8/7,16:00,1.2, ,193920, ,27.09, ,57.80, ,99.7, 
2010/8/7,17:00,0.0, ,193860, ,17.64, ,49.80, ,99.7, 
2010/8/7,18:00,0.0, ,193800, ,14.44, ,22.00, ,99.6, 
2010/8/7,19:00,0.1, ,193800, ,20.62, ,20.70, ,99.6, 
2010/8/7,20:00,0.0, ,193800, ,10.71, ,0.00, ,99.6, 
2010/8/7,21:00,0.0, ,193860, ,12.73, ,1.50, ,99.7, 
2010/8/7,22:00,0.0, ,193920, ,23.33, ,20.70, ,99.7, 
2010/8/7,23:00,0.0, ,193980, ,20.38, ,0.00, ,99.7, 
2010/8/7,24:00,0.1, ,193980, ,14.09, ,0.00, ,99.7, 
2010/8/8,01:00,0.2, ,194100, ,20.17, ,0.00, ,99.8, 
2010/8/8,02:00,0.4, ,194160, ,13.82, ,0.00, ,99.8, 
2010/8/8,03:00,0.0, ,194160, ,15.75, ,0.00, ,99.8, 
2010/8/8,04:00,0.0, ,194220, ,2.49, ,0.00, ,99.9, 
2010/8/8,05:00,0.0, ,194220, ,14.10, ,0.00, ,99.9, 
2010/8/8,06:00,0.0, ,194280, ,6.94, ,1.60, ,99.9, 
2010/8/8,07:00,0.0, ,194280, ,19.76, ,21.00, ,99.9, 
2010/8/8,08:00,0.0, ,194220, ,10.15, ,27.90, ,99.9, 
2010/8/8,09:00,0.4, ,194100, ,12.75, ,44.40, ,99.8, 
2010/8/8,10:00,0.0, ,194040, ,19.33, ,44.30, ,99.8, 
2010/8/8,11:00,0.0, ,193920, ,20.17, ,44.40, ,99.7, 
2010/8/8,12:00,0.0, ,193860, ,19.37, ,44.00, ,99.7, 
2010/8/8,13:00,0.0, ,193750, ,15.82, ,44.10, ,99.6, 
2010/8/8,14:00,0.0, ,193690, ,22.71, ,44.10, ,99.6, 
2010/8/8,15:00,0.0, ,193570, ,15.53, ,44.00, ,99.5, 
2010/8/8,16:00,0.0, ,193450, ,20.81, ,44.10, ,99.4, 
2010/8/8,17:00,0.4, ,193390, ,18.25, ,35.70, ,99.4, 
2010/8/8,18:00,0.0, ,193330, ,18.71, ,46.90, ,99.3, 
2010/8/8,19:00,0.1, ,193150, ,18.04, ,52.70, ,99.2, 
2010/8/8,20:00,0.0, ,193090, ,19.80, ,48.20, ,99.2, 
2010/8/8,21:00,0.0, ,193030, ,8.12, ,0.00, ,99.2, 
2010/8/8,22:00,0.0, ,193090, ,9.12, ,1.70, ,99.2, 
2010/8/8,23:00,0.0, ,193090, ,17.54, ,20.80, ,99.2, 
2010/8/8,24:00,0.0, ,193090, ,21.83, ,23.80, ,99.2, 
2010/8/9,01:00,1.8, ,193090, ,22.42, ,21.10, ,99.2, 
2010/8/9,02:00,3.7, ,193090, ,20.78, ,20.70, ,99.2, 
2010/8/9,03:00,1.2, ,193030, ,6.99, ,20.60, ,99.2, 
2010/8/9,04:00,0.6, ,193030, ,17.99, ,20.80, ,99.2, 
2010/8/9,05:00,0.5, ,193030, ,20.75, ,20.90, ,99.2, 
2010/8/9,06:00,0.6, ,192970, ,13.61, ,20.90, ,99.1, 
2010/8/9,07:00,0.0, ,192970, ,2.64, ,1.50, ,99.1, 
2010/8/9,08:00,0.0, ,192970, ,10.11, ,21.00, ,99.1, 
2010/8/9,09:00,0.0, ,192970, ,24.71, ,29.10, ,99.1, 
2010/8/9,10:00,0.0, ,192850, ,25.98, ,58.20, ,99.1, 
2010/8/9,11:00,0.0, ,192670, ,19.09, ,58.20, ,99.0, 
2010/8/9,12:00,0.0, ,192610, ,19.78, ,37.20, ,98.9, 
2010/8/9,13:00,0.0, ,192610, ,17.16, ,24.70, ,98.9, 
2010/8/9,14:00,0.0, ,192500, ,15.80, ,54.20, ,98.9, 
2010/8/9,15:00,0.0, ,192320, ,19.23, ,58.40, ,98.8, 
2010/8/9,16:00,0.2, ,192200, ,17.34, ,58.50, ,98.7, 
2010/8/9,17:00,2.6, ,192080, ,19.13, ,52.60, ,98.6, 
2010/8/9,18:00,3.4, ,192080, ,26.36, ,20.80, ,98.6, 
2010/8/9,19:00,1.2, ,192080, ,21.24, ,20.80, ,98.6, 
2010/8/9,20:00,0.3, ,192080, ,21.05, ,20.80, ,98.6, 
2010/8/9,21:00,0.0, ,192080, ,10.75, ,0.00, ,98.6, 
2010/8/9,22:00,0.2, ,192140, ,11.01, ,1.00, ,98.7, 
2010/8/9,23:00,0.1, ,192140, ,17.00, ,23.80, ,98.7, 
2010/8/9,24:00,0.5, ,192140, ,22.92, ,22.10, ,98.7, 
2010/8/10,01:00,0.0, ,192140, ,21.54, ,20.70, ,98.7, 
2010/8/10,02:00,0.0, ,192140, ,20.79, ,21.10, ,98.7, 
2010/8/10,03:00,0.2, ,192140, ,20.79, ,20.90, ,98.7, 
2010/8/10,04:00,1.6, ,192140, ,20.82, ,21.20, ,98.7, 
2010/8/10,05:00,2.5, ,192140, ,20.82, ,21.10, ,98.7, 
2010/8/10,06:00,0.6, ,192140, ,20.80, ,20.50, ,98.7, 
2010/8/10,07:00,0.1, ,192140, ,20.80, ,20.40, ,98.7, 
2010/8/10,08:00,0.0, ,192140, ,20.80, ,21.00, ,98.7, 
2010/8/10,09:00,0.0, ,192140, ,20.79, ,20.70, ,98.7, 
2010/8/10,10:00,0.0, ,192140, ,20.78, ,20.50, ,98.7, 
2010/8/10,11:00,0.0, ,192140, ,21.45, ,22.20, ,98.7, 
2010/8/10,12:00,0.0, ,192080, ,27.24, ,50.00, ,98.6, 
2010/8/10,13:00,0.4, ,192020, ,19.03, ,29.00, ,98.6, 
2010/8/10,14:00,0.7, ,191960, ,22.54, ,38.90, ,98.6, 
2010/8/10,15:00,0.0, ,191900, ,20.76, ,38.80, ,98.5, 
2010/8/10,16:00,0.0, ,191840, ,22.41, ,38.90, ,98.5, 
2010/8/10,17:00,0.0, ,191780, ,19.70, ,38.90, ,98.5, 
2010/8/10,18:00,0.1, ,191720, ,23.70, ,37.30, ,98.4, 
2010/8/10,19:00,0.0, ,191660, ,18.58, ,22.30, ,98.4, 
2010/8/10,20:00,0.0, ,191660, ,10.98, ,22.20, ,98.4, 
2010/8/10,21:00,0.0, ,191660, ,22.23, ,22.20, ,98.4, 
2010/8/10,22:00,0.0, ,191660, ,22.24, ,22.30, ,98.4, 
2010/8/10,23:00,0.2, ,191610, ,10.16, ,22.30, ,98.4, 
2010/8/10,24:00,0.0, ,191610, ,17.83, ,22.00, ,98.4, 
2010/8/11,01:00,0.1, ,191610, ,22.16, ,21.40, ,98.4, 
2010/8/11,02:00,0.5, ,191550, ,13.94, ,21.30, ,98.3, 
2010/8/11,03:00,0.7, ,191550, ,12.74, ,21.70, ,98.3, 
2010/8/11,04:00,1.3, ,191550, ,21.53, ,21.40, ,98.3, 
2010/8/11,05:00,0.5, ,191550, ,21.51, ,21.30, ,98.3, 
2010/8/11,06:00,0.0, ,191490, ,11.38, ,21.50, ,98.3, 
2010/8/11,07:00,0.3, ,191490, ,15.23, ,21.70, ,98.3, 
2010/8/11,08:00,1.3, ,191490, ,21.33, ,20.80, ,98.3, 
2010/8/11,09:00,4.8, ,191370, ,19.50, ,50.30, ,98.2, 
2010/8/11,10:00,0.9, ,191250, ,24.18, ,58.60, ,98.1, 
2010/8/11,11:00,0.4, ,191130, ,25.82, ,58.40, ,98.1, 
2010/8/11,12:00,1.6, ,191010, ,28.88, ,58.50, ,98.0, 
2010/8/11,13:00,5.6, ,190950, ,26.71, ,58.20, ,98.0, 
2010/8/11,14:00,11.4, ,190840, ,30.29, ,58.50, ,97.9, 
2010/8/11,15:00,3.3, ,190840, ,51.39, ,58.70, ,97.9, 
2010/8/11,16:00,0.0, ,190950, ,72.72, ,58.30, ,98.0, 
2010/8/11,17:00,0.1, ,191370, ,121.44, ,58.60, ,98.2, 
2010/8/11,18:00,0.0, ,191550, ,146.90, ,58.40, ,98.3, 
2010/8/11,19:00,0.3, ,191720, ,110.77, ,58.60, ,98.4, 
2010/8/11,20:00,0.2, ,191780, ,88.82, ,58.00, ,98.5, 
2010/8/11,21:00,0.7, ,191840, ,77.00, ,58.20, ,98.5, 
2010/8/11,22:00,0.3, ,191840, ,64.67, ,58.10, ,98.5, 
2010/8/11,23:00,0.0, ,191840, ,58.35, ,58.30, ,98.5, 
2010/8/11,24:00,0.1, ,191840, ,58.37, ,58.30, ,99.6, 
2010/8/12,01:00,0.0, ,191900, ,48.27, ,21.10, ,99.6, 
2010/8/12,02:00,0.0, ,192020, ,47.98, ,21.00, ,99.7, 
2010/8/12,03:00,0.0, ,192080, ,45.24, ,21.00, ,99.7, 
2010/8/12,04:00,0.0, ,192200, ,48.00, ,20.90, ,99.8, 
2010/8/12,05:00,0.0, ,192260, ,41.97, ,20.90, ,99.8, 
2010/8/12,06:00,0.0, ,192380, ,46.61, ,20.80, ,99.9, 
2010/8/12,07:00,0.0, ,192440, ,37.28, ,21.10, ,99.9, 
2010/8/12,08:00,0.0, ,192500, ,41.96, ,20.50, ,99.9, 
2010/8/12,09:00,0.0, ,192500, ,43.69, ,48.50, ,99.9, 
2010/8/12,10:00,0.0, ,192440, ,52.08, ,58.40, ,99.9, 
2010/8/12,11:00,0.0, ,192440, ,42.86, ,58.50, ,99.9, 
2010/8/12,12:00,0.0, ,192320, ,40.96, ,58.50, ,99.8, 
2010/8/12,13:00,0.0, ,192260, ,41.26, ,58.50, ,99.8, 
2010/8/12,14:00,0.0, ,192200, ,36.87, ,58.20, ,99.8, 
2010/8/12,15:00,0.0, ,192140, ,38.51, ,58.00, ,99.7, 
2010/8/12,16:00,0.0, ,192080, ,41.84, ,58.40, ,99.7, 
2010/8/12,17:00,0.0, ,191960, ,31.69, ,58.20, ,99.6, 
2010/8/12,18:00,0.0, ,191900, ,36.10, ,58.50, ,99.6, 
2010/8/12,19:00,0.0, ,191780, ,32.83, ,58.50, ,99.5, 
2010/8/12,20:00,0.0, ,191720, ,34.23, ,58.40, ,99.5, 
2010/8/12,21:00,0.0, ,191610, ,32.31, ,58.40, ,99.4, 
2010/8/12,22:00,0.0, ,191550, ,33.72, ,58.10, ,99.4, 
2010/8/12,23:00,0.0, ,191430, ,29.33, ,58.10, ,99.3, 
2010/8/12,24:00,0.0, ,191310, ,32.37, ,58.50, ,100.0, 
2010/8/13,01:00,0.0, ,191310, ,23.40, ,21.10, ,100.0, 
2010/8/13,02:00,0.0, ,191310, ,20.85, ,21.00, ,100.0, 
2010/8/13,03:00,0.0, ,191310, ,20.85, ,20.90, ,100.0, 
2010/8/13,04:00,0.0, ,191370, ,23.85, ,20.70, ,100.0, 
2010/8/13,05:00,0.0, ,191370, ,34.28, ,20.60, ,100.0, 
2010/8/13,06:00,0.0, ,191430, ,23.86, ,21.00, ,100.0, 
2010/8/13,07:00,0.0, ,191430, ,34.26, ,20.60, ,100.0, 
2010/8/13,08:00,0.0, ,191430, ,20.86, ,20.60, ,100.0, 
2010/8/13,09:00,0.0, ,191430, ,20.84, ,21.30, ,100.0, 
2010/8/13,10:00,0.0, ,191430, ,35.13, ,50.00, ,100.0, 
2010/8/13,11:00,0.0, ,191310, ,35.17, ,58.50, ,100.0, 
2010/8/13,12:00,0.0, ,191250, ,34.13, ,46.90, ,100.0, 
2010/8/13,13:00,0.0, ,191190, ,23.81, ,33.20, ,99.9, 
2010/8/13,14:00,0.0, ,191130, ,30.34, ,58.50, ,99.9, 
2010/8/13,15:00,0.0, ,191010, ,29.98, ,58.70, ,99.8, 
2010/8/13,16:00,0.2, ,190900, ,26.70, ,58.50, ,99.8, 
2010/8/13,17:00,0.0, ,190780, ,23.74, ,58.70, ,99.7, 
2010/8/13,18:00,0.0, ,190660, ,26.22, ,58.70, ,99.6, 
2010/8/13,19:00,0.0, ,190660, ,25.13, ,23.80, ,99.6, 
2010/8/13,20:00,0.0, ,190660, ,23.65, ,23.50, ,99.6, 
2010/8/13,21:00,0.0, ,190600, ,22.04, ,23.40, ,99.6, 
2010/8/13,22:00,0.0, ,190600, ,7.80, ,20.70, ,99.6, 
2010/8/13,23:00,0.0, ,190600, ,20.88, ,21.10, ,99.6, 
2010/8/13,24:00,0.0, ,190600, ,20.88, ,20.90, ,100.0, 
2010/8/14,01:00,0.0, ,190600, ,10.80, ,0.00, ,100.0, 
2010/8/14,02:00,0.0, ,190720, ,15.04, ,0.00, ,100.0, 
2010/8/14,03:00,0.0, ,190780, ,22.97, ,0.00, ,100.0, 
2010/8/14,04:00,0.0, ,190840, ,19.69, ,0.00, ,100.0, 
2010/8/14,05:00,0.0, ,190900, ,17.24, ,0.00, ,100.0, 
2010/8/14,06:00,0.0, ,190950, ,19.70, ,0.00, ,100.0, 
2010/8/14,07:00,0.0, ,191070, ,23.54, ,0.00, ,100.0, 
2010/8/14,08:00,0.0, ,191130, ,17.80, ,0.00, ,100.0, 
2010/8/14,09:00,0.0, ,191190, ,20.29, ,1.40, ,100.0, 
2010/8/14,10:00,0.0, ,191190, ,18.09, ,20.60, ,100.0, 
2010/8/14,11:00,0.0, ,191190, ,30.97, ,42.00, ,100.0, 
2010/8/14,12:00,0.0, ,191130, ,31.34, ,41.70, ,100.0, 
2010/8/14,13:00,0.0, ,191010, ,17.37, ,41.60, ,100.0, 
2010/8/14,14:00,0.0, ,190950, ,23.70, ,41.80, ,100.0, 
2010/8/14,15:00,0.1, ,190900, ,20.42, ,41.60, ,100.0, 
2010/8/14,16:00,0.0, ,190840, ,22.64, ,26.50, ,100.0, 
2010/8/14,17:00,0.0, ,190840, ,11.21, ,20.50, ,100.0, 
2010/8/14,18:00,2.1, ,190840, ,20.87, ,20.90, ,100.0, 
2010/8/14,19:00,0.3, ,190840, ,20.88, ,20.90, ,100.0, 
2010/8/14,20:00,0.0, ,190780, ,23.34, ,41.90, ,100.0, 
2010/8/14,21:00,0.0, ,190780, ,12.38, ,0.00, ,100.0, 
2010/8/14,22:00,0.0, ,190840, ,4.10, ,0.00, ,100.0, 
2010/8/14,23:00,0.0, ,190900, ,21.34, ,0.00, ,100.0, 
2010/8/14,24:00,0.0, ,190950, ,20.80, ,0.00, ,100.0, 
2010/8/15,01:00,0.0, ,191010, ,14.23, ,0.00, ,100.0, 
2010/8/15,02:00,0.0, ,191070, ,21.36, ,0.00, ,100.1, 
2010/8/15,03:00,0.0, ,191190, ,14.24, ,0.00, ,100.1, 
2010/8/15,04:00,0.0, ,191190, ,18.89, ,0.00, ,100.2, 
2010/8/15,05:00,0.0, ,191310, ,19.72, ,0.00, ,100.2, 
2010/8/15,06:00,0.0, ,191370, ,22.47, ,0.00, ,100.2, 
2010/8/15,07:00,0.0, ,191430, ,13.15, ,0.00, ,100.3, 
2010/8/15,08:00,0.0, ,191490, ,21.38, ,0.00, ,100.3, 
2010/8/15,09:00,0.0, ,191550, ,12.64, ,1.70, ,100.4, 
2010/8/15,10:00,0.0, ,191550, ,19.47, ,21.00, ,100.4, 
2010/8/15,11:00,0.0, ,191550, ,30.94, ,41.90, ,100.4, 
2010/8/15,12:00,0.0, ,191430, ,28.01, ,41.80, ,100.5, 
2010/8/15,13:00,0.0, ,191370, ,16.22, ,41.30, ,100.5, 
2010/8/15,14:00,0.0, ,191250, ,14.88, ,41.90, ,100.6, 
2010/8/15,15:00,0.0, ,191130, ,15.59, ,58.50, ,100.6, 
2010/8/15,16:00,0.0, ,190950, ,18.75, ,58.20, ,100.6, 
2010/8/15,17:00,0.0, ,190840, ,17.17, ,48.90, ,100.6, 
2010/8/15,18:00,0.0, ,190840, ,15.48, ,23.90, ,100.6, 
2010/8/15,19:00,0.3, ,190780, ,6.96, ,20.90, ,100.6, 
2010/8/15,20:00,0.0, ,190780, ,20.04, ,21.00, ,100.7, 
2010/8/15,21:00,0.0, ,190780, ,10.77, ,0.00, ,100.7, 
2010/8/15,22:00,0.0, ,190780, ,0.00, ,0.00, ,100.8, 
2010/8/15,23:00,0.0, ,190840, ,4.38, ,0.00, ,100.8, 
2010/8/15,24:00,0.0, ,190840, ,12.03, ,0.00, ,100.0, 
2010/8/16,01:00,0.0, ,190900, ,6.57, ,0.00, ,100.0, 
2010/8/16,02:00,0.0, ,190900, ,9.85, ,0.00, ,100.1, 
2010/8/16,03:00,0.0, ,190950, ,8.21, ,0.00, ,100.1, 
2010/8/16,04:00,0.0, ,190950, ,8.21, ,0.00, ,100.2, 
2010/8/16,05:00,0.0, ,191010, ,7.66, ,0.00, ,100.2, 
2010/8/16,06:00,0.0, ,191010, ,8.78, ,1.30, ,100.2, 
2010/8/16,07:00,0.0, ,191010, ,14.31, ,29.40, ,100.3, 
2010/8/16,08:00,0.0, ,190900, ,26.84, ,58.40, ,100.3, 
2010/8/16,09:00,0.0, ,190720, ,12.00, ,58.40, ,100.3, 
2010/8/16,10:00,0.0, ,190540, ,17.51, ,58.50, ,100.2, 
2010/8/16,11:00,0.0, ,190420, ,15.35, ,58.30, ,100.2, 
2010/8/16,12:00,0.0, ,190250, ,15.96, ,58.50, ,100.1, 
2010/8/16,13:00,0.0, ,190190, ,17.55, ,23.70, ,100.1, 
2010/8/16,14:00,0.0, ,190070, ,12.85, ,58.30, ,100.1, 
2010/8/16,15:00,0.0, ,189890, ,15.57, ,58.90, ,100.0, 
2010/8/16,16:00,0.7, ,189770, ,17.99, ,58.40, ,100.0, 
2010/8/16,17:00,8.1, ,189720, ,16.80, ,32.10, ,100.0, 
2010/8/16,18:00,1.2, ,189720, ,29.14, ,38.90, ,100.1, 
2010/8/16,19:00,0.0, ,189660, ,23.83, ,38.90, ,100.1, 
2010/8/16,20:00,0.0, ,189600, ,23.81, ,26.20, ,100.1, 
2010/8/16,21:00,0.0, ,189600, ,17.69, ,25.00, ,100.1, 
2010/8/16,22:00,0.0, ,189600, ,25.11, ,24.80, ,100.1, 
2010/8/16,23:00,0.0, ,189600, ,25.13, ,25.10, ,100.2, 
2010/8/16,24:00,0.0, ,189600, ,25.13, ,25.40, ,100.0, 
2010/8/17,01:00,0.0, ,189600, ,12.94, ,0.00, ,100.0, 
2010/8/17,02:00,0.0, ,189660, ,10.63, ,0.00, ,100.1, 
2010/8/17,03:00,0.0, ,189720, ,12.54, ,0.00, ,100.1, 
2010/8/17,04:00,0.0, ,189770, ,11.17, ,0.00, ,100.2, 
2010/8/17,05:00,0.0, ,189770, ,14.72, ,0.00, ,100.2, 
2010/8/17,06:00,0.0, ,189830, ,5.75, ,1.20, ,100.2, 
2010/8/17,07:00,0.0, ,189830, ,20.80, ,20.70, ,100.3, 
2010/8/17,08:00,0.0, ,189770, ,21.35, ,32.30, ,100.3, 
2010/8/17,09:00,0.0, ,189600, ,13.75, ,58.40, ,100.4, 
2010/8/17,10:00,0.0, ,189480, ,16.94, ,58.40, ,100.3, 
2010/8/17,11:00,0.0, ,189360, ,22.72, ,58.50, ,100.3, 
2010/8/17,12:00,0.0, ,189250, ,23.57, ,58.90, ,100.3, 
2010/8/17,13:00,0.0, ,189190, ,17.46, ,20.90, ,100.3, 
2010/8/17,14:00,0.0, ,189070, ,21.11, ,58.70, ,100.2, 
2010/8/17,15:00,0.0, ,188950, ,24.19, ,58.80, ,100.2, 
2010/8/17,16:00,0.0, ,188830, ,22.81, ,58.50, ,100.2, 
2010/8/17,17:00,0.0, ,188770, ,16.55, ,33.40, ,100.2, 
2010/8/17,18:00,0.0, ,188660, ,19.17, ,58.70, ,100.2, 
2010/8/17,19:00,0.0, ,188480, ,22.85, ,58.90, ,100.1, 
2010/8/17,20:00,0.0, ,188480, ,18.97, ,23.70, ,100.1, 
2010/8/17,21:00,0.0, ,188420, ,9.64, ,23.60, ,100.1, 
2010/8/17,22:00,0.0, ,188420, ,21.62, ,23.40, ,100.2, 
2010/8/17,23:00,0.0, ,188420, ,23.79, ,23.70, ,100.2, 
2010/8/17,24:00,0.0, ,188360, ,11.56, ,23.80, ,100.0, 
2010/8/18,01:00,0.0, ,188360, ,18.46, ,20.70, ,100.0, 
2010/8/18,02:00,0.0, ,188300, ,18.27, ,21.00, ,100.0, 
2010/8/18,03:00,0.0, ,188300, ,0.94, ,0.00, ,100.1, 
2010/8/18,04:00,0.0, ,188360, ,1.09, ,0.00, ,100.2, 
2010/8/18,05:00,0.0, ,188360, ,15.23, ,0.00, ,100.2, 
2010/8/18,06:00,0.0, ,188420, ,1.93, ,1.30, ,100.2, 
2010/8/18,07:00,0.0, ,188420, ,24.63, ,21.20, ,100.3, 
2010/8/18,08:00,0.0, ,188360, ,11.21, ,21.00, ,100.3, 
2010/8/18,09:00,0.0, ,188300, ,8.24, ,20.70, ,100.3, 
2010/8/18,10:00,0.0, ,188250, ,13.27, ,41.80, ,100.3, 
2010/8/18,11:00,0.0, ,188130, ,19.18, ,59.00, ,100.3, 
2010/8/18,12:00,0.0, ,187950, ,21.09, ,58.70, ,100.2, 
2010/8/18,13:00,0.0, ,187950, ,18.95, ,21.00, ,100.3, 
2010/8/18,14:00,0.0, ,187780, ,15.04, ,58.80, ,100.2, 
2010/8/18,15:00,0.0, ,187660, ,20.60, ,59.00, ,100.2, 
2010/8/18,16:00,0.0, ,187540, ,17.66, ,59.10, ,100.2, 
2010/8/18,17:00,0.2, ,187370, ,22.33, ,58.90, ,100.1, 
2010/8/18,18:00,0.0, ,187250, ,19.89, ,59.00, ,100.1, 
2010/8/18,19:00,0.0, ,187130, ,19.14, ,44.70, ,100.0, 
2010/8/18,20:00,0.0, ,187130, ,19.66, ,23.70, ,100.1, 
2010/8/18,21:00,0.0, ,187070, ,19.27, ,23.90, ,100.1, 
2010/8/18,22:00,0.0, ,187070, ,12.22, ,23.60, ,100.1, 
2010/8/18,23:00,0.0, ,187070, ,23.89, ,23.70, ,100.2, 
2010/8/18,24:00,0.0, ,187010, ,11.62, ,21.60, ,100.0, 
2010/8/19,01:00,0.0, ,187010, ,19.44, ,23.80, ,100.0, 
2010/8/19,02:00,0.0, ,186960, ,10.29, ,21.00, ,100.1, 
2010/8/19,03:00,0.0, ,186960, ,17.27, ,21.20, ,100.1, 
2010/8/19,04:00,0.0, ,186900, ,4.80, ,21.30, ,100.1, 
2010/8/19,05:00,0.0, ,186840, ,8.61, ,21.00, ,100.1, 
2010/8/19,06:00,0.0, ,186780, ,8.32, ,21.00, ,100.1, 
2010/8/19,07:00,0.0, ,186720, ,4.17, ,21.30, ,100.1, 
2010/8/19,08:00,0.0, ,186660, ,6.72, ,21.20, ,100.1, 
2010/8/19,09:00,0.0, ,186600, ,8.64, ,21.20, ,100.1, 
2010/8/19,10:00,0.0, ,186550, ,11.91, ,42.00, ,100.1, 
2010/8/19,11:00,0.0, ,186490, ,18.45, ,31.00, ,100.1, 
2010/8/19,12:00,0.0, ,186430, ,17.99, ,30.80, ,100.1, 
2010/8/19,13:00,0.0, ,186370, ,16.85, ,30.90, ,100.1, 
2010/8/19,14:00,0.0, ,186250, ,17.68, ,59.30, ,100.1, 
2010/8/19,15:00,0.0, ,186080, ,19.14, ,59.40, ,100.1, 
2010/8/19,16:00,0.0, ,185960, ,19.13, ,59.00, ,100.0, 
2010/8/19,17:00,0.0, ,185790, ,18.11, ,59.40, ,100.0, 
2010/8/19,18:00,0.0, ,185730, ,20.17, ,32.30, ,100.0, 
2010/8/19,19:00,0.0, ,185730, ,11.88, ,21.30, ,100.0, 
2010/8/19,20:00,0.0, ,185730, ,21.12, ,21.40, ,100.0, 
2010/8/19,21:00,0.0, ,185670, ,16.01, ,20.90, ,100.0, 
2010/8/19,22:00,0.0, ,185670, ,10.64, ,24.10, ,100.1, 
2010/8/19,23:00,0.0, ,185670, ,23.76, ,24.20, ,100.1, 
2010/8/19,24:00,0.0, ,185610, ,12.82, ,21.20, ,100.0, 
2010/8/20,01:00,0.0, ,185550, ,22.63, ,49.40, ,100.0, 
2010/8/20,02:00,0.0, ,185440, ,19.39, ,41.00, ,100.0, 
2010/8/20,03:00,0.0, ,185380, ,8.25, ,21.40, ,100.0, 
2010/8/20,04:00,0.0, ,185320, ,8.74, ,21.00, ,100.0, 
2010/8/20,05:00,0.0, ,185260, ,4.55, ,21.00, ,100.0, 
2010/8/20,06:00,0.0, ,185200, ,7.67, ,21.10, ,100.0, 
2010/8/20,07:00,0.0, ,185150, ,7.70, ,24.10, ,100.0, 
2010/8/20,08:00,0.0, ,185090, ,5.83, ,24.10, ,100.0, 
2010/8/20,09:00,0.0, ,185030, ,8.85, ,21.10, ,100.0, 
2010/8/20,10:00,0.0, ,184910, ,13.14, ,49.30, ,100.0, 
2010/8/20,11:00,0.0, ,184800, ,15.60, ,59.10, ,100.0, 
2010/8/20,12:00,0.0, ,184620, ,21.61, ,59.20, ,99.9, 
2010/8/20,13:00,0.0, ,184620, ,14.08, ,21.20, ,99.9, 
2010/8/20,14:00,0.0, ,184450, ,17.45, ,59.40, ,99.9, 
2010/8/20,15:00,0.0, ,184330, ,20.10, ,59.60, ,99.8, 
2010/8/20,16:00,0.0, ,184160, ,18.27, ,59.60, ,99.8, 
2010/8/20,17:00,0.0, ,184040, ,18.04, ,59.50, ,99.7, 
2010/8/20,18:00,0.4, ,183870, ,19.12, ,59.30, ,99.7, 
2010/8/20,19:00,0.3, ,183750, ,16.75, ,54.10, ,99.7, 
2010/8/20,20:00,0.7, ,183630, ,17.30, ,53.90, ,99.6, 
2010/8/20,21:00,0.0, ,183630, ,24.97, ,21.30, ,99.7, 
2010/8/20,22:00,0.0, ,183580, ,9.97, ,21.00, ,99.7, 
2010/8/20,23:00,0.0, ,183580, ,17.01, ,22.90, ,99.7, 
2010/8/20,24:00,0.0, ,183520, ,12.17, ,22.40, ,99.7, 
2010/8/21,01:00,0.0, ,183520, ,17.50, ,23.90, ,99.8, 
2010/8/21,02:00,0.0, ,183460, ,18.10, ,21.20, ,99.8, 
2010/8/21,03:00,0.0, ,183400, ,6.76, ,21.00, ,99.8, 
2010/8/21,04:00,0.0, ,183400, ,1.10, ,0.00, ,99.8, 
2010/8/21,05:00,0.0, ,183400, ,0.00, ,0.00, ,99.9, 
2010/8/21,06:00,0.0, ,183400, ,0.02, ,0.90, ,99.9, 
2010/8/21,07:00,0.0, ,183400, ,14.05, ,28.30, ,99.9, 
2010/8/21,08:00,0.0, ,183340, ,17.07, ,28.10, ,99.9, 
2010/8/21,09:00,0.0, ,183230, ,7.20, ,41.00, ,99.9, 
2010/8/21,10:00,0.0, ,183050, ,12.11, ,49.60, ,99.8, 
2010/8/21,11:00,0.0, ,182940, ,15.05, ,60.00, ,99.8, 
2010/8/21,12:00,0.0, ,182770, ,19.77, ,59.80, ,99.8, 
2010/8/21,13:00,0.0, ,182650, ,19.00, ,59.50, ,99.7, 
2010/8/21,14:00,0.0, ,182480, ,12.63, ,59.80, ,99.7, 
2010/8/21,15:00,0.0, ,182360, ,19.34, ,59.90, ,99.6, 
2010/8/21,16:00,0.1, ,182190, ,18.05, ,59.90, ,99.6, 
2010/8/21,17:00,3.0, ,182020, ,20.79, ,59.90, ,99.5, 
2010/8/21,18:00,0.0, ,181900, ,19.99, ,54.00, ,99.5, 
2010/8/21,19:00,0.0, ,181780, ,16.59, ,49.90, ,99.4, 
2010/8/21,20:00,0.0, ,181730, ,16.39, ,31.40, ,99.4, 
2010/8/21,21:00,0.0, ,181670, ,16.66, ,31.00, ,99.5, 
2010/8/21,22:00,0.0, ,181610, ,14.05, ,31.30, ,99.5, 
2010/8/21,23:00,0.0, ,181550, ,19.68, ,25.00, ,99.5, 
2010/8/21,24:00,0.0, ,181550, ,9.39, ,23.10, ,99.5, 
2010/8/22,01:00,0.0, ,181500, ,19.64, ,24.40, ,99.5, 
2010/8/22,02:00,0.0, ,181500, ,10.49, ,18.60, ,99.6, 
2010/8/22,03:00,0.0, ,181440, ,5.52, ,21.30, ,99.6, 
2010/8/22,04:00,0.0, ,181380, ,9.31, ,21.00, ,99.6, 
2010/8/22,05:00,0.0, ,181320, ,4.92, ,21.60, ,99.6, 
2010/8/22,06:00,0.0, ,181270, ,6.70, ,21.20, ,99.6, 
2010/8/22,07:00,0.0, ,181210, ,6.17, ,21.40, ,99.6, 
2010/8/22,08:00,0.0, ,181150, ,4.86, ,21.50, ,99.6, 
2010/8/22,09:00,0.0, ,181090, ,6.49, ,21.40, ,99.6, 
2010/8/22,10:00,0.0, ,180980, ,8.73, ,45.30, ,99.6, 
2010/8/22,11:00,0.0, ,180810, ,14.71, ,52.60, ,99.5, 
2010/8/22,12:00,0.0, ,180690, ,16.08, ,59.80, ,99.5, 
2010/8/22,13:00,0.0, ,180520, ,18.80, ,59.70, ,99.4, 
2010/8/22,14:00,0.0, ,180350, ,16.71, ,59.80, ,99.3, 
2010/8/22,15:00,0.0, ,180230, ,17.56, ,60.20, ,99.3, 
2010/8/22,16:00,0.0, ,180060, ,14.47, ,59.70, ,99.2, 
2010/8/22,17:00,0.0, ,179890, ,17.92, ,59.80, ,99.2, 
2010/8/22,18:00,3.7, ,179780, ,20.33, ,60.00, ,99.2, 
2010/8/22,19:00,2.6, ,179600, ,15.59, ,60.30, ,99.1, 
2010/8/22,20:00,0.0, ,179430, ,17.48, ,60.10, ,99.0, 
2010/8/22,21:00,0.0, ,179260, ,17.00, ,59.90, ,99.0, 
2010/8/22,22:00,0.0, ,179200, ,18.22, ,43.10, ,99.0, 
2010/8/22,23:00,0.0, ,179150, ,21.29, ,21.50, ,99.0, 
2010/8/22,24:00,0.0, ,179150, ,6.13, ,21.30, ,99.0, 
2010/8/23,01:00,0.0, ,179090, ,20.39, ,21.50, ,99.0, 
2010/8/23,02:00,0.0, ,179090, ,6.67, ,21.50, ,99.1, 
2010/8/23,03:00,0.0, ,178980, ,8.32, ,21.30, ,99.0, 
2010/8/23,04:00,0.0, ,178980, ,5.10, ,21.50, ,99.1, 
2010/8/23,05:00,0.0, ,178860, ,6.75, ,21.60, ,99.0, 
2010/8/23,06:00,0.0, ,178860, ,6.40, ,21.60, ,99.1, 
2010/8/23,07:00,0.0, ,178750, ,5.40, ,21.60, ,99.1, 
2010/8/23,08:00,0.0, ,178690, ,7.50, ,21.90, ,99.1, 
2010/8/23,09:00,0.1, ,178580, ,4.89, ,38.50, ,99.0, 
2010/8/23,10:00,0.0, ,178410, ,12.65, ,60.20, ,99.0, 
2010/8/23,11:00,0.0, ,178290, ,15.44, ,60.40, ,98.9, 
2010/8/23,12:00,0.0, ,178120, ,19.21, ,60.40, ,98.9, 
2010/8/23,13:00,0.0, ,177950, ,17.42, ,60.40, ,98.8, 
2010/8/23,14:00,0.0, ,177840, ,16.40, ,60.30, ,98.8, 
2010/8/23,15:00,0.0, ,177670, ,13.61, ,60.30, ,98.7, 
2010/8/23,16:00,0.0, ,177500, ,16.34, ,60.30, ,98.6, 
2010/8/23,17:00,0.0, ,177330, ,12.10, ,60.40, ,98.6, 
2010/8/23,18:00,0.0, ,177160, ,16.80, ,60.30, ,98.5, 
2010/8/23,19:00,0.0, ,176990, ,15.88, ,60.60, ,98.5, 
2010/8/23,20:00,0.0, ,176820, ,15.43, ,54.50, ,98.4, 
2010/8/23,21:00,0.0, ,176700, ,12.88, ,60.80, ,98.4, 
2010/8/23,22:00,0.0, ,176650, ,13.21, ,21.80, ,98.4, 
2010/8/23,23:00,0.0, ,176590, ,13.73, ,28.60, ,98.4, 
2010/8/23,24:00,0.0, ,176530, ,8.11, ,22.80, ,98.4, 
2010/8/24,01:00,0.0, ,176480, ,12.07, ,24.50, ,98.4, 
2010/8/24,02:00,0.0, ,176420, ,11.63, ,24.50, ,98.4, 
2010/8/24,03:00,0.0, ,176360, ,7.29, ,24.50, ,98.4, 
2010/8/24,04:00,0.0, ,176310, ,8.62, ,24.50, ,98.4, 
2010/8/24,05:00,0.0, ,176250, ,6.00, ,24.30, ,98.4, 
2010/8/24,06:00,0.0, ,176140, ,4.97, ,24.40, ,98.4, 
2010/8/24,07:00,0.0, ,176080, ,7.92, ,24.60, ,98.4, 
2010/8/24,08:00,0.0, ,176020, ,6.42, ,21.90, ,98.4, 
2010/8/24,09:00,0.0, ,175910, ,6.43, ,36.20, ,98.4, 
2010/8/24,10:00,0.0, ,175740, ,10.63, ,60.60, ,98.3, 
2010/8/24,11:00,0.0, ,175570, ,18.81, ,60.90, ,98.2, 
2010/8/24,12:00,0.0, ,175460, ,14.02, ,60.40, ,98.2, 
2010/8/24,13:00,0.0, ,175290, ,17.33, ,60.80, ,98.1, 
2010/8/24,14:00,0.0, ,175120, ,13.54, ,60.70, ,98.1, 
2010/8/24,15:00,0.0, ,174950, ,14.58, ,60.80, ,98.0, 
2010/8/24,16:00,0.0, ,174780, ,12.19, ,60.70, ,97.9, 
2010/8/24,17:00,0.0, ,174610, ,16.95, ,60.60, ,97.9, 
2010/8/24,18:00,0.0, ,174440, ,16.34, ,61.00, ,97.8, 
2010/8/24,19:00,0.0, ,174330, ,18.02, ,39.30, ,97.8, 
2010/8/24,20:00,0.0, ,174270, ,13.08, ,39.20, ,97.8, 
2010/8/24,21:00,0.0, ,174220, ,15.19, ,30.10, ,97.8, 
2010/8/24,22:00,0.0, ,174160, ,10.99, ,21.90, ,97.8, 
2010/8/24,23:00,0.1, ,174110, ,11.77, ,21.60, ,97.8, 
2010/8/24,24:00,0.0, ,174050, ,8.96, ,21.70, ,97.8, 
2010/8/25,01:00,0.0, ,173990, ,5.39, ,21.60, ,97.8, 
2010/8/25,02:00,0.0, ,173940, ,5.41, ,21.40, ,97.8, 
2010/8/25,03:00,0.0, ,173880, ,4.79, ,21.90, ,97.8, 
2010/8/25,04:00,0.0, ,173830, ,5.08, ,21.40, ,97.8, 
2010/8/25,05:00,0.0, ,173770, ,6.40, ,21.80, ,97.8, 
2010/8/25,06:00,0.0, ,173660, ,3.90, ,21.70, ,97.8, 
2010/8/25,07:00,0.0, ,173600, ,5.65, ,21.50, ,97.8, 
2010/8/25,08:00,0.0, ,173490, ,5.30, ,40.50, ,97.8, 
2010/8/25,09:00,0.0, ,173260, ,6.36, ,61.00, ,97.7, 
2010/8/25,10:00,0.0, ,173150, ,10.78, ,60.80, ,97.7, 
2010/8/25,11:00,0.0, ,172980, ,16.47, ,61.10, ,97.6, 
2010/8/25,12:00,0.0, ,172820, ,15.97, ,60.90, ,97.5, 
2010/8/25,13:00,0.0, ,172760, ,12.42, ,21.70, ,97.5, 
2010/8/25,14:00,0.0, ,172590, ,13.42, ,60.90, ,97.5, 
2010/8/25,15:00,0.0, ,172420, ,15.44, ,61.30, ,97.4, 
2010/8/25,16:00,0.0, ,172260, ,11.19, ,61.10, ,97.3, 
2010/8/25,17:00,0.0, ,172090, ,15.66, ,61.10, ,97.3, 
2010/8/25,18:00,0.0, ,171920, ,14.92, ,61.20, ,97.2, 
2010/8/25,19:00,0.0, ,171750, ,15.26, ,61.10, ,97.1, 
2010/8/25,20:00,0.0, ,171590, ,13.54, ,61.30, ,97.1, 
2010/8/25,21:00,0.0, ,171480, ,13.19, ,40.50, ,97.1, 
2010/8/25,22:00,0.0, ,171420, ,10.20, ,24.70, ,97.1, 
2010/8/25,23:00,0.0, ,171360, ,11.37, ,25.00, ,97.1, 
2010/8/25,24:00,0.0, ,171310, ,7.60, ,24.70, ,97.1, 
2010/8/26,01:00,0.0, ,171250, ,7.60, ,24.60, ,97.1, 
2010/8/26,02:00,0.0, ,171140, ,5.75, ,24.50, ,97.0, 
2010/8/26,03:00,0.0, ,171090, ,5.83, ,21.80, ,97.1, 
2010/8/26,04:00,0.0, ,170970, ,4.94, ,41.10, ,97.0, 
2010/8/26,05:00,0.0, ,170810, ,7.83, ,41.10, ,97.0, 
2010/8/26,06:00,0.0, ,170700, ,7.02, ,40.90, ,96.9, 
2010/8/26,07:00,0.0, ,170530, ,7.32, ,58.50, ,96.9, 
2010/8/26,08:00,0.0, ,170360, ,6.11, ,40.90, ,96.8, 
2010/8/26,09:00,0.0, ,170200, ,4.88, ,61.70, ,96.7, 
2010/8/26,10:00,0.0, ,169970, ,13.48, ,61.60, ,96.6, 
2010/8/26,11:00,0.0, ,169860, ,13.53, ,61.40, ,96.6, 
2010/8/26,12:00,0.0, ,169700, ,17.66, ,61.40, ,96.5, 
2010/8/26,13:00,0.0, ,169640, ,12.20, ,22.20, ,96.5, 
2010/8/26,14:00,1.0, ,169480, ,13.76, ,61.50, ,96.5, 
2010/8/26,15:00,0.0, ,169310, ,15.94, ,61.60, ,96.4, 
2010/8/26,16:00,0.0, ,169140, ,10.62, ,61.60, ,96.3, 
2010/8/26,17:00,0.0, ,168980, ,14.25, ,61.50, ,96.3, 
2010/8/26,18:00,0.4, ,168760, ,13.00, ,61.60, ,96.2, 
2010/8/26,19:00,0.0, ,168590, ,13.34, ,61.90, ,96.1, 
2010/8/26,20:00,0.0, ,168420, ,13.14, ,61.70, ,96.0, 
2010/8/26,21:00,0.0, ,168260, ,12.93, ,61.80, ,96.0, 
2010/8/26,22:00,0.0, ,168090, ,12.11, ,55.70, ,95.9, 
2010/8/26,23:00,0.0, ,168040, ,12.73, ,32.20, ,95.9, 
2010/8/26,24:00,0.0, ,167930, ,6.85, ,32.30, ,95.9, 
2010/8/27,01:00,0.0, ,167870, ,9.01, ,24.60, ,95.9, 
2010/8/27,02:00,0.0, ,167760, ,3.72, ,25.20, ,95.9, 
2010/8/27,03:00,0.0, ,167710, ,6.64, ,25.40, ,95.9, 
2010/8/27,04:00,0.1, ,167600, ,5.99, ,25.10, ,95.9, 
2010/8/27,05:00,0.0, ,167540, ,6.65, ,25.20, ,95.9, 
2010/8/27,06:00,0.0, ,167430, ,4.84, ,32.30, ,95.8, 
2010/8/27,07:00,0.0, ,167320, ,3.91, ,32.40, ,95.8, 
2010/8/27,08:00,0.0, ,167210, ,5.61, ,35.50, ,95.8, 
2010/8/27,09:00,0.0, ,167050, ,4.41, ,61.80, ,95.7, 
2010/8/27,10:00,0.0, ,166880, ,11.39, ,62.10, ,95.6, 
2010/8/27,11:00,0.0, ,166720, ,14.49, ,61.90, ,95.6, 
2010/8/27,12:00,0.0, ,166550, ,16.08, ,62.20, ,95.5, 
2010/8/27,13:00,0.0, ,166500, ,11.89, ,22.20, ,95.5, 
2010/8/27,14:00,0.0, ,166330, ,13.30, ,62.10, ,95.4, 
2010/8/27,15:00,0.0, ,166120, ,10.64, ,62.20, ,95.3, 
2010/8/27,16:00,0.0, ,165950, ,11.19, ,62.00, ,95.3, 
2010/8/27,17:00,0.0, ,165790, ,14.81, ,62.30, ,95.2, 
2010/8/27,18:00,0.0, ,165620, ,13.05, ,62.40, ,95.1, 
2010/8/27,19:00,0.0, ,165410, ,13.62, ,62.20, ,95.1, 
2010/8/27,20:00,0.0, ,165240, ,13.71, ,62.10, ,95.0, 
2010/8/27,21:00,0.0, ,165080, ,11.96, ,62.40, ,94.9, 
2010/8/27,22:00,0.0, ,164860, ,12.75, ,61.90, ,94.8, 
2010/8/27,23:00,0.0, ,164750, ,8.60, ,43.20, ,94.8, 
2010/8/27,24:00,0.0, ,164640, ,6.94, ,26.40, ,94.8, 
2010/8/28,01:00,0.2, ,164590, ,4.30, ,24.90, ,94.8, 
2010/8/28,02:00,0.0, ,164530, ,7.23, ,24.90, ,94.8, 
2010/8/28,03:00,0.1, ,164370, ,3.50, ,49.10, ,94.7, 
2010/8/28,04:00,0.5, ,164260, ,6.31, ,25.30, ,94.7, 
2010/8/28,05:00,0.1, ,164210, ,6.08, ,25.40, ,94.7, 
2010/8/28,06:00,0.3, ,164100, ,6.62, ,34.50, ,94.7, 
2010/8/28,07:00,0.3, ,163880, ,4.74, ,62.10, ,94.6, 
2010/8/28,08:00,0.0, ,163660, ,8.95, ,62.80, ,94.4, 
2010/8/28,09:00,0.0, ,163500, ,5.43, ,62.30, ,94.4, 
2010/8/28,10:00,0.3, ,163290, ,8.08, ,62.40, ,94.3, 
2010/8/28,11:00,1.2, ,163120, ,15.41, ,62.30, ,94.2, 
2010/8/28,12:00,1.0, ,162960, ,14.74, ,62.60, ,94.2, 
2010/8/28,13:00,0.6, ,162910, ,13.67, ,22.00, ,94.2, 
2010/8/28,14:00,0.7, ,162740, ,16.18, ,62.40, ,94.1, 
2010/8/28,15:00,0.0, ,162580, ,13.72, ,62.30, ,94.0, 
2010/8/28,16:00,0.0, ,162420, ,10.92, ,62.30, ,94.0, 
2010/8/28,17:00,0.8, ,162200, ,16.45, ,62.60, ,93.9, 
2010/8/28,18:00,1.9, ,162100, ,15.26, ,63.00, ,93.8, 
2010/8/28,19:00,0.9, ,161880, ,10.58, ,62.50, ,93.7, 
2010/8/28,20:00,0.1, ,161720, ,13.35, ,61.50, ,93.7, 
2010/8/28,21:00,0.3, ,161500, ,10.33, ,61.30, ,93.6, 
2010/8/28,22:00,0.3, ,161340, ,15.75, ,61.00, ,93.5, 
2010/8/28,23:00,0.1, ,161290, ,12.78, ,25.00, ,93.5, 
2010/8/28,24:00,0.1, ,161180, ,7.52, ,23.00, ,93.5, 
2010/8/29,01:00,0.2, ,161180, ,7.27, ,22.50, ,93.5, 
2010/8/29,02:00,0.3, ,161070, ,5.76, ,22.20, ,93.5, 
2010/8/29,03:00,0.2, ,160970, ,6.00, ,37.60, ,93.5, 
2010/8/29,04:00,0.5, ,160810, ,5.19, ,52.50, ,93.4, 
2010/8/29,05:00,0.0, ,160650, ,7.01, ,52.20, ,93.3, 
2010/8/29,06:00,0.2, ,160480, ,7.79, ,52.70, ,93.3, 
2010/8/29,07:00,0.3, ,160380, ,6.01, ,22.70, ,93.2, 
2010/8/29,08:00,0.0, ,160320, ,4.05, ,22.50, ,93.2, 
2010/8/29,09:00,0.3, ,160220, ,4.42, ,22.50, ,93.2, 
2010/8/29,10:00,0.1, ,160110, ,7.64, ,51.30, ,93.2, 
2010/8/29,11:00,0.5, ,159950, ,15.06, ,61.20, ,93.1, 
2010/8/29,12:00,1.1, ,159790, ,18.38, ,61.30, ,93.1, 
2010/8/29,13:00,0.8, ,159630, ,14.01, ,62.50, ,93.0, 
2010/8/29,14:00,1.5, ,159470, ,16.99, ,62.10, ,92.9, 
2010/8/29,15:00,0.4, ,159250, ,12.37, ,62.30, ,92.8, 
2010/8/29,16:00,1.6, ,159090, ,19.10, ,62.50, ,92.8, 
2010/8/29,17:00,0.3, ,158980, ,17.41, ,62.40, ,92.7, 
2010/8/29,18:00,0.4, ,158770, ,14.48, ,62.50, ,92.6, 
2010/8/29,19:00,0.3, ,158610, ,15.78, ,62.80, ,92.6, 
2010/8/29,20:00,0.6, ,158450, ,16.91, ,61.80, ,92.5, 
2010/8/29,21:00,0.2, ,158290, ,19.69, ,62.30, ,92.4, 
2010/8/29,22:00,0.3, ,158130, ,14.66, ,62.20, ,92.4, 
2010/8/29,23:00,0.3, ,158020, ,12.60, ,37.70, ,92.3, 
2010/8/29,24:00,0.4, ,157970, ,16.05, ,31.50, ,92.3, 
2010/8/30,01:00,1.9, ,157920, ,9.30, ,22.80, ,92.3, 
2010/8/30,02:00,0.9, ,157860, ,12.05, ,22.80, ,92.3, 
2010/8/30,03:00,1.9, ,157810, ,11.54, ,22.70, ,92.4, 
2010/8/30,04:00,0.3, ,157700, ,8.92, ,45.10, ,92.3, 
2010/8/30,05:00,0.0, ,157540, ,10.28, ,45.30, ,92.3, 
2010/8/30,06:00,0.5, ,157440, ,5.60, ,45.20, ,92.2, 
2010/8/30,07:00,0.4, ,157390, ,7.63, ,24.50, ,92.2, 
2010/8/30,08:00,0.3, ,157280, ,4.11, ,25.70, ,92.2, 
2010/8/30,09:00,0.7, ,157120, ,6.92, ,54.50, ,92.1, 
2010/8/30,10:00,1.0, ,156960, ,12.19, ,60.80, ,92.1, 
2010/8/30,11:00,0.2, ,156800, ,23.30, ,61.80, ,92.0, 
2010/8/30,12:00,0.0, ,156640, ,16.81, ,62.30, ,91.9, 
2010/8/30,13:00,0.9, ,156480, ,16.38, ,62.30, ,91.9, 
2010/8/30,14:00,1.4, ,156320, ,16.42, ,62.40, ,91.8, 
2010/8/30,15:00,0.6, ,156160, ,19.19, ,62.30, ,91.7, 
2010/8/30,16:00,4.0, ,156010, ,16.53, ,62.20, ,91.7, 
2010/8/30,17:00,12.4, ,155850, ,19.99, ,61.20, ,91.6, 
2010/8/30,18:00,0.8, ,155690, ,21.49, ,61.20, ,91.6, 
2010/8/30,19:00,0.0, ,155580, ,21.27, ,61.50, ,91.5, 
2010/8/30,20:00,0.0, ,155420, ,22.62, ,62.20, ,91.5, 
2010/8/30,21:00,0.0, ,155270, ,20.49, ,61.90, ,91.4, 
2010/8/30,22:00,0.0, ,155160, ,21.26, ,60.60, ,91.4, 
2010/8/30,23:00,0.0, ,155110, ,20.54, ,22.30, ,91.4, 
2010/8/30,24:00,0.0, ,155110, ,18.12, ,23.10, ,91.4, 
2010/8/31,01:00,0.0, ,155060, ,21.77, ,23.00, ,91.4, 
2010/8/31,02:00,0.0, ,155060, ,9.11, ,22.60, ,91.4, 
2010/8/31,03:00,0.0, ,155000, ,12.06, ,22.90, ,91.3, 
2010/8/31,04:00,0.0, ,154950, ,11.06, ,22.70, ,91.3, 
2010/8/31,05:00,0.0, ,154900, ,7.20, ,22.60, ,91.3, 
2010/8/31,06:00,0.0, ,154790, ,10.59, ,45.70, ,91.2, 
2010/8/31,07:00,0.0, ,154690, ,10.89, ,22.90, ,91.1, 
2010/8/31,08:00,0.0, ,154630, ,6.53, ,32.00, ,91.1, 
2010/8/31,09:00,0.0, ,154480, ,10.82, ,60.70, ,91.0, 
2010/8/31,10:00,0.0, ,154270, ,11.49, ,60.80, ,90.8, 
2010/8/31,11:00,0.0, ,154110, ,14.25, ,61.10, ,90.7, 
2010/8/31,12:00,0.0, ,153950, ,16.27, ,62.60, ,90.6, 
2010/8/31,13:00,0.0, ,153800, ,16.49, ,62.90, ,90.5, 
2010/8/31,14:00,0.0, ,153640, ,16.25, ,62.70, ,90.4, 
2010/8/31,15:00,0.0, ,153430, ,17.49, ,62.70, ,90.3, 
2010/8/31,16:00,0.0, ,153270, ,16.11, ,63.40, ,90.2, 
2010/8/31,17:00,0.0, ,153120, ,16.43, ,62.40, ,90.1, 
2010/8/31,18:00,0.0, ,152960, ,16.53, ,62.70, ,90.0, 
2010/8/31,19:00,0.0, ,152800, ,17.21, ,62.40, ,89.8, 
2010/8/31,20:00,0.0, ,152650, ,16.99, ,62.50, ,89.7, 
2010/8/31,21:00,0.0, ,152440, ,15.53, ,61.20, ,89.6, 
2010/8/31,22:00,0.0, ,152280, ,16.33, ,58.30, ,89.5, 
2010/8/31,23:00,0.0, ,152280, ,13.90, ,23.20, ,89.5, 
2010/8/31,24:00,0.0, ,152230, ,10.38, ,22.60, ,89.5, 
