îCà”ä˙ä‘É_ÉÄèîó åüçıåãâ 
êÖånñº,ãgñÏêÏ
âÕêÏñº,ãgñÏêÏ
äœë™èäñº,ëÅñæâYÉ_ÉÄÅiã@ç\Åj
äœë™èäãLçÜ,1368080700010
#
#îNåéì˙,éûçè,ó¨àÊïΩãœâJó ,ó¨àÊïΩãœâJó ëÆê´,íôêÖó ,íôêÖó ëÆê´,ó¨ì¸ó ,ó¨ì¸ó ëÆê´,ï˙ó¨ó ,ï˙ó¨ó ëÆê´,íôêÖó¶,íôêÖó¶ëÆê´
#ëÆê´Å@$:åáë™ -:ñ¢éÛêM
#
2015/8/1,01:00,0.0, ,183870, ,9.15, ,0.00, ,100.0, 
2015/8/1,02:00,0.0, ,183920, ,7.26, ,0.00, ,100.0, 
2015/8/1,03:00,0.0, ,183920, ,8.87, ,0.00, ,100.0, 
2015/8/1,04:00,0.0, ,183980, ,11.56, ,0.00, ,100.0, 
2015/8/1,05:00,0.0, ,184040, ,9.68, ,0.00, ,100.0, 
2015/8/1,06:00,0.0, ,184100, ,11.56, ,0.00, ,100.0, 
2015/8/1,07:00,0.0, ,184100, ,15.60, ,0.00, ,100.0, 
2015/8/1,08:00,0.0, ,184100, ,9.09, ,18.30, ,100.0, 
2015/8/1,09:00,0.0, ,184040, ,17.95, ,18.30, ,100.0, 
2015/8/1,10:00,0.0, ,184040, ,2.36, ,18.20, ,100.0, 
2015/8/1,11:00,0.0, ,183980, ,21.85, ,35.20, ,100.0, 
2015/8/1,12:00,0.0, ,183920, ,14.90, ,27.30, ,100.0, 
2015/8/1,13:00,0.0, ,183920, ,10.00, ,0.00, ,100.0, 
2015/8/1,14:00,0.0, ,183980, ,7.53, ,0.00, ,100.0, 
2015/8/1,15:00,1.4, ,184040, ,18.01, ,0.60, ,100.0, 
2015/8/1,16:00,5.5, ,184040, ,16.53, ,19.70, ,100.0, 
2015/8/1,17:00,0.0, ,184040, ,30.88, ,42.10, ,100.0, 
2015/8/1,18:00,0.0, ,183920, ,24.64, ,44.90, ,100.0, 
2015/8/1,19:00,0.0, ,183870, ,19.06, ,42.20, ,100.0, 
2015/8/1,20:00,0.0, ,183750, ,17.49, ,42.20, ,99.9, 
2015/8/1,21:00,0.0, ,183690, ,22.01, ,32.20, ,99.9, 
2015/8/1,22:00,0.0, ,183690, ,14.49, ,0.00, ,99.9, 
2015/8/1,23:00,0.0, ,183750, ,1.08, ,0.00, ,99.9, 
2015/8/1,24:00,0.0, ,183810, ,19.88, ,0.00, ,100.0, 
2015/8/2,01:00,0.0, ,183870, ,12.36, ,0.00, ,100.0, 
2015/8/2,02:00,0.0, ,183870, ,15.05, ,0.00, ,100.0, 
2015/8/2,03:00,0.0, ,183920, ,4.84, ,0.00, ,100.0, 
2015/8/2,04:00,0.0, ,183920, ,11.29, ,0.00, ,100.0, 
2015/8/2,05:00,0.0, ,183980, ,15.32, ,0.00, ,100.0, 
2015/8/2,06:00,0.0, ,184040, ,3.50, ,0.80, ,100.0, 
2015/8/2,07:00,0.0, ,184040, ,22.57, ,18.20, ,100.0, 
2015/8/2,08:00,0.0, ,183980, ,14.17, ,25.20, ,100.0, 
2015/8/2,09:00,0.0, ,183920, ,8.05, ,26.60, ,100.0, 
2015/8/2,10:00,0.0, ,183870, ,8.32, ,26.80, ,100.0, 
2015/8/2,11:00,0.0, ,183750, ,18.34, ,40.80, ,100.0, 
2015/8/2,12:00,0.0, ,183690, ,14.64, ,40.80, ,99.9, 
2015/8/2,13:00,0.0, ,183580, ,20.07, ,43.50, ,99.9, 
2015/8/2,14:00,0.0, ,183520, ,14.22, ,40.90, ,99.8, 
2015/8/2,15:00,0.3, ,183400, ,20.20, ,40.90, ,99.8, 
2015/8/2,16:00,0.0, ,183400, ,12.64, ,22.60, ,99.8, 
2015/8/2,17:00,0.0, ,183340, ,9.15, ,25.40, ,99.7, 
2015/8/2,18:00,0.0, ,183290, ,21.52, ,36.90, ,99.7, 
2015/8/2,19:00,0.0, ,183110, ,19.68, ,59.20, ,99.6, 
2015/8/2,20:00,0.0, ,183000, ,19.09, ,45.30, ,99.5, 
2015/8/2,21:00,0.0, ,182940, ,20.00, ,25.30, ,99.5, 
2015/8/2,22:00,0.0, ,183000, ,2.24, ,0.00, ,99.5, 
2015/8/2,23:00,0.0, ,183050, ,15.79, ,0.00, ,99.6, 
2015/8/2,24:00,0.0, ,183050, ,15.79, ,0.00, ,99.6, 
2015/8/3,01:00,0.0, ,183170, ,15.53, ,0.00, ,99.6, 
2015/8/3,02:00,0.0, ,183170, ,16.60, ,0.00, ,99.6, 
2015/8/3,03:00,0.0, ,183230, ,13.69, ,0.00, ,99.7, 
2015/8/3,04:00,0.0, ,183290, ,9.39, ,0.00, ,99.7, 
2015/8/3,05:00,0.0, ,183340, ,11.54, ,0.00, ,99.7, 
2015/8/3,06:00,0.0, ,183340, ,13.69, ,0.00, ,99.7, 
2015/8/3,07:00,0.0, ,183400, ,6.44, ,0.00, ,99.8, 
2015/8/3,08:00,0.0, ,183400, ,9.67, ,0.00, ,99.8, 
2015/8/3,09:00,0.0, ,183460, ,6.71, ,0.80, ,99.8, 
2015/8/3,10:00,0.0, ,183460, ,18.52, ,18.10, ,99.8, 
2015/8/3,11:00,0.0, ,183460, ,18.22, ,18.30, ,99.8, 
2015/8/3,12:00,0.0, ,183460, ,18.23, ,18.20, ,99.8, 
2015/8/3,13:00,0.0, ,183460, ,18.24, ,18.40, ,99.8, 
2015/8/3,14:00,0.0, ,183400, ,5.94, ,18.30, ,99.8, 
2015/8/3,15:00,0.0, ,183400, ,14.56, ,18.30, ,99.8, 
2015/8/3,16:00,6.8, ,183400, ,18.32, ,18.30, ,99.8, 
2015/8/3,17:00,0.5, ,183400, ,24.55, ,33.70, ,99.8, 
2015/8/3,18:00,0.0, ,183290, ,26.61, ,59.00, ,99.7, 
2015/8/3,19:00,0.0, ,183110, ,21.18, ,58.80, ,99.6, 
2015/8/3,20:00,0.0, ,183000, ,15.07, ,53.60, ,99.5, 
2015/8/3,21:00,0.0, ,182940, ,20.47, ,29.50, ,99.5, 
2015/8/3,22:00,0.0, ,182880, ,6.34, ,21.10, ,99.5, 
2015/8/3,23:00,0.0, ,182880, ,9.25, ,0.00, ,99.5, 
2015/8/3,24:00,0.0, ,182940, ,12.31, ,0.00, ,99.5, 
2015/8/4,01:00,0.0, ,183000, ,12.58, ,0.00, ,99.5, 
2015/8/4,02:00,0.0, ,183050, ,9.10, ,0.00, ,99.6, 
2015/8/4,03:00,0.0, ,183050, ,14.19, ,0.00, ,99.6, 
2015/8/4,04:00,0.0, ,183110, ,9.91, ,0.00, ,99.6, 
2015/8/4,05:00,0.0, ,183110, ,6.16, ,0.00, ,99.6, 
2015/8/4,06:00,0.0, ,183170, ,14.20, ,1.20, ,99.6, 
2015/8/4,07:00,0.0, ,183170, ,11.08, ,18.50, ,99.6, 
2015/8/4,08:00,0.0, ,183110, ,16.74, ,18.30, ,99.6, 
2015/8/4,09:00,0.0, ,183110, ,3.88, ,18.50, ,99.6, 
2015/8/4,10:00,0.0, ,183000, ,8.56, ,28.20, ,99.5, 
2015/8/4,11:00,0.0, ,182940, ,10.94, ,39.50, ,99.5, 
2015/8/4,12:00,0.0, ,182880, ,19.65, ,39.90, ,99.5, 
2015/8/4,13:00,0.0, ,182820, ,17.30, ,28.30, ,99.4, 
2015/8/4,14:00,0.0, ,182770, ,16.16, ,28.70, ,99.4, 
2015/8/4,15:00,0.0, ,182710, ,10.06, ,29.60, ,99.4, 
2015/8/4,16:00,0.0, ,182650, ,18.75, ,36.10, ,99.3, 
2015/8/4,17:00,0.0, ,182480, ,12.13, ,59.40, ,99.2, 
2015/8/4,18:00,0.0, ,182360, ,18.58, ,59.00, ,99.2, 
2015/8/4,19:00,0.0, ,182190, ,15.71, ,59.50, ,99.1, 
2015/8/4,20:00,0.0, ,182020, ,19.49, ,59.70, ,99.0, 
2015/8/4,21:00,0.0, ,181900, ,13.87, ,46.30, ,98.9, 
2015/8/4,22:00,0.0, ,181900, ,16.01, ,21.10, ,98.9, 
2015/8/4,23:00,0.0, ,181840, ,11.01, ,18.40, ,98.9, 
2015/8/4,24:00,0.0, ,181840, ,11.47, ,19.00, ,98.9, 
2015/8/5,01:00,0.0, ,181780, ,17.89, ,21.20, ,98.8, 
2015/8/5,02:00,0.0, ,181730, ,7.11, ,24.30, ,98.8, 
2015/8/5,03:00,0.0, ,181730, ,9.11, ,23.80, ,98.8, 
2015/8/5,04:00,0.0, ,181610, ,7.53, ,24.60, ,98.7, 
2015/8/5,05:00,0.0, ,181550, ,7.54, ,24.00, ,98.7, 
2015/8/5,06:00,0.0, ,181500, ,7.52, ,24.20, ,98.7, 
2015/8/5,07:00,0.0, ,181440, ,7.00, ,23.80, ,98.6, 
2015/8/5,08:00,0.0, ,181380, ,7.40, ,24.00, ,98.6, 
2015/8/5,09:00,0.0, ,181320, ,6.33, ,23.90, ,98.6, 
2015/8/5,10:00,0.0, ,181270, ,9.44, ,24.20, ,98.5, 
2015/8/5,11:00,0.0, ,181210, ,13.42, ,24.50, ,98.5, 
2015/8/5,12:00,0.0, ,181210, ,11.56, ,24.00, ,98.5, 
2015/8/5,13:00,0.0, ,181150, ,11.57, ,24.40, ,98.5, 
2015/8/5,14:00,0.0, ,181090, ,15.85, ,34.20, ,98.4, 
2015/8/5,15:00,0.0, ,180920, ,12.50, ,59.90, ,98.3, 
2015/8/5,16:00,0.0, ,180750, ,17.16, ,59.30, ,98.2, 
2015/8/5,17:00,0.0, ,180640, ,16.42, ,59.70, ,98.2, 
2015/8/5,18:00,0.0, ,180460, ,17.24, ,59.80, ,98.1, 
2015/8/5,19:00,0.0, ,180290, ,12.04, ,59.70, ,98.0, 
2015/8/5,20:00,0.0, ,180120, ,19.22, ,60.00, ,97.9, 
2015/8/5,21:00,0.0, ,180000, ,15.41, ,59.90, ,97.8, 
2015/8/5,22:00,0.0, ,179830, ,17.27, ,47.50, ,97.7, 
2015/8/5,23:00,0.0, ,179830, ,7.82, ,21.70, ,97.7, 
2015/8/5,24:00,0.0, ,179830, ,20.18, ,18.30, ,97.7, 
2015/8/6,01:00,0.0, ,179780, ,10.64, ,24.40, ,97.7, 
2015/8/6,02:00,0.0, ,179720, ,8.14, ,24.00, ,97.6, 
2015/8/6,03:00,0.0, ,179660, ,8.26, ,24.00, ,97.6, 
2015/8/6,04:00,0.0, ,179600, ,8.14, ,23.90, ,97.6, 
2015/8/6,05:00,0.0, ,179550, ,6.63, ,23.90, ,97.5, 
2015/8/6,06:00,0.0, ,179490, ,9.85, ,23.80, ,97.5, 
2015/8/6,07:00,0.0, ,179380, ,7.46, ,26.90, ,97.4, 
2015/8/6,08:00,0.0, ,179320, ,6.41, ,23.90, ,97.4, 
2015/8/6,09:00,0.0, ,179260, ,6.52, ,24.10, ,97.4, 
2015/8/6,10:00,0.0, ,179200, ,5.83, ,24.40, ,97.3, 
2015/8/6,11:00,0.0, ,179090, ,17.15, ,45.80, ,97.3, 
2015/8/6,12:00,0.0, ,178980, ,14.82, ,55.60, ,97.2, 
2015/8/6,13:00,0.0, ,178860, ,10.40, ,31.70, ,97.1, 
2015/8/6,14:00,0.0, ,178750, ,11.22, ,45.80, ,97.1, 
2015/8/6,15:00,0.0, ,178580, ,22.55, ,60.10, ,97.0, 
2015/8/6,16:00,0.0, ,178460, ,15.25, ,60.10, ,96.9, 
2015/8/6,17:00,0.0, ,178240, ,13.46, ,59.80, ,96.8, 
2015/8/6,18:00,0.0, ,178120, ,15.48, ,59.60, ,96.7, 
2015/8/6,19:00,0.0, ,178010, ,17.20, ,44.50, ,96.6, 
2015/8/6,20:00,0.0, ,177950, ,17.18, ,38.40, ,96.6, 
2015/8/6,21:00,0.0, ,177890, ,8.59, ,18.80, ,96.6, 
2015/8/6,22:00,0.0, ,177890, ,16.48, ,19.00, ,96.6, 
2015/8/6,23:00,0.0, ,177840, ,14.60, ,18.40, ,96.5, 
2015/8/6,24:00,0.0, ,177840, ,6.70, ,18.30, ,96.5, 
2015/8/7,01:00,0.0, ,177780, ,14.77, ,24.10, ,96.5, 
2015/8/7,02:00,0.0, ,177720, ,7.07, ,24.00, ,96.5, 
2015/8/7,03:00,0.0, ,177670, ,9.03, ,23.90, ,96.5, 
2015/8/7,04:00,0.0, ,177610, ,6.67, ,24.30, ,96.4, 
2015/8/7,05:00,0.0, ,177550, ,10.89, ,24.30, ,96.4, 
2015/8/7,06:00,0.0, ,177500, ,6.66, ,24.30, ,96.4, 
2015/8/7,07:00,0.0, ,177380, ,9.07, ,27.30, ,96.3, 
2015/8/7,08:00,0.0, ,177330, ,5.13, ,24.10, ,96.3, 
2015/8/7,09:00,0.0, ,177210, ,5.13, ,24.30, ,96.2, 
2015/8/7,10:00,0.0, ,177210, ,6.95, ,24.70, ,96.2, 
2015/8/7,11:00,0.0, ,177100, ,13.54, ,33.20, ,96.1, 
2015/8/7,12:00,0.0, ,177100, ,12.12, ,24.70, ,96.1, 
2015/8/7,13:00,0.0, ,177040, ,10.93, ,27.30, ,96.1, 
2015/8/7,14:00,0.0, ,176930, ,18.27, ,53.20, ,96.0, 
2015/8/7,15:00,0.0, ,176760, ,13.61, ,60.00, ,95.9, 
2015/8/7,16:00,0.0, ,176590, ,13.72, ,60.50, ,95.8, 
2015/8/7,17:00,0.0, ,176420, ,14.43, ,60.10, ,95.7, 
2015/8/7,18:00,0.0, ,176250, ,12.30, ,60.10, ,95.6, 
2015/8/7,19:00,0.0, ,176080, ,15.81, ,60.40, ,95.5, 
2015/8/7,20:00,0.0, ,175910, ,23.19, ,56.40, ,95.4, 
2015/8/7,21:00,0.0, ,175910, ,13.58, ,31.70, ,95.4, 
2015/8/7,22:00,0.0, ,175850, ,12.31, ,24.50, ,95.4, 
2015/8/7,23:00,0.0, ,175800, ,14.44, ,24.50, ,95.4, 
2015/8/7,24:00,0.0, ,175740, ,13.38, ,24.30, ,95.3, 
2015/8/8,01:00,0.0, ,175740, ,11.12, ,18.80, ,95.3, 
2015/8/8,02:00,0.0, ,175680, ,9.25, ,18.60, ,95.3, 
2015/8/8,03:00,0.0, ,175630, ,7.94, ,18.40, ,95.3, 
2015/8/8,04:00,0.0, ,175630, ,7.43, ,18.40, ,95.3, 
2015/8/8,05:00,0.0, ,175570, ,2.97, ,19.10, ,95.2, 
2015/8/8,06:00,0.0, ,175510, ,7.95, ,18.60, ,95.2, 
2015/8/8,07:00,0.0, ,175460, ,5.33, ,18.60, ,95.2, 
2015/8/8,08:00,0.0, ,175400, ,2.33, ,18.50, ,95.1, 
2015/8/8,09:00,0.0, ,175350, ,5.85, ,18.50, ,95.1, 
2015/8/8,10:00,0.0, ,175290, ,2.46, ,18.50, ,95.1, 
2015/8/8,11:00,0.0, ,175290, ,14.76, ,19.10, ,95.1, 
2015/8/8,12:00,0.0, ,175230, ,16.35, ,19.30, ,95.0, 
2015/8/8,13:00,0.0, ,175180, ,9.36, ,28.60, ,95.0, 
2015/8/8,14:00,0.0, ,175060, ,12.37, ,53.80, ,94.9, 
2015/8/8,15:00,0.0, ,174840, ,13.57, ,60.50, ,94.8, 
2015/8/8,16:00,7.1, ,174780, ,11.00, ,60.60, ,94.8, 
2015/8/8,17:00,8.2, ,174610, ,38.18, ,60.60, ,94.7, 
2015/8/8,18:00,0.0, ,174500, ,17.60, ,60.60, ,94.6, 
2015/8/8,19:00,0.0, ,174330, ,21.56, ,60.50, ,94.5, 
2015/8/8,20:00,0.0, ,174220, ,20.28, ,49.10, ,94.5, 
2015/8/8,21:00,0.2, ,174160, ,15.39, ,24.60, ,94.4, 
2015/8/8,22:00,0.0, ,174160, ,16.43, ,18.80, ,94.4, 
2015/8/8,23:00,0.0, ,174160, ,19.85, ,21.80, ,94.4, 
2015/8/8,24:00,0.0, ,174160, ,20.46, ,18.70, ,94.4, 
2015/8/9,01:00,0.0, ,174160, ,18.74, ,18.90, ,94.4, 
2015/8/9,02:00,0.0, ,174110, ,3.62, ,19.00, ,94.4, 
2015/8/9,03:00,0.0, ,174050, ,15.89, ,19.40, ,94.4, 
2015/8/9,04:00,0.0, ,174050, ,0.49, ,0.00, ,94.4, 
2015/8/9,05:00,0.0, ,174050, ,0.00, ,0.00, ,94.4, 
2015/8/9,06:00,0.0, ,174110, ,14.57, ,0.20, ,94.4, 
2015/8/9,07:00,0.0, ,174110, ,10.36, ,18.70, ,94.4, 
2015/8/9,08:00,0.0, ,174050, ,9.60, ,19.00, ,94.4, 
2015/8/9,09:00,0.0, ,173990, ,5.97, ,18.70, ,94.3, 
2015/8/9,10:00,0.0, ,173940, ,8.51, ,18.60, ,94.3, 
2015/8/9,11:00,0.0, ,173940, ,3.79, ,18.90, ,94.3, 
2015/8/9,12:00,0.0, ,173940, ,18.74, ,18.70, ,94.3, 
2015/8/9,13:00,0.0, ,173880, ,15.62, ,31.70, ,94.3, 
2015/8/9,14:00,0.0, ,173710, ,15.83, ,56.40, ,94.2, 
2015/8/9,15:00,0.0, ,173540, ,13.53, ,60.40, ,94.1, 
2015/8/9,16:00,0.0, ,173380, ,14.53, ,60.40, ,94.0, 
2015/8/9,17:00,0.0, ,173260, ,13.81, ,60.70, ,93.9, 
2015/8/9,18:00,0.0, ,173100, ,15.12, ,60.70, ,93.8, 
2015/8/9,19:00,0.0, ,172930, ,16.96, ,60.60, ,93.7, 
2015/8/9,20:00,0.0, ,172760, ,15.30, ,60.50, ,93.6, 
2015/8/9,21:00,0.0, ,172590, ,15.80, ,60.70, ,93.5, 
2015/8/9,22:00,0.0, ,172480, ,16.17, ,49.90, ,93.5, 
2015/8/9,23:00,0.0, ,172420, ,12.02, ,21.50, ,93.4, 
2015/8/9,24:00,0.0, ,172370, ,14.88, ,21.60, ,93.4, 
2015/8/10,01:00,0.0, ,172370, ,8.15, ,21.60, ,93.4, 
2015/8/10,02:00,0.0, ,172310, ,8.10, ,18.70, ,93.4, 
2015/8/10,03:00,0.0, ,172260, ,10.19, ,18.70, ,93.3, 
2015/8/10,04:00,0.0, ,172200, ,6.28, ,18.90, ,93.3, 
2015/8/10,05:00,0.0, ,172200, ,5.60, ,18.60, ,93.3, 
2015/8/10,06:00,0.0, ,172140, ,4.96, ,18.60, ,93.3, 
2015/8/10,07:00,0.0, ,172090, ,3.01, ,18.90, ,93.2, 
2015/8/10,08:00,0.0, ,171980, ,3.95, ,18.60, ,93.2, 
2015/8/10,09:00,0.0, ,171920, ,2.58, ,18.60, ,93.1, 
2015/8/10,10:00,0.0, ,171920, ,6.22, ,22.70, ,93.1, 
2015/8/10,11:00,0.0, ,171750, ,9.77, ,47.70, ,93.0, 
2015/8/10,12:00,0.0, ,171590, ,14.36, ,60.90, ,92.9, 
2015/8/10,13:00,0.0, ,171420, ,15.59, ,60.80, ,92.8, 
2015/8/10,14:00,0.0, ,171250, ,14.86, ,61.10, ,92.7, 
2015/8/10,15:00,0.0, ,171090, ,13.90, ,60.80, ,92.6, 
2015/8/10,16:00,0.3, ,170920, ,14.24, ,60.80, ,92.5, 
2015/8/10,17:00,0.0, ,170810, ,15.71, ,60.70, ,92.5, 
2015/8/10,18:00,0.0, ,170640, ,16.24, ,61.00, ,92.4, 
2015/8/10,19:00,0.0, ,170470, ,14.83, ,60.80, ,92.3, 
2015/8/10,20:00,0.0, ,170310, ,14.83, ,61.00, ,92.2, 
2015/8/10,21:00,0.0, ,170140, ,14.74, ,49.40, ,92.1, 
2015/8/10,22:00,0.0, ,170090, ,12.88, ,22.00, ,92.1, 
2015/8/10,23:00,0.0, ,170030, ,11.27, ,21.80, ,92.0, 
2015/8/10,24:00,0.0, ,170030, ,12.05, ,21.70, ,92.0, 
2015/8/11,01:00,0.0, ,169970, ,13.87, ,26.10, ,92.0, 
2015/8/11,02:00,0.0, ,169920, ,7.67, ,23.10, ,92.0, 
2015/8/11,03:00,0.0, ,169860, ,7.44, ,23.20, ,91.9, 
2015/8/11,04:00,0.0, ,169750, ,5.99, ,23.10, ,91.9, 
2015/8/11,05:00,0.0, ,169700, ,8.02, ,23.40, ,91.8, 
2015/8/11,06:00,0.0, ,169640, ,5.88, ,23.20, ,91.8, 
2015/8/11,07:00,0.0, ,169590, ,5.74, ,23.20, ,91.8, 
2015/8/11,08:00,0.0, ,169480, ,5.50, ,23.50, ,91.7, 
2015/8/11,09:00,0.0, ,169420, ,5.25, ,23.20, ,91.7, 
2015/8/11,10:00,0.0, ,169360, ,6.27, ,24.30, ,91.6, 
2015/8/11,11:00,0.0, ,169250, ,10.83, ,49.40, ,91.6, 
2015/8/11,12:00,0.0, ,169090, ,13.96, ,61.00, ,91.5, 
2015/8/11,13:00,0.0, ,168920, ,13.49, ,61.10, ,91.4, 
2015/8/11,14:00,0.0, ,168760, ,16.07, ,61.20, ,91.3, 
2015/8/11,15:00,0.0, ,168590, ,13.33, ,61.10, ,91.2, 
2015/8/11,16:00,0.0, ,168370, ,13.86, ,61.10, ,91.1, 
2015/8/11,17:00,0.0, ,168260, ,14.90, ,61.10, ,91.0, 
2015/8/11,18:00,0.0, ,168040, ,14.26, ,61.40, ,90.9, 
2015/8/11,19:00,0.0, ,167870, ,14.20, ,61.60, ,90.8, 
2015/8/11,20:00,0.0, ,167710, ,12.44, ,61.30, ,90.7, 
2015/8/11,21:00,0.0, ,167540, ,13.44, ,61.20, ,90.6, 
2015/8/11,22:00,0.0, ,167380, ,13.95, ,61.30, ,90.5, 
2015/8/11,23:00,0.0, ,167210, ,12.48, ,48.30, ,90.4, 
2015/8/11,24:00,0.0, ,167160, ,13.72, ,21.90, ,90.4, 
2015/8/12,01:00,0.0, ,167100, ,8.03, ,30.70, ,90.3, 
2015/8/12,02:00,0.0, ,167050, ,10.73, ,27.80, ,90.3, 
2015/8/12,03:00,0.0, ,166990, ,8.99, ,27.80, ,90.3, 
2015/8/12,04:00,0.0, ,166880, ,6.05, ,27.70, ,90.2, 
2015/8/12,05:00,0.0, ,166830, ,10.00, ,27.80, ,90.2, 
2015/8/12,06:00,0.0, ,166720, ,6.66, ,27.80, ,90.1, 
2015/8/12,07:00,0.0, ,166610, ,5.04, ,27.90, ,90.1, 
2015/8/12,08:00,0.0, ,166550, ,1.26, ,27.90, ,90.0, 
2015/8/12,09:00,0.1, ,166440, ,9.04, ,27.70, ,90.0, 
2015/8/12,10:00,1.0, ,166390, ,3.58, ,27.90, ,89.9, 
2015/8/12,11:00,2.6, ,166330, ,12.14, ,27.80, ,89.9, 
2015/8/12,12:00,0.3, ,166230, ,12.26, ,44.20, ,89.8, 
2015/8/12,13:00,0.0, ,166060, ,10.48, ,51.50, ,89.7, 
2015/8/12,14:00,0.0, ,165900, ,14.75, ,61.60, ,89.6, 
2015/8/12,15:00,0.0, ,165790, ,22.05, ,61.60, ,89.6, 
2015/8/12,16:00,0.0, ,165570, ,13.23, ,61.60, ,89.5, 
2015/8/12,17:00,0.6, ,165410, ,17.83, ,61.80, ,89.4, 
2015/8/12,18:00,3.0, ,165240, ,13.23, ,61.90, ,89.3, 
2015/8/12,19:00,1.6, ,165080, ,18.35, ,61.80, ,89.2, 
2015/8/12,20:00,1.4, ,164910, ,13.78, ,61.70, ,89.1, 
2015/8/12,21:00,2.9, ,164810, ,22.41, ,48.90, ,89.0, 
2015/8/12,22:00,1.2, ,164750, ,18.70, ,22.00, ,89.0, 
2015/8/12,23:00,0.0, ,164750, ,13.00, ,22.00, ,89.0, 
2015/8/12,24:00,0.2, ,164700, ,14.94, ,21.90, ,89.0, 
2015/8/13,01:00,0.0, ,164640, ,14.72, ,31.00, ,88.9, 
2015/8/13,02:00,0.0, ,164590, ,10.36, ,28.20, ,88.9, 
2015/8/13,03:00,0.0, ,164480, ,8.37, ,28.00, ,88.8, 
2015/8/13,04:00,0.0, ,164420, ,10.52, ,28.00, ,88.8, 
2015/8/13,05:00,0.0, ,164370, ,8.78, ,27.90, ,88.8, 
2015/8/13,06:00,0.7, ,164320, ,9.00, ,28.10, ,88.7, 
2015/8/13,07:00,0.8, ,164210, ,5.79, ,27.90, ,88.7, 
2015/8/13,08:00,0.2, ,164150, ,6.67, ,28.10, ,88.6, 
2015/8/13,09:00,0.1, ,164040, ,4.12, ,27.90, ,88.6, 
2015/8/13,10:00,0.0, ,163990, ,8.17, ,27.90, ,88.5, 
2015/8/13,11:00,0.0, ,163940, ,9.89, ,28.00, ,88.5, 
2015/8/13,12:00,0.0, ,163880, ,14.90, ,28.10, ,88.5, 
2015/8/13,13:00,0.0, ,163830, ,14.89, ,28.20, ,88.5, 
2015/8/13,14:00,0.0, ,163720, ,12.58, ,38.30, ,88.4, 
2015/8/13,15:00,0.0, ,163560, ,14.35, ,62.00, ,88.3, 
2015/8/13,16:00,0.0, ,163390, ,15.34, ,61.80, ,88.2, 
2015/8/13,17:00,0.0, ,163230, ,15.09, ,61.90, ,88.1, 
2015/8/13,18:00,0.0, ,163070, ,13.88, ,61.10, ,88.0, 
2015/8/13,19:00,0.0, ,162960, ,15.38, ,36.90, ,87.9, 
2015/8/13,20:00,0.0, ,162850, ,12.59, ,39.90, ,87.9, 
2015/8/13,21:00,0.0, ,162800, ,11.45, ,36.00, ,87.9, 
2015/8/13,22:00,0.0, ,162740, ,14.41, ,26.40, ,87.8, 
2015/8/13,23:00,0.1, ,162690, ,11.90, ,26.70, ,87.8, 
2015/8/13,24:00,0.0, ,162640, ,12.14, ,26.60, ,87.8, 
2015/8/14,01:00,0.0, ,162580, ,13.09, ,31.20, ,87.7, 
2015/8/14,02:00,0.0, ,162470, ,13.00, ,28.10, ,87.7, 
2015/8/14,03:00,0.0, ,162420, ,4.83, ,28.00, ,87.6, 
2015/8/14,04:00,0.0, ,162370, ,8.53, ,28.10, ,87.6, 
2015/8/14,05:00,0.0, ,162260, ,5.25, ,28.20, ,87.5, 
2015/8/14,06:00,0.0, ,162150, ,7.45, ,28.20, ,87.5, 
2015/8/14,07:00,0.0, ,162100, ,3.95, ,28.20, ,87.5, 
2015/8/14,08:00,0.0, ,161990, ,6.59, ,28.10, ,87.4, 
2015/8/14,09:00,0.0, ,161880, ,6.63, ,39.90, ,87.3, 
2015/8/14,10:00,0.0, ,161720, ,6.91, ,40.20, ,87.2, 
2015/8/14,11:00,0.0, ,161670, ,6.92, ,40.50, ,87.2, 
2015/8/14,12:00,0.0, ,161500, ,17.08, ,62.20, ,87.1, 
2015/8/14,13:00,0.0, ,161290, ,14.75, ,62.30, ,87.0, 
2015/8/14,14:00,0.0, ,161130, ,12.58, ,62.50, ,86.9, 
2015/8/14,15:00,0.0, ,160970, ,15.38, ,62.40, ,86.8, 
2015/8/14,16:00,0.0, ,160810, ,13.46, ,62.70, ,86.7, 
2015/8/14,17:00,0.0, ,160590, ,12.67, ,62.40, ,86.6, 
2015/8/14,18:00,0.0, ,160430, ,13.15, ,62.60, ,86.5, 
2015/8/14,19:00,0.0, ,160270, ,15.23, ,62.60, ,86.4, 
2015/8/14,20:00,0.0, ,160050, ,13.74, ,62.60, ,86.3, 
2015/8/14,21:00,0.0, ,159890, ,12.07, ,62.30, ,86.2, 
2015/8/14,22:00,0.0, ,159790, ,13.59, ,47.70, ,86.1, 
2015/8/14,23:00,0.0, ,159730, ,14.40, ,31.40, ,86.1, 
2015/8/14,24:00,0.0, ,159630, ,9.24, ,31.30, ,86.0, 
2015/8/15,01:00,0.0, ,159570, ,13.24, ,31.20, ,86.0, 
2015/8/15,02:00,0.0, ,159520, ,10.83, ,28.40, ,86.0, 
2015/8/15,03:00,0.0, ,159410, ,7.23, ,28.20, ,86.0, 
2015/8/15,04:00,0.0, ,159360, ,7.84, ,28.40, ,86.0, 
2015/8/15,05:00,0.0, ,159250, ,6.96, ,28.50, ,86.0, 
2015/8/15,06:00,0.0, ,159200, ,7.21, ,28.40, ,86.0, 
2015/8/15,07:00,0.0, ,159090, ,3.37, ,28.40, ,85.9, 
2015/8/15,08:00,0.0, ,158980, ,2.02, ,28.60, ,85.9, 
2015/8/15,09:00,0.0, ,158880, ,4.51, ,37.20, ,85.9, 
2015/8/15,10:00,0.0, ,158770, ,5.52, ,37.70, ,85.9, 
2015/8/15,11:00,0.0, ,158560, ,10.67, ,61.30, ,85.8, 
2015/8/15,12:00,0.0, ,158400, ,11.54, ,61.30, ,85.7, 
2015/8/15,13:00,0.0, ,158240, ,13.95, ,62.90, ,85.7, 
2015/8/15,14:00,0.0, ,158080, ,14.19, ,63.10, ,85.6, 
2015/8/15,15:00,0.0, ,157860, ,11.32, ,62.80, ,85.5, 
2015/8/15,16:00,0.0, ,157700, ,14.07, ,63.10, ,85.4, 
2015/8/15,17:00,0.0, ,157540, ,14.00, ,61.30, ,85.4, 
2015/8/15,18:00,0.0, ,157330, ,12.50, ,62.80, ,85.3, 
2015/8/15,19:00,0.0, ,157170, ,13.36, ,62.80, ,85.2, 
2015/8/15,20:00,0.0, ,157010, ,13.63, ,61.50, ,85.2, 
2015/8/15,21:00,0.0, ,156800, ,11.71, ,62.90, ,85.1, 
2015/8/15,22:00,0.0, ,156690, ,13.30, ,40.60, ,85.1, 
2015/8/15,23:00,0.0, ,156640, ,11.78, ,28.40, ,85.1, 
2015/8/15,24:00,0.0, ,156590, ,11.95, ,28.60, ,85.1, 
2015/8/16,01:00,0.0, ,156540, ,12.61, ,28.60, ,85.1, 
2015/8/16,02:00,0.0, ,156430, ,6.68, ,28.60, ,85.0, 
2015/8/16,03:00,0.0, ,156380, ,7.86, ,28.60, ,85.0, 
2015/8/16,04:00,0.0, ,156270, ,5.78, ,28.60, ,85.0, 
2015/8/16,05:00,0.0, ,156220, ,7.85, ,28.60, ,85.0, 
2015/8/16,06:00,0.0, ,156110, ,3.92, ,31.80, ,85.0, 
2015/8/16,07:00,0.0, ,155950, ,7.04, ,45.20, ,84.9, 
2015/8/16,08:00,0.0, ,155790, ,5.21, ,45.30, ,84.9, 
2015/8/16,09:00,0.0, ,155690, ,3.27, ,45.10, ,84.8, 
2015/8/16,10:00,0.0, ,155530, ,6.20, ,45.00, ,84.8, 
2015/8/16,11:00,0.0, ,155370, ,9.64, ,48.80, ,84.7, 
2015/8/16,12:00,0.0, ,155270, ,10.13, ,45.20, ,84.7, 
2015/8/16,13:00,0.0, ,155110, ,12.22, ,61.90, ,84.6, 
2015/8/16,14:00,0.0, ,154900, ,14.75, ,63.20, ,84.5, 
2015/8/16,15:00,0.0, ,154740, ,12.21, ,63.20, ,84.5, 
2015/8/16,16:00,0.0, ,154580, ,12.96, ,62.00, ,84.4, 
2015/8/16,17:00,0.0, ,154370, ,13.97, ,63.10, ,84.3, 
2015/8/16,18:00,0.0, ,154210, ,13.77, ,63.20, ,84.3, 
2015/8/16,19:00,0.0, ,154060, ,13.32, ,63.00, ,84.2, 
2015/8/16,20:00,0.0, ,153850, ,11.65, ,63.10, ,84.1, 
2015/8/16,21:00,0.0, ,153690, ,12.42, ,63.00, ,84.1, 
2015/8/16,22:00,0.0, ,153530, ,11.13, ,48.70, ,84.0, 
2015/8/16,23:00,0.0, ,153480, ,14.77, ,31.90, ,84.0, 
2015/8/16,24:00,0.0, ,153430, ,6.88, ,18.20, ,84.0, 
2015/8/17,01:00,0.0, ,153380, ,12.45, ,27.20, ,84.0, 
2015/8/17,02:00,0.0, ,153270, ,8.89, ,27.10, ,84.0, 
2015/8/17,03:00,0.0, ,153220, ,6.14, ,27.30, ,84.0, 
2015/8/17,04:00,0.0, ,153170, ,9.38, ,27.30, ,84.0, 
2015/8/17,05:00,0.5, ,153060, ,6.83, ,27.30, ,84.0, 
2015/8/17,06:00,0.2, ,153010, ,10.41, ,27.30, ,84.0, 
2015/8/17,07:00,0.3, ,152910, ,7.16, ,30.20, ,83.9, 
2015/8/17,08:00,0.3, ,152800, ,5.46, ,47.00, ,83.9, 
2015/8/17,09:00,0.6, ,152540, ,5.64, ,62.00, ,83.8, 
2015/8/17,10:00,0.6, ,152380, ,9.51, ,62.20, ,83.7, 
2015/8/17,11:00,0.9, ,152230, ,13.85, ,63.00, ,83.7, 
2015/8/17,12:00,0.7, ,152020, ,13.41, ,63.20, ,83.6, 
2015/8/17,13:00,4.7, ,151860, ,13.54, ,63.10, ,83.5, 
2015/8/17,14:00,8.0, ,151760, ,23.65, ,63.10, ,83.5, 
2015/8/17,15:00,0.8, ,151660, ,34.68, ,63.10, ,83.5, 
2015/8/17,16:00,0.3, ,151500, ,20.22, ,53.00, ,83.4, 
2015/8/17,17:00,1.1, ,151450, ,22.25, ,26.70, ,83.4, 
2015/8/17,18:00,0.8, ,151450, ,3.59, ,0.00, ,83.5, 
2015/8/17,19:00,0.4, ,151550, ,17.30, ,0.00, ,83.5, 
2015/8/17,20:00,0.0, ,151600, ,17.06, ,0.00, ,83.6, 
2015/8/17,21:00,0.0, ,151660, ,14.91, ,0.50, ,83.7, 
2015/8/17,22:00,0.0, ,151660, ,17.54, ,18.30, ,83.7, 
2015/8/17,23:00,0.0, ,151660, ,19.47, ,21.10, ,83.7, 
2015/8/17,24:00,0.0, ,151660, ,20.13, ,18.20, ,83.8, 
2015/8/18,01:00,0.0, ,151600, ,8.44, ,18.30, ,83.8, 
2015/8/18,02:00,0.0, ,151600, ,13.68, ,18.30, ,83.8, 
2015/8/18,03:00,0.0, ,151550, ,6.06, ,18.40, ,83.8, 
2015/8/18,04:00,0.0, ,151500, ,10.34, ,18.30, ,83.8, 
2015/8/18,05:00,0.0, ,151450, ,6.96, ,21.50, ,83.8, 
2015/8/18,06:00,0.0, ,151350, ,9.02, ,44.80, ,83.8, 
2015/8/18,07:00,0.0, ,151290, ,6.90, ,18.30, ,83.8, 
2015/8/18,08:00,0.0, ,151240, ,4.19, ,21.50, ,83.8, 
2015/8/18,09:00,0.0, ,151140, ,7.14, ,21.20, ,83.8, 
2015/8/18,10:00,0.0, ,151090, ,7.81, ,33.60, ,83.8, 
2015/8/18,11:00,0.0, ,150930, ,10.49, ,51.60, ,83.7, 
2015/8/18,12:00,0.0, ,150780, ,17.17, ,50.90, ,83.7, 
2015/8/18,13:00,0.0, ,150720, ,9.02, ,18.40, ,83.7, 
2015/8/18,14:00,0.0, ,150720, ,13.77, ,21.40, ,83.7, 
2015/8/18,15:00,0.0, ,150670, ,8.11, ,24.10, ,83.7, 
2015/8/18,16:00,0.9, ,150520, ,12.77, ,47.30, ,83.6, 
2015/8/18,17:00,0.6, ,150360, ,15.04, ,62.50, ,83.6, 
2015/8/18,18:00,6.6, ,150210, ,16.98, ,62.40, ,83.5, 
2015/8/18,19:00,2.3, ,150050, ,15.33, ,62.50, ,83.5, 
2015/8/18,20:00,0.2, ,149840, ,14.88, ,63.20, ,83.4, 
2015/8/18,21:00,0.0, ,149690, ,12.39, ,63.20, ,83.3, 
2015/8/18,22:00,0.0, ,149480, ,13.68, ,63.30, ,83.2, 
2015/8/18,23:00,0.0, ,149330, ,13.48, ,63.10, ,83.2, 
2015/8/18,24:00,0.0, ,149230, ,15.33, ,45.90, ,83.1, 
2015/8/19,01:00,0.0, ,149170, ,11.40, ,27.50, ,83.1, 
2015/8/19,02:00,0.1, ,149070, ,9.31, ,24.30, ,83.1, 
2015/8/19,03:00,6.8, ,149020, ,7.60, ,24.40, ,83.1, 
2015/8/19,04:00,9.9, ,148970, ,13.01, ,24.30, ,83.1, 
2015/8/19,05:00,3.6, ,148970, ,9.53, ,18.30, ,83.1, 
2015/8/19,06:00,3.8, ,148970, ,18.30, ,18.30, ,83.2, 
2015/8/19,07:00,7.0, ,148970, ,18.27, ,18.30, ,83.2, 
2015/8/19,08:00,4.8, ,149020, ,26.13, ,18.30, ,83.3, 
2015/8/19,09:00,4.0, ,149170, ,50.26, ,18.20, ,83.4, 
2015/8/19,10:00,0.3, ,149330, ,56.54, ,18.30, ,83.5, 
2015/8/19,11:00,0.2, ,149480, ,58.70, ,18.30, ,83.7, 
2015/8/19,12:00,0.1, ,149690, ,57.94, ,0.00, ,83.8, 
2015/8/19,13:00,0.0, ,149840, ,50.44, ,0.00, ,83.9, 
2015/8/19,14:00,5.2, ,150000, ,46.64, ,0.00, ,84.1, 
2015/8/19,15:00,7.9, ,150150, ,44.52, ,0.00, ,84.2, 
2015/8/19,16:00,0.7, ,150310, ,47.65, ,0.00, ,84.3, 
2015/8/19,17:00,0.3, ,150570, ,53.84, ,0.00, ,84.5, 
2015/8/19,18:00,0.1, ,150780, ,58.40, ,0.00, ,84.7, 
2015/8/19,19:00,0.0, ,150930, ,55.10, ,0.00, ,84.8, 
2015/8/19,20:00,0.0, ,151090, ,49.39, ,0.00, ,84.9, 
2015/8/19,21:00,0.6, ,151290, ,45.58, ,0.00, ,85.1, 
2015/8/19,22:00,0.0, ,151400, ,41.77, ,1.40, ,85.2, 
2015/8/19,23:00,0.1, ,151450, ,35.83, ,18.50, ,85.3, 
2015/8/19,24:00,0.0, ,151500, ,32.94, ,18.50, ,85.3, 
2015/8/20,01:00,0.0, ,151550, ,33.71, ,21.00, ,85.4, 
2015/8/20,02:00,0.0, ,151550, ,23.68, ,21.10, ,85.4, 
2015/8/20,03:00,0.0, ,151660, ,26.35, ,0.00, ,85.5, 
2015/8/20,04:00,0.0, ,151710, ,20.20, ,0.00, ,85.6, 
2015/8/20,05:00,0.0, ,151760, ,16.11, ,0.00, ,85.7, 
2015/8/20,06:00,0.0, ,151860, ,20.93, ,0.00, ,85.8, 
2015/8/20,07:00,0.0, ,151920, ,20.21, ,0.00, ,85.8, 
2015/8/20,08:00,0.0, ,151970, ,16.37, ,0.00, ,85.9, 
2015/8/20,09:00,0.0, ,152020, ,14.21, ,0.00, ,86.0, 
2015/8/20,10:00,0.0, ,152070, ,16.38, ,1.90, ,86.0, 
2015/8/20,11:00,0.0, ,152070, ,17.32, ,25.90, ,86.1, 
2015/8/20,12:00,0.0, ,152070, ,28.03, ,30.30, ,86.1, 
2015/8/20,13:00,0.0, ,152070, ,25.89, ,21.20, ,86.1, 
2015/8/20,14:00,0.2, ,152070, ,25.82, ,30.50, ,86.2, 
2015/8/20,15:00,0.3, ,152070, ,24.42, ,18.20, ,86.2, 
2015/8/20,16:00,0.0, ,152070, ,18.20, ,18.20, ,86.2, 
2015/8/20,17:00,0.0, ,152070, ,18.20, ,18.10, ,86.3, 
2015/8/20,18:00,0.0, ,152070, ,19.67, ,21.20, ,86.3, 
2015/8/20,19:00,0.0, ,152070, ,19.76, ,18.20, ,86.4, 
2015/8/20,20:00,0.0, ,152070, ,9.17, ,0.00, ,86.4, 
2015/8/20,21:00,0.0, ,152180, ,12.77, ,0.00, ,86.5, 
2015/8/20,22:00,0.0, ,152230, ,20.96, ,0.50, ,86.6, 
2015/8/20,23:00,0.1, ,152230, ,18.77, ,18.30, ,86.6, 
2015/8/20,24:00,0.0, ,152230, ,18.24, ,18.30, ,86.6, 
2015/8/21,01:00,0.0, ,152230, ,18.26, ,18.60, ,86.7, 
2015/8/21,02:00,0.0, ,152230, ,18.27, ,18.00, ,86.7, 
2015/8/21,03:00,0.0, ,152230, ,18.23, ,18.60, ,86.7, 
2015/8/21,04:00,0.0, ,152230, ,18.25, ,18.30, ,86.8, 
2015/8/21,05:00,0.0, ,152180, ,10.53, ,18.30, ,86.8, 
2015/8/21,06:00,0.0, ,152180, ,11.49, ,18.80, ,86.8, 
2015/8/21,07:00,0.0, ,152180, ,9.21, ,0.00, ,86.8, 
2015/8/21,08:00,0.0, ,152180, ,0.00, ,0.00, ,86.9, 
2015/8/21,09:00,0.0, ,152230, ,4.10, ,1.80, ,87.0, 
2015/8/21,10:00,0.0, ,152230, ,24.08, ,27.30, ,87.0, 
2015/8/21,11:00,0.0, ,152180, ,25.84, ,30.40, ,87.0, 
2015/8/21,12:00,0.0, ,152120, ,13.72, ,30.40, ,87.0, 
2015/8/21,13:00,0.0, ,152120, ,16.11, ,21.20, ,87.0, 
2015/8/21,14:00,0.0, ,152070, ,17.08, ,30.40, ,87.0, 
2015/8/21,15:00,0.0, ,152020, ,12.59, ,30.50, ,87.0, 
2015/8/21,16:00,0.0, ,151920, ,20.10, ,45.40, ,87.0, 
2015/8/21,17:00,0.0, ,151810, ,19.46, ,53.10, ,87.0, 
2015/8/21,18:00,0.0, ,151660, ,16.14, ,53.20, ,86.9, 
2015/8/21,19:00,0.0, ,151600, ,19.79, ,44.10, ,86.9, 
2015/8/21,20:00,0.0, ,151500, ,16.94, ,30.20, ,86.9, 
2015/8/21,21:00,0.0, ,151500, ,11.38, ,18.20, ,86.9, 
2015/8/21,22:00,0.0, ,151500, ,18.20, ,18.10, ,87.0, 
2015/8/21,23:00,0.0, ,151450, ,13.40, ,21.30, ,87.0, 
2015/8/21,24:00,0.0, ,151450, ,11.69, ,18.30, ,87.0, 
2015/8/22,01:00,0.0, ,151450, ,18.31, ,18.00, ,87.1, 
2015/8/22,02:00,0.0, ,151400, ,5.27, ,18.30, ,87.1, 
2015/8/22,03:00,0.0, ,151350, ,15.38, ,18.30, ,87.1, 
2015/8/22,04:00,0.0, ,151350, ,5.30, ,18.40, ,87.1, 
2015/8/22,05:00,0.1, ,151290, ,8.68, ,18.30, ,87.1, 
2015/8/22,06:00,0.0, ,151240, ,8.23, ,18.30, ,87.1, 
2015/8/22,07:00,0.0, ,151190, ,8.92, ,18.30, ,87.1, 
2015/8/22,08:00,0.1, ,151140, ,3.82, ,18.30, ,87.1, 
2015/8/22,09:00,0.0, ,151140, ,5.33, ,21.30, ,87.2, 
2015/8/22,10:00,0.0, ,151090, ,12.67, ,18.20, ,87.2, 
2015/8/22,11:00,0.0, ,151090, ,11.28, ,18.20, ,87.2, 
2015/8/22,12:00,0.0, ,151090, ,18.21, ,18.30, ,87.2, 
2015/8/22,13:00,0.0, ,151030, ,16.83, ,20.80, ,87.2, 
2015/8/22,14:00,0.0, ,150930, ,11.90, ,45.80, ,87.2, 
2015/8/22,15:00,0.0, ,150780, ,16.09, ,62.30, ,87.1, 
2015/8/22,16:00,0.0, ,150620, ,16.32, ,62.30, ,87.1, 
2015/8/22,17:00,0.0, ,150470, ,15.50, ,63.00, ,87.0, 
2015/8/22,18:00,0.0, ,150260, ,15.47, ,63.20, ,86.9, 
2015/8/22,19:00,0.0, ,150100, ,14.40, ,63.00, ,86.9, 
2015/8/22,20:00,0.0, ,150000, ,19.24, ,46.90, ,86.8, 
2015/8/22,21:00,0.0, ,149950, ,12.58, ,21.30, ,86.9, 
2015/8/22,22:00,0.0, ,149950, ,11.78, ,18.30, ,86.9, 
2015/8/22,23:00,0.0, ,149900, ,11.14, ,18.20, ,86.9, 
2015/8/22,24:00,0.0, ,149900, ,11.13, ,18.20, ,86.9, 
2015/8/23,01:00,0.0, ,149900, ,18.26, ,18.30, ,87.0, 
2015/8/23,02:00,0.0, ,149840, ,3.98, ,18.40, ,87.0, 
2015/8/23,03:00,0.0, ,149790, ,10.25, ,18.40, ,87.0, 
2015/8/23,04:00,0.0, ,149740, ,8.29, ,18.40, ,87.0, 
2015/8/23,05:00,0.0, ,149690, ,6.43, ,18.30, ,87.0, 
2015/8/23,06:00,0.0, ,149640, ,5.76, ,30.60, ,87.0, 
2015/8/23,07:00,0.0, ,149530, ,9.53, ,30.60, ,87.0, 
2015/8/23,08:00,0.0, ,149480, ,6.28, ,30.50, ,87.0, 
2015/8/23,09:00,0.0, ,149380, ,5.49, ,30.60, ,86.9, 
2015/8/23,10:00,0.0, ,149330, ,11.69, ,33.40, ,86.9, 
2015/8/23,11:00,0.0, ,149170, ,13.72, ,59.70, ,86.9, 
2015/8/23,12:00,0.0, ,149020, ,16.64, ,49.60, ,86.8, 
2015/8/23,13:00,0.0, ,148970, ,11.90, ,21.40, ,86.8, 
2015/8/23,14:00,0.0, ,148920, ,15.94, ,21.60, ,86.8, 
2015/8/23,15:00,0.0, ,148860, ,11.45, ,33.30, ,86.8, 
2015/8/23,16:00,0.0, ,148710, ,13.27, ,58.40, ,86.8, 
2015/8/23,17:00,0.0, ,148560, ,15.30, ,58.20, ,86.7, 
2015/8/23,18:00,0.0, ,148400, ,13.90, ,61.30, ,86.7, 
2015/8/23,19:00,0.0, ,148200, ,16.08, ,63.20, ,86.6, 
2015/8/23,20:00,0.0, ,148090, ,14.21, ,42.80, ,86.5, 
2015/8/23,21:00,0.0, ,148090, ,12.41, ,18.50, ,86.6, 
2015/8/23,22:00,0.0, ,148040, ,13.47, ,18.20, ,86.6, 
2015/8/23,23:00,0.0, ,148040, ,9.14, ,18.70, ,86.6, 
2015/8/23,24:00,0.0, ,147990, ,10.58, ,21.60, ,86.6, 
2015/8/24,01:00,0.0, ,147990, ,15.13, ,18.50, ,86.7, 
2015/8/24,02:00,0.0, ,147940, ,5.71, ,18.50, ,86.7, 
2015/8/24,03:00,0.0, ,147890, ,7.36, ,18.30, ,86.7, 
2015/8/24,04:00,0.0, ,147840, ,8.21, ,18.30, ,86.7, 
2015/8/24,05:00,0.0, ,147790, ,7.71, ,18.40, ,86.7, 
2015/8/24,06:00,0.0, ,147730, ,3.81, ,18.40, ,86.7, 
2015/8/24,07:00,0.0, ,147630, ,5.69, ,33.60, ,86.6, 
2015/8/24,08:00,0.0, ,147530, ,7.20, ,35.00, ,86.6, 
2015/8/24,09:00,0.0, ,147370, ,5.27, ,61.30, ,86.6, 
2015/8/24,10:00,0.0, ,147170, ,10.12, ,63.20, ,86.5, 
2015/8/24,11:00,0.0, ,147020, ,14.37, ,63.30, ,86.4, 
2015/8/24,12:00,0.0, ,146810, ,15.72, ,59.50, ,86.3, 
2015/8/24,13:00,0.0, ,146760, ,12.22, ,36.80, ,86.3, 
2015/8/24,14:00,0.0, ,146610, ,12.85, ,61.70, ,86.3, 
2015/8/24,15:00,0.0, ,146400, ,15.52, ,61.70, ,86.2, 
2015/8/24,16:00,0.0, ,146250, ,14.03, ,63.20, ,86.1, 
2015/8/24,17:00,0.0, ,146050, ,16.37, ,63.20, ,86.0, 
2015/8/24,18:00,0.0, ,145890, ,13.18, ,61.90, ,86.0, 
2015/8/24,19:00,0.0, ,145690, ,13.01, ,63.20, ,85.9, 
2015/8/24,20:00,0.0, ,145590, ,12.79, ,49.30, ,85.8, 
2015/8/24,21:00,0.0, ,145540, ,12.11, ,24.70, ,85.8, 
2015/8/24,22:00,0.0, ,145490, ,12.75, ,18.60, ,85.8, 
2015/8/24,23:00,0.0, ,145490, ,9.11, ,21.50, ,85.9, 
2015/8/24,24:00,0.0, ,145430, ,12.80, ,18.30, ,85.9, 
2015/8/25,01:00,0.0, ,145380, ,9.93, ,23.30, ,85.9, 
2015/8/25,02:00,0.0, ,145330, ,7.90, ,23.00, ,85.9, 
2015/8/25,03:00,0.5, ,145280, ,8.62, ,23.20, ,85.9, 
2015/8/25,04:00,4.4, ,145230, ,5.72, ,23.20, ,85.9, 
2015/8/25,05:00,4.6, ,145130, ,6.46, ,23.10, ,85.9, 
2015/8/25,06:00,18.7, ,145130, ,8.39, ,23.20, ,85.9, 
2015/8/25,07:00,23.9, ,145230, ,40.79, ,26.20, ,86.0, 
2015/8/25,08:00,24.0, ,145540, ,77.32, ,23.10, ,86.3, 
2015/8/25,09:00,24.1, ,146710, ,208.98, ,20.80, ,87.0, 
2015/8/25,10:00,25.6, ,148970, ,505.41, ,47.50, ,88.5, 
2015/8/25,11:00,17.7, ,151810, ,805.72, ,60.70, ,90.4, 
2015/8/25,12:00,10.8, ,154320, ,800.36, ,60.60, ,92.0, 
2015/8/25,13:00,17.4, ,157010, ,777.09, ,60.00, ,93.8, 
2015/8/25,14:00,13.5, ,159680, ,800.56, ,59.90, ,95.6, 
2015/8/25,15:00,2.0, ,162580, ,858.27, ,59.00, ,97.5, 
2015/8/25,16:00,0.5, ,164530, ,718.72, ,59.10, ,98.7, 
2015/8/25,17:00,0.4, ,165900, ,519.49, ,61.50, ,99.7, 
2015/8/25,18:00,1.2, ,166940, ,396.28, ,61.50, ,100.0, 
2015/8/25,19:00,2.5, ,167820, ,325.15, ,61.50, ,100.0, 
2015/8/25,20:00,0.7, ,168700, ,302.16, ,61.20, ,100.0, 
2015/8/25,21:00,0.1, ,169530, ,300.83, ,61.20, ,100.0, 
2015/8/25,22:00,0.3, ,170250, ,273.68, ,60.90, ,100.0, 
2015/8/25,23:00,0.1, ,170860, ,246.25, ,60.80, ,100.0, 
2015/8/25,24:00,0.1, ,171420, ,226.52, ,60.70, ,100.0, 
2015/8/26,01:00,0.3, ,171920, ,207.89, ,60.60, ,100.0, 
2015/8/26,02:00,0.1, ,172310, ,185.02, ,60.70, ,100.0, 
2015/8/26,03:00,0.1, ,172760, ,175.07, ,60.40, ,100.0, 
2015/8/26,04:00,0.0, ,173100, ,164.98, ,60.40, ,100.0, 
2015/8/26,05:00,0.0, ,173430, ,155.45, ,60.50, ,100.0, 
2015/8/26,06:00,0.1, ,173770, ,155.29, ,60.50, ,100.0, 
2015/8/26,07:00,0.0, ,174110, ,154.09, ,60.20, ,100.0, 
2015/8/26,08:00,0.0, ,174390, ,145.71, ,60.40, ,100.0, 
2015/8/26,09:00,0.0, ,174670, ,133.85, ,60.30, ,100.0, 
2015/8/26,10:00,0.0, ,174890, ,129.14, ,60.30, ,100.0, 
2015/8/26,11:00,0.0, ,175120, ,124.28, ,60.10, ,100.0, 
2015/8/26,12:00,0.0, ,175350, ,122.37, ,60.20, ,100.0, 
2015/8/26,13:00,0.0, ,175510, ,114.74, ,60.10, ,100.0, 
2015/8/26,14:00,0.0, ,175630, ,106.16, ,60.40, ,100.0, 
2015/8/26,15:00,0.0, ,175800, ,103.07, ,60.10, ,100.0, 
2015/8/26,16:00,0.0, ,175910, ,91.79, ,60.00, ,100.0, 
2015/8/26,17:00,0.1, ,175970, ,88.32, ,60.20, ,100.0, 
2015/8/26,18:00,0.0, ,176020, ,73.66, ,59.90, ,100.0, 
2015/8/26,19:00,0.0, ,176080, ,79.40, ,60.00, ,100.0, 
2015/8/26,20:00,0.0, ,176140, ,73.99, ,60.30, ,100.0, 
2015/8/26,21:00,0.0, ,176190, ,77.48, ,60.20, ,100.0, 
2015/8/26,22:00,0.0, ,176250, ,72.23, ,60.10, ,100.0, 
2015/8/26,23:00,0.0, ,176310, ,70.84, ,60.20, ,100.0, 
2015/8/26,24:00,0.0, ,176310, ,71.35, ,60.00, ,100.0, 
2015/8/27,01:00,0.0, ,176310, ,60.05, ,60.10, ,100.0, 
2015/8/27,02:00,0.0, ,176360, ,72.38, ,60.10, ,100.0, 
2015/8/27,03:00,0.0, ,176360, ,63.49, ,60.00, ,100.0, 
2015/8/27,04:00,0.0, ,176360, ,60.07, ,60.10, ,100.0, 
2015/8/27,05:00,0.0, ,176360, ,60.08, ,59.90, ,100.0, 
2015/8/27,06:00,0.0, ,176360, ,60.03, ,60.10, ,100.0, 
2015/8/27,07:00,0.0, ,176360, ,60.04, ,60.00, ,100.0, 
2015/8/27,08:00,0.0, ,176360, ,60.02, ,60.40, ,100.0, 
2015/8/27,09:00,0.0, ,176360, ,60.04, ,60.00, ,100.0, 
2015/8/27,10:00,0.0, ,176360, ,60.08, ,60.00, ,100.0, 
2015/8/27,11:00,0.0, ,176360, ,60.06, ,60.10, ,100.0, 
2015/8/27,12:00,0.0, ,176360, ,60.09, ,60.20, ,100.0, 
2015/8/27,13:00,0.0, ,176360, ,60.11, ,60.30, ,100.0, 
2015/8/27,14:00,0.0, ,176360, ,60.09, ,60.20, ,100.0, 
2015/8/27,15:00,0.0, ,176360, ,60.13, ,60.10, ,100.0, 
2015/8/27,16:00,0.0, ,176310, ,51.23, ,60.20, ,100.0, 
2015/8/27,17:00,0.0, ,176250, ,52.57, ,60.10, ,100.0, 
2015/8/27,18:00,0.0, ,176250, ,45.18, ,60.00, ,100.0, 
2015/8/27,19:00,0.0, ,176190, ,51.43, ,60.10, ,100.0, 
2015/8/27,20:00,0.0, ,176140, ,43.36, ,60.10, ,100.0, 
2015/8/27,21:00,0.0, ,176080, ,44.34, ,60.10, ,100.0, 
2015/8/27,22:00,0.0, ,175970, ,41.46, ,60.10, ,100.0, 
2015/8/27,23:00,0.0, ,175910, ,37.87, ,60.20, ,100.0, 
2015/8/27,24:00,0.0, ,175850, ,40.53, ,60.20, ,100.0, 
2015/8/28,01:00,0.0, ,175800, ,43.70, ,60.10, ,100.0, 
2015/8/28,02:00,0.0, ,175680, ,40.27, ,60.20, ,100.0, 
2015/8/28,03:00,0.0, ,175630, ,35.33, ,60.50, ,100.0, 
2015/8/28,04:00,0.0, ,175570, ,40.31, ,60.20, ,100.0, 
2015/8/28,05:00,0.0, ,175460, ,36.15, ,60.20, ,100.0, 
2015/8/28,06:00,0.0, ,175400, ,40.85, ,60.30, ,100.0, 
2015/8/28,07:00,0.0, ,175290, ,38.52, ,60.30, ,99.9, 
2015/8/28,08:00,0.0, ,175230, ,36.49, ,60.60, ,99.9, 
2015/8/28,09:00,0.0, ,175120, ,37.25, ,60.30, ,99.9, 
2015/8/28,10:00,0.0, ,175060, ,34.43, ,60.30, ,99.9, 
2015/8/28,11:00,0.0, ,174950, ,37.03, ,60.40, ,99.9, 
2015/8/28,12:00,0.0, ,174890, ,35.77, ,60.30, ,99.9, 
2015/8/28,13:00,0.0, ,174780, ,36.01, ,60.30, ,99.9, 
2015/8/28,14:00,0.0, ,174730, ,36.55, ,60.20, ,99.9, 
2015/8/28,15:00,0.0, ,174610, ,34.95, ,60.20, ,99.8, 
2015/8/28,16:00,0.0, ,174560, ,37.04, ,60.20, ,99.9, 
2015/8/28,17:00,0.9, ,174390, ,27.15, ,60.30, ,99.8, 
2015/8/28,18:00,1.5, ,174330, ,33.52, ,60.40, ,99.8, 
2015/8/28,19:00,0.1, ,174220, ,36.53, ,60.40, ,99.8, 
2015/8/28,20:00,0.0, ,174160, ,36.49, ,60.40, ,99.8, 
2015/8/28,21:00,0.0, ,174050, ,32.83, ,60.30, ,99.7, 
2015/8/28,22:00,0.2, ,173940, ,29.98, ,60.40, ,99.7, 
2015/8/28,23:00,0.0, ,173830, ,29.71, ,60.50, ,99.7, 
2015/8/28,24:00,0.0, ,173710, ,35.74, ,60.40, ,100.0, 
2015/8/29,01:00,0.0, ,173600, ,31.54, ,60.40, ,100.0, 
2015/8/29,02:00,0.0, ,173540, ,29.75, ,60.40, ,100.0, 
2015/8/29,03:00,0.0, ,173430, ,32.84, ,60.30, ,99.9, 
2015/8/29,04:00,0.0, ,173320, ,31.92, ,60.60, ,99.9, 
2015/8/29,05:00,0.0, ,173210, ,29.94, ,60.50, ,99.9, 
2015/8/29,06:00,0.0, ,173100, ,32.25, ,60.50, ,99.9, 
2015/8/29,07:00,0.0, ,172980, ,30.43, ,60.70, ,99.8, 
2015/8/29,08:00,0.0, ,172870, ,29.72, ,60.60, ,99.8, 
2015/8/29,09:00,0.0, ,172760, ,31.27, ,60.60, ,99.8, 
2015/8/29,10:00,0.0, ,172650, ,28.19, ,60.40, ,99.7, 
2015/8/29,11:00,0.0, ,172540, ,30.48, ,60.80, ,99.7, 
2015/8/29,12:00,0.0, ,172420, ,30.57, ,59.70, ,99.7, 
2015/8/29,13:00,0.0, ,172420, ,29.94, ,38.90, ,99.7, 
2015/8/29,14:00,2.1, ,172370, ,31.84, ,36.40, ,99.7, 
2015/8/29,15:00,1.0, ,172370, ,26.56, ,36.00, ,99.8, 
2015/8/29,16:00,1.4, ,172310, ,31.43, ,35.90, ,99.8, 
2015/8/29,17:00,3.6, ,172310, ,26.30, ,40.30, ,99.8, 
2015/8/29,18:00,4.0, ,172260, ,43.17, ,60.50, ,99.8, 
2015/8/29,19:00,4.0, ,172140, ,36.77, ,60.60, ,99.8, 
2015/8/29,20:00,4.6, ,172090, ,36.55, ,48.70, ,99.8, 
2015/8/29,21:00,4.2, ,172090, ,32.89, ,21.50, ,99.9, 
2015/8/29,22:00,5.1, ,172140, ,33.00, ,21.70, ,99.9, 
2015/8/29,23:00,7.0, ,172310, ,49.01, ,18.60, ,100.0, 
2015/8/29,24:00,3.8, ,172480, ,66.10, ,18.80, ,100.0, 
2015/8/30,01:00,0.2, ,172700, ,72.31, ,18.60, ,100.0, 
2015/8/30,02:00,0.0, ,172980, ,81.87, ,18.60, ,100.0, 
2015/8/30,03:00,0.8, ,173210, ,96.44, ,18.90, ,100.0, 
2015/8/30,04:00,0.1, ,173430, ,85.40, ,18.70, ,100.0, 
2015/8/30,05:00,0.2, ,173660, ,75.83, ,18.60, ,100.0, 
2015/8/30,06:00,0.0, ,173770, ,64.69, ,18.70, ,100.0, 
2015/8/30,07:00,2.8, ,173940, ,59.76, ,18.80, ,100.0, 
2015/8/30,08:00,4.1, ,174110, ,59.54, ,18.90, ,100.0, 
2015/8/30,09:00,0.7, ,174220, ,60.86, ,18.80, ,100.0, 
2015/8/30,10:00,0.2, ,174330, ,52.62, ,18.90, ,100.0, 
2015/8/30,11:00,0.0, ,174500, ,55.72, ,18.60, ,100.0, 
2015/8/30,12:00,0.0, ,174610, ,50.70, ,18.80, ,100.0, 
2015/8/30,13:00,0.0, ,174730, ,55.77, ,18.50, ,100.0, 
2015/8/30,14:00,0.0, ,174840, ,49.72, ,18.80, ,100.0, 
2015/8/30,15:00,0.0, ,174950, ,49.78, ,18.70, ,100.0, 
2015/8/30,16:00,0.0, ,175060, ,44.48, ,18.60, ,100.0, 
2015/8/30,17:00,0.0, ,175060, ,49.88, ,37.00, ,100.0, 
2015/8/30,18:00,0.0, ,175060, ,48.11, ,60.30, ,100.0, 
2015/8/30,19:00,0.0, ,175060, ,60.26, ,60.30, ,100.0, 
2015/8/30,20:00,0.0, ,175010, ,48.27, ,60.20, ,100.0, 
2015/8/30,21:00,0.0, ,174950, ,44.31, ,47.10, ,100.0, 
2015/8/30,22:00,0.0, ,174950, ,36.72, ,21.50, ,100.0, 
2015/8/30,23:00,0.0, ,175010, ,28.55, ,21.50, ,100.0, 
2015/8/30,24:00,0.0, ,175060, ,34.21, ,18.60, ,100.0, 
2015/8/31,01:00,0.0, ,175120, ,37.67, ,18.70, ,100.0, 
2015/8/31,02:00,0.0, ,175180, ,37.44, ,18.50, ,100.0, 
2015/8/31,03:00,0.2, ,175290, ,41.07, ,18.60, ,100.0, 
2015/8/31,04:00,0.6, ,175350, ,38.75, ,18.70, ,100.0, 
2015/8/31,05:00,1.2, ,175400, ,36.12, ,18.60, ,100.0, 
2015/8/31,06:00,0.6, ,175460, ,36.42, ,18.60, ,100.0, 
2015/8/31,07:00,0.8, ,175570, ,41.37, ,18.50, ,100.0, 
2015/8/31,08:00,3.5, ,175630, ,40.26, ,18.60, ,100.0, 
2015/8/31,09:00,4.9, ,175680, ,42.30, ,37.20, ,100.0, 
2015/8/31,10:00,6.6, ,175680, ,49.58, ,45.90, ,100.0, 
2015/8/31,11:00,7.0, ,175740, ,64.26, ,60.20, ,100.0, 
2015/8/31,12:00,0.8, ,175850, ,82.90, ,60.10, ,100.0, 
2015/8/31,13:00,0.5, ,176020, ,94.11, ,60.10, ,100.0, 
2015/8/31,14:00,0.0, ,176190, ,108.76, ,60.20, ,100.0, 
2015/8/31,15:00,0.0, ,176310, ,101.20, ,60.10, ,100.0, 
2015/8/31,16:00,0.7, ,176420, ,90.97, ,60.10, ,100.0, 
2015/8/31,17:00,0.0, ,176420, ,75.54, ,60.00, ,100.0, 
2015/8/31,18:00,0.3, ,176480, ,75.49, ,60.00, ,100.0, 
2015/8/31,19:00,0.1, ,176530, ,70.51, ,60.00, ,100.0, 
2015/8/31,20:00,0.5, ,176530, ,65.53, ,60.00, ,100.0, 
2015/8/31,21:00,0.8, ,176530, ,60.01, ,60.00, ,100.0, 
2015/8/31,22:00,2.8, ,176590, ,73.37, ,60.00, ,100.0, 
2015/8/31,23:00,6.0, ,176590, ,62.40, ,59.90, ,100.0, 
2015/8/31,24:00,20.5, ,176700, ,76.57, ,60.10, ,100.0, 
