îCà”ä˙ä‘É_ÉÄèîó åüçıåãâ 
êÖånñº,ãgñÏêÏ
âÕêÏñº,ãgñÏêÏ
äœë™èäñº,ëÅñæâYÉ_ÉÄÅiã@ç\Åj
äœë™èäãLçÜ,1368080700010
#
#îNåéì˙,éûçè,ó¨àÊïΩãœâJó ,ó¨àÊïΩãœâJó ëÆê´,íôêÖó ,íôêÖó ëÆê´,ó¨ì¸ó ,ó¨ì¸ó ëÆê´,ï˙ó¨ó ,ï˙ó¨ó ëÆê´,íôêÖó¶,íôêÖó¶ëÆê´
#ëÆê´Å@$:åáë™ -:ñ¢éÛêM
#
2010/3/1,01:00,0.0, ,121190, ,28.27, ,0.00, ,92.5, 
2010/3/1,02:00,0.0, ,121280, ,29.52, ,0.00, ,92.5, 
2010/3/1,03:00,0.0, ,121420, ,30.81, ,0.00, ,92.6, 
2010/3/1,04:00,0.0, ,121510, ,30.19, ,0.00, ,92.7, 
2010/3/1,05:00,0.0, ,121600, ,28.08, ,0.00, ,92.7, 
2010/3/1,06:00,0.0, ,121690, ,27.02, ,0.00, ,92.8, 
2010/3/1,07:00,0.0, ,121780, ,26.82, ,0.00, ,92.8, 
2010/3/1,08:00,0.0, ,121920, ,27.47, ,0.00, ,92.9, 
2010/3/1,09:00,0.0, ,121970, ,24.93, ,0.00, ,92.9, 
2010/3/1,10:00,0.0, ,122110, ,26.85, ,0.00, ,93.0, 
2010/3/1,11:00,0.0, ,122150, ,23.24, ,0.00, ,93.0, 
2010/3/1,12:00,0.0, ,122290, ,26.45, ,0.00, ,93.1, 
2010/3/1,13:00,0.4, ,122380, ,29.02, ,0.00, ,93.1, 
2010/3/1,14:00,3.7, ,122480, ,25.62, ,0.00, ,93.2, 
2010/3/1,15:00,3.2, ,122570, ,29.04, ,0.00, ,93.2, 
2010/3/1,16:00,2.8, ,122660, ,29.70, ,0.00, ,93.3, 
2010/3/1,17:00,3.4, ,122800, ,31.85, ,0.00, ,93.4, 
2010/3/1,18:00,4.0, ,122940, ,34.65, ,0.00, ,93.5, 
2010/3/1,19:00,4.4, ,123080, ,35.09, ,0.00, ,93.5, 
2010/3/1,20:00,2.1, ,123210, ,38.75, ,0.00, ,93.6, 
2010/3/1,21:00,0.4, ,123350, ,38.13, ,0.00, ,93.7, 
2010/3/1,22:00,0.5, ,123540, ,43.73, ,0.00, ,93.9, 
2010/3/1,23:00,0.1, ,123720, ,49.76, ,0.00, ,94.0, 
2010/3/1,24:00,0.0, ,123860, ,49.80, ,0.00, ,93.8, 
2010/3/2,01:00,0.0, ,124050, ,46.18, ,0.00, ,94.0, 
2010/3/2,02:00,0.0, ,124190, ,45.79, ,0.00, ,94.1, 
2010/3/2,03:00,0.1, ,124330, ,40.22, ,0.00, ,94.1, 
2010/3/2,04:00,0.0, ,124470, ,41.11, ,0.00, ,94.2, 
2010/3/2,05:00,0.0, ,124610, ,36.83, ,0.00, ,94.3, 
2010/3/2,06:00,0.0, ,124750, ,38.79, ,0.00, ,94.4, 
2010/3/2,07:00,0.0, ,124890, ,35.79, ,0.00, ,94.5, 
2010/3/2,08:00,0.0, ,124980, ,34.08, ,0.00, ,94.5, 
2010/3/2,09:00,0.0, ,125120, ,34.75, ,0.00, ,94.6, 
2010/3/2,10:00,0.0, ,125260, ,33.90, ,0.00, ,94.7, 
2010/3/2,11:00,0.0, ,125350, ,33.05, ,0.00, ,94.8, 
2010/3/2,12:00,0.0, ,125490, ,29.61, ,0.00, ,94.9, 
2010/3/2,13:00,0.0, ,125590, ,32.00, ,0.00, ,94.9, 
2010/3/2,14:00,0.0, ,125680, ,31.16, ,0.00, ,95.0, 
2010/3/2,15:00,0.2, ,125770, ,28.32, ,0.00, ,95.0, 
2010/3/2,16:00,0.0, ,125910, ,31.12, ,0.00, ,95.1, 
2010/3/2,17:00,0.0, ,126010, ,29.19, ,0.00, ,95.1, 
2010/3/2,18:00,0.0, ,126100, ,31.37, ,0.00, ,95.2, 
2010/3/2,19:00,0.0, ,126240, ,26.84, ,0.00, ,95.3, 
2010/3/2,20:00,0.0, ,126330, ,29.45, ,0.00, ,95.3, 
2010/3/2,21:00,0.0, ,126430, ,28.82, ,0.00, ,95.4, 
2010/3/2,22:00,0.0, ,126520, ,30.78, ,0.00, ,95.4, 
2010/3/2,23:00,0.0, ,126620, ,25.16, ,0.00, ,95.5, 
2010/3/2,24:00,0.0, ,126710, ,26.69, ,0.00, ,95.3, 
2010/3/3,01:00,0.0, ,126800, ,27.79, ,0.00, ,95.3, 
2010/3/3,02:00,0.0, ,126940, ,27.37, ,0.00, ,95.4, 
2010/3/3,03:00,0.0, ,127040, ,29.99, ,0.00, ,95.5, 
2010/3/3,04:00,0.0, ,127080, ,22.61, ,0.00, ,95.5, 
2010/3/3,05:00,0.0, ,127230, ,29.80, ,0.00, ,95.6, 
2010/3/3,06:00,0.0, ,127320, ,23.29, ,0.00, ,95.6, 
2010/3/3,07:00,0.0, ,127410, ,27.65, ,0.00, ,95.7, 
2010/3/3,08:00,0.0, ,127510, ,26.14, ,0.00, ,95.7, 
2010/3/3,09:00,0.0, ,127600, ,27.68, ,0.00, ,95.8, 
2010/3/3,10:00,0.0, ,127700, ,26.82, ,0.00, ,95.8, 
2010/3/3,11:00,0.0, ,127790, ,22.25, ,0.00, ,95.9, 
2010/3/3,12:00,0.0, ,127880, ,31.86, ,0.00, ,95.9, 
2010/3/3,13:00,0.0, ,127980, ,20.74, ,0.00, ,95.9, 
2010/3/3,14:00,0.0, ,128030, ,23.16, ,0.00, ,96.0, 
2010/3/3,15:00,0.0, ,128120, ,22.73, ,0.00, ,96.0, 
2010/3/3,16:00,0.0, ,128170, ,19.46, ,0.00, ,96.0, 
2010/3/3,17:00,0.0, ,128260, ,24.06, ,0.00, ,96.1, 
2010/3/3,20:00,0.0, ,128550, ,24.74, ,0.00, ,96.2, 
2010/3/3,21:00,0.0, ,128590, ,23.88, ,0.00, ,96.2, 
2010/3/3,22:00,0.0, ,128690, ,20.60, ,0.00, ,96.3, 
2010/3/3,23:00,0.0, ,128780, ,20.61, ,0.00, ,96.3, 
2010/3/3,24:00,0.0, ,128830, ,23.68, ,0.00, ,96.1, 
2010/3/4,01:00,0.0, ,128930, ,20.18, ,0.00, ,96.1, 
2010/3/4,02:00,0.4, ,128970, ,21.29, ,0.00, ,96.1, 
2010/3/4,03:00,0.0, ,129070, ,23.05, ,0.00, ,96.2, 
2010/3/4,04:00,0.0, ,129160, ,21.53, ,0.00, ,96.2, 
2010/3/4,05:00,0.0, ,129210, ,22.63, ,0.00, ,96.2, 
2010/3/4,06:00,0.0, ,129300, ,23.08, ,0.00, ,96.3, 
2010/3/4,07:00,0.1, ,129400, ,21.77, ,0.00, ,96.3, 
2010/3/4,08:00,0.5, ,129490, ,20.90, ,0.00, ,96.4, 
2010/3/4,09:00,0.6, ,129540, ,22.89, ,0.00, ,96.4, 
2010/3/4,10:00,1.1, ,129640, ,21.36, ,0.00, ,96.4, 
2010/3/4,11:00,0.6, ,129730, ,22.68, ,0.00, ,96.5, 
2010/3/4,12:00,1.5, ,129780, ,23.14, ,0.00, ,96.5, 
2010/3/4,13:00,1.6, ,129880, ,21.16, ,0.00, ,96.6, 
2010/3/4,14:00,2.9, ,129970, ,20.06, ,0.00, ,96.6, 
2010/3/4,15:00,1.3, ,130070, ,26.47, ,0.00, ,96.6, 
2010/3/4,16:00,1.5, ,130110, ,26.70, ,0.00, ,96.6, 
2010/3/4,17:00,1.8, ,130210, ,23.40, ,0.00, ,96.7, 
2010/3/4,18:00,1.4, ,130350, ,27.61, ,0.00, ,96.8, 
2010/3/4,19:00,1.6, ,130450, ,27.85, ,0.00, ,96.8, 
2010/3/4,20:00,3.3, ,130590, ,34.52, ,0.00, ,96.9, 
2010/3/4,21:00,3.4, ,130730, ,43.85, ,0.00, ,97.0, 
2010/3/4,22:00,2.7, ,130930, ,46.99, ,0.00, ,97.1, 
2010/3/4,23:00,0.2, ,131120, ,52.12, ,0.00, ,97.3, 
2010/3/4,24:00,0.2, ,131310, ,54.17, ,0.00, ,97.2, 
2010/3/5,01:00,0.0, ,131500, ,54.88, ,0.00, ,97.3, 
2010/3/5,02:00,0.0, ,131740, ,60.49, ,0.00, ,97.5, 
2010/3/5,03:00,0.0, ,131930, ,59.21, ,0.00, ,97.6, 
2010/3/5,04:00,0.0, ,132130, ,54.58, ,0.00, ,97.8, 
2010/3/5,05:00,0.0, ,132320, ,52.40, ,0.00, ,97.9, 
2010/3/5,06:00,0.0, ,132460, ,48.42, ,0.00, ,98.0, 
2010/3/5,07:00,0.0, ,132660, ,47.56, ,0.00, ,98.1, 
2010/3/5,08:00,0.0, ,132800, ,42.90, ,0.00, ,98.2, 
2010/3/5,09:00,0.0, ,132950, ,41.82, ,0.00, ,98.3, 
2010/3/5,10:00,0.0, ,133090, ,38.71, ,0.00, ,98.4, 
2010/3/5,11:00,0.0, ,133240, ,40.75, ,0.00, ,98.5, 
2010/3/5,12:00,0.0, ,133380, ,35.17, ,0.00, ,98.6, 
2010/3/5,13:00,0.0, ,133480, ,36.53, ,0.00, ,98.6, 
2010/3/5,14:00,0.0, ,133630, ,34.09, ,0.00, ,98.7, 
2010/3/5,15:00,0.0, ,133720, ,37.02, ,0.00, ,98.8, 
2010/3/5,16:00,0.0, ,133870, ,37.27, ,0.00, ,98.9, 
2010/3/5,17:00,0.0, ,134010, ,33.47, ,0.00, ,98.9, 
2010/3/5,18:00,0.0, ,134110, ,36.86, ,0.00, ,99.0, 
2010/3/5,19:00,0.0, ,134260, ,33.06, ,0.00, ,99.1, 
2010/3/5,20:00,0.0, ,134350, ,32.85, ,0.00, ,99.1, 
2010/3/5,21:00,0.0, ,134500, ,31.51, ,0.00, ,99.2, 
2010/3/5,22:00,0.0, ,134600, ,32.66, ,0.00, ,99.2, 
2010/3/5,23:00,0.8, ,134690, ,32.89, ,0.00, ,99.2, 
2010/3/5,24:00,2.1, ,134840, ,34.49, ,0.00, ,99.2, 
2010/3/6,01:00,5.0, ,134990, ,36.54, ,0.00, ,99.2, 
2010/3/6,02:00,4.1, ,135130, ,41.98, ,0.00, ,99.3, 
2010/3/6,03:00,1.7, ,135230, ,36.58, ,0.00, ,99.4, 
2010/3/6,04:00,0.7, ,135380, ,37.54, ,0.00, ,99.5, 
2010/3/6,05:00,0.8, ,135520, ,40.28, ,0.00, ,99.6, 
2010/3/6,06:00,4.0, ,135720, ,47.78, ,0.00, ,99.7, 
2010/3/6,07:00,1.9, ,135910, ,53.25, ,0.00, ,99.8, 
2010/3/6,08:00,1.2, ,136110, ,55.33, ,0.00, ,99.7, 
2010/3/6,09:00,0.3, ,136360, ,56.96, ,0.00, ,99.7, 
2010/3/6,10:00,1.0, ,136550, ,58.37, ,0.00, ,99.7, 
2010/3/6,11:00,1.3, ,136800, ,61.60, ,0.00, ,99.6, 
2010/3/6,12:00,0.5, ,136990, ,60.74, ,0.00, ,99.6, 
2010/3/6,13:00,0.1, ,137190, ,60.10, ,0.00, ,99.6, 
2010/3/6,14:00,0.0, ,137440, ,57.64, ,0.00, ,99.5, 
2010/3/6,15:00,0.0, ,137630, ,59.74, ,0.00, ,99.5, 
2010/3/6,16:00,0.0, ,137830, ,53.85, ,0.00, ,99.4, 
2010/3/6,17:00,0.0, ,137980, ,53.44, ,0.00, ,99.4, 
2010/3/6,18:00,0.0, ,138230, ,52.79, ,0.00, ,99.4, 
2010/3/6,19:00,0.0, ,138370, ,51.68, ,0.00, ,99.3, 
2010/3/6,20:00,0.0, ,138570, ,49.20, ,0.00, ,99.3, 
2010/3/6,21:00,0.0, ,138720, ,46.94, ,0.00, ,99.3, 
2010/3/6,22:00,1.2, ,138920, ,48.57, ,0.00, ,99.2, 
2010/3/6,23:00,1.8, ,139070, ,47.00, ,0.00, ,99.2, 
2010/3/6,24:00,1.0, ,139220, ,46.80, ,0.00, ,100.0, 
2010/3/7,01:00,3.0, ,139410, ,47.06, ,0.00, ,100.0, 
2010/3/7,02:00,1.1, ,139560, ,50.07, ,0.00, ,99.9, 
2010/3/7,03:00,2.5, ,139760, ,51.03, ,0.00, ,99.9, 
2010/3/7,04:00,0.5, ,139960, ,49.68, ,0.00, ,99.9, 
2010/3/7,05:00,0.4, ,140160, ,51.09, ,0.00, ,99.8, 
2010/3/7,06:00,0.6, ,140310, ,53.16, ,0.00, ,99.8, 
2010/3/7,07:00,0.5, ,140510, ,55.67, ,0.00, ,99.8, 
2010/3/7,08:00,0.0, ,140710, ,54.11, ,0.00, ,99.7, 
2010/3/7,09:00,0.1, ,140910, ,51.85, ,0.00, ,99.7, 
2010/3/7,10:00,0.0, ,141110, ,53.51, ,0.00, ,99.7, 
2010/3/7,11:00,0.0, ,141300, ,49.86, ,0.00, ,99.6, 
2010/3/7,12:00,0.3, ,141450, ,51.98, ,0.00, ,99.6, 
2010/3/7,13:00,0.0, ,141650, ,49.25, ,0.00, ,99.6, 
2010/3/7,14:00,0.5, ,141800, ,50.90, ,0.00, ,99.5, 
2010/3/7,15:00,0.1, ,142000, ,48.40, ,0.00, ,99.5, 
2010/3/7,16:00,0.3, ,142150, ,48.20, ,0.00, ,99.5, 
2010/3/7,17:00,0.2, ,142360, ,50.10, ,0.00, ,99.4, 
2010/3/7,18:00,0.0, ,142510, ,45.26, ,0.00, ,99.4, 
2010/3/7,19:00,0.0, ,142710, ,50.63, ,0.00, ,99.4, 
2010/3/7,20:00,0.0, ,142860, ,46.26, ,0.00, ,99.3, 
2010/3/7,21:00,0.0, ,143010, ,45.59, ,0.00, ,99.3, 
2010/3/7,22:00,0.1, ,143160, ,45.16, ,0.00, ,99.3, 
2010/3/7,23:00,0.0, ,143360, ,44.73, ,0.00, ,99.2, 
2010/3/7,24:00,0.0, ,143510, ,44.29, ,0.00, ,100.0, 
2010/3/8,01:00,0.0, ,143660, ,41.99, ,0.00, ,100.0, 
2010/3/8,02:00,0.0, ,143810, ,43.65, ,0.00, ,99.9, 
2010/3/8,03:00,0.0, ,143970, ,41.58, ,0.00, ,99.9, 
2010/3/8,04:00,0.0, ,144120, ,45.11, ,0.00, ,99.9, 
2010/3/8,05:00,0.0, ,144270, ,40.69, ,0.00, ,99.8, 
2010/3/8,06:00,0.0, ,144420, ,40.25, ,0.00, ,99.8, 
2010/3/8,07:00,0.0, ,144570, ,41.22, ,0.00, ,99.8, 
2010/3/8,08:00,0.0, ,144670, ,39.37, ,0.00, ,99.7, 
2010/3/8,09:00,0.0, ,144830, ,39.39, ,0.00, ,99.7, 
2010/3/8,10:00,0.0, ,144980, ,38.71, ,0.00, ,99.7, 
2010/3/8,11:00,0.0, ,145080, ,35.68, ,0.00, ,99.6, 
2010/3/8,12:00,0.0, ,145230, ,39.70, ,0.00, ,99.6, 
2010/3/8,13:00,0.0, ,145380, ,38.37, ,0.00, ,99.6, 
2010/3/8,14:00,0.0, ,145540, ,35.10, ,0.00, ,99.5, 
2010/3/8,15:00,0.0, ,145640, ,38.65, ,0.00, ,99.5, 
2010/3/8,16:00,0.0, ,145790, ,32.54, ,0.00, ,99.5, 
2010/3/8,17:00,0.0, ,145890, ,37.27, ,0.00, ,99.4, 
2010/3/8,18:00,0.0, ,145990, ,31.86, ,0.00, ,99.4, 
2010/3/8,19:00,0.0, ,146100, ,33.29, ,0.00, ,99.4, 
2010/3/8,20:00,0.0, ,146250, ,31.41, ,0.00, ,99.3, 
2010/3/8,21:00,0.0, ,146350, ,27.41, ,0.00, ,99.3, 
2010/3/8,22:00,0.0, ,146450, ,32.38, ,0.00, ,99.3, 
2010/3/8,23:00,0.3, ,146560, ,29.09, ,0.00, ,99.2, 
2010/3/8,24:00,0.1, ,146660, ,30.75, ,0.00, ,100.0, 
2010/3/9,01:00,0.1, ,146760, ,25.56, ,0.00, ,100.0, 
2010/3/9,02:00,2.2, ,146860, ,30.77, ,0.00, ,99.9, 
2010/3/9,03:00,2.4, ,146970, ,31.50, ,0.00, ,99.9, 
2010/3/9,04:00,2.9, ,147070, ,30.80, ,0.00, ,99.9, 
2010/3/9,05:00,3.5, ,147220, ,34.84, ,0.00, ,99.8, 
2010/3/9,06:00,5.1, ,147370, ,36.04, ,0.00, ,99.8, 
2010/3/9,07:00,4.1, ,147530, ,42.46, ,0.00, ,99.8, 
2010/3/9,08:00,3.7, ,147680, ,45.09, ,0.00, ,99.7, 
2010/3/9,09:00,3.9, ,147890, ,51.53, ,0.00, ,99.7, 
2010/3/9,10:00,5.1, ,148140, ,62.98, ,0.00, ,99.7, 
2010/3/9,11:00,4.2, ,148400, ,68.26, ,0.00, ,99.6, 
2010/3/9,12:00,6.7, ,148760, ,86.66, ,0.00, ,99.6, 
2010/3/9,13:00,3.6, ,149120, ,96.52, ,0.00, ,99.6, 
2010/3/9,14:00,0.2, ,149480, ,106.90, ,0.00, ,99.5, 
2010/3/9,15:00,0.2, ,149950, ,109.43, ,0.00, ,99.5, 
2010/3/9,16:00,1.1, ,150410, ,132.32, ,0.00, ,99.5, 
2010/3/9,17:00,1.0, ,150830, ,125.43, ,0.00, ,99.4, 
2010/3/9,18:00,1.3, ,151240, ,113.35, ,0.00, ,99.4, 
2010/3/9,19:00,0.3, ,151600, ,106.09, ,0.00, ,99.4, 
2010/3/9,20:00,0.3, ,151970, ,97.84, ,0.00, ,99.3, 
2010/3/9,21:00,0.0, ,152280, ,94.85, ,0.00, ,99.3, 
2010/3/9,22:00,0.0, ,152590, ,88.47, ,0.00, ,99.3, 
2010/3/9,23:00,0.0, ,152910, ,83.51, ,0.00, ,99.2, 
2010/3/9,24:00,0.0, ,153170, ,83.37, ,0.00, ,100.0, 
2010/3/10,01:00,0.0, ,153480, ,76.93, ,0.00, ,100.0, 
2010/3/10,02:00,0.0, ,153690, ,76.54, ,0.00, ,99.9, 
2010/3/10,03:00,0.0, ,154000, ,73.71, ,0.00, ,99.9, 
2010/3/10,04:00,0.0, ,154210, ,72.09, ,0.00, ,99.9, 
2010/3/10,05:00,0.0, ,154480, ,69.73, ,0.00, ,99.8, 
2010/3/10,06:00,0.0, ,154740, ,67.61, ,0.00, ,99.8, 
2010/3/10,07:00,0.0, ,154950, ,66.22, ,0.00, ,99.8, 
2010/3/10,08:00,0.0, ,155160, ,62.62, ,0.00, ,99.7, 
2010/3/10,09:00,0.0, ,155420, ,62.43, ,0.00, ,99.7, 
2010/3/10,10:00,0.3, ,155640, ,64.70, ,0.00, ,99.7, 
2010/3/10,11:00,0.2, ,155900, ,66.32, ,0.00, ,99.6, 
2010/3/10,12:00,0.2, ,156110, ,59.03, ,0.00, ,99.6, 
2010/3/10,13:00,0.0, ,156270, ,63.24, ,0.00, ,99.6, 
2010/3/10,14:00,0.0, ,156480, ,54.70, ,0.00, ,99.5, 
2010/3/10,15:00,0.0, ,156690, ,52.52, ,0.00, ,99.5, 
2010/3/10,16:00,0.0, ,156850, ,55.50, ,0.00, ,99.5, 
2010/3/10,17:00,0.2, ,157070, ,46.94, ,0.00, ,99.4, 
2010/3/10,18:00,0.1, ,157230, ,51.39, ,0.00, ,99.4, 
2010/3/10,19:00,0.0, ,157440, ,57.57, ,0.00, ,99.4, 
2010/3/10,20:00,0.1, ,157650, ,53.91, ,0.00, ,99.3, 
2010/3/10,21:00,0.0, ,157810, ,51.48, ,0.00, ,99.3, 
2010/3/10,22:00,0.1, ,158020, ,57.68, ,0.00, ,99.3, 
2010/3/10,23:00,0.3, ,158180, ,45.87, ,0.00, ,99.2, 
2010/3/10,24:00,0.0, ,158400, ,49.85, ,0.00, ,100.0, 
2010/3/11,01:00,0.1, ,158560, ,49.63, ,0.00, ,100.0, 
2010/3/11,02:00,0.0, ,158720, ,49.66, ,0.00, ,99.9, 
2010/3/11,03:00,0.0, ,158880, ,43.50, ,0.00, ,99.9, 
2010/3/11,04:00,0.0, ,159040, ,46.99, ,0.00, ,99.9, 
2010/3/11,05:00,0.1, ,159200, ,45.78, ,0.00, ,99.8, 
2010/3/11,06:00,0.0, ,159360, ,44.07, ,0.00, ,99.8, 
2010/3/11,07:00,0.0, ,159520, ,46.07, ,0.00, ,99.8, 
2010/3/11,08:00,0.0, ,159680, ,43.37, ,0.00, ,99.7, 
2010/3/11,09:00,0.0, ,159840, ,40.41, ,0.00, ,99.7, 
2010/3/11,10:00,0.1, ,160000, ,45.39, ,0.00, ,99.7, 
2010/3/11,11:00,0.3, ,160160, ,41.20, ,0.00, ,99.6, 
2010/3/11,12:00,0.9, ,160320, ,40.97, ,0.00, ,99.6, 
2010/3/11,13:00,1.1, ,160430, ,43.72, ,0.00, ,99.6, 
2010/3/11,14:00,0.5, ,160590, ,40.01, ,0.00, ,99.5, 
2010/3/11,15:00,0.6, ,160700, ,37.54, ,0.00, ,99.5, 
2010/3/11,16:00,0.2, ,160860, ,39.30, ,0.00, ,99.5, 
2010/3/11,17:00,0.3, ,161020, ,39.53, ,0.00, ,99.4, 
2010/3/11,18:00,0.0, ,161130, ,38.77, ,0.00, ,99.4, 
2010/3/11,19:00,0.0, ,161290, ,39.54, ,0.00, ,99.4, 
2010/3/11,20:00,0.0, ,161400, ,38.31, ,0.00, ,99.3, 
2010/3/11,21:00,0.0, ,161560, ,36.09, ,0.00, ,99.3, 
2010/3/11,22:00,0.0, ,161670, ,32.13, ,0.00, ,99.3, 
2010/3/11,23:00,0.0, ,161770, ,32.89, ,0.00, ,99.2, 
2010/3/11,24:00,0.0, ,161880, ,31.16, ,0.00, ,100.0, 
2010/3/12,01:00,0.0, ,161990, ,31.92, ,0.00, ,100.0, 
2010/3/12,02:00,0.0, ,162100, ,30.93, ,0.00, ,99.9, 
2010/3/12,03:00,0.0, ,162260, ,31.95, ,0.00, ,99.9, 
2010/3/12,04:00,0.0, ,162310, ,31.46, ,0.00, ,99.9, 
2010/3/12,05:00,0.0, ,162470, ,28.23, ,0.00, ,99.8, 
2010/3/12,06:00,0.0, ,162530, ,29.74, ,0.00, ,99.8, 
2010/3/12,07:00,0.0, ,162640, ,24.75, ,0.00, ,99.8, 
2010/3/12,08:00,0.0, ,162740, ,34.51, ,0.00, ,99.7, 
2010/3/12,09:00,0.0, ,162850, ,27.27, ,0.00, ,99.7, 
2010/3/12,10:00,0.0, ,162960, ,28.28, ,0.00, ,99.7, 
2010/3/12,11:00,0.1, ,163070, ,27.54, ,0.00, ,99.6, 
2010/3/12,12:00,0.3, ,163120, ,24.80, ,0.00, ,99.6, 
2010/3/12,13:00,0.0, ,163230, ,27.81, ,0.00, ,99.6, 
2010/3/12,14:00,0.0, ,163340, ,24.06, ,0.00, ,99.5, 
2010/3/12,15:00,0.0, ,163390, ,24.82, ,0.00, ,99.5, 
2010/3/12,16:00,0.0, ,163560, ,29.09, ,0.00, ,99.5, 
2010/3/12,17:00,0.0, ,163610, ,27.60, ,0.00, ,99.4, 
2010/3/12,18:00,0.0, ,163720, ,25.35, ,0.00, ,99.4, 
2010/3/12,19:00,0.0, ,163830, ,26.36, ,0.00, ,99.4, 
2010/3/12,20:00,0.0, ,163880, ,23.61, ,0.00, ,99.3, 
2010/3/12,21:00,0.0, ,163990, ,27.64, ,0.00, ,99.3, 
2010/3/12,22:00,0.0, ,164100, ,26.89, ,0.00, ,99.3, 
2010/3/12,23:00,0.0, ,164150, ,23.88, ,0.00, ,99.2, 
2010/3/12,24:00,0.0, ,164260, ,28.42, ,0.00, ,100.0, 
2010/3/13,01:00,0.0, ,164370, ,26.92, ,0.00, ,100.0, 
2010/3/13,02:00,0.0, ,164480, ,25.67, ,0.00, ,99.9, 
2010/3/13,03:00,0.0, ,164530, ,23.92, ,0.00, ,99.9, 
2010/3/13,04:00,0.0, ,164640, ,31.99, ,0.00, ,99.9, 
2010/3/13,05:00,0.0, ,164750, ,26.71, ,0.00, ,99.8, 
2010/3/13,06:00,0.0, ,164860, ,24.70, ,0.00, ,99.8, 
2010/3/13,07:00,0.0, ,164910, ,23.20, ,0.00, ,99.8, 
2010/3/13,08:00,0.0, ,165020, ,25.98, ,0.00, ,99.7, 
2010/3/13,09:00,0.0, ,165130, ,24.98, ,0.00, ,99.7, 
2010/3/13,10:00,0.0, ,165190, ,23.73, ,0.00, ,99.7, 
2010/3/13,11:00,0.0, ,165300, ,27.27, ,0.00, ,99.6, 
2010/3/13,12:00,0.1, ,165410, ,25.01, ,0.00, ,99.6, 
2010/3/13,13:00,0.3, ,165460, ,24.00, ,0.00, ,99.6, 
2010/3/13,14:00,0.0, ,165570, ,26.79, ,0.00, ,99.5, 
2010/3/13,15:00,0.0, ,165680, ,21.74, ,0.00, ,99.5, 
2010/3/13,16:00,0.0, ,165790, ,25.29, ,0.00, ,99.5, 
2010/3/13,17:00,0.0, ,165840, ,28.59, ,0.00, ,99.4, 
2010/3/13,18:00,0.0, ,165950, ,23.54, ,0.00, ,99.4, 
2010/3/13,19:00,0.0, ,166010, ,23.54, ,0.00, ,99.4, 
2010/3/13,20:00,0.0, ,166120, ,24.82, ,0.00, ,99.4, 
2010/3/13,21:00,0.0, ,166170, ,21.78, ,0.00, ,99.3, 
2010/3/13,22:00,0.0, ,166280, ,25.84, ,0.00, ,99.3, 
2010/3/13,23:00,0.0, ,166330, ,21.30, ,0.00, ,99.3, 
2010/3/13,24:00,0.0, ,166440, ,25.38, ,0.00, ,100.0, 
2010/3/14,01:00,0.0, ,166550, ,21.32, ,0.00, ,100.0, 
2010/3/14,02:00,0.0, ,166610, ,25.90, ,0.00, ,99.9, 
2010/3/14,03:00,0.0, ,166720, ,23.11, ,0.00, ,99.9, 
2010/3/14,04:00,0.0, ,166770, ,23.88, ,0.00, ,99.9, 
2010/3/14,05:00,0.0, ,166880, ,22.87, ,0.00, ,99.8, 
2010/3/14,06:00,0.0, ,166940, ,23.39, ,0.00, ,99.8, 
2010/3/14,07:00,0.0, ,167050, ,24.92, ,0.00, ,99.8, 
2010/3/14,08:00,0.0, ,167100, ,21.11, ,0.00, ,99.7, 
2010/3/14,09:00,0.0, ,167210, ,23.92, ,0.00, ,99.7, 
2010/3/14,10:00,0.0, ,167270, ,21.63, ,0.00, ,99.7, 
2010/3/14,11:00,0.0, ,167380, ,22.91, ,0.00, ,99.6, 
2010/3/14,12:00,0.0, ,167430, ,22.92, ,0.00, ,99.6, 
2010/3/14,13:00,0.0, ,167540, ,23.69, ,0.00, ,99.6, 
2010/3/14,14:00,0.0, ,167600, ,23.44, ,0.00, ,99.5, 
2010/3/14,15:00,0.0, ,167710, ,22.43, ,0.00, ,99.5, 
2010/3/14,16:00,0.0, ,167760, ,22.43, ,0.00, ,99.5, 
2010/3/14,17:00,0.0, ,167820, ,18.10, ,0.00, ,99.5, 
2010/3/14,18:00,0.0, ,167930, ,23.72, ,0.00, ,99.4, 
2010/3/14,19:00,0.0, ,167980, ,20.41, ,0.00, ,99.4, 
2010/3/14,20:00,0.0, ,168090, ,25.26, ,0.00, ,99.4, 
2010/3/14,21:00,0.0, ,168150, ,20.93, ,0.00, ,99.3, 
2010/3/14,22:00,0.0, ,168260, ,24.51, ,0.00, ,99.3, 
2010/3/14,23:00,0.0, ,168310, ,20.43, ,0.00, ,99.3, 
2010/3/14,24:00,0.0, ,168370, ,15.84, ,0.00, ,100.0, 
2010/3/15,01:00,0.0, ,168480, ,22.23, ,0.00, ,100.0, 
2010/3/15,02:00,0.0, ,168540, ,21.46, ,0.00, ,99.9, 
2010/3/15,03:00,0.0, ,168650, ,23.52, ,0.00, ,99.9, 
2010/3/15,04:00,0.0, ,168700, ,23.27, ,0.00, ,99.9, 
2010/3/15,05:00,0.0, ,168760, ,18.42, ,0.00, ,99.8, 
2010/3/15,06:00,0.0, ,168870, ,19.44, ,0.00, ,99.8, 
2010/3/15,07:00,0.6, ,168920, ,25.59, ,0.00, ,99.8, 
2010/3/15,08:00,2.7, ,169030, ,26.36, ,0.00, ,99.7, 
2010/3/15,09:00,5.5, ,169140, ,25.35, ,0.00, ,99.7, 
2010/3/15,10:00,3.6, ,169250, ,28.43, ,0.00, ,99.7, 
2010/3/15,11:00,1.2, ,169360, ,31.51, ,0.00, ,99.6, 
2010/3/15,12:00,1.2, ,169420, ,28.71, ,0.00, ,99.6, 
2010/3/15,13:00,0.7, ,169590, ,30.51, ,0.00, ,99.6, 
2010/3/15,14:00,5.2, ,169700, ,34.88, ,0.00, ,99.6, 
2010/3/15,15:00,6.1, ,169860, ,39.52, ,0.00, ,99.5, 
2010/3/15,16:00,6.6, ,170090, ,54.43, ,0.00, ,99.5, 
2010/3/15,17:00,3.7, ,170310, ,59.09, ,0.00, ,99.5, 
2010/3/15,18:00,5.7, ,170530, ,63.76, ,0.00, ,99.4, 
2010/3/15,19:00,6.6, ,170920, ,88.52, ,0.00, ,99.4, 
2010/3/15,20:00,4.7, ,171420, ,119.03, ,0.00, ,99.4, 
2010/3/15,21:00,3.6, ,171980, ,147.85, ,0.00, ,99.3, 
2010/3/15,22:00,0.7, ,172590, ,166.99, ,0.00, ,99.3, 
2010/3/15,23:00,0.3, ,173150, ,164.45, ,0.00, ,99.3, 
2010/3/15,24:00,0.0, ,173660, ,144.77, ,0.00, ,100.0, 
2010/3/16,01:00,0.0, ,174050, ,127.59, ,0.00, ,100.0, 
2010/3/16,02:00,0.1, ,174500, ,113.97, ,0.00, ,99.9, 
2010/3/16,03:00,0.3, ,174840, ,101.87, ,0.00, ,99.9, 
2010/3/16,04:00,0.4, ,175120, ,91.55, ,0.00, ,99.9, 
2010/3/16,05:00,0.1, ,175460, ,90.07, ,0.00, ,99.8, 
2010/3/16,06:00,0.1, ,175740, ,82.84, ,0.00, ,99.8, 
2010/3/16,07:00,0.0, ,176020, ,73.76, ,0.00, ,99.8, 
2010/3/16,08:00,0.0, ,176250, ,73.04, ,0.00, ,99.7, 
2010/3/16,09:00,0.0, ,176530, ,71.53, ,0.00, ,99.7, 
2010/3/16,10:00,0.0, ,176760, ,70.01, ,0.00, ,99.7, 
2010/3/16,11:00,0.0, ,176990, ,63.24, ,0.00, ,99.6, 
2010/3/16,12:00,0.0, ,177270, ,70.39, ,0.00, ,99.6, 
2010/3/16,13:00,0.0, ,177380, ,53.96, ,0.00, ,99.6, 
2010/3/16,14:00,0.0, ,177610, ,56.26, ,30.80, ,99.6, 
2010/3/16,15:00,0.0, ,177720, ,53.89, ,61.60, ,99.5, 
2010/3/16,16:00,0.0, ,177890, ,52.44, ,0.00, ,99.5, 
2010/3/16,17:00,0.0, ,178060, ,48.94, ,0.00, ,99.5, 
2010/3/16,18:00,0.0, ,178240, ,51.08, ,0.00, ,99.4, 
2010/3/16,19:00,0.0, ,178410, ,44.26, ,0.00, ,99.4, 
2010/3/16,20:00,0.0, ,178580, ,50.35, ,0.00, ,99.4, 
2010/3/16,21:00,0.0, ,178750, ,47.21, ,0.00, ,99.3, 
2010/3/16,22:00,0.0, ,178920, ,49.09, ,0.00, ,99.3, 
2010/3/16,23:00,0.0, ,179090, ,42.51, ,0.00, ,99.3, 
2010/3/16,24:00,0.0, ,179200, ,41.74, ,0.00, ,100.0, 
2010/3/17,01:00,0.0, ,179380, ,45.73, ,0.00, ,100.0, 
2010/3/17,02:00,0.0, ,179550, ,39.67, ,0.00, ,99.9, 
2010/3/17,03:00,0.0, ,179720, ,48.96, ,0.00, ,99.9, 
2010/3/17,04:00,0.0, ,179890, ,41.30, ,0.00, ,99.9, 
2010/3/17,05:00,0.0, ,180000, ,44.50, ,0.00, ,99.8, 
2010/3/17,06:00,0.0, ,180180, ,41.08, ,0.00, ,99.8, 
2010/3/17,07:00,0.0, ,180290, ,40.84, ,0.00, ,99.8, 
2010/3/17,08:00,0.0, ,180460, ,44.57, ,0.00, ,99.7, 
2010/3/17,09:00,0.0, ,180640, ,42.73, ,0.00, ,99.7, 
2010/3/17,10:00,0.0, ,180750, ,41.60, ,20.20, ,99.7, 
2010/3/17,11:00,0.0, ,180750, ,34.06, ,30.50, ,99.7, 
2010/3/17,12:00,0.0, ,180750, ,37.20, ,1.20, ,99.6, 
2010/3/17,13:00,0.0, ,180860, ,33.88, ,3.20, ,99.6, 
2010/3/17,14:00,0.0, ,180920, ,38.94, ,30.40, ,99.6, 
2010/3/17,15:00,0.0, ,180920, ,50.33, ,59.00, ,99.5, 
2010/3/17,16:00,0.0, ,180860, ,47.37, ,59.00, ,99.5, 
2010/3/17,17:00,0.0, ,180810, ,34.00, ,1.80, ,99.5, 
2010/3/17,18:00,0.0, ,180920, ,23.97, ,0.00, ,99.4, 
2010/3/17,19:00,0.0, ,181040, ,36.16, ,0.00, ,99.4, 
2010/3/17,20:00,0.0, ,181150, ,31.38, ,0.00, ,99.4, 
2010/3/17,21:00,0.0, ,181270, ,38.05, ,0.00, ,99.3, 
2010/3/17,22:00,0.0, ,181440, ,31.41, ,0.00, ,99.3, 
2010/3/17,23:00,0.0, ,181550, ,34.88, ,0.00, ,99.3, 
2010/3/17,24:00,0.0, ,181670, ,32.77, ,0.00, ,100.0, 
2010/3/18,01:00,0.0, ,181780, ,33.58, ,0.00, ,100.0, 
2010/3/18,02:00,0.0, ,181900, ,31.99, ,0.00, ,99.9, 
2010/3/18,03:00,0.0, ,182020, ,33.60, ,0.00, ,99.9, 
2010/3/18,04:00,0.0, ,182130, ,32.55, ,0.00, ,99.9, 
2010/3/18,05:00,0.0, ,182250, ,32.83, ,0.00, ,99.8, 
2010/3/18,06:00,0.0, ,182360, ,31.51, ,0.00, ,99.8, 
2010/3/18,07:00,0.0, ,182480, ,31.79, ,0.00, ,99.8, 
2010/3/18,08:00,0.0, ,182590, ,31.26, ,0.00, ,99.7, 
2010/3/18,09:00,0.0, ,182710, ,32.35, ,0.00, ,99.7, 
2010/3/18,10:00,0.0, ,182820, ,29.68, ,0.00, ,99.7, 
2010/3/18,11:00,0.0, ,182940, ,27.55, ,0.00, ,99.7, 
2010/3/18,12:00,0.0, ,183050, ,35.34, ,0.00, ,99.6, 
2010/3/18,13:00,0.0, ,183110, ,29.74, ,0.00, ,99.6, 
2010/3/18,14:00,0.1, ,183230, ,28.94, ,0.00, ,99.6, 
2010/3/18,15:00,0.0, ,183340, ,30.86, ,0.00, ,99.5, 
2010/3/18,16:00,1.1, ,183460, ,30.35, ,1.40, ,99.5, 
2010/3/18,17:00,0.6, ,183520, ,29.41, ,18.30, ,99.5, 
2010/3/18,18:00,0.0, ,183520, ,31.86, ,28.20, ,99.4, 
2010/3/18,19:00,0.0, ,183520, ,37.12, ,47.00, ,99.4, 
2010/3/18,20:00,0.0, ,183460, ,41.92, ,46.60, ,99.4, 
2010/3/18,21:00,0.0, ,183400, ,33.33, ,46.60, ,99.3, 
2010/3/18,22:00,0.0, ,183340, ,30.10, ,46.50, ,99.3, 
2010/3/18,23:00,0.0, ,183340, ,24.57, ,28.10, ,99.3, 
2010/3/18,24:00,0.0, ,183340, ,23.70, ,18.10, ,100.0, 
2010/3/19,01:00,0.0, ,183400, ,15.26, ,0.00, ,100.0, 
2010/3/19,02:00,0.0, ,183520, ,23.05, ,0.00, ,99.9, 
2010/3/19,03:00,0.0, ,183580, ,27.26, ,0.00, ,99.9, 
2010/3/19,04:00,0.0, ,183690, ,28.20, ,0.00, ,99.9, 
2010/3/19,05:00,0.0, ,183810, ,24.18, ,0.00, ,99.8, 
2010/3/19,06:00,0.0, ,183870, ,27.95, ,0.00, ,99.8, 
2010/3/19,07:00,0.0, ,183980, ,29.87, ,2.00, ,99.8, 
2010/3/19,08:00,0.0, ,184040, ,21.97, ,18.20, ,99.8, 
2010/3/19,09:00,0.0, ,184040, ,37.79, ,28.50, ,99.7, 
2010/3/19,10:00,0.0, ,184040, ,34.99, ,42.70, ,99.7, 
2010/3/19,11:00,0.0, ,183980, ,34.71, ,42.60, ,99.7, 
2010/3/19,12:00,0.0, ,183920, ,25.53, ,42.10, ,99.6, 
2010/3/19,13:00,0.0, ,183920, ,23.50, ,18.30, ,99.6, 
2010/3/19,14:00,0.0, ,183920, ,29.89, ,42.70, ,99.6, 
2010/3/19,15:00,0.0, ,183810, ,27.43, ,42.60, ,99.5, 
2010/3/19,16:00,0.0, ,183810, ,18.59, ,28.20, ,99.5, 
2010/3/19,17:00,0.0, ,183750, ,33.15, ,42.40, ,99.5, 
2010/3/19,18:00,0.0, ,183750, ,28.23, ,42.20, ,99.4, 
2010/3/19,19:00,0.0, ,183690, ,28.83, ,42.90, ,99.4, 
2010/3/19,20:00,0.0, ,183630, ,29.90, ,42.40, ,99.4, 
2010/3/19,21:00,0.0, ,183580, ,23.17, ,42.10, ,99.3, 
2010/3/19,22:00,0.0, ,183520, ,28.56, ,42.20, ,99.3, 
2010/3/19,23:00,0.0, ,183520, ,16.65, ,0.00, ,99.3, 
2010/3/19,24:00,0.0, ,183580, ,8.59, ,0.00, ,100.0, 
2010/3/20,01:00,0.0, ,183630, ,21.22, ,0.00, ,100.0, 
2010/3/20,02:00,0.0, ,183750, ,19.88, ,0.00, ,99.9, 
2010/3/20,03:00,0.0, ,183810, ,22.57, ,0.00, ,99.9, 
2010/3/20,04:00,0.0, ,183920, ,21.23, ,0.00, ,99.9, 
2010/3/20,05:00,0.0, ,183980, ,20.43, ,0.00, ,99.8, 
2010/3/20,06:00,0.0, ,184040, ,21.51, ,0.00, ,99.8, 
2010/3/20,07:00,0.0, ,184160, ,22.34, ,1.40, ,99.8, 
2010/3/20,08:00,0.0, ,184160, ,28.80, ,18.50, ,99.8, 
2010/3/20,09:00,0.0, ,184160, ,20.36, ,22.90, ,99.7, 
2010/3/20,10:00,0.0, ,184100, ,29.09, ,45.00, ,99.7, 
2010/3/20,11:00,0.0, ,183980, ,22.69, ,45.60, ,99.7, 
2010/3/20,12:00,0.0, ,183920, ,18.69, ,45.10, ,99.6, 
2010/3/20,13:00,0.0, ,183920, ,23.51, ,22.80, ,99.6, 
2010/3/20,14:00,0.0, ,183870, ,25.01, ,45.40, ,99.6, 
2010/3/20,15:00,0.0, ,183750, ,20.85, ,45.00, ,99.5, 
2010/3/20,16:00,0.0, ,183690, ,22.48, ,45.10, ,99.5, 
2010/3/20,17:00,0.0, ,183580, ,19.52, ,45.70, ,99.5, 
2010/3/20,18:00,0.0, ,183520, ,21.41, ,45.10, ,99.4, 
2010/3/20,19:00,0.0, ,183400, ,22.24, ,45.50, ,99.4, 
2010/3/20,20:00,1.6, ,183340, ,21.72, ,45.50, ,99.4, 
2010/3/20,21:00,1.3, ,183290, ,22.28, ,45.60, ,99.4, 
2010/3/20,22:00,3.5, ,183230, ,22.63, ,37.00, ,99.3, 
2010/3/20,23:00,4.1, ,183290, ,31.56, ,0.00, ,99.3, 
2010/3/20,24:00,0.4, ,183400, ,16.10, ,0.00, ,100.0, 
2010/3/21,01:00,1.8, ,183460, ,24.70, ,0.00, ,100.0, 
2010/3/21,02:00,0.3, ,183580, ,24.97, ,0.00, ,99.9, 
2010/3/21,03:00,0.0, ,183630, ,26.59, ,0.00, ,99.9, 
2010/3/21,04:00,0.0, ,183690, ,12.09, ,0.00, ,99.9, 
2010/3/21,05:00,0.0, ,183750, ,22.57, ,0.00, ,99.8, 
2010/3/21,06:00,0.0, ,183870, ,21.78, ,1.20, ,99.8, 
2010/3/21,07:00,0.0, ,183870, ,23.81, ,25.50, ,99.8, 
2010/3/21,08:00,0.0, ,183810, ,26.10, ,25.60, ,99.8, 
2010/3/21,09:00,0.0, ,183870, ,24.96, ,25.70, ,99.7, 
2010/3/21,10:00,0.0, ,183810, ,22.60, ,25.20, ,99.7, 
2010/3/21,11:00,0.0, ,183810, ,22.15, ,25.60, ,99.7, 
2010/3/21,12:00,0.0, ,183690, ,22.30, ,47.40, ,99.6, 
2010/3/21,13:00,0.0, ,183750, ,26.12, ,0.00, ,99.6, 
2010/3/21,14:00,0.0, ,183870, ,18.01, ,0.00, ,99.6, 
2010/3/21,15:00,0.0, ,183870, ,18.55, ,0.00, ,99.5, 
2010/3/21,16:00,0.0, ,183980, ,18.31, ,1.70, ,99.5, 
2010/3/21,17:00,0.0, ,183920, ,18.36, ,25.70, ,99.5, 
2010/3/21,18:00,0.0, ,183870, ,16.82, ,49.50, ,99.4, 
2010/3/21,19:00,0.0, ,183750, ,26.50, ,59.60, ,99.4, 
2010/3/21,20:00,0.0, ,183580, ,20.80, ,59.80, ,99.4, 
2010/3/21,21:00,0.0, ,183460, ,19.27, ,59.70, ,99.4, 
2010/3/21,22:00,0.0, ,183340, ,18.22, ,48.80, ,99.3, 
2010/3/21,23:00,0.0, ,183400, ,17.64, ,0.00, ,99.3, 
2010/3/21,24:00,0.0, ,183400, ,14.50, ,0.00, ,100.0, 
2010/3/22,01:00,0.0, ,183460, ,14.50, ,0.00, ,100.0, 
2010/3/22,02:00,0.0, ,183520, ,12.89, ,0.00, ,99.9, 
2010/3/22,03:00,0.0, ,183630, ,27.39, ,0.00, ,99.9, 
2010/3/22,04:00,0.0, ,183690, ,13.97, ,0.00, ,99.9, 
2010/3/22,05:00,0.0, ,183750, ,19.88, ,0.00, ,99.8, 
2010/3/22,06:00,0.0, ,183810, ,20.15, ,0.00, ,99.8, 
2010/3/22,07:00,0.0, ,183920, ,13.44, ,0.00, ,99.8, 
2010/3/22,08:00,0.0, ,183920, ,22.85, ,0.00, ,99.8, 
2010/3/22,09:00,0.0, ,184040, ,15.62, ,1.40, ,99.7, 
2010/3/22,10:00,0.0, ,184040, ,31.14, ,29.50, ,99.7, 
2010/3/22,11:00,0.0, ,183920, ,20.86, ,54.90, ,99.7, 
2010/3/22,12:00,0.0, ,183750, ,23.50, ,49.40, ,99.6, 
2010/3/22,13:00,0.0, ,183750, ,5.37, ,0.80, ,99.6, 
2010/3/22,14:00,0.0, ,183750, ,12.55, ,25.80, ,99.6, 
2010/3/22,15:00,0.0, ,183750, ,25.46, ,25.10, ,99.5, 
2010/3/22,16:00,0.0, ,183750, ,25.49, ,25.30, ,99.5, 
2010/3/22,17:00,0.0, ,183750, ,13.13, ,0.00, ,99.5, 
2010/3/22,18:00,0.0, ,183750, ,3.91, ,29.70, ,99.5, 
2010/3/22,19:00,0.0, ,183690, ,28.31, ,59.50, ,99.4, 
2010/3/22,21:00,0.0, ,183460, ,18.95, ,59.30, ,99.4, 
2010/3/22,22:00,0.0, ,183290, ,21.24, ,53.80, ,99.3, 
2010/3/22,23:00,0.0, ,183230, ,13.79, ,0.00, ,99.3, 
2010/3/22,24:00,0.0, ,183290, ,4.97, ,0.00, ,100.0, 
2010/3/23,01:00,0.0, ,183340, ,15.03, ,0.00, ,100.0, 
2010/3/23,02:00,0.0, ,183400, ,18.52, ,0.00, ,99.9, 
2010/3/23,03:00,0.0, ,183460, ,15.84, ,0.00, ,99.9, 
2010/3/23,04:00,0.0, ,183520, ,18.26, ,0.00, ,99.9, 
2010/3/23,05:00,0.3, ,183580, ,12.62, ,0.00, ,99.8, 
2010/3/23,06:00,0.0, ,183630, ,20.68, ,0.00, ,99.8, 
2010/3/23,07:00,0.7, ,183690, ,19.34, ,0.00, ,99.8, 
2010/3/23,08:00,0.1, ,183750, ,15.85, ,0.00, ,99.8, 
2010/3/23,09:00,0.0, ,183810, ,19.63, ,1.10, ,99.7, 
2010/3/23,10:00,0.0, ,183810, ,16.23, ,29.50, ,99.7, 
2010/3/23,11:00,1.5, ,183690, ,34.11, ,59.70, ,99.7, 
2010/3/23,12:00,1.2, ,183580, ,23.31, ,48.50, ,99.6, 
2010/3/23,13:00,0.6, ,183580, ,11.30, ,1.70, ,99.6, 
2010/3/23,14:00,0.3, ,183580, ,14.56, ,29.80, ,99.6, 
2010/3/23,15:00,1.9, ,183520, ,27.85, ,29.70, ,99.5, 
2010/3/23,16:00,4.9, ,183520, ,15.50, ,29.50, ,99.5, 
2010/3/23,17:00,6.6, ,183520, ,15.27, ,0.00, ,99.5, 
2010/3/23,18:00,0.1, ,183630, ,13.73, ,1.80, ,99.5, 
2010/3/23,19:00,0.0, ,183630, ,33.18, ,30.00, ,99.4, 
2010/3/23,20:00,0.0, ,183460, ,22.78, ,59.60, ,99.4, 
2010/3/23,21:00,0.0, ,183340, ,20.85, ,59.80, ,99.4, 
2010/3/23,22:00,2.0, ,183230, ,20.90, ,59.80, ,99.3, 
2010/3/23,23:00,0.1, ,183170, ,20.04, ,33.90, ,99.3, 
2010/3/23,24:00,0.3, ,183170, ,14.03, ,0.00, ,100.0, 
2010/3/24,01:00,0.8, ,183230, ,8.86, ,0.00, ,100.0, 
2010/3/24,02:00,0.1, ,183290, ,8.86, ,0.00, ,99.9, 
2010/3/24,03:00,0.3, ,183340, ,23.88, ,0.00, ,99.9, 
2010/3/24,04:00,0.8, ,183400, ,8.59, ,0.00, ,99.9, 
2010/3/24,05:00,2.9, ,183460, ,14.77, ,0.00, ,99.8, 
2010/3/24,06:00,2.0, ,183520, ,20.41, ,0.00, ,99.8, 
2010/3/24,07:00,2.6, ,183580, ,19.60, ,0.00, ,99.8, 
2010/3/24,08:00,0.8, ,183630, ,15.04, ,0.00, ,99.8, 
2010/3/24,09:00,0.7, ,183750, ,23.93, ,1.50, ,99.7, 
2010/3/24,10:00,1.3, ,183750, ,31.99, ,29.70, ,99.7, 
2010/3/24,11:00,1.1, ,183630, ,34.93, ,59.60, ,99.7, 
2010/3/24,12:00,0.9, ,183580, ,28.98, ,48.10, ,99.6, 
2010/3/24,13:00,1.2, ,183630, ,25.65, ,1.80, ,99.6, 
2010/3/24,14:00,0.0, ,0,$,0.00,$,0.00,$,0.0,$
2010/3/24,21:00,2.3, ,183400, ,35.60, ,59.40, ,99.4, 
2010/3/24,22:00,0.2, ,183340, ,36.33, ,29.70, ,99.3, 
2010/3/24,23:00,0.0, ,183460, ,19.12, ,0.00, ,99.3, 
2010/3/24,24:00,0.2, ,183580, ,32.75, ,0.00, ,100.0, 
2010/3/25,01:00,0.5, ,183690, ,35.18, ,0.00, ,100.0, 
2010/3/25,02:00,1.2, ,183810, ,31.43, ,0.00, ,99.9, 
2010/3/25,03:00,1.6, ,183870, ,27.41, ,0.00, ,99.9, 
2010/3/25,04:00,2.8, ,183980, ,30.10, ,0.00, ,99.9, 
2010/3/25,05:00,1.8, ,184100, ,30.11, ,0.00, ,99.9, 
2010/3/25,06:00,2.5, ,184270, ,32.54, ,0.00, ,99.8, 
2010/3/25,07:00,3.2, ,184390, ,40.09, ,0.00, ,99.8, 
2010/3/25,08:00,2.9, ,184560, ,40.10, ,0.00, ,99.8, 
2010/3/25,09:00,2.6, ,184740, ,44.18, ,1.30, ,99.7, 
2010/3/25,10:00,1.7, ,184800, ,54.74, ,29.80, ,99.7, 
2010/3/25,11:00,1.5, ,184800, ,53.15, ,59.50, ,99.7, 
2010/3/25,12:00,0.3, ,184800, ,59.32, ,59.10, ,99.6, 
2010/3/25,13:00,0.1, ,184850, ,70.70, ,49.40, ,99.6, 
2010/3/25,14:00,0.0, ,184910, ,64.45, ,59.40, ,99.6, 
2010/3/25,15:00,0.0, ,184910, ,65.24, ,59.20, ,99.6, 
2010/3/25,16:00,0.0, ,184910, ,59.32, ,59.20, ,99.5, 
2010/3/25,17:00,0.0, ,184910, ,59.27, ,59.10, ,99.5, 
2010/3/25,18:00,0.0, ,184850, ,53.34, ,59.40, ,99.5, 
2010/3/25,19:00,0.0, ,184850, ,49.05, ,59.30, ,99.4, 
2010/3/25,20:00,0.0, ,184850, ,59.28, ,59.20, ,99.4, 
2010/3/25,21:00,0.0, ,184800, ,44.50, ,59.20, ,99.4, 
2010/3/25,22:00,0.0, ,184740, ,50.41, ,59.10, ,99.3, 
2010/3/25,23:00,0.0, ,184680, ,46.11, ,59.20, ,99.3, 
2010/3/25,24:00,0.2, ,184680, ,43.09, ,49.60, ,100.0, 
2010/3/26,01:00,0.0, ,184680, ,34.16, ,18.00, ,100.0, 
2010/3/26,02:00,0.0, ,184800, ,30.98, ,18.40, ,99.9, 
2010/3/26,03:00,0.0, ,184800, ,37.99, ,18.30, ,99.9, 
2010/3/26,04:00,0.0, ,184910, ,36.93, ,18.40, ,99.9, 
2010/3/26,05:00,0.1, ,185030, ,37.53, ,0.00, ,99.9, 
2010/3/26,06:00,0.3, ,185150, ,35.87, ,0.70, ,99.8, 
2010/3/26,07:00,0.2, ,185200, ,39.37, ,29.60, ,99.8, 
2010/3/26,08:00,0.0, ,185260, ,38.77, ,29.40, ,99.8, 
2010/3/26,09:00,0.4, ,185260, ,42.59, ,29.50, ,99.7, 
2010/3/26,10:00,0.2, ,185200, ,41.89, ,59.40, ,99.7, 
2010/3/26,11:00,0.2, ,185150, ,44.13, ,59.40, ,99.7, 
2010/3/26,12:00,0.0, ,185090, ,38.73, ,56.90, ,99.6, 
2010/3/26,13:00,0.0, ,185090, ,27.63, ,22.40, ,99.6, 
2010/3/26,14:00,0.0,-,0,-,0.00,-,0.00,-,0.0,-
2010/3/26,15:00,0.0,-,0,-,0.00,-,0.00,-,0.0,-
2010/3/26,16:00,0.0,-,0,-,0.00,-,0.00,-,0.0,-
2010/3/26,17:00,0.0,-,0,-,0.00,-,0.00,-,0.0,-
2010/3/26,18:00,0.0,-,0,-,0.00,-,0.00,-,0.0,-
2010/3/26,19:00,0.0, ,185090, ,38.15, ,59.20, ,99.4, 
2010/3/26,20:00,0.0, ,184970, ,35.51, ,59.20, ,99.4, 
2010/3/26,21:00,0.0, ,184910, ,33.68, ,59.50, ,99.4, 
2010/3/26,22:00,0.0, ,184910, ,35.26, ,29.30, ,99.4, 
2010/3/26,23:00,0.0, ,184910, ,29.65, ,29.50, ,99.3, 
2010/3/26,24:00,0.0, ,184910, ,29.65, ,29.70, ,100.0, 
2010/3/27,01:00,0.0, ,184910, ,24.24, ,18.70, ,100.0, 
2010/3/27,02:00,0.0, ,184910, ,18.32, ,18.50, ,99.9, 
2010/3/27,03:00,0.0, ,184970, ,23.37, ,20.90, ,99.9, 
2010/3/27,04:00,0.0, ,185030, ,27.99, ,0.00, ,99.9, 
2010/3/27,05:00,0.0, ,185150, ,27.25, ,0.00, ,99.9, 
2010/3/27,06:00,0.0, ,185260, ,31.28, ,0.00, ,99.8, 
2010/3/27,07:00,0.0, ,185320, ,27.81, ,1.70, ,99.8, 
2010/3/27,08:00,0.0, ,185380, ,27.44, ,29.70, ,99.8, 
2010/3/27,09:00,0.0, ,185320, ,44.94, ,59.40, ,99.7, 
2010/3/27,10:00,0.1, ,185200, ,30.12, ,58.90, ,99.7, 
2010/3/27,11:00,0.0, ,185090, ,32.84, ,59.40, ,99.7, 
2010/3/27,12:00,0.0, ,185030, ,32.68, ,49.10, ,99.6, 
2010/3/27,13:00,0.0, ,185030, ,22.65, ,1.80, ,99.6, 
2010/3/27,14:00,0.1, ,185030, ,14.51, ,30.00, ,99.6, 
2010/3/27,15:00,0.0, ,185030, ,29.63, ,30.00, ,99.6, 
2010/3/27,16:00,0.0, ,185030, ,29.64, ,29.80, ,99.5, 
2010/3/27,17:00,0.0, ,185030, ,29.63, ,29.70, ,99.5, 
2010/3/27,18:00,0.0, ,184970, ,34.68, ,59.30, ,99.5, 
2010/3/27,19:00,0.0, ,184800, ,29.39, ,59.40, ,99.4, 
2010/3/27,20:00,0.0, ,184740, ,25.11, ,59.00, ,99.4, 
2010/3/27,21:00,0.0, ,184680, ,23.01, ,29.50, ,99.4, 
2010/3/27,22:00,0.0, ,184680, ,28.04, ,29.60, ,99.4, 
2010/3/27,23:00,0.0, ,184680, ,29.66, ,30.00, ,99.3, 
2010/3/27,24:00,0.0, ,184560, ,24.43, ,58.80, ,100.0, 
2010/3/28,01:00,0.0, ,184510, ,23.04, ,29.90, ,100.0, 
2010/3/28,02:00,0.0, ,184560, ,11.65, ,0.00, ,99.9, 
2010/3/28,03:00,0.0, ,184620, ,20.47, ,0.00, ,99.9, 
2010/3/28,04:00,0.0, ,184740, ,25.86, ,0.00, ,99.9, 
2010/3/28,05:00,0.0, ,184800, ,23.44, ,0.00, ,99.9, 
2010/3/28,06:00,0.0, ,184910, ,26.14, ,0.00, ,99.8, 
2010/3/28,07:00,0.0, ,184970, ,23.48, ,1.80, ,99.8, 
2010/3/28,08:00,0.0, ,184970, ,21.62, ,29.40, ,99.8, 
2010/3/28,09:00,0.0, ,184970, ,29.62, ,29.90, ,99.7, 
2010/3/28,10:00,0.0, ,184910, ,39.29, ,59.00, ,99.7, 
2010/3/28,11:00,0.0, ,184800, ,30.49, ,59.50, ,99.7, 
2010/3/28,12:00,0.0, ,184680, ,24.70, ,49.20, ,99.6, 
2010/3/28,13:00,0.0, ,184680, ,16.74, ,0.00, ,99.6, 
2010/3/28,14:00,0.0, ,184800, ,14.28, ,0.00, ,99.6, 
2010/3/28,15:00,0.4, ,184850, ,23.98, ,0.00, ,99.6, 
2010/3/28,16:00,0.0, ,184970, ,23.99, ,0.00, ,99.5, 
2010/3/28,17:00,0.0, ,185030, ,19.90, ,29.10, ,99.5, 
2010/3/28,18:00,0.0, ,185030, ,31.30, ,29.80, ,99.5, 
2010/3/28,19:00,0.0, ,184970, ,38.15, ,59.40, ,99.4, 
2010/3/28,20:00,0.0, ,184800, ,24.26, ,59.30, ,99.4, 
2010/3/28,21:00,0.0, ,184680, ,21.88, ,59.10, ,99.4, 
2010/3/28,22:00,0.0, ,184620, ,24.05, ,29.70, ,99.4, 
2010/3/28,23:00,0.0, ,184620, ,15.93, ,30.00, ,99.3, 
2010/3/28,24:00,0.1, ,184560, ,29.12, ,29.80, ,100.0, 
2010/3/29,01:00,0.0, ,184620, ,5.72, ,0.00, ,100.0, 
2010/3/29,02:00,0.0, ,184740, ,21.82, ,0.00, ,99.9, 
2010/3/29,03:00,0.1, ,184800, ,27.75, ,0.00, ,99.9, 
2010/3/29,04:00,0.1, ,184910, ,21.29, ,0.00, ,99.9, 
2010/3/29,05:00,0.0, ,184970, ,25.33, ,0.00, ,99.9, 
2010/3/29,06:00,0.0, ,185090, ,21.30, ,0.00, ,99.8, 
2010/3/29,07:00,0.0, ,185150, ,27.15, ,27.40, ,99.8, 
2010/3/29,08:00,0.0, ,185150, ,27.30, ,29.70, ,99.8, 
2010/3/29,09:00,0.1, ,185090, ,27.47, ,30.10, ,99.7, 
2010/3/29,10:00,0.0, ,184970, ,20.00, ,59.10, ,99.7, 
2010/3/29,11:00,0.0, ,184850, ,24.00, ,59.10, ,99.7, 
2010/3/29,12:00,0.2, ,184740, ,21.69, ,48.60, ,99.7, 
2010/3/29,13:00,0.0, ,184800, ,20.15, ,0.00, ,99.6, 
2010/3/29,14:00,0.0, ,184850, ,18.59, ,0.00, ,99.6, 
2010/3/29,15:00,0.0, ,184910, ,26.41, ,0.00, ,99.6, 
2010/3/29,16:00,0.1, ,184970, ,11.32, ,0.00, ,99.5, 
2010/3/29,17:00,0.0, ,185090, ,25.00, ,27.90, ,99.5, 
2010/3/29,18:00,0.0, ,185030, ,21.94, ,29.40, ,99.5, 
2010/3/29,19:00,0.0, ,184910, ,20.06, ,59.40, ,99.5, 
2010/3/29,20:00,0.0, ,184800, ,25.88, ,59.20, ,99.4, 
2010/3/29,21:00,0.0, ,184800, ,20.55, ,29.60, ,99.4, 
2010/3/29,22:00,0.0, ,184740, ,17.43, ,22.50, ,99.4, 
2010/3/29,23:00,0.0, ,184680, ,16.32, ,22.70, ,99.3, 
2010/3/29,24:00,0.0, ,184740, ,19.34, ,22.90, ,100.0, 
2010/3/30,01:00,0.0, ,184740, ,18.19, ,0.00, ,100.0, 
2010/3/30,02:00,0.0, ,184850, ,19.94, ,0.00, ,99.9, 
2010/3/30,03:00,0.0, ,184910, ,15.63, ,0.00, ,99.9, 
2010/3/30,04:00,0.0, ,184970, ,20.75, ,0.00, ,99.9, 
2010/3/30,05:00,0.0, ,185030, ,20.76, ,0.00, ,99.9, 
2010/3/30,06:00,0.0, ,185090, ,15.64, ,0.00, ,99.8, 
2010/3/30,07:00,0.0, ,185150, ,20.53, ,1.80, ,99.8, 
2010/3/30,08:00,0.0, ,185150, ,17.42, ,29.40, ,99.8, 
2010/3/30,09:00,0.0, ,185150, ,29.61, ,29.70, ,99.7, 
2010/3/30,10:00,0.0, ,185030, ,23.92, ,59.40, ,99.7, 
2010/3/30,11:00,0.1, ,184850, ,21.56, ,59.20, ,99.7, 
2010/3/30,12:00,0.0, ,184740, ,22.48, ,48.60, ,99.7, 
2010/3/30,13:00,0.0, ,184740, ,10.71, ,0.00, ,99.6, 
2010/3/30,14:00,0.0, ,184800, ,12.40, ,0.00, ,99.6, 
2010/3/30,15:00,0.0, ,184850, ,14.28, ,0.00, ,99.6, 
2010/3/30,16:00,0.0, ,184970, ,22.10, ,0.00, ,99.5, 
2010/3/30,17:00,0.0, ,185030, ,16.20, ,1.80, ,99.5, 
2010/3/30,18:00,0.0, ,185030, ,30.40, ,29.40, ,99.5, 
2010/3/30,19:00,0.0, ,184910, ,27.14, ,59.50, ,99.5, 
2010/3/30,20:00,0.0, ,184740, ,21.32, ,59.30, ,99.4, 
2010/3/30,21:00,0.0, ,184740, ,18.89, ,29.70, ,99.4, 
2010/3/30,22:00,0.0, ,184680, ,15.90, ,29.20, ,99.4, 
2010/3/30,23:00,0.0, ,184620, ,25.08, ,29.40, ,99.3, 
2010/3/30,24:00,0.0, ,184620, ,15.65, ,29.10, ,100.0, 
2010/3/31,01:00,0.0, ,184620, ,15.24, ,0.00, ,100.0, 
2010/3/31,02:00,0.0, ,184680, ,5.12, ,0.00, ,99.9, 
2010/3/31,03:00,0.0, ,184740, ,14.01, ,0.00, ,99.9, 
2010/3/31,04:00,0.0, ,184800, ,19.67, ,0.00, ,99.9, 
2010/3/31,05:00,0.0, ,184850, ,20.48, ,0.00, ,99.9, 
2010/3/31,06:00,0.0, ,184910, ,19.40, ,0.00, ,99.8, 
2010/3/31,07:00,0.0, ,184970, ,15.66, ,1.70, ,99.8, 
2010/3/31,08:00,0.0, ,184970, ,17.20, ,29.70, ,99.8, 
2010/3/31,09:00,0.0, ,184970, ,29.65, ,29.60, ,99.7, 
2010/3/31,10:00,0.0, ,184850, ,30.44, ,59.00, ,99.7, 
2010/3/31,11:00,0.0, ,184680, ,17.82, ,59.50, ,99.7, 
2010/3/31,12:00,0.0, ,184680, ,22.10, ,35.20, ,99.7, 
2010/3/31,13:00,0.0, ,184680, ,17.79, ,0.00, ,99.6, 
2010/3/31,14:00,0.0, ,184740, ,0.81, ,0.00, ,99.6, 
2010/3/31,15:00,0.0, ,184740, ,15.35, ,0.00, ,99.6, 
2010/3/31,16:00,0.0, ,184850, ,16.98, ,0.00, ,99.5, 
2010/3/31,17:00,0.1, ,184910, ,18.08, ,1.60, ,99.5, 
2010/3/31,18:00,0.9, ,184910, ,27.93, ,29.40, ,99.5, 
2010/3/31,19:00,0.4, ,184800, ,33.31, ,59.00, ,99.5, 
2010/3/31,20:00,0.6, ,184680, ,19.72, ,59.40, ,99.4, 
2010/3/31,21:00,0.4, ,184620, ,20.31, ,29.70, ,99.4, 
2010/3/31,22:00,0.3, ,184560, ,20.50, ,29.50, ,99.4, 
2010/3/31,23:00,0.3, ,184560, ,16.73, ,29.50, ,99.3, 
2010/3/31,24:00,0.8, ,184510, ,13.76, ,28.30, ,100.0, 
