îCà”ä˙ä‘É_ÉÄèîó åüçıåãâ 
êÖånñº,ãgñÏêÏ
âÕêÏñº,ãgñÏêÏ
äœë™èäñº,ëÅñæâYÉ_ÉÄÅiã@ç\Åj
äœë™èäãLçÜ,1368080700010
#
#îNåéì˙,éûçè,ó¨àÊïΩãœâJó ,ó¨àÊïΩãœâJó ëÆê´,íôêÖó ,íôêÖó ëÆê´,ó¨ì¸ó ,ó¨ì¸ó ëÆê´,ï˙ó¨ó ,ï˙ó¨ó ëÆê´,íôêÖó¶,íôêÖó¶ëÆê´
#ëÆê´Å@$:åáë™ -:ñ¢éÛêM
#
2019/3/1,01:00,0.0, ,74670, ,13.18, ,13.18, ,65.1, 
2019/3/1,02:00,0.1, ,74670, ,13.18, ,13.18, ,65.1, 
2019/3/1,03:00,0.0, ,74670, ,13.18, ,13.18, ,65.0, 
2019/3/1,04:00,0.0, ,74670, ,13.18, ,13.18, ,65.0, 
2019/3/1,05:00,0.0, ,74670, ,13.18, ,13.18, ,65.0, 
2019/3/1,06:00,0.0, ,74670, ,13.18, ,13.18, ,65.0, 
2019/3/1,07:00,0.0, ,74640, ,7.96, ,13.18, ,64.9, 
2019/3/1,08:00,0.0, ,74600, ,5.09, ,13.18, ,64.9, 
2019/3/1,09:00,0.0, ,74560, ,5.43, ,13.18, ,64.8, 
2019/3/1,10:00,0.0, ,74560, ,3.91, ,13.18, ,64.8, 
2019/3/1,11:00,0.0, ,74530, ,4.59, ,13.18, ,64.7, 
2019/3/1,12:00,0.0, ,74530, ,11.66, ,13.18, ,64.7, 
2019/3/1,13:00,0.0, ,74530, ,13.18, ,13.18, ,64.7, 
2019/3/1,14:00,0.0, ,74530, ,13.18, ,13.18, ,64.7, 
2019/3/1,15:00,0.0, ,74530, ,13.18, ,13.18, ,64.6, 
2019/3/1,16:00,0.0, ,74530, ,13.18, ,13.18, ,64.6, 
2019/3/1,17:00,0.0, ,74530, ,13.18, ,13.18, ,64.6, 
2019/3/1,18:00,0.0, ,74530, ,13.18, ,13.18, ,64.6, 
2019/3/1,19:00,0.0, ,74530, ,13.18, ,13.18, ,64.5, 
2019/3/1,20:00,0.0, ,74530, ,13.18, ,13.18, ,64.5, 
2019/3/1,21:00,0.0, ,74530, ,13.18, ,13.18, ,64.5, 
2019/3/1,22:00,0.0, ,74530, ,13.18, ,13.18, ,64.5, 
2019/3/1,23:00,0.0, ,74490, ,4.93, ,13.18, ,64.4, 
2019/3/1,24:00,0.0, ,74490, ,11.33, ,13.18, ,64.4, 
2019/3/2,01:00,0.0, ,74490, ,13.18, ,13.18, ,64.4, 
2019/3/2,02:00,0.0, ,74490, ,13.18, ,13.18, ,64.3, 
2019/3/2,03:00,0.0, ,74490, ,13.18, ,13.18, ,64.3, 
2019/3/2,04:00,0.0, ,74460, ,12.68, ,13.18, ,64.3, 
2019/3/2,05:00,0.0, ,74460, ,3.59, ,13.18, ,64.2, 
2019/3/2,06:00,0.0, ,74420, ,6.11, ,13.18, ,64.2, 
2019/3/2,07:00,0.0, ,74380, ,5.44, ,13.18, ,64.1, 
2019/3/2,08:00,0.0, ,74350, ,3.93, ,13.18, ,64.1, 
2019/3/2,09:00,0.0, ,74310, ,4.60, ,13.18, ,64.0, 
2019/3/2,10:00,0.0, ,74270, ,4.77, ,13.16, ,64.0, 
2019/3/2,11:00,0.0, ,74270, ,3.75, ,13.16, ,63.9, 
2019/3/2,12:00,0.0, ,74240, ,12.55, ,15.87, ,63.9, 
2019/3/2,13:00,0.0, ,74240, ,7.80, ,15.87, ,63.9, 
2019/3/2,14:00,0.0, ,74240, ,15.87, ,15.87, ,63.9, 
2019/3/2,15:00,0.0, ,74240, ,15.87, ,15.87, ,63.8, 
2019/3/2,16:00,0.0, ,74200, ,11.33, ,15.87, ,63.8, 
2019/3/2,17:00,0.0, ,74200, ,10.32, ,15.87, ,63.7, 
2019/3/2,18:00,0.0, ,74160, ,13.69, ,15.87, ,63.7, 
2019/3/2,19:00,0.0, ,74160, ,7.97, ,15.87, ,63.7, 
2019/3/2,20:00,0.0, ,74160, ,15.87, ,15.87, ,63.6, 
2019/3/2,21:00,0.6, ,74130, ,6.13, ,15.87, ,63.6, 
2019/3/2,22:00,1.6, ,74130, ,15.53, ,15.87, ,63.6, 
2019/3/2,23:00,1.4, ,74090, ,10.66, ,15.87, ,63.5, 
2019/3/2,24:00,1.2, ,74090, ,11.00, ,15.87, ,63.5, 
2019/3/3,01:00,1.1, ,74090, ,15.87, ,15.87, ,63.5, 
2019/3/3,02:00,1.2, ,74060, ,14.36, ,15.87, ,63.4, 
2019/3/3,03:00,0.7, ,74060, ,7.30, ,15.87, ,63.4, 
2019/3/3,04:00,0.2, ,74020, ,8.65, ,15.87, ,63.3, 
2019/3/3,05:00,0.7, ,73980, ,6.30, ,15.87, ,63.3, 
2019/3/3,06:00,0.0, ,73950, ,6.47, ,15.87, ,63.2, 
2019/3/3,07:00,0.5, ,73910, ,6.14, ,15.86, ,63.2, 
2019/3/3,08:00,0.3, ,73870, ,4.92, ,15.86, ,63.1, 
2019/3/3,09:00,0.5, ,73840, ,6.13, ,15.85, ,63.1, 
2019/3/3,10:00,0.4, ,73800, ,4.44, ,15.85, ,63.0, 
2019/3/3,11:00,0.3, ,73770, ,4.21, ,13.14, ,63.0, 
2019/3/3,12:00,0.4, ,73770, ,12.98, ,13.14, ,62.9, 
2019/3/3,13:00,0.1, ,73770, ,13.14, ,13.14, ,62.9, 
2019/3/3,14:00,0.8, ,73770, ,13.14, ,13.14, ,62.9, 
2019/3/3,15:00,0.1, ,73770, ,13.14, ,13.14, ,62.9, 
2019/3/3,16:00,0.5, ,73770, ,13.14, ,13.14, ,62.9, 
2019/3/3,17:00,1.0, ,73770, ,13.14, ,13.14, ,62.8, 
2019/3/3,18:00,0.8, ,73770, ,13.14, ,13.14, ,62.8, 
2019/3/3,19:00,1.3, ,73770, ,13.14, ,13.14, ,62.8, 
2019/3/3,20:00,0.5, ,73770, ,13.14, ,13.14, ,62.8, 
2019/3/3,21:00,1.5, ,73800, ,15.32, ,13.14, ,62.8, 
2019/3/3,22:00,1.7, ,73800, ,21.02, ,13.14, ,62.8, 
2019/3/3,23:00,2.2, ,73800, ,13.14, ,13.14, ,62.7, 
2019/3/3,24:00,2.3, ,73800, ,13.14, ,13.14, ,62.7, 
2019/3/4,01:00,1.3, ,73840, ,22.54, ,13.16, ,62.7, 
2019/3/4,02:00,3.0, ,73840, ,13.83, ,13.16, ,62.7, 
2019/3/4,03:00,2.2, ,73870, ,17.85, ,13.16, ,62.7, 
2019/3/4,04:00,1.6, ,73870, ,18.53, ,13.16, ,62.7, 
2019/3/4,05:00,0.0, ,73870, ,13.16, ,13.16, ,62.7, 
2019/3/4,06:00,0.0, ,73870, ,13.16, ,13.16, ,62.6, 
2019/3/4,07:00,0.0, ,73870, ,13.16, ,13.16, ,62.6, 
2019/3/4,08:00,0.3, ,73870, ,13.16, ,13.16, ,62.6, 
2019/3/4,09:00,0.0, ,73870, ,11.30, ,9.24, ,62.6, 
2019/3/4,10:00,0.0, ,73870, ,9.24, ,9.24, ,62.5, 
2019/3/4,11:00,0.0, ,73910, ,10.41, ,9.25, ,62.6, 
2019/3/4,12:00,0.0, ,73950, ,21.66, ,9.25, ,62.6, 
2019/3/4,13:00,0.1, ,73980, ,22.34, ,9.25, ,62.6, 
2019/3/4,14:00,0.0, ,74020, ,21.50, ,9.25, ,62.6, 
2019/3/4,15:00,0.0, ,74060, ,13.61, ,9.25, ,62.6, 
2019/3/4,16:00,0.0, ,74090, ,21.34, ,9.25, ,62.6, 
2019/3/4,17:00,0.2, ,74130, ,17.65, ,9.25, ,62.6, 
2019/3/4,18:00,0.0, ,74160, ,19.81, ,5.65, ,62.6, 
2019/3/4,19:00,0.0, ,74200, ,17.75, ,5.65, ,62.6, 
2019/3/4,20:00,0.0, ,74240, ,16.91, ,5.65, ,62.6, 
2019/3/4,21:00,0.1, ,74310, ,18.09, ,5.65, ,62.7, 
2019/3/4,22:00,0.0, ,74310, ,14.73, ,5.65, ,62.7, 
2019/3/4,23:00,0.0, ,74350, ,15.40, ,5.65, ,62.7, 
2019/3/4,24:00,0.0, ,74380, ,15.40, ,5.65, ,62.7, 
2019/3/5,01:00,0.0, ,74420, ,14.23, ,5.65, ,62.7, 
2019/3/5,02:00,0.0, ,74460, ,15.75, ,5.65, ,62.7, 
2019/3/5,03:00,0.0, ,74490, ,14.24, ,5.65, ,62.7, 
2019/3/5,04:00,0.0, ,74530, ,9.52, ,5.65, ,62.7, 
2019/3/5,05:00,0.0, ,74530, ,15.58, ,5.65, ,62.7, 
2019/3/5,06:00,0.0, ,74530, ,5.65, ,5.65, ,62.7, 
2019/3/5,07:00,0.0, ,74530, ,5.65, ,5.65, ,62.7, 
2019/3/5,08:00,0.0, ,74530, ,5.65, ,5.65, ,62.6, 
2019/3/5,09:00,0.0, ,74530, ,5.65, ,5.65, ,62.6, 
2019/3/5,10:00,0.0, ,74530, ,5.65, ,5.65, ,62.6, 
2019/3/5,11:00,0.0, ,74530, ,8.78, ,11.80, ,62.6, 
2019/3/5,12:00,0.0, ,74530, ,11.80, ,11.80, ,62.5, 
2019/3/5,13:00,0.0, ,74530, ,11.80, ,11.80, ,62.5, 
2019/3/5,14:00,0.0, ,74530, ,11.80, ,11.80, ,62.5, 
2019/3/5,15:00,0.0, ,74560, ,21.91, ,11.80, ,62.5, 
2019/3/5,16:00,0.0, ,74560, ,11.80, ,11.80, ,62.5, 
2019/3/5,17:00,0.0, ,74560, ,11.80, ,11.80, ,62.5, 
2019/3/5,18:00,0.0, ,74560, ,11.80, ,11.80, ,62.4, 
2019/3/5,19:00,0.0, ,74560, ,11.80, ,11.80, ,62.4, 
2019/3/5,20:00,0.0, ,74600, ,16.86, ,11.80, ,62.4, 
2019/3/5,21:00,0.0, ,74600, ,16.86, ,11.80, ,62.4, 
2019/3/5,22:00,0.0, ,74600, ,11.80, ,11.80, ,62.4, 
2019/3/5,23:00,0.0, ,74600, ,11.80, ,11.80, ,62.4, 
2019/3/5,24:00,0.0, ,74600, ,11.80, ,11.80, ,62.3, 
2019/3/6,01:00,0.0, ,74600, ,11.80, ,11.80, ,62.3, 
2019/3/6,02:00,0.0, ,74600, ,11.80, ,11.80, ,62.3, 
2019/3/6,03:00,0.0, ,74600, ,11.80, ,11.80, ,62.3, 
2019/3/6,04:00,0.0, ,74600, ,11.80, ,11.80, ,62.3, 
2019/3/6,05:00,0.2, ,74600, ,11.80, ,11.80, ,62.2, 
2019/3/6,06:00,0.0, ,74600, ,11.80, ,11.80, ,62.2, 
2019/3/6,07:00,0.0, ,74560, ,9.61, ,11.80, ,62.2, 
2019/3/6,08:00,0.0, ,74560, ,3.88, ,11.80, ,62.1, 
2019/3/6,09:00,0.0, ,74530, ,6.24, ,11.80, ,62.1, 
2019/3/6,10:00,0.0, ,74490, ,3.72, ,11.80, ,62.0, 
2019/3/6,11:00,0.0, ,74490, ,5.24, ,11.80, ,62.0, 
2019/3/6,12:00,1.0, ,74490, ,12.69, ,13.43, ,62.0, 
2019/3/6,13:00,1.9, ,74490, ,13.43, ,13.43, ,62.0, 
2019/3/6,14:00,1.7, ,74490, ,13.43, ,13.43, ,62.0, 
2019/3/6,15:00,2.8, ,74490, ,13.43, ,13.43, ,61.9, 
2019/3/6,16:00,2.7, ,74490, ,13.43, ,13.43, ,61.9, 
2019/3/6,17:00,4.2, ,74490, ,13.43, ,13.43, ,61.9, 
2019/3/6,18:00,4.8, ,74530, ,19.66, ,13.43, ,61.9, 
2019/3/6,19:00,3.3, ,74560, ,19.90, ,9.27, ,61.9, 
2019/3/6,20:00,2.8, ,74640, ,23.90, ,5.66, ,62.0, 
2019/3/6,21:00,1.4, ,74710, ,22.85, ,5.66, ,62.0, 
2019/3/6,22:00,0.9, ,74780, ,25.72, ,5.66, ,62.0, 
2019/3/6,23:00,0.4, ,74860, ,27.08, ,5.66, ,62.1, 
2019/3/6,24:00,0.2, ,74930, ,28.27, ,5.66, ,62.1, 
2019/3/7,01:00,0.0, ,75000, ,28.11, ,5.66, ,62.1, 
2019/3/7,02:00,0.0, ,75110, ,27.62, ,5.67, ,62.2, 
2019/3/7,03:00,0.0, ,75180, ,26.79, ,5.67, ,62.3, 
2019/3/7,04:00,0.0, ,75220, ,24.60, ,5.67, ,62.3, 
2019/3/7,05:00,0.3, ,75290, ,25.29, ,5.67, ,62.3, 
2019/3/7,06:00,0.1, ,75330, ,18.87, ,5.67, ,62.3, 
2019/3/7,07:00,0.1, ,75370, ,16.84, ,5.67, ,62.3, 
2019/3/7,08:00,0.1, ,75400, ,16.34, ,5.67, ,62.3, 
2019/3/7,09:00,0.2, ,75440, ,14.81, ,5.67, ,62.3, 
2019/3/7,10:00,0.1, ,75480, ,12.10, ,5.67, ,62.4, 
2019/3/7,11:00,0.8, ,75550, ,18.97, ,0.00, ,62.4, 
2019/3/7,12:00,0.9, ,75620, ,22.86, ,0.00, ,62.4, 
2019/3/7,13:00,1.2, ,75700, ,20.66, ,0.00, ,62.5, 
2019/3/7,14:00,1.0, ,75810, ,23.55, ,0.00, ,62.6, 
2019/3/7,15:00,1.1, ,75880, ,22.71, ,0.00, ,62.6, 
2019/3/7,16:00,0.9, ,75990, ,25.10, ,0.00, ,62.7, 
2019/3/7,17:00,0.5, ,76060, ,25.28, ,0.00, ,62.7, 
2019/3/7,18:00,0.2, ,76170, ,26.83, ,0.00, ,62.8, 
2019/3/7,19:00,0.0, ,76250, ,27.19, ,0.00, ,62.8, 
2019/3/7,20:00,0.0, ,76360, ,26.52, ,0.00, ,62.9, 
2019/3/7,21:00,0.0, ,76470, ,27.05, ,0.00, ,63.0, 
2019/3/7,22:00,0.0, ,76540, ,25.71, ,0.00, ,63.0, 
2019/3/7,23:00,0.0, ,76650, ,23.68, ,0.00, ,63.1, 
2019/3/7,24:00,0.0, ,76720, ,23.69, ,0.00, ,63.1, 
2019/3/8,01:00,0.0, ,76760, ,23.36, ,0.00, ,63.1, 
2019/3/8,02:00,0.0, ,76870, ,17.57, ,0.00, ,63.1, 
2019/3/8,03:00,0.0, ,76950, ,20.82, ,0.00, ,63.2, 
2019/3/8,04:00,0.0, ,76980, ,18.79, ,0.00, ,63.2, 
2019/3/8,05:00,0.0, ,77020, ,13.50, ,0.00, ,63.2, 
2019/3/8,06:00,0.0, ,77060, ,9.05, ,0.00, ,63.2, 
2019/3/8,07:00,0.0, ,77090, ,12.31, ,0.00, ,63.2, 
2019/3/8,08:00,0.0, ,77130, ,10.94, ,0.00, ,63.2, 
2019/3/8,09:00,0.0, ,77170, ,9.58, ,0.00, ,63.2, 
2019/3/8,10:00,0.0, ,77200, ,11.12, ,0.00, ,63.2, 
2019/3/8,11:00,0.0, ,77280, ,16.94, ,0.00, ,63.3, 
2019/3/8,12:00,0.0, ,77350, ,17.46, ,0.00, ,63.3, 
2019/3/8,13:00,0.1, ,77430, ,19.52, ,0.00, ,63.4, 
2019/3/8,14:00,0.0, ,77500, ,19.02, ,0.00, ,63.4, 
2019/3/8,15:00,0.0, ,77540, ,17.83, ,0.00, ,63.4, 
2019/3/8,16:00,0.0, ,77610, ,19.72, ,0.00, ,63.5, 
2019/3/8,17:00,0.0, ,77690, ,16.47, ,0.00, ,63.5, 
2019/3/8,18:00,0.0, ,77760, ,15.60, ,0.00, ,63.5, 
2019/3/8,19:00,0.0, ,77800, ,19.40, ,0.00, ,63.5, 
2019/3/8,20:00,0.1, ,77870, ,19.41, ,0.00, ,63.6, 
2019/3/8,21:00,0.0, ,77940, ,17.70, ,0.00, ,63.6, 
2019/3/8,22:00,0.0, ,78020, ,18.40, ,0.00, ,63.7, 
2019/3/8,23:00,0.0, ,78060, ,16.86, ,0.00, ,63.7, 
2019/3/8,24:00,0.0, ,78130, ,19.10, ,0.00, ,63.5, 
2019/3/9,01:00,0.0, ,78200, ,17.22, ,0.00, ,63.6, 
2019/3/9,02:00,0.0, ,78280, ,17.39, ,0.00, ,63.6, 
2019/3/9,03:00,0.0, ,78320, ,17.06, ,0.00, ,63.6, 
2019/3/9,04:00,0.0, ,78350, ,13.44, ,0.00, ,63.6, 
2019/3/9,05:00,0.0, ,78390, ,12.24, ,0.00, ,63.6, 
2019/3/9,06:00,0.0, ,78430, ,9.49, ,0.00, ,63.7, 
2019/3/9,07:00,0.0, ,78470, ,8.28, ,0.00, ,63.7, 
2019/3/9,08:00,0.0, ,78500, ,9.14, ,0.00, ,63.7, 
2019/3/9,09:00,0.0, ,78500, ,5.69, ,0.00, ,63.7, 
2019/3/9,10:00,0.0, ,78580, ,10.87, ,0.00, ,63.7, 
2019/3/9,11:00,0.6, ,78610, ,13.12, ,0.00, ,63.7, 
2019/3/9,12:00,0.4, ,78690, ,16.75, ,0.00, ,63.7, 
2019/3/9,13:00,0.6, ,78730, ,15.55, ,0.00, ,63.8, 
2019/3/9,14:00,0.6, ,78800, ,16.94, ,0.00, ,63.8, 
2019/3/9,15:00,0.6, ,78840, ,16.42, ,0.00, ,63.8, 
2019/3/9,16:00,0.3, ,78910, ,17.64, ,0.00, ,63.8, 
2019/3/9,17:00,0.1, ,78990, ,17.30, ,0.00, ,63.9, 
2019/3/9,18:00,0.1, ,79030, ,16.10, ,0.00, ,63.9, 
2019/3/9,19:00,0.1, ,79100, ,17.84, ,0.00, ,63.9, 
2019/3/9,20:00,0.0, ,79180, ,16.80, ,0.00, ,64.0, 
2019/3/9,21:00,0.3, ,79210, ,16.46, ,0.00, ,64.0, 
2019/3/9,22:00,0.0, ,79290, ,16.99, ,0.00, ,64.0, 
2019/3/9,23:00,0.1, ,79360, ,17.19, ,0.00, ,64.1, 
2019/3/9,24:00,0.0, ,79400, ,17.54, ,0.00, ,64.0, 
2019/3/10,01:00,0.1, ,79480, ,16.16, ,0.00, ,64.0, 
2019/3/10,02:00,0.1, ,79510, ,16.34, ,0.00, ,64.0, 
2019/3/10,03:00,0.1, ,79590, ,14.08, ,0.00, ,64.1, 
2019/3/10,04:00,0.1, ,79630, ,12.70, ,0.00, ,64.1, 
2019/3/10,05:00,0.0, ,79660, ,9.57, ,0.00, ,64.1, 
2019/3/10,06:00,0.4, ,79700, ,10.79, ,0.00, ,64.1, 
2019/3/10,07:00,0.9, ,79700, ,9.57, ,0.00, ,64.1, 
2019/3/10,08:00,0.1, ,79740, ,6.26, ,0.00, ,64.1, 
2019/3/10,09:00,1.4, ,79780, ,5.74, ,0.00, ,64.1, 
2019/3/10,10:00,1.5, ,79780, ,8.88, ,0.00, ,64.1, 
2019/3/10,11:00,1.4, ,79850, ,13.93, ,0.00, ,64.1, 
2019/3/10,12:00,2.3, ,79930, ,16.20, ,0.00, ,64.1, 
2019/3/10,13:00,3.2, ,80000, ,19.34, ,0.00, ,64.2, 
2019/3/10,14:00,1.5, ,80080, ,20.92, ,0.00, ,64.2, 
2019/3/10,15:00,1.2, ,80150, ,20.76, ,0.00, ,64.3, 
2019/3/10,16:00,2.6, ,80230, ,20.07, ,0.00, ,64.3, 
2019/3/10,17:00,3.2, ,80300, ,24.26, ,0.00, ,64.3, 
2019/3/10,18:00,3.8, ,80380, ,22.01, ,0.00, ,64.4, 
2019/3/10,19:00,2.4, ,80490, ,24.46, ,0.00, ,64.4, 
2019/3/10,20:00,1.0, ,80570, ,27.80, ,0.00, ,64.5, 
2019/3/10,21:00,2.1, ,80680, ,29.56, ,0.00, ,64.6, 
2019/3/10,22:00,4.3, ,80790, ,30.11, ,0.00, ,64.6, 
2019/3/10,23:00,0.6, ,80950, ,36.08, ,0.00, ,64.7, 
2019/3/10,24:00,2.0, ,81060, ,35.58, ,0.00, ,64.7, 
2019/3/11,01:00,5.8, ,81250, ,40.17, ,0.00, ,64.8, 
2019/3/11,02:00,0.6, ,81400, ,46.52, ,0.00, ,64.9, 
2019/3/11,03:00,0.3, ,81550, ,45.33, ,0.00, ,65.0, 
2019/3/11,04:00,0.1, ,81740, ,47.31, ,0.00, ,65.2, 
2019/3/11,05:00,0.1, ,81890, ,45.59, ,0.00, ,65.3, 
2019/3/11,06:00,0.2, ,82050, ,45.29, ,0.00, ,65.4, 
2019/3/11,07:00,0.0, ,82200, ,43.03, ,0.00, ,65.5, 
2019/3/11,08:00,0.5, ,82310, ,34.94, ,0.00, ,65.5, 
2019/3/11,09:00,0.2, ,82430, ,34.62, ,0.00,#,65.6, 
2019/3/11,10:00,0.0, ,82580, ,32.52, ,0.00,#,65.7, 
2019/3/11,11:00,0.0, ,82700, ,35.72, ,0.00,#,65.8, 
2019/3/11,12:00,0.0, ,82810, ,36.10, ,0.00,#,65.8, 
2019/3/11,13:00,0.0, ,82930, ,32.76, ,0.00,#,65.9, 
2019/3/11,14:00,0.0, ,83040, ,28.88, ,0.00,#,66.0, 
2019/3/11,15:00,0.0, ,83150, ,32.43, ,0.00,#,66.1, 
2019/3/11,16:00,0.0, ,83270, ,29.77, ,0.00,#,66.1, 
2019/3/11,17:00,0.0, ,83350, ,28.37, ,0.00, ,66.2, 
2019/3/11,18:00,0.0, ,83460, ,27.15, ,0.00, ,66.2, 
2019/3/11,19:00,0.0, ,83580, ,29.29, ,0.00, ,66.3, 
2019/3/11,20:00,0.0, ,83650, ,27.54, ,0.00, ,66.4, 
2019/3/11,21:00,0.0, ,83730, ,24.89, ,0.00, ,66.4, 
2019/3/11,22:00,0.0, ,83850, ,24.54, ,0.00, ,66.5, 
2019/3/11,23:00,0.0, ,83920, ,24.20, ,0.00, ,66.5, 
2019/3/11,24:00,0.0, ,84000, ,25.28, ,0.00, ,66.3, 
2019/3/12,01:00,0.0, ,84080, ,22.63, ,0.00, ,66.4, 
2019/3/12,02:00,0.0, ,84150, ,23.70, ,0.00, ,66.4, 
2019/3/12,03:00,0.0, ,84270, ,22.47, ,0.00, ,66.5, 
2019/3/12,04:00,0.0, ,84310, ,20.87, ,0.00, ,66.5, 
2019/3/12,05:00,0.0, ,84380, ,17.49, ,0.00, ,66.5, 
2019/3/12,06:00,0.0, ,84420, ,14.64, ,0.00, ,66.5, 
2019/3/12,07:00,0.0, ,84460, ,12.14, ,0.00, ,66.6, 
2019/3/12,08:00,0.0, ,84540, ,14.65, ,0.00, ,66.6, 
2019/3/12,09:00,0.0, ,84580, ,11.79, ,0.00,#,66.6, 
2019/3/12,10:00,0.0, ,84620, ,14.12, ,0.00,#,66.6, 
2019/3/12,11:00,0.0, ,84730, ,19.85, ,0.00,#,66.7, 
2019/3/12,12:00,0.0, ,84770, ,25.05, ,0.00,#,66.7, 
2019/3/12,13:00,0.0, ,84890, ,21.66, ,0.00,#,66.8, 
2019/3/12,14:00,0.0, ,84960, ,22.92, ,0.00,#,66.8, 
2019/3/12,15:00,0.0, ,85040, ,20.07, ,0.00,#,66.9, 
2019/3/12,16:00,0.0, ,85120, ,23.84, ,0.00,#,66.9, 
2019/3/12,17:00,0.0, ,85160, ,19.19, ,0.00, ,66.9, 
2019/3/12,18:00,0.0, ,85230, ,20.63, ,0.00, ,66.9, 
2019/3/12,19:00,0.0, ,85310, ,18.67, ,0.00, ,67.0, 
2019/3/12,20:00,0.0, ,85390, ,22.27, ,0.00, ,67.0, 
2019/3/12,21:00,0.0, ,85470, ,21.38, ,0.00, ,67.1, 
2019/3/12,22:00,0.0, ,85550, ,18.51, ,0.00, ,67.1, 
2019/3/12,23:00,0.0, ,85620, ,22.48, ,0.00, ,67.1, 
2019/3/12,24:00,0.0, ,85700, ,19.61, ,0.00, ,67.0, 
2019/3/13,01:00,0.0, ,85780, ,19.26, ,0.00, ,67.1, 
2019/3/13,02:00,0.0, ,85860, ,19.98, ,0.00, ,67.1, 
2019/3/13,03:00,0.0, ,85900, ,19.27, ,0.00, ,67.1, 
2019/3/13,04:00,0.2, ,85930, ,13.87, ,0.00, ,67.1, 
2019/3/13,05:00,0.1, ,86010, ,13.33, ,0.00, ,67.2, 
2019/3/13,06:00,0.2, ,86010, ,12.62, ,0.00, ,67.1, 
2019/3/13,07:00,0.0, ,86050, ,9.02, ,0.00, ,67.2, 
2019/3/13,08:00,0.0, ,86090, ,9.20, ,0.00, ,67.2, 
2019/3/13,09:00,0.0, ,86130, ,10.28, ,0.00,#,67.2, 
2019/3/13,10:00,0.0, ,86210, ,16.06, ,0.00,#,67.2, 
2019/3/13,11:00,0.0, ,86280, ,16.79, ,0.00,#,67.2, 
2019/3/13,12:00,0.0, ,86360, ,20.59, ,0.00,#,67.3, 
2019/3/13,13:00,0.1, ,86400, ,20.60, ,0.00,#,67.3, 
2019/3/13,14:00,0.0, ,86480, ,18.62, ,0.00,#,67.3, 
2019/3/13,15:00,0.0, ,86560, ,18.08, ,0.00,#,67.4, 
2019/3/13,16:00,0.0, ,86600, ,19.35, ,0.00, ,67.4, 
2019/3/13,17:00,0.0, ,86680, ,15.38, ,0.00, ,67.4, 
2019/3/13,18:00,0.0, ,86750, ,17.56, ,0.00, ,67.5, 
2019/3/13,19:00,0.0, ,86790, ,18.29, ,0.00, ,67.5, 
2019/3/13,20:00,0.0, ,86870, ,15.22, ,0.00, ,67.5, 
2019/3/13,21:00,0.0, ,86910, ,17.39, ,0.00, ,67.5, 
2019/3/13,22:00,0.0, ,86990, ,18.32, ,0.00, ,67.6, 
2019/3/13,23:00,0.0, ,87030, ,15.25, ,0.00, ,67.6, 
2019/3/13,24:00,0.0, ,87110, ,19.98, ,0.00, ,67.5, 
2019/3/14,01:00,0.0, ,87180, ,13.08, ,0.00, ,67.5, 
2019/3/14,02:00,0.0, ,87220, ,20.17, ,0.00, ,67.6, 
2019/3/14,03:00,0.0, ,87260, ,12.91, ,0.00, ,67.6, 
2019/3/14,04:00,0.0, ,87340, ,15.27, ,0.00, ,67.6, 
2019/3/14,05:00,0.0, ,87340, ,12.00, ,0.00, ,67.6, 
2019/3/14,06:00,0.0, ,87380, ,9.09, ,0.00, ,67.6, 
2019/3/14,07:00,0.0, ,87420, ,5.09, ,0.00, ,67.6, 
2019/3/14,08:00,0.0, ,87420, ,7.64, ,0.00, ,67.6, 
2019/3/14,09:00,0.0, ,87460, ,10.19, ,0.00, ,67.6, 
2019/3/14,10:00,0.0, ,87500, ,8.74, ,0.00, ,67.6, 
2019/3/14,11:00,0.0, ,87580, ,11.65, ,0.00, ,67.6, 
2019/3/14,12:00,0.1, ,87620, ,17.85, ,0.00, ,67.7, 
2019/3/14,13:00,0.0, ,87700, ,15.12, ,0.00, ,67.7, 
2019/3/14,14:00,0.0, ,87730, ,18.22, ,0.00, ,67.7, 
2019/3/14,15:00,0.0, ,87810, ,19.14, ,0.00, ,67.7, 
2019/3/14,16:00,0.0, ,87890, ,16.05, ,0.00, ,67.8, 
2019/3/14,17:00,0.0, ,87930, ,18.42, ,0.00, ,67.8, 
2019/3/14,18:00,0.0, ,87930, ,18.40, ,23.40, ,67.8, 
2019/3/14,19:00,0.0, ,87850, ,19.57, ,34.00, ,67.7, 
2019/3/14,20:00,0.0, ,87770, ,13.65, ,34.00, ,67.6, 
2019/3/14,21:00,0.0, ,87730, ,12.56, ,27.10, ,67.5, 
2019/3/14,22:00,0.0, ,87730, ,6.42, ,0.00, ,67.5, 
2019/3/14,23:00,0.0, ,87810, ,13.13, ,0.00, ,67.6, 
2019/3/14,24:00,0.0, ,87850, ,15.50, ,0.00, ,67.6, 
2019/3/15,01:00,0.0, ,87930, ,18.24, ,0.00, ,67.6, 
2019/3/15,02:00,0.0, ,87970, ,15.33, ,0.00, ,67.6, 
2019/3/15,03:00,0.0, ,88010, ,10.95, ,0.00, ,67.6, 
2019/3/15,04:00,0.0, ,88050, ,13.14, ,0.00, ,67.6, 
2019/3/15,05:00,0.0, ,88090, ,9.31, ,0.00, ,67.7, 
2019/3/15,06:00,0.0, ,88130, ,8.22, ,0.00, ,67.7, 
2019/3/15,07:00,0.0, ,88170, ,6.21, ,0.00, ,67.7, 
2019/3/15,08:00,0.0, ,88170, ,10.41, ,0.00, ,67.7, 
2019/3/15,09:00,0.0, ,88210, ,4.38, ,0.00, ,67.7, 
2019/3/15,10:00,0.0, ,88210, ,6.58, ,0.00, ,67.6, 
2019/3/15,11:00,0.0, ,88290, ,11.51, ,0.00, ,67.7, 
2019/3/15,12:00,0.0, ,88330, ,14.62, ,0.00, ,67.7, 
2019/3/15,13:00,0.0, ,88410, ,17.55, ,0.00, ,67.7, 
2019/3/15,14:00,0.0, ,88440, ,14.99, ,0.00, ,67.7, 
2019/3/15,15:00,0.0, ,88520, ,17.93, ,0.00, ,67.8, 
2019/3/15,16:00,0.0, ,88560, ,16.65, ,0.00, ,67.8, 
2019/3/15,17:00,0.0, ,88640, ,15.01, ,0.00, ,67.8, 
2019/3/15,18:00,0.0, ,88600, ,23.96, ,23.50, ,67.8, 
2019/3/15,19:00,0.0, ,88560, ,14.28, ,34.10, ,67.7, 
2019/3/15,20:00,0.0, ,88480, ,10.48, ,34.00, ,67.6, 
2019/3/15,21:00,0.0, ,88410, ,12.70, ,27.10, ,67.6, 
2019/3/15,22:00,0.0, ,88410, ,5.00, ,0.00, ,67.5, 
2019/3/15,23:00,0.0, ,88480, ,13.90, ,0.00, ,67.6, 
2019/3/15,24:00,0.0, ,88520, ,14.27, ,0.00, ,67.6, 
2019/3/16,01:00,0.0, ,88600, ,17.57, ,0.00, ,67.6, 
2019/3/16,02:00,0.0, ,88640, ,16.48, ,0.00, ,67.6, 
2019/3/16,03:00,0.0, ,88680, ,10.81, ,0.00, ,67.6, 
2019/3/16,04:00,0.0, ,88720, ,12.46, ,0.00, ,67.7, 
2019/3/16,05:00,0.1, ,88800, ,12.64, ,0.00, ,67.7, 
2019/3/16,06:00,0.4, ,88800, ,11.72, ,0.00, ,67.7, 
2019/3/16,07:00,0.0, ,88840, ,9.35, ,0.00, ,67.7, 
2019/3/16,08:00,0.0, ,88840, ,1.65, ,0.00, ,67.7, 
2019/3/16,09:00,0.1, ,88880, ,10.63, ,0.00, ,67.7, 
2019/3/16,10:00,0.3, ,88920, ,1.10, ,0.00, ,67.7, 
2019/3/16,11:00,0.4, ,88960, ,14.85, ,0.00, ,67.7, 
2019/3/16,12:00,0.0, ,89000, ,11.00, ,0.00, ,67.7, 
2019/3/16,13:00,0.2, ,89080, ,14.86, ,0.00, ,67.7, 
2019/3/16,14:00,0.3, ,89120, ,18.53, ,0.00, ,67.8, 
2019/3/16,15:00,0.1, ,89160, ,14.32, ,0.00, ,67.8, 
2019/3/16,16:00,0.0, ,89240, ,11.94, ,0.00, ,67.8, 
2019/3/16,17:00,0.1, ,89280, ,17.82, ,0.00, ,67.8, 
2019/3/16,18:00,0.0, ,89280, ,19.42, ,26.90, ,67.8, 
2019/3/16,19:00,0.0, ,89080, ,12.40, ,55.30, ,67.6, 
2019/3/16,20:00,0.0, ,88920, ,10.15, ,55.30, ,67.5, 
2019/3/16,21:00,0.0, ,88840, ,12.36, ,34.00, ,67.4, 
2019/3/16,22:00,0.0, ,88800, ,10.43, ,20.00, ,67.3, 
2019/3/16,23:00,0.0, ,88800, ,2.31, ,0.00, ,67.3, 
2019/3/16,24:00,0.0, ,88880, ,10.45, ,0.00, ,67.4, 
2019/3/17,01:00,0.0, ,88920, ,17.05, ,0.00, ,67.4, 
2019/3/17,02:00,0.0, ,88960, ,14.67, ,0.00, ,67.4, 
2019/3/17,03:00,0.0, ,89040, ,12.48, ,0.00, ,67.4, 
2019/3/17,04:00,0.0, ,89040, ,11.38, ,0.00, ,67.4, 
2019/3/17,05:00,0.0, ,89080, ,9.73, ,0.00, ,67.4, 
2019/3/17,06:00,0.0, ,89120, ,8.26, ,0.00, ,67.4, 
2019/3/17,07:00,0.0, ,89120, ,4.04, ,0.00, ,67.4, 
2019/3/17,08:00,0.0, ,89160, ,5.87, ,0.00, ,67.4, 
2019/3/17,09:00,0.1, ,89160, ,5.14, ,0.00, ,67.4, 
2019/3/17,10:00,0.2, ,89200, ,4.22, ,0.00, ,67.4, 
2019/3/17,11:00,0.0, ,89240, ,10.29, ,0.00, ,67.4, 
2019/3/17,12:00,0.0, ,89320, ,17.26, ,0.00, ,67.4, 
2019/3/17,13:00,0.0, ,89360, ,21.86, ,0.00, ,67.4, 
2019/3/17,14:00,0.1, ,89400, ,11.58, ,0.00, ,67.5, 
2019/3/17,15:00,0.0, ,89440, ,11.03, ,0.00, ,67.5, 
2019/3/17,16:00,0.0, ,89470, ,1.29, ,0.00, ,67.5, 
2019/3/17,17:00,0.0, ,89470, ,10.66, ,0.00, ,67.4, 
2019/3/17,18:00,0.0, ,89470, ,13.33, ,26.80, ,67.4, 
2019/3/17,19:00,0.0, ,89360, ,23.99, ,55.50, ,67.3, 
2019/3/17,20:00,0.0, ,89200, ,13.75, ,55.50, ,67.2, 
2019/3/17,21:00,0.0, ,89120, ,11.36, ,30.70, ,67.1, 
2019/3/17,22:00,0.0, ,89120, ,6.72, ,0.00, ,67.1, 
2019/3/17,23:00,0.0, ,89160, ,10.64, ,0.00, ,67.1, 
2019/3/17,24:00,0.0, ,89240, ,14.51, ,0.00, ,67.1, 
2019/3/18,01:00,0.0, ,89280, ,14.69, ,0.00, ,67.1, 
2019/3/18,02:00,0.0, ,89320, ,12.49, ,0.00, ,67.1, 
2019/3/18,03:00,0.0, ,89400, ,13.23, ,0.00, ,67.2, 
2019/3/18,04:00,0.0, ,89400, ,11.58, ,0.00, ,67.2, 
2019/3/18,05:00,0.0, ,89440, ,9.19, ,0.00, ,67.2, 
2019/3/18,06:00,0.0, ,89470, ,7.90, ,0.00, ,67.2, 
2019/3/18,07:00,0.0, ,89470, ,4.96, ,0.00, ,67.2, 
2019/3/18,08:00,0.0, ,89510, ,1.84, ,0.00, ,67.2, 
2019/3/18,09:00,0.0, ,89510, ,9.19, ,0.00, ,67.1, 
2019/3/18,10:00,0.0, ,89510, ,0.00, ,0.00, ,67.1, 
2019/3/18,11:00,0.0, ,89550, ,8.28, ,0.00, ,67.1, 
2019/3/18,12:00,0.0, ,89590, ,13.80, ,0.00, ,67.1, 
2019/3/18,13:00,0.0, ,89670, ,13.43, ,0.00, ,67.2, 
2019/3/18,14:00,0.0, ,89710, ,14.36, ,0.00, ,67.2, 
2019/3/18,15:00,0.0, ,89750, ,11.23, ,0.00, ,67.2, 
2019/3/18,16:00,0.0, ,89830, ,16.39, ,0.00, ,67.2, 
2019/3/18,17:00,0.0, ,89870, ,13.08, ,0.00, ,67.2, 
2019/3/18,18:00,0.0, ,89830, ,21.84, ,26.80, ,67.2, 
2019/3/18,19:00,0.0, ,89670, ,12.33, ,54.80, ,67.1, 
2019/3/18,20:00,0.0, ,89510, ,7.38, ,58.80, ,66.9, 
2019/3/18,21:00,0.0, ,89440, ,9.21, ,30.60, ,66.8, 
2019/3/18,22:00,0.0, ,89400, ,12.59, ,21.70, ,66.8, 
2019/3/18,23:00,0.0, ,89400, ,5.81, ,0.00, ,66.8, 
2019/3/18,24:00,0.0, ,89440, ,7.91, ,0.00, ,66.8, 
2019/3/19,01:00,0.2, ,89510, ,11.58, ,0.00, ,66.8, 
2019/3/19,02:00,0.3, ,89550, ,17.65, ,0.00, ,66.8, 
2019/3/19,03:00,0.4, ,89590, ,9.38, ,0.00, ,66.8, 
2019/3/19,04:00,1.7, ,89630, ,9.57, ,0.00, ,66.8, 
2019/3/19,05:00,0.4, ,89630, ,10.12, ,0.00, ,66.8, 
2019/3/19,06:00,1.7, ,89670, ,8.83, ,0.00, ,66.8, 
2019/3/19,07:00,2.0, ,89710, ,8.10, ,0.00, ,66.8, 
2019/3/19,08:00,3.4, ,89710, ,5.16, ,0.00, ,66.8, 
2019/3/19,09:00,2.7, ,89750, ,10.87, ,0.00, ,66.8, 
2019/3/19,10:00,2.4, ,89790, ,9.95, ,0.00, ,66.8, 
2019/3/19,11:00,0.9, ,89870, ,9.58, ,0.00, ,66.9, 
2019/3/19,12:00,0.5, ,89910, ,18.24, ,0.00, ,66.9, 
2019/3/19,13:00,0.9, ,89990, ,16.96, ,0.00, ,66.9, 
2019/3/19,14:00,0.4, ,90030, ,17.88, ,0.00, ,66.9, 
2019/3/19,15:00,0.0, ,90110, ,20.10, ,0.00, ,67.0, 
2019/3/19,16:00,0.0, ,90190, ,19.37, ,0.00, ,67.0, 
2019/3/19,17:00,0.0, ,90270, ,17.72, ,0.00, ,67.1, 
2019/3/19,18:00,0.0, ,90310, ,19.02, ,0.00, ,67.1, 
2019/3/19,19:00,0.0, ,90390, ,15.70, ,0.00, ,67.1, 
2019/3/19,20:00,0.0, ,90430, ,17.92, ,0.00, ,67.1, 
2019/3/19,21:00,0.0, ,90510, ,17.92, ,0.00, ,67.2, 
2019/3/19,22:00,0.0, ,90590, ,17.19, ,0.00, ,67.2, 
2019/3/19,23:00,0.0, ,90630, ,18.68, ,0.00, ,67.2, 
2019/3/19,24:00,0.0, ,90670, ,12.58, ,0.00, ,67.1, 
2019/3/20,01:00,0.0, ,90750, ,14.99, ,0.00, ,67.2, 
2019/3/20,02:00,0.0, ,90790, ,17.39, ,0.00, ,67.2, 
2019/3/20,03:00,0.0, ,90830, ,13.15, ,0.00, ,67.2, 
2019/3/20,04:00,0.0, ,90870, ,11.67, ,0.00, ,67.2, 
2019/3/20,05:00,0.0, ,90910, ,9.25, ,0.00, ,67.2, 
2019/3/20,06:00,0.0, ,90910, ,6.29, ,0.00, ,67.2, 
2019/3/20,07:00,0.0, ,90950, ,9.81, ,0.00, ,67.2, 
2019/3/20,08:00,0.0, ,90990, ,5.74, ,0.00, ,67.2, 
2019/3/20,09:00,0.0, ,90990, ,6.66, ,0.00, ,67.2, 
2019/3/20,10:00,0.0, ,91030, ,0.93, ,0.00, ,67.2, 
2019/3/20,11:00,0.0, ,91070, ,13.33, ,0.00, ,67.2, 
2019/3/20,12:00,0.0, ,91110, ,12.96, ,0.00, ,67.2, 
2019/3/20,13:00,0.0, ,91190, ,13.70, ,0.00, ,67.3, 
2019/3/20,14:00,0.0, ,91230, ,17.23, ,0.00, ,67.3, 
2019/3/20,15:00,0.0, ,91270, ,13.16, ,0.00, ,67.3, 
2019/3/20,16:00,0.0, ,91310, ,14.27, ,0.00, ,67.3, 
2019/3/20,17:00,0.0, ,91390, ,16.50, ,0.00, ,67.3, 
2019/3/20,18:00,0.0, ,91390, ,18.15, ,18.30, ,67.3, 
2019/3/20,19:00,0.0, ,91310, ,17.10, ,37.10, ,67.2, 
2019/3/20,20:00,0.0, ,91230, ,10.10, ,36.90, ,67.1, 
2019/3/20,21:00,0.0, ,91230, ,5.08, ,0.00, ,67.1, 
2019/3/20,22:00,0.0, ,91270, ,12.60, ,0.00, ,67.1, 
2019/3/20,23:00,0.0, ,91310, ,10.19, ,0.00, ,67.1, 
2019/3/20,24:00,0.3, ,91350, ,13.72, ,0.00, ,67.2, 
2019/3/21,01:00,0.5, ,91430, ,17.80, ,0.00, ,67.2, 
2019/3/21,02:00,0.4, ,91470, ,15.40, ,0.00, ,67.2, 
2019/3/21,03:00,0.1, ,91510, ,9.65, ,0.00, ,67.2, 
2019/3/21,04:00,0.7, ,91550, ,14.11, ,0.00, ,67.2, 
2019/3/21,05:00,4.7, ,91590, ,9.28, ,0.00, ,67.2, 
2019/3/21,06:00,4.5, ,91630, ,9.28, ,0.00, ,67.2, 
2019/3/21,07:00,3.3, ,91670, ,15.23, ,0.00, ,67.2, 
2019/3/21,08:00,4.6, ,91750, ,13.75, ,0.00, ,67.3, 
2019/3/21,09:00,2.7, ,91790, ,13.19, ,0.00, ,67.3, 
2019/3/21,10:00,0.7, ,91830, ,10.78, ,0.00, ,67.3, 
2019/3/21,11:00,0.7, ,91910, ,18.41, ,0.00, ,67.3, 
2019/3/21,12:00,0.5, ,92030, ,25.11, ,0.00, ,67.4, 
2019/3/21,13:00,0.0, ,92150, ,34.62, ,0.00, ,67.5, 
2019/3/21,14:00,0.1, ,92270, ,36.70, ,0.00, ,67.6, 
2019/3/21,15:00,0.0, ,92390, ,31.69, ,0.00, ,67.6, 
2019/3/21,16:00,0.0, ,92520, ,32.27, ,0.00, ,67.7, 
2019/3/21,17:00,0.0, ,92600, ,31.54, ,0.00, ,67.7, 
2019/3/21,18:00,0.0, ,92720, ,29.70, ,0.00, ,67.8, 
2019/3/21,19:00,0.0, ,92800, ,27.47, ,0.00, ,67.9, 
2019/3/21,20:00,0.0, ,92920, ,27.30, ,0.00, ,67.9, 
2019/3/21,21:00,0.0, ,93000, ,24.50, ,0.00, ,68.0, 
2019/3/21,22:00,0.0, ,93080, ,24.33, ,0.00, ,68.0, 
2019/3/21,23:00,0.0, ,93160, ,21.91, ,0.00, ,68.0, 
2019/3/21,24:00,0.0, ,93240, ,22.10, ,0.00, ,67.9, 
2019/3/22,01:00,0.0, ,93320, ,24.17, ,0.00, ,68.0, 
2019/3/22,02:00,0.0, ,93400, ,17.81, ,0.00, ,68.0, 
2019/3/22,03:00,0.0, ,93450, ,25.51, ,0.00, ,68.0, 
2019/3/22,04:00,0.0, ,93490, ,9.57, ,0.00, ,68.0, 
2019/3/22,05:00,0.0, ,93530, ,15.20, ,0.00, ,68.1, 
2019/3/22,06:00,0.0, ,93570, ,8.26, ,0.00, ,68.1, 
2019/3/22,07:00,0.0, ,93610, ,8.64, ,0.00, ,68.1, 
2019/3/22,08:00,0.0, ,93650, ,10.71, ,0.00, ,68.1, 
2019/3/22,09:00,0.0, ,93650, ,6.39, ,0.00, ,68.1, 
2019/3/22,10:00,0.0, ,93690, ,10.33, ,0.00, ,68.1, 
2019/3/22,11:00,0.0, ,93770, ,14.84, ,0.00, ,68.1, 
2019/3/22,12:00,0.0, ,93810, ,12.78, ,0.00, ,68.1, 
2019/3/22,13:00,0.0, ,93890, ,16.92, ,0.00, ,68.2, 
2019/3/22,14:00,0.0, ,93930, ,18.43, ,0.00, ,68.2, 
2019/3/22,15:00,0.0, ,94010, ,18.25, ,0.00, ,68.2, 
2019/3/22,16:00,0.0, ,94090, ,18.25, ,0.00, ,68.2, 
2019/3/22,17:00,0.0, ,94140, ,18.07, ,0.00, ,68.3, 
2019/3/22,18:00,0.0, ,94180, ,13.75, ,0.00, ,68.3, 
2019/3/22,19:00,0.0, ,94260, ,17.89, ,0.00, ,68.3, 
2019/3/22,20:00,0.0, ,94300, ,15.45, ,0.00, ,68.3, 
2019/3/22,21:00,0.0, ,94380, ,16.21, ,0.00, ,68.4, 
2019/3/22,22:00,0.0, ,94420, ,16.97, ,0.00, ,68.4, 
2019/3/22,23:00,0.0, ,94460, ,13.96, ,0.00, ,68.4, 
2019/3/22,24:00,0.0, ,94540, ,17.92, ,0.00, ,68.3, 
2019/3/23,01:00,0.0, ,94580, ,16.42, ,0.00, ,68.3, 
2019/3/23,02:00,0.0, ,94670, ,13.59, ,0.00, ,68.3, 
2019/3/23,03:00,0.0, ,94710, ,13.97, ,0.00, ,68.4, 
2019/3/23,04:00,0.0, ,94750, ,11.33, ,0.00, ,68.4, 
2019/3/23,05:00,0.0, ,94750, ,9.83, ,0.00, ,68.3, 
2019/3/23,06:00,0.0, ,94790, ,6.80, ,0.00, ,68.4, 
2019/3/23,07:00,0.0, ,94830, ,6.62, ,0.00, ,68.4, 
2019/3/23,08:00,0.0, ,94830, ,9.26, ,0.00, ,68.3, 
2019/3/23,09:00,0.0, ,94870, ,5.67, ,0.00, ,68.3, 
2019/3/23,10:00,0.0, ,94870, ,5.67, ,0.00, ,68.3, 
2019/3/23,11:00,0.0, ,94950, ,9.08, ,0.00, ,68.4, 
2019/3/23,12:00,0.0, ,94990, ,19.10, ,0.00, ,68.4, 
2019/3/23,13:00,0.0, ,95070, ,19.11, ,0.00, ,68.4, 
2019/3/23,14:00,0.0, ,95110, ,14.58, ,0.00, ,68.4, 
2019/3/23,15:00,0.0, ,95200, ,14.96, ,0.00, ,68.5, 
2019/3/23,16:00,0.0, ,95240, ,17.42, ,0.00, ,68.5, 
2019/3/23,17:00,0.0, ,95280, ,11.75, ,0.00, ,68.5, 
2019/3/23,18:00,0.1, ,95240, ,19.31, ,28.40, ,68.4, 
2019/3/23,19:00,0.0, ,95070, ,14.59, ,57.90, ,68.3, 
2019/3/23,20:00,0.0, ,95030, ,14.04, ,33.30, ,68.2, 
2019/3/23,21:00,0.0, ,95030, ,9.78, ,0.00, ,68.2, 
2019/3/23,22:00,0.0, ,95070, ,10.60, ,0.00, ,68.2, 
2019/3/23,23:00,0.0, ,95160, ,11.17, ,0.00, ,68.3, 
2019/3/23,24:00,0.0, ,95200, ,18.74, ,0.00, ,68.3, 
2019/3/24,01:00,0.0, ,95240, ,14.78, ,0.00, ,68.3, 
2019/3/24,02:00,0.0, ,95280, ,11.56, ,0.00, ,68.3, 
2019/3/24,03:00,0.0, ,95320, ,13.64, ,0.00, ,68.3, 
2019/3/24,04:00,0.0, ,95400, ,11.94, ,0.00, ,68.3, 
2019/3/24,05:00,0.0, ,95400, ,11.57, ,0.00, ,68.3, 
2019/3/24,06:00,0.0, ,95440, ,9.29, ,0.00, ,68.3, 
2019/3/24,07:00,0.0, ,95480, ,3.22, ,0.00, ,68.3, 
2019/3/24,08:00,0.0, ,95480, ,10.24, ,0.00, ,68.3, 
2019/3/24,09:00,0.0, ,95520, ,0.76, ,0.00, ,68.3, 
2019/3/24,10:00,0.2, ,95520, ,10.62, ,0.00, ,68.3, 
2019/3/24,11:00,0.1, ,95560, ,4.75, ,0.00, ,68.3, 
2019/3/24,12:00,0.0, ,95610, ,15.18, ,0.00, ,68.3, 
2019/3/24,13:00,0.0, ,95650, ,14.05, ,0.00, ,68.3, 
2019/3/24,14:00,0.0, ,95730, ,12.72, ,0.00, ,68.4, 
2019/3/24,15:00,0.0, ,95770, ,15.20, ,0.00, ,68.4, 
2019/3/24,16:00,0.0, ,95810, ,12.92, ,0.00, ,68.4, 
2019/3/24,17:00,0.0, ,95890, ,18.24, ,0.00, ,68.4, 
2019/3/24,18:00,0.0, ,95890, ,23.59, ,28.20, ,68.4, 
2019/3/24,19:00,0.0, ,95810, ,16.33, ,33.50, ,68.3, 
2019/3/24,20:00,0.0, ,95730, ,11.85, ,33.40, ,68.3, 
2019/3/24,21:00,0.0, ,95730, ,7.32, ,0.00, ,68.2, 
2019/3/24,22:00,0.0, ,95770, ,3.61, ,0.00, ,68.3, 
2019/3/24,23:00,0.0, ,95810, ,14.82, ,0.00, ,68.3, 
2019/3/24,24:00,0.0, ,95890, ,17.29, ,0.00, ,68.3, 
2019/3/25,01:00,0.0, ,95930, ,13.69, ,0.00, ,68.3, 
2019/3/25,02:00,0.0, ,95980, ,13.50, ,0.00, ,68.3, 
2019/3/25,03:00,0.0, ,96020, ,12.93, ,0.00, ,68.3, 
2019/3/25,04:00,0.0, ,96060, ,10.08, ,0.00, ,68.3, 
2019/3/25,05:00,0.0, ,96060, ,5.33, ,0.00, ,68.3, 
2019/3/25,06:00,0.0, ,96100, ,10.66, ,0.00, ,68.3, 
2019/3/25,07:00,0.0, ,96140, ,1.33, ,0.00, ,68.3, 
2019/3/25,08:00,0.0, ,96140, ,10.85, ,0.00, ,68.3, 
2019/3/25,09:00,0.0, ,96140, ,0.00, ,0.00, ,68.3, 
2019/3/25,10:00,0.0, ,96180, ,7.80, ,0.00, ,68.3, 
2019/3/25,11:00,0.0, ,96220, ,7.43, ,0.00, ,68.3, 
2019/3/25,12:00,0.0, ,96260, ,13.14, ,0.00, ,68.3, 
2019/3/25,13:00,0.0, ,96300, ,13.91, ,0.00, ,68.3, 
2019/3/25,14:00,0.0, ,96390, ,15.43, ,0.00, ,68.4, 
2019/3/25,15:00,0.0, ,96430, ,15.63, ,0.00, ,68.4, 
2019/3/25,16:00,0.0, ,96510, ,15.63, ,0.00, ,68.4, 
2019/3/25,17:00,0.0, ,96550, ,14.87, ,0.00, ,68.4, 
2019/3/25,18:00,0.0, ,96550, ,19.34, ,17.80, ,68.4, 
2019/3/25,19:00,0.0, ,96470, ,14.56, ,33.20, ,68.3, 
2019/3/25,20:00,0.0, ,96430, ,11.59, ,21.40, ,68.3, 
2019/3/25,21:00,0.0, ,96430, ,3.50, ,0.00, ,68.3, 
2019/3/25,22:00,0.0, ,96470, ,8.58, ,0.00, ,68.3, 
2019/3/25,23:00,0.0, ,96510, ,14.30, ,0.00, ,68.3, 
2019/3/25,24:00,0.0, ,96590, ,14.12, ,0.00, ,68.3, 
2019/3/26,01:00,0.0, ,96630, ,14.50, ,0.00, ,68.3, 
2019/3/26,02:00,0.0, ,96670, ,11.26, ,0.00, ,68.3, 
2019/3/26,03:00,0.0, ,96720, ,14.32, ,0.00, ,68.4, 
2019/3/26,04:00,0.0, ,96760, ,8.79, ,0.00, ,68.4, 
2019/3/26,05:00,0.0, ,96800, ,8.40, ,0.00, ,68.4, 
2019/3/26,06:00,0.0, ,96800, ,8.79, ,0.00, ,68.4, 
2019/3/26,07:00,0.0, ,96760, ,8.37, ,18.10, ,68.3, 
2019/3/26,08:00,0.0, ,96720, ,7.43, ,28.30, ,68.3, 
2019/3/26,09:00,0.0, ,96670, ,2.63, ,0.00, ,68.2, 
2019/3/26,10:00,0.0, ,96670, ,0.00, ,0.00, ,68.2, 
2019/3/26,11:00,0.0, ,96720, ,7.45, ,0.00, ,68.2, 
2019/3/26,12:00,0.0, ,96800, ,16.42, ,0.00, ,68.2, 
2019/3/26,13:00,0.0, ,96840, ,11.46, ,0.00, ,68.2, 
2019/3/26,14:00,0.0, ,96880, ,14.14, ,0.00, ,68.3, 
2019/3/26,15:00,0.0, ,96920, ,12.62, ,0.00, ,68.3, 
2019/3/26,16:00,0.0, ,96960, ,14.72, ,0.00, ,68.3, 
2019/3/26,17:00,0.0, ,97050, ,16.06, ,0.00, ,68.3, 
2019/3/26,18:00,0.0, ,97010, ,13.14, ,28.20, ,68.3, 
2019/3/26,19:00,0.0, ,96800, ,8.12, ,57.20, ,68.1, 
2019/3/26,20:00,0.0, ,96630, ,11.13, ,59.30, ,68.0, 
2019/3/26,21:00,0.0, ,96670, ,11.91, ,0.00, ,68.0, 
2019/3/26,22:00,0.0, ,96720, ,10.88, ,0.00, ,68.0, 
2019/3/26,23:00,0.0, ,96760, ,12.79, ,0.00, ,68.0, 
2019/3/26,24:00,0.0, ,96800, ,11.08, ,0.00, ,68.0, 
2019/3/27,01:00,0.0, ,96840, ,12.61, ,0.00, ,68.0, 
2019/3/27,02:00,0.0, ,96880, ,11.27, ,0.00, ,68.0, 
2019/3/27,03:00,0.0, ,96920, ,9.56, ,0.00, ,68.0, 
2019/3/27,04:00,0.0, ,96920, ,8.79, ,0.00, ,68.0, 
2019/3/27,05:00,0.0, ,96960, ,10.51, ,0.00, ,68.0, 
2019/3/27,06:00,0.0, ,96960, ,0.96, ,0.00, ,68.0, 
2019/3/27,07:00,0.0, ,96920, ,12.60, ,28.30, ,67.9, 
2019/3/27,08:00,0.0, ,96920, ,5.31, ,0.00, ,67.9, 
2019/3/27,09:00,0.0, ,96920, ,0.00, ,0.00, ,67.9, 
2019/3/27,10:00,0.0, ,96920, ,0.00, ,0.00, ,67.9, 
2019/3/27,11:00,0.0, ,96960, ,3.82, ,0.00, ,67.9, 
2019/3/27,12:00,0.0, ,97010, ,13.76, ,0.00, ,67.9, 
2019/3/27,13:00,0.0, ,97050, ,11.67, ,0.00, ,67.9, 
2019/3/27,14:00,0.0, ,97090, ,12.63, ,0.00, ,67.9, 
2019/3/27,15:00,0.0, ,97170, ,14.54, ,0.00, ,68.0, 
2019/3/27,16:00,0.0, ,97210, ,15.31, ,0.00, ,68.0, 
2019/3/27,17:00,0.0, ,97210, ,19.12, ,21.20, ,67.9, 
2019/3/27,18:00,0.0, ,97130, ,11.21, ,30.10, ,67.9, 
2019/3/27,19:00,0.0, ,96960, ,8.59, ,57.70, ,67.7, 
2019/3/27,20:00,0.0, ,96880, ,11.32, ,26.50, ,67.7, 
2019/3/27,21:00,0.0, ,96880, ,2.73, ,0.00, ,67.6, 
2019/3/27,22:00,0.0, ,96880, ,13.96, ,27.90, ,67.6, 
2019/3/27,23:00,0.0, ,96840, ,8.16, ,0.00, ,67.6, 
2019/3/27,24:00,0.0, ,96880, ,8.22, ,0.00, ,67.6, 
2019/3/28,01:00,0.0, ,96920, ,9.37, ,0.00, ,67.6, 
2019/3/28,02:00,0.0, ,96960, ,14.91, ,0.00, ,67.6, 
2019/3/28,03:00,0.0, ,97010, ,9.37, ,0.00, ,67.6, 
2019/3/28,04:00,0.0, ,97050, ,8.42, ,0.00, ,67.6, 
2019/3/28,05:00,0.0, ,97050, ,6.31, ,0.00, ,67.6, 
2019/3/28,06:00,0.0, ,97090, ,4.97, ,0.00, ,67.6, 
2019/3/28,07:00,0.0, ,97090, ,6.51, ,0.00, ,67.6, 
2019/3/28,08:00,0.0, ,97090, ,0.00, ,0.00, ,67.6, 
2019/3/28,09:00,0.0, ,97130, ,6.70, ,0.00, ,67.6, 
2019/3/28,10:00,0.0, ,97090, ,13.38, ,28.40, ,67.5, 
2019/3/28,11:00,0.0, ,97010, ,5.31, ,28.20, ,67.4, 
2019/3/28,12:00,0.0, ,97010, ,9.05, ,0.00, ,67.4, 
2019/3/28,13:00,0.0, ,97050, ,0.77, ,0.00, ,67.4, 
2019/3/28,14:00,0.0, ,97090, ,15.30, ,0.00, ,67.4, 
2019/3/28,15:00,0.0, ,97170, ,16.84, ,0.00, ,67.5, 
2019/3/28,16:00,0.0, ,97170, ,13.01, ,0.00, ,67.5, 
2019/3/28,17:00,0.0, ,97170, ,8.79, ,17.70, ,67.4, 
2019/3/28,18:00,0.0, ,97050, ,12.08, ,48.70, ,67.3, 
2019/3/28,19:00,0.0, ,96840, ,9.51, ,60.50, ,67.2, 
2019/3/28,20:00,0.0, ,96760, ,9.25, ,30.00, ,67.1, 
2019/3/28,21:00,0.0, ,96720, ,10.43, ,28.20, ,67.0, 
2019/3/28,22:00,0.0, ,96670, ,2.25, ,0.00, ,67.0, 
2019/3/28,23:00,0.0, ,96720, ,8.40, ,0.00, ,67.0, 
2019/3/28,24:00,0.0, ,96760, ,10.31, ,0.00, ,67.0, 
2019/3/29,01:00,0.0, ,96800, ,9.36, ,0.00, ,67.0, 
2019/3/29,02:00,0.0, ,96840, ,14.13, ,0.00, ,67.0, 
2019/3/29,03:00,0.0, ,96840, ,3.63, ,0.00, ,67.0, 
2019/3/29,04:00,0.0, ,96880, ,10.90, ,0.00, ,67.0, 
2019/3/29,05:00,0.0, ,96920, ,2.29, ,0.00, ,67.0, 
2019/3/29,06:00,0.0, ,96920, ,9.75, ,0.00, ,67.0, 
2019/3/29,07:00,0.0, ,96880, ,10.13, ,27.90, ,67.0, 
2019/3/29,08:00,0.0, ,96760, ,6.91, ,27.90, ,66.9, 
2019/3/29,09:00,0.0, ,96760, ,0.02, ,0.00, ,66.8, 
2019/3/29,10:00,0.0, ,96760, ,0.00, ,0.00, ,66.8, 
2019/3/29,11:00,0.0, ,96800, ,4.58, ,0.00, ,66.8, 
2019/3/29,12:00,0.0, ,96840, ,9.74, ,0.00, ,66.8, 
2019/3/29,13:00,0.0, ,96880, ,15.29, ,0.00, ,66.9, 
2019/3/29,14:00,0.0, ,96920, ,9.56, ,0.00, ,66.9, 
2019/3/29,15:00,0.0, ,96960, ,13.19, ,0.00, ,66.9, 
2019/3/29,16:00,0.0, ,97010, ,9.94, ,0.00, ,66.9, 
2019/3/29,17:00,0.0, ,97050, ,9.18, ,0.00, ,66.9, 
2019/3/29,18:00,0.0, ,97010, ,19.42, ,28.20, ,66.8, 
2019/3/29,19:00,0.0, ,96840, ,9.15, ,50.60, ,66.7, 
2019/3/29,20:00,0.0, ,96670, ,8.41, ,55.90, ,66.6, 
2019/3/29,21:00,0.0, ,96670, ,4.10, ,0.00, ,66.5, 
2019/3/29,22:00,0.0, ,96720, ,0.38, ,0.00, ,66.6, 
2019/3/29,23:00,0.0, ,96720, ,11.08, ,0.00, ,66.5, 
2019/3/29,24:00,0.0, ,96760, ,8.79, ,0.00, ,66.6, 
2019/3/30,01:00,0.0, ,96800, ,9.93, ,0.00, ,66.6, 
2019/3/30,02:00,0.0, ,96840, ,8.40, ,0.00, ,66.6, 
2019/3/30,03:00,0.0, ,96840, ,7.26, ,0.00, ,66.6, 
2019/3/30,04:00,0.0, ,96880, ,8.98, ,0.00, ,66.6, 
2019/3/30,05:00,0.0, ,96880, ,2.49, ,0.00, ,66.5, 
2019/3/30,06:00,0.0, ,96920, ,8.79, ,0.00, ,66.6, 
2019/3/30,07:00,0.0, ,96920, ,2.68, ,0.00, ,66.5, 
2019/3/30,08:00,0.0, ,96960, ,5.16, ,0.00, ,66.5, 
2019/3/30,09:00,0.0, ,96960, ,6.31, ,0.00, ,66.5, 
2019/3/30,10:00,0.0, ,96960, ,0.00, ,0.00, ,66.5, 
2019/3/30,11:00,2.4, ,97010, ,4.59, ,0.00, ,66.5, 
2019/3/30,12:00,0.5, ,97050, ,14.73, ,0.00, ,66.5, 
2019/3/30,13:00,0.7, ,97090, ,10.91, ,0.00, ,66.5, 
2019/3/30,14:00,0.3, ,97130, ,14.16, ,0.00, ,66.5, 
2019/3/30,15:00,0.0, ,97210, ,11.48, ,0.00, ,66.6, 
2019/3/30,16:00,0.0, ,97250, ,13.21, ,0.00, ,66.6, 
2019/3/30,17:00,0.0, ,97250, ,11.30, ,0.00, ,66.6, 
2019/3/30,18:00,0.1, ,97250, ,14.07, ,28.20, ,66.6, 
2019/3/30,19:00,0.0, ,97050, ,14.46, ,57.50, ,66.4, 
2019/3/30,20:00,0.0, ,96880, ,8.32, ,60.50, ,66.3, 
2019/3/30,21:00,0.0, ,96720, ,4.11, ,45.30, ,66.1, 
2019/3/30,22:00,0.0, ,96720, ,2.90, ,0.00, ,66.1, 
2019/3/30,23:00,0.0, ,96760, ,7.83, ,0.00, ,66.1, 
2019/3/30,24:00,0.0, ,96800, ,8.02, ,0.00, ,66.1, 
2019/3/31,01:00,0.0, ,96840, ,9.93, ,0.00, ,66.1, 
2019/3/31,02:00,0.0, ,96840, ,8.60, ,0.00, ,66.1, 
2019/3/31,03:00,0.0, ,96880, ,11.47, ,0.00, ,66.1, 
2019/3/31,04:00,0.0, ,96920, ,2.87, ,0.00, ,66.1, 
2019/3/31,05:00,0.0, ,96920, ,8.60, ,0.00, ,66.1, 
2019/3/31,06:00,0.0, ,96920, ,0.00, ,0.00, ,66.1, 
2019/3/31,07:00,0.0, ,96880, ,9.21, ,27.90, ,66.0, 
2019/3/31,08:00,0.0, ,96760, ,4.27, ,28.00, ,65.9, 
2019/3/31,09:00,0.0, ,96760, ,4.47, ,0.00, ,65.9, 
2019/3/31,10:00,0.0, ,96800, ,4.97, ,0.00, ,65.9, 
2019/3/31,11:00,0.0, ,96800, ,4.58, ,0.00, ,65.9, 
2019/3/31,12:00,0.0, ,96840, ,11.46, ,0.00, ,65.9, 
2019/3/31,13:00,0.0, ,96880, ,7.84, ,0.00, ,65.9, 
2019/3/31,14:00,0.0, ,96920, ,13.57, ,0.00, ,65.9, 
2019/3/31,15:00,0.0, ,96960, ,10.13, ,0.00, ,66.0, 
2019/3/31,16:00,0.0, ,97010, ,8.79, ,0.00, ,66.0, 
2019/3/31,17:00,0.0, ,97010, ,5.74, ,0.00, ,65.9, 
2019/3/31,18:00,0.0, ,97010, ,14.12, ,28.30, ,65.9, 
2019/3/31,19:00,0.0, ,96800, ,12.26, ,57.60, ,65.8, 
2019/3/31,20:00,0.0, ,96630, ,6.73, ,49.80, ,65.6, 
2019/3/31,21:00,0.0, ,96630, ,1.98, ,0.00, ,65.6, 
2019/3/31,22:00,0.0, ,96630, ,0.00, ,0.00, ,65.6, 
2019/3/31,23:00,0.0, ,96670, ,11.45, ,0.00, ,65.6, 
2019/3/31,24:00,0.0, ,96720, ,8.60, ,0.00, ,65.6, 
