îCà”ä˙ä‘É_ÉÄèîó åüçıåãâ 
êÖånñº,ãgñÏêÏ
âÕêÏñº,ãgñÏêÏ
äœë™èäñº,ëÅñæâYÉ_ÉÄÅiã@ç\Åj
äœë™èäãLçÜ,1368080700010
#
#îNåéì˙,éûçè,ó¨àÊïΩãœâJó ,ó¨àÊïΩãœâJó ëÆê´,íôêÖó ,íôêÖó ëÆê´,ó¨ì¸ó ,ó¨ì¸ó ëÆê´,ï˙ó¨ó ,ï˙ó¨ó ëÆê´,íôêÖó¶,íôêÖó¶ëÆê´
#ëÆê´Å@$:åáë™ -:ñ¢éÛêM
#
2025/8/1,01:00,0.0, ,179720, ,17.01, ,52.20, ,95.3, 
2025/8/1,02:00,0.0, ,179550, ,12.50, ,57.80, ,95.2, 
2025/8/1,03:00,0.0, ,179380, ,11.80, ,57.90, ,95.1, 
2025/8/1,04:00,0.0, ,179200, ,8.38, ,57.90, ,95.0, 
2025/8/1,05:00,0.0, ,179030, ,8.75, ,58.10, ,94.9, 
2025/8/1,06:00,0.0, ,178860, ,8.18, ,57.70, ,94.8, 
2025/8/1,07:00,0.0, ,178690, ,6.63, ,37.70, ,94.7, 
2025/8/1,08:00,0.0, ,178580, ,5.53, ,29.70, ,94.6, 
2025/8/1,09:00,0.0, ,178460, ,7.06, ,30.00, ,94.6, 
2025/8/1,10:00,0.0, ,178410, ,10.55, ,29.60, ,94.5, 
2025/8/1,11:00,0.0, ,178350, ,11.06, ,29.80, ,94.5, 
2025/8/1,12:00,0.0, ,178290, ,16.60, ,29.70, ,94.5, 
2025/8/1,13:00,0.0, ,178290, ,14.31, ,30.00, ,94.5, 
2025/8/1,14:00,0.0, ,178240, ,15.60, ,29.60, ,94.4, 
2025/8/1,15:00,0.0, ,178120, ,13.00, ,37.20, ,94.3, 
2025/8/1,16:00,1.3, ,178010, ,13.84, ,46.60, ,94.3, 
2025/8/1,17:00,0.0, ,177890, ,12.68, ,54.20, ,94.2, 
2025/8/1,18:00,0.0, ,177780, ,16.72, ,58.20, ,94.1, 
2025/8/1,19:00,0.0, ,177610, ,14.81, ,58.10, ,94.0, 
2025/8/1,20:00,0.0, ,177440, ,16.93, ,58.20, ,93.9, 
2025/8/1,21:00,0.0, ,177270, ,17.18, ,58.20, ,93.8, 
2025/8/1,22:00,0.0, ,177160, ,15.32, ,53.40, ,93.8, 
2025/8/1,23:00,0.0, ,177040, ,16.96, ,35.30, ,93.7, 
2025/8/1,24:00,0.0, ,176990, ,12.06, ,35.70, ,93.7, 
2025/8/2,01:00,0.0, ,176870, ,12.40, ,49.30, ,93.6, 
2025/8/2,02:00,0.0, ,176700, ,13.79, ,58.20, ,93.5, 
2025/8/2,03:00,0.0, ,176530, ,11.98, ,58.20, ,93.4, 
2025/8/2,04:00,0.0, ,176360, ,8.59, ,58.10, ,93.3, 
2025/8/2,05:00,0.0, ,176190, ,8.85, ,58.10, ,93.2, 
2025/8/2,06:00,0.0, ,176020, ,7.64, ,55.80, ,93.1, 
2025/8/2,07:00,0.0, ,175850, ,5.25, ,37.40, ,93.0, 
2025/8/2,08:00,0.0, ,175740, ,6.27, ,29.90, ,92.9, 
2025/8/2,09:00,0.0, ,175630, ,2.71, ,30.00, ,92.8, 
2025/8/2,10:00,0.0, ,175630, ,10.57, ,29.90, ,92.8, 
2025/8/2,11:00,0.0, ,175510, ,11.93, ,30.10, ,92.8, 
2025/8/2,12:00,0.0, ,175510, ,19.53, ,30.00, ,92.8, 
2025/8/2,13:00,0.0, ,175460, ,10.06, ,29.90, ,92.7, 
2025/8/2,14:00,0.0, ,175350, ,17.15, ,30.00, ,92.7, 
2025/8/2,15:00,0.0, ,175350, ,11.43, ,38.70, ,92.7, 
2025/8/2,16:00,0.0, ,175180, ,16.38, ,48.90, ,92.6, 
2025/8/2,17:00,0.0, ,175060, ,14.11, ,51.40, ,92.5, 
2025/8/2,18:00,0.0, ,174950, ,16.99, ,58.50, ,92.4, 
2025/8/2,19:00,0.0, ,174780, ,15.17, ,58.40, ,92.3, 
2025/8/2,20:00,0.0, ,174610, ,14.88, ,58.30, ,92.2, 
2025/8/2,21:00,0.0, ,174440, ,14.33, ,58.50, ,92.1, 
2025/8/2,22:00,0.0, ,174270, ,14.64, ,56.30, ,92.0, 
2025/8/2,23:00,0.0, ,174160, ,14.20, ,36.30, ,92.0, 
2025/8/2,24:00,0.0, ,174110, ,12.36, ,45.90, ,92.0, 
2025/8/3,01:00,0.0, ,173990, ,15.05, ,55.40, ,91.9, 
2025/8/3,02:00,0.0, ,173770, ,11.11, ,58.60, ,91.8, 
2025/8/3,03:00,0.0, ,173600, ,10.05, ,58.70, ,91.7, 
2025/8/3,04:00,0.0, ,173430, ,9.54, ,58.70, ,91.6, 
2025/8/3,05:00,0.0, ,173260, ,5.39, ,58.60, ,91.5, 
2025/8/3,06:00,0.0, ,173040, ,8.00, ,54.00, ,91.3, 
2025/8/3,07:00,0.0, ,172930, ,4.62, ,37.70, ,91.3, 
2025/8/3,08:00,0.0, ,172820, ,6.00, ,30.30, ,91.2, 
2025/8/3,09:00,0.0, ,172760, ,7.50, ,30.00, ,91.2, 
2025/8/3,10:00,0.0, ,172650, ,5.24, ,29.80, ,91.1, 
2025/8/3,11:00,0.0, ,172590, ,13.50, ,30.10, ,91.1, 
2025/8/3,12:00,0.0, ,172540, ,14.05, ,30.40, ,91.0, 
2025/8/3,13:00,0.0, ,172480, ,11.31, ,30.20, ,91.0, 
2025/8/3,14:00,0.0, ,172420, ,14.89, ,30.20, ,91.0, 
2025/8/3,15:00,0.0, ,172370, ,10.95, ,30.00, ,90.9, 
2025/8/3,16:00,0.0, ,172260, ,10.62, ,50.90, ,90.9, 
2025/8/3,17:00,0.0, ,172140, ,18.22, ,58.70, ,90.8, 
2025/8/3,18:00,0.0, ,171980, ,15.32, ,58.70, ,90.7, 
2025/8/3,19:00,0.0, ,171810, ,14.79, ,58.60, ,90.6, 
2025/8/3,20:00,0.0, ,171640, ,14.50, ,59.10, ,90.5, 
2025/8/3,21:00,0.0, ,171530, ,16.10, ,59.00, ,90.4, 
2025/8/3,22:00,0.0, ,171360, ,13.68, ,59.00, ,90.3, 
2025/8/3,23:00,0.0, ,171200, ,15.23, ,59.10, ,90.2, 
2025/8/3,24:00,0.0, ,171030, ,14.74, ,59.00, ,90.1, 
2025/8/4,01:00,0.0, ,170860, ,15.26, ,59.00, ,90.0, 
2025/8/4,02:00,0.0, ,170700, ,12.22, ,59.10, ,89.9, 
2025/8/4,03:00,0.0, ,170470, ,9.94, ,59.00, ,89.8, 
2025/8/4,04:00,0.0, ,170310, ,7.89, ,59.10, ,89.7, 
2025/8/4,05:00,0.0, ,170140, ,6.90, ,59.10, ,89.6, 
2025/8/4,06:00,0.0, ,169920, ,7.46, ,59.10, ,89.5, 
2025/8/4,07:00,0.0, ,169750, ,4.62, ,51.30, ,89.4, 
2025/8/4,08:00,0.0, ,169590, ,7.13, ,37.60, ,89.3, 
2025/8/4,09:00,0.0, ,169530, ,2.36, ,0.00,#,89.2, 
2025/8/4,10:00,0.0, ,169480, ,8.26, ,0.00,#,89.2, 
2025/8/4,11:00,0.0, ,169360, ,10.94, ,0.00,#,89.1, 
2025/8/4,12:00,0.0, ,169310, ,10.99, ,0.00,#,89.1, 
2025/8/4,13:00,0.0, ,169200, ,15.59, ,0.00,#,89.0, 
2025/8/4,14:00,0.2, ,169200, ,14.03, ,0.00,#,89.0, 
2025/8/4,15:00,0.2, ,169090, ,12.09, ,0.00,#,89.0, 
2025/8/4,16:00,0.0, ,169030, ,15.42, ,0.00,#,88.9, 
2025/8/4,17:00,0.0, ,168920, ,12.84, ,51.70, ,88.9, 
2025/8/4,18:00,0.0, ,168810, ,13.82, ,59.20, ,88.8, 
2025/8/4,19:00,0.9, ,168650, ,16.51, ,59.20, ,88.7, 
2025/8/4,20:00,0.4, ,168480, ,15.48, ,59.20, ,88.6, 
2025/8/4,21:00,0.0, ,168310, ,17.28, ,59.20, ,88.5, 
2025/8/4,22:00,0.4, ,168200, ,16.03, ,59.20, ,88.4, 
2025/8/4,23:00,0.5, ,168040, ,14.54, ,59.20, ,88.3, 
2025/8/4,24:00,1.5, ,167870, ,22.96, ,59.10, ,88.4, 
2025/8/5,01:00,0.0, ,167710, ,10.22, ,47.60, ,88.3, 
2025/8/5,02:00,0.0, ,167600, ,15.92, ,38.90, ,88.2, 
2025/8/5,03:00,0.0, ,167490, ,10.84, ,37.60, ,88.2, 
2025/8/5,04:00,0.0, ,167430, ,6.86, ,31.60, ,88.1, 
2025/8/5,05:00,0.0, ,167320, ,1.87, ,30.20, ,88.1, 
2025/8/5,06:00,0.0, ,167210, ,7.66, ,30.40, ,88.0, 
2025/8/5,07:00,0.0, ,167160, ,4.96, ,30.50, ,88.0, 
2025/8/5,08:00,0.0, ,167050, ,5.79, ,30.10, ,87.9, 
2025/8/5,09:00,0.0,-,166940, ,0.65, ,30.60, ,87.8, 
2025/8/5,10:00,0.0,-,166880, ,10.85, ,30.30, ,87.8, 
2025/8/5,11:00,0.0,-,166830, ,11.69, ,30.40, ,87.8, 
2025/8/5,12:00,0.0,-,166770, ,11.65, ,30.60, ,87.7, 
2025/8/5,13:00,0.0,-,166720, ,17.20, ,30.40, ,87.7, 
2025/8/5,14:00,0.0,-,166610, ,9.61, ,30.20, ,87.6, 
2025/8/5,15:00,0.0,-,166550, ,16.67, ,46.70, ,87.6, 
2025/8/5,16:00,0.0,-,166440, ,13.49, ,54.00, ,87.5, 
2025/8/5,17:00,0.0, ,166280, ,14.21, ,59.30, ,87.4, 
2025/8/5,18:00,0.0, ,166120, ,12.40, ,59.40, ,87.3, 
2025/8/5,19:00,0.0, ,165950, ,15.52, ,59.20, ,87.2, 
2025/8/5,20:00,0.0, ,165790, ,15.74, ,59.20, ,87.1, 
2025/8/5,21:00,0.0, ,165620, ,15.00, ,59.30, ,87.0, 
2025/8/5,22:00,0.0, ,165460, ,15.63, ,59.60, ,86.9, 
2025/8/5,23:00,0.0, ,165300, ,14.64, ,59.60, ,86.8, 
2025/8/5,24:00,0.0, ,165130, ,13.42, ,59.70, ,86.9, 
2025/8/6,01:00,0.0, ,165020, ,16.98, ,41.50, ,86.9, 
2025/8/6,02:00,0.0, ,165020, ,13.63, ,0.00, ,86.9, 
2025/8/6,03:00,0.0, ,165080, ,6.81, ,0.00, ,86.9, 
2025/8/6,04:00,0.0, ,165080, ,8.58, ,0.00, ,86.9, 
2025/8/6,05:00,0.0, ,165080, ,1.26, ,0.00, ,86.9, 
2025/8/6,06:00,0.0, ,165080, ,4.57, ,16.30, ,86.9, 
2025/8/6,07:00,0.0, ,165020, ,3.53, ,40.80, ,86.9, 
2025/8/6,08:00,0.0, ,164860, ,5.61, ,50.90, ,86.8, 
2025/8/6,09:00,0.0, ,164700, ,5.20, ,55.20, ,86.7, 
2025/8/6,10:00,0.0, ,164530, ,8.65, ,55.00, ,86.6, 
2025/8/6,11:00,0.0, ,164370, ,13.78, ,57.20, ,86.5, 
2025/8/6,12:00,0.0, ,164210, ,15.75, ,57.20, ,86.4, 
2025/8/6,13:00,0.0, ,164100, ,16.62, ,57.90, ,86.3, 
2025/8/6,14:00,0.0, ,163880, ,13.27, ,60.00, ,86.2, 
2025/8/6,15:00,0.0, ,163720, ,13.70, ,59.90, ,86.1, 
2025/8/6,16:00,0.1, ,163560, ,12.50, ,59.90, ,86.0, 
2025/8/6,17:00,0.0, ,163390, ,16.30, ,59.80, ,85.9, 
2025/8/6,18:00,0.0, ,163290, ,17.53, ,60.00, ,85.8, 
2025/8/6,19:00,0.0, ,163070, ,15.80, ,59.90, ,85.7, 
2025/8/6,20:00,0.0, ,162910, ,14.08, ,59.90, ,85.6, 
2025/8/6,21:00,0.0, ,162740, ,14.08, ,59.90, ,85.5, 
2025/8/6,22:00,0.0, ,162580, ,14.34, ,59.80, ,85.4, 
2025/8/6,23:00,0.0, ,162420, ,13.09, ,59.80, ,85.3, 
2025/8/6,24:00,0.0, ,162260, ,15.36, ,57.50, ,85.3, 
2025/8/7,01:00,0.0, ,162150, ,14.88, ,37.90, ,85.3, 
2025/8/7,02:00,0.0, ,162040, ,13.68, ,30.60, ,85.2, 
2025/8/7,03:00,0.0, ,161990, ,6.22, ,30.40, ,85.2, 
2025/8/7,04:00,0.0, ,161880, ,5.46, ,30.80, ,85.1, 
2025/8/7,05:00,0.0, ,161770, ,7.03, ,38.40, ,85.0, 
2025/8/7,06:00,0.0, ,161670, ,3.62, ,47.40, ,85.0, 
2025/8/7,07:00,0.0, ,161450, ,2.81, ,47.60, ,84.8, 
2025/8/7,08:00,0.3, ,161340, ,5.78, ,47.70, ,84.8, 
2025/8/7,09:00,6.0, ,161180, ,10.90, ,38.40, ,84.7, 
2025/8/7,10:00,6.4, ,161130, ,6.25, ,30.80, ,84.7, 
2025/8/7,11:00,0.4, ,161070, ,14.55, ,31.00, ,84.6, 
2025/8/7,12:00,0.1, ,161020, ,12.65, ,30.50, ,84.6, 
2025/8/7,13:00,0.0, ,160910, ,12.87, ,30.70, ,84.5, 
2025/8/7,14:00,0.0, ,160860, ,12.40, ,30.60, ,84.5, 
2025/8/7,15:00,0.0, ,160810, ,16.61, ,39.70, ,84.5, 
2025/8/7,16:00,0.0, ,160700, ,12.82, ,51.10, ,84.4, 
2025/8/7,17:00,0.0, ,160540, ,15.76, ,59.90, ,84.3, 
2025/8/7,18:00,0.0, ,160380, ,15.96, ,60.10, ,84.2, 
2025/8/7,19:00,0.0, ,160220, ,14.81, ,60.10, ,84.1, 
2025/8/7,20:00,0.0, ,160050, ,15.32, ,60.00, ,84.0, 
2025/8/7,21:00,0.0, ,159890, ,14.21, ,58.70, ,83.9, 
2025/8/7,22:00,0.0, ,159730, ,13.77, ,56.60, ,83.8, 
2025/8/7,23:00,0.0, ,159570, ,16.08, ,49.80, ,83.7, 
2025/8/7,24:00,0.0, ,159470, ,13.43, ,50.20, ,83.7, 
2025/8/8,01:00,0.0, ,159310, ,14.95, ,60.10, ,83.6, 
2025/8/8,02:00,0.0, ,159140, ,15.88, ,49.50, ,83.5, 
2025/8/8,03:00,0.0, ,159040, ,9.66, ,40.10, ,83.4, 
2025/8/8,04:00,0.0, ,158930, ,6.43, ,39.90, ,83.4, 
2025/8/8,05:00,0.0, ,158770, ,4.14, ,42.30, ,83.3, 
2025/8/8,06:00,0.3, ,158660, ,8.26, ,45.60, ,83.2, 
2025/8/8,07:00,0.0, ,158500, ,3.92, ,42.20, ,83.1, 
2025/8/8,08:00,0.0, ,158340, ,4.37, ,42.30, ,83.0, 
2025/8/8,09:00,0.0, ,158240, ,3.80, ,39.10, ,82.9, 
2025/8/8,10:00,0.0, ,158130, ,7.88, ,29.60, ,82.9, 
2025/8/8,11:00,0.0, ,158080, ,8.39, ,30.00, ,82.8, 
2025/8/8,12:00,0.0, ,158020, ,13.89, ,29.60, ,82.8, 
2025/8/8,13:00,0.0, ,157970, ,14.10, ,29.50, ,82.8, 
2025/8/8,14:00,0.0, ,157920, ,11.10, ,29.80, ,82.7, 
2025/8/8,15:00,0.0, ,157860, ,14.58, ,29.50, ,82.7, 
2025/8/8,16:00,0.0, ,157760, ,11.60, ,48.10, ,82.7, 
2025/8/8,17:00,0.0, ,157650, ,13.17, ,56.40, ,82.6, 
2025/8/8,18:00,0.0, ,157490, ,12.65, ,53.30, ,82.5, 
2025/8/8,19:00,0.0, ,157390, ,15.74, ,55.10, ,82.4, 
2025/8/8,20:00,0.0, ,157170, ,12.43, ,60.50, ,82.3, 
2025/8/8,21:00,0.0, ,157010, ,13.24, ,60.50, ,82.2, 
2025/8/8,22:00,0.0, ,156850, ,13.03, ,60.50, ,82.1, 
2025/8/8,23:00,0.0, ,156690, ,14.04, ,45.40, ,82.0, 
2025/8/8,24:00,0.0, ,156590, ,13.01, ,53.20, ,81.9, 
2025/8/9,01:00,0.0, ,156430, ,9.62, ,60.70, ,81.8, 
2025/8/9,02:00,0.0, ,156220, ,13.55, ,59.10, ,81.7, 
2025/8/9,03:00,0.0, ,156060, ,11.13, ,55.00, ,81.6, 
2025/8/9,04:00,0.0, ,155900, ,7.39, ,54.70, ,81.5, 
2025/8/9,05:00,0.0, ,155740, ,6.72, ,54.70, ,81.4, 
2025/8/9,06:00,0.0, ,155530, ,3.06, ,54.70, ,81.3, 
2025/8/9,07:00,0.0, ,155370, ,8.22, ,54.30, ,81.2, 
2025/8/9,08:00,0.0, ,155160, ,3.43, ,54.70, ,81.1, 
2025/8/9,09:00,0.0, ,155000, ,6.88, ,49.70, ,81.0, 
2025/8/9,10:00,0.0, ,154900, ,4.15, ,34.80, ,80.9, 
2025/8/9,11:00,0.0, ,154850, ,12.98, ,30.70, ,80.9, 
2025/8/9,12:00,0.0, ,154740, ,12.53, ,31.30, ,80.8, 
2025/8/9,13:00,0.0, ,154690, ,11.10, ,20.20, ,80.8, 
2025/8/9,14:00,0.0, ,154740, ,10.20, ,16.80, ,80.8, 
2025/8/9,15:00,0.3, ,154690, ,10.83, ,27.50, ,80.8, 
2025/8/9,16:00,0.0, ,154580, ,11.55, ,28.70, ,80.7, 
2025/8/9,17:00,0.0, ,154580, ,10.96, ,29.50, ,80.7, 
2025/8/9,18:00,0.4, ,154420, ,13.56, ,48.30, ,80.6, 
2025/8/9,19:00,0.1, ,154320, ,9.22, ,57.10, ,80.6, 
2025/8/9,20:00,0.2, ,154110, ,14.74, ,60.80, ,80.5, 
2025/8/9,21:00,0.0, ,154000, ,13.71, ,60.70, ,80.4, 
2025/8/9,22:00,0.0, ,153800, ,13.72, ,60.80, ,80.3, 
2025/8/9,23:00,0.0, ,153640, ,14.71, ,60.80, ,80.2, 
2025/8/9,24:00,0.0, ,153430, ,12.05, ,61.00, ,80.0, 
2025/8/10,01:00,0.0, ,153270, ,11.79, ,60.90, ,79.9, 
2025/8/10,02:00,0.0, ,153120, ,12.20, ,59.50, ,79.9, 
2025/8/10,03:00,0.1, ,152960, ,9.91, ,53.30, ,79.8, 
2025/8/10,04:00,0.5, ,152800, ,7.82, ,53.30, ,79.7, 
2025/8/10,05:00,0.5, ,152590, ,7.85, ,53.30, ,79.5, 
2025/8/10,06:00,0.5, ,152440, ,6.66, ,53.30, ,79.4, 
2025/8/10,07:00,0.0, ,152280, ,6.65, ,53.30, ,79.3, 
2025/8/10,08:00,0.2, ,152120, ,4.99, ,53.20, ,79.3, 
2025/8/10,09:00,0.6, ,151920, ,8.18, ,47.80, ,79.1, 
2025/8/10,10:00,0.1, ,151860, ,6.85, ,35.00, ,79.1, 
2025/8/10,11:00,0.6, ,151760, ,8.30, ,46.90, ,79.0, 
2025/8/10,12:00,0.5, ,151600, ,14.65, ,53.10, ,78.9, 
2025/8/10,13:00,1.0, ,151500, ,15.68, ,37.90, ,78.9, 
2025/8/10,14:00,1.2, ,151450, ,14.06, ,28.60, ,78.8, 
2025/8/10,15:00,1.5, ,151400, ,13.33, ,28.60, ,78.8, 
2025/8/10,16:00,3.5, ,151350, ,15.98, ,45.90, ,78.8, 
2025/8/10,17:00,17.7, ,151290, ,23.63, ,52.00, ,78.8, 
2025/8/10,18:00,11.9, ,151240, ,35.39, ,50.90, ,78.7, 
2025/8/10,19:00,14.8, ,151240, ,41.32, ,50.80, ,78.7, 
2025/8/10,20:00,19.4, ,151350, ,69.16, ,53.20, ,78.8, 
2025/8/10,21:00,15.2, ,151710, ,119.79, ,57.10, ,79.0, 
2025/8/10,22:00,9.6, ,152330, ,179.82, ,53.10, ,79.4, 
2025/8/10,23:00,2.4, ,153120, ,267.57, ,60.50, ,79.9, 
2025/8/10,24:00,3.2, ,153590, ,237.58, ,38.20, ,80.1, 
2025/8/11,01:00,1.9, ,154110, ,179.45, ,25.80, ,80.5, 
2025/8/11,02:00,0.7, ,154420, ,139.30, ,44.30, ,80.6, 
2025/8/11,03:00,0.2, ,154690, ,116.96, ,54.20, ,80.8, 
2025/8/11,04:00,0.1, ,154790, ,98.46, ,60.70, ,80.9, 
2025/8/11,05:00,0.1, ,154850, ,87.27, ,60.80, ,80.9, 
2025/8/11,06:00,0.0, ,154900, ,77.53, ,60.70, ,80.9, 
2025/8/11,07:00,0.0, ,154900, ,67.03, ,60.80, ,80.9, 
2025/8/11,08:00,0.0, ,154900, ,60.72, ,60.80, ,80.9, 
2025/8/11,09:00,0.0, ,154900, ,60.72, ,60.80, ,80.9, 
2025/8/11,10:00,0.3, ,154850, ,46.88, ,60.80, ,80.9, 
2025/8/11,11:00,0.0, ,154790, ,51.48, ,60.70, ,80.9, 
2025/8/11,12:00,0.4, ,154740, ,47.56, ,60.70, ,80.8, 
2025/8/11,13:00,0.6, ,154690, ,43.65, ,60.70, ,80.8, 
2025/8/11,14:00,0.7, ,154580, ,39.79, ,60.80, ,80.7, 
2025/8/11,15:00,2.1, ,154530, ,40.33, ,60.90, ,80.7, 
2025/8/11,16:00,1.9, ,154420, ,42.03, ,60.80, ,80.6, 
2025/8/11,17:00,0.6, ,154370, ,38.85, ,60.70, ,80.6, 
2025/8/11,18:00,0.1, ,154320, ,41.53, ,60.80, ,80.6, 
2025/8/11,19:00,0.0, ,154210, ,37.42, ,60.70, ,80.5, 
2025/8/11,20:00,0.0, ,154160, ,40.80, ,45.00, ,80.5, 
2025/8/11,21:00,0.0, ,154270, ,35.47, ,0.00, ,80.5, 
2025/8/11,22:00,0.0, ,154370, ,33.53, ,0.00, ,80.6, 
2025/8/11,23:00,0.0, ,154530, ,36.95, ,0.00, ,80.7, 
2025/8/11,24:00,0.0, ,154630, ,32.35, ,0.00, ,83.2, 
2025/8/12,01:00,0.0, ,154740, ,32.61, ,0.00, ,83.2, 
2025/8/12,02:00,0.0, ,154850, ,29.21, ,0.00, ,83.3, 
2025/8/12,03:00,0.0, ,154950, ,32.15, ,0.00, ,83.4, 
2025/8/12,04:00,0.3, ,155110, ,29.48, ,0.00, ,83.5, 
2025/8/12,05:00,0.6, ,155160, ,31.45, ,0.00, ,83.5, 
2025/8/12,06:00,0.2, ,155320, ,30.48, ,0.00, ,83.6, 
2025/8/12,07:00,0.4, ,155370, ,27.33, ,0.00, ,83.6, 
2025/8/12,08:00,0.0, ,155530, ,30.51, ,0.00, ,83.7, 
2025/8/12,09:00,0.1, ,155580, ,29.07, ,0.00, ,83.8, 
2025/8/12,10:00,0.3, ,155740, ,27.17, ,0.00, ,83.8, 
2025/8/12,11:00,0.1, ,155790, ,26.69, ,0.00, ,83.9, 
2025/8/12,12:00,0.0, ,155900, ,28.65, ,0.00, ,83.9, 
2025/8/12,13:00,0.0, ,155950, ,21.56, ,0.00, ,84.0, 
2025/8/12,14:00,0.0, ,156060, ,27.93, ,0.00, ,84.0, 
2025/8/12,15:00,0.0, ,156160, ,20.83, ,0.00, ,84.1, 
2025/8/12,16:00,0.0, ,156220, ,23.29, ,0.00, ,84.1, 
2025/8/12,17:00,0.0, ,156320, ,20.84, ,0.00, ,84.2, 
2025/8/12,18:00,0.0, ,156380, ,23.06, ,0.00, ,84.2, 
2025/8/12,19:00,0.3, ,156480, ,21.84, ,0.00, ,84.3, 
2025/8/12,20:00,0.2, ,156540, ,22.58, ,0.00, ,84.3, 
2025/8/12,21:00,0.0, ,156640, ,25.29, ,0.00, ,84.4, 
2025/8/12,22:00,0.0, ,156690, ,20.87, ,0.00, ,84.4, 
2025/8/12,23:00,0.0, ,156800, ,24.32, ,0.00, ,84.5, 
2025/8/12,24:00,0.0, ,156850, ,20.88, ,0.00, ,84.5, 
2025/8/13,01:00,0.0, ,156960, ,23.10, ,0.00, ,84.5, 
2025/8/13,02:00,0.0, ,157010, ,19.67, ,0.00, ,84.5, 
2025/8/13,03:00,0.0, ,157120, ,23.36, ,0.00, ,84.6, 
2025/8/13,04:00,0.0, ,157170, ,14.75, ,0.00, ,84.6, 
2025/8/13,05:00,0.0, ,157230, ,15.01, ,0.00, ,84.7, 
2025/8/13,06:00,0.0, ,157230, ,12.05, ,0.00, ,84.7, 
2025/8/13,07:00,0.0, ,157280, ,12.30, ,0.00, ,84.7, 
2025/8/13,08:00,0.0, ,157330, ,10.09, ,0.00, ,84.7, 
2025/8/13,09:00,0.0, ,157390, ,9.60, ,0.00, ,84.8, 
2025/8/13,10:00,0.0, ,157440, ,17.72, ,0.00, ,84.8, 
2025/8/13,11:00,0.0, ,157490, ,15.02, ,0.00, ,84.8, 
2025/8/13,12:00,0.0, ,157540, ,18.96, ,0.00, ,84.9, 
2025/8/13,13:00,0.0, ,157650, ,20.69, ,0.00, ,84.9, 
2025/8/13,14:00,0.0, ,157700, ,19.71, ,0.00, ,85.0, 
2025/8/13,15:00,0.0, ,157760, ,16.75, ,0.00, ,85.0, 
2025/8/13,16:00,0.0, ,157810, ,17.99, ,0.00, ,85.0, 
2025/8/13,17:00,0.4, ,157920, ,20.95, ,0.00, ,85.1, 
2025/8/13,18:00,0.0, ,157970, ,18.76, ,16.10, ,85.1, 
2025/8/13,19:00,0.0, ,157920, ,18.14, ,45.20, ,85.1, 
2025/8/13,20:00,0.0, ,157810, ,21.95, ,56.10, ,85.0, 
2025/8/13,21:00,0.0, ,157700, ,23.82, ,45.60, ,85.0, 
2025/8/13,22:00,0.1, ,157600, ,20.77, ,36.30, ,84.9, 
2025/8/13,23:00,0.0, ,157600, ,23.27, ,18.90, ,84.9, 
2025/8/13,24:00,0.0, ,157650, ,19.57, ,0.00, ,84.9, 
2025/8/14,01:00,0.0, ,157700, ,18.48, ,0.00, ,85.0, 
2025/8/14,02:00,0.0, ,157760, ,16.01, ,0.00, ,85.0, 
2025/8/14,03:00,0.0, ,157810, ,14.79, ,0.00, ,85.0, 
2025/8/14,04:00,0.0, ,157860, ,12.08, ,0.00, ,85.1, 
2025/8/14,05:00,0.0, ,157920, ,7.64, ,0.00, ,85.1, 
2025/8/14,06:00,0.0, ,157920, ,13.09, ,15.90, ,85.1, 
2025/8/14,07:00,0.0, ,157860, ,8.52, ,40.40, ,85.1, 
2025/8/14,08:00,0.0, ,157700, ,10.31, ,50.50, ,85.0, 
2025/8/14,09:00,0.0, ,157600, ,10.92, ,51.90, ,84.9, 
2025/8/14,10:00,0.0, ,157440, ,16.54, ,43.40, ,84.8, 
2025/8/14,11:00,0.0, ,157440, ,20.46, ,32.90, ,84.8, 
2025/8/14,12:00,0.0, ,157390, ,14.50, ,19.20, ,84.8, 
2025/8/14,13:00,0.0, ,157440, ,19.01, ,0.00, ,84.8, 
2025/8/14,14:00,0.0, ,157490, ,18.95, ,0.00, ,84.8, 
2025/8/14,15:00,0.0, ,157540, ,18.96, ,0.00, ,84.9, 
2025/8/14,16:00,0.0, ,157600, ,13.08, ,16.00, ,84.9, 
2025/8/14,17:00,0.0, ,157600, ,17.17, ,36.00, ,84.9, 
2025/8/14,18:00,0.0, ,157490, ,17.84, ,48.30, ,84.8, 
2025/8/14,19:00,0.0, ,157390, ,23.37, ,57.90, ,84.8, 
2025/8/14,20:00,0.0, ,157230, ,18.23, ,44.40, ,84.7, 
2025/8/14,21:00,0.0, ,157170, ,17.74, ,36.50, ,84.6, 
2025/8/14,22:00,0.0, ,157120, ,16.88, ,33.60, ,84.6, 
2025/8/14,23:00,0.0, ,157070, ,15.34, ,31.60, ,84.6, 
2025/8/14,24:00,0.0, ,157010, ,14.79, ,35.80, ,84.5, 
2025/8/15,01:00,0.0, ,156910, ,17.97, ,45.70, ,84.5, 
2025/8/15,02:00,0.0, ,156800, ,19.03, ,45.60, ,84.4, 
2025/8/15,03:00,0.0, ,156690, ,12.92, ,45.50, ,84.4, 
2025/8/15,04:00,0.0, ,156540, ,12.46, ,48.50, ,84.3, 
2025/8/15,05:00,0.0, ,156430, ,10.65, ,48.50, ,84.2, 
2025/8/15,06:00,0.0, ,156270, ,9.48, ,46.30, ,84.1, 
2025/8/15,07:00,0.0, ,156160, ,9.28, ,46.50, ,84.0, 
2025/8/15,08:00,0.0, ,156010, ,7.33, ,46.60, ,83.9, 
2025/8/15,09:00,0.0, ,155850, ,11.78, ,46.60, ,83.8, 
2025/8/15,10:00,0.0, ,155740, ,12.06, ,46.60, ,83.8, 
2025/8/15,11:00,0.0, ,155690, ,17.71, ,27.40, ,83.8, 
2025/8/15,12:00,0.0, ,155690, ,19.11, ,0.00, ,83.8, 
2025/8/15,13:00,0.0, ,155790, ,9.08, ,16.30, ,83.8, 
2025/8/15,14:00,0.0, ,155740, ,19.09, ,36.30, ,83.8, 
2025/8/15,15:00,0.0, ,155640, ,17.72, ,47.30, ,83.7, 
2025/8/15,16:00,0.0, ,155530, ,21.45, ,48.20, ,83.7, 
2025/8/15,17:00,0.0, ,155420, ,14.33, ,51.00, ,83.6, 
2025/8/15,18:00,0.0, ,155270, ,17.22, ,51.40, ,83.5, 
2025/8/15,19:00,0.0, ,155160, ,18.42, ,58.20, ,83.4, 
2025/8/15,20:00,0.0, ,155000, ,19.21, ,44.40, ,83.3, 
2025/8/15,21:00,0.0, ,154950, ,17.60, ,29.50, ,83.3, 
2025/8/15,22:00,0.0, ,154900, ,14.08, ,26.90, ,83.3, 
2025/8/15,23:00,0.0, ,154850, ,17.04, ,27.10, ,83.2, 
2025/8/15,24:00,0.0, ,154790, ,13.47, ,37.90, ,83.2, 
2025/8/16,01:00,0.0, ,154690, ,16.73, ,46.00, ,83.2, 
2025/8/16,02:00,0.0, ,154580, ,14.02, ,46.30, ,83.1, 
2025/8/16,03:00,0.0, ,154480, ,15.14, ,46.10, ,83.0, 
2025/8/16,04:00,0.0, ,154320, ,10.45, ,48.60, ,82.9, 
2025/8/16,05:00,0.0, ,154210, ,10.16, ,46.70, ,82.9, 
2025/8/16,06:00,0.0, ,154060, ,7.53, ,47.10, ,82.8, 
2025/8/16,07:00,0.0, ,153900, ,8.04, ,46.70, ,82.7, 
2025/8/16,08:00,0.0, ,153740, ,7.12, ,46.40, ,82.6, 
2025/8/16,09:00,0.0, ,153640, ,8.20, ,46.40, ,82.5, 
2025/8/16,10:00,0.0, ,153530, ,12.94, ,48.50, ,82.5, 
2025/8/16,11:00,0.0, ,153430, ,17.19, ,26.70, ,82.4, 
2025/8/16,12:00,0.0, ,153480, ,15.72, ,0.00, ,82.4, 
2025/8/16,13:00,0.0, ,153530, ,13.59, ,15.90, ,82.5, 
2025/8/16,14:00,0.9, ,153480, ,15.50, ,27.40, ,82.4, 
2025/8/16,15:00,5.3, ,153690, ,54.75, ,27.40, ,82.5, 
2025/8/16,16:00,0.2, ,153690, ,60.25, ,27.60, ,82.5, 
2025/8/16,17:00,0.0, ,153690, ,21.24, ,31.00, ,82.5, 
2025/8/16,18:00,0.0, ,153640, ,22.43, ,33.90, ,82.5, 
2025/8/16,19:00,0.0, ,153590, ,18.86, ,44.30, ,82.5, 
2025/8/16,20:00,0.0, ,153430, ,20.67, ,53.00, ,82.4, 
2025/8/16,21:00,0.0, ,153380, ,19.65, ,47.80, ,82.4, 
2025/8/16,22:00,0.0, ,153270, ,23.70, ,46.90, ,82.3, 
2025/8/16,23:00,0.0, ,153170, ,17.21, ,38.80, ,82.2, 
2025/8/16,24:00,0.0, ,153120, ,19.55, ,39.90, ,82.3, 
2025/8/17,01:00,0.0, ,153010, ,14.07, ,48.40, ,82.2, 
2025/8/17,02:00,0.0, ,152910, ,17.76, ,48.50, ,82.2, 
2025/8/17,03:00,0.0, ,152750, ,17.33, ,50.90, ,82.1, 
2025/8/17,04:00,0.0, ,152650, ,12.58, ,49.30, ,82.0, 
2025/8/17,05:00,0.0, ,152490, ,8.37, ,49.50, ,81.9, 
2025/8/17,06:00,0.0, ,152330, ,9.17, ,50.00, ,81.8, 
2025/8/17,07:00,0.0, ,152180, ,10.54, ,46.90, ,81.7, 
2025/8/17,08:00,0.0, ,152070, ,10.57, ,35.40, ,81.7, 
2025/8/17,09:00,0.0, ,152020, ,4.63, ,27.50, ,81.6, 
2025/8/17,10:00,0.0, ,151970, ,12.22, ,27.30, ,81.6, 
2025/8/17,11:00,0.0, ,151920, ,11.46, ,19.50, ,81.6, 
2025/8/17,12:00,0.0, ,151970, ,14.29, ,0.00, ,81.6, 
2025/8/17,13:00,0.0, ,152020, ,18.78, ,0.00, ,81.6, 
2025/8/17,14:00,5.7, ,152120, ,21.46, ,16.30, ,81.7, 
2025/8/17,15:00,0.3, ,152120, ,24.91, ,27.70, ,81.7, 
2025/8/17,16:00,0.0, ,152020, ,14.64, ,30.20, ,81.6, 
2025/8/17,17:00,0.1, ,151970, ,14.95, ,51.20, ,81.6, 
2025/8/17,18:00,0.0, ,151860, ,26.23, ,61.00, ,81.5, 
2025/8/17,19:00,0.0, ,151710, ,21.76, ,61.30, ,81.5, 
2025/8/17,20:00,0.0, ,151550, ,20.81, ,61.20, ,81.4, 
2025/8/17,21:00,0.0, ,151400, ,21.58, ,61.20, ,81.3, 
2025/8/17,22:00,0.0, ,151240, ,21.12, ,61.20, ,81.2, 
2025/8/17,23:00,0.0, ,151090, ,16.06, ,46.00, ,81.1, 
2025/8/17,24:00,0.0, ,151030, ,20.83, ,40.00, ,81.0, 
2025/8/18,01:00,0.0, ,150930, ,15.03, ,48.70, ,81.0, 
2025/8/18,02:00,0.0, ,150830, ,19.16, ,47.30, ,80.9, 
2025/8/18,03:00,0.0, ,150720, ,12.30, ,46.70, ,80.9, 
2025/8/18,04:00,0.0, ,150570, ,15.30, ,46.50, ,80.8, 
2025/8/18,05:00,0.0, ,150460, ,8.56, ,46.90, ,80.7, 
2025/8/18,06:00,0.0, ,150310, ,9.82, ,46.60, ,80.6, 
2025/8/18,07:00,0.0, ,150210, ,11.01, ,43.50, ,80.6, 
2025/8/18,08:00,0.0, ,150050, ,9.02, ,36.40, ,80.5, 
2025/8/18,09:00,0.0, ,150000, ,3.66, ,17.40, ,80.4, 
2025/8/18,10:00,0.0, ,150000, ,9.41, ,0.00, ,80.4, 
2025/8/18,11:00,0.0, ,150100, ,13.88, ,0.00, ,80.5, 
2025/8/18,12:00,0.0, ,150150, ,19.66, ,16.10, ,80.5, 
2025/8/18,13:00,0.0, ,150100, ,14.64, ,27.70, ,80.5, 
2025/8/18,14:00,0.0, ,150050, ,12.20, ,28.30, ,80.5, 
2025/8/18,15:00,0.0, ,150000, ,20.90, ,36.90, ,80.4, 
2025/8/18,16:00,1.3, ,149840, ,15.58, ,51.10, ,80.3, 
2025/8/18,17:00,6.3, ,149740, ,23.47, ,57.40, ,80.3, 
2025/8/18,18:00,0.1, ,149690, ,25.79, ,48.60, ,80.2, 
2025/8/18,19:00,0.0, ,149640, ,31.24, ,48.60, ,80.2, 
2025/8/18,20:00,0.0, ,149590, ,36.57, ,47.20, ,80.2, 
2025/8/18,21:00,0.0, ,149530, ,34.06, ,51.20, ,80.1, 
2025/8/18,22:00,0.0, ,149430, ,29.36, ,46.80, ,80.1, 
2025/8/18,23:00,0.0, ,149380, ,26.07, ,34.80, ,80.1, 
2025/8/18,24:00,0.0, ,149330, ,22.96, ,37.40, ,80.0, 
2025/8/19,01:00,0.0, ,149280, ,22.70, ,49.20, ,80.0, 
2025/8/19,02:00,0.0, ,149170, ,20.78, ,46.90, ,79.9, 
2025/8/19,03:00,0.0, ,149070, ,21.42, ,46.80, ,79.9, 
2025/8/19,04:00,0.0, ,148920, ,11.64, ,46.80, ,79.8, 
2025/8/19,05:00,0.0, ,148810, ,13.09, ,49.50, ,79.7, 
2025/8/19,06:00,0.0, ,148660, ,12.88, ,56.70, ,79.6, 
2025/8/19,07:00,0.0, ,148500, ,11.09, ,49.00, ,79.5, 
2025/8/19,08:00,0.0, ,148350, ,10.76, ,43.90, ,79.4, 
2025/8/19,09:00,0.0, ,148250, ,9.86, ,39.30, ,79.4, 
2025/8/19,10:00,0.0, ,148200, ,14.99, ,43.20, ,79.3, 
2025/8/19,11:00,0.0, ,148090, ,21.59, ,35.50, ,79.3, 
2025/8/19,12:00,0.0, ,148090, ,15.38, ,27.60, ,79.3, 
2025/8/19,13:00,0.0, ,148040, ,17.60, ,28.60, ,79.2, 
2025/8/19,14:00,0.0, ,147990, ,19.90, ,18.00, ,79.2, 
2025/8/19,15:00,0.0, ,148040, ,15.45, ,0.00, ,79.2, 
2025/8/19,16:00,0.0, ,148090, ,18.10, ,16.50, ,79.3, 
2025/8/19,17:00,0.0, ,148090, ,18.75, ,27.70, ,79.3, 
2025/8/19,18:00,0.0, ,148040, ,16.16, ,47.00, ,79.2, 
2025/8/19,19:00,0.3, ,147890, ,15.20, ,57.00, ,79.2, 
2025/8/19,20:00,0.0, ,147680, ,16.56, ,61.80, ,79.0, 
2025/8/19,21:00,0.0, ,147580, ,17.56, ,61.70, ,79.0, 
2025/8/19,22:00,0.0, ,147370, ,16.64, ,61.80, ,78.8, 
2025/8/19,23:00,0.0, ,147270, ,19.75, ,55.50, ,78.8, 
2025/8/19,24:00,0.0, ,147120, ,15.45, ,40.50, ,78.8, 
2025/8/20,01:00,0.0, ,147120, ,19.25, ,30.30, ,78.8, 
2025/8/20,02:00,0.0, ,147020, ,13.03, ,27.80, ,78.8, 
2025/8/20,03:00,0.2, ,146970, ,10.35, ,27.60, ,78.8, 
2025/8/20,04:00,0.0, ,146910, ,10.08, ,27.30, ,78.8, 
2025/8/20,05:00,0.0, ,146810, ,9.14, ,27.90, ,78.8, 
2025/8/20,06:00,0.0, ,146760, ,4.39, ,45.50, ,78.8, 
2025/8/20,07:00,0.0, ,146610, ,8.79, ,37.60, ,78.7, 
2025/8/20,08:00,0.0, ,146510, ,9.84, ,30.00, ,78.7, 
2025/8/20,09:00,0.0, ,146400, ,2.31, ,30.10, ,78.6, 
2025/8/20,10:00,0.0, ,146350, ,13.71, ,30.10, ,78.6, 
2025/8/20,11:00,0.0, ,146300, ,12.95, ,30.70, ,78.7, 
2025/8/20,12:00,0.0, ,146250, ,16.80, ,29.90, ,78.7, 
2025/8/20,13:00,0.1, ,146200, ,15.13, ,30.50, ,78.7, 
2025/8/20,14:00,2.7, ,146150, ,19.87, ,30.30, ,78.7, 
2025/8/20,15:00,1.5, ,146100, ,17.78, ,47.70, ,78.7, 
2025/8/20,16:00,0.0, ,145990, ,17.40, ,57.30, ,78.6, 
2025/8/20,17:00,0.6, ,145890, ,27.52, ,61.90, ,78.6, 
2025/8/20,18:00,0.0, ,145740, ,26.93, ,61.90, ,78.6, 
2025/8/20,19:00,0.0, ,145590, ,23.19, ,61.80, ,78.5, 
2025/8/20,20:00,0.0, ,145430, ,20.61, ,61.80, ,78.4, 
2025/8/20,21:00,0.0, ,145280, ,21.55, ,61.80, ,78.4, 
2025/8/20,22:00,0.0, ,145180, ,21.10, ,61.80, ,78.3, 
2025/8/20,23:00,0.0, ,144980, ,19.76, ,61.70, ,78.3, 
2025/8/20,24:00,0.0, ,144880, ,19.72, ,47.70, ,78.3, 
2025/8/21,01:00,0.0, ,144830, ,17.91, ,27.80, ,78.3, 
2025/8/21,02:00,0.0, ,144770, ,12.71, ,27.80, ,78.3, 
2025/8/21,03:00,0.0, ,144670, ,14.60, ,28.10, ,78.3, 
2025/8/21,04:00,0.0, ,144670, ,8.76, ,27.80, ,78.4, 
2025/8/21,05:00,0.0, ,144570, ,12.02, ,28.00, ,78.3, 
2025/8/21,06:00,0.0, ,144420, ,0.00, ,27.80, ,78.3, 
2025/8/21,07:00,0.0, ,144320, ,0.00, ,28.10, ,78.2, 
2025/8/21,08:00,0.0, ,144270, ,6.79, ,30.40, ,78.2, 
2025/8/21,09:00,0.0, ,144170, ,7.29, ,28.00, ,78.2, 
2025/8/21,10:00,0.0, ,144120, ,9.51, ,27.70, ,78.2, 
2025/8/21,11:00,0.0, ,144070, ,17.25, ,27.80, ,78.2, 
2025/8/21,12:00,0.0, ,144070, ,15.85, ,27.90, ,78.3, 
2025/8/21,13:00,0.0, ,144020, ,14.22, ,28.00, ,78.3, 
2025/8/21,14:00,0.0, ,143970, ,16.82, ,30.70, ,78.3, 
2025/8/21,15:00,0.0, ,143860, ,16.58, ,44.90, ,78.2, 
2025/8/21,16:00,0.0, ,143760, ,19.36, ,55.40, ,78.2, 
2025/8/21,17:00,0.0, ,143560, ,15.62, ,62.30, ,78.1, 
2025/8/21,18:00,0.0, ,143410, ,16.82, ,62.30, ,78.1, 
2025/8/21,19:00,0.0, ,143260, ,17.07, ,62.30, ,78.0, 
2025/8/21,20:00,0.0, ,143110, ,16.63, ,62.20, ,78.0, 
2025/8/21,21:00,0.0, ,142910, ,15.25, ,62.30, ,77.9, 
2025/8/21,22:00,0.0, ,142760, ,15.29, ,62.30, ,77.8, 
2025/8/21,23:00,0.0, ,142610, ,17.41, ,61.70, ,77.7, 
2025/8/21,24:00,0.0, ,142460, ,17.17, ,42.20, ,77.7, 
2025/8/22,01:00,0.0, ,142410, ,16.51, ,27.80, ,77.7, 
2025/8/22,02:00,0.0, ,142310, ,11.30, ,29.00, ,77.7, 
2025/8/22,03:00,0.0, ,142260, ,9.65, ,29.10, ,77.7, 
2025/8/22,04:00,0.0, ,142150, ,10.10, ,29.20, ,77.6, 
2025/8/22,05:00,0.0, ,142100, ,6.40, ,29.60, ,77.6, 
2025/8/22,06:00,0.0, ,142000, ,6.66, ,28.80, ,77.6, 
2025/8/22,07:00,0.0, ,141950, ,6.85, ,29.30, ,77.6, 
2025/8/22,08:00,0.0, ,141850, ,5.77, ,29.40, ,77.6, 
2025/8/22,09:00,0.0, ,141750, ,3.28, ,29.10, ,77.6, 
2025/8/22,10:00,1.0, ,141700, ,7.66, ,29.30, ,77.6, 
2025/8/22,11:00,0.9, ,141650, ,13.05, ,28.70, ,77.6, 
2025/8/22,12:00,0.0, ,141600, ,16.68, ,29.20, ,77.6, 
2025/8/22,13:00,0.1, ,141550, ,15.07, ,29.10, ,77.6, 
2025/8/22,14:00,0.3, ,141500, ,15.31, ,31.60, ,77.6, 
2025/8/22,15:00,0.3, ,141400, ,14.75, ,44.80, ,77.6, 
2025/8/22,16:00,0.1, ,141250, ,18.41, ,55.70, ,77.5, 
2025/8/22,17:00,0.0, ,141110, ,15.79, ,62.50, ,77.4, 
2025/8/22,18:00,0.0, ,140960, ,17.75, ,62.50, ,77.4, 
2025/8/22,19:00,0.0, ,140760, ,15.69, ,62.50, ,77.3, 
2025/8/22,20:00,0.0, ,140610, ,15.26, ,62.50, ,77.2, 
2025/8/22,21:00,0.0, ,140410, ,15.77, ,62.60, ,77.1, 
2025/8/22,22:00,0.0, ,140260, ,14.42, ,62.30, ,77.1, 
2025/8/22,23:00,0.0, ,140110, ,15.07, ,58.60, ,77.0, 
2025/8/22,24:00,0.0, ,139960, ,18.76, ,40.20, ,77.0, 
2025/8/23,01:00,0.0, ,139910, ,11.92, ,29.20, ,77.0, 
2025/8/23,02:00,0.0, ,139860, ,16.18, ,29.40, ,77.0, 
2025/8/23,03:00,0.0, ,139760, ,9.53, ,29.10, ,76.9, 
2025/8/23,04:00,0.0, ,139710, ,7.79, ,29.10, ,77.0, 
2025/8/23,05:00,0.0, ,139610, ,7.49, ,29.10, ,76.9, 
2025/8/23,06:00,0.0, ,139510, ,3.36, ,29.10, ,76.9, 
2025/8/23,07:00,0.0, ,139410, ,3.59, ,29.10, ,76.9, 
2025/8/23,08:00,0.0, ,139320, ,2.71, ,38.50, ,76.8, 
2025/8/23,09:00,0.0, ,139170, ,5.45, ,40.00, ,76.8, 
2025/8/23,10:00,0.0, ,139070, ,5.83, ,42.20, ,76.8, 
2025/8/23,11:00,0.0, ,138970, ,15.16, ,43.50, ,76.7, 
2025/8/23,12:00,0.0, ,138870, ,15.23, ,38.60, ,76.7, 
2025/8/23,13:00,0.0, ,138820, ,13.56, ,29.20, ,76.7, 
2025/8/23,14:00,0.0, ,138770, ,13.75, ,29.30, ,76.7, 
2025/8/23,15:00,0.0, ,138720, ,15.68, ,47.20, ,76.7, 
2025/8/23,16:00,0.0, ,138570, ,15.71, ,57.00, ,76.7, 
2025/8/23,17:00,0.0, ,138420, ,17.36, ,62.80, ,76.6, 
2025/8/23,18:00,0.0, ,138230, ,16.03, ,62.70, ,76.5, 
2025/8/23,19:00,0.0, ,138080, ,14.00, ,62.70, ,76.4, 
2025/8/23,20:00,0.0, ,137880, ,14.48, ,62.70, ,76.4, 
2025/8/23,21:00,0.0, ,137730, ,13.84, ,62.70, ,76.3, 
2025/8/23,22:00,0.0, ,137540, ,14.09, ,62.60, ,76.2, 
2025/8/23,23:00,0.0, ,137390, ,14.65, ,62.80, ,76.2, 
2025/8/23,24:00,0.0, ,137190, ,13.62, ,54.10, ,76.1, 
2025/8/24,01:00,0.0, ,137090, ,15.82, ,39.20, ,76.0, 
2025/8/24,02:00,0.0, ,137040, ,12.23, ,29.70, ,76.0, 
2025/8/24,03:00,0.0, ,136950, ,10.56, ,29.50, ,76.0, 
2025/8/24,04:00,0.0, ,136850, ,6.43, ,29.60, ,76.0, 
2025/8/24,05:00,0.0, ,136800, ,4.40, ,29.10, ,76.0, 
2025/8/24,06:00,0.0, ,136700, ,5.11, ,29.40, ,76.0, 
2025/8/24,07:00,0.0, ,136600, ,6.03, ,29.30, ,75.9, 
2025/8/24,08:00,0.0, ,136500, ,4.69, ,29.30, ,75.9, 
2025/8/24,09:00,0.0, ,136400, ,4.68, ,32.30, ,75.9, 
2025/8/24,10:00,0.0, ,136310, ,5.41, ,39.80, ,75.9, 
2025/8/24,11:00,0.0, ,136210, ,13.96, ,40.00, ,75.8, 
2025/8/24,12:00,0.0, ,136110, ,14.91, ,40.40, ,75.8, 
2025/8/24,13:00,0.4, ,136060, ,12.01, ,29.70, ,75.8, 
2025/8/24,14:00,0.0, ,136010, ,14.40, ,29.60, ,75.8, 
2025/8/24,15:00,0.2, ,135960, ,16.31, ,47.50, ,75.8, 
2025/8/24,16:00,6.1, ,135820, ,15.05, ,57.60, ,75.8, 
2025/8/24,17:00,7.4, ,135670, ,17.12, ,62.90, ,75.7, 
2025/8/24,18:00,3.9, ,135470, ,14.83, ,62.80, ,75.6, 
2025/8/24,19:00,0.0, ,135280, ,14.17, ,62.90, ,75.5, 
2025/8/24,20:00,0.0, ,135130, ,13.07, ,62.80, ,75.5, 
2025/8/24,21:00,0.0, ,134940, ,15.83, ,62.80, ,75.4, 
2025/8/24,22:00,0.0, ,134790, ,15.64, ,61.30, ,75.3, 
2025/8/24,23:00,0.0, ,134650, ,14.30, ,55.50, ,75.2, 
2025/8/24,24:00,0.0, ,134500, ,14.03, ,53.00, ,75.2, 
2025/8/25,01:00,0.0, ,134400, ,16.50, ,39.20, ,75.2, 
2025/8/25,02:00,0.0, ,134300, ,13.62, ,29.60, ,75.1, 
2025/8/25,03:00,0.0, ,134260, ,9.57, ,29.70, ,75.1, 
2025/8/25,04:00,0.0, ,134160, ,8.26, ,29.40, ,75.1, 
2025/8/25,05:00,0.0, ,134110, ,7.08, ,29.60, ,75.1, 
2025/8/25,06:00,0.0, ,134010, ,4.89, ,29.70, ,75.1, 
2025/8/25,07:00,0.0, ,133920, ,4.69, ,29.70, ,75.1, 
2025/8/25,08:00,0.0, ,133820, ,4.53, ,29.60, ,75.0, 
2025/8/25,09:00,0.0, ,133720, ,2.89, ,32.10, ,75.0, 
2025/8/25,10:00,0.0, ,133630, ,5.30, ,36.60, ,75.0, 
2025/8/25,11:00,0.0, ,133530, ,13.50, ,29.60, ,74.9, 
2025/8/25,12:00,0.0, ,133480, ,11.21, ,29.40, ,75.0, 
2025/8/25,13:00,0.0, ,133430, ,13.59, ,32.10, ,75.0, 
2025/8/25,14:00,0.0, ,133380, ,14.35, ,29.80, ,75.0, 
2025/8/25,15:00,0.0, ,133290, ,12.21, ,47.50, ,74.9, 
2025/8/25,16:00,0.0, ,133140, ,15.20, ,56.10, ,74.9, 
2025/8/25,17:00,0.1, ,133000, ,15.59, ,60.90, ,74.8, 
2025/8/25,18:00,0.0, ,132800, ,14.39, ,62.60, ,74.7, 
2025/8/25,19:00,0.0, ,132660, ,13.16, ,62.60, ,74.7, 
2025/8/25,20:00,0.0, ,132460, ,12.52, ,49.70, ,74.6, 
2025/8/25,21:00,0.0, ,132370, ,14.73, ,36.20, ,74.6, 
2025/8/25,22:00,0.0, ,132320, ,12.52, ,29.80, ,74.6, 
2025/8/25,23:00,0.0, ,132270, ,12.99, ,27.00, ,74.6, 
2025/8/25,24:00,0.0, ,132220, ,13.61, ,32.30, ,74.6, 
2025/8/26,01:00,0.0, ,132130, ,13.58, ,39.40, ,74.5, 
2025/8/26,02:00,0.0, ,132030, ,13.80, ,29.50, ,74.5, 
2025/8/26,03:00,0.0, ,131980, ,8.81, ,29.90, ,74.5, 
2025/8/26,04:00,0.0, ,131890, ,6.77, ,29.80, ,74.5, 
2025/8/26,05:00,0.0, ,131790, ,5.60, ,32.30, ,74.5, 
2025/8/26,06:00,0.0, ,131690, ,7.95, ,29.80, ,74.4, 
2025/8/26,07:00,0.0, ,131600, ,0.19, ,29.50, ,74.4, 
2025/8/26,08:00,0.0, ,131550, ,7.46, ,30.10, ,74.4, 
2025/8/26,09:00,0.0, ,131410, ,2.85, ,30.00, ,74.3, 
2025/8/26,10:00,0.0, ,131360, ,3.79, ,29.90, ,74.3, 
2025/8/26,11:00,0.0, ,131260, ,10.82, ,32.30, ,74.3, 
2025/8/26,12:00,0.0, ,131210, ,11.36, ,29.50, ,74.3, 
2025/8/26,13:00,0.0, ,131120, ,11.40, ,29.90, ,74.3, 
2025/8/26,14:00,0.0, ,131070, ,10.53, ,29.90, ,74.3, 
2025/8/26,15:00,1.0, ,131020, ,18.27, ,47.30, ,74.3, 
2025/8/26,16:00,9.0, ,130880, ,15.55, ,56.40, ,74.2, 
2025/8/26,17:00,4.6, ,130780, ,20.87, ,62.30, ,74.2, 
2025/8/26,18:00,0.2, ,130640, ,28.86, ,62.40, ,74.2, 
2025/8/26,19:00,0.0, ,130500, ,26.68, ,62.30, ,74.1, 
2025/8/26,20:00,0.0, ,130400, ,30.65, ,62.30, ,74.1, 
2025/8/26,21:00,0.0, ,130260, ,31.11, ,62.30, ,74.0, 
2025/8/26,22:00,0.0, ,130160, ,24.75, ,60.00, ,74.0, 
2025/8/26,23:00,0.0, ,130020, ,24.67, ,60.00, ,73.9, 
2025/8/26,24:00,0.0, ,129880, ,23.81, ,59.90, ,74.1, 
2025/8/27,01:00,0.0, ,129780, ,20.47, ,41.80, ,74.1, 
2025/8/27,02:00,0.0, ,129830, ,21.48, ,0.00, ,74.1, 
2025/8/27,03:00,0.0, ,129880, ,15.21, ,0.00, ,74.2, 
2025/8/27,04:00,0.0, ,129880, ,9.70, ,0.00, ,74.2, 
2025/8/27,05:00,0.0, ,129920, ,7.50, ,0.00, ,74.3, 
2025/8/27,06:00,0.0, ,129970, ,9.73, ,16.80, ,74.4, 
2025/8/27,07:00,0.1, ,129880, ,3.28, ,28.80, ,74.3, 
2025/8/27,08:00,0.0, ,129780, ,9.60, ,28.40, ,74.3, 
2025/8/27,09:00,0.0, ,129730, ,6.72, ,37.70, ,74.3, 
2025/8/27,10:00,0.0, ,129590, ,10.82, ,48.00, ,74.2, 
2025/8/27,11:00,0.0, ,129490, ,15.50, ,47.90, ,74.2, 
2025/8/27,12:00,0.0, ,129350, ,15.58, ,52.60, ,74.2, 
2025/8/27,13:00,0.0, ,129210, ,18.29, ,60.10, ,74.1, 
2025/8/27,14:00,0.6, ,129070, ,17.15, ,62.10, ,74.0, 
2025/8/27,15:00,0.1, ,128880, ,13.53, ,62.00, ,74.0, 
2025/8/27,16:00,0.1, ,128690, ,13.77, ,62.00, ,73.9, 
2025/8/27,17:00,0.2, ,128550, ,18.18, ,62.00, ,73.8, 
2025/8/27,18:00,0.2, ,128360, ,17.75, ,62.10, ,73.7, 
2025/8/27,19:00,0.0, ,128220, ,12.97, ,61.90, ,73.7, 
2025/8/27,20:00,0.0, ,128030, ,16.92, ,61.90, ,73.6, 
2025/8/27,21:00,0.0, ,127880, ,12.35, ,61.90, ,73.5, 
2025/8/27,22:00,0.0, ,127700, ,18.28, ,61.90, ,73.4, 
2025/8/27,23:00,0.0, ,127550, ,14.59, ,58.60, ,73.4, 
2025/8/27,24:00,0.0, ,127410, ,15.67, ,45.40, ,73.5, 
2025/8/28,01:00,0.0, ,127320, ,15.06, ,46.00, ,73.4, 
2025/8/28,02:00,0.0, ,127180, ,15.08, ,44.00, ,73.4, 
2025/8/28,03:00,0.0, ,127080, ,10.02, ,44.00, ,73.4, 
2025/8/28,04:00,0.0, ,126940, ,12.02, ,42.90, ,73.3, 
2025/8/28,05:00,0.0, ,126850, ,8.90, ,35.50, ,73.3, 
2025/8/28,06:00,0.0, ,126760, ,4.49, ,35.40, ,73.3, 
2025/8/28,07:00,0.0, ,126660, ,6.50, ,34.90, ,73.2, 
2025/8/28,08:00,0.0, ,126570, ,6.42, ,28.80, ,73.2, 
2025/8/28,09:00,0.0, ,126470, ,4.06, ,28.90, ,73.2, 
2025/8/28,10:00,0.0, ,126430, ,6.63, ,20.60, ,73.2, 
2025/8/28,11:00,0.0, ,126470, ,12.46, ,0.00, ,73.2, 
2025/8/28,12:00,0.0, ,126470, ,9.97, ,0.00, ,73.3, 
2025/8/28,13:00,0.0, ,126520, ,17.16, ,16.70, ,73.3, 
2025/8/28,14:00,0.0, ,126470, ,9.05, ,46.10, ,73.3, 
2025/8/28,15:00,0.0, ,126330, ,17.54, ,55.80, ,73.3, 
2025/8/28,16:00,0.0, ,126190, ,15.73, ,60.40, ,73.2, 
2025/8/28,17:00,0.0, ,126010, ,16.37, ,61.90, ,73.1, 
2025/8/28,18:00,0.0, ,125870, ,12.89, ,61.80, ,73.1, 
2025/8/28,19:00,1.1, ,125680, ,13.59, ,61.80, ,73.0, 
2025/8/28,20:00,8.1, ,125490, ,13.55, ,61.80, ,72.9, 
2025/8/28,21:00,0.8, ,125400, ,25.85, ,61.80, ,72.9, 
2025/8/28,22:00,0.7, ,125310, ,34.72, ,61.80, ,72.8, 
2025/8/28,23:00,0.3, ,125170, ,27.39, ,61.70, ,72.8, 
2025/8/28,24:00,0.0, ,125030, ,23.28, ,61.70, ,72.7, 
2025/8/29,01:00,0.0, ,124890, ,21.34, ,48.90, ,72.7, 
2025/8/29,02:00,0.0, ,124930, ,18.19, ,0.00, ,72.7, 
2025/8/29,03:00,0.0, ,124980, ,15.97, ,0.00, ,72.8, 
2025/8/29,04:00,0.0, ,125030, ,9.93, ,0.00, ,72.9, 
2025/8/29,05:00,0.0, ,125070, ,8.20, ,0.00, ,72.9, 
2025/8/29,06:00,0.0, ,125070, ,11.25, ,16.60, ,73.0, 
2025/8/29,07:00,0.0, ,125030, ,7.18, ,28.70, ,73.0, 
2025/8/29,08:00,0.0, ,124890, ,5.40, ,31.20, ,72.9, 
2025/8/29,09:00,0.0, ,124790, ,7.02, ,41.10, ,72.9, 
2025/8/29,10:00,0.0, ,124650, ,10.48, ,48.40, ,72.8, 
2025/8/29,11:00,0.0, ,124560, ,14.03, ,51.20, ,72.8, 
2025/8/29,12:00,0.0, ,124420, ,18.96, ,0.00,$,72.7, 
2025/8/29,13:00,0.0, ,124330, ,16.64, ,49.80, ,72.7, 
2025/8/29,14:00,0.0, ,124190, ,16.87, ,0.00,#,72.7, 
2025/8/29,15:00,0.0, ,124100, ,17.34, ,0.00,#,72.6, 
2025/8/29,16:00,0.4, ,123960, ,18.34, ,59.40, ,72.6, 
2025/8/29,17:00,0.0, ,123770, ,16.16, ,61.40, ,72.5, 
2025/8/29,18:00,0.0, ,123590, ,15.05, ,61.40, ,72.4, 
2025/8/29,19:00,0.0, ,123450, ,13.15, ,61.40, ,72.3, 
2025/8/29,20:00,0.1, ,123260, ,15.10, ,61.30, ,72.2, 
2025/8/29,21:00,0.0, ,123080, ,15.95, ,61.50, ,72.2, 
2025/8/29,22:00,0.0, ,122940, ,14.92, ,60.70, ,72.1, 
2025/8/29,23:00,0.0, ,122750, ,14.98, ,60.70, ,72.0, 
2025/8/29,24:00,0.0, ,122610, ,13.10, ,61.20, ,72.0, 
2025/8/30,01:00,0.0, ,122430, ,15.81, ,61.00, ,72.0, 
2025/8/30,02:00,0.0, ,122290, ,15.41, ,50.90, ,71.9, 
2025/8/30,03:00,0.0, ,122200, ,12.52, ,38.00, ,71.9, 
2025/8/30,04:00,0.0, ,122060, ,9.44, ,42.30, ,71.8, 
2025/8/30,05:00,0.0, ,121970, ,9.94, ,42.40, ,71.8, 
2025/8/30,06:00,0.0, ,121830, ,6.67, ,41.90, ,71.7, 
2025/8/30,07:00,0.0, ,121690, ,7.08, ,41.90, ,71.7, 
2025/8/30,08:00,0.0, ,121550, ,6.84, ,43.30, ,71.6, 
2025/8/30,09:00,0.0, ,121460, ,8.64, ,32.00, ,71.6, 
2025/8/30,10:00,0.0, ,121370, ,3.67, ,21.60, ,71.6, 
2025/8/30,11:00,0.0, ,121420, ,13.28, ,0.00, ,71.6, 
2025/8/30,12:00,0.0, ,121510, ,11.27, ,0.00, ,71.7, 
2025/8/30,13:00,0.0, ,121510, ,16.62, ,16.90, ,71.8, 
2025/8/30,14:00,0.0, ,121460, ,10.82, ,41.50, ,71.8, 
2025/8/30,15:00,0.0, ,121370, ,16.83, ,52.20, ,71.7, 
2025/8/30,16:00,0.0, ,121190, ,14.98, ,61.30, ,71.6, 
2025/8/30,17:00,0.0, ,121000, ,14.15, ,61.30, ,71.6, 
2025/8/30,18:00,0.1, ,120870, ,13.38, ,61.30, ,71.5, 
2025/8/30,19:00,0.0, ,120640, ,12.02, ,61.30, ,71.4, 
2025/8/30,20:00,0.0, ,120500, ,13.51, ,61.30, ,71.3, 
2025/8/30,21:00,0.0, ,120310, ,11.39, ,61.20, ,71.2, 
2025/8/30,22:00,0.0, ,120170, ,15.22, ,61.20, ,71.2, 
2025/8/30,23:00,0.0, ,119990, ,13.10, ,61.20, ,71.1, 
2025/8/30,24:00,0.0, ,119810, ,13.29, ,61.10, ,71.0, 
2025/8/31,01:00,0.0, ,119620, ,12.43, ,61.20, ,70.9, 
2025/8/31,02:00,0.0, ,119440, ,12.66, ,61.20, ,70.7, 
2025/8/31,03:00,0.0, ,119260, ,7.78, ,61.20, ,70.6, 
2025/8/31,04:00,0.0, ,119070, ,7.78, ,61.10, ,70.5, 
2025/8/31,05:00,0.0, ,118840, ,6.72, ,57.60, ,70.3, 
2025/8/31,06:00,0.0, ,118700, ,6.82, ,41.00, ,70.2, 
2025/8/31,07:00,0.0, ,118610, ,3.98, ,36.10, ,70.2, 
2025/8/31,08:00,0.0, ,118520, ,7.04, ,29.70, ,70.1, 
2025/8/31,09:00,0.0, ,118430, ,2.85, ,29.40, ,70.0, 
2025/8/31,10:00,0.0, ,118340, ,5.15, ,29.20, ,70.0, 
2025/8/31,11:00,0.0, ,118290, ,8.32, ,29.50, ,70.0, 
2025/8/31,12:00,0.0, ,118250, ,11.66, ,26.40, ,69.9, 
2025/8/31,13:00,0.0, ,118200, ,13.25, ,22.00, ,69.9, 
2025/8/31,14:00,0.0, ,118200, ,12.19, ,14.70, ,69.9, 
2025/8/31,15:00,0.0, ,118200, ,12.26, ,27.50, ,69.9, 
2025/8/31,16:00,0.0, ,118110, ,16.29, ,50.60, ,69.8, 
2025/8/31,17:00,0.0, ,117970, ,12.78, ,59.90, ,69.7, 
2025/8/31,18:00,0.0, ,117790, ,13.51, ,60.60, ,69.6, 
2025/8/31,19:00,0.0, ,117600, ,10.56, ,60.60, ,69.5, 
2025/8/31,20:00,0.0, ,117420, ,11.55, ,60.80, ,69.4, 
2025/8/31,21:00,0.0, ,117240, ,10.62, ,60.80, ,69.2, 
2025/8/31,22:00,0.0, ,117050, ,12.54, ,60.80, ,69.1, 
2025/8/31,23:00,0.0, ,116870, ,12.96, ,60.80, ,69.0, 
2025/8/31,24:00,0.0, ,116730, ,12.52, ,52.30, ,68.9, 
