îCà”ä˙ä‘É_ÉÄèîó åüçıåãâ 
êÖånñº,ãgñÏêÏ
âÕêÏñº,ãgñÏêÏ
äœë™èäñº,ëÅñæâYÉ_ÉÄÅiã@ç\Åj
äœë™èäãLçÜ,1368080700010
#
#îNåéì˙,éûçè,ó¨àÊïΩãœâJó ,ó¨àÊïΩãœâJó ëÆê´,íôêÖó ,íôêÖó ëÆê´,ó¨ì¸ó ,ó¨ì¸ó ëÆê´,ï˙ó¨ó ,ï˙ó¨ó ëÆê´,íôêÖó¶,íôêÖó¶ëÆê´
#ëÆê´Å@$:åáë™ -:ñ¢éÛêM
#
2006/6/1,01:00,0.0, ,177550, ,9.53, ,58.60, ,99.9, 
2006/6/1,02:00,0.0, ,177380, ,9.58, ,58.70, ,99.8, 
2006/6/1,03:00,0.0, ,177210, ,9.01, ,58.90, ,99.7, 
2006/6/1,04:00,0.0, ,176990, ,10.00, ,58.80, ,99.5, 
2006/6/1,05:00,0.0, ,176930, ,8.57, ,30.00, ,99.5, 
2006/6/1,06:00,0.0, ,176870, ,10.19, ,30.10, ,99.4, 
2006/6/1,07:00,0.0, ,176760, ,9.72, ,29.80, ,99.4, 
2006/6/1,08:00,0.0, ,176700, ,8.42, ,32.30, ,99.3, 
2006/6/1,09:00,0.0, ,176530, ,9.02, ,57.40, ,99.2, 
2006/6/1,10:00,0.0, ,176360, ,13.45, ,57.60, ,99.1, 
2006/6/1,11:00,0.0, ,176250, ,14.24, ,57.60, ,99.0, 
2006/6/1,12:00,0.0, ,176080, ,15.39, ,57.40, ,98.9, 
2006/6/1,13:00,0.0, ,175910, ,14.65, ,57.50, ,98.8, 
2006/6/1,14:00,0.0, ,175740, ,12.67, ,57.50, ,98.7, 
2006/6/1,15:00,0.0, ,175630, ,15.95, ,57.50, ,98.6, 
2006/6/1,16:00,0.0, ,175460, ,16.81, ,57.30, ,98.5, 
2006/6/1,17:00,0.0, ,175290, ,16.07, ,57.90, ,98.4, 
2006/6/1,18:00,0.0, ,175180, ,14.67, ,57.90, ,98.3, 
2006/6/1,19:00,0.0, ,175010, ,15.97, ,57.70, ,98.2, 
2006/6/1,20:00,0.0, ,174840, ,16.77, ,57.90, ,98.1, 
2006/6/1,21:00,0.0, ,174840, ,14.37, ,20.70, ,98.1, 
2006/6/1,22:00,0.0, ,174840, ,20.73, ,20.70, ,98.1, 
2006/6/1,23:00,0.0, ,174780, ,9.79, ,20.60, ,98.1, 
2006/6/1,24:00,0.0, ,174780, ,15.15, ,18.40, ,100.0, 
2006/6/2,01:00,0.0, ,174730, ,13.48, ,18.30, ,100.0, 
2006/6/2,02:00,0.0, ,174730, ,7.74, ,18.40, ,100.0, 
2006/6/2,03:00,0.0, ,174670, ,4.86, ,4.00, ,99.9, 
2006/6/2,04:00,0.0, ,174670, ,6.63, ,0.00, ,99.9, 
2006/6/2,05:00,0.0, ,174670, ,0.00, ,0.00, ,99.9, 
2006/6/2,06:00,0.0, ,174670, ,0.00, ,0.00, ,99.9, 
2006/6/2,07:00,0.0, ,174730, ,10.95, ,0.00, ,100.0, 
2006/6/2,08:00,0.0, ,174730, ,4.78, ,5.00, ,100.0, 
2006/6/2,09:00,0.0, ,174730, ,9.52, ,18.40, ,100.0, 
2006/6/2,10:00,0.0, ,174730, ,23.66, ,28.80, ,100.0, 
2006/6/2,11:00,0.0, ,174560, ,21.70, ,58.10, ,99.9, 
2006/6/2,12:00,0.0, ,174440, ,15.64, ,57.80, ,99.8, 
2006/6/2,13:00,0.0, ,174330, ,14.56, ,31.40, ,99.7, 
2006/6/2,14:00,0.0, ,174220, ,11.32, ,57.90, ,99.6, 
2006/6/2,15:00,0.0, ,174050, ,17.48, ,58.00, ,99.5, 
2006/6/2,16:00,0.0, ,173880, ,15.99, ,58.00, ,99.4, 
2006/6/2,17:00,0.0, ,173770, ,15.02, ,44.00, ,99.3, 
2006/6/2,18:00,0.0, ,173710, ,16.03, ,44.00, ,99.3, 
2006/6/2,19:00,0.0, ,173600, ,15.73, ,34.90, ,99.2, 
2006/6/2,20:00,0.0, ,173540, ,14.88, ,35.20, ,99.2, 
2006/6/2,21:00,0.0, ,173540, ,17.43, ,20.70, ,99.2, 
2006/6/2,22:00,0.0, ,173540, ,19.84, ,18.40, ,99.2, 
2006/6/2,23:00,0.0, ,173490, ,4.45, ,18.60, ,99.1, 
2006/6/2,24:00,0.0, ,173490, ,16.72, ,7.10, ,100.0, 
2006/6/3,01:00,0.0, ,173490, ,9.03, ,0.00, ,100.0, 
2006/6/3,02:00,0.0, ,173490, ,0.00, ,0.00, ,100.0, 
2006/6/3,03:00,0.0, ,173490, ,0.00, ,0.00, ,100.0, 
2006/6/3,04:00,0.0, ,173540, ,5.71, ,0.00, ,100.0, 
2006/6/3,05:00,0.0, ,173540, ,9.87, ,0.00, ,100.0, 
2006/6/3,06:00,0.0, ,173600, ,6.50, ,0.00, ,100.0, 
2006/6/3,07:00,0.0, ,173600, ,9.18, ,5.00, ,100.0, 
2006/6/3,08:00,0.0, ,173600, ,9.59, ,18.60, ,100.0, 
2006/6/3,09:00,0.0, ,173540, ,19.36, ,28.70, ,100.0, 
2006/6/3,10:00,0.0, ,173430, ,11.94, ,52.20, ,100.0, 
2006/6/3,11:00,0.0, ,173260, ,16.42, ,52.50, ,99.8, 
2006/6/3,12:00,0.0, ,173150, ,15.24, ,55.20, ,99.8, 
2006/6/3,13:00,0.0, ,172980, ,12.57, ,52.60, ,99.7, 
2006/6/3,14:00,0.0, ,172870, ,14.07, ,54.90, ,99.6, 
2006/6/3,15:00,0.0, ,172700, ,13.61, ,52.50, ,99.5, 
2006/6/3,16:00,0.0, ,172590, ,15.18, ,55.10, ,99.4, 
2006/6/3,17:00,0.0, ,172420, ,14.20, ,52.30, ,99.3, 
2006/6/3,18:00,0.0, ,172310, ,14.69, ,45.60, ,99.2, 
2006/6/3,19:00,0.0, ,172200, ,14.29, ,24.20, ,99.1, 
2006/6/3,20:00,0.0, ,172200, ,3.90, ,0.00, ,99.1, 
2006/6/3,21:00,0.0, ,172260, ,12.16, ,0.00, ,99.2, 
2006/6/3,22:00,0.0, ,172310, ,18.62, ,0.00, ,99.2, 
2006/6/3,23:00,0.0, ,172370, ,10.87, ,0.00, ,99.3, 
2006/6/3,24:00,0.0, ,172370, ,4.92, ,0.00, ,100.0, 
2006/6/4,01:00,0.0, ,172420, ,13.98, ,0.00, ,100.0, 
2006/6/4,02:00,0.0, ,172420, ,1.55, ,0.00, ,100.0, 
2006/6/4,03:00,0.0, ,172480, ,14.24, ,0.00, ,100.0, 
2006/6/4,04:00,0.0, ,172540, ,6.73, ,0.00, ,100.0, 
2006/6/4,05:00,0.0, ,172540, ,10.09, ,0.00, ,100.0, 
2006/6/4,06:00,0.0, ,172540, ,0.09, ,5.40, ,100.0, 
2006/6/4,07:00,0.0, ,172540, ,13.34, ,26.60, ,100.0, 
2006/6/4,08:00,0.0, ,172370, ,14.60, ,52.30, ,100.0, 
2006/6/4,09:00,0.0, ,172200, ,11.63, ,52.50, ,99.9, 
2006/6/4,10:00,0.0, ,172090, ,11.07, ,52.40, ,99.8, 
2006/6/4,11:00,0.0, ,171920, ,13.70, ,52.60, ,99.7, 
2006/6/4,12:00,0.0, ,171810, ,13.93, ,52.50, ,99.6, 
2006/6/4,13:00,0.0, ,171640, ,13.04, ,55.20, ,99.5, 
2006/6/4,14:00,0.0, ,171530, ,14.76, ,53.10, ,99.4, 
2006/6/4,15:00,0.0, ,171360, ,12.35, ,52.70, ,99.3, 
2006/6/4,16:00,0.0, ,171250, ,14.45, ,55.60, ,99.2, 
2006/6/4,17:00,0.0, ,171200, ,13.09, ,19.70, ,99.2, 
2006/6/4,18:00,0.0, ,171200, ,18.08, ,19.50, ,99.2, 
2006/6/4,19:00,0.0, ,171090, ,11.56, ,25.60, ,99.1, 
2006/6/4,20:00,0.0, ,170970, ,13.00, ,58.20, ,99.1, 
2006/6/4,21:00,0.0, ,170920, ,11.81, ,11.90, ,99.0, 
2006/6/4,22:00,0.0, ,170970, ,8.56, ,0.00, ,99.1, 
2006/6/4,23:00,0.0, ,170970, ,14.17, ,0.00, ,99.1, 
2006/6/4,24:00,0.0, ,171030, ,12.11, ,0.00, ,100.0, 
2006/6/5,01:00,0.0, ,171030, ,3.35, ,0.00, ,100.0, 
2006/6/5,02:00,0.0, ,171090, ,2.32, ,0.00, ,100.0, 
2006/6/5,03:00,0.0, ,171090, ,13.14, ,0.00, ,100.0, 
2006/6/5,04:00,0.0, ,171090, ,0.00, ,0.00, ,100.0, 
2006/6/5,05:00,0.0, ,171140, ,10.06, ,0.00, ,100.0, 
2006/6/5,06:00,0.0, ,171140, ,5.67, ,15.20, ,100.0, 
2006/6/5,07:00,0.0, ,171140, ,9.90, ,27.00, ,100.0, 
2006/6/5,08:00,0.0, ,171090, ,21.17, ,29.20, ,100.0, 
2006/6/5,09:00,0.0, ,171030, ,8.96, ,30.50, ,100.0, 
2006/6/5,10:00,0.0, ,170860, ,9.53, ,58.40, ,99.9, 
2006/6/5,11:00,0.0, ,170700, ,12.11, ,58.30, ,99.8, 
2006/6/5,12:00,0.0, ,170530, ,11.97, ,58.20, ,99.7, 
2006/6/5,13:00,0.0, ,170420, ,13.90, ,27.80, ,99.6, 
2006/6/5,14:00,0.0, ,170310, ,11.18, ,58.50, ,99.5, 
2006/6/5,15:00,0.0, ,170140, ,15.16, ,58.60, ,99.4, 
2006/6/5,16:00,0.0, ,169970, ,11.19, ,58.50, ,99.3, 
2006/6/5,17:00,0.0, ,169810, ,15.10, ,58.40, ,99.2, 
2006/6/5,18:00,0.0, ,169700, ,16.95, ,41.70, ,99.1, 
2006/6/5,19:00,0.0, ,169590, ,13.61, ,41.80, ,99.0, 
2006/6/5,20:00,0.0, ,169480, ,12.53, ,58.60, ,98.9, 
2006/6/5,21:00,0.0, ,169420, ,15.64, ,24.40, ,98.9, 
2006/6/5,22:00,0.0, ,169360, ,14.72, ,25.30, ,98.9, 
2006/6/5,23:00,0.0, ,169310, ,13.15, ,8.00, ,98.8, 
2006/6/5,24:00,0.0, ,169310, ,0.77, ,0.00, ,98.8, 
2006/6/6,01:00,0.0, ,169310, ,0.00, ,0.00, ,98.8, 
2006/6/6,02:00,0.0, ,169360, ,13.33, ,0.00, ,98.9, 
2006/6/6,03:00,0.0, ,169360, ,2.05, ,0.00, ,98.9, 
2006/6/6,04:00,0.0, ,169420, ,4.10, ,0.00, ,98.9, 
2006/6/6,05:00,0.0, ,169420, ,11.28, ,0.00, ,98.9, 
2006/6/6,06:00,0.0, ,169420, ,0.09, ,5.30, ,98.9, 
2006/6/6,07:00,0.0, ,169420, ,8.51, ,15.60, ,98.9, 
2006/6/6,08:00,0.0, ,169360, ,21.07, ,29.30, ,98.9, 
2006/6/6,09:00,0.0, ,169250, ,10.25, ,45.90, ,98.8, 
2006/6/6,10:00,0.0, ,169090, ,10.12, ,58.70, ,98.7, 
2006/6/6,11:00,0.0, ,168920, ,10.69, ,58.50, ,98.6, 
2006/6/6,12:00,0.0, ,168760, ,12.05, ,58.70, ,98.5, 
2006/6/6,13:00,0.0, ,168650, ,12.52, ,32.70, ,98.4, 
2006/6/6,14:00,0.0, ,168480, ,10.52, ,58.50, ,98.3, 
2006/6/6,15:00,0.0, ,168310, ,16.75, ,58.60, ,98.1, 
2006/6/6,16:00,0.0, ,168200, ,13.73, ,58.90, ,98.1, 
2006/6/6,17:00,0.0, ,167980, ,11.32, ,58.70, ,97.9, 
2006/6/6,18:00,0.0, ,167820, ,13.05, ,58.80, ,97.8, 
2006/6/6,19:00,0.0, ,167650, ,13.36, ,58.60, ,97.7, 
2006/6/6,20:00,0.0, ,167540, ,14.91, ,40.30, ,97.6, 
2006/6/6,21:00,0.0, ,167430, ,12.10, ,36.60, ,97.6, 
2006/6/6,22:00,0.0, ,167430, ,17.19, ,18.50, ,97.6, 
2006/6/6,23:00,0.0, ,167380, ,3.59, ,18.40, ,97.5, 
2006/6/6,24:00,0.0, ,167380, ,18.33, ,18.70, ,97.5, 
2006/6/7,01:00,0.0, ,167320, ,8.45, ,18.60, ,97.5, 
2006/6/7,02:00,0.0, ,167270, ,8.36, ,6.30, ,97.4, 
2006/6/7,03:00,0.0, ,167270, ,1.23, ,0.00, ,97.4, 
2006/6/7,04:00,0.0, ,167270, ,0.00, ,0.00, ,97.4, 
2006/6/7,05:00,0.0, ,167270, ,0.00, ,0.00, ,97.4, 
2006/6/7,06:00,0.0, ,167270, ,0.09, ,5.10, ,97.4, 
2006/6/7,07:00,0.0, ,167270, ,9.19, ,18.60, ,97.4, 
2006/6/7,08:00,0.0, ,167160, ,11.61, ,30.50, ,97.4, 
2006/6/7,09:00,0.0, ,167050, ,3.06, ,30.60, ,97.3, 
2006/6/7,10:00,0.0, ,166880, ,8.29, ,58.90, ,97.2, 
2006/6/7,11:00,0.0, ,166720, ,12.50, ,59.00, ,97.1, 
2006/6/7,12:00,0.0, ,166610, ,14.51, ,59.20, ,97.0, 
2006/6/7,13:00,0.0, ,166500, ,13.59, ,32.90, ,96.9, 
2006/6/7,14:00,0.0, ,166330, ,11.19, ,58.90, ,96.8, 
2006/6/7,15:00,0.0, ,166170, ,12.76, ,59.10, ,96.7, 
2006/6/7,16:00,0.0, ,166010, ,13.08, ,58.70, ,96.6, 
2006/6/7,17:00,0.0, ,165840, ,11.65, ,58.80, ,96.5, 
2006/6/7,18:00,0.0, ,165680, ,13.68, ,59.10, ,96.4, 
2006/6/7,19:00,0.0, ,165510, ,11.79, ,59.10, ,96.2, 
2006/6/7,20:00,0.0, ,165350, ,14.10, ,52.00, ,96.1, 
2006/6/7,21:00,0.0, ,165300, ,11.95, ,33.00, ,96.1, 
2006/6/7,22:00,0.0, ,165240, ,9.78, ,21.00, ,96.1, 
2006/6/7,23:00,0.0, ,165190, ,13.92, ,21.00, ,96.0, 
2006/6/7,24:00,0.0, ,165190, ,7.78, ,7.40, ,96.0, 
2006/6/8,01:00,0.0, ,165190, ,9.14, ,0.00, ,96.0, 
2006/6/8,02:00,0.0, ,165190, ,0.00, ,0.00, ,96.0, 
2006/6/8,03:00,0.0, ,165190, ,0.00, ,0.00, ,96.0, 
2006/6/8,04:00,0.0, ,165190, ,0.00, ,0.00, ,96.0, 
2006/6/8,05:00,0.0, ,165190, ,0.00, ,0.00, ,96.0, 
2006/6/8,06:00,0.0, ,165240, ,1.26, ,0.00, ,96.1, 
2006/6/8,07:00,0.0, ,165240, ,13.99, ,5.40, ,96.1, 
2006/6/8,08:00,0.0, ,165190, ,10.15, ,30.70, ,96.0, 
2006/6/8,09:00,0.0, ,164970, ,5.61, ,59.50, ,95.9, 
2006/6/8,10:00,0.0, ,164810, ,6.69, ,59.30, ,95.8, 
2006/6/8,11:00,1.7, ,164640, ,12.78, ,59.50, ,95.7, 
2006/6/8,12:00,2.1, ,164480, ,15.47, ,59.20, ,95.5, 
2006/6/8,13:00,0.7, ,164320, ,14.53, ,59.20, ,95.4, 
2006/6/8,14:00,2.8, ,164210, ,15.90, ,59.50, ,95.4, 
2006/6/8,15:00,0.9, ,163990, ,14.52, ,59.50, ,95.2, 
2006/6/8,16:00,5.7, ,163880, ,16.88, ,59.30, ,95.1, 
2006/6/8,17:00,6.8, ,163770, ,30.69, ,59.10, ,95.1, 
2006/6/8,18:00,8.2, ,163660, ,32.22, ,59.50, ,95.0, 
2006/6/8,19:00,6.1, ,163610, ,28.06, ,34.40, ,95.0, 
2006/6/8,20:00,4.5, ,163720, ,39.73, ,0.00, ,95.0, 
2006/6/8,21:00,2.7, ,163830, ,30.63, ,0.00, ,95.1, 
2006/6/8,22:00,2.6, ,163940, ,33.16, ,0.00, ,95.2, 
2006/6/8,23:00,1.7, ,164100, ,40.71, ,0.00, ,95.3, 
2006/6/8,24:00,2.3, ,164260, ,44.00, ,0.00, ,95.4, 
2006/6/9,01:00,2.0, ,164420, ,42.52, ,0.00, ,95.5, 
2006/6/9,02:00,1.7, ,164590, ,50.10, ,0.00, ,95.6, 
2006/6/9,03:00,0.0, ,164750, ,33.75, ,0.00, ,95.7, 
2006/6/9,04:00,0.1, ,164810, ,36.79, ,0.00, ,95.8, 
2006/6/9,05:00,0.0, ,164910, ,26.22, ,0.00, ,95.8, 
2006/6/9,06:00,0.0, ,165020, ,33.29, ,0.00, ,95.9, 
2006/6/9,07:00,0.0, ,165130, ,28.51, ,0.00, ,96.0, 
2006/6/9,08:00,0.0, ,165240, ,22.30, ,5.20, ,96.1, 
2006/6/9,09:00,0.0, ,165240, ,32.91, ,30.60, ,96.1, 
2006/6/9,10:00,0.0, ,165130, ,21.07, ,56.60, ,96.0, 
2006/6/9,11:00,0.0, ,164970, ,30.48, ,59.20, ,95.9, 
2006/6/9,12:00,0.0, ,164910, ,20.65, ,45.20, ,95.8, 
2006/6/9,13:00,0.0, ,164860, ,18.47, ,38.20, ,95.8, 
2006/6/9,14:00,0.0, ,164750, ,25.93, ,42.40, ,95.7, 
2006/6/9,15:00,0.0, ,164700, ,18.71, ,42.30, ,95.7, 
2006/6/9,16:00,0.0, ,164590, ,21.68, ,42.40, ,95.6, 
2006/6/9,17:00,0.0, ,164530, ,15.98, ,42.30, ,95.6, 
2006/6/9,18:00,0.0, ,164420, ,18.44, ,42.20, ,95.5, 
2006/6/9,19:00,0.0, ,164320, ,20.21, ,45.10, ,95.4, 
2006/6/9,20:00,0.0, ,164260, ,17.63, ,42.50, ,95.4, 
2006/6/9,21:00,0.0, ,164150, ,13.17, ,42.40, ,95.3, 
2006/6/9,22:00,0.0, ,164100, ,17.45, ,35.90, ,95.3, 
2006/6/9,23:00,0.0, ,163990, ,16.81, ,31.80, ,95.2, 
2006/6/9,24:00,0.0, ,163990, ,8.54, ,7.40, ,95.2, 
2006/6/10,01:00,0.0, ,163990, ,9.17, ,0.00, ,95.2, 
2006/6/10,02:00,0.0, ,163990, ,0.00, ,0.00, ,95.2, 
2006/6/10,03:00,0.0, ,164040, ,7.79, ,0.00, ,95.2, 
2006/6/10,04:00,0.0, ,164040, ,7.29, ,0.00, ,95.2, 
2006/6/10,05:00,0.0, ,164100, ,14.83, ,0.00, ,95.3, 
2006/6/10,06:00,0.0, ,164150, ,3.39, ,21.60, ,95.3, 
2006/6/10,07:00,0.0, ,164100, ,22.76, ,30.80, ,95.3, 
2006/6/10,08:00,0.0, ,163990, ,9.32, ,30.80, ,95.2, 
2006/6/10,09:00,0.0, ,163940, ,5.48, ,30.60, ,95.2, 
2006/6/10,10:00,0.0, ,163770, ,12.14, ,59.20, ,95.1, 
2006/6/10,11:00,0.0, ,163610, ,16.69, ,59.40, ,95.0, 
2006/6/10,12:00,0.0, ,163450, ,14.12, ,59.20, ,94.8, 
2006/6/10,13:00,0.0, ,163390, ,9.77, ,20.80, ,94.8, 
2006/6/10,14:00,0.0, ,163290, ,21.14, ,59.50, ,94.7, 
2006/6/10,15:00,0.0, ,163070, ,16.31, ,59.70, ,94.6, 
2006/6/10,16:00,0.0, ,162960, ,11.64, ,59.40, ,94.5, 
2006/6/10,17:00,0.0, ,162800, ,16.55, ,59.60, ,94.4, 
2006/6/10,18:00,0.4, ,162640, ,12.89, ,59.50, ,94.3, 
2006/6/10,19:00,0.3, ,162470, ,17.84, ,59.50, ,94.2, 
2006/6/10,20:00,0.0, ,162310, ,16.83, ,59.50, ,94.1, 
2006/6/10,21:00,0.0, ,162200, ,13.59, ,51.10, ,94.0, 
2006/6/10,22:00,0.0, ,162100, ,17.08, ,33.50, ,93.9, 
2006/6/10,23:00,0.0, ,162040, ,10.49, ,30.70, ,93.9, 
2006/6/10,24:00,0.0, ,161990, ,17.64, ,31.00, ,93.9, 
2006/6/11,01:00,0.0, ,161940, ,8.03, ,18.70, ,93.8, 
2006/6/11,02:00,0.0, ,161880, ,8.75, ,18.70, ,93.8, 
2006/6/11,03:00,0.0, ,161880, ,5.77, ,18.90, ,93.8, 
2006/6/11,04:00,0.0, ,161830, ,14.53, ,18.80, ,93.7, 
2006/6/11,05:00,0.0, ,161770, ,7.45, ,7.40, ,93.7, 
2006/6/11,06:00,0.0, ,161770, ,0.35, ,0.00, ,93.7, 
2006/6/11,07:00,0.1, ,161830, ,5.58, ,5.50, ,93.7, 
2006/6/11,08:00,0.0, ,161830, ,19.17, ,18.70, ,93.7, 
2006/6/11,09:00,0.0, ,161720, ,9.19, ,30.90, ,93.7, 
2006/6/11,10:00,0.0, ,161560, ,9.37, ,59.50, ,93.6, 
2006/6/11,11:00,0.0, ,161400, ,11.73, ,59.60, ,93.4, 
2006/6/11,12:00,0.0, ,161240, ,15.44, ,59.80, ,93.3, 
2006/6/11,13:00,0.0, ,161070, ,15.49, ,59.80, ,93.2, 
2006/6/11,14:00,0.0, ,160910, ,12.59, ,60.00, ,93.1, 
2006/6/11,15:00,0.0, ,160750, ,13.83, ,61.20, ,93.0, 
2006/6/11,16:00,0.0, ,160540, ,16.04, ,61.70, ,92.9, 
2006/6/11,17:00,0.0, ,160380, ,13.46, ,61.20, ,92.8, 
2006/6/11,18:00,0.0, ,160220, ,15.03, ,61.40, ,92.6, 
2006/6/11,19:00,0.0, ,160050, ,14.51, ,61.90, ,92.5, 
2006/6/11,20:00,0.0, ,159890, ,13.83, ,61.90, ,92.4, 
2006/6/11,21:00,0.0, ,159840, ,17.24, ,23.70, ,92.4, 
2006/6/11,22:00,0.0, ,159790, ,8.55, ,20.90, ,92.4, 
2006/6/11,23:00,0.0, ,159790, ,19.60, ,21.20, ,92.4, 
2006/6/11,24:00,0.0, ,159730, ,6.85, ,19.10, ,92.3, 
2006/6/12,01:00,0.0, ,159680, ,11.86, ,19.20, ,92.3, 
2006/6/12,02:00,0.0, ,159630, ,8.63, ,19.10, ,92.2, 
2006/6/12,03:00,0.0, ,159630, ,5.26, ,19.20, ,92.2, 
2006/6/12,04:00,0.0, ,159570, ,7.00, ,19.10, ,92.2, 
2006/6/12,05:00,0.0, ,159520, ,7.90, ,7.80, ,92.2, 
2006/6/12,06:00,0.0, ,159520, ,3.37, ,0.00, ,92.2, 
2006/6/12,07:00,0.0, ,159520, ,0.09, ,5.10, ,92.2, 
2006/6/12,08:00,0.0, ,159520, ,9.84, ,19.10, ,92.2, 
2006/6/12,09:00,0.0, ,159410, ,12.23, ,40.50, ,92.1, 
2006/6/12,10:00,0.0, ,159200, ,8.63, ,61.80, ,92.0, 
2006/6/12,11:00,0.0, ,159040, ,11.50, ,61.90, ,91.8, 
2006/6/12,12:00,0.0, ,158880, ,12.49, ,61.50, ,91.7, 
2006/6/12,13:00,0.0, ,158660, ,9.73, ,61.50, ,91.6, 
2006/6/12,14:00,0.0, ,158500, ,14.75, ,61.90, ,91.5, 
2006/6/12,15:00,0.0, ,158340, ,14.51, ,61.70, ,91.4, 
2006/6/12,16:00,0.0, ,158180, ,12.87, ,62.00, ,91.3, 
2006/6/12,17:00,0.0, ,157970, ,12.04, ,62.00, ,91.1, 
2006/6/12,18:00,0.0, ,157810, ,13.80, ,61.70, ,91.0, 
2006/6/12,19:00,0.0, ,157650, ,14.27, ,61.80, ,90.9, 
2006/6/12,20:00,0.0, ,157490, ,14.11, ,62.00, ,90.8, 
2006/6/12,21:00,0.0, ,157280, ,13.48, ,61.80, ,90.6, 
2006/6/12,22:00,0.0, ,157170, ,13.78, ,45.90, ,90.6, 
2006/6/12,23:00,0.0, ,157170, ,16.41, ,18.90, ,90.6, 
2006/6/12,24:00,0.0, ,157120, ,6.57, ,18.70, ,90.5, 
2006/6/13,01:00,0.0, ,157070, ,12.18, ,18.80, ,90.5, 
2006/6/13,02:00,0.0, ,157070, ,8.25, ,18.70, ,90.5, 
2006/6/13,03:00,0.0, ,157010, ,4.29, ,18.90, ,90.5, 
2006/6/13,04:00,0.0, ,156960, ,7.48, ,18.80, ,90.4, 
2006/6/13,05:00,0.0, ,156910, ,8.49, ,18.50, ,90.4, 
2006/6/13,06:00,0.0, ,156850, ,7.84, ,19.00, ,90.4, 
2006/6/13,07:00,0.0, ,156850, ,7.07, ,18.70, ,90.4, 
2006/6/13,08:00,0.0, ,156750, ,4.49, ,21.40, ,90.3, 
2006/6/13,09:00,0.0, ,156640, ,6.77, ,40.40, ,90.2, 
2006/6/13,10:00,0.0, ,156480, ,9.18, ,60.40, ,90.1, 
2006/6/13,11:00,0.0, ,156270, ,12.28, ,60.80, ,90.0, 
2006/6/13,12:00,0.0, ,156110, ,10.62, ,60.60, ,89.9, 
2006/6/13,13:00,0.0, ,156010, ,13.45, ,44.50, ,89.8, 
2006/6/13,14:00,0.0, ,155850, ,13.13, ,60.70, ,89.7, 
2006/6/13,15:00,0.0, ,155640, ,15.34, ,60.60, ,89.5, 
2006/6/13,16:00,0.0, ,155480, ,9.84, ,60.70, ,89.4, 
2006/6/13,17:00,0.0, ,155320, ,13.62, ,62.50, ,89.3, 
2006/6/13,18:00,0.0, ,155160, ,14.49, ,62.30, ,89.2, 
2006/6/13,19:00,0.0, ,154950, ,11.67, ,62.50, ,89.1, 
2006/6/13,20:00,2.5, ,154790, ,14.59, ,62.80, ,89.0, 
2006/6/13,21:00,0.0, ,154630, ,13.02, ,62.30, ,88.8, 
2006/6/13,22:00,0.3, ,154580, ,12.91, ,21.20, ,88.8, 
2006/6/13,23:00,0.0, ,154530, ,14.21, ,21.30, ,88.8, 
2006/6/13,24:00,0.0, ,154530, ,11.40, ,19.00, ,88.8, 
2006/6/14,01:00,0.0, ,154480, ,8.56, ,19.10, ,88.7, 
2006/6/14,02:00,0.0, ,154420, ,7.52, ,18.70, ,88.7, 
2006/6/14,03:00,0.0, ,154370, ,6.98, ,19.00, ,88.7, 
2006/6/14,04:00,0.0, ,154320, ,7.05, ,19.00, ,88.6, 
2006/6/14,05:00,0.0, ,154320, ,6.33, ,19.00, ,88.6, 
2006/6/14,06:00,0.0, ,154270, ,6.30, ,19.00, ,88.6, 
2006/6/14,07:00,0.0, ,154210, ,6.30, ,18.80, ,88.6, 
2006/6/14,08:00,0.0, ,154160, ,7.90, ,21.30, ,88.5, 
2006/6/14,09:00,0.0, ,154000, ,3.37, ,40.70, ,88.4, 
2006/6/14,10:00,0.0, ,153850, ,8.75, ,60.90, ,88.3, 
2006/6/14,11:00,0.0, ,153640, ,9.18, ,61.20, ,88.2, 
2006/6/14,12:00,0.0, ,153480, ,9.95, ,61.10, ,88.1, 
2006/6/14,13:00,0.0, ,153320, ,11.76, ,43.50, ,88.0, 
2006/6/14,14:00,0.0, ,153170, ,12.27, ,61.10, ,87.9, 
2006/6/14,15:00,0.0, ,153010, ,13.21, ,61.20, ,87.7, 
2006/6/14,16:00,0.0, ,152850, ,12.61, ,61.30, ,87.6, 
2006/6/14,17:00,0.0, ,152650, ,14.18, ,61.00, ,87.5, 
2006/6/14,18:00,0.0, ,152490, ,13.49, ,61.20, ,87.4, 
2006/6/14,19:00,0.0, ,152330, ,13.03, ,61.60, ,87.3, 
2006/6/14,20:00,0.0, ,152230, ,13.18, ,39.40, ,87.2, 
2006/6/14,21:00,0.0, ,152180, ,11.54, ,21.30, ,87.2, 
2006/6/14,22:00,0.0, ,152180, ,14.21, ,18.90, ,87.2, 
2006/6/14,23:00,0.0, ,152120, ,7.91, ,19.20, ,87.1, 
2006/6/14,24:00,0.6, ,152070, ,9.12, ,19.10, ,87.1, 
2006/6/15,01:00,2.0, ,152020, ,4.47, ,18.80, ,87.1, 
2006/6/15,02:00,5.5, ,152020, ,11.27, ,19.00, ,87.1, 
2006/6/15,03:00,5.0, ,152020, ,13.18, ,19.00, ,87.1, 
2006/6/15,04:00,7.2, ,151970, ,10.79, ,18.90, ,87.0, 
2006/6/15,05:00,8.4, ,151970, ,17.28, ,19.00, ,87.0, 
2006/6/15,06:00,12.6, ,152020, ,22.55, ,18.90, ,87.1, 
2006/6/15,07:00,11.6, ,152120, ,36.06, ,18.90, ,87.1, 
2006/6/15,08:00,15.9, ,152380, ,70.79, ,19.10, ,87.3, 
2006/6/15,09:00,13.8, ,153170, ,166.63, ,0.00, ,87.9, 
2006/6/15,10:00,0.0, ,0,$,0.00,$,0.00,$,0.0,$
2006/6/15,11:00,12.0, ,156270, ,436.40, ,0.00, ,90.0, 
2006/6/15,12:00,15.8, ,158180, ,523.51, ,0.00, ,91.3, 
2006/6/15,13:00,13.6, ,160320, ,545.97, ,0.00, ,92.7, 
2006/6/15,14:00,13.0, ,162690, ,638.07, ,0.00, ,94.3, 
2006/6/15,15:00,15.4, ,165300, ,687.29, ,0.00, ,96.1, 
2006/6/15,16:00,2.2, ,168200, ,767.52, ,5.20, ,98.1, 
2006/6/15,17:00,0.1, ,170750, ,786.41, ,29.30, ,99.8, 
2006/6/15,18:00,0.0, ,172760, ,682.69, ,58.20, ,100.0, 
2006/6/15,19:00,0.0, ,174220, ,531.88, ,55.00, ,100.0, 
2006/6/15,20:00,0.0, ,175460, ,423.63, ,57.80, ,100.0, 
2006/6/15,21:00,0.0, ,176480, ,368.89, ,57.40, ,100.0, 
2006/6/15,22:00,0.0, ,177330, ,318.40, ,57.20, ,100.0, 
2006/6/15,23:00,0.0, ,178060, ,277.33, ,57.20, ,100.0, 
2006/6/15,24:00,0.0, ,178690, ,244.21, ,57.30, ,100.0, 
2006/6/16,01:00,0.0, ,179260, ,222.43, ,57.60, ,100.0, 
2006/6/16,02:00,0.0, ,179780, ,202.84, ,57.10, ,100.0, 
2006/6/16,03:00,0.0, ,180180, ,189.22, ,57.30, ,100.0, 
2006/6/16,04:00,0.0, ,180640, ,176.84, ,56.70, ,100.0, 
2006/6/16,05:00,0.0, ,180980, ,164.48, ,57.00, ,100.0, 
2006/6/16,06:00,0.0, ,181320, ,156.91, ,57.00, ,100.0, 
2006/6/16,07:00,0.0, ,181670, ,150.33, ,57.00, ,100.0, 
2006/6/16,08:00,0.0, ,181960, ,139.72, ,57.00, ,100.0, 
2006/6/16,09:00,0.0, ,182190, ,131.24, ,57.60, ,100.0, 
2006/6/16,10:00,0.0, ,182420, ,125.13, ,57.50, ,100.0, 
2006/6/16,11:00,0.0, ,182650, ,116.30, ,57.40, ,100.0, 
2006/6/16,12:00,0.0, ,182820, ,116.01, ,57.00, ,100.0, 
2006/6/16,13:00,0.0, ,183050, ,109.35, ,57.10, ,100.0, 
2006/6/16,14:00,0.0, ,183170, ,106.15, ,57.10, ,100.0, 
2006/6/16,15:00,0.0, ,183340, ,100.82, ,57.10, ,100.0, 
2006/6/16,16:00,0.0, ,183460, ,92.81, ,57.10, ,100.0, 
2006/6/16,17:00,0.0, ,183580, ,93.37, ,57.30, ,100.0, 
2006/6/16,18:00,0.0, ,183690, ,84.48, ,57.10, ,100.0, 
2006/6/16,19:00,0.0, ,183750, ,84.74, ,57.00, ,100.0, 
2006/6/16,20:00,0.0, ,183870, ,85.83, ,57.10, ,100.0, 
2006/6/16,21:00,0.0, ,183920, ,77.76, ,57.20, ,100.0, 
2006/6/16,22:00,0.0, ,184040, ,80.20, ,57.10, ,100.0, 
2006/6/16,23:00,0.0, ,184100, ,77.72, ,57.30, ,100.0, 
2006/6/16,24:00,0.0, ,184160, ,71.26, ,57.10, ,100.0, 
2006/6/17,01:00,0.0, ,184160, ,69.88, ,57.00, ,100.0, 
2006/6/17,02:00,0.0, ,184210, ,66.91, ,57.00, ,100.0, 
2006/6/17,03:00,0.0, ,184210, ,63.13, ,57.00, ,100.0, 
2006/6/17,04:00,0.0, ,184270, ,66.84, ,57.10, ,100.0, 
2006/6/17,05:00,0.0, ,184270, ,63.22, ,57.00, ,100.0, 
2006/6/17,06:00,0.0, ,184270, ,57.01, ,56.80, ,100.0, 
2006/6/17,07:00,0.0, ,184270, ,57.03, ,56.90, ,100.0, 
2006/6/17,08:00,0.2, ,184270, ,57.01, ,56.70, ,100.0, 
2006/6/17,09:00,0.1, ,184270, ,56.92, ,56.90, ,100.0, 
2006/6/17,10:00,1.0, ,184270, ,57.00, ,56.70, ,100.0, 
2006/6/17,11:00,0.0, ,184270, ,56.97, ,57.00, ,100.0, 
2006/6/17,12:00,2.6, ,184270, ,57.02, ,57.20, ,100.0, 
2006/6/17,13:00,4.8, ,184330, ,71.34, ,57.00, ,100.0, 
2006/6/17,14:00,1.0, ,184390, ,59.42, ,57.20, ,100.0, 
2006/6/17,15:00,1.0, ,184390, ,72.60, ,57.20, ,100.0, 
2006/6/17,16:00,0.0, ,184390, ,56.98, ,57.30, ,100.0, 
2006/6/17,17:00,0.0, ,184450, ,66.39, ,57.00, ,100.0, 
2006/6/17,18:00,0.0, ,184450, ,63.70, ,56.80, ,100.0, 
2006/6/17,19:00,0.0, ,184450, ,56.95, ,57.00, ,100.0, 
2006/6/17,20:00,0.1, ,184450, ,56.97, ,57.00, ,100.0, 
2006/6/17,21:00,0.0, ,184450, ,56.98, ,57.00, ,100.0, 
2006/6/17,22:00,0.1, ,184450, ,56.97, ,56.90, ,100.0, 
2006/6/17,23:00,0.0, ,184450, ,56.96, ,57.00, ,100.0, 
2006/6/17,24:00,0.2, ,184450, ,57.00, ,57.00, ,100.0, 
2006/6/18,01:00,0.3, ,184450, ,56.96, ,56.70, ,100.0, 
2006/6/18,02:00,0.5, ,184390, ,41.07, ,57.10, ,100.0, 
2006/6/18,03:00,0.2, ,184330, ,46.20, ,56.90, ,100.0, 
2006/6/18,04:00,0.5, ,184270, ,44.86, ,57.00, ,100.0, 
2006/6/18,05:00,0.0, ,184210, ,45.92, ,56.80, ,100.0, 
2006/6/18,06:00,0.0, ,184210, ,42.23, ,56.60, ,100.0, 
2006/6/18,07:00,0.0, ,184160, ,42.51, ,57.30, ,100.0, 
2006/6/18,08:00,0.0, ,184100, ,41.71, ,57.00, ,100.0, 
2006/6/18,09:00,0.0, ,184040, ,39.52, ,56.80, ,100.0, 
2006/6/18,10:00,0.0, ,183980, ,42.23, ,56.90, ,100.0, 
2006/6/18,11:00,0.0, ,183920, ,38.46, ,57.10, ,100.0, 
2006/6/18,12:00,0.0, ,183810, ,38.47, ,56.80, ,100.0, 
2006/6/18,13:00,0.0, ,183750, ,35.77, ,57.00, ,100.0, 
2006/6/18,14:00,0.0, ,183690, ,41.72, ,56.80, ,100.0, 
2006/6/18,15:00,0.0, ,183630, ,37.45, ,57.10, ,100.0, 
2006/6/18,16:00,0.0, ,183580, ,38.31, ,57.10, ,100.0, 
2006/6/18,17:00,0.0, ,183460, ,35.60, ,56.90, ,100.0, 
2006/6/18,18:00,0.0, ,183400, ,36.15, ,57.00, ,100.0, 
2006/6/18,19:00,0.0, ,183340, ,40.74, ,57.10, ,100.0, 
2006/6/18,20:00,0.0, ,183230, ,35.84, ,56.90, ,100.0, 
2006/6/18,21:00,0.0, ,183170, ,33.72, ,57.20, ,100.0, 
2006/6/18,22:00,0.0, ,183110, ,36.78, ,57.00, ,100.0, 
2006/6/18,23:00,0.0, ,183000, ,35.22, ,57.50, ,100.0, 
2006/6/18,24:00,0.0, ,182940, ,33.57, ,57.30, ,100.0, 
2006/6/19,01:00,0.0, ,182880, ,36.03, ,57.60, ,100.0, 
2006/6/19,02:00,0.0, ,182770, ,31.24, ,57.50, ,99.9, 
2006/6/19,03:00,0.0, ,182650, ,34.03, ,57.90, ,99.8, 
2006/6/19,04:00,0.0, ,182590, ,30.82, ,57.00, ,99.8, 
2006/6/19,05:00,0.0, ,182480, ,34.80, ,57.50, ,99.7, 
2006/6/19,06:00,0.0, ,182420, ,30.86, ,57.50, ,99.6, 
2006/6/19,07:00,0.0, ,182300, ,34.34, ,57.30, ,99.6, 
2006/6/19,08:00,0.0, ,182250, ,31.66, ,57.40, ,99.5, 
2006/6/19,09:00,0.0, ,182130, ,29.27, ,57.50, ,99.4, 
2006/6/19,10:00,0.0, ,182020, ,31.46, ,57.50, ,99.4, 
2006/6/19,11:00,0.0, ,181960, ,31.50, ,57.90, ,99.3, 
2006/6/19,12:00,0.0, ,181840, ,32.04, ,57.30, ,99.3, 
2006/6/19,13:00,0.0, ,181730, ,31.75, ,57.40, ,99.2, 
2006/6/19,14:00,0.0, ,181670, ,29.87, ,57.70, ,99.1, 
2006/6/19,15:00,0.0, ,181550, ,27.54, ,57.70, ,99.1, 
2006/6/19,16:00,0.0, ,181440, ,28.66, ,57.70, ,99.0, 
2006/6/19,17:00,0.0, ,181320, ,31.55, ,58.00, ,98.9, 
2006/6/19,18:00,0.0, ,181270, ,31.37, ,58.00, ,98.9, 
2006/6/19,19:00,0.0, ,181150, ,30.34, ,57.80, ,98.8, 
2006/6/19,20:00,0.0, ,181040, ,23.10, ,57.50, ,98.7, 
2006/6/19,21:00,0.0, ,180920, ,29.25, ,57.60, ,98.6, 
2006/6/19,22:00,0.0, ,180810, ,30.68, ,57.70, ,98.6, 
2006/6/19,23:00,0.0, ,180690, ,27.24, ,57.70, ,98.5, 
2006/6/19,24:00,0.0, ,180580, ,25.28, ,36.90, ,100.0, 
2006/6/20,01:00,0.0, ,180580, ,24.70, ,30.40, ,100.0, 
2006/6/20,02:00,0.0, ,180580, ,30.37, ,30.50, ,100.0, 
2006/6/20,03:00,0.0, ,180460, ,27.16, ,56.90, ,99.9, 
2006/6/20,04:00,0.0, ,180350, ,27.54, ,57.80, ,99.8, 
2006/6/20,05:00,0.0, ,180230, ,30.23, ,58.00, ,99.8, 
2006/6/20,06:00,0.0, ,180120, ,22.64, ,57.70, ,99.7, 
2006/6/20,07:00,0.0, ,180000, ,29.88, ,58.10, ,99.6, 
2006/6/20,08:00,0.0, ,179890, ,25.82, ,58.00, ,99.5, 
2006/6/20,09:00,0.0, ,179780, ,25.84, ,58.30, ,99.5, 
2006/6/20,10:00,0.0, ,179660, ,27.57, ,58.30, ,99.4, 
2006/6/20,11:00,0.0, ,179600, ,26.72, ,58.20, ,99.3, 
2006/6/20,12:00,0.0, ,179490, ,29.13, ,58.20, ,99.3, 
2006/6/20,13:00,0.0, ,179380, ,25.49, ,58.40, ,99.2, 
2006/6/20,14:00,0.0, ,179260, ,27.33, ,58.40, ,99.1, 
2006/6/20,15:00,0.0, ,179090, ,22.96, ,58.60, ,99.0, 
2006/6/20,16:00,0.0, ,178980, ,24.55, ,58.00, ,98.9, 
2006/6/20,17:00,0.0, ,178860, ,26.92, ,58.30, ,98.8, 
2006/6/20,18:00,0.0, ,178750, ,25.57, ,58.40, ,98.8, 
2006/6/20,19:00,0.0, ,178750, ,26.47, ,28.60, ,98.8, 
2006/6/20,20:00,0.0, ,178750, ,28.66, ,28.50, ,98.8, 
2006/6/20,21:00,0.0, ,178750, ,24.29, ,20.70, ,98.8, 
2006/6/20,22:00,0.0, ,178750, ,19.75, ,18.50, ,98.8, 
2006/6/20,23:00,0.0, ,178750, ,18.41, ,18.40, ,98.8, 
2006/6/20,24:00,0.0, ,178750, ,18.37, ,18.30, ,100.0, 
2006/6/21,01:00,0.0, ,178810, ,25.53, ,18.40, ,100.0, 
2006/6/21,02:00,0.0, ,178810, ,27.09, ,18.40, ,100.0, 
2006/6/21,03:00,0.0, ,178860, ,25.52, ,18.50, ,100.0, 
2006/6/21,04:00,0.0, ,178860, ,27.11, ,18.30, ,100.0, 
2006/6/21,05:00,0.0, ,178860, ,18.38, ,18.60, ,100.0, 
2006/6/21,06:00,0.0, ,178920, ,32.91, ,18.30, ,100.0, 
2006/6/21,07:00,0.0, ,178920, ,19.73, ,18.30, ,100.0, 
2006/6/21,08:00,0.0, ,178980, ,31.86, ,18.50, ,100.0, 
2006/6/21,09:00,0.0, ,178980, ,20.79, ,18.50, ,100.0, 
2006/6/21,10:00,0.0, ,178980, ,24.17, ,29.80, ,100.0, 
2006/6/21,11:00,0.0, ,178920, ,35.16, ,57.70, ,100.0, 
2006/6/21,12:00,0.0, ,178810, ,27.37, ,57.40, ,100.0, 
2006/6/21,13:00,0.0, ,178750, ,21.78, ,31.20, ,100.0, 
2006/6/21,14:00,0.0, ,178630, ,25.77, ,57.60, ,99.9, 
2006/6/21,15:00,0.0, ,178520, ,25.81, ,57.10, ,99.8, 
2006/6/21,16:00,0.0, ,178410, ,18.22, ,57.30, ,99.8, 
2006/6/21,17:00,0.0, ,178240, ,24.39, ,57.30, ,99.7, 
2006/6/21,18:00,0.0, ,178120, ,22.08, ,57.30, ,99.6, 
2006/6/21,19:00,0.0, ,178010, ,21.56, ,57.30, ,99.5, 
2006/6/21,20:00,0.0, ,177890, ,22.10, ,57.30, ,99.4, 
2006/6/21,21:00,0.0, ,177720, ,20.77, ,57.50, ,99.3, 
2006/6/21,22:00,0.0, ,177610, ,19.99, ,57.10, ,99.2, 
2006/6/21,23:00,0.0, ,177550, ,17.91, ,32.40, ,99.2, 
2006/6/21,24:00,0.0, ,177550, ,25.42, ,29.80, ,100.0, 
2006/6/22,01:00,0.0, ,177550, ,24.20, ,18.40, ,100.0, 
2006/6/22,02:00,0.0, ,177550, ,18.44, ,18.40, ,100.0, 
2006/6/22,03:00,0.0, ,177550, ,18.41, ,18.30, ,100.0, 
2006/6/22,04:00,0.0, ,177550, ,18.40, ,18.20, ,100.0, 
2006/6/22,05:00,0.0, ,177550, ,18.40, ,18.70, ,100.0, 
2006/6/22,06:00,0.1, ,177550, ,18.41, ,18.30, ,100.0, 
2006/6/22,07:00,0.3, ,177550, ,24.25, ,30.00, ,100.0, 
2006/6/22,08:00,0.0, ,177500, ,29.44, ,29.90, ,100.0, 
2006/6/22,09:00,0.0, ,177380, ,16.68, ,57.30, ,99.9, 
2006/6/22,10:00,0.0, ,177270, ,22.17, ,57.30, ,99.8, 
2006/6/22,11:00,0.0, ,177160, ,18.24, ,57.30, ,99.7, 
2006/6/22,12:00,0.0, ,176990, ,19.80, ,57.40, ,99.6, 
2006/6/22,13:00,0.4, ,176870, ,20.65, ,57.50, ,99.5, 
2006/6/22,14:00,0.7, ,176700, ,20.49, ,57.80, ,99.4, 
2006/6/22,15:00,1.1, ,176590, ,22.57, ,57.40, ,99.3, 
2006/6/22,16:00,1.9, ,176480, ,18.87, ,57.40, ,99.3, 
2006/6/22,17:00,1.5, ,176310, ,23.67, ,57.50, ,99.2, 
2006/6/22,18:00,1.3, ,176190, ,20.28, ,57.90, ,99.1, 
2006/6/22,19:00,9.1, ,176080, ,22.68, ,57.40, ,99.0, 
2006/6/22,20:00,7.9, ,176020, ,33.47, ,57.90, ,99.0, 
2006/6/22,21:00,3.6, ,175910, ,31.17, ,57.60, ,98.9, 
2006/6/22,22:00,2.7, ,175850, ,34.04, ,57.60, ,98.8, 
2006/6/22,23:00,4.4, ,175740, ,33.86, ,57.30, ,98.8, 
2006/6/22,24:00,2.9, ,175680, ,44.00, ,57.50, ,100.0, 
2006/6/23,01:00,4.9, ,175680, ,42.41, ,57.80, ,100.0, 
2006/6/23,02:00,6.1, ,175680, ,57.62, ,57.80, ,100.0, 
2006/6/23,03:00,11.3, ,175740, ,67.26, ,57.50, ,100.0, 
2006/6/23,04:00,9.2, ,175970, ,93.42, ,57.70, ,100.0, 
2006/6/23,05:00,6.8, ,176310, ,133.25, ,57.70, ,100.0, 
2006/6/23,06:00,10.1, ,176820, ,178.11, ,57.40, ,100.0, 
2006/6/23,07:00,5.9, ,177440, ,220.76, ,57.80, ,100.0, 
2006/6/23,08:00,3.4, ,178120, ,236.69, ,57.10, ,100.0, 
2006/6/23,09:00,3.6, ,178690, ,229.51, ,57.40, ,100.0, 
2006/6/23,10:00,2.1, ,179200, ,210.95, ,57.90, ,100.0, 
2006/6/23,11:00,0.2, ,179660, ,188.64, ,58.00, ,100.0, 
2006/6/23,12:00,0.1, ,180000, ,170.54, ,57.60, ,100.0, 
2006/6/23,13:00,0.1, ,180350, ,151.31, ,57.40, ,100.0, 
2006/6/23,14:00,0.2, ,180580, ,135.15, ,57.60, ,100.0, 
2006/6/23,15:00,0.9, ,180810, ,124.00, ,57.40, ,100.0, 
2006/6/23,16:00,1.8, ,181040, ,115.72, ,57.60, ,100.0, 
2006/6/23,17:00,0.9, ,181210, ,119.50, ,57.70, ,100.0, 
2006/6/23,18:00,0.1, ,181500, ,119.56, ,57.40, ,100.0, 
2006/6/23,19:00,0.0, ,181670, ,119.35, ,57.50, ,100.0, 
2006/6/23,20:00,0.0, ,181900, ,115.34, ,57.60, ,100.0, 
2006/6/23,21:00,0.0, ,182070, ,114.52, ,57.50, ,100.0, 
2006/6/23,22:00,0.0, ,182250, ,110.76, ,57.20, ,100.0, 
2006/6/23,23:00,0.0, ,182420, ,104.16, ,57.50, ,100.0, 
2006/6/23,24:00,0.0, ,182530, ,96.69, ,57.30, ,100.0, 
2006/6/24,01:00,0.0, ,182710, ,94.84, ,57.30, ,100.0, 
2006/6/24,02:00,0.0, ,182820, ,92.96, ,57.40, ,100.0, 
2006/6/24,03:00,0.0, ,182940, ,88.93, ,57.40, ,100.0, 
2006/6/24,04:00,0.0, ,183050, ,89.98, ,57.10, ,100.0, 
2006/6/24,05:00,0.0, ,183110, ,85.38, ,57.40, ,100.0, 
2006/6/24,06:00,0.0, ,183230, ,81.41, ,57.40, ,100.0, 
2006/6/24,07:00,0.0, ,183290, ,82.81, ,57.50, ,100.0, 
2006/6/24,08:00,0.0, ,183340, ,76.12, ,57.50, ,100.0, 
2006/6/24,09:00,0.0, ,183400, ,71.85, ,57.00, ,100.0, 
2006/6/24,10:00,0.0, ,183460, ,73.10, ,57.30, ,100.0, 
2006/6/24,11:00,0.0, ,183520, ,69.93, ,57.10, ,100.0, 
2006/6/24,12:00,0.0, ,183580, ,68.30, ,57.20, ,100.0, 
2006/6/24,13:00,0.0, ,183580, ,72.55, ,57.30, ,100.0, 
2006/6/24,14:00,0.0, ,183630, ,59.40, ,57.40, ,100.0, 
2006/6/24,15:00,0.0, ,183630, ,71.22, ,57.20, ,100.0, 
2006/6/24,16:00,0.0, ,183630, ,57.23, ,57.00, ,100.0, 
2006/6/24,17:00,0.0, ,183630, ,57.24, ,57.20, ,100.0, 
2006/6/24,18:00,0.0, ,183690, ,63.72, ,57.10, ,100.0, 
2006/6/24,19:00,0.0, ,183690, ,66.90, ,57.10, ,100.0, 
2006/6/24,20:00,0.0, ,183690, ,57.23, ,57.10, ,100.0, 
2006/6/24,21:00,0.0, ,183690, ,57.22, ,57.10, ,100.0, 
2006/6/24,22:00,0.0, ,183690, ,57.18, ,57.30, ,100.0, 
2006/6/24,23:00,0.0, ,183690, ,57.21, ,57.20, ,100.0, 
2006/6/24,24:00,0.0, ,183690, ,57.28, ,57.10, ,100.0, 
2006/6/25,01:00,0.0, ,183690, ,57.22, ,57.20, ,100.0, 
2006/6/25,02:00,0.0, ,183690, ,57.21, ,57.30, ,100.0, 
2006/6/25,03:00,0.6, ,183630, ,47.05, ,57.00, ,100.0, 
2006/6/25,04:00,1.5, ,183630, ,51.30, ,57.30, ,100.0, 
2006/6/25,05:00,1.4, ,183630, ,57.20, ,57.10, ,100.0, 
2006/6/25,06:00,1.8, ,183630, ,57.21, ,57.00, ,100.0, 
2006/6/25,07:00,3.8, ,183630, ,57.21, ,57.40, ,100.0, 
2006/6/25,08:00,4.1, ,183580, ,51.07, ,57.40, ,100.0, 
2006/6/25,09:00,8.4, ,183630, ,54.85, ,57.40, ,100.0, 
2006/6/25,10:00,4.5, ,183690, ,72.00, ,57.10, ,100.0, 
2006/6/25,11:00,2.1, ,183810, ,80.09, ,57.10, ,100.0, 
2006/6/25,12:00,1.1, ,183980, ,89.75, ,57.40, ,100.0, 
2006/6/25,13:00,1.3, ,184270, ,126.32, ,57.40, ,100.0, 
2006/6/25,14:00,0.5, ,184510, ,136.28, ,57.40, ,100.0, 
2006/6/25,15:00,0.8, ,184740, ,120.41, ,57.10, ,100.0, 
2006/6/25,16:00,0.1, ,184910, ,108.80, ,57.20, ,100.0, 
2006/6/25,17:00,0.3, ,185030, ,103.98, ,57.40, ,100.0, 
2006/6/25,18:00,1.1, ,185200, ,99.42, ,57.30, ,100.0, 
2006/6/25,19:00,1.1, ,185320, ,97.51, ,57.00, ,100.0, 
2006/6/25,20:00,0.3, ,185440, ,93.47, ,56.80, ,100.0, 
2006/6/25,21:00,1.3, ,185550, ,88.35, ,57.00, ,100.0, 
2006/6/25,22:00,1.9, ,185670, ,82.35, ,57.00, ,100.0, 
2006/6/25,23:00,0.3, ,185730, ,83.18, ,57.10, ,100.0, 
2006/6/25,24:00,0.4, ,185790, ,76.70, ,56.60, ,100.0, 
2006/6/26,01:00,0.8, ,185900, ,80.22, ,56.90, ,100.0, 
2006/6/26,02:00,0.0, ,185960, ,80.73, ,56.90, ,100.0, 
2006/6/26,03:00,0.5, ,186080, ,78.81, ,57.20, ,100.0, 
2006/6/26,04:00,4.6, ,186140, ,76.36, ,57.00, ,100.0, 
2006/6/26,05:00,3.8, ,186200, ,81.75, ,57.10, ,100.0, 
2006/6/26,06:00,3.0, ,186310, ,84.72, ,56.70, ,100.0, 
2006/6/26,07:00,0.8, ,186430, ,89.08, ,57.00, ,100.0, 
2006/6/26,08:00,1.1, ,186600, ,90.95, ,56.90, ,100.0, 
2006/6/26,09:00,1.8, ,186780, ,100.71, ,56.60, ,100.0, 
2006/6/26,10:00,0.2, ,186960, ,109.39, ,56.80, ,100.0, 
2006/6/26,11:00,0.3, ,187130, ,110.15, ,57.00, ,100.0, 
2006/6/26,12:00,0.8, ,187310, ,107.43, ,56.70, ,100.0, 
2006/6/26,13:00,0.6, ,187480, ,101.21, ,56.90, ,100.0, 
2006/6/26,14:00,2.4, ,187660, ,98.81, ,56.70, ,100.0, 
2006/6/26,15:00,3.1, ,187830, ,103.73, ,56.70, ,100.0, 
2006/6/26,16:00,0.2, ,187950, ,104.26, ,56.80, ,100.0, 
2006/6/26,17:00,0.1, ,188130, ,99.88, ,56.20, ,100.0, 
2006/6/26,18:00,0.0, ,188250, ,97.94, ,56.50, ,100.0, 
2006/6/26,19:00,0.0, ,188420, ,103.63, ,56.40, ,100.0, 
2006/6/26,20:00,0.1, ,188600, ,94.70, ,56.50, ,100.0, 
2006/6/26,21:00,0.1, ,188720, ,97.94, ,56.50, ,100.0, 
2006/6/26,22:00,0.0, ,188830, ,91.70, ,56.60, ,100.0, 
2006/6/26,23:00,0.0, ,188950, ,94.70, ,56.60, ,100.0, 
2006/6/26,24:00,0.0, ,189070, ,86.49, ,56.40, ,100.0, 
2006/6/27,01:00,0.0, ,189190, ,84.54, ,56.90, ,100.0, 
2006/6/27,02:00,0.0, ,189300, ,87.56, ,56.60, ,100.0, 
2006/6/27,03:00,1.0, ,189360, ,81.83, ,56.40, ,100.0, 
2006/6/27,04:00,0.5, ,189480, ,84.27, ,56.30, ,100.0, 
2006/6/27,05:00,0.1, ,189540, ,75.79, ,56.50, ,100.0, 
2006/6/27,06:00,0.0, ,189600, ,78.02, ,56.20, ,100.0, 
2006/6/27,07:00,0.0, ,189660, ,76.87, ,56.50, ,100.0, 
2006/6/27,08:00,0.0, ,189720, ,73.05, ,56.50, ,100.0, 
2006/6/27,09:00,0.0, ,189770, ,74.44, ,56.40, ,100.0, 
2006/6/27,10:00,0.0, ,189830, ,72.23, ,56.30, ,100.0, 
2006/6/27,11:00,0.0, ,189890, ,68.58, ,56.30, ,100.0, 
2006/6/27,12:00,0.0, ,189950, ,66.75, ,56.50, ,100.0, 
2006/6/27,13:00,0.0, ,189950, ,68.10, ,56.70, ,100.0, 
2006/6/27,14:00,0.0, ,190010, ,67.04, ,56.40, ,100.0, 
2006/6/27,15:00,0.0, ,190010, ,62.11, ,56.10, ,100.0, 
2006/6/27,16:00,0.0, ,190070, ,65.65, ,56.40, ,100.0, 
2006/6/27,17:00,0.0, ,190070, ,63.48, ,56.40, ,100.0, 
2006/6/27,18:00,0.0, ,190130, ,62.08, ,56.50, ,100.0, 
2006/6/27,19:00,0.0, ,190130, ,67.00, ,56.30, ,100.0, 
2006/6/27,20:00,0.0, ,190130, ,56.38, ,56.30, ,100.0, 
2006/6/27,21:00,0.0, ,190130, ,56.37, ,56.40, ,100.0, 
2006/6/27,22:00,0.0, ,190130, ,56.39, ,56.50, ,100.0, 
2006/6/27,23:00,0.0, ,190130, ,56.37, ,56.30, ,100.0, 
2006/6/27,24:00,0.0, ,190070, ,54.72, ,56.40, ,100.0, 
2006/6/28,01:00,0.0, ,190070, ,41.62, ,56.40, ,100.0, 
2006/6/28,02:00,0.0, ,190010, ,45.74, ,56.70, ,100.0, 
2006/6/28,03:00,0.0, ,190010, ,50.73, ,56.50, ,100.0, 
2006/6/28,04:00,0.0, ,189950, ,41.48, ,56.60, ,100.0, 
2006/6/28,05:00,0.0, ,189890, ,43.61, ,56.60, ,100.0, 
2006/6/28,06:00,0.0, ,189830, ,44.70, ,56.50, ,100.0, 
2006/6/28,07:00,0.0, ,189770, ,45.00, ,56.30, ,100.0, 
2006/6/28,08:00,0.0, ,189770, ,41.92, ,56.40, ,100.0, 
2006/6/28,09:00,0.0, ,189660, ,37.91, ,56.60, ,100.0, 
2006/6/28,10:00,0.0, ,189600, ,41.77, ,56.50, ,100.0, 
2006/6/28,11:00,0.0, ,189600, ,40.68, ,56.50, ,100.0, 
2006/6/28,12:00,0.0, ,189480, ,40.32, ,56.60, ,100.0, 
2006/6/28,13:00,0.0, ,189480, ,39.81, ,56.60, ,100.0, 
2006/6/28,14:00,0.0, ,189420, ,40.90, ,56.30, ,100.0, 
2006/6/28,15:00,0.0, ,189360, ,40.05, ,56.60, ,100.0, 
2006/6/28,16:00,0.0, ,189250, ,34.63, ,56.80, ,100.0, 
2006/6/28,17:00,0.0, ,189190, ,42.84, ,56.30, ,100.0, 
2006/6/28,18:00,0.0, ,189130, ,35.84, ,56.40, ,100.0, 
2006/6/28,19:00,0.0, ,189070, ,36.66, ,56.50, ,100.0, 
2006/6/28,20:00,0.0, ,189010, ,41.78, ,56.10, ,100.0, 
2006/6/28,21:00,0.0, ,188890, ,34.43, ,56.50, ,100.0, 
2006/6/28,22:00,0.0, ,188830, ,36.88, ,56.70, ,100.0, 
2006/6/28,23:00,0.0, ,188770, ,35.55, ,56.50, ,100.0, 
2006/6/28,24:00,0.0, ,188720, ,35.01, ,56.40, ,100.0, 
2006/6/29,01:00,0.0, ,188600, ,31.26, ,56.40, ,100.0, 
2006/6/29,02:00,0.0, ,188540, ,37.29, ,56.50, ,100.0, 
2006/6/29,03:00,0.0, ,188480, ,37.27, ,56.70, ,100.0, 
2006/6/29,04:00,0.0, ,188360, ,31.58, ,56.40, ,100.0, 
2006/6/29,05:00,0.0, ,188300, ,33.46, ,56.50, ,100.0, 
2006/6/29,06:00,0.0, ,188250, ,35.09, ,56.80, ,100.0, 
2006/6/29,07:00,0.0, ,188130, ,33.55, ,56.70, ,100.0, 
2006/6/29,08:00,0.0, ,188070, ,34.94, ,56.70, ,100.0, 
2006/6/29,09:00,0.0, ,187950, ,30.06, ,56.80, ,100.0, 
2006/6/29,10:00,0.0, ,187830, ,33.34, ,57.00, ,100.0, 
2006/6/29,11:00,0.0, ,187780, ,28.46, ,56.50, ,100.0, 
2006/6/29,12:00,0.0, ,187660, ,32.61, ,56.70, ,100.0, 
2006/6/29,13:00,0.0, ,187600, ,31.23, ,56.80, ,100.0, 
2006/6/29,14:00,0.0, ,187480, ,30.72, ,56.80, ,100.0, 
2006/6/29,15:00,0.0, ,187420, ,30.98, ,56.80, ,100.0, 
2006/6/29,16:00,0.0, ,187310, ,28.24, ,56.80, ,100.0, 
2006/6/29,17:00,0.0, ,187190, ,32.63, ,56.80, ,100.0, 
2006/6/29,18:00,0.0, ,187130, ,29.61, ,56.70, ,100.0, 
2006/6/29,19:00,0.0, ,187010, ,32.07, ,56.80, ,100.0, 
2006/6/29,20:00,0.0, ,186960, ,31.86, ,56.80, ,100.0, 
2006/6/29,21:00,0.0, ,186840, ,28.32, ,56.80, ,100.0, 
2006/6/29,22:00,0.0, ,186720, ,29.68, ,56.70, ,100.0, 
2006/6/29,23:00,0.0, ,186600, ,29.69, ,56.70, ,100.0, 
2006/6/29,24:00,0.0, ,186550, ,28.65, ,56.90, ,100.0, 
2006/6/30,01:00,0.0, ,186430, ,27.36, ,56.70, ,100.0, 
2006/6/30,02:00,0.0, ,186310, ,29.83, ,56.70, ,100.0, 
2006/6/30,03:00,0.0, ,186250, ,30.36, ,56.80, ,100.0, 
2006/6/30,04:00,0.0, ,186140, ,27.65, ,56.90, ,100.0, 
2006/6/30,05:00,0.0, ,186020, ,28.79, ,56.80, ,100.0, 
2006/6/30,06:00,0.0, ,185900, ,23.71, ,56.80, ,100.0, 
2006/6/30,07:00,0.0, ,185850, ,31.57, ,57.10, ,100.0, 
2006/6/30,08:00,0.0, ,185730, ,27.01, ,57.10, ,100.0, 
2006/6/30,09:00,0.0, ,185610, ,29.71, ,57.20, ,100.0, 
2006/6/30,10:00,0.3, ,185500, ,30.19, ,57.00, ,100.0, 
2006/6/30,11:00,0.9, ,185380, ,24.21, ,56.90, ,100.0, 
2006/6/30,12:00,0.9, ,185320, ,29.68, ,57.00, ,100.0, 
2006/6/30,13:00,0.0, ,185200, ,27.86, ,57.20, ,100.0, 
2006/6/30,14:00,0.2, ,185090, ,30.95, ,57.20, ,100.0, 
2006/6/30,15:00,0.0, ,184970, ,29.02, ,57.10, ,100.0, 
2006/6/30,16:00,0.0, ,184850, ,23.39, ,57.10, ,100.0, 
2006/6/30,17:00,0.0, ,184800, ,28.27, ,57.00, ,100.0, 
2006/6/30,18:00,0.0, ,184680, ,28.77, ,56.80, ,100.0, 
2006/6/30,19:00,0.0, ,184560, ,30.34, ,57.20, ,100.0, 
2006/6/30,20:00,0.0, ,184450, ,23.69, ,57.00, ,100.0, 
2006/6/30,21:00,0.0, ,184330, ,26.41, ,57.00, ,100.0, 
2006/6/30,22:00,0.1, ,184270, ,29.65, ,57.30, ,100.0, 
2006/6/30,23:00,0.1, ,184100, ,21.36, ,57.00, ,100.0, 
2006/6/30,24:00,0.0, ,183980, ,26.80, ,57.40, ,100.0, 
