îCà”ä˙ä‘É_ÉÄèîó åüçıåãâ 
êÖånñº,ãgñÏêÏ
âÕêÏñº,ãgñÏêÏ
äœë™èäñº,ëÅñæâYÉ_ÉÄÅiã@ç\Åj
äœë™èäãLçÜ,1368080700010
#
#îNåéì˙,éûçè,ó¨àÊïΩãœâJó ,ó¨àÊïΩãœâJó ëÆê´,íôêÖó ,íôêÖó ëÆê´,ó¨ì¸ó ,ó¨ì¸ó ëÆê´,ï˙ó¨ó ,ï˙ó¨ó ëÆê´,íôêÖó¶,íôêÖó¶ëÆê´
#ëÆê´Å@$:åáë™ -:ñ¢éÛêM
#
2014/3/1,01:00,0.0, ,130970, ,22.84, ,0.00, ,96.1, 
2014/3/1,02:00,0.0, ,131070, ,20.19, ,0.00, ,96.2, 
2014/3/1,03:00,0.0, ,131120, ,20.86, ,0.00, ,96.2, 
2014/3/1,04:00,0.0, ,131170, ,16.43, ,0.00, ,96.2, 
2014/3/1,05:00,0.0, ,131210, ,13.32, ,0.00, ,96.2, 
2014/3/1,06:00,0.0, ,131260, ,14.88, ,0.00, ,96.2, 
2014/3/1,07:00,0.0, ,131310, ,9.78, ,0.00, ,96.2, 
2014/3/1,08:00,0.0, ,131360, ,12.22, ,0.00, ,96.2, 
2014/3/1,09:00,0.0, ,131410, ,12.22, ,0.00, ,96.2, 
2014/3/1,10:00,0.0, ,131450, ,17.56, ,0.00, ,96.2, 
2014/3/1,11:00,0.0, ,131550, ,21.12, ,0.00, ,96.3, 
2014/3/1,12:00,0.0, ,131600, ,18.90, ,0.00, ,96.3, 
2014/3/1,13:00,0.0, ,131690, ,19.58, ,0.00, ,96.3, 
2014/3/1,14:00,0.7, ,131740, ,20.70, ,0.00, ,96.4, 
2014/3/1,15:00,1.0, ,131840, ,23.15, ,0.00, ,96.4, 
2014/3/1,16:00,0.3, ,131930, ,20.93, ,0.00, ,96.5, 
2014/3/1,17:00,0.0, ,131980, ,22.50, ,0.00, ,96.5, 
2014/3/1,18:00,0.0, ,132080, ,20.95, ,0.00, ,96.5, 
2014/3/1,19:00,0.0, ,132130, ,18.50, ,0.00, ,96.5, 
2014/3/1,20:00,0.4, ,132220, ,21.63, ,0.00, ,96.6, 
2014/3/1,21:00,0.8, ,132270, ,20.07, ,0.00, ,96.6, 
2014/3/1,22:00,1.6, ,132370, ,22.31, ,0.00, ,96.6, 
2014/3/1,23:00,1.1, ,132460, ,21.87, ,0.00, ,96.7, 
2014/3/1,24:00,1.7, ,132560, ,22.55, ,0.00, ,96.5, 
2014/3/2,01:00,1.9, ,132610, ,24.79, ,0.00, ,96.5, 
2014/3/2,02:00,1.5, ,132710, ,24.36, ,0.00, ,96.6, 
2014/3/2,03:00,1.2, ,132800, ,21.68, ,0.00, ,96.6, 
2014/3/2,04:00,0.5, ,132850, ,21.69, ,0.00, ,96.6, 
2014/3/2,05:00,0.0, ,132900, ,17.45, ,0.00, ,96.6, 
2014/3/2,06:00,0.0, ,133000, ,16.78, ,0.00, ,96.7, 
2014/3/2,07:00,0.0, ,133040, ,17.01, ,0.00, ,96.7, 
2014/3/2,08:00,0.0, ,133090, ,16.56, ,0.00, ,96.7, 
2014/3/2,09:00,0.0, ,133140, ,12.76, ,0.00, ,96.7, 
2014/3/2,10:00,0.0, ,133240, ,23.52, ,0.00, ,96.8, 
2014/3/2,11:00,0.0, ,133330, ,26.66, ,0.00, ,96.8, 
2014/3/2,12:00,0.0, ,133430, ,23.98, ,0.00, ,96.8, 
2014/3/2,13:00,0.0, ,133530, ,22.65, ,0.00, ,96.9, 
2014/3/2,14:00,0.0, ,133580, ,23.55, ,0.00, ,96.9, 
2014/3/2,15:00,0.0, ,133670, ,28.27, ,0.00, ,97.0, 
2014/3/2,16:00,0.0, ,133770, ,23.34, ,0.00, ,97.0, 
2014/3/2,17:00,0.0, ,133870, ,18.63, ,0.00, ,97.1, 
2014/3/2,18:00,0.0, ,133920, ,25.16, ,0.00, ,97.1, 
2014/3/2,19:00,0.0, ,134010, ,20.45, ,0.00, ,97.1, 
2014/3/2,20:00,0.0, ,134110, ,20.68, ,0.00, ,97.2, 
2014/3/2,21:00,0.0, ,134160, ,22.71, ,0.00, ,97.2, 
2014/3/2,22:00,0.0, ,134260, ,19.57, ,0.00, ,97.2, 
2014/3/2,23:00,0.0, ,134300, ,22.50, ,0.00, ,97.2, 
2014/3/2,24:00,0.0, ,134400, ,20.71, ,0.00, ,97.0, 
2014/3/3,01:00,0.0, ,134450, ,20.49, ,0.00, ,97.0, 
2014/3/3,02:00,0.0, ,134500, ,22.52, ,0.00, ,97.0, 
2014/3/3,03:00,0.0, ,134600, ,14.19, ,0.00, ,97.1, 
2014/3/3,04:00,0.0, ,134650, ,14.87, ,0.00, ,97.1, 
2014/3/3,05:00,0.0, ,134650, ,8.34, ,0.00, ,97.0, 
2014/3/3,06:00,0.0, ,134690, ,9.24, ,0.00, ,97.0, 
2014/3/3,07:00,0.0, ,134740, ,16.01, ,0.00, ,97.1, 
2014/3/3,08:00,0.0, ,134790, ,10.60, ,0.00, ,97.1, 
2014/3/3,09:00,0.0, ,134840, ,9.47, ,0.00, ,97.1, 
2014/3/3,10:00,0.0, ,134890, ,12.63, ,0.00, ,97.1, 
2014/3/3,11:00,0.0, ,134940, ,16.69, ,0.00, ,97.1, 
2014/3/3,12:00,0.0, ,135030, ,19.63, ,0.00, ,97.1, 
2014/3/3,13:00,0.0, ,135080, ,21.22, ,0.00, ,97.1, 
2014/3/3,14:00,0.0, ,135130, ,16.94, ,0.00, ,97.2, 
2014/3/3,15:00,0.0, ,135230, ,17.16, ,0.00, ,97.2, 
2014/3/3,16:00,0.0, ,135280, ,22.83, ,0.00, ,97.2, 
2014/3/3,17:00,0.0, ,135330, ,15.61, ,0.00, ,97.2, 
2014/3/3,18:00,0.0, ,135430, ,15.16, ,0.00, ,97.3, 
2014/3/3,19:00,0.0, ,135470, ,16.75, ,0.00, ,97.3, 
2014/3/3,20:00,0.0, ,135520, ,17.43, ,0.00, ,97.3, 
2014/3/3,21:00,0.0, ,135570, ,16.08, ,0.00, ,97.3, 
2014/3/3,22:00,0.0, ,135620, ,16.99, ,0.00, ,97.3, 
2014/3/3,23:00,0.0, ,135720, ,19.48, ,0.00, ,97.4, 
2014/3/3,24:00,0.0, ,135770, ,16.09, ,0.00, ,97.2, 
2014/3/4,01:00,0.0, ,135820, ,14.73, ,0.00, ,97.2, 
2014/3/4,02:00,0.0, ,135910, ,18.13, ,0.00, ,97.2, 
2014/3/4,03:00,0.0, ,135910, ,15.19, ,0.00, ,97.2, 
2014/3/4,04:00,0.0, ,135960, ,10.66, ,0.00, ,97.2, 
2014/3/4,05:00,0.0, ,136010, ,10.21, ,0.00, ,97.2, 
2014/3/4,06:00,0.0, ,136010, ,6.35, ,0.00, ,97.2, 
2014/3/4,07:00,0.0, ,136060, ,13.61, ,0.00, ,97.2, 
2014/3/4,08:00,0.0, ,136110, ,4.54, ,0.00, ,97.2, 
2014/3/4,09:00,0.0, ,136110, ,9.07, ,0.00, ,97.2, 
2014/3/4,10:00,0.0, ,136210, ,16.11, ,0.00, ,97.2, 
2014/3/4,11:00,0.0, ,136260, ,13.39, ,0.00, ,97.2, 
2014/3/4,12:00,0.0, ,136310, ,17.25, ,0.00, ,97.2, 
2014/3/4,13:00,0.0, ,136360, ,16.35, ,0.00, ,97.2, 
2014/3/4,14:00,0.0, ,136400, ,12.95, ,0.00, ,97.2, 
2014/3/4,15:00,0.0, ,136500, ,18.63, ,0.00, ,97.3, 
2014/3/4,16:00,0.0, ,136550, ,15.45, ,0.00, ,97.3, 
2014/3/4,17:00,0.0, ,136600, ,17.27, ,0.00, ,97.3, 
2014/3/4,18:00,0.0, ,136700, ,18.87, ,0.00, ,97.4, 
2014/3/4,19:00,0.1, ,136750, ,20.46, ,0.00, ,97.4, 
2014/3/4,20:00,0.0, ,136800, ,14.10, ,0.00, ,97.4, 
2014/3/4,21:00,2.3, ,136850, ,17.52, ,0.00, ,97.4, 
2014/3/4,22:00,0.6, ,136950, ,22.30, ,0.00, ,97.4, 
2014/3/4,23:00,1.7, ,136990, ,18.21, ,0.00, ,97.4, 
2014/3/4,24:00,1.6, ,137040, ,12.98, ,0.00, ,97.3, 
2014/3/5,01:00,2.1, ,137140, ,22.54, ,0.00, ,97.4, 
2014/3/5,02:00,1.6, ,137190, ,18.22, ,0.00, ,97.4, 
2014/3/5,03:00,2.4, ,137290, ,18.45, ,0.00, ,97.4, 
2014/3/5,04:00,2.2, ,137290, ,16.40, ,0.00, ,97.4, 
2014/3/5,05:00,1.3, ,137390, ,14.13, ,0.00, ,97.4, 
2014/3/5,06:00,0.5, ,137390, ,13.22, ,0.00, ,97.4, 
2014/3/5,07:00,1.6, ,137440, ,13.00, ,0.00, ,97.4, 
2014/3/5,08:00,0.3, ,137490, ,9.80, ,0.00, ,97.4, 
2014/3/5,09:00,0.0, ,137540, ,11.41, ,0.00, ,97.4, 
2014/3/5,10:00,0.0, ,137630, ,21.90, ,0.00, ,97.5, 
2014/3/5,11:00,0.3, ,137730, ,22.82, ,0.00, ,97.5, 
2014/3/5,12:00,0.2, ,137780, ,25.36, ,0.00, ,97.5, 
2014/3/5,13:00,0.0, ,137880, ,22.86, ,0.00, ,97.6, 
2014/3/5,14:00,0.2, ,137980, ,21.48, ,1.00, ,97.6, 
2014/3/5,15:00,0.1, ,137980, ,19.18, ,31.30, ,97.6, 
2014/3/5,16:00,0.1, ,137880, ,20.78, ,47.30, ,97.5, 
2014/3/5,17:00,0.0, ,137730, ,20.79, ,62.40, ,97.3, 
2014/3/5,18:00,0.0, ,137780, ,26.62, ,0.00, ,97.3, 
2014/3/5,19:00,0.0, ,137930, ,21.47, ,0.00, ,97.4, 
2014/3/5,20:00,0.0, ,137930, ,18.96, ,0.00, ,97.4, 
2014/3/5,21:00,0.0, ,138080, ,18.05, ,0.00, ,97.5, 
2014/3/5,22:00,0.0, ,138080, ,19.19, ,0.00, ,97.4, 
2014/3/5,23:00,0.0, ,138180, ,24.23, ,0.00, ,97.5, 
2014/3/5,24:00,0.0, ,138230, ,14.86, ,0.00, ,97.7, 
2014/3/6,01:00,0.0, ,138330, ,16.69, ,0.00, ,97.8, 
2014/3/6,02:00,0.0, ,138330, ,13.96, ,0.00, ,97.7, 
2014/3/6,03:00,0.0, ,138420, ,13.27, ,0.00, ,97.8, 
2014/3/6,04:00,0.0, ,138420, ,11.44, ,0.00, ,97.7, 
2014/3/6,05:00,0.0, ,138470, ,9.38, ,0.00, ,97.8, 
2014/3/6,06:00,0.0, ,138470, ,8.01, ,0.00, ,97.7, 
2014/3/6,07:00,0.0, ,138520, ,5.27, ,0.00, ,97.7, 
2014/3/6,08:00,0.0, ,138520, ,11.25, ,12.30, ,97.7, 
2014/3/6,09:00,0.0, ,138520, ,8.93, ,15.20, ,97.7, 
2014/3/6,10:00,0.0, ,138520, ,14.71, ,14.50, ,97.6, 
2014/3/6,11:00,0.0, ,138520, ,14.29, ,14.40, ,97.6, 
2014/3/6,12:00,0.0, ,138520, ,14.27, ,13.60, ,97.6, 
2014/3/6,13:00,0.0, ,138520, ,12.81, ,11.70, ,97.5, 
2014/3/6,14:00,0.0, ,138520, ,12.02, ,13.40, ,97.5, 
2014/3/6,15:00,0.0, ,138520, ,13.30, ,14.10, ,97.5, 
2014/3/6,16:00,0.0, ,138520, ,13.54, ,13.90, ,97.4, 
2014/3/6,17:00,0.0, ,138520, ,13.82, ,12.70, ,97.4, 
2014/3/6,18:00,0.0, ,138520, ,12.62, ,11.60, ,97.4, 
2014/3/6,19:00,0.0, ,138520, ,11.63, ,11.70, ,97.3, 
2014/3/6,20:00,0.0, ,138520, ,11.65, ,11.20, ,97.3, 
2014/3/6,21:00,0.0, ,138570, ,11.52, ,10.20, ,97.3, 
2014/3/6,22:00,0.0, ,138570, ,23.53, ,9.50, ,97.3, 
2014/3/6,23:00,0.0, ,138570, ,9.32, ,8.60, ,97.2, 
2014/3/6,24:00,0.0, ,138570, ,8.82, ,9.20, ,97.7, 
2014/3/7,01:00,0.0, ,138570, ,9.39, ,10.10, ,97.6, 
2014/3/7,02:00,0.0, ,138570, ,10.13, ,11.00, ,97.6, 
2014/3/7,03:00,0.0, ,138570, ,11.06, ,12.10, ,97.6, 
2014/3/7,04:00,0.0, ,138570, ,12.11, ,12.80, ,97.5, 
2014/3/7,05:00,0.0, ,138570, ,12.80, ,12.70, ,97.5, 
2014/3/7,06:00,0.0, ,138520, ,5.14, ,12.10, ,97.4, 
2014/3/7,07:00,0.0, ,138470, ,5.62, ,10.70, ,97.3, 
2014/3/7,08:00,0.0, ,138470, ,1.48, ,12.70, ,97.3, 
2014/3/7,09:00,0.0, ,138420, ,8.54, ,13.80, ,97.2, 
2014/3/7,10:00,0.0, ,138420, ,4.54, ,13.80, ,97.2, 
2014/3/7,11:00,0.0, ,138420, ,13.69, ,13.80, ,97.2, 
2014/3/7,12:00,0.0, ,138420, ,13.69, ,13.00, ,97.1, 
2014/3/7,13:00,0.0, ,138420, ,12.15, ,11.20, ,97.1, 
2014/3/7,14:00,0.0, ,138420, ,11.57, ,13.00, ,97.1, 
2014/3/7,15:00,0.0, ,138420, ,12.63, ,12.80, ,97.0, 
2014/3/7,16:00,0.0, ,138420, ,12.51, ,13.20, ,97.0, 
2014/3/7,17:00,0.0, ,138420, ,13.04, ,12.40, ,97.0, 
2014/3/7,18:00,0.0, ,138420, ,12.59, ,12.70, ,96.9, 
2014/3/7,19:00,0.0, ,138420, ,12.48, ,12.10, ,96.9, 
2014/3/7,20:00,0.0, ,138420, ,11.82, ,11.00, ,96.9, 
2014/3/7,21:00,0.0, ,138420, ,10.91, ,10.30, ,96.8, 
2014/3/7,22:00,0.0, ,138420, ,10.19, ,9.30, ,96.8, 
2014/3/7,23:00,0.0, ,138470, ,14.20, ,8.50, ,96.8, 
2014/3/7,24:00,0.0, ,138470, ,17.84, ,9.50, ,97.5, 
2014/3/8,01:00,0.0, ,138470, ,9.49, ,10.10, ,97.5, 
2014/3/8,02:00,0.0, ,138470, ,10.11, ,11.20, ,97.4, 
2014/3/8,03:00,0.0, ,138470, ,11.06, ,11.90, ,97.4, 
2014/3/8,04:00,0.0, ,138420, ,8.69, ,12.70, ,97.3, 
2014/3/8,05:00,0.0, ,138420, ,3.37, ,12.30, ,97.3, 
2014/3/8,06:00,0.0, ,138370, ,7.07, ,11.50, ,97.2, 
2014/3/8,07:00,0.0, ,138370, ,4.87, ,10.00, ,97.2, 
2014/3/8,08:00,0.0, ,138330, ,2.34, ,10.80, ,97.1, 
2014/3/8,09:00,0.0, ,138330, ,8.52, ,11.00, ,97.1, 
2014/3/8,10:00,0.0, ,138280, ,3.30, ,31.70, ,97.0, 
2014/3/8,11:00,0.0, ,138180, ,19.38, ,47.20, ,96.9, 
2014/3/8,12:00,0.0, ,138030, ,16.50, ,62.10, ,96.7, 
2014/3/8,13:00,0.0, ,137980, ,9.63, ,9.50, ,96.7, 
2014/3/8,14:00,0.0, ,137980, ,5.70, ,9.50, ,96.6, 
2014/3/8,15:00,0.0, ,137980, ,9.36, ,0.00, ,96.6, 
2014/3/8,16:00,0.0, ,138030, ,12.13, ,3.20, ,96.6, 
2014/3/8,17:00,0.0, ,138030, ,19.04, ,31.60, ,96.6, 
2014/3/8,18:00,0.0, ,137880, ,23.44, ,62.30, ,96.4, 
2014/3/8,19:00,0.0, ,137680, ,16.73, ,63.10, ,96.2, 
2014/3/8,20:00,0.0, ,137540, ,16.22, ,53.50, ,96.1, 
2014/3/8,21:00,0.0, ,137540, ,9.46, ,0.00, ,96.0, 
2014/3/8,22:00,0.0, ,137590, ,7.99, ,0.00, ,96.1, 
2014/3/8,23:00,0.0, ,137630, ,12.78, ,0.00, ,96.1, 
2014/3/8,24:00,0.0, ,137680, ,17.11, ,0.00, ,97.4, 
2014/3/9,01:00,0.0, ,137730, ,11.87, ,0.00, ,97.4, 
2014/3/9,02:00,0.0, ,137780, ,17.12, ,0.00, ,97.4, 
2014/3/9,03:00,0.0, ,137830, ,10.96, ,0.00, ,97.4, 
2014/3/9,04:00,0.0, ,137880, ,7.31, ,0.00, ,97.4, 
2014/3/9,05:00,0.0, ,137880, ,10.73, ,0.00, ,97.4, 
2014/3/9,06:00,0.0, ,137880, ,0.00, ,0.00, ,97.3, 
2014/3/9,07:00,0.0, ,137930, ,9.83, ,0.00, ,97.4, 
2014/3/9,08:00,0.0, ,137930, ,3.88, ,0.00, ,97.3, 
2014/3/9,09:00,0.0, ,137980, ,7.54, ,0.00, ,97.3, 
2014/3/9,10:00,0.0, ,138030, ,12.34, ,0.00, ,97.3, 
2014/3/9,11:00,0.0, ,138080, ,12.57, ,0.00, ,97.3, 
2014/3/9,12:00,0.0, ,138130, ,15.77, ,0.00, ,97.4, 
2014/3/9,13:00,0.0, ,138180, ,13.03, ,0.00, ,97.4, 
2014/3/9,14:00,0.0, ,138230, ,16.24, ,0.00, ,97.4, 
2014/3/9,15:00,0.0, ,138330, ,14.18, ,0.00, ,97.4, 
2014/3/9,16:00,0.0, ,138330, ,18.07, ,0.00, ,97.4, 
2014/3/9,17:00,0.0, ,138370, ,12.59, ,2.70, ,97.4, 
2014/3/9,18:00,0.0, ,138370, ,16.03, ,31.60, ,97.4, 
2014/3/9,19:00,0.0, ,138230, ,21.48, ,59.20, ,97.2, 
2014/3/9,20:00,0.0, ,138030, ,15.99, ,63.00, ,97.0, 
2014/3/9,21:00,0.0, ,137880, ,13.32, ,52.00, ,96.9, 
2014/3/9,22:00,0.0, ,137880, ,10.91, ,0.00, ,96.8, 
2014/3/9,23:00,0.0, ,137930, ,8.46, ,0.00, ,96.8, 
2014/3/9,24:00,0.1, ,137980, ,18.28, ,0.00, ,97.4, 
2014/3/10,01:00,0.2, ,138080, ,14.40, ,0.00, ,97.4, 
2014/3/10,02:00,0.1, ,138130, ,20.57, ,0.00, ,97.5, 
2014/3/10,03:00,0.3, ,138230, ,20.58, ,0.00, ,97.5, 
2014/3/10,04:00,0.3, ,138230, ,9.60, ,0.00, ,97.5, 
2014/3/10,05:00,0.0, ,138230, ,5.26, ,0.00, ,97.4, 
2014/3/10,06:00,0.1, ,138280, ,8.46, ,0.00, ,97.4, 
2014/3/10,07:00,0.0, ,138230, ,4.12, ,0.00, ,97.4, 
2014/3/10,08:00,0.1, ,138330, ,5.95, ,0.00, ,97.4, 
2014/3/10,09:00,0.0, ,138330, ,8.24, ,0.00, ,97.4, 
2014/3/10,10:00,0.0, ,138370, ,2.29, ,0.00, ,97.4, 
2014/3/10,11:00,0.0, ,138420, ,15.79, ,0.00, ,97.4, 
2014/3/10,12:00,0.5, ,138470, ,12.36, ,0.00, ,97.4, 
2014/3/10,13:00,0.4, ,138520, ,16.71, ,0.00, ,97.4, 
2014/3/10,14:00,0.1, ,138570, ,13.28, ,0.00, ,97.4, 
2014/3/10,15:00,0.1, ,138620, ,11.22, ,0.00, ,97.4, 
2014/3/10,16:00,0.0, ,138670, ,17.40, ,0.00, ,97.4, 
2014/3/10,17:00,0.0, ,138720, ,14.20, ,0.00, ,97.4, 
2014/3/10,18:00,0.0, ,138770, ,13.52, ,0.00, ,97.5, 
2014/3/10,19:00,0.0, ,138820, ,15.81, ,0.00, ,97.5, 
2014/3/10,20:00,0.0, ,138870, ,14.67, ,0.00, ,97.5, 
2014/3/10,21:00,0.0, ,138920, ,14.67, ,0.00, ,97.5, 
2014/3/10,22:00,0.0, ,138970, ,15.14, ,0.00, ,97.5, 
2014/3/10,23:00,0.0, ,139020, ,16.28, ,0.00, ,97.5, 
2014/3/10,24:00,0.0, ,139070, ,14.68, ,0.00, ,97.4, 
2014/3/11,01:00,0.0, ,139120, ,10.10, ,0.00, ,97.4, 
2014/3/11,02:00,0.0, ,139170, ,11.25, ,0.00, ,97.4, 
2014/3/11,03:00,0.0, ,139220, ,9.18, ,0.00, ,97.4, 
2014/3/11,04:00,0.0, ,139220, ,10.79, ,0.00, ,97.4, 
2014/3/11,05:00,0.0, ,139220, ,0.00, ,0.00, ,97.4, 
2014/3/11,06:00,0.0, ,139270, ,13.77, ,0.00, ,97.4, 
2014/3/11,07:00,0.0, ,139270, ,0.00, ,0.00, ,97.4, 
2014/3/11,08:00,0.0, ,139320, ,2.53, ,0.00, ,97.4, 
2014/3/11,09:00,0.0, ,139320, ,11.25, ,0.00, ,97.3, 
2014/3/11,10:00,0.1, ,139370, ,1.61, ,0.00, ,97.3, 
2014/3/11,11:00,0.5, ,139370, ,12.17, ,0.00, ,97.3, 
2014/3/11,12:00,0.8, ,139460, ,14.47, ,0.00, ,97.4, 
2014/3/11,13:00,0.9, ,139460, ,13.09, ,0.00, ,97.3, 
2014/3/11,14:00,0.8, ,139560, ,14.94, ,0.00, ,97.4, 
2014/3/11,15:00,0.5, ,139610, ,14.02, ,0.00, ,97.4, 
2014/3/11,16:00,0.1, ,139660, ,14.02, ,0.00, ,97.4, 
2014/3/11,17:00,0.0, ,139710, ,14.71, ,2.00, ,97.4, 
2014/3/11,18:00,0.0, ,139710, ,25.36, ,29.00, ,97.4, 
2014/3/11,19:00,0.1, ,139560, ,21.91, ,56.20, ,97.2, 
2014/3/11,20:00,0.0, ,139460, ,14.14, ,32.10, ,97.1, 
2014/3/11,21:00,0.0, ,139460, ,5.59, ,0.00, ,97.1, 
2014/3/11,22:00,0.0, ,139510, ,5.52, ,0.00, ,97.1, 
2014/3/11,23:00,0.0, ,139560, ,13.79, ,0.00, ,97.1, 
2014/3/11,24:00,0.0, ,139610, ,12.18, ,0.00, ,97.4, 
2014/3/12,01:00,0.0, ,139660, ,15.86, ,0.00, ,97.4, 
2014/3/12,02:00,0.0, ,139710, ,12.41, ,0.00, ,97.4, 
2014/3/12,03:00,0.0, ,139760, ,10.35, ,0.00, ,97.4, 
2014/3/12,04:00,0.0, ,139760, ,12.65, ,0.00, ,97.4, 
2014/3/12,05:00,0.0, ,139810, ,3.22, ,0.00, ,97.4, 
2014/3/12,06:00,0.0, ,139810, ,10.58, ,0.00, ,97.4, 
2014/3/12,07:00,0.0, ,139810, ,0.00, ,0.00, ,97.3, 
2014/3/12,08:00,0.0, ,139860, ,1.38, ,0.00, ,97.3, 
2014/3/12,09:00,0.0, ,139860, ,12.42, ,0.00, ,97.3, 
2014/3/12,10:00,0.2, ,139910, ,2.99, ,0.00, ,97.3, 
2014/3/12,11:00,0.8, ,139960, ,13.81, ,0.00, ,97.3, 
2014/3/12,12:00,0.5, ,140010, ,14.04, ,0.00, ,97.3, 
2014/3/12,13:00,0.3, ,140060, ,11.74, ,0.00, ,97.3, 
2014/3/12,14:00,0.1, ,140110, ,15.19, ,0.00, ,97.3, 
2014/3/12,15:00,0.0, ,140160, ,15.89, ,0.00, ,97.4, 
2014/3/12,16:00,0.0, ,140210, ,13.81, ,0.00, ,97.4, 
2014/3/12,17:00,0.0, ,140260, ,12.41, ,1.70, ,97.4, 
2014/3/12,18:00,0.1, ,140260, ,24.62, ,29.00, ,97.3, 
2014/3/12,19:00,0.0, ,140110, ,22.82, ,56.30, ,97.2, 
2014/3/12,20:00,0.0, ,140010, ,12.68, ,32.30, ,97.1, 
2014/3/12,21:00,0.0, ,140010, ,5.96, ,0.00, ,97.0, 
2014/3/12,22:00,0.0, ,140060, ,5.75, ,0.00, ,97.0, 
2014/3/12,23:00,0.0, ,140110, ,13.12, ,0.00, ,97.1, 
2014/3/12,24:00,0.3, ,140160, ,15.89, ,0.00, ,97.4, 
2014/3/13,01:00,1.8, ,140210, ,14.49, ,0.00, ,97.4, 
2014/3/13,02:00,3.6, ,140310, ,19.32, ,0.00, ,97.4, 
2014/3/13,03:00,4.1, ,140360, ,21.62, ,0.00, ,97.4, 
2014/3/13,04:00,3.9, ,140460, ,23.01, ,0.00, ,97.5, 
2014/3/13,05:00,4.7, ,140560, ,23.48, ,0.00, ,97.5, 
2014/3/13,06:00,5.5, ,140660, ,28.09, ,0.00, ,97.6, 
2014/3/13,07:00,5.1, ,140860, ,41.01, ,0.00, ,97.7, 
2014/3/13,08:00,7.6, ,141110, ,61.34, ,0.00, ,97.9, 
2014/3/13,09:00,7.1, ,141650, ,112.69, ,0.00, ,98.3, 
2014/3/13,10:00,8.6, ,142260, ,154.57, ,0.00, ,98.7, 
2014/3/13,11:00,10.2, ,143110, ,198.64, ,0.00, ,99.4, 
2014/3/13,12:00,14.0, ,144270, ,272.06, ,0.00, ,100.0, 
2014/3/13,13:00,11.7, ,145740, ,376.71, ,0.00, ,100.0, 
2014/3/13,14:00,0.6, ,147370, ,439.09, ,0.00, ,100.0, 
2014/3/13,15:00,0.4, ,148660, ,410.71, ,0.00, ,100.0, 
2014/3/13,16:00,0.3, ,149740, ,326.83, ,0.00, ,100.0, 
2014/3/13,17:00,0.3, ,150470, ,252.67, ,0.00, ,100.0, 
2014/3/13,18:00,0.2, ,151030, ,192.10, ,27.90, ,100.0, 
2014/3/13,19:00,0.0, ,151450, ,163.06, ,54.40, ,100.0, 
2014/3/13,20:00,0.1, ,151760, ,146.18, ,33.30, ,100.0, 
2014/3/13,21:00,0.1, ,152230, ,130.45, ,0.00, ,100.0, 
2014/3/13,22:00,0.1, ,152590, ,118.32, ,0.00, ,100.0, 
2014/3/13,23:00,0.0, ,152960, ,104.27, ,0.00, ,100.0, 
2014/3/13,24:00,0.2, ,153320, ,97.65, ,0.00, ,100.0, 
2014/3/14,01:00,0.0, ,153590, ,92.22, ,0.00, ,100.0, 
2014/3/14,02:00,0.1, ,153950, ,86.28, ,0.00, ,100.0, 
2014/3/14,03:00,0.0, ,154210, ,86.87, ,0.00, ,100.0, 
2014/3/14,04:00,0.0, ,154480, ,76.53, ,0.00, ,100.0, 
2014/3/14,05:00,0.1, ,154740, ,67.61, ,0.00, ,100.0, 
2014/3/14,06:00,0.0, ,154950, ,65.24, ,0.00, ,100.0, 
2014/3/14,07:00,0.0, ,155210, ,64.32, ,0.00, ,100.0, 
2014/3/14,08:00,0.0, ,155420, ,64.39, ,0.00, ,100.0, 
2014/3/14,09:00,0.0, ,155640, ,60.31, ,0.00, ,100.0, 
2014/3/14,10:00,0.0, ,155850, ,61.42, ,0.00, ,100.0, 
2014/3/14,11:00,0.0, ,156060, ,60.74, ,0.00, ,100.0, 
2014/3/14,12:00,0.5, ,156270, ,58.33, ,0.00, ,100.0, 
2014/3/14,13:00,0.0, ,156480, ,58.86, ,0.00, ,100.0, 
2014/3/14,14:00,0.2, ,156640, ,51.05, ,0.00, ,100.0, 
2014/3/14,15:00,0.0, ,156850, ,54.76, ,0.00, ,100.0, 
2014/3/14,16:00,0.0, ,157010, ,53.81, ,0.00, ,100.0, 
2014/3/14,17:00,0.0, ,157230, ,52.86, ,3.30, ,100.0, 
2014/3/14,18:00,0.0, ,157330, ,47.80, ,30.60, ,100.0, 
2014/3/14,19:00,0.0, ,157330, ,60.27, ,54.70, ,100.0, 
2014/3/14,20:00,0.1, ,157390, ,46.42, ,29.70, ,100.0, 
2014/3/14,21:00,0.0, ,157540, ,43.25, ,0.00, ,100.0, 
2014/3/14,22:00,0.1, ,157700, ,45.56, ,0.00, ,100.0, 
2014/3/14,23:00,0.0, ,157810, ,43.61, ,0.00, ,100.0, 
2014/3/14,24:00,0.0, ,157970, ,43.14, ,0.00, ,100.0, 
2014/3/15,01:00,0.0, ,158130, ,41.18, ,0.00, ,100.0, 
2014/3/15,02:00,0.0, ,158290, ,39.48, ,0.00, ,100.0, 
2014/3/15,03:00,0.0, ,158400, ,37.52, ,0.00, ,100.0, 
2014/3/15,04:00,0.0, ,158560, ,36.30, ,0.00, ,100.0, 
2014/3/15,05:00,0.0, ,158660, ,30.88, ,0.00, ,100.0, 
2014/3/15,06:00,0.0, ,158720, ,28.17, ,0.00, ,100.0, 
2014/3/15,07:00,0.0, ,158820, ,28.43, ,0.00, ,100.0, 
2014/3/15,08:00,0.0, ,158930, ,29.43, ,0.00, ,100.0, 
2014/3/15,09:00,0.0, ,159040, ,24.24, ,0.00, ,100.0, 
2014/3/15,10:00,0.0, ,159140, ,36.13, ,0.00, ,100.0, 
2014/3/15,11:00,0.8, ,159310, ,36.88, ,0.00, ,100.0, 
2014/3/15,12:00,0.0, ,159410, ,34.17, ,0.00, ,100.0, 
2014/3/15,13:00,0.1, ,159570, ,32.95, ,0.00, ,100.0, 
2014/3/15,14:00,0.0, ,159630, ,31.72, ,0.00, ,100.0, 
2014/3/15,15:00,0.3, ,159790, ,33.97, ,0.00, ,100.0, 
2014/3/15,16:00,0.0, ,159890, ,33.98, ,0.00, ,100.0, 
2014/3/15,17:00,0.1, ,160000, ,30.02, ,3.00, ,100.0, 
2014/3/15,18:00,0.0, ,160000, ,27.68, ,30.80, ,100.0, 
2014/3/15,19:00,0.0, ,160000, ,42.60, ,56.50, ,100.0, 
2014/3/15,20:00,0.0, ,159890, ,44.95, ,56.60, ,100.0, 
2014/3/15,21:00,0.0, ,159840, ,30.80, ,54.80, ,100.0, 
2014/3/15,22:00,0.0, ,159790, ,29.33, ,29.40, ,100.0, 
2014/3/15,23:00,0.0, ,159890, ,17.29, ,0.00, ,100.0, 
2014/3/15,24:00,0.0, ,160000, ,30.27, ,0.00, ,100.0, 
2014/3/16,01:00,0.0, ,160110, ,29.28, ,0.00, ,100.0, 
2014/3/16,02:00,0.0, ,160220, ,31.03, ,0.00, ,100.0, 
2014/3/16,03:00,0.0, ,160270, ,25.58, ,0.00, ,100.0, 
2014/3/16,04:00,0.0, ,160380, ,24.84, ,0.00, ,100.0, 
2014/3/16,05:00,0.0, ,160430, ,20.38, ,0.00, ,100.0, 
2014/3/16,06:00,0.0, ,160540, ,23.11, ,0.00, ,100.0, 
2014/3/16,07:00,0.0, ,160590, ,17.15, ,0.00, ,100.0, 
2014/3/16,08:00,0.0, ,160650, ,17.90, ,0.00, ,100.0, 
2014/3/16,09:00,0.0, ,160700, ,18.40, ,0.00, ,100.0, 
2014/3/16,10:00,0.4, ,160810, ,23.63, ,0.00, ,100.0, 
2014/3/16,11:00,0.3, ,160910, ,32.09, ,0.00, ,100.0, 
2014/3/16,12:00,0.3, ,161020, ,25.34, ,0.00, ,100.0, 
2014/3/16,13:00,0.1, ,161130, ,29.82, ,0.00, ,100.0, 
2014/3/16,14:00,0.1, ,161240, ,33.07, ,0.00, ,100.0, 
2014/3/16,15:00,0.1, ,161340, ,23.38, ,0.00, ,100.0, 
2014/3/16,16:00,0.0, ,161450, ,28.86, ,0.00, ,100.0, 
2014/3/16,17:00,0.0, ,161500, ,24.64, ,0.00, ,100.0, 
2014/3/16,18:00,0.0, ,161610, ,27.64, ,0.00, ,100.0, 
2014/3/16,19:00,0.0, ,161720, ,23.42, ,0.00, ,100.0, 
2014/3/16,20:00,0.0, ,161770, ,23.92, ,0.00, ,100.0, 
2014/3/16,21:00,0.0, ,161880, ,26.92, ,0.00, ,100.0, 
2014/3/16,22:00,0.1, ,161990, ,22.94, ,0.00, ,100.0, 
2014/3/16,23:00,0.0, ,162040, ,24.69, ,0.00, ,100.0, 
2014/3/16,24:00,0.0, ,162150, ,24.70, ,0.00, ,100.0, 
2014/3/17,01:00,0.0, ,162260, ,24.96, ,0.00, ,100.0, 
2014/3/17,02:00,0.0, ,162310, ,23.72, ,0.00, ,100.0, 
2014/3/17,03:00,0.0, ,162370, ,18.48, ,0.00, ,100.0, 
2014/3/17,04:00,0.0, ,162470, ,19.74, ,0.00, ,100.0, 
2014/3/17,05:00,0.0, ,162470, ,16.99, ,0.00, ,100.0, 
2014/3/17,06:00,0.0, ,162530, ,13.50, ,0.00, ,100.0, 
2014/3/17,07:00,0.0, ,162580, ,14.75, ,0.00, ,100.0, 
2014/3/17,08:00,0.0, ,162640, ,15.00, ,0.00, ,100.0, 
2014/3/17,09:00,0.0, ,162740, ,12.76, ,0.00, ,100.0, 
2014/3/17,10:00,0.0, ,162800, ,24.76, ,0.00, ,100.0, 
2014/3/17,11:00,0.0, ,162910, ,20.27, ,0.00, ,100.0, 
2014/3/17,12:00,0.0, ,162960, ,25.28, ,0.00, ,100.0, 
2014/3/17,13:00,0.0, ,163070, ,21.53, ,0.00, ,100.0, 
2014/3/17,14:00,0.0, ,163120, ,25.05, ,0.00, ,100.0, 
2014/3/17,15:00,0.0, ,163230, ,21.29, ,0.00, ,100.0, 
2014/3/17,16:00,0.0, ,163290, ,23.81, ,0.50, ,100.0, 
2014/3/17,17:00,0.0, ,163340, ,19.27, ,21.00, ,100.0, 
2014/3/17,18:00,0.0, ,163290, ,41.26, ,48.60, ,100.0, 
2014/3/17,19:00,0.0, ,163120, ,25.19, ,61.90, ,100.0, 
2014/3/17,20:00,0.0, ,163010, ,23.64, ,61.90, ,100.0, 
2014/3/17,21:00,0.0, ,162910, ,25.76, ,46.80, ,99.9, 
2014/3/17,22:00,0.0, ,162910, ,17.25, ,0.00, ,99.9, 
2014/3/17,23:00,0.0, ,162960, ,9.51, ,0.00, ,99.9, 
2014/3/17,24:00,0.0, ,163070, ,25.79, ,0.00, ,100.0, 
2014/3/18,01:00,0.0, ,163180, ,19.79, ,0.00, ,100.0, 
2014/3/18,02:00,0.0, ,163230, ,25.30, ,0.00, ,100.0, 
2014/3/18,03:00,0.0, ,163290, ,11.53, ,0.00, ,100.0, 
2014/3/18,04:00,0.0, ,163290, ,13.29, ,0.00, ,100.0, 
2014/3/18,05:00,0.0, ,163390, ,14.79, ,0.00, ,100.0, 
2014/3/18,06:00,0.0, ,163390, ,15.30, ,0.00, ,100.0, 
2014/3/18,07:00,0.0, ,163450, ,12.54, ,0.00, ,100.0, 
2014/3/18,08:00,0.0, ,163500, ,11.54, ,3.20, ,100.0, 
2014/3/18,09:00,0.1, ,163500, ,20.32, ,28.10, ,100.0, 
2014/3/18,10:00,1.4, ,163390, ,24.54, ,53.10, ,99.9, 
2014/3/18,11:00,0.1, ,163290, ,24.04, ,42.80, ,99.8, 
2014/3/18,12:00,0.5, ,163340, ,13.76, ,0.00, ,99.8, 
2014/3/18,13:00,0.8, ,163390, ,13.29, ,0.00, ,99.8, 
2014/3/18,14:00,0.3, ,163450, ,26.83, ,0.00, ,99.9, 
2014/3/18,15:00,0.1, ,163560, ,15.55, ,0.00, ,99.9, 
2014/3/18,16:00,0.0, ,163610, ,23.34, ,1.00, ,99.9, 
2014/3/18,17:00,0.1, ,163660, ,29.11, ,19.00, ,99.9, 
2014/3/18,18:00,0.0, ,163610, ,25.78, ,41.30, ,99.9, 
2014/3/18,19:00,0.0, ,163450, ,23.21, ,61.90, ,99.7, 
2014/3/18,20:00,0.0, ,163340, ,22.29, ,62.30, ,99.6, 
2014/3/18,21:00,0.0, ,163230, ,22.94, ,45.90, ,99.5, 
2014/3/18,22:00,0.0, ,163230, ,12.68, ,0.00, ,99.4, 
2014/3/18,23:00,0.0, ,163340, ,16.54, ,0.00, ,99.5, 
2014/3/18,24:00,0.0, ,163390, ,26.32, ,0.00, ,100.0, 
2014/3/19,01:00,0.0, ,163450, ,14.30, ,0.00, ,100.0, 
2014/3/19,02:00,0.0, ,163500, ,17.81, ,0.00, ,100.0, 
2014/3/19,03:00,0.0, ,163560, ,17.31, ,0.00, ,100.0, 
2014/3/19,04:00,0.0, ,163660, ,15.06, ,0.00, ,100.0, 
2014/3/19,05:00,0.0, ,163720, ,22.34, ,0.00, ,100.0, 
2014/3/19,06:00,0.0, ,163770, ,22.34, ,0.00, ,100.0, 
2014/3/19,07:00,0.0, ,163830, ,14.82, ,0.00, ,100.0, 
2014/3/19,08:00,0.0, ,163880, ,19.09, ,2.90, ,100.0, 
2014/3/19,09:00,0.0, ,163880, ,17.13, ,28.50, ,100.0, 
2014/3/19,10:00,0.0, ,163770, ,35.09, ,53.10, ,100.0, 
2014/3/19,11:00,0.0, ,163660, ,18.19, ,43.60, ,99.9, 
2014/3/19,12:00,0.0, ,163660, ,7.12, ,0.00, ,99.8, 
2014/3/19,13:00,0.0, ,163770, ,12.55, ,0.00, ,99.9, 
2014/3/19,14:00,0.0, ,163770, ,17.58, ,0.00, ,99.9, 
2014/3/19,15:00,0.0, ,163880, ,15.57, ,0.00, ,99.9, 
2014/3/19,16:00,0.0, ,163880, ,14.57, ,1.10, ,99.9, 
2014/3/19,17:00,0.0, ,163880, ,9.54, ,19.10, ,99.8, 
2014/3/19,18:00,0.0, ,163830, ,24.88, ,38.30, ,99.8, 
2014/3/19,19:00,0.0, ,163660, ,20.20, ,62.00, ,99.6, 
2014/3/19,20:00,0.5, ,163500, ,13.51, ,61.80, ,99.5, 
2014/3/19,21:00,0.5, ,163340, ,17.85, ,47.00, ,99.3, 
2014/3/19,22:00,0.1, ,163450, ,18.37, ,0.00, ,99.4, 
2014/3/19,23:00,0.2, ,163450, ,17.56, ,0.00, ,99.3, 
2014/3/19,24:00,0.4, ,163560, ,18.81, ,0.00, ,100.0, 
2014/3/20,01:00,1.0, ,163610, ,19.32, ,0.00, ,100.0, 
2014/3/20,02:00,2.5, ,163720, ,23.59, ,0.00, ,100.0, 
2014/3/20,03:00,2.0, ,163770, ,21.09, ,0.00, ,100.0, 
2014/3/20,04:00,2.3, ,163830, ,11.55, ,0.00, ,100.0, 
2014/3/20,05:00,1.9, ,163880, ,18.34, ,0.00, ,100.0, 
2014/3/20,06:00,1.3, ,163940, ,12.06, ,0.00, ,100.0, 
2014/3/20,07:00,0.5, ,163990, ,11.31, ,0.00, ,100.0, 
2014/3/20,08:00,0.9, ,163990, ,11.81, ,2.70, ,100.0, 
2014/3/20,09:00,0.4, ,163990, ,20.15, ,28.60, ,100.0, 
2014/3/20,10:00,0.5, ,163940, ,29.04, ,53.00, ,100.0, 
2014/3/20,11:00,0.6, ,163830, ,27.31, ,44.30, ,99.9, 
2014/3/20,12:00,0.0, ,163830, ,20.08, ,28.70, ,99.8, 
2014/3/20,13:00,0.0, ,163880, ,19.33, ,0.00, ,99.8, 
2014/3/20,14:00,0.0, ,163940, ,18.09, ,0.00, ,99.9, 
2014/3/20,15:00,0.0, ,164040, ,24.12, ,0.00, ,99.9, 
2014/3/20,16:00,0.3, ,164150, ,29.41, ,0.80, ,100.0, 
2014/3/20,17:00,0.3, ,164150, ,25.10, ,19.10, ,99.9, 
2014/3/20,18:00,0.0, ,164100, ,21.97, ,41.30, ,99.9, 
2014/3/20,19:00,0.3, ,163940, ,24.12, ,62.00, ,99.7, 
2014/3/20,20:00,0.5, ,163830, ,26.28, ,60.80, ,99.6, 
2014/3/20,21:00,0.0, ,163770, ,23.38, ,31.60, ,99.5, 
2014/3/20,22:00,0.0, ,163830, ,12.39, ,0.00, ,99.5, 
2014/3/20,23:00,0.6, ,163880, ,20.60, ,0.00, ,99.5, 
2014/3/20,24:00,0.8, ,163990, ,21.11, ,0.00, ,100.0, 
2014/3/21,01:00,0.1, ,164040, ,19.85, ,0.00, ,100.0, 
2014/3/21,02:00,0.1, ,164100, ,17.85, ,0.00, ,100.0, 
2014/3/21,03:00,0.2, ,164210, ,21.62, ,0.00, ,100.0, 
2014/3/21,04:00,0.1, ,164210, ,19.11, ,0.00, ,100.0, 
2014/3/21,05:00,0.0, ,164320, ,12.83, ,0.00, ,100.0, 
2014/3/21,06:00,0.0, ,164320, ,12.83, ,0.00, ,100.0, 
2014/3/21,07:00,0.0, ,164420, ,12.84, ,0.00, ,100.0, 
2014/3/21,08:00,0.0, ,164420, ,10.82, ,2.90, ,100.0, 
2014/3/21,09:00,0.0, ,164370, ,11.32, ,29.60, ,100.0, 
2014/3/21,10:00,0.0, ,164260, ,20.59, ,52.90, ,99.9, 
2014/3/21,11:00,0.1, ,164150, ,23.71, ,44.00, ,99.8, 
2014/3/21,12:00,0.5, ,164150, ,17.50, ,29.20, ,99.8, 
2014/3/21,13:00,0.0, ,164210, ,22.70, ,0.00, ,99.8, 
2014/3/21,14:00,0.2, ,164260, ,17.10, ,0.00, ,99.8, 
2014/3/21,15:00,0.0, ,164320, ,18.87, ,0.00, ,99.8, 
2014/3/21,16:00,0.0, ,164370, ,16.86, ,0.50, ,99.8, 
2014/3/21,17:00,0.0, ,164420, ,18.34, ,18.90, ,99.8, 
2014/3/21,18:00,0.0, ,164320, ,22.73, ,37.30, ,99.7, 
2014/3/21,19:00,0.0, ,164260, ,23.57, ,61.80, ,99.6, 
2014/3/21,20:00,0.2, ,164040, ,22.12, ,61.90, ,99.4, 
2014/3/21,21:00,0.0, ,163990, ,18.56, ,30.50, ,99.4, 
2014/3/21,22:00,0.0, ,164040, ,19.25, ,0.00, ,99.4, 
2014/3/21,23:00,0.0, ,164100, ,17.34, ,0.00, ,99.4, 
2014/3/21,24:00,0.0, ,164210, ,15.84, ,0.00, ,100.0, 
2014/3/22,01:00,0.0, ,164260, ,21.13, ,0.00, ,100.0, 
2014/3/22,02:00,0.0, ,164320, ,18.87, ,0.00, ,100.0, 
2014/3/22,03:00,0.0, ,164320, ,7.55, ,0.00, ,100.0, 
2014/3/22,04:00,0.0, ,164370, ,10.82, ,0.00, ,100.0, 
2014/3/22,05:00,0.0, ,164420, ,8.81, ,0.00, ,100.0, 
2014/3/22,06:00,0.0, ,164420, ,10.57, ,0.00, ,100.0, 
2014/3/22,07:00,0.0, ,164480, ,8.31, ,0.00, ,100.0, 
2014/3/22,08:00,0.0, ,164480, ,6.80, ,3.00, ,100.0, 
2014/3/22,09:00,0.0, ,164480, ,14.83, ,29.40, ,99.9, 
2014/3/22,10:00,0.5, ,164370, ,26.35, ,52.90, ,99.8, 
2014/3/22,11:00,0.0, ,164260, ,21.20, ,44.30, ,99.7, 
2014/3/22,12:00,0.1, ,164210, ,15.77, ,29.10, ,99.6, 
2014/3/22,13:00,0.1, ,164260, ,8.78, ,0.00, ,99.6, 
2014/3/22,14:00,0.3, ,164320, ,13.58, ,0.00, ,99.7, 
2014/3/22,15:00,0.1, ,164370, ,18.88, ,0.00, ,99.7, 
2014/3/22,16:00,0.0, ,164420, ,18.88, ,1.40, ,99.7, 
2014/3/22,17:00,0.0, ,164420, ,14.85, ,19.50, ,99.6, 
2014/3/22,18:00,0.0, ,164370, ,26.30, ,37.50, ,99.6, 
2014/3/22,19:00,0.0, ,164260, ,21.75, ,61.90, ,99.5, 
2014/3/22,20:00,0.0, ,164100, ,22.10, ,62.10, ,99.3, 
2014/3/22,21:00,0.0, ,164040, ,19.06, ,31.60, ,99.2, 
2014/3/22,22:00,0.0, ,164040, ,14.02, ,0.00, ,99.2, 
2014/3/22,23:00,0.0, ,164100, ,7.29, ,0.00, ,99.2, 
2014/3/22,24:00,0.0, ,164150, ,14.58, ,0.00, ,100.0, 
2014/3/23,01:00,0.0, ,164210, ,19.11, ,0.00, ,100.0, 
2014/3/23,02:00,0.0, ,164260, ,13.33, ,0.00, ,100.0, 
2014/3/23,03:00,0.0, ,164320, ,11.32, ,0.00, ,100.0, 
2014/3/23,04:00,0.0, ,164320, ,9.82, ,0.00, ,100.0, 
2014/3/23,05:00,0.0, ,164370, ,14.35, ,0.00, ,100.0, 
2014/3/23,06:00,0.0, ,164420, ,1.26, ,0.00, ,100.0, 
2014/3/23,07:00,0.0, ,164420, ,14.60, ,0.00, ,100.0, 
2014/3/23,08:00,0.0, ,164480, ,7.56, ,0.00, ,100.0, 
2014/3/23,09:00,0.0, ,164480, ,7.56, ,0.00, ,100.0, 
2014/3/23,10:00,0.1, ,164530, ,10.33, ,0.00, ,100.0, 
2014/3/23,11:00,0.3, ,164590, ,16.37, ,0.00, ,100.0, 
2014/3/23,12:00,0.1, ,164700, ,20.66, ,0.00, ,100.0, 
2014/3/23,13:00,0.0, ,164750, ,19.15, ,0.00, ,100.0, 
2014/3/23,14:00,0.0, ,164810, ,18.65, ,0.00, ,100.0, 
2014/3/23,15:00,0.0, ,164910, ,19.67, ,0.00, ,100.0, 
2014/3/23,16:00,0.0, ,164970, ,18.16, ,0.00, ,100.0, 
2014/3/23,17:00,0.0, ,164970, ,22.59, ,19.20, ,100.0, 
2014/3/23,18:00,0.0, ,164910, ,15.05, ,34.40, ,100.0, 
2014/3/23,19:00,0.0, ,164750, ,16.69, ,61.80, ,99.9, 
2014/3/23,20:00,0.0, ,164590, ,20.21, ,62.00, ,99.7, 
2014/3/23,21:00,0.0, ,164420, ,18.72, ,62.00, ,99.6, 
2014/3/23,22:00,0.0, ,164260, ,16.06, ,62.00, ,99.4, 
2014/3/23,23:00,0.0, ,164150, ,16.97, ,51.20, ,99.3, 
2014/3/23,24:00,0.0, ,164100, ,10.79, ,21.90, ,100.0, 
2014/3/24,01:00,0.0, ,164100, ,10.37, ,0.00, ,100.0, 
2014/3/24,02:00,0.0, ,164150, ,13.08, ,0.00, ,100.0, 
2014/3/24,03:00,0.0, ,164210, ,11.82, ,0.00, ,100.0, 
2014/3/24,04:00,0.0, ,164210, ,5.28, ,0.00, ,100.0, 
2014/3/24,05:00,0.0, ,164260, ,8.05, ,0.00, ,100.0, 
2014/3/24,06:00,0.0, ,164260, ,7.04, ,0.00, ,99.9, 
2014/3/24,07:00,0.0, ,164320, ,9.56, ,0.00, ,99.9, 
2014/3/24,08:00,0.0, ,164320, ,5.54, ,0.50, ,99.9, 
2014/3/24,09:00,0.0, ,164320, ,9.49, ,20.90, ,99.9, 
2014/3/24,10:00,0.0, ,164210, ,23.62, ,48.00, ,99.8, 
2014/3/24,11:00,0.0, ,164210, ,15.39, ,22.00, ,99.7, 
2014/3/24,12:00,0.0, ,164150, ,17.87, ,22.00, ,99.7, 
2014/3/24,13:00,0.0, ,164210, ,5.32, ,0.00, ,99.7, 
2014/3/24,14:00,0.0, ,164260, ,12.32, ,0.00, ,99.7, 
2014/3/24,15:00,0.0, ,164320, ,19.37, ,0.00, ,99.7, 
2014/3/24,16:00,0.0, ,164370, ,12.84, ,0.90, ,99.7, 
2014/3/24,17:00,0.0, ,164370, ,22.12, ,20.80, ,99.7, 
2014/3/24,18:00,0.0, ,164260, ,24.45, ,48.70, ,99.6, 
2014/3/24,19:00,0.0, ,164100, ,15.70, ,61.90, ,99.4, 
2014/3/24,20:00,0.0, ,163940, ,17.66, ,61.70, ,99.3, 
2014/3/24,21:00,0.0, ,163830, ,16.58, ,49.40, ,99.2, 
2014/3/24,22:00,0.0, ,163830, ,18.83, ,22.00, ,99.1, 
2014/3/24,23:00,0.0, ,163830, ,11.13, ,0.00, ,99.1, 
2014/3/24,24:00,0.0, ,163880, ,3.01, ,0.00, ,100.0, 
2014/3/25,01:00,0.0, ,163940, ,14.82, ,0.00, ,100.0, 
2014/3/25,02:00,0.0, ,163940, ,12.32, ,0.00, ,100.0, 
2014/3/25,03:00,0.0, ,163990, ,14.33, ,0.00, ,100.0, 
2014/3/25,04:00,0.0, ,164040, ,3.27, ,0.00, ,100.0, 
2014/3/25,05:00,0.0, ,164040, ,12.57, ,0.00, ,100.0, 
2014/3/25,06:00,0.0, ,164040, ,0.00, ,0.00, ,99.9, 
2014/3/25,07:00,0.0, ,164100, ,11.56, ,0.00, ,99.9, 
2014/3/25,08:00,0.0, ,164100, ,3.52, ,0.40, ,99.9, 
2014/3/25,09:00,0.0, ,164100, ,9.50, ,20.90, ,99.9, 
2014/3/25,10:00,0.0, ,163990, ,25.96, ,48.20, ,99.8, 
2014/3/25,11:00,0.0, ,163990, ,13.16, ,21.90, ,99.7, 
2014/3/25,12:00,0.0, ,163940, ,16.52, ,22.20, ,99.7, 
2014/3/25,13:00,0.0, ,163940, ,2.64, ,0.00, ,99.6, 
2014/3/25,14:00,0.0, ,164040, ,13.57, ,0.00, ,99.7, 
2014/3/25,15:00,0.0, ,164040, ,16.59, ,0.00, ,99.7, 
2014/3/25,16:00,0.0, ,164150, ,14.58, ,0.70, ,99.7, 
2014/3/25,17:00,0.0, ,164150, ,25.12, ,20.90, ,99.7, 
2014/3/25,18:00,0.0, ,164040, ,18.67, ,48.60, ,99.6, 
2014/3/25,19:00,0.0, ,163880, ,17.51, ,62.10, ,99.4, 
2014/3/25,20:00,0.0, ,163720, ,18.51, ,62.00, ,99.3, 
2014/3/25,21:00,0.1, ,163610, ,16.19, ,49.40, ,99.2, 
2014/3/25,22:00,0.9, ,163560, ,13.85, ,22.10, ,99.1, 
2014/3/25,23:00,1.0, ,163610, ,5.47, ,0.00, ,99.1, 
2014/3/25,24:00,1.1, ,163660, ,18.32, ,0.00, ,100.0, 
2014/3/26,01:00,0.9, ,163720, ,12.30, ,0.00, ,100.0, 
2014/3/26,02:00,0.0, ,163770, ,17.82, ,0.00, ,100.0, 
2014/3/26,03:00,0.3, ,163770, ,11.30, ,0.00, ,100.0, 
2014/3/26,04:00,1.1, ,163830, ,6.53, ,0.00, ,100.0, 
2014/3/26,05:00,1.2, ,163830, ,8.54, ,0.00, ,100.0, 
2014/3/26,06:00,0.1, ,163880, ,15.07, ,0.00, ,100.0, 
2014/3/26,07:00,0.8, ,163880, ,0.00, ,0.00, ,99.9, 
2014/3/26,08:00,0.3, ,163940, ,8.30, ,0.90, ,100.0, 
2014/3/26,09:00,0.0, ,163940, ,16.32, ,21.20, ,99.9, 
2014/3/26,10:00,2.1, ,163830, ,14.43, ,48.30, ,99.8, 
2014/3/26,11:00,0.1, ,163770, ,15.24, ,21.90, ,99.7, 
2014/3/26,12:00,0.3, ,163770, ,16.56, ,22.00, ,99.7, 
2014/3/26,13:00,0.6, ,163830, ,14.60, ,0.00, ,99.7, 
2014/3/26,14:00,2.2, ,163880, ,12.56, ,0.00, ,99.7, 
2014/3/26,15:00,1.3, ,163940, ,18.84, ,0.00, ,99.8, 
2014/3/26,16:00,1.9, ,163990, ,13.82, ,0.60, ,99.8, 
2014/3/26,17:00,0.8, ,163990, ,21.07, ,21.10, ,99.7, 
2014/3/26,18:00,1.0, ,163940, ,25.70, ,48.70, ,99.7, 
2014/3/26,19:00,6.3, ,163770, ,23.28, ,61.80, ,99.5, 
2014/3/26,20:00,1.0, ,163660, ,28.26, ,61.80, ,99.4, 
2014/3/26,21:00,0.0, ,163560, ,19.19, ,49.80, ,99.3, 
2014/3/26,22:00,0.0, ,163500, ,25.88, ,22.10, ,99.2, 
2014/3/26,23:00,0.0, ,163610, ,9.62, ,0.00, ,99.3, 
2014/3/26,24:00,0.0, ,163660, ,24.85, ,0.00, ,100.0, 
2014/3/27,01:00,0.0, ,163720, ,19.33, ,0.00, ,100.0, 
2014/3/27,02:00,0.0, ,163830, ,15.07, ,0.00, ,100.0, 
2014/3/27,03:00,0.6, ,163830, ,18.84, ,0.00, ,100.0, 
2014/3/27,04:00,0.0, ,163880, ,14.57, ,0.00, ,100.0, 
2014/3/27,05:00,0.0, ,163940, ,7.29, ,0.00, ,100.0, 
2014/3/27,06:00,0.3, ,163990, ,10.56, ,0.00, ,100.0, 
2014/3/27,07:00,0.0, ,163990, ,12.82, ,0.00, ,100.0, 
2014/3/27,08:00,0.0, ,163990, ,0.00, ,0.50, ,100.0, 
2014/3/27,09:00,0.0, ,164040, ,22.86, ,20.80, ,100.0, 
2014/3/27,10:00,0.0, ,163940, ,19.15, ,48.40, ,99.9, 
2014/3/27,11:00,0.0, ,163940, ,21.72, ,22.10, ,99.9, 
2014/3/27,12:00,0.0, ,163880, ,16.54, ,21.90, ,99.8, 
2014/3/27,13:00,0.0, ,163940, ,9.45, ,0.00, ,99.8, 
2014/3/27,14:00,0.0, ,163990, ,18.60, ,0.00, ,99.8, 
2014/3/27,15:00,0.0, ,164040, ,14.33, ,0.00, ,99.8, 
2014/3/27,16:00,0.0, ,164100, ,17.60, ,1.20, ,99.8, 
2014/3/27,17:00,0.0, ,164100, ,11.80, ,21.00, ,99.8, 
2014/3/27,18:00,0.0, ,164040, ,26.45, ,48.40, ,99.7, 
2014/3/27,19:00,0.0, ,163880, ,17.66, ,62.00, ,99.6, 
2014/3/27,20:00,0.0, ,163720, ,21.25, ,62.00, ,99.5, 
2014/3/27,21:00,0.0, ,163610, ,16.61, ,49.30, ,99.3, 
2014/3/27,22:00,0.0, ,163560, ,15.27, ,22.00, ,99.3, 
2014/3/27,23:00,0.0, ,163560, ,7.09, ,0.00, ,99.3, 
2014/3/27,24:00,0.0, ,163610, ,12.30, ,0.00, ,100.0, 
2014/3/28,01:00,0.0, ,163660, ,16.06, ,0.00, ,100.0, 
2014/3/28,02:00,0.0, ,163720, ,14.31, ,0.00, ,100.0, 
2014/3/28,03:00,0.0, ,163770, ,13.81, ,0.00, ,100.0, 
2014/3/28,04:00,0.0, ,163830, ,5.02, ,0.00, ,100.0, 
2014/3/28,05:00,0.0, ,163830, ,13.81, ,0.00, ,100.0, 
2014/3/28,06:00,0.0, ,163830, ,0.00, ,3.00, ,100.0, 
2014/3/28,07:00,0.0, ,163830, ,14.12, ,28.00, ,100.0, 
2014/3/28,08:00,0.0, ,163720, ,17.53, ,36.90, ,99.8, 
2014/3/28,09:00,0.0, ,163610, ,6.30, ,39.50, ,99.7, 
2014/3/28,10:00,0.0, ,163610, ,14.92, ,11.40, ,99.7, 
2014/3/28,11:00,0.0, ,163610, ,10.96, ,11.00, ,99.7, 
2014/3/28,12:00,0.0, ,163610, ,10.78, ,10.10, ,99.6, 
2014/3/28,13:00,0.0, ,163610, ,9.61, ,8.40, ,99.6, 
2014/3/28,14:00,0.0, ,163610, ,9.00, ,9.70, ,99.6, 
2014/3/28,15:00,0.0, ,163610, ,9.96, ,9.70, ,99.6, 
2014/3/28,16:00,0.0, ,163610, ,9.68, ,10.00, ,99.5, 
2014/3/28,17:00,0.0, ,163610, ,9.92, ,9.70, ,99.5, 
2014/3/28,18:00,0.0, ,163610, ,9.76, ,11.50, ,99.5, 
2014/3/28,19:00,0.0, ,163610, ,24.86, ,39.90, ,99.4, 
2014/3/28,20:00,0.0, ,163450, ,23.54, ,51.60, ,99.3, 
2014/3/28,21:00,0.0, ,163340, ,16.77, ,50.80, ,99.2, 
2014/3/28,22:00,0.0, ,163290, ,19.19, ,26.60, ,99.1, 
2014/3/28,23:00,0.0, ,163290, ,2.59, ,0.00, ,99.1, 
2014/3/28,24:00,0.0, ,163340, ,11.53, ,0.00, ,99.9, 
2014/3/29,01:00,0.0, ,163390, ,14.80, ,0.00, ,99.9, 
2014/3/29,02:00,0.0, ,163450, ,17.81, ,0.00, ,100.0, 
2014/3/29,03:00,0.0, ,163500, ,11.79, ,0.00, ,100.0, 
2014/3/29,04:00,0.0, ,163500, ,4.26, ,0.00, ,99.9, 
2014/3/29,05:00,0.0, ,163560, ,10.79, ,0.00, ,99.9, 
2014/3/29,06:00,0.0, ,163560, ,4.26, ,0.00, ,99.9, 
2014/3/29,07:00,0.0, ,163610, ,11.30, ,0.00, ,99.9, 
2014/3/29,08:00,0.0, ,163610, ,3.77, ,0.00, ,99.9, 
2014/3/29,09:00,0.0, ,163660, ,4.52, ,0.20, ,99.9, 
2014/3/29,10:00,0.0, ,163660, ,15.65, ,9.90, ,99.9, 
2014/3/29,11:00,0.0, ,163660, ,9.95, ,10.00, ,99.8, 
2014/3/29,12:00,0.0, ,163660, ,10.12, ,10.20, ,99.8, 
2014/3/29,13:00,0.2, ,163660, ,9.72, ,8.90, ,99.8, 
2014/3/29,14:00,0.5, ,163660, ,9.21, ,10.20, ,99.8, 
2014/3/29,15:00,0.8, ,163660, ,10.18, ,10.50, ,99.7, 
2014/3/29,16:00,0.6, ,163660, ,10.20, ,11.50, ,99.7, 
2014/3/29,17:00,0.9, ,163660, ,10.88, ,11.70, ,99.7, 
2014/3/29,18:00,0.5, ,163660, ,11.80, ,14.40, ,99.6, 
2014/3/29,19:00,1.9, ,163660, ,26.69, ,41.30, ,99.6, 
2014/3/29,20:00,3.1, ,163560, ,26.50, ,30.20, ,99.5, 
2014/3/29,21:00,4.2, ,163610, ,7.88, ,0.00, ,99.5, 
2014/3/29,22:00,5.2, ,163660, ,18.57, ,0.00, ,99.5, 
2014/3/29,23:00,4.3, ,163770, ,25.60, ,0.00, ,99.6, 
2014/3/29,24:00,3.4, ,163830, ,22.86, ,0.00, ,99.9, 
2014/3/30,01:00,4.0, ,163940, ,26.38, ,0.00, ,100.0, 
2014/3/30,02:00,6.0, ,164100, ,33.43, ,0.00, ,100.0, 
2014/3/30,03:00,3.6, ,164260, ,48.53, ,0.00, ,100.0, 
2014/3/30,04:00,1.0, ,164480, ,51.08, ,0.00, ,100.0, 
2014/3/30,05:00,1.3, ,164700, ,59.93, ,0.00, ,100.0, 
2014/3/30,06:00,2.4, ,164970, ,62.25, ,0.00, ,100.0, 
2014/3/30,07:00,3.6, ,165190, ,65.07, ,0.00, ,100.0, 
2014/3/30,08:00,5.1, ,165460, ,72.45, ,0.00, ,100.0, 
2014/3/30,09:00,0.3, ,165680, ,66.71, ,0.00, ,100.0, 
2014/3/30,10:00,0.4, ,165950, ,70.82, ,0.00, ,100.0, 
2014/3/30,11:00,0.0, ,166170, ,66.58, ,0.00, ,100.0, 
2014/3/30,12:00,0.0, ,166390, ,68.93, ,0.00, ,100.0, 
2014/3/30,13:00,0.0, ,166660, ,65.73, ,0.00, ,100.0, 
2014/3/30,14:00,0.0, ,166880, ,63.50, ,0.00, ,100.0, 
2014/3/30,15:00,0.7, ,167050, ,49.57, ,0.00, ,100.0, 
2014/3/30,16:00,0.5, ,167210, ,51.38, ,1.30, ,100.0, 
2014/3/30,17:00,0.4, ,167270, ,45.37, ,21.00, ,100.0, 
2014/3/30,18:00,0.4, ,167270, ,40.36, ,48.20, ,100.0, 
2014/3/30,19:00,0.0, ,167210, ,42.77, ,61.10, ,100.0, 
2014/3/30,20:00,0.0, ,167210, ,42.77, ,36.70, ,100.0, 
2014/3/30,21:00,0.0, ,167270, ,42.85, ,18.90, ,100.0, 
2014/3/30,22:00,0.6, ,167380, ,29.93, ,0.00, ,100.0, 
2014/3/30,23:00,0.0, ,167540, ,36.42, ,0.00, ,100.0, 
2014/3/30,24:00,0.1, ,167600, ,30.32, ,0.00, ,100.0, 
2014/3/31,01:00,0.0, ,167760, ,32.88, ,0.00, ,100.0, 
2014/3/31,02:00,0.0, ,167870, ,28.81, ,0.00, ,100.0, 
2014/3/31,03:00,0.0, ,167930, ,34.69, ,0.00, ,100.0, 
2014/3/31,04:00,0.0, ,168090, ,28.07, ,0.00, ,100.0, 
2014/3/31,05:00,0.0, ,168200, ,29.86, ,0.00, ,100.0, 
2014/3/31,06:00,0.0, ,168260, ,28.08, ,0.00, ,100.0, 
2014/3/31,07:00,0.0, ,168420, ,27.84, ,0.00, ,100.0, 
2014/3/31,08:00,0.0, ,168480, ,33.47, ,1.60, ,100.0, 
2014/3/31,09:00,0.0, ,168540, ,20.60, ,26.10, ,100.0, 
2014/3/31,10:00,0.0, ,168480, ,37.49, ,44.00, ,100.0, 
2014/3/31,11:00,0.0, ,168480, ,28.16, ,25.80, ,100.0, 
2014/3/31,12:00,0.0, ,168540, ,24.15, ,0.00, ,100.0, 
2014/3/31,13:00,0.0, ,168650, ,23.52, ,0.00, ,100.0, 
2014/3/31,14:00,0.0, ,168760, ,22.50, ,0.00, ,100.0, 
2014/3/31,15:00,0.0, ,168810, ,28.13, ,0.00, ,100.0, 
2014/3/31,16:00,0.0, ,168920, ,24.31, ,1.80, ,100.0, 
2014/3/31,17:00,0.0, ,168920, ,29.29, ,26.10, ,100.0, 
2014/3/31,18:00,0.0, ,168870, ,29.47, ,48.10, ,100.0, 
2014/3/31,19:00,0.0, ,168760, ,28.96, ,61.20, ,100.0, 
2014/3/31,20:00,0.0, ,168650, ,28.72, ,50.90, ,100.0, 
2014/3/31,21:00,0.0, ,168650, ,22.19, ,25.30, ,100.0, 
2014/3/31,22:00,0.0, ,168700, ,13.83, ,0.00, ,100.0, 
2014/3/31,23:00,0.0, ,168760, ,18.92, ,0.00, ,100.0, 
2014/3/31,24:00,0.0, ,168870, ,22.00, ,0.00, ,100.0, 
