îCà”ä˙ä‘É_ÉÄèîó åüçıåãâ 
êÖånñº,ãgñÏêÏ
âÕêÏñº,ãgñÏêÏ
äœë™èäñº,ëÅñæâYÉ_ÉÄÅiã@ç\Åj
äœë™èäãLçÜ,1368080700010
#
#îNåéì˙,éûçè,ó¨àÊïΩãœâJó ,ó¨àÊïΩãœâJó ëÆê´,íôêÖó ,íôêÖó ëÆê´,ó¨ì¸ó ,ó¨ì¸ó ëÆê´,ï˙ó¨ó ,ï˙ó¨ó ëÆê´,íôêÖó¶,íôêÖó¶ëÆê´
#ëÆê´Å@$:åáë™ -:ñ¢éÛêM
#
2010/12/1,01:00,0.0, ,122290, ,0.00, ,0.00, ,73.8, 
2010/12/1,02:00,0.0, ,122290, ,0.00, ,0.00, ,73.8, 
2010/12/1,03:00,0.0, ,122290, ,0.00, ,0.00, ,73.8, 
2010/12/1,04:00,0.0, ,122290, ,0.00, ,0.00, ,73.8, 
2010/12/1,05:00,0.0, ,122290, ,0.00, ,0.00, ,73.9, 
2010/12/1,06:00,0.0, ,122290, ,0.00, ,0.00, ,73.9, 
2010/12/1,07:00,0.0, ,122290, ,0.00, ,0.00, ,73.9, 
2010/12/1,08:00,0.0, ,122290, ,0.03, ,1.90, ,73.9, 
2010/12/1,09:00,0.0, ,122250, ,10.34, ,29.00, ,73.9, 
2010/12/1,10:00,0.0, ,122060, ,5.33, ,58.10, ,73.8, 
2010/12/1,11:00,0.0, ,121970, ,3.92, ,24.10, ,73.8, 
2010/12/1,12:00,0.0, ,121920, ,10.59, ,24.00, ,73.7, 
2010/12/1,13:00,0.0, ,121880, ,2.72, ,0.00, ,73.7, 
2010/12/1,14:00,0.0, ,121920, ,1.70, ,0.00, ,73.8, 
2010/12/1,15:00,0.0, ,121920, ,11.11, ,1.90, ,73.8, 
2010/12/1,16:00,0.0, ,121920, ,13.38, ,27.40, ,73.8, 
2010/12/1,17:00,0.0, ,121740, ,15.23, ,56.90, ,73.7, 
2010/12/1,18:00,0.0, ,121550, ,9.98, ,59.80, ,73.6, 
2010/12/1,19:00,0.0, ,121370, ,6.91, ,59.80, ,73.5, 
2010/12/1,20:00,0.0, ,121280, ,9.49, ,31.50, ,73.5, 
2010/12/1,21:00,0.0, ,121230, ,6.20, ,23.10, ,73.5, 
2010/12/1,22:00,0.0, ,121190, ,0.97, ,0.00, ,73.4, 
2010/12/1,23:00,0.0, ,121190, ,0.00, ,0.00, ,73.5, 
2010/12/1,24:00,0.0, ,121190, ,0.00, ,0.00, ,73.5, 
2010/12/2,01:00,0.0, ,121190, ,0.00, ,0.00, ,73.5, 
2010/12/2,02:00,0.0, ,121190, ,0.00, ,0.00, ,73.5, 
2010/12/2,03:00,0.0, ,121190, ,0.00, ,0.00, ,73.6, 
2010/12/2,04:00,0.0, ,121190, ,0.00, ,0.00, ,73.6, 
2010/12/2,05:00,0.0, ,121190, ,0.00, ,0.00, ,73.6, 
2010/12/2,06:00,0.0, ,121190, ,0.00, ,0.00, ,73.6, 
2010/12/2,07:00,0.0, ,121190, ,0.00, ,0.00, ,73.7, 
2010/12/2,08:00,0.0, ,121190, ,0.03, ,1.90, ,73.7, 
2010/12/2,09:00,0.0, ,121190, ,14.16, ,29.40, ,73.7, 
2010/12/2,10:00,0.0, ,120960, ,10.09, ,56.80, ,73.6, 
2010/12/2,11:00,0.0, ,120870, ,5.48, ,35.50, ,73.5, 
2010/12/2,12:00,0.0, ,120770, ,5.73, ,35.40, ,73.5, 
2010/12/2,13:00,0.0, ,120770, ,9.37, ,0.00, ,73.5, 
2010/12/2,14:00,0.0, ,120770, ,0.00, ,0.00, ,73.5, 
2010/12/2,15:00,0.3, ,120770, ,0.03, ,2.00, ,73.5, 
2010/12/2,16:00,2.6, ,120770, ,13.42, ,27.30, ,73.6, 
2010/12/2,17:00,4.6, ,120590, ,9.33, ,59.90, ,73.5, 
2010/12/2,18:00,6.8, ,120450, ,16.04, ,58.50, ,73.4, 
2010/12/2,19:00,7.6, ,120310, ,12.20, ,45.40, ,73.3, 
2010/12/2,20:00,6.8, ,120310, ,17.43, ,19.30, ,73.3, 
2010/12/2,21:00,5.9, ,120360, ,21.40, ,0.00, ,73.4, 
2010/12/2,22:00,5.1, ,120450, ,17.48, ,0.00, ,73.5, 
2010/12/2,23:00,2.3, ,120500, ,21.96, ,0.00, ,73.5, 
2010/12/2,24:00,0.2, ,120590, ,18.76, ,0.00, ,73.6, 
2010/12/3,01:00,0.0, ,120680, ,24.74, ,0.00, ,73.7, 
2010/12/3,02:00,0.1, ,120770, ,31.57, ,0.00, ,73.8, 
2010/12/3,03:00,0.1, ,120910, ,30.29, ,0.00, ,73.9, 
2010/12/3,04:00,0.0, ,121000, ,23.68, ,0.00, ,74.0, 
2010/12/3,05:00,0.2, ,121050, ,26.04, ,0.00, ,74.1, 
2010/12/3,06:00,0.0, ,121140, ,17.43, ,0.00, ,74.2, 
2010/12/3,07:00,0.0, ,121190, ,17.41, ,0.00, ,74.2, 
2010/12/3,08:00,0.0, ,121230, ,12.74, ,0.00, ,74.3, 
2010/12/3,09:00,0.0, ,121280, ,13.17, ,0.00, ,74.4, 
2010/12/3,10:00,0.0, ,121370, ,19.98, ,0.00, ,74.5, 
2010/12/3,11:00,1.3, ,121460, ,20.19, ,0.00, ,74.5, 
2010/12/3,12:00,0.6, ,121550, ,25.94, ,0.00, ,74.6, 
2010/12/3,13:00,0.0, ,121650, ,24.25, ,0.00, ,74.7, 
2010/12/3,14:00,0.0, ,121690, ,17.45, ,0.00, ,74.8, 
2010/12/3,15:00,0.0, ,121740, ,14.69, ,0.00, ,74.9, 
2010/12/3,16:00,0.0, ,121780, ,19.59, ,0.00, ,74.9, 
2010/12/3,17:00,0.0, ,121830, ,15.12, ,0.00, ,75.0, 
2010/12/3,18:00,0.0, ,121920, ,17.25, ,0.00, ,75.1, 
2010/12/3,19:00,0.0, ,121920, ,15.12, ,0.00, ,75.1, 
2010/12/3,20:00,0.0, ,122010, ,10.65, ,0.00, ,75.2, 
2010/12/3,21:00,0.0, ,122010, ,11.51, ,0.00, ,75.2, 
2010/12/3,22:00,0.0, ,122110, ,14.28, ,0.00, ,75.3, 
2010/12/3,23:00,0.0, ,122110, ,11.94, ,0.00, ,75.3, 
2010/12/3,24:00,0.0, ,122150, ,10.45, ,0.00, ,75.3, 
2010/12/4,01:00,0.0, ,122200, ,12.58, ,0.00, ,75.3, 
2010/12/4,02:00,0.0, ,122250, ,13.44, ,0.00, ,75.4, 
2010/12/4,03:00,0.0, ,122290, ,10.03, ,0.00, ,75.4, 
2010/12/4,04:00,0.0, ,122290, ,4.69, ,0.00, ,75.5, 
2010/12/4,05:00,0.0, ,122340, ,5.97, ,0.00, ,75.5, 
2010/12/4,06:00,0.0, ,122340, ,6.83, ,0.00, ,75.5, 
2010/12/4,07:00,0.0, ,122340, ,0.00, ,0.00, ,75.6, 
2010/12/4,08:00,0.0, ,122380, ,4.91, ,0.00, ,75.6, 
2010/12/4,09:00,0.0, ,122380, ,7.90, ,0.00, ,75.7, 
2010/12/4,10:00,0.0, ,122430, ,1.71, ,0.00, ,75.7, 
2010/12/4,11:00,0.0, ,122430, ,11.10, ,0.00, ,75.7, 
2010/12/4,12:00,0.0, ,122520, ,13.88, ,0.00, ,75.8, 
2010/12/4,13:00,0.0, ,122570, ,12.38, ,0.00, ,75.9, 
2010/12/4,14:00,0.0, ,122610, ,14.32, ,0.00, ,76.0, 
2010/12/4,15:00,0.0, ,122660, ,14.74, ,0.00, ,76.0, 
2010/12/4,16:00,0.0, ,122710, ,12.66, ,3.00, ,76.1, 
2010/12/4,17:00,0.0, ,122710, ,19.95, ,22.20, ,76.1, 
2010/12/4,18:00,0.0, ,122610, ,21.86, ,48.60, ,76.1, 
2010/12/4,19:00,0.0, ,122480, ,12.64, ,48.60, ,76.0, 
2010/12/4,20:00,0.0, ,122480, ,9.74, ,0.00, ,76.0, 
2010/12/4,21:00,0.0, ,122480, ,0.00, ,0.00, ,76.0, 
2010/12/4,22:00,0.0, ,122520, ,12.38, ,0.00, ,76.1, 
2010/12/4,23:00,0.0, ,122570, ,10.47, ,0.00, ,76.2, 
2010/12/4,24:00,0.0, ,122610, ,11.32, ,0.00, ,76.2, 
2010/12/5,01:00,0.0, ,122660, ,14.10, ,0.00, ,76.3, 
2010/12/5,02:00,0.0, ,122710, ,11.75, ,0.00, ,76.3, 
2010/12/5,03:00,0.0, ,122710, ,4.06, ,0.00, ,76.4, 
2010/12/5,04:00,0.0, ,122750, ,10.48, ,0.00, ,76.4, 
2010/12/5,05:00,0.0, ,122750, ,2.35, ,0.00, ,76.4, 
2010/12/5,06:00,0.0, ,122750, ,0.00, ,0.00, ,76.5, 
2010/12/5,07:00,0.0, ,122750, ,0.00, ,0.00, ,76.5, 
2010/12/5,08:00,0.0, ,122800, ,12.66, ,2.30, ,76.6, 
2010/12/5,09:00,0.0, ,122750, ,8.55, ,24.50, ,76.5, 
2010/12/5,10:00,0.0, ,122660, ,7.34, ,35.60, ,76.5, 
2010/12/5,11:00,0.0, ,122520, ,9.25, ,58.40, ,76.4, 
2010/12/5,12:00,0.0, ,122430, ,14.27, ,29.00, ,76.4, 
2010/12/5,13:00,0.0, ,122430, ,5.63, ,0.00, ,76.4, 
2010/12/5,14:00,0.0, ,122430, ,0.01, ,0.00, ,76.4, 
2010/12/5,15:00,0.0, ,122520, ,14.95, ,0.00, ,76.5, 
2010/12/5,16:00,0.0, ,122570, ,11.79, ,2.60, ,76.6, 
2010/12/5,17:00,0.0, ,122520, ,25.73, ,29.50, ,76.6, 
2010/12/5,18:00,0.0, ,122380, ,12.70, ,58.00, ,76.5, 
2010/12/5,19:00,0.0, ,122200, ,10.35, ,59.90, ,76.4, 
2010/12/5,20:00,0.0, ,122150, ,9.92, ,21.50, ,76.4, 
2010/12/5,21:00,0.0, ,122150, ,6.01, ,0.00, ,76.4, 
2010/12/5,22:00,0.0, ,122150, ,0.00, ,0.00, ,76.4, 
2010/12/5,23:00,0.0, ,122200, ,2.35, ,0.00, ,76.5, 
2010/12/5,24:00,0.0, ,122200, ,10.45, ,0.00, ,76.5, 
2010/12/6,01:00,0.0, ,122250, ,11.52, ,0.00, ,76.6, 
2010/12/6,02:00,0.0, ,122290, ,8.11, ,0.00, ,76.6, 
2010/12/6,03:00,0.0, ,122290, ,5.97, ,0.00, ,76.7, 
2010/12/6,04:00,0.0, ,122340, ,9.39, ,0.00, ,76.7, 
2010/12/6,05:00,0.0, ,122340, ,3.41, ,0.00, ,76.8, 
2010/12/6,06:00,0.0, ,122340, ,0.00, ,0.00, ,76.8, 
2010/12/6,07:00,0.0, ,122340, ,0.04, ,2.40, ,76.8, 
2010/12/6,08:00,0.0, ,122340, ,13.42, ,27.70, ,76.8, 
2010/12/6,09:00,0.0, ,122150, ,10.37, ,56.50, ,76.7, 
2010/12/6,10:00,0.0, ,122010, ,5.60, ,32.50, ,76.6, 
2010/12/6,11:00,0.0, ,122010, ,1.48, ,0.00, ,76.7, 
2010/12/6,12:00,0.0, ,122060, ,3.20, ,0.00, ,76.7, 
2010/12/6,13:00,0.0, ,122110, ,11.08, ,0.00, ,76.8, 
2010/12/6,14:00,0.0, ,122150, ,11.94, ,0.00, ,76.8, 
2010/12/6,15:00,0.0, ,122200, ,14.28, ,0.00, ,76.9, 
2010/12/6,16:00,0.0, ,122250, ,12.40, ,1.80, ,77.0, 
2010/12/6,17:00,0.0, ,122250, ,24.46, ,27.50, ,77.0, 
2010/12/6,18:00,0.0, ,122060, ,14.42, ,55.00, ,76.9, 
2010/12/6,19:00,0.0, ,121970, ,12.82, ,28.90, ,76.8, 
2010/12/6,20:00,0.0, ,121970, ,7.25, ,0.00, ,76.9, 
2010/12/6,21:00,0.0, ,121970, ,0.00, ,0.00, ,76.9, 
2010/12/6,22:00,0.0, ,122010, ,4.26, ,0.00, ,76.9, 
2010/12/6,23:00,0.0, ,122010, ,8.53, ,0.00, ,77.0, 
2010/12/6,24:00,0.0, ,122060, ,5.54, ,0.00, ,77.0, 
2010/12/7,01:00,0.0, ,122060, ,7.25, ,0.00, ,77.1, 
2010/12/7,02:00,0.0, ,122060, ,0.00, ,0.00, ,77.1, 
2010/12/7,03:00,0.0, ,122110, ,9.38, ,0.00, ,77.2, 
2010/12/7,04:00,0.0, ,122150, ,3.62, ,0.00, ,77.2, 
2010/12/7,05:00,0.1, ,122150, ,12.58, ,0.00, ,77.2, 
2010/12/7,06:00,0.0, ,122200, ,8.96, ,0.00, ,77.3, 
2010/12/7,07:00,0.1, ,122250, ,8.53, ,0.00, ,77.4, 
2010/12/7,08:00,0.1, ,122290, ,11.33, ,1.20, ,77.4, 
2010/12/7,09:00,0.1, ,122290, ,22.07, ,25.70, ,77.4, 
2010/12/7,10:00,0.2, ,122150, ,14.38, ,48.60, ,77.4, 
2010/12/7,11:00,0.3, ,122010, ,11.69, ,48.20, ,77.3, 
2010/12/7,12:00,0.0, ,121830, ,9.71, ,48.30, ,77.2, 
2010/12/7,13:00,0.0, ,121830, ,0.37, ,0.00, ,77.2, 
2010/12/7,14:00,0.0, ,121830, ,0.00, ,0.00, ,77.2, 
2010/12/7,15:00,0.0, ,121830, ,0.00, ,0.00, ,77.3, 
2010/12/7,16:00,0.0, ,121830, ,0.03, ,1.60, ,77.3, 
2010/12/7,17:00,0.0, ,121780, ,13.50, ,29.00, ,77.3, 
2010/12/7,18:00,0.0, ,121650, ,13.14, ,56.40, ,77.2, 
2010/12/7,19:00,0.2, ,121460, ,9.64, ,53.70, ,77.1, 
2010/12/7,20:00,0.1, ,121460, ,3.92, ,0.00, ,77.1, 
2010/12/7,21:00,0.1, ,121510, ,1.70, ,0.00, ,77.2, 
2010/12/7,22:00,0.2, ,121510, ,11.06, ,0.00, ,77.2, 
2010/12/7,23:00,0.0, ,121550, ,8.93, ,0.00, ,77.2, 
2010/12/7,24:00,0.0, ,121550, ,3.83, ,0.00, ,77.3, 
2010/12/8,01:00,0.0, ,121550, ,0.00, ,0.00, ,77.3, 
2010/12/8,02:00,0.0, ,121600, ,7.87, ,0.00, ,77.4, 
2010/12/8,03:00,0.0, ,121600, ,4.89, ,0.00, ,77.4, 
2010/12/8,04:00,0.0, ,121650, ,7.87, ,0.00, ,77.5, 
2010/12/8,05:00,0.0, ,121650, ,4.90, ,0.00, ,77.5, 
2010/12/8,06:00,0.0, ,121690, ,10.25, ,1.70, ,77.5, 
2010/12/8,07:00,0.0, ,121690, ,16.72, ,29.10, ,77.6, 
2010/12/8,08:00,0.0, ,121510, ,16.48, ,58.70, ,77.5, 
2010/12/8,09:00,0.0, ,121460, ,7.61, ,13.90, ,77.4, 
2010/12/8,10:00,0.0, ,121460, ,6.15, ,13.30, ,77.5, 
2010/12/8,11:00,0.0, ,121420, ,5.08, ,13.00, ,77.5, 
2010/12/8,12:00,0.0, ,121370, ,3.42, ,12.30, ,77.5, 
2010/12/8,13:00,0.0, ,121330, ,2.26, ,10.80, ,77.4, 
2010/12/8,14:00,0.0, ,121280, ,0.00, ,12.00, ,77.4, 
2010/12/8,15:00,0.0, ,121230, ,0.79, ,11.70, ,77.4, 
2010/12/8,16:00,0.0, ,121230, ,1.72, ,12.10, ,77.4, 
2010/12/8,17:00,0.0, ,121190, ,9.71, ,12.20, ,77.4, 
2010/12/8,18:00,0.0, ,121190, ,2.20, ,12.00, ,77.5, 
2010/12/8,19:00,0.0, ,121190, ,7.53, ,2.90, ,77.5, 
2010/12/8,20:00,0.0, ,121140, ,9.27, ,29.10, ,77.5, 
2010/12/8,21:00,0.0, ,120960, ,7.59, ,52.10, ,77.4, 
2010/12/8,22:00,0.0, ,120960, ,3.49, ,0.00, ,77.4, 
2010/12/8,23:00,0.0, ,120960, ,0.00, ,0.00, ,77.4, 
2010/12/8,24:00,0.0, ,120960, ,0.00, ,0.00, ,77.5, 
2010/12/9,01:00,0.0, ,120960, ,0.00, ,0.00, ,77.5, 
2010/12/9,02:00,0.0, ,120960, ,0.00, ,0.00, ,77.5, 
2010/12/9,03:00,0.0, ,121000, ,2.13, ,0.00, ,77.6, 
2010/12/9,04:00,0.1, ,121000, ,10.67, ,0.00, ,77.6, 
2010/12/9,05:00,0.1, ,121050, ,5.98, ,0.00, ,77.7, 
2010/12/9,06:00,0.1, ,121100, ,7.89, ,0.00, ,77.7, 
2010/12/9,07:00,0.1, ,121100, ,11.68, ,0.00, ,77.7, 
2010/12/9,08:00,0.0, ,121140, ,10.07, ,5.50, ,77.8, 
2010/12/9,09:00,0.0, ,121140, ,9.15, ,14.00, ,77.8, 
2010/12/9,10:00,0.0, ,121140, ,13.54, ,13.50, ,77.9, 
2010/12/9,11:00,0.0, ,121140, ,13.23, ,13.40, ,77.9, 
2010/12/9,12:00,0.7, ,121050, ,1.16, ,12.20, ,77.8, 
2010/12/9,13:00,0.3, ,121000, ,0.92, ,11.30, ,77.8, 
2010/12/9,14:00,0.0, ,120960, ,0.00, ,12.60, ,77.8, 
2010/12/9,15:00,0.0, ,120910, ,0.00, ,12.90, ,77.8, 
2010/12/9,16:00,0.0, ,120870, ,2.09, ,13.20, ,77.8, 
2010/12/9,17:00,0.0, ,120870, ,4.32, ,0.00, ,77.8, 
2010/12/9,18:00,0.0, ,120870, ,6.00, ,29.00, ,77.9, 
2010/12/9,19:00,0.0, ,120730, ,14.47, ,58.30, ,77.8, 
2010/12/9,20:00,0.0, ,120590, ,11.47, ,58.20, ,77.7, 
2010/12/9,21:00,0.0, ,120500, ,6.29, ,0.00, ,77.7, 
2010/12/9,22:00,0.0, ,120540, ,0.95, ,0.00, ,77.7, 
2010/12/9,23:00,0.0, ,120540, ,11.94, ,0.00, ,77.7, 
2010/12/9,24:00,0.0, ,120540, ,0.00, ,0.00, ,77.8, 
2010/12/10,01:00,0.0, ,120540, ,0.00, ,0.00, ,77.8, 
2010/12/10,02:00,0.0, ,120540, ,0.00, ,0.00, ,77.8, 
2010/12/10,03:00,0.0, ,120590, ,7.03, ,0.00, ,77.9, 
2010/12/10,04:00,0.0, ,120590, ,5.76, ,0.00, ,77.9, 
2010/12/10,05:00,0.0, ,120640, ,7.68, ,0.00, ,78.0, 
2010/12/10,06:00,0.0, ,120640, ,5.12, ,0.00, ,78.0, 
2010/12/10,07:00,0.0, ,120680, ,12.16, ,0.00, ,78.1, 
2010/12/10,08:00,0.0, ,120730, ,8.57, ,2.30, ,78.1, 
2010/12/10,09:00,0.0, ,120730, ,19.11, ,29.20, ,78.2, 
2010/12/10,10:00,0.2, ,120640, ,16.53, ,39.00, ,78.1, 
2010/12/10,11:00,0.0, ,120500, ,7.82, ,38.90, ,78.0, 
2010/12/10,12:00,0.1, ,120500, ,4.72, ,0.00, ,78.1, 
2010/12/10,13:00,0.0, ,120500, ,0.00, ,0.00, ,78.1, 
2010/12/10,14:00,0.1, ,120500, ,0.00, ,0.00, ,78.1, 
2010/12/10,15:00,0.0, ,120500, ,0.00, ,0.00, ,78.1, 
2010/12/10,16:00,0.2, ,120500, ,0.03, ,1.60, ,78.2, 
2010/12/10,17:00,0.2, ,120450, ,12.26, ,29.30, ,78.2, 
2010/12/10,18:00,0.2, ,120310, ,12.70, ,58.30, ,78.1, 
2010/12/10,19:00,0.0, ,120130, ,9.46, ,58.50, ,78.0, 
2010/12/10,20:00,0.0, ,119940, ,8.69, ,60.40, ,77.8, 
2010/12/10,21:00,0.0, ,119850, ,11.47, ,27.20, ,77.8, 
2010/12/10,22:00,0.0, ,119850, ,2.02, ,0.00, ,77.8, 
2010/12/10,23:00,0.0, ,119850, ,0.00, ,0.00, ,77.8, 
2010/12/10,24:00,0.2, ,119850, ,0.00, ,0.00, ,77.9, 
2010/12/11,01:00,0.0, ,119850, ,0.00, ,0.00, ,77.9, 
2010/12/11,02:00,0.0, ,119900, ,5.75, ,0.00, ,78.0, 
2010/12/11,03:00,0.0, ,119900, ,7.03, ,0.00, ,78.0, 
2010/12/11,04:00,0.0, ,119900, ,0.00, ,0.00, ,78.0, 
2010/12/11,05:00,0.0, ,119900, ,0.00, ,0.00, ,78.1, 
2010/12/11,06:00,0.0, ,119900, ,0.00, ,0.00, ,78.1, 
2010/12/11,07:00,0.2, ,119900, ,0.00, ,0.00, ,78.1, 
2010/12/11,08:00,0.0, ,119940, ,5.16, ,2.70, ,78.2, 
2010/12/11,09:00,0.0, ,119900, ,15.97, ,29.30, ,78.2, 
2010/12/11,10:00,0.2, ,119760, ,4.16, ,39.30, ,78.1, 
2010/12/11,11:00,0.5, ,119620, ,6.69, ,38.90, ,78.0, 
2010/12/11,12:00,0.6, ,119620, ,1.91, ,0.00, ,78.0, 
2010/12/11,13:00,0.4, ,119670, ,0.65, ,0.00, ,78.1, 
2010/12/11,14:00,0.9, ,119670, ,12.13, ,0.00, ,78.1, 
2010/12/11,15:00,0.4, ,119710, ,9.58, ,0.00, ,78.2, 
2010/12/11,16:00,0.3, ,119760, ,9.39, ,1.70, ,78.2, 
2010/12/11,17:00,0.0, ,119710, ,17.28, ,29.20, ,78.2, 
2010/12/11,18:00,0.0, ,119530, ,12.82, ,58.80, ,78.1, 
2010/12/11,19:00,0.0, ,119350, ,8.42, ,58.40, ,78.0, 
2010/12/11,20:00,0.0, ,119210, ,10.07, ,58.50, ,77.9, 
2010/12/11,21:00,0.0, ,119120, ,10.93, ,23.90, ,77.9, 
2010/12/11,22:00,0.0, ,119120, ,1.51, ,0.00, ,77.9, 
2010/12/11,23:00,0.0, ,119120, ,0.00, ,0.00, ,77.9, 
2010/12/11,24:00,0.0, ,119160, ,3.19, ,0.00, ,78.0, 
2010/12/12,01:00,0.0, ,119160, ,9.57, ,0.00, ,78.0, 
2010/12/12,02:00,0.0, ,119160, ,0.00, ,0.00, ,78.0, 
2010/12/12,03:00,0.0, ,119160, ,0.00, ,0.00, ,78.1, 
2010/12/12,04:00,0.0, ,119160, ,0.00, ,0.00, ,78.1, 
2010/12/12,05:00,0.0, ,119160, ,0.00, ,0.00, ,78.1, 
2010/12/12,06:00,0.0, ,119160, ,0.00, ,0.00, ,78.1, 
2010/12/12,07:00,0.0, ,119210, ,12.12, ,0.00, ,78.2, 
2010/12/12,08:00,0.0, ,119210, ,0.64, ,0.00, ,78.2, 
2010/12/12,09:00,0.0, ,119210, ,0.03, ,1.50, ,78.3, 
2010/12/12,10:00,0.0, ,119160, ,11.01, ,29.20, ,78.3, 
2010/12/12,11:00,0.0, ,119070, ,11.81, ,29.90, ,78.2, 
2010/12/12,12:00,0.0, ,119030, ,6.71, ,29.10, ,78.2, 
2010/12/12,13:00,0.0, ,119030, ,7.28, ,0.00, ,78.2, 
2010/12/12,14:00,0.0, ,119030, ,0.00, ,0.00, ,78.3, 
2010/12/12,15:00,0.0, ,119070, ,5.53, ,0.00, ,78.3, 
2010/12/12,16:00,0.0, ,119070, ,7.26, ,1.70, ,78.4, 
2010/12/12,17:00,0.0, ,119070, ,14.20, ,29.30, ,78.4, 
2010/12/12,18:00,0.0, ,118890, ,18.50, ,57.10, ,78.3, 
2010/12/12,19:00,0.0, ,118750, ,8.78, ,57.00, ,78.2, 
2010/12/12,20:00,0.0, ,118570, ,7.72, ,56.90, ,78.1, 
2010/12/12,21:00,0.0, ,118470, ,8.31, ,26.30, ,78.0, 
2010/12/12,22:00,0.1, ,118470, ,3.98, ,0.00, ,78.0, 
2010/12/12,23:00,0.0, ,118470, ,0.00, ,0.00, ,78.1, 
2010/12/12,24:00,0.0, ,118520, ,2.76, ,0.00, ,78.1, 
2010/12/13,01:00,0.0, ,118520, ,9.98, ,0.00, ,78.2, 
2010/12/13,02:00,0.0, ,118520, ,0.00, ,0.00, ,78.2, 
2010/12/13,03:00,0.0, ,118520, ,0.00, ,0.00, ,78.2, 
2010/12/13,04:00,0.0, ,118520, ,0.00, ,0.00, ,78.2, 
2010/12/13,05:00,0.3, ,118570, ,2.34, ,0.00, ,78.3, 
2010/12/13,06:00,0.0, ,118570, ,10.41, ,0.00, ,78.3, 
2010/12/13,07:00,1.1, ,118570, ,0.03, ,1.80, ,78.4, 
2010/12/13,08:00,2.2, ,118520, ,10.29, ,27.80, ,78.4, 
2010/12/13,09:00,3.9, ,118470, ,11.15, ,30.90, ,78.3, 
2010/12/13,10:00,5.1, ,118430, ,3.20, ,0.00, ,78.3, 
2010/12/13,11:00,3.5, ,118470, ,6.79, ,0.00, ,78.4, 
2010/12/13,12:00,4.3, ,118520, ,14.65, ,0.00, ,78.5, 
2010/12/13,13:00,2.9, ,118570, ,11.47, ,0.00, ,78.5, 
2010/12/13,14:00,3.2, ,118610, ,15.94, ,0.00, ,78.6, 
2010/12/13,15:00,4.8, ,118700, ,21.67, ,0.00, ,78.7, 
2010/12/13,16:00,3.7, ,118800, ,25.08, ,0.00, ,78.8, 
2010/12/13,17:00,5.4, ,118930, ,31.03, ,0.00, ,78.9, 
2010/12/13,18:00,2.3, ,119070, ,37.63, ,0.00, ,79.1, 
2010/12/13,19:00,1.8, ,119300, ,46.57, ,0.00, ,79.3, 
2010/12/13,20:00,1.0, ,119480, ,54.03, ,0.00, ,79.5, 
2010/12/13,21:00,0.5, ,119670, ,57.24, ,0.00, ,79.7, 
2010/12/13,22:00,0.1, ,119850, ,56.41, ,0.00, ,79.8, 
2010/12/13,23:00,0.0, ,120040, ,49.19, ,0.00, ,80.0, 
2010/12/13,24:00,0.1, ,120170, ,35.36, ,0.00, ,80.2, 
2010/12/14,01:00,0.4, ,120270, ,33.67, ,0.00, ,80.3, 
2010/12/14,02:00,0.9, ,120400, ,27.07, ,0.00, ,80.4, 
2010/12/14,03:00,0.4, ,120450, ,29.84, ,0.00, ,80.5, 
2010/12/14,04:00,0.3, ,120540, ,21.74, ,0.00, ,80.6, 
2010/12/14,05:00,0.3, ,120590, ,19.83, ,0.00, ,80.7, 
2010/12/14,06:00,0.0, ,120680, ,21.75, ,0.00, ,80.8, 
2010/12/14,07:00,0.1, ,120770, ,19.41, ,0.00, ,80.9, 
2010/12/14,08:00,0.4, ,120770, ,14.93, ,0.00, ,80.9, 
2010/12/14,09:00,0.0, ,120870, ,13.65, ,0.00, ,81.0, 
2010/12/14,10:00,0.1, ,120910, ,18.99, ,0.00, ,81.1, 
2010/12/14,11:00,0.1, ,121000, ,21.34, ,0.00, ,81.2, 
2010/12/14,12:00,0.0, ,121100, ,19.63, ,0.00, ,81.3, 
2010/12/14,13:00,0.0, ,121140, ,21.04, ,0.00, ,81.3, 
2010/12/14,14:00,0.0, ,121230, ,18.47, ,0.00, ,81.4, 
2010/12/14,15:00,0.0, ,121280, ,18.90, ,0.00, ,81.5, 
2010/12/14,16:00,0.0, ,121330, ,17.64, ,0.00, ,81.6, 
2010/12/14,17:00,0.0, ,121420, ,20.62, ,0.00, ,81.7, 
2010/12/14,18:00,0.0, ,121510, ,19.35, ,0.00, ,81.8, 
2010/12/14,19:00,0.0, ,121550, ,15.77, ,1.80, ,81.9, 
2010/12/14,20:00,0.0, ,121550, ,25.23, ,29.00, ,81.9, 
2010/12/14,21:00,0.0, ,121460, ,16.39, ,41.90, ,81.8, 
2010/12/14,22:00,0.0, ,121460, ,14.89, ,0.00, ,81.9, 
2010/12/14,23:00,0.0, ,121550, ,9.36, ,0.00, ,82.0, 
2010/12/14,24:00,0.0, ,121600, ,20.21, ,0.00, ,82.0, 
2010/12/15,01:00,0.0, ,121650, ,10.63, ,0.00, ,82.1, 
2010/12/15,02:00,0.0, ,121690, ,16.18, ,0.00, ,82.2, 
2010/12/15,03:00,0.0, ,121740, ,9.58, ,0.00, ,82.3, 
2010/12/15,04:00,0.0, ,121740, ,10.64, ,0.00, ,82.3, 
2010/12/15,05:00,0.0, ,121780, ,1.49, ,0.00, ,82.3, 
2010/12/15,06:00,0.0, ,121780, ,11.28, ,0.00, ,82.4, 
2010/12/15,07:00,0.0, ,121830, ,4.47, ,0.00, ,82.4, 
2010/12/15,08:00,0.0, ,121830, ,8.31, ,0.00, ,82.5, 
2010/12/15,09:00,0.0, ,121830, ,0.00, ,0.00, ,82.5, 
2010/12/15,10:00,0.0, ,121880, ,9.59, ,0.00, ,82.6, 
2010/12/15,11:00,0.0, ,121920, ,12.14, ,0.00, ,82.6, 
2010/12/15,12:00,0.0, ,122010, ,16.19, ,0.00, ,82.7, 
2010/12/15,13:00,0.0, ,122060, ,20.89, ,0.00, ,82.8, 
2010/12/15,14:00,0.0, ,122110, ,11.51, ,0.00, ,82.9, 
2010/12/15,15:00,0.0, ,122150, ,13.00, ,0.00, ,83.0, 
2010/12/15,16:00,0.0, ,122200, ,14.11, ,1.80, ,83.0, 
2010/12/15,17:00,0.0, ,122200, ,15.83, ,22.60, ,83.1, 
2010/12/15,18:00,0.0, ,122110, ,22.14, ,48.60, ,83.0, 
2010/12/15,19:00,0.0, ,121970, ,18.08, ,48.40, ,82.9, 
2010/12/15,20:00,0.0, ,121920, ,12.73, ,26.00, ,82.9, 
2010/12/15,21:00,0.0, ,121920, ,5.33, ,0.00, ,82.9, 
2010/12/15,22:00,0.0, ,121970, ,9.80, ,0.00, ,83.0, 
2010/12/15,23:00,0.0, ,122010, ,14.71, ,0.00, ,83.1, 
2010/12/15,24:00,0.0, ,122110, ,13.86, ,0.00, ,83.2, 
2010/12/16,01:00,0.0, ,122150, ,13.00, ,0.00, ,83.3, 
2010/12/16,02:00,0.0, ,122200, ,15.78, ,0.00, ,83.3, 
2010/12/16,03:00,0.0, ,122200, ,9.60, ,0.00, ,83.4, 
2010/12/16,04:00,0.0, ,122250, ,4.91, ,0.00, ,83.4, 
2010/12/16,05:00,0.0, ,122250, ,7.89, ,0.00, ,83.5, 
2010/12/16,06:00,0.0, ,122250, ,0.00, ,0.00, ,83.5, 
2010/12/16,07:00,0.0, ,122290, ,4.05, ,0.00, ,83.6, 
2010/12/16,08:00,0.0, ,122290, ,8.75, ,0.00, ,83.6, 
2010/12/16,09:00,0.0, ,122290, ,0.00, ,0.00, ,83.6, 
2010/12/16,10:00,0.0, ,122340, ,10.49, ,2.10, ,83.7, 
2010/12/16,11:00,0.0, ,122340, ,13.30, ,22.70, ,83.7, 
2010/12/16,12:00,0.0, ,122340, ,23.37, ,24.20, ,83.8, 
2010/12/16,13:00,0.0, ,122340, ,12.57, ,0.00, ,83.8, 
2010/12/16,14:00,0.0, ,122340, ,0.00, ,0.00, ,83.8, 
2010/12/16,15:00,0.0, ,122380, ,12.20, ,1.70, ,83.9, 
2010/12/16,16:00,0.0, ,122380, ,12.39, ,23.90, ,83.9, 
2010/12/16,17:00,0.0, ,122340, ,25.86, ,29.00, ,83.9, 
2010/12/16,18:00,0.0, ,122200, ,16.33, ,58.10, ,83.8, 
2010/12/16,19:00,0.0, ,122110, ,13.70, ,35.40, ,83.8, 
2010/12/16,20:00,0.0, ,122150, ,5.40, ,0.00, ,83.8, 
2010/12/16,21:00,0.0, ,122150, ,10.66, ,0.00, ,83.9, 
2010/12/16,22:00,0.0, ,122200, ,12.16, ,0.00, ,84.0, 
2010/12/16,23:00,0.0, ,122290, ,10.67, ,0.00, ,84.1, 
2010/12/16,24:00,0.0, ,122290, ,15.57, ,0.00, ,84.1, 
2010/12/17,01:00,0.0, ,122380, ,13.44, ,0.00, ,84.2, 
2010/12/17,02:00,0.0, ,122380, ,12.17, ,0.00, ,84.2, 
2010/12/17,03:00,0.0, ,122430, ,5.12, ,0.00, ,84.3, 
2010/12/17,04:00,0.0, ,122430, ,7.69, ,0.00, ,84.3, 
2010/12/17,05:00,0.0, ,122480, ,4.70, ,0.00, ,84.4, 
2010/12/17,06:00,0.0, ,122480, ,8.11, ,0.00, ,84.4, 
2010/12/17,07:00,0.0, ,122480, ,0.00, ,0.00, ,84.5, 
2010/12/17,08:00,0.0, ,122480, ,0.00, ,0.00, ,84.5, 
2010/12/17,09:00,0.0, ,122520, ,7.93, ,2.00, ,84.6, 
2010/12/17,10:00,0.0, ,122520, ,16.65, ,24.00, ,84.6, 
2010/12/17,11:00,0.0, ,122480, ,12.24, ,24.40, ,84.6, 
2010/12/17,12:00,0.0, ,122480, ,11.70, ,0.00, ,84.6, 
2010/12/17,13:00,0.0, ,122520, ,1.29, ,0.00, ,84.7, 
2010/12/17,14:00,0.0, ,122520, ,11.53, ,0.00, ,84.7, 
2010/12/17,15:00,0.0, ,122610, ,14.99, ,1.90, ,84.8, 
2010/12/17,16:00,0.0, ,122610, ,22.43, ,24.10, ,84.9, 
2010/12/17,17:00,0.0, ,122520, ,19.99, ,40.30, ,84.8, 
2010/12/17,18:00,0.0, ,122340, ,8.83, ,61.50, ,84.7, 
2010/12/17,19:00,0.0, ,122200, ,15.04, ,54.90, ,84.6, 
2010/12/17,20:00,0.0, ,122110, ,10.69, ,37.40, ,84.6, 
2010/12/17,21:00,0.0, ,122010, ,10.80, ,27.70, ,84.5, 
2010/12/17,22:00,0.0, ,122060, ,5.09, ,0.00, ,84.6, 
2010/12/17,23:00,0.0, ,122110, ,10.88, ,0.00, ,84.7, 
2010/12/17,24:00,0.0, ,122150, ,15.99, ,0.00, ,84.7, 
2010/12/18,01:00,0.0, ,122200, ,10.45, ,0.00, ,84.8, 
2010/12/18,02:00,0.0, ,122200, ,11.73, ,0.00, ,84.8, 
2010/12/18,03:00,0.0, ,122250, ,11.52, ,0.00, ,84.9, 
2010/12/18,04:00,0.0, ,122250, ,1.28, ,0.00, ,84.9, 
2010/12/18,05:00,0.0, ,122290, ,3.84, ,0.00, ,85.0, 
2010/12/18,06:00,0.0, ,122290, ,8.96, ,0.00, ,85.0, 
2010/12/18,07:00,0.0, ,122290, ,0.00, ,0.00, ,85.1, 
2010/12/18,08:00,0.0, ,122290, ,0.00, ,0.00, ,85.1, 
2010/12/18,09:00,0.0, ,122290, ,0.04, ,2.30, ,85.1, 
2010/12/18,10:00,0.0, ,122290, ,11.78, ,23.90, ,85.2, 
2010/12/18,11:00,0.0, ,122250, ,18.90, ,24.00, ,85.2, 
2010/12/18,12:00,0.0, ,122250, ,5.20, ,0.00, ,85.2, 
2010/12/18,13:00,0.0, ,122290, ,8.96, ,0.00, ,85.3, 
2010/12/18,14:00,0.0, ,122340, ,10.88, ,0.00, ,85.3, 
2010/12/18,15:00,0.0, ,122380, ,15.82, ,1.80, ,85.4, 
2010/12/18,16:00,0.0, ,122380, ,14.52, ,24.00, ,85.4, 
2010/12/18,17:00,0.0, ,122290, ,23.17, ,49.00, ,85.4, 
2010/12/18,18:00,0.0, ,122110, ,11.71, ,59.90, ,85.3, 
2010/12/18,19:00,0.0, ,121920, ,14.49, ,59.90, ,85.1, 
2010/12/18,20:00,0.0, ,121880, ,10.04, ,24.20, ,85.1, 
2010/12/18,21:00,0.0, ,121880, ,5.05, ,0.00, ,85.2, 
2010/12/18,22:00,0.0, ,121920, ,3.20, ,0.00, ,85.2, 
2010/12/18,23:00,0.0, ,121970, ,12.14, ,0.00, ,85.3, 
2010/12/18,24:00,0.0, ,122010, ,13.42, ,0.00, ,85.4, 
2010/12/19,01:00,0.0, ,122060, ,12.79, ,0.00, ,85.5, 
2010/12/19,02:00,0.0, ,122060, ,9.59, ,0.00, ,85.5, 
2010/12/19,03:00,0.0, ,122110, ,11.30, ,0.00, ,85.6, 
2010/12/19,04:00,0.0, ,122110, ,1.49, ,0.00, ,85.6, 
2010/12/19,05:00,0.0, ,122110, ,0.00, ,0.00, ,85.6, 
2010/12/19,06:00,0.0, ,122150, ,5.76, ,0.00, ,85.7, 
2010/12/19,07:00,0.0, ,122150, ,7.03, ,0.00, ,85.7, 
2010/12/19,08:00,0.0, ,122150, ,0.00, ,0.00, ,85.8, 
2010/12/19,09:00,0.0, ,122150, ,0.00, ,0.00, ,85.8, 
2010/12/19,10:00,0.0, ,122200, ,2.35, ,0.00, ,85.9, 
2010/12/19,11:00,0.0, ,122250, ,15.84, ,3.00, ,85.9, 
2010/12/19,12:00,0.0, ,122250, ,19.27, ,24.10, ,86.0, 
2010/12/19,13:00,0.0, ,122250, ,12.56, ,0.00, ,86.0, 
2010/12/19,14:00,0.0, ,122290, ,2.14, ,0.00, ,86.1, 
2010/12/19,15:00,0.0, ,122340, ,11.31, ,0.00, ,86.1, 
2010/12/19,16:00,0.0, ,122380, ,15.18, ,1.60, ,86.2, 
2010/12/19,17:00,0.0, ,122380, ,23.97, ,29.40, ,86.2, 
2010/12/19,18:00,0.1, ,122250, ,15.69, ,51.40, ,86.2, 
2010/12/19,19:00,0.0, ,122060, ,12.61, ,58.30, ,86.0, 
2010/12/19,20:00,0.0, ,121920, ,14.51, ,52.10, ,85.9, 
2010/12/19,21:00,0.0, ,121880, ,10.35, ,24.00, ,85.9, 
2010/12/19,22:00,0.0, ,121880, ,7.24, ,0.00, ,86.0, 
2010/12/19,23:00,0.0, ,121880, ,0.00, ,0.00, ,86.0, 
2010/12/19,24:00,0.0, ,121920, ,10.22, ,0.00, ,86.1, 
2010/12/20,01:00,0.0, ,121970, ,11.29, ,0.00, ,86.2, 
2010/12/20,02:00,0.0, ,122010, ,9.59, ,0.00, ,86.2, 
2010/12/20,03:00,0.0, ,122010, ,7.25, ,0.00, ,86.3, 
2010/12/20,04:00,0.0, ,122010, ,0.00, ,0.00, ,86.3, 
2010/12/20,05:00,0.0, ,122060, ,12.58, ,0.00, ,86.4, 
2010/12/20,06:00,0.1, ,122060, ,0.21, ,0.00, ,86.4, 
2010/12/20,07:00,0.1, ,122060, ,0.00, ,0.00, ,86.4, 
2010/12/20,08:00,0.6, ,122110, ,9.17, ,0.00, ,86.5, 
2010/12/20,09:00,0.4, ,122110, ,3.66, ,2.10, ,86.5, 
2010/12/20,10:00,0.0, ,122060, ,9.04, ,29.20, ,86.5, 
2010/12/20,11:00,0.0, ,122010, ,12.25, ,29.20, ,86.5, 
2010/12/20,12:00,0.2, ,121970, ,14.20, ,28.90, ,86.5, 
2010/12/20,13:00,0.0, ,121970, ,13.54, ,0.00, ,86.6, 
2010/12/20,14:00,0.0, ,121970, ,0.00, ,0.00, ,86.6, 
2010/12/20,15:00,0.0, ,122010, ,7.25, ,0.00, ,86.7, 
2010/12/20,16:00,0.0, ,122060, ,13.25, ,1.90, ,86.7, 
2010/12/20,17:00,0.0, ,122060, ,19.26, ,29.00, ,86.8, 
2010/12/20,18:00,0.0, ,121920, ,22.56, ,58.30, ,86.7, 
2010/12/20,19:00,0.0, ,121740, ,10.24, ,56.60, ,86.6, 
2010/12/20,20:00,0.0, ,121600, ,10.85, ,50.30, ,86.5, 
2010/12/20,21:00,0.0, ,121510, ,11.36, ,29.20, ,86.4, 
2010/12/20,22:00,0.0, ,121510, ,2.63, ,0.00, ,86.5, 
2010/12/20,23:00,0.0, ,121510, ,0.00, ,0.00, ,86.5, 
2010/12/20,24:00,0.0, ,121550, ,6.38, ,0.00, ,86.6, 
2010/12/21,01:00,0.0, ,121600, ,9.57, ,0.00, ,86.6, 
2010/12/21,02:00,0.0, ,121600, ,9.57, ,0.00, ,86.7, 
2010/12/21,03:00,0.0, ,121650, ,11.28, ,0.00, ,86.7, 
2010/12/21,04:00,0.0, ,121650, ,1.49, ,0.00, ,86.8, 
2010/12/21,05:00,0.0, ,121690, ,9.15, ,0.00, ,86.8, 
2010/12/21,06:00,0.0, ,121690, ,3.62, ,0.00, ,86.9, 
2010/12/21,07:00,0.0, ,121690, ,0.00, ,0.00, ,86.9, 
2010/12/21,08:00,0.0, ,121690, ,0.03, ,2.00, ,86.9, 
2010/12/21,09:00,0.0, ,121650, ,13.12, ,29.30, ,86.9, 
2010/12/21,10:00,0.6, ,121600, ,9.34, ,29.20, ,86.9, 
2010/12/21,11:00,1.5, ,121510, ,7.66, ,29.10, ,86.9, 
2010/12/21,12:00,2.1, ,121510, ,6.50, ,0.00, ,86.9, 
2010/12/21,13:00,2.8, ,121550, ,8.51, ,0.00, ,87.0, 
2010/12/21,14:00,4.4, ,121650, ,12.76, ,0.00, ,87.1, 
2010/12/21,15:00,5.4, ,121690, ,21.71, ,0.00, ,87.2, 
2010/12/21,16:00,5.7, ,121780, ,18.98, ,2.20, ,87.3, 
2010/12/21,17:00,1.2, ,121780, ,28.83, ,28.90, ,87.3, 
2010/12/21,18:00,0.3, ,121780, ,15.02, ,0.00, ,87.4, 
2010/12/21,19:00,1.0, ,121880, ,9.80, ,0.00, ,87.5, 
2010/12/21,20:00,0.1, ,121920, ,20.45, ,0.00, ,87.6, 
2010/12/21,21:00,0.0, ,121970, ,11.72, ,0.00, ,87.6, 
2010/12/21,22:00,0.0, ,122010, ,16.83, ,0.00, ,87.7, 
2010/12/21,23:00,0.0, ,122110, ,20.68, ,0.00, ,87.8, 
2010/12/21,24:00,0.0, ,122150, ,10.87, ,0.00, ,87.9, 
2010/12/22,01:00,0.0, ,122200, ,17.48, ,0.00, ,88.0, 
2010/12/22,02:00,0.0, ,122290, ,17.92, ,0.00, ,88.1, 
2010/12/22,03:00,0.0, ,122340, ,20.91, ,0.00, ,88.2, 
2010/12/22,04:00,0.0, ,122380, ,9.60, ,0.00, ,88.2, 
2010/12/22,05:00,0.0, ,122430, ,10.25, ,0.00, ,88.3, 
2010/12/22,06:00,0.0, ,122430, ,12.60, ,0.00, ,88.3, 
2010/12/22,07:00,0.0, ,122480, ,0.85, ,0.00, ,88.4, 
2010/12/22,08:00,0.0, ,122480, ,11.96, ,0.00, ,88.5, 
2010/12/22,09:00,0.0, ,122520, ,11.10, ,0.00, ,88.5, 
2010/12/22,10:00,0.0, ,122570, ,2.35, ,0.00, ,88.6, 
2010/12/22,11:00,0.0, ,122610, ,14.96, ,0.00, ,88.7, 
2010/12/22,12:00,0.0, ,122660, ,17.09, ,0.00, ,88.8, 
2010/12/22,13:00,0.0, ,122710, ,10.68, ,0.00, ,88.8, 
2010/12/22,14:00,0.0, ,122750, ,14.53, ,0.00, ,88.9, 
2010/12/22,15:00,0.0, ,122800, ,13.04, ,0.00, ,89.0, 
2010/12/22,16:00,0.0, ,122840, ,16.07, ,1.80, ,89.1, 
2010/12/22,17:00,0.0, ,122840, ,16.92, ,29.00, ,89.1, 
2010/12/22,18:00,0.1, ,122710, ,25.24, ,58.10, ,89.0, 
2010/12/22,19:00,0.1, ,122570, ,16.13, ,58.00, ,88.9, 
2010/12/22,20:00,0.1, ,122480, ,13.35, ,29.10, ,88.9, 
2010/12/22,21:00,0.2, ,122480, ,12.75, ,19.30, ,88.9, 
2010/12/22,22:00,0.2, ,122480, ,10.05, ,0.00, ,88.9, 
2010/12/22,23:00,0.0, ,122520, ,6.41, ,0.00, ,89.0, 
2010/12/22,24:00,0.4, ,122570, ,16.02, ,0.00, ,89.1, 
2010/12/23,01:00,0.0, ,122610, ,12.18, ,0.00, ,89.2, 
2010/12/23,02:00,0.0, ,122660, ,16.24, ,0.00, ,89.2, 
2010/12/23,03:00,0.0, ,122710, ,8.97, ,0.00, ,89.3, 
2010/12/23,04:00,0.0, ,122710, ,4.27, ,0.00, ,89.4, 
2010/12/23,05:00,0.0, ,122750, ,11.76, ,0.00, ,89.4, 
2010/12/23,06:00,0.0, ,122750, ,1.07, ,0.00, ,89.5, 
2010/12/23,07:00,0.1, ,122800, ,3.21, ,0.00, ,89.5, 
2010/12/23,08:00,0.0, ,122800, ,9.62, ,0.00, ,89.6, 
2010/12/23,09:00,0.0, ,122800, ,0.00, ,0.00, ,89.6, 
2010/12/23,10:00,0.0, ,122840, ,12.62, ,0.00, ,89.7, 
2010/12/23,11:00,0.0, ,122890, ,7.06, ,0.00, ,89.8, 
2010/12/23,12:00,0.0, ,122940, ,14.76, ,0.00, ,89.8, 
2010/12/23,13:00,0.0, ,122980, ,10.70, ,0.00, ,89.9, 
2010/12/23,14:00,0.0, ,123030, ,12.84, ,0.00, ,90.0, 
2010/12/23,15:00,0.0, ,123080, ,13.91, ,0.00, ,90.1, 
2010/12/23,16:00,0.0, ,123120, ,10.96, ,2.20, ,90.1, 
2010/12/23,17:00,0.0, ,123120, ,18.82, ,24.10, ,90.2, 
2010/12/23,18:00,0.0, ,122980, ,19.35, ,51.60, ,90.1, 
2010/12/23,19:00,0.0, ,122840, ,14.96, ,58.20, ,90.0, 
2010/12/23,20:00,0.0, ,122660, ,13.66, ,55.50, ,89.9, 
2010/12/23,21:00,0.0, ,122660, ,4.37, ,0.00, ,89.9, 
2010/12/23,22:00,0.0, ,122710, ,8.98, ,0.00, ,90.0, 
2010/12/23,23:00,0.0, ,122750, ,10.47, ,0.00, ,90.1, 
2010/12/23,24:00,0.0, ,122800, ,9.84, ,0.00, ,90.1, 
2010/12/24,01:00,0.0, ,122840, ,15.40, ,0.00, ,90.2, 
2010/12/24,02:00,0.0, ,122890, ,10.48, ,0.00, ,90.3, 
2010/12/24,03:00,0.0, ,122890, ,8.98, ,0.00, ,90.3, 
2010/12/24,04:00,0.0, ,122890, ,0.00, ,0.00, ,90.4, 
2010/12/24,05:00,0.0, ,122940, ,11.13, ,0.00, ,90.4, 
2010/12/24,06:00,0.0, ,122940, ,1.71, ,0.00, ,90.5, 
2010/12/24,07:00,0.0, ,122980, ,10.70, ,0.00, ,90.6, 
2010/12/24,08:00,0.0, ,122980, ,2.14, ,0.00, ,90.6, 
2010/12/24,09:00,0.0, ,122980, ,0.00, ,0.00, ,90.6, 
2010/12/24,10:00,0.0, ,123030, ,3.03, ,2.00, ,90.7, 
2010/12/24,11:00,0.0, ,123030, ,24.18, ,29.10, ,90.7, 
2010/12/24,12:00,0.0, ,122890, ,13.37, ,43.70, ,90.7, 
2010/12/24,13:00,0.0, ,122890, ,6.84, ,0.00, ,90.7, 
2010/12/24,14:00,0.0, ,122940, ,11.35, ,0.00, ,90.8, 
2010/12/24,15:00,0.0, ,122980, ,13.05, ,0.00, ,90.8, 
2010/12/24,16:00,0.0, ,123030, ,12.65, ,1.40, ,90.9, 
2010/12/24,17:00,0.0, ,123030, ,15.61, ,28.80, ,91.0, 
2010/12/24,18:00,0.0, ,122840, ,16.41, ,58.20, ,90.8, 
2010/12/24,19:00,0.0, ,122710, ,15.29, ,55.60, ,90.7, 
2010/12/24,20:00,0.0, ,122710, ,7.83, ,0.00, ,90.8, 
2010/12/24,21:00,0.0, ,122750, ,2.36, ,0.00, ,90.9, 
2010/12/24,22:00,0.0, ,122800, ,13.90, ,0.00, ,90.9, 
2010/12/24,23:00,0.0, ,122840, ,10.69, ,0.00, ,91.0, 
2010/12/24,24:00,0.0, ,122840, ,11.55, ,0.00, ,91.0, 
2010/12/25,01:00,0.0, ,122940, ,14.97, ,0.00, ,91.2, 
2010/12/25,02:00,0.0, ,122980, ,11.98, ,0.00, ,91.2, 
2010/12/25,03:00,0.0, ,122980, ,11.56, ,0.00, ,91.3, 
2010/12/25,04:00,0.0, ,122980, ,0.00, ,0.00, ,91.3, 
2010/12/25,05:00,0.0, ,122980, ,0.00, ,0.00, ,91.4, 
2010/12/25,06:00,0.0, ,123030, ,3.00, ,0.00, ,91.4, 
2010/12/25,07:00,0.0, ,123030, ,9.84, ,0.00, ,91.5, 
2010/12/25,08:00,0.0, ,123030, ,0.00, ,0.00, ,91.5, 
2010/12/25,09:00,0.0, ,123030, ,0.00, ,0.00, ,91.5, 
2010/12/25,10:00,0.0, ,123080, ,11.77, ,0.00, ,91.6, 
2010/12/25,11:00,0.0, ,123120, ,2.57, ,0.00, ,91.7, 
2010/12/25,12:00,0.0, ,123170, ,14.99, ,0.00, ,91.8, 
2010/12/25,13:00,0.0, ,123210, ,13.74, ,1.90, ,91.9, 
2010/12/25,14:00,0.0, ,123170, ,19.45, ,23.90, ,91.9, 
2010/12/25,15:00,0.0, ,123120, ,11.15, ,23.90, ,91.8, 
2010/12/25,16:00,0.0, ,123170, ,8.29, ,2.10, ,91.9, 
2010/12/25,17:00,0.0, ,123120, ,14.78, ,29.30, ,91.9, 
2010/12/25,18:00,0.0, ,122940, ,11.47, ,58.10, ,91.8, 
2010/12/25,19:00,0.0, ,122750, ,11.52, ,58.40, ,91.7, 
2010/12/25,20:00,0.0, ,122710, ,8.15, ,24.30, ,91.7, 
2010/12/25,21:00,0.0, ,122660, ,8.60, ,22.70, ,91.7, 
2010/12/25,22:00,0.0, ,122660, ,3.22, ,0.00, ,91.7, 
2010/12/25,23:00,0.0, ,122710, ,0.86, ,0.00, ,91.8, 
2010/12/25,24:00,0.0, ,122710, ,11.97, ,0.00, ,91.8, 
2010/12/26,01:00,0.0, ,122750, ,9.62, ,0.00, ,91.9, 
2010/12/26,02:00,0.0, ,122800, ,8.34, ,0.00, ,92.0, 
2010/12/26,03:00,0.0, ,122800, ,7.70, ,0.00, ,92.0, 
2010/12/26,04:00,0.0, ,122800, ,0.00, ,0.00, ,92.0, 
2010/12/26,05:00,0.0, ,122840, ,11.76, ,0.00, ,92.1, 
2010/12/26,06:00,0.0, ,122840, ,1.07, ,0.00, ,92.1, 
2010/12/26,07:00,0.0, ,122840, ,0.00, ,0.00, ,92.2, 
2010/12/26,08:00,0.0, ,122890, ,1.11, ,2.30, ,92.3, 
2010/12/26,09:00,0.0, ,122840, ,19.92, ,23.70, ,92.3, 
2010/12/26,10:00,0.0, ,122750, ,6.46, ,24.00, ,92.2, 
2010/12/26,11:00,0.0, ,122710, ,5.32, ,24.40, ,92.2, 
2010/12/26,12:00,0.0, ,122710, ,3.75, ,0.00, ,92.3, 
2010/12/26,13:00,0.0, ,122750, ,8.13, ,0.00, ,92.3, 
2010/12/26,14:00,0.0, ,122800, ,11.76, ,0.00, ,92.4, 
2010/12/26,15:00,0.0, ,122890, ,17.32, ,0.00, ,92.5, 
2010/12/26,16:00,0.0, ,122890, ,14.15, ,2.00, ,92.6, 
2010/12/26,17:00,0.0, ,122890, ,13.38, ,27.70, ,92.6, 
2010/12/26,18:00,0.0, ,122750, ,19.00, ,54.50, ,92.5, 
2010/12/26,19:00,0.0, ,122570, ,14.35, ,55.20, ,92.4, 
2010/12/26,20:00,0.0, ,122430, ,11.84, ,53.90, ,92.3, 
2010/12/26,21:00,0.0, ,122430, ,5.96, ,0.00, ,92.3, 
2010/12/26,22:00,0.0, ,122480, ,1.28, ,0.00, ,92.4, 
2010/12/26,23:00,0.0, ,122480, ,11.53, ,0.00, ,92.5, 
2010/12/26,24:00,0.0, ,122520, ,10.89, ,0.00, ,92.5, 
2010/12/27,01:00,0.0, ,122520, ,1.92, ,0.00, ,92.6, 
2010/12/27,02:00,0.1, ,122570, ,12.18, ,0.00, ,92.7, 
2010/12/27,03:00,0.1, ,122570, ,0.64, ,0.00, ,92.7, 
2010/12/27,04:00,0.0, ,122610, ,10.04, ,0.00, ,92.8, 
2010/12/27,05:00,0.1, ,122610, ,2.78, ,0.00, ,92.8, 
2010/12/27,06:00,0.0, ,122610, ,0.00, ,0.00, ,92.8, 
2010/12/27,07:00,0.1, ,122610, ,0.00, ,0.00, ,92.9, 
2010/12/27,08:00,0.0, ,122660, ,6.66, ,2.40, ,93.0, 
2010/12/27,09:00,0.0, ,122610, ,11.18, ,24.10, ,93.0, 
2010/12/27,10:00,0.0, ,122430, ,5.48, ,53.20, ,92.8, 
2010/12/27,11:00,0.1, ,122250, ,10.86, ,58.10, ,92.7, 
2010/12/27,12:00,0.1, ,122200, ,9.22, ,29.20, ,92.7, 
2010/12/27,13:00,0.2, ,122200, ,7.20, ,0.00, ,92.7, 
2010/12/27,14:00,0.0, ,122250, ,3.20, ,0.00, ,92.8, 
2010/12/27,15:00,0.0, ,122290, ,12.37, ,0.00, ,92.9, 
2010/12/27,16:00,0.0, ,122340, ,11.98, ,1.90, ,93.0, 
2010/12/27,17:00,0.2, ,122340, ,21.79, ,22.50, ,93.0, 
2010/12/27,18:00,0.0, ,122250, ,18.13, ,40.50, ,93.0, 
2010/12/27,19:00,0.0, ,122150, ,10.15, ,40.30, ,92.9, 
2010/12/27,20:00,0.0, ,122150, ,12.79, ,0.00, ,92.9, 
2010/12/27,21:00,0.0, ,122150, ,0.00, ,0.00, ,93.0, 
2010/12/27,22:00,0.0, ,122200, ,7.04, ,0.00, ,93.1, 
2010/12/27,23:00,0.0, ,122250, ,9.39, ,0.00, ,93.2, 
2010/12/27,24:00,0.0, ,122290, ,9.39, ,0.00, ,93.2, 
2010/12/28,01:00,0.0, ,122290, ,12.59, ,0.00, ,93.3, 
2010/12/28,02:00,0.0, ,122290, ,0.00, ,0.00, ,93.3, 
2010/12/28,03:00,0.0, ,122340, ,5.33, ,0.00, ,93.4, 
2010/12/28,04:00,0.0, ,122340, ,7.47, ,0.00, ,93.4, 
2010/12/28,05:00,0.0, ,122340, ,0.00, ,0.00, ,93.5, 
2010/12/28,06:00,0.0, ,122340, ,0.00, ,0.00, ,93.5, 
2010/12/28,07:00,0.0, ,122340, ,0.00, ,0.00, ,93.5, 
2010/12/28,08:00,0.0, ,122380, ,12.60, ,0.00, ,93.6, 
2010/12/28,09:00,0.0, ,122380, ,0.24, ,1.50, ,93.7, 
2010/12/28,10:00,0.0, ,122340, ,10.91, ,28.60, ,93.7, 
2010/12/28,11:00,0.0, ,122200, ,14.14, ,48.90, ,93.6, 
2010/12/28,12:00,0.3, ,122110, ,10.17, ,40.80, ,93.5, 
2010/12/28,13:00,0.3, ,122110, ,6.41, ,0.00, ,93.6, 
2010/12/28,14:00,0.8, ,122150, ,5.97, ,0.00, ,93.6, 
2010/12/28,15:00,0.5, ,122200, ,10.66, ,0.00, ,93.7, 
2010/12/28,16:00,1.6, ,122250, ,12.85, ,3.10, ,93.8, 
2010/12/28,17:00,0.7, ,122250, ,23.18, ,29.00, ,93.8, 
2010/12/28,18:00,1.6, ,122060, ,17.86, ,58.70, ,93.7, 
2010/12/28,19:00,1.0, ,121920, ,13.28, ,55.70, ,93.6, 
2010/12/28,20:00,0.1, ,121920, ,10.10, ,0.00, ,93.7, 
2010/12/28,21:00,0.2, ,121970, ,5.11, ,0.00, ,93.7, 
2010/12/28,22:00,0.0, ,121970, ,8.73, ,0.00, ,93.8, 
2010/12/28,23:00,0.0, ,122010, ,7.25, ,0.00, ,93.9, 
2010/12/28,24:00,0.0, ,122010, ,4.48, ,0.00, ,93.9, 
2010/12/29,01:00,0.0, ,122110, ,13.43, ,0.00, ,94.0, 
2010/12/29,02:00,0.0, ,122110, ,12.15, ,0.00, ,94.1, 
2010/12/29,03:00,0.0, ,122110, ,0.00, ,0.00, ,94.1, 
2010/12/29,04:00,0.0, ,122110, ,0.00, ,0.00, ,94.1, 
2010/12/29,05:00,0.0, ,122150, ,8.31, ,0.00, ,94.2, 
2010/12/29,06:00,0.0, ,122150, ,4.48, ,0.00, ,94.3, 
2010/12/29,07:00,0.0, ,122150, ,0.00, ,0.00, ,94.3, 
2010/12/29,08:00,0.0, ,122150, ,0.04, ,2.20, ,94.3, 
2010/12/29,09:00,0.0, ,122110, ,10.96, ,28.80, ,94.3, 
2010/12/29,10:00,0.0, ,121920, ,11.58, ,58.40, ,94.2, 
2010/12/29,11:00,0.0, ,121780, ,9.79, ,58.60, ,94.1, 
2010/12/29,12:00,0.0, ,121600, ,9.35, ,58.70, ,94.0, 
2010/12/29,13:00,0.0, ,121600, ,11.33, ,0.00, ,94.0, 
2010/12/29,14:00,0.0, ,121600, ,0.00, ,0.00, ,94.1, 
2010/12/29,15:00,0.0, ,121650, ,12.56, ,0.00, ,94.1, 
2010/12/29,16:00,0.0, ,121690, ,11.71, ,0.00, ,94.2, 
2010/12/29,17:00,0.0, ,121740, ,8.12, ,1.80, ,94.3, 
2010/12/29,18:00,0.0, ,121740, ,20.15, ,28.90, ,94.3, 
2010/12/29,19:00,0.0, ,121650, ,19.93, ,33.80, ,94.3, 
2010/12/29,20:00,0.0, ,121650, ,3.92, ,0.00, ,94.3, 
2010/12/29,21:00,0.0, ,121690, ,2.13, ,0.00, ,94.4, 
2010/12/29,22:00,0.0, ,121740, ,15.75, ,0.00, ,94.5, 
2010/12/29,23:00,0.0, ,121780, ,10.00, ,0.00, ,94.6, 
2010/12/29,24:00,0.0, ,121780, ,10.43, ,0.00, ,94.6, 
2010/12/30,01:00,0.0, ,121880, ,14.91, ,0.00, ,94.8, 
2010/12/30,02:00,0.0, ,121880, ,10.65, ,0.00, ,94.8, 
2010/12/30,03:00,0.0, ,121920, ,6.39, ,0.00, ,94.9, 
2010/12/30,04:00,0.0, ,121920, ,6.39, ,0.00, ,94.9, 
2010/12/30,05:00,0.0, ,121970, ,4.26, ,0.00, ,95.0, 
2010/12/30,06:00,0.0, ,121970, ,8.52, ,0.00, ,95.0, 
2010/12/30,07:00,0.0, ,121970, ,0.00, ,0.00, ,95.1, 
2010/12/30,08:00,0.0, ,121970, ,0.03, ,1.60, ,95.1, 
2010/12/30,09:00,0.0, ,121970, ,11.74, ,24.00, ,95.2, 
2010/12/30,10:00,0.1, ,121780, ,10.91, ,48.50, ,95.0, 
2010/12/30,11:00,0.0, ,121690, ,7.89, ,40.70, ,95.0, 
2010/12/30,12:00,0.5, ,121600, ,13.30, ,40.80, ,94.9, 
2010/12/30,13:00,0.3, ,121600, ,8.18, ,0.00, ,95.0, 
2010/12/30,14:00,0.2, ,121650, ,0.64, ,0.00, ,95.1, 
2010/12/30,15:00,0.1, ,121690, ,16.60, ,0.00, ,95.1, 
2010/12/30,16:00,0.0, ,121740, ,10.64, ,0.00, ,95.2, 
2010/12/30,17:00,0.1, ,121740, ,10.46, ,1.80, ,95.3, 
2010/12/30,18:00,0.0, ,121690, ,13.94, ,29.20, ,95.3, 
2010/12/30,19:00,0.1, ,121600, ,17.53, ,58.20, ,95.2, 
2010/12/30,20:00,0.1, ,121510, ,17.96, ,24.20, ,95.2, 
2010/12/30,21:00,0.0, ,121460, ,7.29, ,24.10, ,95.2, 
2010/12/30,22:00,0.1, ,121420, ,7.10, ,24.70, ,95.2, 
2010/12/30,23:00,0.1, ,121420, ,8.12, ,0.00, ,95.2, 
2010/12/30,24:00,0.1, ,121420, ,0.00, ,0.00, ,95.2, 
2010/12/31,01:00,0.1, ,121460, ,4.04, ,0.00, ,95.3, 
2010/12/31,02:00,0.1, ,121460, ,8.72, ,0.00, ,95.3, 
2010/12/31,03:00,0.1, ,121510, ,4.47, ,0.00, ,95.3, 
2010/12/31,04:00,0.1, ,121510, ,8.29, ,0.00, ,95.3, 
2010/12/31,05:00,0.1, ,121510, ,0.00, ,0.00, ,95.3, 
2010/12/31,06:00,0.0, ,121550, ,11.27, ,0.00, ,95.4, 
2010/12/31,07:00,0.0, ,121550, ,1.49, ,0.00, ,95.4, 
2010/12/31,08:00,0.0, ,121600, ,6.85, ,2.40, ,95.4, 
2010/12/31,09:00,0.1, ,121550, ,11.41, ,24.40, ,95.4, 
2010/12/31,10:00,0.0, ,121420, ,8.05, ,40.20, ,95.2, 
2010/12/31,11:00,0.0, ,121330, ,9.89, ,40.50, ,95.2, 
2010/12/31,12:00,0.0, ,121330, ,5.80, ,0.00, ,95.2, 
2010/12/31,13:00,0.0, ,121370, ,3.40, ,0.00, ,95.2, 
2010/12/31,14:00,0.0, ,121370, ,9.35, ,0.00, ,95.2, 
2010/12/31,15:00,0.1, ,121420, ,6.80, ,0.00, ,95.2, 
2010/12/31,16:00,0.0, ,121460, ,9.14, ,0.00, ,95.3, 
2010/12/31,17:00,0.0, ,121510, ,13.64, ,2.00, ,95.3, 
2010/12/31,18:00,0.0, ,121460, ,16.93, ,29.30, ,95.3, 
2010/12/31,19:00,0.0, ,121280, ,9.50, ,58.30, ,95.1, 
2010/12/31,20:00,0.0, ,121140, ,9.77, ,48.50, ,95.0, 
2010/12/31,21:00,0.0, ,121100, ,8.29, ,22.50, ,94.9, 
2010/12/31,22:00,0.0, ,121100, ,8.60, ,0.00, ,94.9, 
2010/12/31,23:00,0.0, ,121100, ,0.00, ,0.00, ,94.9, 
2010/12/31,24:00,0.0, ,121100, ,0.00, ,0.00, ,94.9, 
