îCà”ä˙ä‘É_ÉÄèîó åüçıåãâ 
êÖånñº,ãgñÏêÏ
âÕêÏñº,ãgñÏêÏ
äœë™èäñº,ëÅñæâYÉ_ÉÄÅiã@ç\Åj
äœë™èäãLçÜ,1368080700010
#
#îNåéì˙,éûçè,ó¨àÊïΩãœâJó ,ó¨àÊïΩãœâJó ëÆê´,íôêÖó ,íôêÖó ëÆê´,ó¨ì¸ó ,ó¨ì¸ó ëÆê´,ï˙ó¨ó ,ï˙ó¨ó ëÆê´,íôêÖó¶,íôêÖó¶ëÆê´
#ëÆê´Å@$:åáë™ -:ñ¢éÛêM
#
2012/9/1,01:00,0.0, ,174390, ,90.99, ,59.00, ,100.0, 
2012/9/1,02:00,0.0, ,174440, ,86.01, ,59.10, ,100.0, 
2012/9/1,03:00,0.0, ,174560, ,82.38, ,59.70, ,100.0, 
2012/9/1,04:00,0.5, ,174560, ,75.09, ,59.60, ,100.0, 
2012/9/1,05:00,0.4, ,174610, ,70.63, ,59.70, ,100.0, 
2012/9/1,06:00,0.1, ,174610, ,63.85, ,59.40, ,100.0, 
2012/9/1,07:00,0.0, ,174670, ,74.79, ,59.80, ,100.0, 
2012/9/1,08:00,0.0, ,174670, ,59.68, ,59.80, ,100.0, 
2012/9/1,09:00,1.7, ,174670, ,59.41, ,59.10, ,100.0, 
2012/9/1,10:00,3.8, ,174730, ,64.92, ,59.90, ,100.0, 
2012/9/1,11:00,9.2, ,174730, ,69.59, ,59.40, ,100.0, 
2012/9/1,12:00,2.5, ,174780, ,68.81, ,59.30, ,100.0, 
2012/9/1,13:00,6.4, ,174890, ,75.83, ,59.20, ,100.0, 
2012/9/1,14:00,0.9, ,175120, ,111.58, ,59.40, ,100.0, 
2012/9/1,15:00,0.0, ,175350, ,126.21, ,59.40, ,100.0, 
2012/9/1,16:00,4.0, ,175680, ,131.71, ,59.30, ,100.0, 
2012/9/1,17:00,1.8, ,176020, ,159.72, ,59.60, ,100.0, 
2012/9/1,18:00,1.7, ,176310, ,142.22, ,59.00, ,100.0, 
2012/9/1,19:00,4.0, ,176530, ,136.21, ,59.20, ,100.0, 
2012/9/1,20:00,0.7, ,176760, ,118.14, ,59.40, ,100.0, 
2012/9/1,21:00,6.6, ,177160, ,137.06, ,59.30, ,100.0, 
2012/9/1,22:00,5.2, ,177500, ,167.82, ,59.00, ,100.0, 
2012/9/1,23:00,0.3, ,177840, ,149.97, ,58.60, ,100.0, 
2012/9/1,24:00,0.0, ,178120, ,149.46, ,59.00, ,100.0, 
2012/9/2,01:00,0.0, ,178460, ,148.19, ,58.60, ,100.0, 
2012/9/2,02:00,0.0, ,178750, ,141.95, ,59.20, ,100.0, 
2012/9/2,03:00,0.0, ,178980, ,128.76, ,58.40, ,100.0, 
2012/9/2,04:00,0.0, ,179200, ,120.07, ,58.60, ,100.0, 
2012/9/2,05:00,0.0, ,179380, ,113.22, ,58.50, ,100.0, 
2012/9/2,06:00,0.0, ,179490, ,105.81, ,58.90, ,100.0, 
2012/9/2,07:00,0.0, ,179660, ,103.44, ,58.60, ,100.0, 
2012/9/2,08:00,0.0, ,179830, ,99.20, ,58.80, ,100.0, 
2012/9/2,09:00,0.0, ,179950, ,98.68, ,58.90, ,100.0, 
2012/9/2,10:00,0.0, ,180060, ,92.07, ,58.30, ,100.0, 
2012/9/2,11:00,0.0, ,180180, ,91.53, ,58.60, ,100.0, 
2012/9/2,12:00,0.1, ,180290, ,89.38, ,58.40, ,100.0, 
2012/9/2,13:00,0.0, ,180350, ,82.77, ,58.90, ,100.0, 
2012/9/2,14:00,0.5, ,180460, ,85.95, ,58.70, ,100.0, 
2012/9/2,15:00,3.0, ,180580, ,84.07, ,58.80, ,100.0, 
2012/9/2,16:00,4.8, ,180690, ,95.22, ,58.70, ,100.0, 
2012/9/2,17:00,2.0, ,180810, ,87.01, ,58.80, ,100.0, 
2012/9/2,18:00,0.5, ,180980, ,96.84, ,58.50, ,100.0, 
2012/9/2,19:00,0.5, ,181210, ,113.04, ,58.20, ,100.0, 
2012/9/2,20:00,0.0, ,181380, ,114.09, ,58.30, ,100.0, 
2012/9/2,21:00,0.1, ,181610, ,111.43, ,58.50, ,100.0, 
2012/9/2,22:00,0.0, ,181780, ,117.32, ,58.30, ,100.0, 
2012/9/2,23:00,0.2, ,181960, ,108.25, ,58.10, ,100.0, 
2012/9/2,24:00,0.1, ,182070, ,94.90, ,58.10, ,100.0, 
2012/9/3,01:00,0.0, ,182190, ,92.76, ,58.50, ,100.0, 
2012/9/3,02:00,0.0, ,182250, ,86.38, ,58.80, ,100.0, 
2012/9/3,03:00,0.1, ,182360, ,81.59, ,58.60, ,100.0, 
2012/9/3,04:00,0.0, ,182480, ,85.03, ,58.70, ,100.0, 
2012/9/3,05:00,0.1, ,182530, ,85.03, ,58.10, ,100.0, 
2012/9/3,06:00,0.0, ,182590, ,78.85, ,58.30, ,100.0, 
2012/9/3,07:00,0.0, ,182650, ,78.06, ,58.40, ,100.0, 
2012/9/3,08:00,0.0, ,182710, ,73.51, ,58.30, ,100.0, 
2012/9/3,09:00,0.0, ,182770, ,69.77, ,58.10, ,100.0, 
2012/9/3,10:00,0.0, ,182820, ,65.75, ,58.30, ,100.0, 
2012/9/3,11:00,0.3, ,182820, ,73.25, ,58.30, ,100.0, 
2012/9/3,12:00,0.5, ,182820, ,58.26, ,58.00, ,100.0, 
2012/9/3,13:00,2.1, ,182880, ,62.80, ,58.10, ,100.0, 
2012/9/3,14:00,9.7, ,183050, ,90.92, ,58.30, ,100.0, 
2012/9/3,15:00,3.6, ,183170, ,103.46, ,58.20, ,100.0, 
2012/9/3,16:00,3.1, ,183400, ,104.32, ,58.30, ,100.0, 
2012/9/3,17:00,3.1, ,183630, ,126.36, ,58.10, ,100.0, 
2012/9/3,18:00,0.8, ,183920, ,131.47, ,57.90, ,100.0, 
2012/9/3,19:00,0.1, ,184100, ,117.52, ,57.90, ,100.0, 
2012/9/3,20:00,0.0, ,184270, ,105.41, ,58.40, ,100.0, 
2012/9/3,21:00,0.0, ,184450, ,105.92, ,57.80, ,100.0, 
2012/9/3,22:00,0.0, ,184560, ,102.15, ,57.70, ,100.0, 
2012/9/3,23:00,0.0, ,184740, ,97.32, ,58.40, ,100.0, 
2012/9/3,24:00,0.0, ,184850, ,93.81, ,58.20, ,100.0, 
2012/9/4,01:00,0.0, ,184970, ,88.40, ,57.70, ,100.0, 
2012/9/4,02:00,0.0, ,185030, ,87.09, ,58.00, ,100.0, 
2012/9/4,03:00,0.0, ,185150, ,79.51, ,58.30, ,100.0, 
2012/9/4,04:00,0.0, ,185200, ,83.27, ,58.00, ,100.0, 
2012/9/4,05:00,0.0, ,185260, ,76.80, ,58.20, ,100.0, 
2012/9/4,06:00,0.0, ,185320, ,76.26, ,58.10, ,100.0, 
2012/9/4,07:00,0.0, ,185380, ,77.32, ,58.20, ,100.0, 
2012/9/4,08:00,0.0, ,185440, ,73.00, ,57.90, ,100.0, 
2012/9/4,09:00,0.0, ,185500, ,69.24, ,57.90, ,100.0, 
2012/9/4,10:00,0.0, ,185550, ,67.59, ,57.90, ,100.0, 
2012/9/4,11:00,0.0, ,185550, ,73.00, ,57.90, ,100.0, 
2012/9/4,12:00,0.0, ,185610, ,62.19, ,57.90, ,100.0, 
2012/9/4,13:00,0.0, ,185610, ,69.74, ,57.90, ,100.0, 
2012/9/4,14:00,0.0, ,185670, ,60.29, ,57.80, ,100.0, 
2012/9/4,15:00,0.0, ,185670, ,71.62, ,57.80, ,100.0, 
2012/9/4,16:00,0.0, ,185670, ,57.87, ,58.10, ,100.0, 
2012/9/4,17:00,0.0, ,185670, ,57.85, ,57.90, ,100.0, 
2012/9/4,18:00,0.0, ,185670, ,57.84, ,58.10, ,100.0, 
2012/9/4,19:00,0.0, ,185670, ,57.85, ,57.90, ,100.0, 
2012/9/4,20:00,0.0, ,185610, ,52.72, ,58.00, ,100.0, 
2012/9/4,21:00,0.0, ,185610, ,46.77, ,57.70, ,100.0, 
2012/9/4,22:00,0.0, ,185550, ,42.20, ,57.70, ,100.0, 
2012/9/4,23:00,0.0, ,185500, ,46.00, ,58.00, ,100.0, 
2012/9/4,24:00,0.0, ,185440, ,43.29, ,58.10, ,100.0, 
2012/9/5,01:00,0.0, ,185380, ,43.19, ,59.70, ,100.0, 
2012/9/5,02:00,0.0, ,185320, ,41.76, ,58.90, ,100.0, 
2012/9/5,03:00,0.0, ,185260, ,45.54, ,59.60, ,100.0, 
2012/9/5,04:00,0.0, ,185200, ,40.44, ,59.10, ,100.0, 
2012/9/5,05:00,0.0, ,185150, ,43.70, ,59.50, ,100.0, 
2012/9/5,06:00,0.0, ,185090, ,39.12, ,59.20, ,100.0, 
2012/9/5,07:00,0.0, ,185030, ,44.24, ,59.60, ,100.0, 
2012/9/5,08:00,0.0, ,184910, ,38.32, ,59.60, ,100.0, 
2012/9/5,09:00,0.0, ,184850, ,39.96, ,59.60, ,100.0, 
2012/9/5,10:00,0.0, ,184800, ,39.16, ,59.50, ,100.0, 
2012/9/5,11:00,0.0, ,184740, ,39.46, ,59.20, ,100.0, 
2012/9/5,12:00,0.6, ,184620, ,38.39, ,59.50, ,100.0, 
2012/9/5,13:00,6.3, ,184560, ,38.96, ,59.20, ,100.0, 
2012/9/5,14:00,17.4, ,184510, ,42.18, ,59.40, ,100.0, 
2012/9/5,15:00,3.6, ,184510, ,50.00, ,59.30, ,100.0, 
2012/9/5,16:00,0.8, ,184510, ,59.43, ,59.30, ,100.0, 
2012/9/5,17:00,1.6, ,184560, ,67.24, ,59.20, ,100.0, 
2012/9/5,18:00,1.2, ,184680, ,79.35, ,59.30, ,100.0, 
2012/9/5,19:00,1.5, ,184740, ,87.42, ,59.20, ,100.0, 
2012/9/5,20:00,0.3, ,184800, ,80.69, ,59.70, ,100.0, 
2012/9/5,21:00,0.0, ,184910, ,83.88, ,59.30, ,100.0, 
2012/9/5,22:00,0.0, ,184970, ,76.34, ,59.20, ,100.0, 
2012/9/5,23:00,0.0, ,185030, ,72.31, ,59.10, ,100.0, 
2012/9/5,24:00,0.0, ,185030, ,73.39, ,59.00, ,100.0, 
2012/9/6,01:00,0.0, ,185030, ,59.35, ,59.20, ,100.0, 
2012/9/6,02:00,0.0, ,185030, ,59.34, ,59.60, ,100.0, 
2012/9/6,03:00,0.0, ,185090, ,73.91, ,59.20, ,100.0, 
2012/9/6,04:00,0.1, ,185090, ,60.95, ,59.20, ,100.0, 
2012/9/6,05:00,0.0, ,185090, ,59.36, ,59.50, ,100.0, 
2012/9/6,06:00,0.0, ,185090, ,59.35, ,59.10, ,100.0, 
2012/9/6,07:00,0.0, ,185090, ,59.35, ,59.80, ,100.0, 
2012/9/6,08:00,0.0, ,185090, ,59.35, ,59.10, ,100.0, 
2012/9/6,09:00,0.0, ,185030, ,43.17, ,59.50, ,100.0, 
2012/9/6,10:00,0.0, ,184970, ,46.96, ,59.50, ,100.0, 
2012/9/6,11:00,0.0, ,184910, ,47.24, ,59.50, ,100.0, 
2012/9/6,12:00,0.0, ,184850, ,46.99, ,59.60, ,100.0, 
2012/9/6,13:00,0.0, ,184800, ,38.89, ,59.30, ,100.0, 
2012/9/6,14:00,1.0, ,184740, ,46.18, ,59.30, ,100.0, 
2012/9/6,15:00,2.2, ,184680, ,38.93, ,59.20, ,100.0, 
2012/9/6,16:00,0.1, ,184620, ,45.14, ,59.60, ,100.0, 
2012/9/6,17:00,0.0, ,184510, ,36.27, ,59.50, ,100.0, 
2012/9/6,18:00,0.0, ,184510, ,42.46, ,59.40, ,100.0, 
2012/9/6,19:00,0.0, ,184390, ,42.75, ,59.30, ,100.0, 
2012/9/6,20:00,0.0, ,184330, ,37.65, ,59.70, ,100.0, 
2012/9/6,21:00,0.0, ,184270, ,44.40, ,59.60, ,100.0, 
2012/9/6,22:00,0.0, ,184210, ,38.77, ,59.70, ,100.0, 
2012/9/6,23:00,0.0, ,184100, ,33.92, ,59.50, ,100.0, 
2012/9/6,24:00,0.0, ,184040, ,38.78, ,59.80, ,100.0, 
2012/9/7,01:00,0.0, ,183980, ,40.95, ,59.50, ,100.0, 
2012/9/7,02:00,0.0, ,183870, ,36.15, ,59.80, ,100.0, 
2012/9/7,03:00,0.0, ,183810, ,36.69, ,59.70, ,100.0, 
2012/9/7,04:00,0.0, ,183690, ,33.48, ,59.70, ,100.0, 
2012/9/7,05:00,0.0, ,183630, ,36.73, ,59.50, ,100.0, 
2012/9/7,06:00,0.0, ,183520, ,36.72, ,59.30, ,100.0, 
2012/9/7,07:00,0.0, ,183460, ,34.31, ,59.40, ,100.0, 
2012/9/7,08:00,0.0, ,183340, ,36.48, ,59.20, ,100.0, 
2012/9/7,09:00,0.0, ,183290, ,33.83, ,59.80, ,100.0, 
2012/9/7,10:00,0.0, ,183170, ,35.19, ,59.80, ,100.0, 
2012/9/7,11:00,0.0, ,183050, ,33.62, ,59.60, ,100.0, 
2012/9/7,12:00,0.0, ,183000, ,31.01, ,59.70, ,100.0, 
2012/9/7,13:00,0.0, ,182880, ,34.23, ,59.60, ,100.0, 
2012/9/7,14:00,0.0, ,182770, ,32.11, ,59.70, ,100.0, 
2012/9/7,15:00,0.2, ,182710, ,32.66, ,59.60, ,100.0, 
2012/9/7,16:00,0.0, ,182590, ,33.49, ,59.90, ,100.0, 
2012/9/7,17:00,0.0, ,182480, ,34.04, ,59.80, ,100.0, 
2012/9/7,18:00,0.0, ,182420, ,32.18, ,60.00, ,100.0, 
2012/9/7,19:00,0.0, ,182300, ,32.50, ,59.80, ,100.0, 
2012/9/7,20:00,0.0, ,182190, ,26.91, ,59.50, ,100.0, 
2012/9/7,21:00,0.0, ,182070, ,31.97, ,59.60, ,100.0, 
2012/9/7,22:00,0.0, ,182020, ,33.35, ,60.10, ,100.0, 
2012/9/7,23:00,0.0, ,181900, ,31.51, ,60.00, ,100.0, 
2012/9/7,24:00,0.1, ,181780, ,29.95, ,60.40, ,100.0, 
2012/9/8,01:00,0.0, ,181670, ,29.45, ,59.80, ,100.0, 
2012/9/8,02:00,0.0, ,181550, ,32.38, ,59.70, ,100.0, 
2012/9/8,03:00,0.0, ,181500, ,31.63, ,60.10, ,100.0, 
2012/9/8,04:00,2.5, ,181380, ,28.19, ,60.00, ,100.0, 
2012/9/8,05:00,8.4, ,181380, ,52.15, ,59.50, ,100.0, 
2012/9/8,06:00,1.3, ,181380, ,59.86, ,59.60, ,100.0, 
2012/9/8,07:00,0.8, ,181380, ,59.88, ,59.60, ,100.0, 
2012/9/8,08:00,0.0, ,181320, ,56.16, ,60.10, ,100.0, 
2012/9/8,09:00,0.0, ,181320, ,47.67, ,59.70, ,100.0, 
2012/9/8,10:00,0.2, ,181210, ,39.69, ,60.00, ,100.0, 
2012/9/8,11:00,0.0, ,181150, ,47.41, ,60.10, ,100.0, 
2012/9/8,12:00,0.0, ,181090, ,39.69, ,59.50, ,100.0, 
2012/9/8,13:00,0.3, ,181040, ,38.65, ,59.80, ,100.0, 
2012/9/8,14:00,0.0, ,180920, ,35.21, ,59.60, ,100.0, 
2012/9/8,15:00,0.6, ,180860, ,37.89, ,59.80, ,100.0, 
2012/9/8,16:00,0.1, ,180750, ,34.19, ,60.10, ,100.0, 
2012/9/8,17:00,0.1, ,180640, ,43.52, ,60.10, ,100.0, 
2012/9/8,18:00,0.0, ,180580, ,27.60, ,60.00, ,100.0, 
2012/9/8,19:00,0.1, ,180460, ,42.49, ,60.00, ,100.0, 
2012/9/8,20:00,0.3, ,180410, ,32.41, ,60.20, ,100.0, 
2012/9/8,21:00,0.0, ,180290, ,34.04, ,59.90, ,100.0, 
2012/9/8,22:00,0.1, ,180230, ,33.78, ,60.30, ,100.0, 
2012/9/8,23:00,0.0, ,180120, ,31.94, ,60.20, ,100.0, 
2012/9/8,24:00,0.8, ,180060, ,35.14, ,60.10, ,100.0, 
2012/9/9,01:00,0.5, ,179950, ,35.96, ,60.00, ,100.0, 
2012/9/9,02:00,0.0, ,179830, ,35.44, ,60.10, ,100.0, 
2012/9/9,03:00,0.1, ,179780, ,33.36, ,60.20, ,100.0, 
2012/9/9,04:00,0.3, ,179660, ,35.49, ,60.30, ,100.0, 
2012/9/9,05:00,0.8, ,179600, ,35.00, ,60.30, ,100.0, 
2012/9/9,06:00,0.1, ,179490, ,32.63, ,60.20, ,100.0, 
2012/9/9,07:00,0.4, ,179380, ,35.81, ,59.90, ,100.0, 
2012/9/9,08:00,0.0, ,179320, ,34.01, ,60.60, ,100.0, 
2012/9/9,09:00,0.0, ,179200, ,33.49, ,60.40, ,100.0, 
2012/9/9,10:00,0.7, ,179090, ,31.13, ,60.10, ,100.0, 
2012/9/9,11:00,1.5, ,179030, ,34.35, ,60.60, ,100.0, 
2012/9/9,12:00,1.2, ,178980, ,45.19, ,60.10, ,100.0, 
2012/9/9,13:00,0.7, ,178860, ,35.70, ,60.30, ,100.0, 
2012/9/9,14:00,3.3, ,178810, ,38.09, ,59.80, ,100.0, 
2012/9/9,15:00,2.6, ,178690, ,38.10, ,60.40, ,100.0, 
2012/9/9,16:00,1.0, ,178630, ,35.74, ,60.00, ,100.0, 
2012/9/9,17:00,1.1, ,178520, ,38.92, ,60.70, ,100.0, 
2012/9/9,18:00,1.7, ,178460, ,37.12, ,60.00, ,100.0, 
2012/9/9,19:00,7.1, ,178410, ,41.60, ,60.00, ,100.0, 
2012/9/9,20:00,11.2, ,178520, ,68.76, ,60.70, ,100.0, 
2012/9/9,21:00,2.0, ,178750, ,103.81, ,60.60, ,100.0, 
2012/9/9,22:00,0.1, ,178980, ,126.80, ,60.50, ,100.0, 
2012/9/9,23:00,0.3, ,179320, ,143.69, ,60.00, ,100.0, 
2012/9/9,24:00,0.3, ,179490, ,124.97, ,60.70, ,100.0, 
2012/9/10,01:00,0.4, ,179660, ,108.32, ,60.50, ,100.0, 
2012/9/10,02:00,0.3, ,179780, ,96.95, ,60.10, ,100.0, 
2012/9/10,03:00,0.5, ,179830, ,87.65, ,60.00, ,100.0, 
2012/9/10,04:00,0.3, ,179890, ,81.27, ,60.00, ,100.0, 
2012/9/10,05:00,0.7, ,179950, ,79.97, ,60.20, ,100.0, 
2012/9/10,06:00,1.1, ,180060, ,76.27, ,60.40, ,100.0, 
2012/9/10,07:00,2.9, ,180060, ,75.99, ,60.30, ,100.0, 
2012/9/10,08:00,4.4, ,180180, ,79.17, ,60.00, ,100.0, 
2012/9/10,09:00,0.8, ,180290, ,82.86, ,60.10, ,100.0, 
2012/9/10,10:00,1.7, ,180460, ,99.57, ,59.90, ,100.0, 
2012/9/10,11:00,0.6, ,180690, ,118.92, ,60.00, ,100.0, 
2012/9/10,12:00,0.7, ,180920, ,130.12, ,60.10, ,100.0, 
2012/9/10,13:00,0.0, ,181150, ,123.76, ,59.90, ,100.0, 
2012/9/10,14:00,0.1, ,181380, ,123.23, ,59.70, ,100.0, 
2012/9/10,15:00,0.0, ,181550, ,115.28, ,60.00, ,100.0, 
2012/9/10,16:00,0.0, ,181730, ,111.54, ,60.00, ,100.0, 
2012/9/10,17:00,0.0, ,181900, ,103.82, ,59.90, ,100.0, 
2012/9/10,18:00,0.0, ,182020, ,100.62, ,60.00, ,100.0, 
2012/9/10,19:00,0.0, ,182190, ,100.07, ,59.90, ,100.0, 
2012/9/10,20:00,0.0, ,182300, ,89.38, ,60.00, ,100.0, 
2012/9/10,21:00,0.0, ,182360, ,88.85, ,59.50, ,100.0, 
2012/9/10,22:00,0.0, ,182480, ,82.97, ,60.00, ,100.0, 
2012/9/10,23:00,0.0, ,182530, ,84.83, ,59.40, ,100.0, 
2012/9/10,24:00,0.0, ,182590, ,80.28, ,59.40, ,100.0, 
2012/9/11,01:00,0.0, ,182650, ,79.49, ,59.70, ,100.0, 
2012/9/11,02:00,0.0, ,182710, ,75.22, ,59.40, ,100.0, 
2012/9/11,03:00,0.3, ,182820, ,77.61, ,59.90, ,100.0, 
2012/9/11,04:00,4.0, ,182880, ,80.53, ,59.80, ,100.0, 
2012/9/11,05:00,5.5, ,182940, ,80.00, ,59.90, ,100.0, 
2012/9/11,06:00,3.7, ,183050, ,88.01, ,59.40, ,100.0, 
2012/9/11,07:00,0.5, ,183170, ,89.90, ,60.10, ,100.0, 
2012/9/11,08:00,0.5, ,183340, ,92.86, ,59.40, ,100.0, 
2012/9/11,09:00,0.1, ,183460, ,109.80, ,59.50, ,100.0, 
2012/9/11,10:00,0.0, ,183690, ,102.27, ,59.60, ,100.0, 
2012/9/11,11:00,0.1, ,183810, ,103.59, ,59.60, ,100.0, 
2012/9/11,12:00,0.1, ,183920, ,97.67, ,59.20, ,100.0, 
2012/9/11,13:00,0.0, ,184040, ,85.57, ,59.80, ,100.0, 
2012/9/11,14:00,0.0, ,184100, ,86.40, ,59.60, ,100.0, 
2012/9/11,15:00,0.3, ,184160, ,79.94, ,59.30, ,100.0, 
2012/9/11,16:00,0.3, ,184210, ,76.41, ,59.70, ,100.0, 
2012/9/11,17:00,0.5, ,184330, ,76.42, ,59.60, ,100.0, 
2012/9/11,18:00,0.0, ,184330, ,79.12, ,59.60, ,100.0, 
2012/9/11,19:00,0.0, ,184390, ,75.61, ,59.40, ,100.0, 
2012/9/11,20:00,0.0, ,184450, ,72.89, ,59.60, ,100.0, 
2012/9/11,21:00,0.0, ,184450, ,62.12, ,59.60, ,100.0, 
2012/9/11,22:00,0.0, ,184450, ,59.44, ,59.40, ,100.0, 
2012/9/11,23:00,0.0, ,184450, ,59.44, ,59.60, ,100.0, 
2012/9/11,24:00,0.0, ,184450, ,59.43, ,59.10, ,100.0, 
2012/9/12,01:00,0.0, ,184390, ,51.35, ,59.40, ,100.0, 
2012/9/12,02:00,0.0, ,184390, ,51.37, ,59.80, ,100.0, 
2012/9/12,03:00,0.0, ,184330, ,50.30, ,59.60, ,100.0, 
2012/9/12,04:00,0.0, ,184330, ,52.46, ,59.40, ,100.0, 
2012/9/12,05:00,0.0, ,184270, ,45.73, ,59.70, ,100.0, 
2012/9/12,06:00,0.0, ,184210, ,51.39, ,59.40, ,100.0, 
2012/9/12,07:00,0.0, ,184160, ,46.81, ,59.90, ,100.0, 
2012/9/12,08:00,0.0, ,184100, ,44.94, ,59.70, ,100.0, 
2012/9/12,09:00,0.0, ,184100, ,43.88, ,59.20, ,100.0, 
2012/9/12,10:00,0.0, ,184040, ,46.30, ,59.80, ,100.0, 
2012/9/12,11:00,0.0, ,183980, ,46.59, ,59.40, ,100.0, 
2012/9/12,12:00,0.0, ,183920, ,46.88, ,59.80, ,100.0, 
2012/9/12,13:00,0.0, ,183870, ,47.93, ,59.60, ,100.0, 
2012/9/12,14:00,0.0, ,183810, ,44.46, ,59.60, ,100.0, 
2012/9/12,15:00,0.0, ,183750, ,41.25, ,59.50, ,100.0, 
2012/9/12,16:00,0.0, ,183690, ,43.41, ,59.30, ,100.0, 
2012/9/12,17:00,0.0, ,183630, ,40.73, ,59.40, ,100.0, 
2012/9/12,18:00,0.0, ,183580, ,42.07, ,59.30, ,100.0, 
2012/9/12,19:00,0.0, ,183520, ,42.10, ,59.30, ,100.0, 
2012/9/12,20:00,0.0, ,183460, ,43.19, ,59.60, ,100.0, 
2012/9/12,21:00,0.7, ,183340, ,37.58, ,59.80, ,100.0, 
2012/9/12,22:00,0.1, ,183290, ,37.03, ,59.30, ,100.0, 
2012/9/12,23:00,0.0, ,183230, ,44.04, ,59.80, ,100.0, 
2012/9/12,24:00,0.0, ,183170, ,37.61, ,59.60, ,100.0, 
2012/9/13,01:00,0.5, ,183050, ,35.77, ,59.30, ,100.0, 
2012/9/13,02:00,0.0, ,183000, ,37.98, ,59.50, ,100.0, 
2012/9/13,03:00,0.0, ,182940, ,39.59, ,59.70, ,100.0, 
2012/9/13,04:00,0.0, ,182880, ,43.89, ,59.80, ,100.0, 
2012/9/13,05:00,0.0, ,182770, ,34.52, ,59.90, ,100.0, 
2012/9/13,06:00,0.0, ,182710, ,37.20, ,59.70, ,100.0, 
2012/9/13,07:00,0.0, ,182590, ,36.97, ,60.10, ,100.0, 
2012/9/13,08:00,0.0, ,182530, ,39.09, ,59.30, ,100.0, 
2012/9/13,09:00,0.0, ,182420, ,33.55, ,59.90, ,100.0, 
2012/9/13,10:00,0.0, ,182360, ,38.08, ,59.40, ,100.0, 
2012/9/13,11:00,0.0, ,182300, ,38.12, ,59.70, ,100.0, 
2012/9/13,12:00,0.0, ,182190, ,33.04, ,59.40, ,100.0, 
2012/9/13,13:00,0.0, ,182070, ,37.09, ,59.60, ,100.0, 
2012/9/13,14:00,0.0, ,182020, ,33.09, ,59.90, ,100.0, 
2012/9/13,15:00,0.0, ,181900, ,34.96, ,59.60, ,100.0, 
2012/9/13,16:00,0.0, ,181840, ,34.99, ,59.90, ,100.0, 
2012/9/13,17:00,0.0, ,181730, ,32.89, ,59.90, ,100.0, 
2012/9/13,18:00,0.0, ,181610, ,33.43, ,60.00, ,100.0, 
2012/9/13,19:00,0.6, ,181500, ,30.27, ,59.80, ,100.0, 
2012/9/13,20:00,1.4, ,181440, ,32.14, ,60.00, ,100.0, 
2012/9/13,21:00,0.3, ,181320, ,32.17, ,59.90, ,100.0, 
2012/9/13,22:00,0.0, ,181210, ,33.81, ,60.40, ,100.0, 
2012/9/13,23:00,0.0, ,181150, ,32.49, ,60.10, ,100.0, 
2012/9/13,24:00,0.0, ,181040, ,30.64, ,59.60, ,100.0, 
2012/9/14,01:00,0.0, ,180920, ,29.35, ,59.70, ,100.0, 
2012/9/14,02:00,1.1, ,180810, ,33.62, ,60.00, ,100.0, 
2012/9/14,03:00,1.0, ,180750, ,35.78, ,60.00, ,100.0, 
2012/9/14,04:00,2.4, ,180640, ,31.26, ,60.00, ,100.0, 
2012/9/14,05:00,1.0, ,180520, ,34.77, ,60.30, ,100.0, 
2012/9/14,06:00,0.0, ,180410, ,32.92, ,59.70, ,100.0, 
2012/9/14,07:00,0.0, ,180350, ,28.70, ,60.10, ,100.0, 
2012/9/14,08:00,0.0, ,180230, ,34.05, ,60.30, ,100.0, 
2012/9/14,09:00,0.0, ,180120, ,33.52, ,59.70, ,100.0, 
2012/9/14,10:00,0.0, ,180000, ,28.22, ,59.90, ,100.0, 
2012/9/14,11:00,0.1, ,179950, ,31.48, ,60.30, ,100.0, 
2012/9/14,12:00,0.0, ,179830, ,32.01, ,60.10, ,100.0, 
2012/9/14,13:00,0.0, ,179720, ,35.22, ,59.90, ,100.0, 
2012/9/14,14:00,0.0, ,179600, ,23.86, ,60.30, ,100.0, 
2012/9/14,15:00,0.0, ,179490, ,32.88, ,60.00, ,100.0, 
2012/9/14,16:00,0.0, ,179380, ,32.37, ,60.00, ,100.0, 
2012/9/14,17:00,0.1, ,179260, ,27.36, ,60.10, ,100.0, 
2012/9/14,18:00,0.5, ,179150, ,26.88, ,60.30, ,100.0, 
2012/9/14,19:00,4.3, ,179090, ,36.95, ,60.20, ,100.0, 
2012/9/14,20:00,3.1, ,179150, ,70.51, ,60.30, ,100.0, 
2012/9/14,21:00,0.4, ,179150, ,55.19, ,60.40, ,100.0, 
2012/9/14,22:00,0.3, ,179030, ,41.99, ,60.10, ,100.0, 
2012/9/14,23:00,1.3, ,179030, ,46.73, ,60.50, ,100.0, 
2012/9/14,24:00,1.0, ,178980, ,46.50, ,60.30, ,100.0, 
2012/9/15,01:00,6.5, ,178920, ,57.61, ,60.30, ,100.0, 
2012/9/15,02:00,3.5, ,178860, ,39.39, ,60.00, ,100.0, 
2012/9/15,03:00,1.4, ,178810, ,43.36, ,60.20, ,100.0, 
2012/9/15,04:00,0.1, ,178750, ,43.89, ,59.90, ,100.0, 
2012/9/15,05:00,1.2, ,178630, ,39.16, ,60.10, ,100.0, 
2012/9/15,06:00,0.1, ,178580, ,36.26, ,60.30, ,100.0, 
2012/9/15,07:00,0.0, ,178520, ,46.84, ,60.40, ,100.0, 
2012/9/15,08:00,0.0, ,178460, ,38.95, ,60.50, ,100.0, 
2012/9/15,09:00,0.0, ,178350, ,38.69, ,60.20, ,100.0, 
2012/9/15,10:00,0.2, ,178290, ,36.60, ,60.10, ,100.0, 
2012/9/15,11:00,0.0, ,178180, ,37.68, ,60.40, ,100.0, 
2012/9/15,12:00,0.0, ,178120, ,39.80, ,59.90, ,100.0, 
2012/9/15,13:00,0.0, ,178060, ,39.55, ,60.50, ,100.0, 
2012/9/15,14:00,0.0, ,177950, ,33.27, ,60.60, ,100.0, 
2012/9/15,15:00,0.0, ,177890, ,37.74, ,60.30, ,100.0, 
2012/9/15,16:00,0.1, ,177780, ,30.88, ,60.40, ,100.0, 
2012/9/15,17:00,0.0, ,177670, ,34.09, ,60.30, ,100.0, 
2012/9/15,18:00,0.4, ,177550, ,34.67, ,60.50, ,100.0, 
2012/9/15,19:00,0.1, ,177500, ,33.10, ,60.40, ,100.0, 
2012/9/15,20:00,0.2, ,177380, ,30.75, ,60.70, ,100.0, 
2012/9/15,21:00,0.0, ,177270, ,29.45, ,60.40, ,100.0, 
2012/9/15,22:00,0.0, ,177160, ,30.26, ,60.80, ,100.0, 
2012/9/15,23:00,5.0, ,177040, ,30.54, ,60.50, ,100.0, 
2012/9/15,24:00,0.3, ,176930, ,30.29, ,60.30, ,100.0, 
2012/9/16,01:00,0.0, ,176820, ,29.82, ,60.80, ,100.0, 
2012/9/16,02:00,0.0, ,176700, ,28.53, ,60.40, ,100.0, 
2012/9/16,03:00,0.0, ,176590, ,31.18, ,60.70, ,100.0, 
2012/9/16,04:00,0.0, ,176480, ,29.90, ,60.40, ,100.0, 
2012/9/16,05:00,0.0, ,176360, ,29.13, ,60.60, ,100.0, 
2012/9/16,06:00,1.3, ,176310, ,32.84, ,60.50, ,100.0, 
2012/9/16,07:00,3.0, ,176190, ,31.01, ,60.40, ,100.0, 
2012/9/16,08:00,0.3, ,176080, ,29.47, ,61.00, ,100.0, 
2012/9/16,09:00,0.0, ,175970, ,33.97, ,61.00, ,100.0, 
2012/9/16,10:00,0.0, ,175850, ,30.30, ,60.40, ,100.0, 
2012/9/16,11:00,0.1, ,175740, ,28.50, ,61.10, ,100.0, 
2012/9/16,12:00,0.6, ,175630, ,31.17, ,60.90, ,100.0, 
2012/9/16,13:00,0.0, ,175510, ,33.57, ,60.90, ,100.0, 
2012/9/16,14:00,0.3, ,175400, ,24.16, ,61.00, ,100.0, 
2012/9/16,15:00,0.5, ,175290, ,30.96, ,60.70, ,100.0, 
2012/9/16,16:00,0.6, ,175180, ,27.60, ,60.60, ,100.0, 
2012/9/16,17:00,6.9, ,175060, ,31.80, ,60.70, ,100.0, 
2012/9/16,18:00,20.3, ,175010, ,29.74, ,61.20, ,100.0, 
2012/9/16,19:00,20.6, ,174890, ,42.03, ,60.90, ,100.0, 
2012/9/16,20:00,9.0, ,176420, ,147.60, ,60.80, ,100.0, 
2012/9/16,21:00,9.2, ,178460, ,653.92, ,60.20, ,100.0, 
2012/9/16,22:00,8.2, ,180410, ,691.15, ,107.44, ,100.0, 
2012/9/16,23:00,8.4, ,182480, ,606.01, ,140.66, ,100.0, 
2012/9/16,24:00,13.2, ,184390, ,707.00, ,250.46, ,100.0, 
2012/9/17,01:00,10.0, ,186430, ,822.43, ,508.16, ,100.0, 
2012/9/17,02:00,10.9, ,187540, ,876.95, ,559.66, ,100.0, 
2012/9/17,03:00,17.6, ,188660, ,879.76, ,613.44, ,100.0, 
2012/9/17,04:00,14.2, ,190010, ,946.41, ,681.34, ,100.0, 
2012/9/17,05:00,13.3, ,191660, ,1121.76, ,767.06, ,100.0, 
2012/9/17,06:00,16.8, ,193090, ,1193.99, ,843.96, ,100.0, 
2012/9/17,07:00,11.4, ,194340, ,1206.30, ,913.54, ,100.0, 
2012/9/17,08:00,12.7, ,195240, ,1203.09, ,919.98, ,100.0, 
2012/9/17,09:00,14.0, ,196800, ,1249.73, ,931.24, ,100.0, 
2012/9/17,10:00,23.3, ,198610, ,1397.45, ,961.49, ,100.0, 
2012/9/17,11:00,21.1, ,201770, ,1702.18, ,1048.86, ,100.0, 
2012/9/17,12:00,17.4, ,204540, ,1846.74, ,1114.91, ,100.0, 
2012/9/17,13:00,14.4, ,207250, ,1887.00, ,1114.58, ,100.0, 
2012/9/17,14:00,32.8, ,209610, ,1812.09, ,1126.44, ,100.0, 
2012/9/17,15:00,8.5, ,213310, ,1955.45, ,1130.24, ,100.0, 
2012/9/17,16:00,5.8, ,216090, ,2069.53, ,1180.11, ,100.0, 
2012/9/17,17:00,3.2, ,217750, ,1808.82, ,1187.96, ,100.0, 
2012/9/17,18:00,5.8, ,218390, ,1483.03, ,1180.22, ,100.0, 
2012/9/17,19:00,6.2, ,218320, ,1255.75, ,999.68, ,100.0, 
2012/9/17,20:00,2.8, ,218390, ,1051.75, ,899.94, ,100.0, 
2012/9/17,21:00,1.6, ,218510, ,949.18, ,901.20, ,100.0, 
2012/9/17,22:00,0.3, ,218390, ,877.91, ,758.64, ,100.0, 
2012/9/17,23:00,1.3, ,218260, ,757.91, ,678.30, ,100.0, 
2012/9/17,24:00,0.3, ,218190, ,667.81, ,598.50, ,100.0, 
2012/9/18,01:00,0.9, ,217810, ,597.08, ,676.84, ,100.0, 
2012/9/18,02:00,0.0, ,217370, ,547.63, ,617.78, ,100.0, 
2012/9/18,03:00,0.1, ,216980, ,487.79, ,567.24, ,100.0, 
2012/9/18,04:00,1.1, ,216540, ,454.18, ,509.12, ,100.0, 
2012/9/18,05:00,0.7, ,216280, ,419.80, ,507.82, ,100.0, 
2012/9/18,06:00,0.9, ,215780, ,397.76, ,505.12, ,100.0, 
2012/9/18,07:00,1.0, ,215330, ,374.51, ,461.08, ,100.0, 
2012/9/18,08:00,1.1, ,215010, ,351.44, ,427.68, ,100.0, 
2012/9/18,09:00,0.6, ,214570, ,335.80, ,425.72, ,100.0, 
2012/9/18,10:00,1.2, ,214380, ,311.76, ,373.78, ,100.0, 
2012/9/18,11:00,0.8, ,214060, ,301.58, ,372.70, ,100.0, 
2012/9/18,12:00,0.6, ,213750, ,290.16, ,371.58, ,100.0, 
2012/9/18,13:00,0.7, ,213370, ,277.62, ,370.38, ,100.0, 
2012/9/18,14:00,0.2, ,212990, ,269.12, ,368.16, ,100.0, 
2012/9/18,15:00,0.0, ,212550, ,253.57, ,366.33, ,100.0, 
2012/9/18,16:00,0.0, ,212110, ,242.05, ,364.77, ,100.0, 
2012/9/18,17:00,0.0, ,211670, ,229.88, ,312.38, ,100.0, 
2012/9/18,18:00,0.0, ,211360, ,218.52, ,311.62, ,100.0, 
2012/9/18,19:00,0.0, ,210920, ,200.20, ,310.55, ,100.0, 
2012/9/18,20:00,0.0, ,210480, ,196.42, ,309.17, ,100.0, 
2012/9/18,21:00,0.0, ,210050, ,183.84, ,306.97, ,100.0, 
2012/9/18,22:00,0.0, ,209670, ,178.16, ,254.52, ,100.0, 
2012/9/18,23:00,0.0, ,209360, ,171.66, ,253.96, ,100.0, 
2012/9/18,24:00,0.0, ,209050, ,160.92, ,253.10, ,100.0, 
2012/9/19,01:00,0.0, ,208680, ,159.02, ,252.27, ,100.0, 
2012/9/19,02:00,0.0, ,208370, ,153.61, ,229.55, ,100.0, 
2012/9/19,03:00,0.0, ,208060, ,147.45, ,228.88, ,100.0, 
2012/9/19,04:00,0.0, ,207750, ,146.31, ,227.80, ,100.0, 
2012/9/19,05:00,0.0, ,207500, ,141.66, ,227.38, ,100.0, 
2012/9/19,06:00,0.0, ,207130, ,137.53, ,226.15, ,100.0, 
2012/9/19,07:00,0.0, ,206820, ,133.57, ,225.33, ,100.0, 
2012/9/19,08:00,0.0, ,206450, ,128.34, ,224.30, ,100.0, 
2012/9/19,09:00,0.0, ,206080, ,125.51, ,222.94, ,100.0, 
2012/9/19,10:00,0.0, ,205710, ,120.99, ,222.09, ,100.0, 
2012/9/19,11:00,0.0, ,205340, ,119.63, ,221.43, ,100.0, 
2012/9/19,12:00,0.0, ,204970, ,116.81, ,220.37, ,100.0, 
2012/9/19,13:00,0.0, ,204600, ,112.80, ,219.31, ,100.0, 
2012/9/19,14:00,0.0, ,204170, ,112.25, ,218.27, ,100.0, 
2012/9/19,15:00,0.0, ,203800, ,109.08, ,217.29, ,100.0, 
2012/9/19,16:00,0.0, ,203370, ,104.19, ,216.74, ,100.0, 
2012/9/19,17:00,0.0, ,202940, ,105.27, ,215.19, ,100.0, 
2012/9/19,18:00,0.0, ,202570, ,100.36, ,214.59, ,100.0, 
2012/9/19,19:00,0.0, ,202140, ,99.41, ,213.12, ,100.0, 
2012/9/19,20:00,0.0, ,201710, ,97.05, ,212.53, ,100.0, 
2012/9/19,21:00,0.0, ,201290, ,92.07, ,210.95, ,100.0, 
2012/9/19,22:00,0.0, ,200800, ,85.09, ,209.48, ,100.0, 
2012/9/19,23:00,0.0, ,200430, ,78.53, ,183.88, ,100.0, 
2012/9/19,24:00,0.0, ,200070, ,82.11, ,182.30, ,100.0, 
2012/9/20,01:00,0.0, ,199700, ,79.99, ,182.30, ,100.0, 
2012/9/20,02:00,0.0, ,199340, ,77.55, ,181.02, ,100.0, 
2012/9/20,03:00,0.0, ,199040, ,75.66, ,158.46, ,100.0, 
2012/9/20,04:00,0.0, ,198670, ,74.49, ,157.24, ,100.0, 
2012/9/20,05:00,0.0, ,198430, ,74.60, ,127.28, ,100.0, 
2012/9/20,06:00,0.0, ,198250, ,69.30, ,127.02, ,100.0, 
2012/9/20,07:00,0.0, ,198130, ,75.31, ,99.20, ,100.0, 
2012/9/20,08:00,0.0, ,198010, ,69.69, ,98.60, ,100.0, 
2012/9/20,09:00,0.0, ,197950, ,68.43, ,98.56, ,100.0, 
2012/9/20,10:00,0.0, ,197890, ,62.12, ,68.39, ,100.0, 
2012/9/20,11:00,0.0, ,197890, ,68.41, ,68.19, ,100.0, 
2012/9/20,12:00,0.0, ,197890, ,68.33, ,68.59, ,100.0, 
2012/9/20,13:00,0.0, ,197830, ,59.04, ,60.78, ,100.0, 
2012/9/20,14:00,0.0, ,197830, ,53.97, ,60.98, ,100.0, 
2012/9/20,15:00,0.0, ,197830, ,60.73, ,60.58, ,100.0, 
2012/9/20,16:00,0.0, ,197770, ,54.30, ,60.77, ,100.0, 
2012/9/20,17:00,0.0, ,197770, ,49.26, ,57.80, ,100.0, 
2012/9/20,18:00,0.0, ,197770, ,57.59, ,57.50, ,100.0, 
2012/9/20,19:00,0.0, ,197770, ,57.55, ,57.50, ,100.0, 
2012/9/20,20:00,0.0, ,197700, ,47.77, ,57.80, ,100.0, 
2012/9/20,21:00,0.0, ,197640, ,48.59, ,57.30, ,100.0, 
2012/9/20,22:00,0.0, ,197640, ,37.17, ,57.40, ,100.0, 
2012/9/20,23:00,0.0, ,197580, ,50.87, ,57.30, ,100.0, 
2012/9/20,24:00,0.0, ,197520, ,44.73, ,57.50, ,100.0, 
2012/9/21,01:00,0.0, ,197460, ,44.73, ,57.20, ,100.0, 
2012/9/21,02:00,0.0, ,197400, ,44.75, ,57.90, ,100.0, 
2012/9/21,03:00,0.0, ,197400, ,41.41, ,57.40, ,100.0, 
2012/9/21,04:00,0.0, ,197340, ,43.93, ,58.00, ,100.0, 
2012/9/21,05:00,0.0, ,197280, ,44.19, ,57.70, ,100.0, 
2012/9/21,06:00,0.0, ,197220, ,38.92, ,57.80, ,100.0, 
2012/9/21,07:00,0.0, ,197160, ,43.13, ,58.10, ,100.0, 
2012/9/21,08:00,0.0, ,197100, ,37.55, ,57.40, ,100.0, 
2012/9/21,09:00,0.0, ,197040, ,42.58, ,57.50, ,100.0, 
2012/9/21,10:00,0.0, ,196980, ,42.33, ,57.60, ,100.0, 
2012/9/21,11:00,0.0, ,196920, ,37.87, ,57.60, ,100.0, 
2012/9/21,12:00,0.0, ,196860, ,42.08, ,57.50, ,100.0, 
2012/9/21,13:00,0.0, ,196740, ,34.29, ,58.00, ,100.0, 
2012/9/21,14:00,0.0, ,196680, ,39.58, ,58.00, ,100.0, 
2012/9/21,15:00,0.0, ,196620, ,35.96, ,57.50, ,100.0, 
2012/9/21,16:00,0.0, ,196560, ,38.20, ,57.70, ,100.0, 
2012/9/21,17:00,0.0, ,196440, ,38.51, ,58.00, ,100.0, 
2012/9/21,18:00,0.0, ,196380, ,34.06, ,57.70, ,100.0, 
2012/9/21,19:00,0.0, ,196320, ,36.03, ,58.00, ,100.0, 
2012/9/21,20:00,0.0, ,196260, ,38.53, ,57.60, ,100.0, 
2012/9/21,21:00,0.0, ,196140, ,33.55, ,57.60, ,100.0, 
2012/9/21,22:00,0.0, ,196080, ,34.42, ,58.10, ,100.0, 
2012/9/21,23:00,0.0, ,195960, ,31.37, ,58.10, ,100.0, 
2012/9/21,24:00,0.0, ,195900, ,33.60, ,57.60, ,100.0, 
2012/9/22,01:00,0.0, ,195840, ,35.59, ,57.80, ,100.0, 
2012/9/22,02:00,0.0, ,195720, ,36.16, ,58.20, ,100.0, 
2012/9/22,03:00,0.0, ,195660, ,34.22, ,57.90, ,100.0, 
2012/9/22,04:00,0.0, ,195540, ,29.53, ,57.60, ,100.0, 
2012/9/22,05:00,0.0, ,195420, ,34.81, ,57.60, ,100.0, 
2012/9/22,06:00,0.0, ,195360, ,29.29, ,57.90, ,100.0, 
2012/9/22,07:00,0.0, ,195240, ,33.76, ,58.00, ,100.0, 
2012/9/22,08:00,0.0, ,195180, ,30.44, ,57.90, ,100.0, 
2012/9/22,09:00,0.0, ,195060, ,33.24, ,57.60, ,100.0, 
2012/9/22,10:00,0.0, ,195000, ,32.43, ,58.00, ,100.0, 
2012/9/22,11:00,0.0, ,194880, ,31.61, ,57.90, ,100.0, 
2012/9/22,12:00,0.0, ,194760, ,30.82, ,58.00, ,100.0, 
2012/9/22,13:00,0.0, ,194700, ,30.57, ,58.20, ,100.0, 
2012/9/22,14:00,0.0, ,194580, ,33.35, ,57.90, ,100.0, 
2012/9/22,15:00,0.0, ,194460, ,30.89, ,58.00, ,100.0, 
2012/9/22,16:00,0.0, ,194400, ,27.58, ,58.20, ,100.0, 
2012/9/22,17:00,0.0, ,194280, ,31.46, ,57.80, ,100.0, 
2012/9/22,18:00,0.0, ,194220, ,32.33, ,58.00, ,100.0, 
2012/9/22,19:00,0.0, ,194100, ,30.13, ,58.20, ,100.0, 
2012/9/22,20:00,0.9, ,193980, ,32.64, ,58.00, ,100.0, 
2012/9/22,21:00,2.3, ,193920, ,30.19, ,58.50, ,100.0, 
2012/9/22,22:00,1.5, ,193800, ,33.23, ,57.90, ,100.0, 
2012/9/22,23:00,1.1, ,193750, ,31.90, ,58.40, ,100.0, 
2012/9/22,24:00,1.1, ,193630, ,31.06, ,57.90, ,100.0, 
2012/9/23,01:00,1.3, ,193510, ,33.26, ,58.10, ,100.0, 
2012/9/23,02:00,1.0, ,193450, ,29.44, ,58.20, ,100.0, 
2012/9/23,03:00,1.2, ,193330, ,31.12, ,58.30, ,100.0, 
2012/9/23,04:00,0.9, ,193270, ,33.36, ,58.10, ,100.0, 
2012/9/23,05:00,0.6, ,193150, ,33.08, ,58.10, ,100.0, 
2012/9/23,06:00,0.0, ,193030, ,30.89, ,58.20, ,100.0, 
2012/9/23,07:00,0.0, ,192970, ,29.84, ,58.30, ,100.0, 
2012/9/23,08:00,0.0, ,192850, ,27.93, ,58.50, ,100.0, 
2012/9/23,09:00,0.0, ,192730, ,31.54, ,58.40, ,100.0, 
2012/9/23,10:00,0.1, ,192670, ,30.48, ,58.30, ,100.0, 
2012/9/23,11:00,0.0, ,192550, ,29.68, ,58.50, ,100.0, 
2012/9/23,12:00,0.0, ,192440, ,30.79, ,58.40, ,100.0, 
2012/9/23,13:00,0.0, ,192320, ,29.42, ,58.70, ,100.0, 
2012/9/23,14:00,0.0, ,192260, ,28.92, ,58.70, ,100.0, 
2012/9/23,15:00,0.0, ,192140, ,25.91, ,58.30, ,100.0, 
2012/9/23,16:00,0.0, ,192020, ,28.11, ,58.20, ,100.0, 
2012/9/23,17:00,0.0, ,191900, ,30.91, ,58.60, ,100.0, 
2012/9/23,18:00,0.0, ,191780, ,27.62, ,58.60, ,100.0, 
2012/9/23,19:00,0.0, ,191660, ,24.91, ,58.30, ,100.0, 
2012/9/23,20:00,0.0, ,191550, ,29.33, ,58.80, ,100.0, 
2012/9/23,21:00,0.0, ,191490, ,27.69, ,58.50, ,100.0, 
2012/9/23,22:00,0.0, ,191370, ,25.27, ,58.50, ,100.0, 
2012/9/23,23:00,0.0, ,191250, ,25.57, ,58.70, ,100.0, 
2012/9/23,24:00,0.0, ,191130, ,24.49, ,58.50, ,100.0, 
2012/9/24,01:00,0.0, ,191010, ,28.62, ,58.60, ,100.0, 
2012/9/24,02:00,0.0, ,190900, ,27.84, ,59.00, ,100.0, 
2012/9/24,03:00,0.0, ,190780, ,26.77, ,58.90, ,100.0, 
2012/9/24,04:00,0.0, ,190660, ,24.61, ,58.50, ,100.0, 
2012/9/24,05:00,0.0, ,190540, ,26.55, ,58.50, ,100.0, 
2012/9/24,06:00,0.0, ,190420, ,24.42, ,58.60, ,100.0, 
2012/9/24,07:00,0.0, ,190310, ,27.99, ,58.60, ,100.0, 
2012/9/24,08:00,0.0, ,190190, ,24.18, ,58.30, ,100.0, 
2012/9/24,09:00,0.0, ,190070, ,24.23, ,58.70, ,100.0, 
2012/9/24,10:00,0.0, ,189950, ,27.27, ,58.50, ,100.0, 
2012/9/24,11:00,0.0, ,189830, ,26.73, ,58.70, ,100.0, 
2012/9/24,12:00,0.0, ,189720, ,26.48, ,58.60, ,100.0, 
2012/9/24,13:00,0.0, ,189600, ,24.32, ,58.60, ,100.0, 
2012/9/24,14:00,0.0, ,189480, ,24.09, ,58.50, ,100.0, 
2012/9/24,15:00,0.0, ,189360, ,26.30, ,58.70, ,100.0, 
2012/9/24,16:00,0.0, ,189190, ,20.34, ,58.70, ,100.0, 
2012/9/24,17:00,0.0, ,189070, ,25.79, ,58.90, ,100.0, 
2012/9/24,18:00,0.0, ,188950, ,22.83, ,58.70, ,100.0, 
2012/9/24,19:00,0.0, ,188830, ,17.65, ,58.90, ,100.0, 
2012/9/24,20:00,0.0, ,188660, ,22.31, ,59.10, ,100.0, 
2012/9/24,21:00,0.0, ,188540, ,21.80, ,58.70, ,100.0, 
2012/9/24,22:00,0.0, ,188360, ,20.49, ,59.20, ,100.0, 
2012/9/24,23:00,0.0, ,188250, ,21.07, ,59.10, ,100.0, 
2012/9/24,24:00,0.0, ,188130, ,18.38, ,58.90, ,100.0, 
2012/9/25,01:00,0.0, ,187950, ,23.03, ,59.00, ,100.0, 
2012/9/25,02:00,0.0, ,187830, ,19.78, ,59.00, ,100.0, 
2012/9/25,03:00,0.0, ,187720, ,22.83, ,59.20, ,100.0, 
2012/9/25,04:00,0.0, ,187600, ,18.78, ,58.70, ,100.0, 
2012/9/25,05:00,0.0, ,187420, ,17.75, ,59.10, ,100.0, 
2012/9/25,06:00,0.0, ,187310, ,24.31, ,58.80, ,100.0, 
2012/9/25,07:00,0.0, ,187130, ,19.15, ,59.30, ,100.0, 
2012/9/25,08:00,0.0, ,187010, ,20.80, ,58.90, ,100.0, 
2012/9/25,09:00,0.0, ,186900, ,20.33, ,59.40, ,100.0, 
2012/9/25,10:00,0.0, ,186720, ,24.13, ,59.00, ,100.0, 
2012/9/25,11:00,0.0, ,186600, ,19.29, ,59.40, ,100.0, 
2012/9/25,12:00,0.0, ,186430, ,18.23, ,59.20, ,100.0, 
2012/9/25,13:00,0.0, ,186310, ,18.56, ,59.40, ,100.0, 
2012/9/25,14:00,0.0, ,186140, ,16.16, ,59.20, ,100.0, 
2012/9/25,15:00,0.0, ,186020, ,17.25, ,59.00, ,100.0, 
2012/9/25,16:00,0.0, ,185850, ,16.23, ,59.30, ,100.0, 
2012/9/25,17:00,0.0, ,185670, ,16.28, ,59.00, ,100.0, 
2012/9/25,18:00,0.0, ,185550, ,15.52, ,59.10, ,100.0, 
2012/9/25,19:00,0.0, ,185380, ,14.48, ,59.40, ,100.0, 
2012/9/25,20:00,0.0, ,185200, ,16.13, ,59.50, ,100.0, 
2012/9/25,21:00,0.0, ,185030, ,15.61, ,59.00, ,100.0, 
2012/9/25,22:00,0.0, ,184910, ,15.12, ,59.20, ,100.0, 
2012/9/25,23:00,0.0, ,184740, ,15.17, ,59.40, ,100.0, 
2012/9/25,24:00,0.0, ,184560, ,15.01, ,47.20, ,100.0, 
2012/9/26,01:00,0.0, ,184510, ,12.01, ,18.30, ,100.0, 
2012/9/26,02:00,0.0, ,184510, ,2.72, ,18.70, ,100.0, 
2012/9/26,03:00,0.0, ,184450, ,7.56, ,18.30, ,100.0, 
2012/9/26,04:00,0.0, ,184390, ,6.48, ,18.20, ,100.0, 
2012/9/26,05:00,0.0, ,184390, ,8.65, ,18.30, ,100.0, 
2012/9/26,06:00,0.0, ,184330, ,2.74, ,18.30, ,100.0, 
2012/9/26,07:00,0.0, ,184270, ,5.41, ,18.80, ,100.0, 
2012/9/26,08:00,0.0, ,184210, ,5.41, ,18.60, ,100.0, 
2012/9/26,09:00,0.0, ,184160, ,6.60, ,31.30, ,100.0, 
2012/9/26,10:00,0.0, ,184040, ,24.87, ,59.60, ,100.0, 
2012/9/26,11:00,0.0, ,183870, ,16.19, ,59.40, ,100.0, 
2012/9/26,12:00,0.0, ,183690, ,20.81, ,59.40, ,100.0, 
2012/9/26,13:00,0.0, ,183580, ,16.82, ,59.70, ,100.0, 
2012/9/26,14:00,0.0, ,183400, ,19.80, ,59.70, ,100.0, 
2012/9/26,15:00,0.0, ,183290, ,19.58, ,59.70, ,100.0, 
2012/9/26,16:00,0.0, ,183110, ,18.00, ,59.70, ,100.0, 
2012/9/26,17:00,0.0, ,183000, ,18.37, ,59.70, ,100.0, 
2012/9/26,18:00,0.0, ,182820, ,16.80, ,59.40, ,100.0, 
2012/9/26,19:00,0.0, ,182710, ,20.31, ,59.90, ,100.0, 
2012/9/26,20:00,0.0, ,182530, ,14.49, ,59.60, ,100.0, 
2012/9/26,21:00,0.0, ,182480, ,16.07, ,34.20, ,100.0, 
2012/9/26,22:00,0.0, ,182420, ,13.56, ,21.10, ,100.0, 
2012/9/26,23:00,0.0, ,182420, ,14.31, ,20.90, ,100.0, 
2012/9/26,24:00,0.0, ,182420, ,21.27, ,21.20, ,100.0, 
2012/9/27,01:00,0.0, ,182360, ,2.81, ,0.00, ,100.0, 
2012/9/27,02:00,0.0, ,182420, ,5.34, ,0.00, ,100.0, 
2012/9/27,03:00,0.0, ,182420, ,10.69, ,0.00, ,100.0, 
2012/9/27,04:00,0.0, ,182480, ,1.07, ,0.00, ,100.0, 
2012/9/27,05:00,0.0, ,182480, ,14.96, ,0.00, ,100.0, 
2012/9/27,06:00,0.0, ,182530, ,2.40, ,0.00, ,100.0, 
2012/9/27,07:00,0.0, ,182530, ,13.63, ,0.00, ,100.0, 
2012/9/27,08:00,0.0, ,182590, ,3.26, ,2.90, ,100.0, 
2012/9/27,09:00,0.0, ,182590, ,22.13, ,18.50, ,100.0, 
2012/9/27,10:00,0.0, ,182530, ,6.14, ,18.40, ,100.0, 
2012/9/27,11:00,0.0, ,182530, ,15.06, ,39.20, ,100.0, 
2012/9/27,12:00,0.0, ,182480, ,25.54, ,40.40, ,100.0, 
2012/9/27,13:00,0.0, ,182420, ,16.48, ,53.10, ,100.0, 
2012/9/27,14:00,0.0, ,182300, ,19.58, ,59.90, ,100.0, 
2012/9/27,15:00,0.0, ,182130, ,21.63, ,23.30, ,100.0, 
2012/9/27,16:00,0.0, ,182070, ,13.97, ,21.20, ,100.0, 
2012/9/27,17:00,0.0, ,182070, ,10.86, ,21.10, ,100.0, 
2012/9/27,18:00,0.0, ,182070, ,20.11, ,18.30, ,100.0, 
2012/9/27,19:00,0.0, ,182070, ,18.46, ,18.50, ,100.0, 
2012/9/27,20:00,0.0, ,182070, ,18.44, ,18.60, ,100.0, 
2012/9/27,21:00,0.0, ,182020, ,4.28, ,18.50, ,100.0, 
2012/9/27,22:00,0.0, ,182020, ,7.41, ,0.00, ,100.0, 
2012/9/27,23:00,0.0, ,182130, ,13.08, ,0.00, ,100.0, 
2012/9/27,24:00,0.0, ,182130, ,18.95, ,0.00, ,100.0, 
2012/9/28,01:00,0.0, ,182190, ,12.55, ,0.00, ,100.0, 
2012/9/28,02:00,0.0, ,182250, ,10.68, ,0.00, ,100.0, 
2012/9/28,03:00,0.0, ,182250, ,8.81, ,0.00, ,100.0, 
2012/9/28,04:00,0.0, ,182300, ,7.74, ,0.00, ,100.0, 
2012/9/28,05:00,0.0, ,182360, ,11.22, ,0.00, ,100.0, 
2012/9/28,06:00,0.0, ,182360, ,13.09, ,0.00, ,100.0, 
2012/9/28,07:00,0.0, ,182420, ,4.01, ,0.00, ,100.0, 
2012/9/28,08:00,0.0, ,182420, ,12.02, ,0.00, ,100.0, 
2012/9/28,09:00,0.0, ,182420, ,0.00, ,0.00, ,100.0, 
2012/9/28,10:00,0.0, ,182480, ,12.58, ,1.20, ,100.0, 
2012/9/28,11:00,0.0, ,182480, ,12.74, ,18.30, ,100.0, 
2012/9/28,12:00,0.0, ,182480, ,18.43, ,18.50, ,100.0, 
2012/9/28,13:00,0.0, ,182530, ,10.67, ,3.70, ,100.0, 
2012/9/28,14:00,0.0, ,182530, ,29.89, ,31.80, ,100.0, 
2012/9/28,15:00,0.0, ,182360, ,19.05, ,59.50, ,100.0, 
2012/9/28,16:00,0.0, ,182250, ,21.54, ,59.70, ,100.0, 
2012/9/28,17:00,0.0, ,182070, ,15.77, ,47.60, ,100.0, 
2012/9/28,18:00,0.0, ,182070, ,9.37, ,0.00, ,100.0, 
2012/9/28,19:00,0.0, ,182130, ,2.40, ,0.00, ,100.0, 
2012/9/28,20:00,0.0, ,182130, ,13.61, ,0.00, ,100.0, 
2012/9/28,21:00,0.0, ,182250, ,16.82, ,0.00, ,100.0, 
2012/9/28,22:00,0.0, ,182250, ,15.22, ,0.00, ,100.0, 
2012/9/28,23:00,0.0, ,182300, ,14.95, ,0.00, ,100.0, 
2012/9/28,24:00,0.0, ,182360, ,12.29, ,0.00, ,100.0, 
2012/9/29,01:00,0.0, ,182420, ,20.04, ,0.00, ,100.0, 
2012/9/29,02:00,0.0, ,182420, ,0.80, ,0.00, ,100.0, 
2012/9/29,03:00,0.0, ,182480, ,5.34, ,0.00, ,100.0, 
2012/9/29,04:00,0.0, ,182530, ,13.09, ,0.00, ,100.0, 
2012/9/29,05:00,0.0, ,182530, ,13.63, ,0.00, ,100.0, 
2012/9/29,06:00,0.0, ,182590, ,13.90, ,0.00, ,100.0, 
2012/9/29,07:00,0.0, ,182650, ,10.43, ,0.00, ,100.0, 
2012/9/29,08:00,0.0, ,182710, ,11.76, ,0.00, ,100.0, 
2012/9/29,09:00,0.0, ,182710, ,12.09, ,3.40, ,100.0, 
2012/9/29,10:00,0.0, ,182710, ,15.13, ,31.50, ,100.0, 
2012/9/29,11:00,0.3, ,182530, ,17.13, ,59.80, ,100.0, 
2012/9/29,12:00,3.6, ,182420, ,23.98, ,48.10, ,100.0, 
2012/9/29,13:00,2.2, ,182420, ,13.02, ,3.70, ,100.0, 
2012/9/29,14:00,0.6, ,182360, ,11.16, ,31.90, ,100.0, 
2012/9/29,15:00,0.4, ,182250, ,20.40, ,59.70, ,100.0, 
2012/9/29,16:00,1.4, ,182070, ,16.75, ,59.50, ,100.0, 
2012/9/29,17:00,1.1, ,181900, ,17.94, ,60.00, ,100.0, 
2012/9/29,18:00,1.9, ,181780, ,18.46, ,59.50, ,100.0, 
2012/9/29,19:00,0.5, ,181670, ,19.63, ,48.30, ,100.0, 
2012/9/29,20:00,0.5, ,181670, ,16.24, ,0.00, ,100.0, 
2012/9/29,21:00,0.9, ,181730, ,8.27, ,0.50, ,100.0, 
2012/9/29,22:00,0.7, ,181730, ,16.97, ,18.70, ,100.0, 
2012/9/29,23:00,1.7, ,181730, ,19.58, ,21.10, ,100.0, 
2012/9/29,24:00,1.4, ,181730, ,21.32, ,21.40, ,100.0, 
2012/9/30,01:00,2.4, ,181730, ,20.20, ,18.70, ,100.0, 
2012/9/30,02:00,2.5, ,181730, ,18.47, ,18.50, ,99.9, 
2012/9/30,03:00,2.9, ,181670, ,10.99, ,18.40, ,99.9, 
2012/9/30,04:00,3.2, ,181670, ,9.94, ,18.40, ,99.9, 
2012/9/30,05:00,3.1, ,181730, ,33.92, ,18.30, ,99.8, 
2012/9/30,06:00,4.1, ,181730, ,18.98, ,18.40, ,99.8, 
2012/9/30,07:00,6.6, ,181780, ,27.54, ,18.90, ,99.8, 
2012/9/30,08:00,6.0, ,181960, ,57.71, ,21.50, ,99.8, 
2012/9/30,09:00,7.8, ,182070, ,46.32, ,18.70, ,99.7, 
2012/9/30,10:00,6.2, ,182300, ,72.11, ,18.30, ,99.7, 
2012/9/30,11:00,7.2, ,182650, ,96.73, ,29.60, ,99.7, 
2012/9/30,12:00,5.3, ,182880, ,111.14, ,31.60, ,99.6, 
2012/9/30,13:00,2.8, ,183110, ,111.81, ,60.00, ,99.6, 
2012/9/30,14:00,0.4, ,183340, ,127.70, ,59.60, ,99.6, 
2012/9/30,15:00,0.1, ,183460, ,110.04, ,59.70, ,99.5, 
2012/9/30,16:00,0.3, ,183580, ,89.40, ,59.60, ,99.5, 
2012/9/30,17:00,0.4, ,183690, ,92.86, ,59.20, ,99.5, 
2012/9/30,18:00,0.0, ,183750, ,88.83, ,59.50, ,99.4, 
2012/9/30,19:00,0.0, ,183810, ,70.81, ,59.40, ,99.4, 
2012/9/30,20:00,0.0, ,183810, ,67.59, ,59.60, ,99.4, 
2012/9/30,21:00,0.0, ,183810, ,59.53, ,59.20, ,99.3, 
2012/9/30,22:00,0.0, ,183810, ,59.53, ,59.30, ,99.3, 
2012/9/30,23:00,0.1, ,183750, ,43.94, ,59.50, ,99.3, 
2012/9/30,24:00,0.1, ,183750, ,59.01, ,59.30, ,100.0, 
