îCà”ä˙ä‘É_ÉÄèîó åüçıåãâ 
êÖånñº,ãgñÏêÏ
âÕêÏñº,ãgñÏêÏ
äœë™èäñº,ëÅñæâYÉ_ÉÄÅiã@ç\Åj
äœë™èäãLçÜ,1368080700010
#
#îNåéì˙,éûçè,ó¨àÊïΩãœâJó ,ó¨àÊïΩãœâJó ëÆê´,íôêÖó ,íôêÖó ëÆê´,ó¨ì¸ó ,ó¨ì¸ó ëÆê´,ï˙ó¨ó ,ï˙ó¨ó ëÆê´,íôêÖó¶,íôêÖó¶ëÆê´
#ëÆê´Å@$:åáë™ -:ñ¢éÛêM
#
2023/9/1,01:00,0.8, ,193210, ,387.75, ,450.46, ,100.0, 
2023/9/1,02:00,0.1, ,192850, ,349.34, ,446.56, ,100.0, 
2023/9/1,03:00,3.7, ,192550, ,325.88, ,382.49, ,100.0, 
2023/9/1,04:00,7.1, ,192380, ,334.18, ,380.87, ,100.0, 
2023/9/1,05:00,4.0, ,192200, ,331.65, ,379.05, ,100.0, 
2023/9/1,06:00,5.8, ,192080, ,355.64, ,378.07, ,100.0, 
2023/9/1,07:00,5.8, ,192080, ,378.08, ,378.07, ,100.0, 
2023/9/1,08:00,1.4, ,192140, ,387.99, ,378.61, ,100.0, 
2023/9/1,09:00,0.5, ,192320, ,426.65, ,380.33, ,100.0, 
2023/9/1,10:00,0.0, ,192320, ,389.82, ,400.00, ,100.0, 
2023/9/1,11:00,0.1, ,192140, ,346.25, ,368.12, ,100.0, 
2023/9/1,12:00,0.8, ,192020, ,303.92, ,316.08, ,100.0, 
2023/9/1,13:00,7.9, ,191960, ,305.00, ,315.56, ,100.0, 
2023/9/1,14:00,3.8, ,191960, ,302.18, ,315.07, ,100.0, 
2023/9/1,15:00,1.9, ,192140, ,335.82, ,315.84, ,100.0, 
2023/9/1,16:00,1.9, ,192200, ,362.52, ,375.32, ,100.0, 
2023/9/1,17:00,1.0, ,192080, ,356.98, ,374.27, ,100.0, 
2023/9/1,18:00,0.6, ,191900, ,324.18, ,372.64, ,100.0, 
2023/9/1,19:00,0.3, ,191610, ,309.95, ,347.74, ,100.0, 
2023/9/1,20:00,0.8, ,191430, ,287.59, ,303.84, ,100.0, 
2023/9/1,21:00,0.1, ,191310, ,269.32, ,286.17, ,100.0, 
2023/9/1,22:00,0.2, ,191250, ,246.67, ,254.34, ,100.0, 
2023/9/1,23:00,0.7, ,191190, ,237.69, ,232.70, ,100.0, 
2023/9/1,24:00,0.6, ,191190, ,229.39, ,232.70, ,100.0, 
2023/9/2,01:00,0.3, ,191190, ,232.69, ,232.60, ,100.0, 
2023/9/2,02:00,1.0, ,191130, ,214.60, ,206.57, ,100.0, 
2023/9/2,03:00,6.2, ,191130, ,210.41, ,206.77, ,100.0, 
2023/9/2,04:00,1.1, ,191130, ,206.14, ,195.03, ,100.0, 
2023/9/2,05:00,1.0, ,191130, ,197.80, ,195.13, ,100.0, 
2023/9/2,06:00,0.5, ,191190, ,206.28, ,194.63, ,100.0, 
2023/9/2,07:00,0.6, ,191250, ,210.66, ,194.75, ,100.0, 
2023/9/2,08:00,0.1, ,191250, ,200.51, ,194.65, ,100.0, 
2023/9/2,09:00,0.0, ,191250, ,194.81, ,194.85, ,100.0, 
2023/9/2,10:00,0.0, ,191250, ,194.87, ,194.95, ,100.0, 
2023/9/2,11:00,0.0, ,191190, ,183.93, ,189.48, ,100.0, 
2023/9/2,12:00,0.0, ,191130, ,165.58, ,157.58, ,100.0, 
2023/9/2,13:00,0.0, ,191130, ,159.73, ,157.78, ,100.0, 
2023/9/2,14:00,0.0, ,191130, ,157.72, ,157.68, ,100.0, 
2023/9/2,15:00,0.0, ,191130, ,157.74, ,157.78, ,100.0, 
2023/9/2,16:00,0.0, ,191070, ,143.12, ,138.38, ,100.0, 
2023/9/2,17:00,0.0, ,191070, ,136.98, ,132.45, ,100.0, 
2023/9/2,18:00,0.0, ,191070, ,132.54, ,125.65, ,100.0, 
2023/9/2,19:00,0.0, ,191070, ,128.20, ,125.65, ,100.0, 
2023/9/2,20:00,0.0, ,191070, ,125.19, ,119.14, ,100.0, 
2023/9/2,21:00,0.0, ,191070, ,120.42, ,119.14, ,100.0, 
2023/9/2,22:00,0.0, ,191070, ,117.44, ,113.90, ,100.0, 
2023/9/2,23:00,0.0, ,191070, ,113.72, ,108.12, ,100.0, 
2023/9/2,24:00,0.0, ,191070, ,109.48, ,108.22, ,100.0, 
2023/9/3,01:00,0.0, ,191070, ,106.14, ,102.28, ,100.0, 
2023/9/3,02:00,0.0, ,191070, ,102.03, ,95.90, ,100.0, 
2023/9/3,03:00,0.0, ,191130, ,108.64, ,96.06, ,100.0, 
2023/9/3,04:00,0.0, ,191130, ,101.21, ,96.06, ,100.0, 
2023/9/3,05:00,0.0, ,191190, ,95.61, ,90.28, ,100.0, 
2023/9/3,06:00,0.0, ,191190, ,105.75, ,90.08, ,100.0, 
2023/9/3,07:00,0.0, ,191190, ,90.06, ,90.18, ,100.0, 
2023/9/3,08:00,0.0, ,191190, ,90.05, ,90.65, ,100.0, 
2023/9/3,09:00,0.0, ,191250, ,103.92, ,90.30, ,100.0, 
2023/9/3,10:00,0.0, ,191250, ,92.92, ,90.30, ,100.0, 
2023/9/3,11:00,0.0, ,191250, ,90.17, ,90.20, ,100.0, 
2023/9/3,12:00,0.0, ,191250, ,90.15, ,90.20, ,100.0, 
2023/9/3,13:00,0.0, ,191250, ,90.21, ,90.10, ,100.0, 
2023/9/3,14:00,0.0, ,191190, ,74.81, ,90.45, ,100.0, 
2023/9/3,15:00,0.0, ,191190, ,89.06, ,90.25, ,100.0, 
2023/9/3,16:00,0.0, ,191130, ,73.81, ,77.24, ,100.0, 
2023/9/3,17:00,0.1, ,191130, ,80.25, ,77.14, ,100.0, 
2023/9/3,18:00,0.0, ,191130, ,77.06, ,77.04, ,100.0, 
2023/9/3,19:00,0.0, ,191130, ,77.06, ,76.94, ,100.0, 
2023/9/3,20:00,0.0, ,191070, ,62.26, ,61.43, ,100.0, 
2023/9/3,21:00,0.0, ,191070, ,59.52, ,59.14, ,100.0, 
2023/9/3,22:00,0.0, ,191130, ,63.67, ,59.15, ,100.0, 
2023/9/3,23:00,0.0, ,191130, ,71.29, ,59.15, ,100.0, 
2023/9/3,24:00,0.0, ,191190, ,64.47, ,58.35, ,100.0, 
2023/9/4,01:00,0.0, ,191190, ,69.41, ,58.45, ,100.0, 
2023/9/4,02:00,0.0, ,191190, ,58.40, ,58.45, ,100.0, 
2023/9/4,03:00,0.0, ,191250, ,73.79, ,58.55, ,100.0, 
2023/9/4,04:00,0.0, ,191250, ,59.58, ,58.55, ,100.0, 
2023/9/4,05:00,0.0, ,191310, ,64.28, ,58.35, ,100.0, 
2023/9/4,06:00,0.0, ,191310, ,69.17, ,58.55, ,100.0, 
2023/9/4,07:00,0.0, ,191310, ,58.47, ,58.35, ,100.0, 
2023/9/4,08:00,0.0, ,191310, ,58.43, ,58.35, ,100.0, 
2023/9/4,09:00,0.0, ,191310, ,58.48, ,58.55, ,100.0, 
2023/9/4,10:00,0.0, ,191310, ,58.47, ,58.55, ,100.0, 
2023/9/4,11:00,0.0, ,191310, ,58.46, ,58.45, ,100.0, 
2023/9/4,12:00,0.0, ,191310, ,58.44, ,58.45, ,100.0, 
2023/9/4,13:00,0.0, ,191250, ,54.39, ,58.55, ,100.0, 
2023/9/4,14:00,0.0, ,191250, ,46.19, ,58.55, ,100.0, 
2023/9/4,15:00,0.0, ,191190, ,53.34, ,56.80, ,100.0, 
2023/9/4,16:00,0.0, ,191190, ,46.45, ,56.90, ,100.0, 
2023/9/4,17:00,0.0, ,191130, ,50.87, ,56.70, ,100.0, 
2023/9/4,18:00,0.0, ,191130, ,46.38, ,56.80, ,100.0, 
2023/9/4,19:00,0.0, ,191070, ,49.93, ,56.80, ,100.0, 
2023/9/4,20:00,0.0, ,191070, ,47.16, ,56.70, ,100.0, 
2023/9/4,21:00,0.0, ,191010, ,43.07, ,56.80, ,100.0, 
2023/9/4,22:00,0.0, ,190950, ,46.13, ,56.80, ,100.0, 
2023/9/4,23:00,0.0, ,190900, ,36.00, ,56.80, ,100.0, 
2023/9/4,24:00,0.0, ,190840, ,43.93, ,56.80, ,100.0, 
2023/9/5,01:00,0.0, ,190780, ,43.66, ,56.60, ,100.0, 
2023/9/5,02:00,0.0, ,190720, ,35.73, ,56.80, ,100.0, 
2023/9/5,03:00,0.0, ,190660, ,44.49, ,56.90, ,100.0, 
2023/9/5,04:00,0.1, ,190600, ,45.59, ,56.70, ,100.0, 
2023/9/5,05:00,0.0, ,190600, ,41.21, ,56.60, ,100.0, 
2023/9/5,06:00,1.1, ,190540, ,42.57, ,56.60, ,100.0, 
2023/9/5,07:00,1.7, ,190480, ,43.96, ,56.80, ,100.0, 
2023/9/5,08:00,0.5, ,190420, ,36.59, ,56.80, ,100.0, 
2023/9/5,09:00,0.0, ,190360, ,43.44, ,56.80, ,100.0, 
2023/9/5,10:00,0.0, ,190310, ,37.43, ,56.80, ,100.0, 
2023/9/5,11:00,0.2, ,190190, ,39.31, ,56.70, ,100.0, 
2023/9/5,12:00,0.1, ,190190, ,39.55, ,56.70, ,100.0, 
2023/9/5,13:00,0.0, ,190070, ,36.00, ,56.90, ,100.0, 
2023/9/5,14:00,0.0, ,190010, ,36.92, ,56.70, ,100.0, 
2023/9/5,15:00,0.0, ,189950, ,41.53, ,56.90, ,100.0, 
2023/9/5,16:00,0.1, ,189890, ,36.36, ,56.90, ,100.0, 
2023/9/5,17:00,0.0, ,189830, ,38.83, ,56.80, ,100.0, 
2023/9/5,18:00,0.3, ,189720, ,33.36, ,56.70, ,100.0, 
2023/9/5,19:00,0.1, ,189660, ,35.50, ,56.80, ,100.0, 
2023/9/5,20:00,0.0, ,189540, ,35.75, ,56.70, ,100.0, 
2023/9/5,21:00,0.0, ,189480, ,35.76, ,57.00, ,100.0, 
2023/9/5,22:00,0.0, ,189420, ,35.67, ,57.00, ,100.0, 
2023/9/5,23:00,0.0, ,189360, ,35.03, ,57.00, ,100.0, 
2023/9/5,24:00,0.1, ,189250, ,34.18, ,57.10, ,100.0, 
2023/9/6,01:00,0.0, ,189190, ,35.55, ,57.00, ,100.0, 
2023/9/6,02:00,0.5, ,189130, ,32.02, ,57.10, ,100.0, 
2023/9/6,03:00,0.3, ,189010, ,36.66, ,57.00, ,100.0, 
2023/9/6,04:00,0.0, ,188890, ,26.30, ,57.10, ,100.0, 
2023/9/6,05:00,0.3, ,188830, ,36.90, ,57.10, ,100.0, 
2023/9/6,06:00,0.0, ,188720, ,31.49, ,57.10, ,100.0, 
2023/9/6,07:00,0.0, ,188660, ,32.57, ,57.00, ,100.0, 
2023/9/6,08:00,0.0, ,188540, ,26.55, ,57.00, ,100.0, 
2023/9/6,09:00,0.0, ,188420, ,32.60, ,57.10, ,100.0, 
2023/9/6,10:00,0.0, ,188360, ,30.19, ,56.90, ,100.0, 
2023/9/6,11:00,0.0, ,188250, ,32.32, ,57.10, ,100.0, 
2023/9/6,12:00,0.0, ,188190, ,30.69, ,57.10, ,100.0, 
2023/9/6,13:00,0.0, ,188070, ,30.68, ,57.10, ,100.0, 
2023/9/6,14:00,0.0, ,187950, ,32.63, ,57.10, ,100.0, 
2023/9/6,15:00,0.0, ,187830, ,23.90, ,57.10, ,100.0, 
2023/9/6,16:00,0.0, ,187780, ,28.25, ,57.10, ,100.0, 
2023/9/6,17:00,0.2, ,187660, ,28.56, ,57.00, ,100.0, 
2023/9/6,18:00,0.0, ,187540, ,31.52, ,57.00, ,100.0, 
2023/9/6,19:00,0.0, ,187480, ,29.36, ,56.90, ,100.0, 
2023/9/6,20:00,0.0, ,187370, ,29.09, ,56.90, ,100.0, 
2023/9/6,21:00,0.1, ,187250, ,31.21, ,57.00, ,100.0, 
2023/9/6,22:00,0.1, ,187190, ,27.18, ,57.00, ,100.0, 
2023/9/6,23:00,0.0, ,187070, ,26.65, ,56.90, ,100.0, 
2023/9/6,24:00,0.0, ,186960, ,26.91, ,57.10, ,100.0, 
2023/9/7,01:00,0.0, ,186840, ,29.81, ,57.40, ,100.0, 
2023/9/7,02:00,0.0, ,186720, ,27.15, ,57.50, ,100.0, 
2023/9/7,03:00,0.0, ,186600, ,30.16, ,57.50, ,100.0, 
2023/9/7,04:00,0.0, ,186490, ,25.32, ,57.60, ,100.0, 
2023/9/7,05:00,0.0, ,186430, ,26.15, ,57.50, ,100.0, 
2023/9/7,06:00,0.0, ,186310, ,26.99, ,57.40, ,100.0, 
2023/9/7,07:00,0.0, ,186200, ,28.32, ,57.50, ,100.0, 
2023/9/7,08:00,0.0, ,186080, ,30.44, ,57.50, ,100.0, 
2023/9/7,09:00,0.0, ,185960, ,26.16, ,57.60, ,100.0, 
2023/9/7,10:00,0.0, ,185850, ,29.42, ,57.50, ,100.0, 
2023/9/7,11:00,0.0, ,185790, ,24.57, ,57.60, ,100.0, 
2023/9/7,12:00,0.0, ,185670, ,28.93, ,57.60, ,100.0, 
2023/9/7,13:00,0.0, ,185550, ,28.70, ,57.60, ,100.0, 
2023/9/7,14:00,0.0, ,185500, ,33.59, ,57.60, ,100.0, 
2023/9/7,15:00,0.0, ,185380, ,26.82, ,57.40, ,100.0, 
2023/9/7,16:00,0.0, ,185260, ,26.80, ,57.70, ,100.0, 
2023/9/7,17:00,0.0, ,185150, ,24.69, ,57.50, ,100.0, 
2023/9/7,18:00,0.0, ,185030, ,31.67, ,57.60, ,100.0, 
2023/9/7,19:00,0.0, ,184910, ,28.17, ,57.40, ,100.0, 
2023/9/7,20:00,0.0, ,184800, ,25.14, ,57.50, ,100.0, 
2023/9/7,21:00,0.0, ,184740, ,30.27, ,57.50, ,100.0, 
2023/9/7,22:00,0.0, ,184620, ,28.40, ,57.50, ,100.0, 
2023/9/7,23:00,0.0, ,184510, ,26.79, ,57.40, ,100.0, 
2023/9/7,24:00,0.0, ,184390, ,26.78, ,57.50, ,100.0, 
2023/9/8,01:00,0.0, ,184270, ,28.39, ,57.40, ,100.0, 
2023/9/8,02:00,0.0, ,184160, ,24.90, ,57.50, ,100.0, 
2023/9/8,03:00,0.0, ,184040, ,27.35, ,57.50, ,100.0, 
2023/9/8,04:00,0.0, ,183980, ,28.99, ,57.40, ,100.0, 
2023/9/8,05:00,0.0, ,183810, ,28.19, ,57.40, ,100.0, 
2023/9/8,06:00,0.0, ,183750, ,22.30, ,57.50, ,100.0, 
2023/9/8,07:00,0.0, ,183630, ,29.28, ,57.40, ,100.0, 
2023/9/8,08:00,0.0, ,183520, ,24.71, ,57.50, ,100.0, 
2023/9/8,09:00,0.0, ,183400, ,26.10, ,0.00,#,100.0, 
2023/9/8,10:00,0.0, ,183290, ,29.84, ,0.00,#,100.0, 
2023/9/8,11:00,0.0, ,183170, ,20.99, ,0.00,#,100.0, 
2023/9/8,12:00,0.0, ,183050, ,30.17, ,0.00,#,100.0, 
2023/9/8,13:00,0.0, ,182940, ,27.08, ,0.00,#,100.0, 
2023/9/8,14:00,0.0, ,182820, ,25.11, ,0.00,#,100.0, 
2023/9/8,15:00,0.0, ,182710, ,28.07, ,0.00,#,100.0, 
2023/9/8,16:00,0.0, ,182590, ,23.55, ,0.00,#,100.0, 
2023/9/8,17:00,0.0, ,182480, ,26.24, ,57.70, ,100.0, 
2023/9/8,18:00,0.0, ,182360, ,24.35, ,57.80, ,100.0, 
2023/9/8,19:00,0.0, ,182250, ,26.24, ,57.70, ,100.0, 
2023/9/8,20:00,0.0, ,182130, ,26.76, ,57.70, ,100.0, 
2023/9/8,21:00,0.0, ,182020, ,22.47, ,57.70, ,100.0, 
2023/9/8,22:00,0.0, ,181900, ,23.30, ,57.70, ,100.0, 
2023/9/8,23:00,0.0, ,181780, ,27.31, ,57.70, ,100.0, 
2023/9/8,24:00,0.0, ,181670, ,24.17, ,40.00, ,100.0, 
2023/9/9,01:00,0.0, ,181610, ,18.62, ,27.10, ,100.0, 
2023/9/9,02:00,0.0, ,181610, ,21.65, ,27.50, ,100.0, 
2023/9/9,03:00,0.0, ,181610, ,27.21, ,27.10, ,100.0, 
2023/9/9,04:00,0.0, ,181610, ,27.26, ,27.00, ,100.0, 
2023/9/9,05:00,0.0, ,181550, ,14.75, ,27.20, ,100.0, 
2023/9/9,06:00,0.0, ,181550, ,23.76, ,27.10, ,100.0, 
2023/9/9,07:00,0.0, ,181500, ,25.13, ,27.40, ,100.0, 
2023/9/9,08:00,0.0, ,181500, ,13.40, ,27.50, ,100.0, 
2023/9/9,09:00,0.0, ,181500, ,27.28, ,27.10, ,100.0, 
2023/9/9,10:00,0.0, ,181440, ,17.62, ,27.20, ,100.0, 
2023/9/9,11:00,0.0, ,181440, ,20.85, ,27.10, ,100.0, 
2023/9/9,12:00,0.0, ,181440, ,27.27, ,27.40, ,100.0, 
2023/9/9,13:00,0.0, ,181380, ,21.40, ,27.20, ,100.0, 
2023/9/9,14:00,0.0, ,181380, ,17.15, ,27.00, ,100.0, 
2023/9/9,15:00,0.1, ,181380, ,27.22, ,27.40, ,100.0, 
2023/9/9,16:00,0.1, ,181320, ,22.98, ,29.40, ,100.0, 
2023/9/9,17:00,2.9, ,181270, ,20.12, ,49.60, ,100.0, 
2023/9/9,18:00,0.1, ,181210, ,26.92, ,57.70, ,100.0, 
2023/9/9,19:00,2.0, ,181090, ,31.58, ,57.90, ,100.0, 
2023/9/9,20:00,5.8, ,181040, ,33.30, ,57.90, ,100.0, 
2023/9/9,21:00,2.4, ,180980, ,40.85, ,57.80, ,100.0, 
2023/9/9,22:00,1.1, ,180860, ,32.33, ,57.90, ,100.0, 
2023/9/9,23:00,0.0, ,180750, ,26.26, ,40.40, ,100.0, 
2023/9/9,24:00,0.0, ,180750, ,29.45, ,29.90, ,100.0, 
2023/9/10,01:00,0.0, ,180750, ,28.50, ,27.30, ,100.0, 
2023/9/10,02:00,0.0, ,180750, ,27.28, ,27.40, ,100.0, 
2023/9/10,03:00,0.0, ,180750, ,27.35, ,27.30, ,100.0, 
2023/9/10,04:00,0.0, ,180750, ,27.31, ,27.10, ,100.0, 
2023/9/10,05:00,0.2, ,180750, ,27.27, ,27.00, ,100.0, 
2023/9/10,06:00,0.0, ,180690, ,17.41, ,27.50, ,100.0, 
2023/9/10,07:00,0.6, ,180690, ,21.22, ,19.90, ,100.0, 
2023/9/10,08:00,0.3, ,180750, ,17.43, ,0.00, ,100.0, 
2023/9/10,09:00,0.0, ,180810, ,19.66, ,0.00, ,100.0, 
2023/9/10,10:00,0.0, ,180860, ,17.01, ,0.00, ,100.0, 
2023/9/10,11:00,0.0, ,180980, ,22.33, ,0.00, ,100.0, 
2023/9/10,12:00,0.2, ,181040, ,23.40, ,0.00, ,100.0, 
2023/9/10,13:00,0.0, ,181150, ,22.10, ,16.10, ,100.0, 
2023/9/10,14:00,0.0, ,181150, ,33.69, ,19.50, ,100.0, 
2023/9/10,15:00,0.1, ,181210, ,16.93, ,0.00, ,100.0, 
2023/9/10,16:00,0.1, ,181270, ,14.12, ,16.00, ,100.0, 
2023/9/10,17:00,1.7, ,181270, ,28.91, ,36.30, ,100.0, 
2023/9/10,18:00,0.4, ,181210, ,32.41, ,46.00, ,100.0, 
2023/9/10,19:00,0.6, ,181150, ,25.75, ,36.80, ,100.0, 
2023/9/10,20:00,4.1, ,181090, ,24.10, ,35.60, ,100.0, 
2023/9/10,21:00,1.2, ,181040, ,20.30, ,37.90, ,100.0, 
2023/9/10,22:00,0.0, ,180980, ,25.96, ,32.20, ,100.0, 
2023/9/10,23:00,0.3, ,180980, ,18.60, ,40.40, ,100.0, 
2023/9/10,24:00,0.5, ,180860, ,24.11, ,37.60, ,100.0, 
2023/9/11,01:00,0.6, ,180860, ,19.20, ,29.80, ,100.0, 
2023/9/11,02:00,0.8, ,180810, ,27.86, ,29.40, ,100.0, 
2023/9/11,03:00,3.0, ,180810, ,15.59, ,29.40, ,100.0, 
2023/9/11,04:00,9.9, ,180810, ,29.71, ,29.80, ,100.0, 
2023/9/11,05:00,8.0, ,180810, ,29.67, ,29.70, ,100.0, 
2023/9/11,06:00,2.2, ,180810, ,29.68, ,29.80, ,100.0, 
2023/9/11,07:00,0.4, ,180810, ,29.69, ,29.50, ,100.0, 
2023/9/11,08:00,0.0, ,180860, ,35.21, ,29.40, ,100.0, 
2023/9/11,09:00,0.0, ,180980, ,52.04, ,30.10, ,100.0, 
2023/9/11,10:00,0.0, ,181040, ,57.07, ,29.80, ,100.0, 
2023/9/11,11:00,0.9, ,181090, ,49.04, ,30.10, ,100.0, 
2023/9/11,12:00,0.1, ,181150, ,43.01, ,29.60, ,100.0, 
2023/9/11,13:00,0.3, ,181150, ,37.41, ,18.80, ,100.0, 
2023/9/11,14:00,4.3, ,181320, ,43.33, ,0.00, ,100.0, 
2023/9/11,15:00,1.9, ,181440, ,36.76, ,19.20, ,100.0, 
2023/9/11,16:00,0.2, ,181500, ,38.89, ,33.90, ,100.0, 
2023/9/11,17:00,0.6, ,181500, ,42.99, ,43.80, ,100.0, 
2023/9/11,18:00,0.4, ,181500, ,43.76, ,43.90, ,100.0, 
2023/9/11,19:00,0.3, ,181500, ,43.81, ,43.60, ,100.0, 
2023/9/11,20:00,0.0, ,181500, ,43.74, ,43.70, ,100.0, 
2023/9/11,21:00,0.0, ,181500, ,43.73, ,35.60, ,100.0, 
2023/9/11,22:00,0.0, ,181500, ,35.20, ,27.20, ,100.0, 
2023/9/11,23:00,0.0, ,181500, ,27.21, ,26.70, ,100.0, 
2023/9/11,24:00,0.0, ,181500, ,27.26, ,27.30, ,100.0, 
2023/9/12,01:00,0.1, ,181500, ,26.69, ,26.20, ,100.0, 
2023/9/12,02:00,0.0, ,181500, ,26.08, ,26.40, ,100.0, 
2023/9/12,03:00,0.0, ,181500, ,26.05, ,18.90, ,100.0, 
2023/9/12,04:00,0.0, ,181610, ,32.80, ,0.00, ,100.0, 
2023/9/12,05:00,0.0, ,181730, ,27.98, ,0.00, ,100.0, 
2023/9/12,06:00,0.0, ,181840, ,30.15, ,16.00, ,100.0, 
2023/9/12,07:00,0.1, ,181840, ,31.73, ,25.80, ,100.0, 
2023/9/12,08:00,0.0, ,181840, ,27.86, ,31.80, ,100.0, 
2023/9/12,09:00,0.2, ,181840, ,33.93, ,38.30, ,100.0, 
2023/9/12,10:00,0.0, ,181780, ,25.90, ,20.30, ,100.0, 
2023/9/12,11:00,0.1, ,181840, ,18.39, ,0.00, ,100.0, 
2023/9/12,12:00,0.1, ,181900, ,20.80, ,0.00, ,100.0, 
2023/9/12,13:00,0.0, ,182020, ,27.76, ,16.20, ,100.0, 
2023/9/12,14:00,0.0, ,182020, ,25.94, ,26.30, ,100.0, 
2023/9/12,15:00,0.0, ,182020, ,26.12, ,26.10, ,100.0, 
2023/9/12,16:00,0.0, ,182020, ,26.03, ,26.30, ,100.0, 
2023/9/12,17:00,0.0, ,182020, ,27.82, ,47.70, ,100.0, 
2023/9/12,18:00,0.3, ,181900, ,35.09, ,57.60, ,100.0, 
2023/9/12,19:00,0.0, ,181780, ,21.85, ,57.70, ,100.0, 
2023/9/12,20:00,0.0, ,181670, ,28.36, ,39.30, ,100.0, 
2023/9/12,21:00,0.0, ,181670, ,19.50, ,26.10, ,100.0, 
2023/9/12,22:00,0.1, ,181670, ,26.07, ,26.10, ,100.0, 
2023/9/12,23:00,0.0, ,181670, ,26.07, ,25.80, ,100.0, 
2023/9/12,24:00,0.0, ,181610, ,10.04, ,18.20, ,100.0, 
2023/9/13,01:00,0.0, ,181670, ,14.72, ,0.00, ,100.0, 
2023/9/13,02:00,0.0, ,181730, ,16.79, ,0.00, ,100.0, 
2023/9/13,03:00,0.1, ,181780, ,19.99, ,0.00, ,100.0, 
2023/9/13,04:00,0.0, ,181900, ,22.39, ,0.00, ,100.0, 
2023/9/13,05:00,0.0, ,181960, ,25.33, ,0.00, ,100.0, 
2023/9/13,06:00,0.0, ,182020, ,20.01, ,0.00, ,100.0, 
2023/9/13,07:00,0.0, ,182070, ,14.41, ,0.00, ,100.0, 
2023/9/13,08:00,0.0, ,182190, ,24.84, ,15.90, ,100.0, 
2023/9/13,09:00,0.0, ,182190, ,28.85, ,27.10, ,100.0, 
2023/9/13,10:00,0.1, ,182190, ,27.84, ,28.60, ,100.0, 
2023/9/13,11:00,0.0, ,182190, ,28.49, ,28.40, ,100.0, 
2023/9/13,12:00,0.0, ,182130, ,15.13, ,17.30, ,100.0, 
2023/9/13,13:00,0.0, ,182130, ,11.31, ,19.30, ,100.0, 
2023/9/13,14:00,0.1, ,182130, ,15.15, ,28.30, ,100.0, 
2023/9/13,15:00,0.0, ,182130, ,28.41, ,29.30, ,100.0, 
2023/9/13,16:00,0.2, ,182130, ,31.53, ,51.70, ,100.0, 
2023/9/13,17:00,0.0, ,181960, ,19.09, ,57.60, ,100.0, 
2023/9/13,18:00,0.0, ,181840, ,24.00, ,57.70, ,100.0, 
2023/9/13,19:00,0.0, ,181730, ,20.81, ,57.50, ,100.0, 
2023/9/13,20:00,0.0, ,181550, ,20.34, ,57.80, ,100.0, 
2023/9/13,21:00,0.0, ,181440, ,21.28, ,57.80, ,100.0, 
2023/9/13,22:00,0.0, ,181320, ,21.01, ,39.30, ,100.0, 
2023/9/13,23:00,0.5, ,181270, ,14.75, ,26.00, ,100.0, 
2023/9/13,24:00,0.3, ,181270, ,21.21, ,18.40, ,100.0, 
2023/9/14,01:00,0.6, ,181270, ,12.86, ,0.00, ,100.0, 
2023/9/14,02:00,0.3, ,181320, ,1.60, ,0.00, ,100.0, 
2023/9/14,03:00,0.1, ,181380, ,19.96, ,0.00, ,100.0, 
2023/9/14,04:00,0.0, ,181440, ,13.04, ,0.00, ,100.0, 
2023/9/14,05:00,0.0, ,181500, ,19.98, ,0.00, ,100.0, 
2023/9/14,06:00,0.0, ,181550, ,13.61, ,19.40, ,100.0, 
2023/9/14,07:00,0.0, ,181550, ,26.86, ,30.60, ,100.0, 
2023/9/14,08:00,0.0, ,181500, ,25.89, ,38.10, ,100.0, 
2023/9/14,09:00,0.0,-,181440, ,24.27, ,20.80, ,100.0, 
2023/9/14,10:00,0.0,-,181440, ,7.99, ,0.00, ,100.0, 
2023/9/14,11:00,0.0,-,181500, ,10.39, ,0.00, ,100.0, 
2023/9/14,12:00,0.0,-,181550, ,13.32, ,0.00, ,100.0, 
2023/9/14,13:00,0.0,-,181610, ,20.25, ,0.00, ,100.0, 
2023/9/14,14:00,0.0,-,181670, ,12.82, ,16.40, ,100.0, 
2023/9/14,15:00,0.0,-,181670, ,21.71, ,35.60, ,100.0, 
2023/9/14,16:00,0.0,-,181610, ,32.24, ,48.80, ,100.0, 
2023/9/14,17:00,0.3, ,181500, ,24.23, ,57.60, ,100.0, 
2023/9/14,18:00,0.0, ,181320, ,19.35, ,57.70, ,100.0, 
2023/9/14,19:00,0.0, ,181210, ,19.65, ,57.70, ,100.0, 
2023/9/14,20:00,0.0, ,181090, ,18.29, ,57.60, ,100.0, 
2023/9/14,21:00,0.0, ,180920, ,22.06, ,53.10, ,100.0, 
2023/9/14,22:00,0.0, ,180860, ,18.07, ,36.00, ,100.0, 
2023/9/14,23:00,0.0, ,180810, ,14.65, ,27.10, ,100.0, 
2023/9/14,24:00,0.0, ,180750, ,16.91, ,19.90, ,100.0, 
2023/9/15,01:00,0.0, ,180750, ,3.37, ,0.00, ,100.0, 
2023/9/15,02:00,0.0, ,180810, ,11.96, ,0.00, ,100.0, 
2023/9/15,03:00,0.0, ,180860, ,19.94, ,0.00, ,100.0, 
2023/9/15,04:00,0.0, ,180920, ,12.23, ,0.00, ,100.0, 
2023/9/15,05:00,0.0, ,180980, ,12.76, ,0.00, ,100.0, 
2023/9/15,06:00,0.0, ,181090, ,19.94, ,0.00, ,100.0, 
2023/9/15,07:00,0.0, ,181090, ,18.91, ,16.30, ,100.0, 
2023/9/15,08:00,0.0, ,181090, ,14.52, ,43.90, ,100.0, 
2023/9/15,09:00,0.0, ,181040, ,34.98, ,31.10, ,100.0, 
2023/9/15,10:00,0.0, ,181040, ,13.40, ,0.00, ,100.0, 
2023/9/15,11:00,0.0, ,181090, ,7.98, ,0.00, ,100.0, 
2023/9/15,12:00,0.0, ,181150, ,12.50, ,0.00, ,100.0, 
2023/9/15,13:00,0.0, ,181210, ,12.50, ,0.00, ,100.0, 
2023/9/15,14:00,0.0, ,181270, ,20.25, ,18.90, ,100.0, 
2023/9/15,15:00,0.0, ,181270, ,25.81, ,36.90, ,100.0, 
2023/9/15,16:00,0.0, ,181150, ,21.27, ,48.80, ,100.0, 
2023/9/15,17:00,0.0, ,181040, ,21.48, ,57.70, ,100.0, 
2023/9/15,18:00,0.0, ,180860, ,21.34, ,57.80, ,100.0, 
2023/9/15,19:00,0.0, ,180750, ,15.00, ,55.90, ,100.0, 
2023/9/15,20:00,0.0, ,180640, ,18.39, ,37.10, ,100.0, 
2023/9/15,21:00,0.0, ,180580, ,14.81, ,19.00, ,100.0, 
2023/9/15,22:00,0.0, ,180580, ,7.34, ,0.00, ,100.0, 
2023/9/15,23:00,0.0, ,180640, ,5.04, ,0.00, ,100.0, 
2023/9/15,24:00,0.0, ,180690, ,20.18, ,0.00, ,100.0, 
2023/9/16,01:00,0.0, ,180750, ,11.96, ,0.00, ,100.0, 
2023/9/16,02:00,0.0, ,180810, ,12.22, ,0.00, ,100.0, 
2023/9/16,03:00,0.0, ,180810, ,14.35, ,0.00, ,100.0, 
2023/9/16,04:00,0.0, ,180860, ,13.56, ,0.00, ,100.0, 
2023/9/16,05:00,0.0, ,180920, ,7.98, ,0.00, ,100.0, 
2023/9/16,06:00,0.0, ,180920, ,10.39, ,19.30, ,100.0, 
2023/9/16,07:00,0.0, ,180920, ,15.17, ,37.30, ,100.0, 
2023/9/16,08:00,0.0, ,180750, ,16.94, ,38.10, ,100.0, 
2023/9/16,09:00,0.0, ,180690, ,4.14, ,17.60, ,100.0, 
2023/9/16,10:00,0.0, ,180690, ,4.97, ,0.00, ,100.0, 
2023/9/16,11:00,0.0, ,180750, ,1.33, ,0.00, ,100.0, 
2023/9/16,12:00,0.0, ,180810, ,18.60, ,0.00, ,100.0, 
2023/9/16,13:00,0.0, ,180860, ,12.49, ,0.00, ,100.0, 
2023/9/16,14:00,0.0, ,180860, ,15.45, ,19.80, ,100.0, 
2023/9/16,15:00,0.0, ,180860, ,15.22, ,28.50, ,100.0, 
2023/9/16,16:00,0.0, ,180810, ,27.97, ,36.50, ,100.0, 
2023/9/16,17:00,0.0, ,180750, ,14.78, ,47.60, ,100.0, 
2023/9/16,18:00,0.0, ,180580, ,17.65, ,55.80, ,100.0, 
2023/9/16,19:00,0.0, ,180460, ,15.83, ,55.70, ,100.0, 
2023/9/16,20:00,0.0, ,180290, ,16.35, ,55.00, ,100.0, 
2023/9/16,21:00,0.0, ,180180, ,16.71, ,37.70, ,100.0, 
2023/9/16,22:00,0.0, ,180120, ,10.21, ,19.10, ,100.0, 
2023/9/16,23:00,0.0, ,180120, ,9.35, ,0.00, ,100.0, 
2023/9/16,24:00,0.0, ,180120, ,0.00, ,0.00, ,100.0, 
2023/9/17,01:00,0.0, ,180180, ,15.64, ,0.00, ,100.0, 
2023/9/17,02:00,0.0, ,180230, ,9.55, ,0.00, ,100.0, 
2023/9/17,03:00,0.0, ,180290, ,12.20, ,0.00, ,100.0, 
2023/9/17,04:00,0.0, ,180350, ,12.21, ,0.00, ,100.0, 
2023/9/17,05:00,0.0, ,180350, ,14.06, ,0.00, ,100.0, 
2023/9/17,06:00,0.0, ,180410, ,13.29, ,18.70, ,100.0, 
2023/9/17,07:00,0.0, ,180410, ,17.84, ,36.90, ,100.0, 
2023/9/17,08:00,0.0, ,180290, ,28.36, ,38.30, ,100.0, 
2023/9/17,09:00,0.0, ,180230, ,15.02, ,28.50, ,100.0, 
2023/9/17,10:00,0.0, ,180180, ,10.70, ,17.40, ,100.0, 
2023/9/17,11:00,0.0, ,180180, ,0.44, ,0.00, ,100.0, 
2023/9/17,12:00,0.0, ,180230, ,4.51, ,0.00, ,100.0, 
2023/9/17,13:00,0.0, ,180230, ,11.40, ,0.00, ,100.0, 
2023/9/17,14:00,0.0, ,180290, ,12.23, ,19.60, ,100.0, 
2023/9/17,15:00,0.0, ,180290, ,18.93, ,28.50, ,100.0, 
2023/9/17,16:00,0.0, ,180230, ,27.75, ,31.10, ,100.0, 
2023/9/17,17:00,0.0, ,180180, ,12.12, ,47.20, ,100.0, 
2023/9/17,18:00,0.0, ,180000, ,13.79, ,55.70, ,100.0, 
2023/9/17,19:00,0.0, ,179890, ,15.18, ,55.50, ,100.0, 
2023/9/17,20:00,0.0, ,179720, ,14.79, ,41.00, ,100.0, 
2023/9/17,21:00,0.0, ,179660, ,12.53, ,31.20, ,100.0, 
2023/9/17,22:00,0.0, ,179550, ,5.95, ,17.70, ,100.0, 
2023/9/17,23:00,0.0, ,179600, ,5.07, ,0.00, ,100.0, 
2023/9/17,24:00,0.0, ,179600, ,11.38, ,0.00, ,100.0, 
2023/9/18,01:00,0.0, ,179660, ,5.82, ,0.00, ,100.0, 
2023/9/18,02:00,0.0, ,179720, ,11.65, ,0.00, ,100.0, 
2023/9/18,03:00,0.0, ,179720, ,14.29, ,0.00, ,100.0, 
2023/9/18,04:00,0.0, ,179780, ,11.65, ,0.00, ,100.0, 
2023/9/18,05:00,0.0, ,179830, ,11.65, ,0.00, ,100.0, 
2023/9/18,06:00,0.5, ,179890, ,10.09, ,19.50, ,100.0, 
2023/9/18,07:00,1.3, ,179890, ,29.54, ,28.60, ,100.0, 
2023/9/18,08:00,0.1, ,179830, ,16.94, ,28.40, ,100.0, 
2023/9/18,09:00,0.3, ,179780, ,14.79, ,28.60, ,100.0, 
2023/9/18,10:00,0.0, ,179720, ,9.53, ,17.90, ,100.0, 
2023/9/18,11:00,0.0, ,179720, ,10.87, ,0.00, ,100.0, 
2023/9/18,12:00,0.0, ,179720, ,0.00, ,0.00, ,100.0, 
2023/9/18,13:00,0.0, ,179780, ,4.24, ,0.00, ,100.0, 
2023/9/18,14:00,0.0, ,179780, ,11.65, ,0.00, ,100.0, 
2023/9/18,15:00,0.1, ,179830, ,15.92, ,19.40, ,100.0, 
2023/9/18,16:00,2.1, ,179830, ,15.21, ,47.10, ,100.0, 
2023/9/18,17:00,0.1, ,179660, ,25.50, ,56.70, ,100.0, 
2023/9/18,18:00,0.0, ,179550, ,12.66, ,58.00, ,100.0, 
2023/9/18,19:00,0.0, ,179380, ,18.59, ,57.90, ,100.0, 
2023/9/18,20:00,0.0, ,179200, ,12.77, ,58.10, ,100.0, 
2023/9/18,21:00,0.0, ,179090, ,12.78, ,40.30, ,100.0, 
2023/9/18,22:00,0.0, ,178980, ,7.57, ,19.70, ,100.0, 
2023/9/18,23:00,0.0, ,178980, ,5.72, ,0.00, ,100.0, 
2023/9/18,24:00,0.0, ,179030, ,11.62, ,0.00, ,100.0, 
2023/9/19,01:00,0.0, ,179030, ,4.23, ,0.00, ,100.0, 
2023/9/19,02:00,0.0, ,179090, ,11.89, ,0.00, ,100.0, 
2023/9/19,03:00,0.0, ,179150, ,7.93, ,0.00, ,100.0, 
2023/9/19,04:00,0.0, ,179150, ,11.89, ,0.00, ,100.0, 
2023/9/19,05:00,0.0, ,179200, ,12.16, ,0.00, ,100.0, 
2023/9/19,06:00,0.0, ,179260, ,5.31, ,19.40, ,100.0, 
2023/9/19,07:00,0.0, ,179260, ,29.52, ,28.40, ,100.0, 
2023/9/19,08:00,0.0, ,179200, ,16.18, ,28.90, ,100.0, 
2023/9/19,09:00,0.0, ,179150, ,13.79, ,28.60, ,100.0, 
2023/9/19,10:00,0.0, ,179090, ,9.52, ,17.30, ,100.0, 
2023/9/19,11:00,0.0, ,179030, ,2.40, ,0.00, ,100.0, 
2023/9/19,12:00,0.0, ,179090, ,0.00, ,0.00, ,100.0, 
2023/9/19,13:00,0.0, ,179090, ,12.15, ,0.00, ,100.0, 
2023/9/19,14:00,0.0, ,179150, ,12.15, ,0.00, ,100.0, 
2023/9/19,15:00,0.0, ,179200, ,10.33, ,18.80, ,100.0, 
2023/9/19,16:00,1.0, ,179200, ,24.49, ,46.60, ,100.0, 
2023/9/19,17:00,0.3, ,179030, ,18.82, ,57.20, ,100.0, 
2023/9/19,18:00,0.5, ,178860, ,15.90, ,58.10, ,100.0, 
2023/9/19,19:00,0.0, ,178690, ,9.50, ,57.90, ,100.0, 
2023/9/19,20:00,0.0, ,178580, ,17.71, ,58.20, ,100.0, 
2023/9/19,21:00,0.0, ,178410, ,12.89, ,53.50, ,100.0, 
2023/9/19,22:00,0.0, ,178290, ,16.09, ,25.50, ,100.0, 
2023/9/19,23:00,0.0, ,178290, ,4.71, ,0.00, ,100.0, 
2023/9/19,24:00,0.0, ,178290, ,0.00, ,0.00, ,100.0, 
2023/9/20,01:00,0.0, ,178350, ,3.95, ,0.00, ,100.0, 
2023/9/20,02:00,0.0, ,178350, ,11.86, ,0.00, ,100.0, 
2023/9/20,03:00,0.0, ,178410, ,11.86, ,0.00, ,100.0, 
2023/9/20,04:00,0.0, ,178410, ,3.95, ,0.00, ,100.0, 
2023/9/20,05:00,0.0, ,178460, ,5.01, ,0.00, ,100.0, 
2023/9/20,06:00,0.0, ,178460, ,10.84, ,18.90, ,100.0, 
2023/9/20,07:00,0.0, ,178410, ,13.14, ,28.80, ,100.0, 
2023/9/20,08:00,0.0, ,178350, ,8.86, ,29.90, ,100.0, 
2023/9/20,09:00,0.0, ,178240, ,4.51, ,29.90, ,100.0, 
2023/9/20,10:00,0.0, ,178180, ,10.87, ,29.80, ,100.0, 
2023/9/20,11:00,0.0, ,178120, ,14.03, ,17.80, ,100.0, 
2023/9/20,12:00,0.0, ,178120, ,2.21, ,0.00, ,100.0, 
2023/9/20,13:00,0.0, ,178180, ,3.42, ,0.00, ,100.0, 
2023/9/20,14:00,0.2, ,178240, ,14.75, ,0.00, ,100.0, 
2023/9/20,15:00,0.0, ,178240, ,13.46, ,19.40, ,100.0, 
2023/9/20,16:00,0.0, ,178240, ,15.28, ,47.50, ,100.0, 
2023/9/20,17:00,0.0, ,178120, ,30.66, ,57.20, ,100.0, 
2023/9/20,18:00,0.0, ,177950, ,17.60, ,58.30, ,100.0, 
2023/9/20,19:00,0.0, ,177780, ,13.86, ,58.10, ,100.0, 
2023/9/20,20:00,0.8, ,177670, ,14.91, ,58.30, ,100.0, 
2023/9/20,21:00,0.2, ,177550, ,25.43, ,42.00, ,100.0, 
2023/9/20,22:00,0.2, ,177440, ,15.28, ,18.20, ,100.0, 
2023/9/20,23:00,0.1, ,177440, ,0.00, ,0.00, ,100.0, 
2023/9/20,24:00,0.0, ,177500, ,7.62, ,0.00, ,100.0, 
2023/9/21,01:00,0.0, ,177550, ,12.09, ,0.00, ,100.0, 
2023/9/21,02:00,0.1, ,177550, ,11.83, ,0.00, ,100.0, 
2023/9/21,03:00,0.0, ,177610, ,13.93, ,0.00, ,100.0, 
2023/9/21,04:00,0.0, ,177610, ,1.84, ,0.00, ,100.0, 
2023/9/21,05:00,0.3, ,177670, ,4.47, ,0.00, ,100.0, 
2023/9/21,06:00,0.2, ,177670, ,11.33, ,19.60, ,100.0, 
2023/9/21,07:00,0.0, ,177610, ,11.31, ,29.10, ,100.0, 
2023/9/21,08:00,0.0, ,177500, ,9.00, ,28.50, ,100.0, 
2023/9/21,09:00,0.0, ,177440, ,0.82, ,28.40, ,100.0, 
2023/9/21,10:00,0.0, ,177380, ,13.92, ,28.50, ,100.0, 
2023/9/21,11:00,0.0, ,177330, ,9.96, ,17.60, ,100.0, 
2023/9/21,12:00,0.0, ,177330, ,4.35, ,0.00, ,100.0, 
2023/9/21,13:00,0.0, ,177380, ,4.73, ,0.00, ,100.0, 
2023/9/21,14:00,0.2, ,177440, ,12.35, ,0.00, ,100.0, 
2023/9/21,15:00,0.0, ,177500, ,16.86, ,19.70, ,100.0, 
2023/9/21,16:00,0.4, ,177500, ,28.70, ,47.30, ,100.0, 
2023/9/21,17:00,1.0, ,177330, ,15.54, ,57.20, ,100.0, 
2023/9/21,18:00,2.4, ,177210, ,21.10, ,58.20, ,100.0, 
2023/9/21,19:00,2.8, ,177100, ,21.89, ,58.40, ,100.0, 
2023/9/21,20:00,0.9, ,176930, ,22.63, ,53.40, ,100.0, 
2023/9/21,21:00,0.1, ,176820, ,19.46, ,39.80, ,100.0, 
2023/9/21,22:00,0.0, ,176760, ,13.89, ,19.70, ,100.0, 
2023/9/21,23:00,0.0, ,176760, ,2.65, ,0.00, ,100.0, 
2023/9/21,24:00,0.0, ,176820, ,9.98, ,0.00, ,100.0, 
2023/9/22,01:00,0.0, ,176870, ,11.81, ,0.00, ,100.0, 
2023/9/22,02:00,0.0, ,176930, ,10.50, ,0.00, ,100.0, 
2023/9/22,03:00,0.0, ,176930, ,14.96, ,0.00, ,100.0, 
2023/9/22,04:00,0.0, ,176990, ,1.31, ,0.00, ,100.0, 
2023/9/22,05:00,0.0, ,176990, ,14.44, ,0.00, ,100.0, 
2023/9/22,06:00,0.0, ,176990, ,0.00, ,0.00, ,100.0, 
2023/9/22,07:00,0.0, ,176990, ,0.00, ,0.00, ,100.0, 
2023/9/22,08:00,0.1, ,177040, ,12.90, ,19.10, ,100.0, 
2023/9/22,09:00,0.2, ,176990, ,14.51, ,37.40, ,100.0, 
2023/9/22,10:00,0.1, ,176870, ,15.48, ,45.40, ,100.0, 
2023/9/22,11:00,0.0, ,176760, ,16.57, ,47.60, ,100.0, 
2023/9/22,12:00,0.0, ,176700, ,15.35, ,28.50, ,100.0, 
2023/9/22,13:00,0.0, ,176650, ,4.92, ,0.00, ,100.0, 
2023/9/22,14:00,0.0, ,176700, ,6.56, ,0.00, ,100.0, 
2023/9/22,15:00,0.3, ,176760, ,12.36, ,19.00, ,100.0, 
2023/9/22,16:00,0.4, ,176760, ,23.68, ,47.50, ,100.0, 
2023/9/22,17:00,0.3, ,176590, ,25.03, ,57.10, ,100.0, 
2023/9/22,18:00,0.1, ,176480, ,15.03, ,58.60, ,100.0, 
2023/9/22,19:00,0.8, ,176310, ,17.53, ,58.70, ,100.0, 
2023/9/22,20:00,1.4, ,176190, ,10.95, ,40.60, ,100.0, 
2023/9/22,21:00,0.6, ,176080, ,19.65, ,21.40, ,100.0, 
2023/9/22,22:00,0.5, ,176140, ,3.49, ,0.00, ,100.0, 
2023/9/22,23:00,0.0, ,176190, ,19.12, ,0.00, ,100.0, 
2023/9/22,24:00,0.0, ,176190, ,8.65, ,0.00, ,100.0, 
2023/9/23,01:00,0.2, ,176250, ,9.69, ,0.00, ,100.0, 
2023/9/23,02:00,0.0, ,176310, ,10.22, ,0.00, ,100.0, 
2023/9/23,03:00,0.0, ,176310, ,11.53, ,0.00, ,100.0, 
2023/9/23,04:00,0.0, ,176310, ,0.00, ,0.00, ,100.0, 
2023/9/23,05:00,0.0, ,176360, ,9.69, ,0.00, ,100.0, 
2023/9/23,06:00,0.1, ,176360, ,6.05, ,16.20, ,100.0, 
2023/9/23,07:00,0.0, ,176310, ,9.90, ,27.50, ,100.0, 
2023/9/23,08:00,0.0, ,176250, ,5.46, ,19.40, ,100.0, 
2023/9/23,09:00,0.0, ,176250, ,8.79, ,0.00, ,100.0, 
2023/9/23,10:00,0.0, ,176250, ,0.00, ,0.00, ,100.0, 
2023/9/23,11:00,0.0, ,176310, ,3.67, ,0.00, ,100.0, 
2023/9/23,12:00,0.0, ,176360, ,12.31, ,0.00, ,100.0, 
2023/9/23,13:00,0.0, ,176360, ,15.46, ,0.00, ,100.0, 
2023/9/23,14:00,0.0, ,176420, ,15.21, ,0.00, ,100.0, 
2023/9/23,15:00,0.0, ,176480, ,14.16, ,0.00, ,100.0, 
2023/9/23,16:00,0.0, ,176530, ,10.49, ,0.00, ,100.0, 
2023/9/23,17:00,0.0, ,176590, ,11.04, ,16.00, ,100.0, 
2023/9/23,18:00,0.0, ,176590, ,26.66, ,45.00, ,100.0, 
2023/9/23,19:00,0.0, ,176420, ,16.74, ,54.90, ,100.0, 
2023/9/23,20:00,0.0, ,176250, ,16.09, ,58.70, ,100.0, 
2023/9/23,21:00,0.0, ,176140, ,15.71, ,58.50, ,100.0, 
2023/9/23,22:00,0.0, ,175970, ,13.79, ,38.50, ,100.0, 
2023/9/23,23:00,0.0, ,175970, ,7.59, ,0.00, ,100.0, 
2023/9/23,24:00,0.0, ,176020, ,9.69, ,0.00, ,100.0, 
2023/9/24,01:00,0.0, ,176020, ,6.02, ,0.00, ,100.0, 
2023/9/24,02:00,0.0, ,176080, ,11.26, ,0.00, ,100.0, 
2023/9/24,03:00,0.0, ,176080, ,4.45, ,0.00, ,100.0, 
2023/9/24,04:00,0.0, ,176140, ,9.95, ,0.00, ,100.0, 
2023/9/24,05:00,0.0, ,176140, ,5.76, ,0.00, ,100.0, 
2023/9/24,06:00,0.0, ,176140, ,0.03, ,19.00, ,100.0, 
2023/9/24,07:00,0.0, ,176080, ,11.62, ,28.70, ,100.0, 
2023/9/24,08:00,0.0, ,176020, ,8.57, ,17.80, ,100.0, 
2023/9/24,09:00,0.0, ,176020, ,6.49, ,0.00, ,100.0, 
2023/9/24,10:00,0.0, ,176020, ,0.00, ,0.00, ,100.0, 
2023/9/24,11:00,0.0, ,176020, ,0.00, ,0.00, ,100.0, 
2023/9/24,12:00,0.0, ,176080, ,13.88, ,0.00, ,100.0, 
2023/9/24,13:00,0.0, ,176140, ,11.26, ,0.00, ,100.0, 
2023/9/24,14:00,0.0, ,176190, ,11.26, ,0.00, ,100.0, 
2023/9/24,15:00,0.0, ,176190, ,10.74, ,0.00, ,100.0, 
2023/9/24,16:00,0.0, ,176250, ,14.44, ,16.00, ,100.0, 
2023/9/24,17:00,0.0, ,176250, ,15.32, ,26.50, ,100.0, 
2023/9/24,18:00,0.0, ,176190, ,25.69, ,47.40, ,100.0, 
2023/9/24,19:00,0.0, ,176080, ,12.06, ,57.20, ,100.0, 
2023/9/24,20:00,0.0, ,175910, ,15.10, ,58.40, ,100.0, 
2023/9/24,21:00,0.0, ,175740, ,14.15, ,58.20, ,100.0, 
2023/9/24,22:00,0.0, ,175570, ,15.47, ,47.20, ,100.0, 
2023/9/24,23:00,0.0, ,175510, ,13.59, ,22.10, ,100.0, 
2023/9/24,24:00,0.0, ,175510, ,13.06, ,0.00, ,100.0, 
2023/9/25,01:00,0.0, ,175510, ,0.00, ,0.00, ,100.0, 
2023/9/25,02:00,0.0, ,175570, ,5.49, ,0.00, ,100.0, 
2023/9/25,03:00,0.1, ,175570, ,10.19, ,0.00, ,100.0, 
2023/9/25,04:00,0.1, ,175570, ,0.00, ,0.00, ,100.0, 
2023/9/25,05:00,0.3, ,175570, ,0.00, ,0.00, ,100.0, 
2023/9/25,06:00,0.1, ,175630, ,15.69, ,0.00, ,100.0, 
2023/9/25,07:00,0.5, ,175630, ,0.00, ,0.00, ,100.0, 
2023/9/25,08:00,0.0, ,175630, ,0.03, ,19.50, ,100.0, 
2023/9/25,09:00,0.3, ,175570, ,12.42, ,46.70, ,100.0, 
2023/9/25,10:00,0.0, ,175460, ,15.55, ,57.40, ,100.0, 
2023/9/25,11:00,0.0, ,175290, ,17.95, ,58.50, ,100.0, 
2023/9/25,12:00,0.1, ,175120, ,12.09, ,41.20, ,100.0, 
2023/9/25,13:00,0.0, ,175120, ,5.01, ,0.00, ,100.0, 
2023/9/25,14:00,0.0, ,175180, ,6.53, ,0.00, ,100.0, 
2023/9/25,15:00,0.0, ,175180, ,9.17, ,19.70, ,100.0, 
2023/9/25,16:00,0.0, ,175180, ,15.41, ,47.30, ,100.0, 
2023/9/25,17:00,0.0, ,175010, ,20.12, ,57.60, ,100.0, 
2023/9/25,18:00,0.0, ,174890, ,17.07, ,58.80, ,100.0, 
2023/9/25,19:00,0.0, ,174670, ,10.23, ,58.60, ,100.0, 
2023/9/25,20:00,0.0, ,174500, ,13.63, ,57.90, ,100.0, 
2023/9/25,21:00,0.0, ,174390, ,12.03, ,40.50, ,100.0, 
2023/9/25,22:00,0.0, ,174330, ,14.86, ,19.30, ,100.0, 
2023/9/25,23:00,0.0, ,174330, ,9.87, ,0.00, ,100.0, 
2023/9/25,24:00,0.0, ,174330, ,0.00, ,0.00, ,100.0, 
2023/9/26,01:00,0.0, ,174390, ,7.29, ,0.00, ,100.0, 
2023/9/26,02:00,0.0, ,174390, ,8.34, ,0.00, ,100.0, 
2023/9/26,03:00,0.0, ,174440, ,7.29, ,0.00, ,100.0, 
2023/9/26,04:00,0.0, ,174440, ,8.34, ,0.00, ,100.0, 
2023/9/26,05:00,0.0, ,174440, ,0.00, ,0.00, ,100.0, 
2023/9/26,06:00,0.0, ,174440, ,0.03, ,15.70, ,100.0, 
2023/9/26,07:00,0.0, ,174440, ,14.05, ,31.60, ,100.0, 
2023/9/26,08:00,0.0, ,174270, ,14.34, ,42.20, ,100.0, 
2023/9/26,09:00,0.0, ,174160, ,3.73, ,42.10, ,100.0, 
2023/9/26,10:00,0.0, ,174050, ,13.16, ,41.90, ,100.0, 
2023/9/26,11:00,0.0, ,173940, ,10.60, ,36.40, ,100.0, 
2023/9/26,12:00,0.0, ,173940, ,12.22, ,18.90, ,100.0, 
2023/9/26,13:00,0.0, ,173940, ,12.99, ,0.00, ,100.0, 
2023/9/26,14:00,0.0, ,173940, ,0.00, ,0.00, ,100.0, 
2023/9/26,15:00,0.0, ,173990, ,0.81, ,15.70, ,100.0, 
2023/9/26,16:00,0.0, ,173940, ,26.35, ,45.80, ,100.0, 
2023/9/26,17:00,0.0, ,173830, ,14.86, ,56.30, ,100.0, 
2023/9/26,18:00,0.0, ,173660, ,10.85, ,58.50, ,100.0, 
2023/9/26,19:00,0.0, ,173490, ,12.75, ,58.50, ,100.0, 
2023/9/26,20:00,0.0, ,173320, ,10.80, ,50.50, ,100.0, 
2023/9/26,21:00,0.0, ,173210, ,11.09, ,36.20, ,100.0, 
2023/9/26,22:00,0.0, ,173100, ,9.41, ,20.30, ,100.0, 
2023/9/26,23:00,0.0, ,173100, ,0.00, ,0.00, ,100.0, 
2023/9/26,24:00,0.0, ,173150, ,9.86, ,0.00, ,100.0, 
2023/9/27,01:00,0.0, ,173210, ,9.86, ,0.00, ,100.0, 
2023/9/27,02:00,0.0, ,173210, ,11.42, ,0.00, ,100.0, 
2023/9/27,03:00,0.0, ,173210, ,0.00, ,0.00, ,100.0, 
2023/9/27,04:00,0.0, ,173260, ,11.68, ,0.00, ,100.0, 
2023/9/27,05:00,0.0, ,173260, ,3.89, ,0.00, ,100.0, 
2023/9/27,06:00,0.0, ,173260, ,0.03, ,15.40, ,100.0, 
2023/9/27,07:00,0.0, ,173260, ,14.12, ,31.40, ,100.0, 
2023/9/27,08:00,0.0, ,173100, ,9.09, ,42.20, ,100.0, 
2023/9/27,09:00,0.0, ,172980, ,5.33, ,42.20, ,100.0, 
2023/9/27,10:00,0.0, ,172870, ,6.13, ,36.60, ,99.9, 
2023/9/27,11:00,0.0, ,172820, ,12.26, ,18.40, ,99.9, 
2023/9/27,12:00,0.0, ,172820, ,8.60, ,0.00, ,99.9, 
2023/9/27,13:00,0.0, ,172820, ,0.00, ,0.00, ,99.9, 
2023/9/27,14:00,0.0, ,172870, ,14.00, ,0.00, ,99.9, 
2023/9/27,15:00,0.0, ,172930, ,9.10, ,19.60, ,100.0, 
2023/9/27,16:00,0.0, ,172930, ,23.40, ,46.80, ,100.0, 
2023/9/27,17:00,0.0, ,172760, ,13.89, ,57.40, ,99.8, 
2023/9/27,18:00,0.0, ,172540, ,10.53, ,59.10, ,99.7, 
2023/9/27,19:00,0.0, ,172370, ,10.10, ,58.90, ,99.6, 
2023/9/27,20:00,0.0, ,172200, ,11.90, ,58.90, ,99.5, 
2023/9/27,21:00,0.0, ,172090, ,14.36, ,41.60, ,99.4, 
2023/9/27,22:00,0.0, ,172030, ,3.89, ,0.00, ,99.3, 
2023/9/27,23:00,0.0, ,172090, ,4.91, ,0.00, ,99.4, 
2023/9/27,24:00,0.0, ,172090, ,5.17, ,0.00, ,99.4, 
2023/9/28,01:00,0.0, ,172140, ,10.61, ,0.00, ,99.4, 
2023/9/28,02:00,0.0, ,172140, ,4.91, ,0.00, ,99.4, 
2023/9/28,03:00,0.0, ,172140, ,0.00, ,0.00, ,99.4, 
2023/9/28,04:00,0.0, ,172140, ,0.00, ,0.00, ,99.4, 
2023/9/28,05:00,0.0, ,172200, ,11.38, ,0.00, ,99.5, 
2023/9/28,06:00,0.0, ,172200, ,4.16, ,15.50, ,99.5, 
2023/9/28,07:00,0.0, ,172140, ,13.31, ,31.60, ,99.4, 
2023/9/28,08:00,0.0, ,172030, ,3.79, ,47.10, ,99.3, 
2023/9/28,09:00,0.0, ,171810, ,4.86, ,56.10, ,99.2, 
2023/9/28,10:00,0.0, ,171700, ,6.13, ,34.40, ,99.1, 
2023/9/28,11:00,0.0, ,171640, ,12.90, ,19.10, ,99.1, 
2023/9/28,12:00,0.0, ,171640, ,7.61, ,0.00, ,99.1, 
2023/9/28,13:00,0.0, ,171640, ,0.00, ,0.00, ,99.1, 
2023/9/28,14:00,0.0, ,171700, ,13.17, ,0.00, ,99.1, 
2023/9/28,15:00,0.0, ,171750, ,7.26, ,19.50, ,99.1, 
2023/9/28,16:00,0.0, ,171700, ,22.90, ,47.20, ,99.1, 
2023/9/28,17:00,0.0, ,171590, ,16.35, ,56.50, ,99.0, 
2023/9/28,18:00,0.0, ,171420, ,11.22, ,58.80, ,98.9, 
2023/9/28,19:00,0.0, ,171200, ,8.76, ,58.80, ,98.8, 
2023/9/28,20:00,0.0, ,171030, ,12.29, ,59.20, ,98.7, 
2023/9/28,21:00,0.0, ,170860, ,13.13, ,41.90, ,98.5, 
2023/9/28,22:00,0.0, ,170860, ,0.42, ,0.00, ,98.5, 
2023/9/28,23:00,0.0, ,170920, ,7.21, ,0.00, ,98.6, 
2023/9/28,24:00,0.0, ,170920, ,8.24, ,0.00, ,98.6, 
2023/9/29,01:00,0.0, ,170920, ,0.00, ,0.00, ,98.6, 
2023/9/29,02:00,0.0, ,170970, ,13.66, ,0.00, ,98.6, 
2023/9/29,03:00,0.0, ,170970, ,1.80, ,0.00, ,98.6, 
2023/9/29,04:00,0.0, ,170970, ,0.00, ,0.00, ,98.6, 
2023/9/29,05:00,0.0, ,170970, ,0.00, ,0.00, ,98.6, 
2023/9/29,06:00,0.0, ,170970, ,0.03, ,19.30, ,98.6, 
2023/9/29,07:00,0.0, ,170970, ,15.44, ,41.90, ,98.6, 
2023/9/29,08:00,0.0, ,170810, ,13.31, ,51.80, ,98.5, 
2023/9/29,09:00,0.0, ,170580, ,3.67, ,59.10, ,98.4, 
2023/9/29,10:00,0.0, ,170420, ,8.18, ,58.50, ,98.2, 
2023/9/29,11:00,0.0, ,170310, ,13.26, ,34.10, ,98.2, 
2023/9/29,12:00,0.0, ,170310, ,11.20, ,0.00, ,98.2, 
2023/9/29,13:00,0.0, ,170310, ,0.00, ,0.00, ,98.2, 
2023/9/29,14:00,0.0, ,170360, ,6.17, ,0.00, ,98.2, 
2023/9/29,15:00,0.0, ,170420, ,10.06, ,19.10, ,98.2, 
2023/9/29,16:00,0.0, ,170360, ,26.30, ,47.40, ,98.2, 
2023/9/29,17:00,0.0, ,170200, ,11.97, ,56.50, ,98.1, 
2023/9/29,18:00,0.0, ,170030, ,9.77, ,59.10, ,98.0, 
2023/9/29,19:00,0.0, ,169860, ,10.07, ,59.10, ,97.9, 
2023/9/29,20:00,0.0, ,169700, ,10.34, ,59.10, ,97.8, 
2023/9/29,21:00,0.0, ,169530, ,13.40, ,41.30, ,97.6, 
2023/9/29,22:00,0.0, ,169530, ,9.39, ,0.00, ,97.6, 
2023/9/29,23:00,0.0, ,169530, ,0.00, ,0.00, ,97.6, 
2023/9/29,24:00,0.0, ,169530, ,0.00, ,0.00, ,97.6, 
2023/9/30,01:00,0.1, ,169530, ,0.00, ,0.00, ,97.6, 
2023/9/30,02:00,0.0, ,169530, ,0.00, ,0.00, ,97.6, 
2023/9/30,03:00,0.0, ,169590, ,10.52, ,0.00, ,97.6, 
2023/9/30,04:00,0.0, ,169590, ,4.87, ,0.00, ,97.6, 
2023/9/30,05:00,0.0, ,169590, ,0.00, ,0.00, ,97.5, 
2023/9/30,06:00,0.0, ,169590, ,0.03, ,19.30, ,97.5, 
2023/9/30,07:00,0.0, ,169590, ,15.45, ,47.50, ,97.5, 
2023/9/30,08:00,0.0, ,169360, ,10.28, ,56.60, ,97.3, 
2023/9/30,09:00,0.0, ,169200, ,4.92, ,52.00, ,97.1, 
2023/9/30,10:00,0.0, ,169030, ,7.98, ,36.70, ,97.0, 
2023/9/30,11:00,0.0, ,169030, ,9.59, ,18.90, ,97.0, 
2023/9/30,12:00,0.0, ,169030, ,13.10, ,0.00, ,96.9, 
2023/9/30,13:00,0.0, ,169030, ,0.00, ,0.00, ,96.9, 
2023/9/30,14:00,0.0, ,169090, ,0.77, ,0.00, ,96.9, 
2023/9/30,15:00,0.0, ,169090, ,14.59, ,0.00, ,96.9, 
2023/9/30,16:00,0.0, ,169140, ,12.58, ,19.20, ,96.9, 
2023/9/30,17:00,0.0, ,169090, ,15.24, ,41.20, ,96.8, 
2023/9/30,18:00,0.0, ,168980, ,14.84, ,51.80, ,96.7, 
2023/9/30,19:00,0.0, ,168810, ,8.86, ,57.10, ,96.6, 
2023/9/30,20:00,0.0, ,168650, ,11.73, ,38.30, ,96.4, 
2023/9/30,21:00,0.0, ,168590, ,12.38, ,21.10, ,96.4, 
2023/9/30,22:00,0.0, ,168590, ,5.11, ,0.00, ,96.3, 
2023/9/30,23:00,0.0, ,168590, ,0.00, ,0.00, ,96.3, 
2023/9/30,24:00,0.0, ,168590, ,0.00, ,0.00, ,96.3, 
