îCà”ä˙ä‘É_ÉÄèîó åüçıåãâ 
êÖånñº,ãgñÏêÏ
âÕêÏñº,ãgñÏêÏ
äœë™èäñº,ëÅñæâYÉ_ÉÄÅiã@ç\Åj
äœë™èäãLçÜ,1368080700010
#
#îNåéì˙,éûçè,ó¨àÊïΩãœâJó ,ó¨àÊïΩãœâJó ëÆê´,íôêÖó ,íôêÖó ëÆê´,ó¨ì¸ó ,ó¨ì¸ó ëÆê´,ï˙ó¨ó ,ï˙ó¨ó ëÆê´,íôêÖó¶,íôêÖó¶ëÆê´
#ëÆê´Å@$:åáë™ -:ñ¢éÛêM
#
2009/5/1,01:00,0.0, ,182530, ,9.08, ,0.00, ,89.7, 
2009/5/1,02:00,0.0, ,182590, ,9.89, ,0.00, ,89.7, 
2009/5/1,03:00,0.0, ,182590, ,6.15, ,0.00, ,89.7, 
2009/5/1,04:00,0.0, ,182650, ,0.27, ,0.00, ,89.7, 
2009/5/1,05:00,0.0, ,182650, ,15.77, ,0.00, ,89.7, 
2009/5/1,06:00,0.0, ,182650, ,0.00, ,0.00, ,89.6, 
2009/5/1,07:00,0.0, ,182710, ,6.95, ,0.00, ,89.7, 
2009/5/1,08:00,0.0, ,182710, ,9.09, ,0.00, ,89.6, 
2009/5/1,09:00,0.0, ,182710, ,0.00, ,0.00, ,89.6, 
2009/5/1,10:00,0.0, ,182770, ,15.83, ,2.80, ,89.6, 
2009/5/1,11:00,0.0, ,182770, ,14.56, ,29.90, ,89.6, 
2009/5/1,12:00,0.0, ,182710, ,28.44, ,28.80, ,89.6, 
2009/5/1,13:00,0.0, ,182710, ,3.37, ,2.40, ,89.5, 
2009/5/1,14:00,0.0, ,182710, ,14.33, ,29.80, ,89.5, 
2009/5/1,15:00,0.0, ,182650, ,27.80, ,31.30, ,89.5, 
2009/5/1,16:00,0.0, ,182590, ,11.59, ,32.40, ,89.4, 
2009/5/1,17:00,0.0, ,182530, ,11.31, ,29.10, ,89.4, 
2009/5/1,18:00,0.0, ,182530, ,10.05, ,3.30, ,89.3, 
2009/5/1,19:00,0.0, ,182480, ,10.70, ,30.00, ,89.3, 
2009/5/1,20:00,0.0, ,182420, ,18.08, ,32.80, ,89.2, 
2009/5/1,21:00,0.0, ,182420, ,13.31, ,24.40, ,89.2, 
2009/5/1,22:00,0.0, ,182420, ,12.34, ,0.00, ,89.2, 
2009/5/1,23:00,0.0, ,182420, ,0.00, ,0.00, ,89.2, 
2009/5/1,24:00,0.0, ,182480, ,6.95, ,0.00, ,89.2, 
2009/5/2,01:00,0.0, ,182480, ,9.08, ,0.00, ,89.2, 
2009/5/2,02:00,0.0, ,182530, ,4.27, ,0.00, ,89.2, 
2009/5/2,03:00,0.0, ,182530, ,11.76, ,0.00, ,89.2, 
2009/5/2,04:00,0.0, ,182530, ,0.00, ,0.00, ,89.2, 
2009/5/2,05:00,0.0, ,182590, ,9.36, ,0.00, ,89.2, 
2009/5/2,06:00,0.0, ,182590, ,6.68, ,0.00, ,89.2, 
2009/5/2,07:00,0.0, ,182650, ,1.07, ,0.00, ,89.2, 
2009/5/2,08:00,0.0, ,182650, ,14.97, ,0.00, ,89.2, 
2009/5/2,09:00,0.0, ,182650, ,0.00, ,0.00, ,89.1, 
2009/5/2,10:00,0.0, ,182710, ,8.33, ,2.70, ,89.1, 
2009/5/2,11:00,0.0, ,182710, ,22.45, ,29.80, ,89.1, 
2009/5/2,12:00,0.0, ,182650, ,23.67, ,21.30, ,89.1, 
2009/5/2,13:00,0.0, ,182650, ,7.07, ,21.10, ,89.1, 
2009/5/2,14:00,0.0, ,182590, ,18.04, ,20.80, ,89.0, 
2009/5/2,15:00,0.0, ,182590, ,1.09, ,0.00, ,89.0, 
2009/5/2,16:00,0.0, ,182650, ,1.61, ,0.00, ,89.0, 
2009/5/2,17:00,0.0, ,182650, ,14.48, ,2.80, ,89.0, 
2009/5/2,18:00,0.0, ,182650, ,14.29, ,30.40, ,89.0, 
2009/5/2,19:00,0.0, ,182530, ,30.61, ,59.80, ,88.9, 
2009/5/2,20:00,0.0, ,182360, ,18.74, ,59.50, ,88.8, 
2009/5/2,21:00,0.0, ,182250, ,15.02, ,50.70, ,88.7, 
2009/5/2,22:00,0.0, ,182190, ,12.27, ,12.70, ,88.6, 
2009/5/2,23:00,0.0, ,182190, ,3.76, ,0.00, ,88.6, 
2009/5/2,24:00,0.0, ,182190, ,0.00, ,0.00, ,88.6, 
2009/5/3,01:00,0.0, ,182250, ,3.20, ,0.00, ,88.6, 
2009/5/3,02:00,0.0, ,182250, ,12.82, ,0.00, ,88.6, 
2009/5/3,03:00,0.0, ,182250, ,0.00, ,0.00, ,88.6, 
2009/5/3,04:00,0.0, ,182300, ,7.74, ,0.00, ,88.6, 
2009/5/3,05:00,0.0, ,182300, ,8.28, ,0.00, ,88.6, 
2009/5/3,06:00,0.0, ,182300, ,0.00, ,0.00, ,88.5, 
2009/5/3,07:00,0.0, ,182360, ,8.02, ,0.00, ,88.5, 
2009/5/3,08:00,0.0, ,182360, ,8.02, ,0.00, ,88.5, 
2009/5/3,09:00,0.0, ,182420, ,3.79, ,3.00, ,88.5, 
2009/5/3,10:00,0.0, ,182420, ,26.87, ,29.80, ,88.5, 
2009/5/3,11:00,0.0, ,182300, ,18.65, ,29.80, ,88.4, 
2009/5/3,12:00,0.0, ,182300, ,9.78, ,29.60, ,88.4, 
2009/5/3,13:00,0.0, ,182190, ,14.61, ,29.60, ,88.3, 
2009/5/3,14:00,0.0, ,182130, ,6.66, ,27.10, ,88.3, 
2009/5/3,15:00,0.0, ,182130, ,15.13, ,21.00, ,88.3, 
2009/5/3,16:00,0.0, ,182130, ,10.69, ,0.00, ,88.2, 
2009/5/3,17:00,0.0, ,182130, ,0.05, ,2.70, ,88.2, 
2009/5/3,18:00,0.0, ,182130, ,14.80, ,29.70, ,88.2, 
2009/5/3,19:00,0.0, ,181960, ,24.78, ,59.80, ,88.1, 
2009/5/3,20:00,0.0, ,181780, ,13.83, ,59.60, ,88.0, 
2009/5/3,21:00,0.0, ,181780, ,10.75, ,21.10, ,88.0, 
2009/5/3,22:00,0.0, ,181780, ,10.69, ,0.00, ,87.9, 
2009/5/3,23:00,0.0, ,181780, ,0.00, ,0.00, ,87.9, 
2009/5/3,24:00,0.0, ,181840, ,1.60, ,0.00, ,87.9, 
2009/5/4,01:00,0.0, ,181840, ,14.40, ,0.00, ,87.9, 
2009/5/4,02:00,0.0, ,181840, ,0.00, ,0.00, ,87.9, 
2009/5/4,03:00,0.0, ,181840, ,0.00, ,0.00, ,87.9, 
2009/5/4,04:00,0.0, ,181900, ,14.40, ,0.00, ,87.9, 
2009/5/4,05:00,0.0, ,181900, ,1.60, ,0.00, ,87.9, 
2009/5/4,06:00,0.0, ,181900, ,0.00, ,0.00, ,87.9, 
2009/5/4,07:00,0.0, ,181960, ,7.73, ,0.00, ,87.9, 
2009/5/4,08:00,0.0, ,181960, ,8.27, ,0.00, ,87.9, 
2009/5/4,09:00,0.0, ,182020, ,1.65, ,3.00, ,87.9, 
2009/5/4,10:00,0.0, ,182020, ,24.64, ,21.00, ,87.9, 
2009/5/4,11:00,0.0, ,181960, ,16.76, ,23.80, ,87.8, 
2009/5/4,12:00,0.0, ,181900, ,11.69, ,29.80, ,87.7, 
2009/5/4,13:00,0.0, ,181840, ,10.16, ,29.80, ,87.7, 
2009/5/4,14:00,0.0, ,181780, ,16.53, ,29.40, ,87.6, 
2009/5/4,15:00,0.0, ,181730, ,9.69, ,28.20, ,87.6, 
2009/5/4,16:00,0.0, ,181730, ,10.49, ,0.00, ,87.6, 
2009/5/4,17:00,0.0, ,181730, ,0.04, ,2.40, ,87.6, 
2009/5/4,18:00,0.0, ,181730, ,15.68, ,32.80, ,87.5, 
2009/5/4,19:00,0.0, ,181500, ,14.02, ,59.40, ,87.4, 
2009/5/4,20:00,0.0, ,181380, ,14.44, ,59.60, ,87.3, 
2009/5/4,21:00,0.0, ,181270, ,14.33, ,28.70, ,87.2, 
2009/5/4,22:00,0.0, ,181270, ,10.60, ,0.00, ,87.2, 
2009/5/4,23:00,0.0, ,181270, ,0.00, ,0.00, ,87.2, 
2009/5/4,24:00,0.0, ,181320, ,3.73, ,0.00, ,87.2, 
2009/5/5,01:00,0.0, ,181320, ,12.24, ,0.00, ,87.2, 
2009/5/5,02:00,0.0, ,181380, ,5.86, ,0.00, ,87.2, 
2009/5/5,03:00,0.0, ,181380, ,10.11, ,0.00, ,87.2, 
2009/5/5,04:00,0.3, ,181380, ,0.00, ,0.00, ,87.2, 
2009/5/5,05:00,0.9, ,181380, ,0.00, ,0.00, ,87.2, 
2009/5/5,06:00,0.9, ,181440, ,7.72, ,0.00, ,87.3, 
2009/5/5,07:00,1.5, ,181440, ,8.26, ,0.00, ,87.3, 
2009/5/5,08:00,1.6, ,181440, ,0.00, ,0.00, ,87.3, 
2009/5/5,09:00,0.6, ,181500, ,14.38, ,0.00, ,87.3, 
2009/5/5,10:00,0.0, ,181550, ,9.91, ,3.10, ,87.3, 
2009/5/5,11:00,0.0, ,181550, ,22.53, ,30.00, ,87.3, 
2009/5/5,12:00,0.1, ,181500, ,16.53, ,29.60, ,87.3, 
2009/5/5,13:00,0.0, ,181440, ,15.52, ,30.00, ,87.3, 
2009/5/5,14:00,0.0, ,181380, ,10.69, ,29.80, ,87.2, 
2009/5/5,15:00,0.0, ,181320, ,16.58, ,22.70, ,87.2, 
2009/5/5,16:00,0.0, ,181270, ,1.90, ,0.00, ,87.2, 
2009/5/5,17:00,0.0, ,181320, ,4.05, ,3.10, ,87.2, 
2009/5/5,18:00,0.0, ,181320, ,26.85, ,29.80, ,87.2, 
2009/5/5,19:00,0.0, ,181150, ,15.86, ,52.40, ,87.1, 
2009/5/5,20:00,0.0, ,181040, ,16.57, ,52.80, ,87.0, 
2009/5/5,21:00,0.0, ,180920, ,17.08, ,36.50, ,87.0, 
2009/5/5,22:00,0.0, ,180920, ,11.95, ,0.00, ,87.0, 
2009/5/5,23:00,0.0, ,180920, ,0.01, ,0.00, ,87.0, 
2009/5/5,24:00,0.0, ,180920, ,0.00, ,0.00, ,87.0, 
2009/5/6,01:00,0.0, ,180980, ,10.63, ,0.00, ,87.0, 
2009/5/6,02:00,0.0, ,180980, ,5.32, ,0.00, ,87.0, 
2009/5/6,03:00,0.0, ,181040, ,8.78, ,0.00, ,87.0, 
2009/5/6,04:00,0.2, ,181040, ,7.18, ,0.00, ,87.0, 
2009/5/6,05:00,0.3, ,181040, ,0.00, ,0.00, ,87.0, 
2009/5/6,06:00,0.0, ,181090, ,9.31, ,0.00, ,87.1, 
2009/5/6,07:00,0.0, ,181090, ,6.65, ,0.00, ,87.1, 
2009/5/6,08:00,0.2, ,181150, ,8.78, ,0.00, ,87.1, 
2009/5/6,09:00,0.0, ,181150, ,7.18, ,0.00, ,87.1, 
2009/5/6,10:00,0.0, ,181210, ,9.04, ,0.00, ,87.1, 
2009/5/6,11:00,0.1, ,181210, ,6.92, ,0.00, ,87.1, 
2009/5/6,12:00,0.0, ,181270, ,13.31, ,0.00, ,87.2, 
2009/5/6,13:00,0.0, ,181320, ,5.59, ,0.00, ,87.2, 
2009/5/6,14:00,0.0, ,181320, ,13.04, ,0.00, ,87.2, 
2009/5/6,15:00,0.0, ,181380, ,13.62, ,2.50, ,87.2, 
2009/5/6,16:00,0.0, ,181380, ,16.15, ,28.20, ,87.2, 
2009/5/6,17:00,0.0, ,181270, ,20.59, ,44.20, ,87.2, 
2009/5/6,18:00,0.0, ,181090, ,9.32, ,59.70, ,87.1, 
2009/5/6,19:00,0.0, ,180920, ,13.96, ,60.10, ,87.0, 
2009/5/6,20:00,0.0, ,180750, ,12.01, ,59.80, ,86.9, 
2009/5/6,21:00,0.0, ,180690, ,12.65, ,32.70, ,86.8, 
2009/5/6,22:00,0.0, ,180580, ,7.80, ,23.40, ,86.8, 
2009/5/6,23:00,0.0, ,180580, ,3.87, ,0.00, ,86.8, 
2009/5/6,24:00,0.0, ,180640, ,1.06, ,0.00, ,86.8, 
2009/5/7,01:00,0.0, ,180640, ,14.87, ,0.00, ,86.8, 
2009/5/7,02:00,0.0, ,180690, ,1.86, ,0.00, ,86.8, 
2009/5/7,03:00,0.0, ,180690, ,14.08, ,0.00, ,86.8, 
2009/5/7,04:00,0.0, ,180690, ,0.00, ,0.00, ,86.8, 
2009/5/7,05:00,0.0, ,180690, ,0.00, ,0.00, ,86.8, 
2009/5/7,06:00,0.0, ,180690, ,0.00, ,0.00, ,86.8, 
2009/5/7,07:00,0.0, ,180690, ,0.00, ,0.00, ,86.8, 
2009/5/7,08:00,0.0, ,180750, ,15.41, ,0.00, ,86.9, 
2009/5/7,09:00,0.0, ,180750, ,0.68, ,8.80, ,86.9, 
2009/5/7,10:00,0.0, ,180750, ,15.06, ,29.90, ,86.9, 
2009/5/7,11:00,0.0, ,180580, ,21.89, ,59.90, ,86.8, 
2009/5/7,12:00,0.0, ,180460, ,15.37, ,58.50, ,86.7, 
2009/5/7,13:00,0.0, ,180410, ,4.74, ,0.00, ,86.7, 
2009/5/7,14:00,0.0, ,180460, ,1.06, ,0.00, ,86.7, 
2009/5/7,15:00,0.0, ,180460, ,14.86, ,0.00, ,86.7, 
2009/5/7,16:00,0.0, ,180520, ,2.17, ,2.80, ,86.7, 
2009/5/7,17:00,0.0, ,180460, ,23.42, ,29.80, ,86.7, 
2009/5/7,18:00,0.0, ,180290, ,13.27, ,60.00, ,86.6, 
2009/5/7,19:00,0.0, ,180120, ,12.40, ,60.10, ,86.5, 
2009/5/7,20:00,0.1, ,179950, ,15.00, ,49.70, ,86.4, 
2009/5/7,21:00,0.0, ,179950, ,2.85, ,0.00, ,86.4, 
2009/5/7,22:00,0.0, ,179950, ,0.01, ,0.00, ,86.4, 
2009/5/7,23:00,0.3, ,180000, ,13.25, ,0.00, ,86.4, 
2009/5/7,24:00,0.0, ,180000, ,2.65, ,0.00, ,86.6, 
2009/5/8,01:00,0.0, ,180060, ,15.37, ,0.00, ,86.6, 
2009/5/8,02:00,0.0, ,180060, ,0.53, ,0.00, ,86.6, 
2009/5/8,03:00,0.0, ,180120, ,4.77, ,0.00, ,86.6, 
2009/5/8,04:00,0.0, ,180120, ,11.14, ,0.00, ,86.6, 
2009/5/8,05:00,0.0, ,180120, ,0.00, ,0.00, ,86.6, 
2009/5/8,06:00,0.0, ,180120, ,0.00, ,0.00, ,86.6, 
2009/5/8,07:00,0.0, ,180120, ,0.00, ,0.00, ,86.6, 
2009/5/8,08:00,0.0, ,180120, ,0.00, ,0.00, ,86.6, 
2009/5/8,09:00,0.0, ,180180, ,3.18, ,0.00, ,86.7, 
2009/5/8,10:00,0.0, ,180180, ,12.78, ,2.80, ,86.7, 
2009/5/8,11:00,0.0, ,180180, ,14.50, ,30.00, ,86.7, 
2009/5/8,12:00,0.0, ,180000, ,21.51, ,59.90, ,86.6, 
2009/5/8,13:00,0.0, ,180000, ,6.89, ,3.20, ,86.6, 
2009/5/8,14:00,0.0, ,179950, ,10.52, ,29.90, ,86.5, 
2009/5/8,15:00,0.0, ,179780, ,15.35, ,59.70, ,86.4, 
2009/5/8,16:00,0.0, ,179660, ,16.09, ,54.70, ,86.4, 
2009/5/8,17:00,0.0, ,179660, ,11.84, ,0.00, ,86.4, 
2009/5/8,18:00,0.0, ,179660, ,0.00, ,0.00, ,86.4, 
2009/5/8,19:00,0.0, ,179660, ,0.00, ,0.00, ,86.4, 
2009/5/8,20:00,0.0, ,179720, ,11.65, ,0.00, ,86.4, 
2009/5/8,21:00,0.0, ,179720, ,4.23, ,0.00, ,86.4, 
2009/5/8,22:00,0.0, ,179780, ,12.71, ,0.00, ,86.4, 
2009/5/8,23:00,0.0, ,179830, ,3.44, ,0.00, ,86.5, 
2009/5/8,24:00,0.0, ,179830, ,15.63, ,0.00, ,86.7, 
2009/5/9,01:00,0.0, ,179890, ,0.79, ,0.00, ,86.7, 
2009/5/9,02:00,0.0, ,179890, ,15.10, ,0.00, ,86.7, 
2009/5/9,03:00,0.0, ,179950, ,0.80, ,0.00, ,86.8, 
2009/5/9,04:00,0.0, ,179950, ,15.11, ,0.00, ,86.8, 
2009/5/9,05:00,0.0, ,180000, ,5.83, ,0.00, ,86.8, 
2009/5/9,06:00,0.0, ,180000, ,10.07, ,0.00, ,86.8, 
2009/5/9,07:00,0.0, ,180060, ,15.64, ,0.00, ,86.8, 
2009/5/9,08:00,0.0, ,180120, ,13.81, ,24.20, ,86.9, 
2009/5/9,09:00,0.0, ,180060, ,25.96, ,24.20, ,86.8, 
2009/5/9,10:00,0.0, ,180060, ,6.13, ,0.00, ,86.8, 
2009/5/9,11:00,0.0, ,180060, ,3.14, ,2.60, ,86.8, 
2009/5/9,12:00,0.0, ,180000, ,9.67, ,28.80, ,86.8, 
2009/5/9,13:00,0.0, ,180000, ,4.77, ,2.90, ,86.8, 
2009/5/9,14:00,0.0, ,179950, ,7.94, ,30.10, ,86.8, 
2009/5/9,15:00,0.0, ,179720, ,7.02, ,59.80, ,86.6, 
2009/5/9,16:00,0.0, ,179600, ,9.30, ,46.80, ,86.6, 
2009/5/9,17:00,0.0, ,179600, ,4.59, ,0.00, ,86.6, 
2009/5/9,18:00,0.0, ,179600, ,0.05, ,2.60, ,86.6, 
2009/5/9,19:00,0.0, ,179550, ,11.65, ,33.30, ,86.5, 
2009/5/9,20:00,0.0, ,179380, ,11.40, ,57.20, ,86.4, 
2009/5/9,21:00,0.0, ,179200, ,8.76, ,60.30, ,86.3, 
2009/5/9,22:00,0.0, ,179200, ,7.97, ,0.00, ,86.3, 
2009/5/9,23:00,0.0, ,179200, ,0.01, ,0.00, ,86.3, 
2009/5/9,24:00,0.0, ,179200, ,0.00, ,0.00, ,86.3, 
2009/5/10,01:00,0.0, ,179200, ,0.00, ,0.00, ,86.3, 
2009/5/10,02:00,0.0, ,179200, ,0.00, ,0.00, ,86.3, 
2009/5/10,03:00,0.0, ,179200, ,0.00, ,0.00, ,86.3, 
2009/5/10,04:00,0.0, ,179260, ,7.14, ,0.00, ,86.4, 
2009/5/10,05:00,0.0, ,179260, ,8.72, ,0.00, ,86.4, 
2009/5/10,06:00,0.0, ,179260, ,0.00, ,0.00, ,86.4, 
2009/5/10,07:00,0.0, ,179320, ,4.76, ,0.00, ,86.4, 
2009/5/10,08:00,0.0, ,179320, ,11.16, ,3.20, ,86.4, 
2009/5/10,09:00,0.0, ,179320, ,14.88, ,30.20, ,86.4, 
2009/5/10,10:00,0.0, ,179150, ,13.19, ,46.00, ,86.3, 
2009/5/10,11:00,0.0, ,179090, ,7.01, ,25.40, ,86.3, 
2009/5/10,12:00,0.0, ,179090, ,7.68, ,0.00, ,86.3, 
2009/5/10,13:00,0.0, ,179090, ,0.05, ,3.10, ,86.3, 
2009/5/10,14:00,0.0, ,179030, ,6.96, ,30.10, ,86.2, 
2009/5/10,15:00,0.0, ,178920, ,7.94, ,33.40, ,86.2, 
2009/5/10,16:00,0.0, ,178860, ,6.84, ,30.20, ,86.1, 
2009/5/10,17:00,0.0, ,178750, ,3.34, ,29.80, ,86.1, 
2009/5/10,18:00,0.0, ,178690, ,10.21, ,29.70, ,86.0, 
2009/5/10,19:00,0.0, ,178580, ,6.18, ,47.80, ,86.0, 
2009/5/10,20:00,0.0, ,178350, ,8.38, ,60.20, ,85.8, 
2009/5/10,21:00,0.0, ,178290, ,12.18, ,0.00, ,85.8, 
2009/5/10,22:00,0.0, ,178290, ,3.25, ,0.00, ,85.8, 
2009/5/10,23:00,0.0, ,178290, ,0.00, ,0.00, ,85.8, 
2009/5/10,24:00,0.0, ,178290, ,0.00, ,0.00, ,85.8, 
2009/5/11,01:00,0.0, ,178290, ,0.00, ,0.00, ,85.8, 
2009/5/11,02:00,0.0, ,178290, ,0.00, ,0.00, ,85.8, 
2009/5/11,03:00,0.0, ,178290, ,0.00, ,0.00, ,85.8, 
2009/5/11,04:00,0.0, ,178350, ,13.97, ,0.00, ,85.8, 
2009/5/11,05:00,0.0, ,178350, ,1.84, ,0.00, ,85.8, 
2009/5/11,06:00,0.0, ,178350, ,0.00, ,0.00, ,85.8, 
2009/5/11,07:00,0.0, ,178410, ,12.12, ,0.00, ,85.9, 
2009/5/11,08:00,0.0, ,178410, ,3.73, ,2.60, ,85.9, 
2009/5/11,09:00,0.0, ,178410, ,14.65, ,29.90, ,85.9, 
2009/5/11,10:00,0.0, ,178290, ,18.73, ,42.90, ,85.8, 
2009/5/11,11:00,0.0, ,178180, ,11.71, ,42.80, ,85.7, 
2009/5/11,12:00,0.0, ,178060, ,11.63, ,41.50, ,85.7, 
2009/5/11,13:00,0.0, ,178060, ,7.97, ,3.20, ,85.7, 
2009/5/11,14:00,0.0, ,178010, ,8.60, ,30.00, ,85.6, 
2009/5/11,15:00,0.0, ,177840, ,14.51, ,58.90, ,85.5, 
2009/5/11,16:00,0.0, ,177720, ,13.95, ,43.10, ,85.5, 
2009/5/11,17:00,0.0, ,177610, ,9.63, ,41.60, ,85.4, 
2009/5/11,18:00,0.0, ,177610, ,3.88, ,2.70, ,85.4, 
2009/5/11,19:00,0.0, ,177550, ,12.04, ,32.90, ,85.4, 
2009/5/11,20:00,0.0, ,177440, ,15.93, ,37.10, ,85.3, 
2009/5/11,21:00,0.0, ,177440, ,5.53, ,0.00, ,85.3, 
2009/5/11,22:00,0.0, ,177440, ,0.00, ,0.00, ,85.3, 
2009/5/11,23:00,0.0, ,177440, ,0.00, ,0.00, ,85.3, 
2009/5/11,24:00,0.0, ,177440, ,0.00, ,0.00, ,85.3, 
2009/5/12,01:00,0.0, ,177440, ,0.00, ,0.00, ,85.3, 
2009/5/12,02:00,0.0, ,177440, ,0.00, ,0.00, ,85.3, 
2009/5/12,03:00,0.0, ,177440, ,0.00, ,0.00, ,85.3, 
2009/5/12,04:00,0.0, ,177440, ,0.00, ,0.00, ,85.3, 
2009/5/12,05:00,0.0, ,177440, ,0.00, ,0.00, ,85.3, 
2009/5/12,06:00,0.0, ,177440, ,0.00, ,0.00, ,85.3, 
2009/5/12,07:00,0.0, ,177440, ,0.00, ,0.00, ,85.3, 
2009/5/12,08:00,0.0, ,177440, ,0.04, ,2.50, ,85.3, 
2009/5/12,09:00,0.0, ,177440, ,14.49, ,30.40, ,85.3, 
2009/5/12,10:00,0.0, ,177270, ,18.57, ,60.50, ,85.2, 
2009/5/12,11:00,0.0, ,177100, ,10.24, ,60.70, ,85.1, 
2009/5/12,12:00,0.0, ,176930, ,14.34, ,51.50, ,85.0, 
2009/5/12,13:00,0.0, ,176930, ,13.41, ,0.00, ,85.0, 
2009/5/12,14:00,0.0, ,176930, ,0.04, ,0.00, ,85.0, 
2009/5/12,15:00,0.0, ,176930, ,0.00, ,0.00, ,85.0, 
2009/5/12,16:00,0.0, ,176990, ,8.93, ,0.00, ,85.1, 
2009/5/12,17:00,0.0, ,176990, ,6.87, ,2.80, ,85.1, 
2009/5/12,18:00,0.0, ,176990, ,15.81, ,33.20, ,85.1, 
2009/5/12,19:00,0.0, ,176820, ,22.97, ,60.50, ,85.0, 
2009/5/12,20:00,0.0, ,176650, ,14.67, ,60.40, ,84.9, 
2009/5/12,21:00,0.0, ,176530, ,9.87, ,42.70, ,84.8, 
2009/5/12,22:00,0.0, ,176480, ,5.98, ,0.00, ,84.8, 
2009/5/12,23:00,0.0, ,176480, ,0.00, ,0.00, ,84.8, 
2009/5/12,24:00,0.0, ,176480, ,0.00, ,0.00, ,84.8, 
2009/5/13,01:00,0.0, ,176480, ,0.00, ,0.00, ,84.8, 
2009/5/13,02:00,0.0, ,176480, ,0.00, ,0.00, ,84.8, 
2009/5/13,03:00,0.0, ,176480, ,0.00, ,0.00, ,84.8, 
2009/5/13,04:00,0.4, ,176480, ,0.00, ,0.00, ,84.8, 
2009/5/13,05:00,1.2, ,176530, ,7.60, ,0.00, ,84.8, 
2009/5/13,06:00,0.0, ,176530, ,8.13, ,0.00, ,84.8, 
2009/5/13,07:00,0.0, ,176530, ,0.00, ,0.00, ,84.8, 
2009/5/13,08:00,0.0, ,176530, ,0.05, ,2.70, ,84.8, 
2009/5/13,09:00,0.0, ,176480, ,14.44, ,30.30, ,84.8, 
2009/5/13,10:00,0.0, ,176310, ,14.64, ,58.70, ,84.7, 
2009/5/13,11:00,0.0, ,176140, ,10.49, ,60.40, ,84.6, 
2009/5/13,12:00,0.0, ,175970, ,11.59, ,59.20, ,84.5, 
2009/5/13,13:00,0.0, ,175970, ,4.63, ,3.10, ,84.5, 
2009/5/13,14:00,0.0, ,175910, ,11.36, ,33.00, ,84.4, 
2009/5/13,15:00,0.0, ,175740, ,19.80, ,60.80, ,84.3, 
2009/5/13,16:00,0.0, ,175680, ,9.86, ,31.50, ,84.3, 
2009/5/13,17:00,0.0, ,175630, ,9.01, ,23.70, ,84.3, 
2009/5/13,18:00,0.0, ,175630, ,7.81, ,2.80, ,84.3, 
2009/5/13,19:00,0.0, ,175570, ,5.48, ,21.40, ,84.2, 
2009/5/13,20:00,0.0, ,175510, ,8.75, ,34.70, ,84.2, 
2009/5/13,21:00,0.0, ,175460, ,0.95, ,0.00, ,84.2, 
2009/5/13,22:00,0.0, ,175460, ,0.00, ,0.00, ,84.2, 
2009/5/13,23:00,0.0, ,175460, ,0.00, ,0.00, ,84.2, 
2009/5/13,24:00,0.0, ,175460, ,0.00, ,0.00, ,84.2, 
2009/5/14,01:00,0.0, ,175460, ,0.00, ,0.00, ,84.2, 
2009/5/14,02:00,0.0, ,175460, ,0.00, ,0.00, ,84.2, 
2009/5/14,03:00,0.0, ,175510, ,3.66, ,0.00, ,84.2, 
2009/5/14,04:00,0.0, ,175510, ,12.02, ,0.00, ,84.2, 
2009/5/14,05:00,0.0, ,175510, ,0.00, ,0.00, ,84.2, 
2009/5/14,06:00,0.0, ,175510, ,0.00, ,0.00, ,84.2, 
2009/5/14,07:00,0.0, ,175510, ,0.00, ,0.00, ,84.2, 
2009/5/14,08:00,0.0, ,175510, ,0.05, ,2.80, ,84.2, 
2009/5/14,09:00,0.0, ,175460, ,13.98, ,30.00, ,84.2, 
2009/5/14,10:00,0.0, ,175350, ,14.27, ,56.10, ,84.1, 
2009/5/14,11:00,0.0, ,175180, ,16.40, ,60.50, ,84.0, 
2009/5/14,12:00,0.0, ,175010, ,11.20, ,60.80, ,83.9, 
2009/5/14,13:00,0.0, ,175010, ,11.45, ,3.10, ,83.9, 
2009/5/14,14:00,0.0, ,174890, ,6.24, ,33.10, ,83.8, 
2009/5/14,15:00,0.0, ,174730, ,6.22, ,61.10, ,83.7, 
2009/5/14,16:00,0.0, ,174670, ,13.61, ,34.80, ,83.7, 
2009/5/14,17:00,0.0, ,174560, ,6.81, ,26.00, ,83.6, 
2009/5/14,18:00,0.0, ,174560, ,2.15, ,2.90, ,83.6, 
2009/5/14,19:00,0.0, ,174500, ,12.16, ,31.80, ,83.6, 
2009/5/14,20:00,0.0, ,174390, ,13.41, ,43.90, ,83.5, 
2009/5/14,21:00,0.0, ,174390, ,4.63, ,0.00, ,83.5, 
2009/5/14,22:00,0.0, ,174390, ,0.01, ,0.00, ,83.5, 
2009/5/14,23:00,0.0, ,174390, ,0.00, ,0.00, ,83.5, 
2009/5/14,24:00,0.0, ,174390, ,0.00, ,0.00, ,83.5, 
2009/5/15,01:00,0.0, ,174390, ,0.00, ,0.00, ,83.5, 
2009/5/15,02:00,0.0, ,174390, ,0.00, ,0.00, ,83.5, 
2009/5/15,03:00,0.0, ,174390, ,0.00, ,0.00, ,83.5, 
2009/5/15,04:00,0.0, ,174390, ,0.00, ,0.00, ,83.5, 
2009/5/15,05:00,0.0, ,174390, ,0.00, ,0.00, ,83.5, 
2009/5/15,06:00,0.0, ,174390, ,0.00, ,0.00, ,83.5, 
2009/5/15,07:00,0.0, ,174390, ,0.00, ,0.00, ,83.5, 
2009/5/15,08:00,0.0, ,174390, ,0.05, ,2.80, ,83.5, 
2009/5/15,09:00,0.0, ,174330, ,12.21, ,30.40, ,83.5, 
2009/5/15,10:00,0.0, ,174160, ,12.80, ,59.50, ,83.4, 
2009/5/15,11:00,0.0, ,173990, ,12.94, ,60.60, ,83.3, 
2009/5/15,12:00,0.0, ,173830, ,13.65, ,59.70, ,83.2, 
2009/5/15,13:00,0.0, ,173830, ,5.30, ,2.80, ,83.2, 
2009/5/15,14:00,0.0, ,173770, ,10.83, ,33.40, ,83.2, 
2009/5/15,15:00,0.0, ,173600, ,10.43, ,59.30, ,83.1, 
2009/5/15,16:00,0.0, ,173490, ,11.20, ,37.60, ,83.0, 
2009/5/15,17:00,0.0, ,173490, ,6.22, ,0.00, ,83.0, 
2009/5/15,18:00,0.0, ,173490, ,0.06, ,2.90, ,83.0, 
2009/5/15,19:00,0.0, ,173430, ,14.64, ,33.70, ,83.0, 
2009/5/15,20:00,0.0, ,173320, ,11.29, ,32.40, ,82.9, 
2009/5/15,21:00,0.0, ,173320, ,2.50, ,0.00, ,82.9, 
2009/5/15,22:00,0.0, ,173320, ,0.00, ,0.00, ,82.9, 
2009/5/15,23:00,0.0, ,173320, ,0.00, ,0.00, ,82.9, 
2009/5/15,24:00,0.0, ,173320, ,0.00, ,0.00, ,82.9, 
2009/5/16,01:00,0.0, ,173320, ,0.00, ,0.00, ,82.9, 
2009/5/16,02:00,0.0, ,173320, ,0.00, ,0.00, ,82.9, 
2009/5/16,03:00,0.0, ,173320, ,0.00, ,0.00, ,82.9, 
2009/5/16,04:00,0.0, ,173320, ,0.00, ,0.00, ,82.9, 
2009/5/16,05:00,0.0, ,173320, ,0.00, ,0.00, ,82.9, 
2009/5/16,06:00,0.0, ,173320, ,0.00, ,0.00, ,82.9, 
2009/5/16,07:00,0.0, ,173320, ,0.00, ,0.00, ,82.9, 
2009/5/16,08:00,0.0, ,173320, ,0.05, ,3.10, ,82.9, 
2009/5/16,09:00,0.0, ,173320, ,14.72, ,30.40, ,82.9, 
2009/5/16,10:00,0.0, ,173210, ,18.62, ,42.20, ,82.9, 
2009/5/16,11:00,0.0, ,173040, ,9.44, ,60.90, ,82.8, 
2009/5/16,12:00,0.0, ,172820, ,11.28, ,61.20, ,82.6, 
2009/5/16,13:00,0.0, ,172760, ,10.38, ,33.80, ,82.6, 
2009/5/16,14:00,0.0, ,172590, ,9.74, ,60.70, ,82.5, 
2009/5/16,15:00,0.1, ,172420, ,14.11, ,61.00, ,82.4, 
2009/5/16,16:00,0.0, ,172310, ,9.35, ,26.30, ,82.3, 
2009/5/16,17:00,0.0, ,172310, ,4.87, ,0.00, ,82.3, 
2009/5/16,18:00,0.0, ,172310, ,0.00, ,0.00, ,82.3, 
2009/5/16,19:00,0.0, ,172310, ,0.00, ,0.00, ,82.3, 
2009/5/16,20:00,0.0, ,172370, ,13.48, ,30.50, ,82.4, 
2009/5/16,21:00,0.0, ,172260, ,16.53, ,30.40, ,82.3, 
2009/5/16,22:00,0.0, ,172200, ,3.65, ,0.00, ,82.3, 
2009/5/16,23:00,0.0, ,172200, ,0.20, ,0.00, ,82.3, 
2009/5/16,24:00,0.0, ,172200, ,0.00, ,0.00, ,82.3, 
2009/5/17,01:00,0.0, ,172200, ,0.00, ,0.00, ,82.3, 
2009/5/17,02:00,0.7, ,172200, ,0.00, ,0.00, ,82.3, 
2009/5/17,03:00,0.8, ,172200, ,0.00, ,0.00, ,82.3, 
2009/5/17,04:00,0.0, ,172200, ,0.00, ,0.00, ,82.3, 
2009/5/17,05:00,0.1, ,172200, ,0.00, ,0.00, ,82.3, 
2009/5/17,06:00,0.4, ,172200, ,0.00, ,0.00, ,82.3, 
2009/5/17,07:00,0.1, ,172200, ,0.00, ,0.00, ,82.3, 
2009/5/17,08:00,0.3, ,172260, ,0.78, ,0.00, ,82.3, 
2009/5/17,09:00,0.0, ,172260, ,14.79, ,3.00, ,82.3, 
2009/5/17,10:00,1.3, ,172200, ,9.02, ,30.90, ,82.3, 
2009/5/17,11:00,0.0, ,172030, ,14.87, ,61.10, ,82.2, 
2009/5/17,12:00,0.9, ,171870, ,16.38, ,61.00, ,82.1, 
2009/5/17,13:00,3.4, ,171810, ,10.11, ,33.70, ,82.1, 
2009/5/17,14:00,2.1, ,171640, ,19.64, ,60.90, ,82.0, 
2009/5/17,15:00,3.5, ,171480, ,15.44, ,61.00, ,81.9, 
2009/5/17,16:00,1.8, ,171420, ,14.12, ,33.30, ,81.8, 
2009/5/17,17:00,2.3, ,171420, ,10.65, ,0.00, ,81.8, 
2009/5/17,18:00,1.3, ,171420, ,0.01, ,0.00, ,81.8, 
2009/5/17,19:00,0.3, ,171480, ,12.13, ,0.00, ,81.9, 
2009/5/17,20:00,0.1, ,171530, ,8.77, ,0.00, ,81.9, 
2009/5/17,21:00,0.0, ,171530, ,10.06, ,0.00, ,81.9, 
2009/5/17,22:00,0.1, ,171530, ,0.00, ,0.00, ,81.9, 
2009/5/17,23:00,0.0, ,171590, ,10.84, ,0.00, ,81.9, 
2009/5/17,24:00,0.0, ,171590, ,4.65, ,0.00, ,81.9, 
2009/5/18,01:00,0.0, ,171590, ,0.00, ,0.00, ,81.9, 
2009/5/18,02:00,0.0, ,171590, ,0.00, ,0.00, ,81.9, 
2009/5/18,03:00,0.0, ,171640, ,4.91, ,0.00, ,82.0, 
2009/5/18,04:00,0.0, ,171640, ,10.58, ,0.00, ,82.0, 
2009/5/18,05:00,0.0, ,171640, ,0.00, ,0.00, ,82.0, 
2009/5/18,06:00,0.0, ,171640, ,0.00, ,0.00, ,82.0, 
2009/5/18,07:00,0.0, ,171640, ,0.00, ,0.00, ,82.0, 
2009/5/18,08:00,0.0, ,171640, ,0.00, ,0.00, ,82.0, 
2009/5/18,09:00,0.0, ,171640, ,0.00, ,0.00, ,82.0, 
2009/5/18,10:00,0.0, ,171700, ,14.20, ,0.00, ,82.0, 
2009/5/18,11:00,0.0, ,171750, ,10.97, ,7.20, ,82.0, 
2009/5/18,12:00,0.0, ,171750, ,20.98, ,23.10, ,82.0, 
2009/5/18,13:00,0.0, ,171750, ,15.12, ,2.70, ,82.0, 
2009/5/18,14:00,0.0, ,171700, ,9.71, ,30.50, ,82.0, 
2009/5/18,15:00,0.0, ,171530, ,13.42, ,61.40, ,81.9, 
2009/5/18,16:00,0.0, ,171360, ,14.55, ,61.10, ,81.8, 
2009/5/18,17:00,0.0, ,171250, ,11.57, ,42.10, ,81.7, 
2009/5/18,18:00,0.0, ,171250, ,7.77, ,2.80, ,81.7, 
2009/5/18,19:00,0.0, ,171250, ,10.20, ,21.80, ,81.7, 
2009/5/18,20:00,0.0, ,171200, ,9.39, ,18.20, ,81.7, 
2009/5/18,21:00,0.0, ,171200, ,5.42, ,0.00, ,81.7, 
2009/5/18,22:00,0.0, ,171200, ,0.00, ,0.00, ,81.7, 
2009/5/18,23:00,0.0, ,171250, ,0.26, ,0.00, ,81.7, 
2009/5/18,24:00,0.0, ,171250, ,15.21, ,0.00, ,81.7, 
2009/5/19,01:00,0.0, ,171250, ,0.00, ,0.00, ,81.7, 
2009/5/19,02:00,0.0, ,171250, ,0.00, ,0.00, ,81.7, 
2009/5/19,03:00,0.0, ,171250, ,0.00, ,0.00, ,81.7, 
2009/5/19,04:00,0.0, ,171250, ,0.00, ,0.00, ,81.7, 
2009/5/19,05:00,0.0, ,171250, ,0.00, ,0.00, ,81.7, 
2009/5/19,06:00,0.0, ,171310, ,9.28, ,0.00, ,81.8, 
2009/5/19,07:00,0.0, ,171310, ,6.25, ,3.40, ,81.8, 
2009/5/19,08:00,0.0, ,171310, ,9.26, ,18.70, ,81.8, 
2009/5/19,09:00,0.0, ,171250, ,7.07, ,18.90, ,81.7, 
2009/5/19,10:00,0.0, ,171200, ,2.91, ,19.10, ,81.7, 
2009/5/19,11:00,0.0, ,171140, ,15.11, ,19.00, ,81.7, 
2009/5/19,12:00,0.0, ,171140, ,6.34, ,18.40, ,81.7, 
2009/5/19,13:00,0.0, ,171140, ,9.58, ,3.20, ,81.7, 
2009/5/19,14:00,0.0, ,171090, ,6.91, ,30.70, ,81.6, 
2009/5/19,15:00,0.0, ,170920, ,11.27, ,61.10, ,81.5, 
2009/5/19,16:00,0.0, ,170750, ,12.25, ,61.30, ,81.4, 
2009/5/19,17:00,0.0, ,170640, ,13.51, ,41.00, ,81.4, 
2009/5/19,18:00,0.0, ,170580, ,8.38, ,22.00, ,81.3, 
2009/5/19,19:00,0.0, ,170530, ,7.39, ,19.10, ,81.3, 
2009/5/19,20:00,0.0, ,170420, ,5.54, ,37.80, ,81.3, 
2009/5/19,21:00,0.0, ,170250, ,6.07, ,37.80, ,81.2, 
2009/5/19,22:00,0.0, ,170200, ,2.70, ,21.90, ,81.1, 
2009/5/19,23:00,0.0, ,170140, ,4.65, ,19.10, ,81.1, 
2009/5/19,24:00,0.0, ,170090, ,3.06, ,18.80, ,81.1, 
2009/5/20,01:00,0.0, ,169970, ,1.84, ,19.10, ,81.0, 
2009/5/20,02:00,0.0, ,169920, ,3.45, ,19.20, ,81.0, 
2009/5/20,03:00,0.0, ,169860, ,2.82, ,18.90, ,81.0, 
2009/5/20,04:00,0.0, ,169810, ,2.86, ,18.80, ,81.0, 
2009/5/20,05:00,0.0, ,169750, ,2.93, ,18.90, ,81.0, 
2009/5/20,06:00,0.0, ,169640, ,2.45, ,22.70, ,81.0, 
2009/5/20,07:00,0.0, ,169530, ,3.14, ,33.90, ,81.0, 
2009/5/20,08:00,0.0, ,169420, ,3.25, ,31.00, ,80.9, 
2009/5/20,09:00,0.0, ,169360, ,2.10, ,30.80, ,80.9, 
2009/5/20,10:00,0.0, ,169250, ,5.26, ,38.40, ,80.9, 
2009/5/20,11:00,0.0, ,169090, ,10.00, ,51.60, ,80.8, 
2009/5/20,12:00,0.0, ,168920, ,13.29, ,54.40, ,80.8, 
2009/5/20,13:00,0.0, ,168870, ,10.63, ,30.80, ,80.8, 
2009/5/20,14:00,0.0, ,168700, ,10.72, ,61.60, ,80.7, 
2009/5/20,15:00,0.0, ,168480, ,10.25, ,61.60, ,80.6, 
2009/5/20,16:00,0.0, ,168310, ,9.58, ,61.90, ,80.5, 
2009/5/20,17:00,0.0, ,168200, ,12.07, ,38.30, ,80.5, 
2009/5/20,18:00,0.0, ,168090, ,11.40, ,38.00, ,80.5, 
2009/5/20,19:00,0.0, ,167930, ,7.01, ,61.80, ,80.4, 
2009/5/20,20:00,0.0, ,167710, ,9.25, ,62.10, ,80.3, 
2009/5/20,21:00,0.0, ,167600, ,4.60, ,38.10, ,80.3, 
2009/5/20,22:00,0.0, ,167490, ,5.04, ,33.50, ,80.3, 
2009/5/20,23:00,0.0, ,167380, ,3.07, ,33.80, ,80.2, 
2009/5/20,24:00,0.0, ,167270, ,2.43, ,30.60, ,80.2, 
2009/5/21,01:00,0.0, ,167160, ,3.72, ,30.80, ,80.2, 
2009/5/21,02:00,0.0, ,167050, ,1.93, ,31.00, ,80.1, 
2009/5/21,03:00,0.0, ,166940, ,2.16, ,30.50, ,80.1, 
2009/5/21,04:00,0.0, ,166770, ,2.97, ,48.40, ,80.0, 
2009/5/21,05:00,0.0, ,166610, ,4.69, ,51.60, ,80.0, 
2009/5/21,06:00,0.0, ,166500, ,6.31, ,35.30, ,79.9, 
2009/5/21,07:00,0.0, ,166390, ,2.20, ,30.70, ,79.9, 
2009/5/21,08:00,0.0, ,166280, ,5.80, ,38.30, ,79.9, 
2009/5/21,09:00,0.0, ,166120, ,3.37, ,48.70, ,79.8, 
2009/5/21,10:00,0.0, ,165900, ,10.41, ,62.30, ,79.7, 
2009/5/21,11:00,0.0, ,165790, ,12.47, ,62.20, ,79.7, 
2009/5/21,12:00,0.0, ,165570, ,11.29, ,62.30, ,79.6, 
2009/5/21,13:00,0.0, ,165460, ,8.43, ,35.60, ,79.5, 
2009/5/21,14:00,0.0, ,165300, ,11.26, ,62.20, ,79.5, 
2009/5/21,15:00,0.0, ,165080, ,9.87, ,62.20, ,79.4, 
2009/5/21,16:00,0.0, ,164910, ,8.46, ,62.10, ,79.3, 
2009/5/21,17:00,0.0, ,164700, ,8.79, ,62.10, ,79.2, 
2009/5/21,18:00,0.0, ,164530, ,11.31, ,62.20, ,79.2, 
2009/5/21,19:00,0.0, ,164370, ,12.67, ,62.50, ,79.1, 
2009/5/21,20:00,1.7, ,164150, ,9.46, ,62.40, ,79.0, 
2009/5/21,21:00,4.3, ,163990, ,4.32, ,53.50, ,78.9, 
2009/5/21,22:00,1.2, ,163880, ,10.29, ,34.10, ,78.9, 
2009/5/21,23:00,2.5, ,163770, ,6.56, ,31.00, ,78.9, 
2009/5/21,24:00,1.8, ,163660, ,5.07, ,31.30, ,78.8, 
2009/5/22,01:00,1.5, ,163560, ,8.35, ,31.00, ,78.8, 
2009/5/22,02:00,0.9, ,163500, ,10.66, ,31.20, ,78.8, 
2009/5/22,03:00,1.0, ,163390, ,12.92, ,31.50, ,78.8, 
2009/5/22,04:00,1.0, ,163290, ,1.66, ,34.40, ,78.7, 
2009/5/22,05:00,0.3, ,163180, ,7.74, ,31.50, ,78.7, 
2009/5/22,06:00,0.0, ,163120, ,6.47, ,31.30, ,78.7, 
2009/5/22,07:00,0.0, ,163010, ,7.46, ,31.10, ,78.7, 
2009/5/22,08:00,0.0, ,162910, ,2.47, ,31.20, ,78.6, 
2009/5/22,09:00,0.0, ,162690, ,5.42, ,58.40, ,78.5, 
2009/5/22,10:00,0.0, ,162530, ,9.42, ,62.90, ,78.5, 
2009/5/22,11:00,0.0, ,162370, ,9.64, ,62.80, ,78.4, 
2009/5/22,12:00,0.0, ,162150, ,9.45, ,63.00, ,78.3, 
2009/5/22,13:00,0.0, ,162100, ,16.17, ,35.60, ,78.3, 
2009/5/22,14:00,0.0, ,161880, ,9.66, ,62.50, ,78.2, 
2009/5/22,15:00,0.0, ,161720, ,18.56, ,62.60, ,78.2, 
2009/5/22,16:00,0.0, ,161560, ,13.68, ,62.50, ,78.1, 
2009/5/22,17:00,0.0, ,161400, ,17.92, ,63.00, ,78.0, 
2009/5/22,18:00,0.0, ,161240, ,13.74, ,62.80, ,78.0, 
2009/5/22,19:00,0.0, ,161070, ,15.65, ,59.70, ,77.9, 
2009/5/22,20:00,0.0, ,160970, ,11.64, ,34.60, ,77.9, 
2009/5/22,21:00,0.0, ,160910, ,14.81, ,34.70, ,77.9, 
2009/5/22,22:00,0.0, ,160810, ,17.76, ,34.30, ,77.8, 
2009/5/22,23:00,0.0, ,160750, ,8.81, ,34.70, ,77.8, 
2009/5/22,24:00,0.0, ,160650, ,12.37, ,31.10, ,77.8, 
2009/5/23,01:00,0.0, ,160590, ,8.86, ,31.10, ,77.8, 
2009/5/23,02:00,0.0, ,160540, ,12.15, ,31.40, ,77.8, 
2009/5/23,03:00,0.0, ,160430, ,5.61, ,31.20, ,77.8, 
2009/5/23,04:00,0.0, ,160320, ,6.93, ,34.30, ,77.7, 
2009/5/23,05:00,0.0, ,160220, ,3.45, ,31.40, ,77.7, 
2009/5/23,06:00,0.0, ,160110, ,3.67, ,31.30, ,77.7, 
2009/5/23,07:00,0.0, ,160000, ,3.08, ,31.10, ,77.6, 
2009/5/23,08:00,0.0, ,159890, ,2.30, ,34.60, ,77.6, 
2009/5/23,09:00,0.0, ,159680, ,5.40, ,58.90, ,77.5, 
2009/5/23,10:00,0.0, ,159470, ,6.97, ,63.60, ,77.4, 
2009/5/23,11:00,0.0, ,159310, ,11.05, ,63.20, ,77.3, 
2009/5/23,12:00,0.0, ,159140, ,13.61, ,63.40, ,77.3, 
2009/5/23,13:00,0.0, ,159040, ,14.55, ,40.10, ,77.2, 
2009/5/23,14:00,0.0, ,158820, ,5.75, ,63.10, ,77.1, 
2009/5/23,15:00,0.0, ,158660, ,11.53, ,63.20, ,77.1, 
2009/5/23,16:00,0.0, ,158500, ,11.33, ,63.10, ,77.0, 
2009/5/23,17:00,0.0, ,158290, ,10.65, ,63.40, ,76.9, 
2009/5/23,18:00,0.0, ,158080, ,11.15, ,63.40, ,76.8, 
2009/5/23,19:00,0.0, ,157920, ,11.70, ,63.30, ,76.8, 
2009/5/23,20:00,0.0, ,157700, ,10.06, ,63.20, ,76.7, 
2009/5/23,21:00,0.0, ,157600, ,9.41, ,36.30, ,76.6, 
2009/5/23,22:00,0.0, ,157490, ,4.31, ,36.10, ,76.6, 
2009/5/23,23:00,0.0, ,157330, ,5.29, ,36.60, ,76.5, 
2009/5/23,24:00,0.0, ,157230, ,6.16, ,36.30, ,76.5, 
2009/5/24,01:00,0.0, ,157120, ,4.74, ,31.90, ,76.5, 
2009/5/24,02:00,0.0, ,157070, ,6.15, ,31.30, ,76.5, 
2009/5/24,03:00,0.0, ,156910, ,1.50, ,31.30, ,76.4, 
2009/5/24,04:00,0.0, ,156800, ,4.49, ,34.60, ,76.4, 
2009/5/24,05:00,0.0, ,156690, ,3.15, ,31.90, ,76.3, 
2009/5/24,06:00,0.0, ,156590, ,7.97, ,31.50, ,76.3, 
2009/5/24,07:00,0.0, ,156480, ,1.95, ,34.50, ,76.3, 
2009/5/24,08:00,0.0, ,156380, ,4.57, ,31.50, ,76.2, 
2009/5/24,09:00,0.0, ,156160, ,2.65, ,59.30, ,76.1, 
2009/5/24,10:00,0.0, ,155950, ,10.20, ,63.90, ,76.0, 
2009/5/24,11:00,0.0, ,155790, ,9.89, ,63.10, ,76.0, 
2009/5/24,12:00,0.0, ,155580, ,12.73, ,63.40, ,75.9, 
2009/5/24,13:00,0.0, ,155480, ,11.30, ,44.90, ,75.9, 
2009/5/24,14:00,0.0, ,155320, ,5.78, ,63.50, ,75.8, 
2009/5/24,15:00,0.0, ,155110, ,14.21, ,64.00, ,75.7, 
2009/5/24,16:00,0.0, ,154950, ,11.60, ,64.10, ,75.6, 
2009/5/24,17:00,0.6, ,154740, ,9.23, ,63.80, ,75.5, 
2009/5/24,18:00,3.3, ,154530, ,9.78, ,63.80, ,75.4, 
2009/5/24,19:00,0.3, ,154320, ,8.45, ,64.00, ,75.3, 
2009/5/24,20:00,0.1, ,154160, ,9.26, ,64.10, ,75.3, 
2009/5/24,21:00,0.0, ,153950, ,8.46, ,58.30, ,75.2, 
2009/5/24,22:00,1.6, ,153850, ,5.38, ,34.80, ,75.1, 
2009/5/24,23:00,0.6, ,153690, ,5.04, ,31.90, ,75.1, 
2009/5/24,24:00,0.3, ,153640, ,2.98, ,32.00, ,75.1, 
2009/5/25,01:00,0.0, ,153530, ,6.06, ,32.10, ,75.0, 
2009/5/25,02:00,0.4, ,153380, ,4.54, ,32.30, ,75.0, 
2009/5/25,03:00,0.0, ,153320, ,3.95, ,32.30, ,75.0, 
2009/5/25,04:00,0.0, ,153170, ,4.17, ,35.00, ,74.9, 
2009/5/25,05:00,0.0, ,153120, ,6.20, ,32.30, ,74.9, 
2009/5/25,06:00,0.1, ,152960, ,1.84, ,31.40, ,74.9, 
2009/5/25,07:00,0.0, ,152850, ,5.91, ,34.90, ,74.8, 
2009/5/25,08:00,0.0, ,152750, ,4.84, ,32.10, ,74.8, 
2009/5/25,09:00,0.0, ,152540, ,5.39, ,61.20, ,74.7, 
2009/5/25,10:00,0.2, ,152330, ,4.89, ,61.20, ,74.6, 
2009/5/25,11:00,0.0, ,152120, ,6.81, ,63.50, ,74.5, 
2009/5/25,12:00,0.0, ,151970, ,11.88, ,63.70, ,74.4, 
2009/5/25,13:00,0.0, ,151810, ,8.09, ,49.10, ,74.4, 
2009/5/25,14:00,0.0, ,151660, ,12.99, ,61.10, ,74.3, 
2009/5/25,15:00,0.0, ,151500, ,17.24, ,61.10, ,74.2, 
2009/5/25,16:00,0.0, ,151290, ,8.32, ,63.80, ,74.1, 
2009/5/25,17:00,0.0, ,151090, ,9.57, ,63.80, ,74.1, 
2009/5/25,18:00,0.0, ,150930, ,13.31, ,63.50, ,74.0, 
2009/5/25,19:00,0.0, ,150720, ,13.07, ,63.50, ,73.9, 
2009/5/25,20:00,0.0, ,150570, ,13.60, ,63.40, ,73.8, 
2009/5/25,21:00,0.0, ,150410, ,11.58, ,53.60, ,73.8, 
2009/5/25,22:00,0.0, ,150310, ,12.75, ,35.30, ,73.7, 
2009/5/25,23:00,0.0, ,150210, ,4.38, ,32.20, ,73.7, 
2009/5/25,24:00,0.0, ,150100, ,6.21, ,32.40, ,73.7, 
2009/5/26,01:00,0.0, ,150000, ,3.62, ,34.00, ,73.6, 
2009/5/26,02:00,0.0, ,149840, ,4.48, ,33.90, ,73.6, 
2009/5/26,03:00,0.0, ,149740, ,3.93, ,33.70, ,73.5, 
2009/5/26,04:00,0.0, ,149640, ,4.32, ,36.80, ,73.5, 
2009/5/26,05:00,0.0, ,149530, ,5.59, ,34.00, ,73.5, 
2009/5/26,06:00,0.0, ,149380, ,3.47, ,33.70, ,73.4, 
2009/5/26,07:00,0.0, ,149280, ,4.93, ,36.60, ,73.4, 
2009/5/26,08:00,0.0, ,149170, ,5.33, ,34.00, ,73.3, 
2009/5/26,09:00,0.0, ,148970, ,4.11, ,58.70, ,73.2, 
2009/5/26,10:00,0.0, ,148810, ,5.88, ,58.30, ,73.2, 
2009/5/26,11:00,0.0, ,148610, ,9.44, ,61.70, ,73.1, 
2009/5/26,12:00,0.0, ,148450, ,12.34, ,60.90, ,73.0, 
2009/5/26,13:00,0.0, ,148300, ,11.62, ,46.90, ,73.0, 
2009/5/26,14:00,0.0, ,148140, ,9.61, ,58.80, ,72.9, 
2009/5/26,15:00,0.0, ,147940, ,10.45, ,61.80, ,72.8, 
2009/5/26,16:00,0.0, ,147790, ,10.25, ,58.80, ,72.7, 
2009/5/26,17:00,0.0, ,147580, ,8.46, ,58.90, ,72.6, 
2009/5/26,18:00,0.0, ,147430, ,10.83, ,61.70, ,72.6, 
2009/5/26,19:00,0.0, ,147220, ,8.98, ,58.90, ,72.5, 
2009/5/26,20:00,0.0, ,147020, ,8.56, ,62.00, ,72.4, 
2009/5/26,21:00,0.0, ,146810, ,5.34, ,59.00, ,72.3, 
2009/5/26,22:00,0.0, ,146610, ,4.96, ,61.60, ,72.2, 
2009/5/26,23:00,0.0, ,146510, ,5.51, ,38.80, ,72.1, 
2009/5/26,24:00,0.0, ,146350, ,4.51, ,35.90, ,72.1, 
2009/5/27,01:00,0.0, ,146250, ,4.93, ,35.80, ,72.0, 
2009/5/27,02:00,0.0, ,146150, ,5.28, ,35.70, ,72.0, 
2009/5/27,03:00,0.0, ,145990, ,4.05, ,35.50, ,71.9, 
2009/5/27,04:00,0.0, ,145890, ,5.53, ,38.80, ,71.9, 
2009/5/27,05:00,0.0, ,145740, ,5.36, ,35.50, ,71.9, 
2009/5/27,06:00,0.0, ,145640, ,4.48, ,35.80, ,71.8, 
2009/5/27,07:00,0.0, ,145540, ,5.61, ,35.30, ,71.8, 
2009/5/27,08:00,0.0, ,145380, ,5.16, ,38.90, ,71.7, 
2009/5/27,09:00,0.0, ,145180, ,3.16, ,59.20, ,71.6, 
2009/5/27,10:00,0.0, ,145030, ,4.84, ,59.20, ,71.6, 
2009/5/27,11:00,0.0, ,144770, ,8.13, ,62.40, ,71.4, 
2009/5/27,12:00,0.0, ,144620, ,10.24, ,59.30, ,71.4, 
2009/5/27,13:00,0.0, ,144470, ,13.48, ,53.40, ,71.3, 
2009/5/27,14:00,0.1, ,144320, ,10.73, ,59.30, ,71.2, 
2009/5/27,15:00,0.0, ,144120, ,11.45, ,62.30, ,71.1, 
2009/5/27,16:00,0.0, ,143970, ,12.83, ,59.20, ,71.1, 
2009/5/27,17:00,0.0, ,143760, ,10.18, ,62.30, ,71.0, 
2009/5/27,18:00,0.0, ,143610, ,13.10, ,59.20, ,70.9, 
2009/5/27,19:00,0.0, ,143510, ,6.21, ,32.80, ,70.9, 
2009/5/27,20:00,0.0, ,143360, ,4.48, ,36.00, ,70.8, 
2009/5/27,21:00,0.0, ,143260, ,5.72, ,32.70, ,70.8, 
2009/5/27,22:00,0.4, ,143160, ,5.72, ,32.60, ,70.8, 
2009/5/27,23:00,0.3, ,143060, ,9.41, ,33.10, ,70.7, 
2009/5/27,24:00,0.3, ,142910, ,2.85, ,32.80, ,70.7, 
2009/5/28,01:00,0.6, ,142860, ,7.04, ,32.70, ,70.7, 
2009/5/28,02:00,0.0, ,142710, ,5.04, ,33.20, ,70.6, 
2009/5/28,03:00,0.0, ,142660, ,7.33, ,32.80, ,70.6, 
2009/5/28,04:00,0.0, ,142510, ,3.28, ,36.20, ,70.5, 
2009/5/28,05:00,0.0, ,142410, ,7.74, ,32.90, ,70.5, 
2009/5/28,06:00,0.1, ,142260, ,2.77, ,32.90, ,70.4, 
2009/5/28,07:00,0.3, ,142150, ,5.10, ,36.30, ,70.4, 
2009/5/28,08:00,0.1, ,142050, ,1.84, ,33.20, ,70.4, 
2009/5/28,09:00,0.0, ,141900, ,6.29, ,32.60, ,70.3, 
2009/5/28,10:00,0.0, ,141700, ,3.00, ,59.50, ,70.2, 
2009/5/28,11:00,0.0, ,141550, ,12.18, ,59.30, ,70.1, 
2009/5/28,12:00,0.0, ,141400, ,7.07, ,62.50, ,70.1, 
2009/5/28,13:00,0.2, ,141210, ,11.18, ,59.30, ,70.0, 
2009/5/28,14:00,1.0, ,141010, ,13.54, ,62.70, ,69.9, 
2009/5/28,15:00,0.9, ,140860, ,12.53, ,59.50, ,69.8, 
2009/5/28,16:00,0.3, ,140660, ,13.50, ,62.70, ,69.7, 
2009/5/28,17:00,0.0, ,140510, ,10.80, ,59.60, ,69.7, 
2009/5/28,18:00,0.0, ,140260, ,8.50, ,62.40, ,69.5, 
2009/5/28,19:00,0.0, ,140110, ,10.89, ,59.60, ,69.5, 
2009/5/28,20:00,0.0, ,139910, ,5.20, ,59.70, ,69.4, 
2009/5/28,21:00,0.0, ,139810, ,7.70, ,23.20, ,69.3, 
2009/5/28,22:00,0.0, ,139760, ,3.63, ,20.00, ,69.3, 
2009/5/28,23:00,0.0, ,139660, ,3.21, ,20.10, ,69.3, 
2009/5/28,24:00,0.2, ,139610, ,3.59, ,20.40, ,69.3, 
2009/5/29,01:00,0.0, ,139460, ,2.14, ,32.80, ,69.2, 
2009/5/29,02:00,0.0, ,139410, ,3.87, ,33.30, ,69.2, 
2009/5/29,03:00,0.1, ,139270, ,6.30, ,32.50, ,69.2, 
2009/5/29,04:00,0.0, ,139170, ,5.32, ,32.70, ,69.1, 
2009/5/29,05:00,0.0, ,139070, ,3.51, ,36.40, ,69.1, 
2009/5/29,06:00,0.0, ,138970, ,4.48, ,20.20, ,69.1, 
2009/5/29,07:00,0.0, ,138920, ,3.81, ,22.10, ,69.1, 
2009/5/29,08:00,0.0, ,138770, ,1.84, ,33.20, ,69.0, 
2009/5/29,09:00,0.0, ,138670, ,5.93, ,36.40, ,69.0, 
2009/5/29,10:00,0.0, ,138470, ,4.25, ,59.80, ,68.9, 
2009/5/29,11:00,0.0, ,138280, ,9.35, ,59.70, ,68.8, 
2009/5/29,12:00,0.0, ,138130, ,10.23, ,63.00, ,68.7, 
2009/5/29,13:00,0.0, ,137980, ,9.81, ,49.30, ,68.7, 
2009/5/29,14:00,0.0, ,137730, ,8.34, ,62.80, ,68.5, 
2009/5/29,15:00,0.0, ,137590, ,7.58, ,60.00, ,68.5, 
2009/5/29,16:00,0.0, ,137390, ,10.67, ,62.90, ,68.4, 
2009/5/29,17:00,0.0, ,137190, ,9.21, ,60.10, ,68.3, 
2009/5/29,18:00,0.0, ,137040, ,10.24, ,63.00, ,68.2, 
2009/5/29,19:00,0.0, ,136850, ,9.87, ,59.70, ,68.1, 
2009/5/29,20:00,0.0, ,136650, ,7.77, ,62.90, ,68.0, 
2009/5/29,21:00,0.0, ,136500, ,6.45, ,33.20, ,68.0, 
2009/5/29,22:00,0.0, ,136400, ,4.79, ,36.00, ,67.9, 
2009/5/29,23:00,0.0, ,136260, ,4.82, ,32.80, ,67.9, 
2009/5/29,24:00,0.0, ,136210, ,5.43, ,33.50, ,67.9, 
2009/5/30,01:00,0.0, ,136110, ,1.31, ,19.00, ,67.8, 
2009/5/30,02:00,0.0, ,136060, ,6.42, ,19.30, ,67.8, 
2009/5/30,03:00,0.0, ,135960, ,1.59, ,19.00, ,67.8, 
2009/5/30,04:00,0.0, ,135770, ,3.85, ,47.80, ,67.7, 
2009/5/30,05:00,0.0, ,135720, ,3.00, ,25.10, ,67.7, 
2009/5/30,06:00,0.0, ,135620, ,4.96, ,21.80, ,67.7, 
2009/5/30,07:00,0.1, ,135570, ,3.25, ,19.20, ,67.6, 
2009/5/30,08:00,0.0, ,135520, ,3.50, ,19.00, ,67.6, 
2009/5/30,09:00,0.0, ,135380, ,7.61, ,47.30, ,67.6, 
2009/5/30,10:00,0.0, ,135180, ,3.38, ,47.70, ,67.5, 
2009/5/30,11:00,0.0, ,135030, ,7.28, ,50.40, ,67.4, 
2009/5/30,12:00,0.0, ,134890, ,7.82, ,60.00, ,67.4, 
2009/5/30,13:00,0.0, ,134650, ,11.42, ,63.50, ,67.2, 
2009/5/30,14:00,0.0, ,134500, ,8.24, ,60.00, ,67.2, 
2009/5/30,15:00,0.0, ,134300, ,9.20, ,63.00, ,67.1, 
2009/5/30,16:00,0.0, ,134110, ,9.67, ,60.40, ,67.0, 
2009/5/30,17:00,0.0, ,133920, ,9.71, ,62.50, ,66.9, 
2009/5/30,18:00,0.0, ,133720, ,12.09, ,62.80, ,66.8, 
2009/5/30,19:00,1.1, ,133530, ,7.98, ,60.70, ,66.7, 
2009/5/30,20:00,1.3, ,133330, ,7.26, ,60.70, ,66.6, 
2009/5/30,21:00,0.1, ,133140, ,6.35, ,62.30, ,66.5, 
2009/5/30,22:00,0.0, ,133000, ,4.96, ,39.90, ,66.4, 
2009/5/30,23:00,0.0, ,132950, ,4.41, ,19.50, ,66.4, 
2009/5/30,24:00,0.0, ,132850, ,2.45, ,19.90, ,66.4, 
2009/5/31,01:00,0.0, ,132750, ,3.91, ,23.60, ,66.4, 
2009/5/31,02:00,0.0, ,132710, ,3.11, ,23.60, ,66.4, 
2009/5/31,03:00,0.0, ,132610, ,3.10, ,23.70, ,66.3, 
2009/5/31,04:00,0.0, ,132510, ,4.34, ,24.00, ,66.3, 
2009/5/31,05:00,0.0, ,132460, ,1.61, ,18.90, ,66.3, 
2009/5/31,06:00,0.0, ,132420, ,4.77, ,18.80, ,66.3, 
2009/5/31,07:00,0.0, ,132320, ,2.63, ,19.30, ,66.3, 
2009/5/31,08:00,0.0, ,132220, ,3.94, ,22.40, ,66.2, 
2009/5/31,09:00,0.0, ,132180, ,1.87, ,18.80, ,66.2, 
2009/5/31,10:00,0.0, ,132030, ,2.68, ,45.70, ,66.2, 
2009/5/31,11:00,0.0, ,131840, ,3.66, ,58.70, ,66.1, 
2009/5/31,12:00,0.0, ,131650, ,9.38, ,61.70, ,66.0, 
2009/5/31,13:00,0.0, ,131450, ,9.04, ,58.70, ,65.9, 
2009/5/31,14:00,0.0, ,131310, ,10.63, ,58.50, ,65.8, 
2009/5/31,15:00,0.0, ,131070, ,7.13, ,58.90, ,65.7, 
2009/5/31,16:00,0.0, ,130880, ,4.99, ,62.40, ,65.6, 
2009/5/31,17:00,0.0, ,130690, ,7.94, ,58.70, ,65.5, 
2009/5/31,18:00,0.0, ,130500, ,5.86, ,61.90, ,65.4, 
2009/5/31,19:00,0.0, ,130300, ,6.67, ,58.70, ,65.3, 
2009/5/31,20:00,0.0, ,130110, ,5.45, ,58.80, ,65.2, 
2009/5/31,21:00,0.2, ,129970, ,6.40, ,34.80, ,65.1, 
2009/5/31,22:00,0.0, ,129920, ,5.06, ,22.30, ,65.1, 
2009/5/31,23:00,0.0, ,129880, ,9.15, ,18.80, ,65.1, 
2009/5/31,24:00,0.0, ,129830, ,4.45, ,19.40, ,65.1, 
