îCà”ä˙ä‘É_ÉÄèîó åüçıåãâ 
êÖånñº,ãgñÏêÏ
âÕêÏñº,ãgñÏêÏ
äœë™èäñº,ëÅñæâYÉ_ÉÄÅiã@ç\Åj
äœë™èäãLçÜ,1368080700010
#
#îNåéì˙,éûçè,ó¨àÊïΩãœâJó ,ó¨àÊïΩãœâJó ëÆê´,íôêÖó ,íôêÖó ëÆê´,ó¨ì¸ó ,ó¨ì¸ó ëÆê´,ï˙ó¨ó ,ï˙ó¨ó ëÆê´,íôêÖó¶,íôêÖó¶ëÆê´
#ëÆê´Å@$:åáë™ -:ñ¢éÛêM
#
2016/9/1,01:00,0.0, ,67310, ,7.03, ,31.70, ,38.6, 
2016/9/1,02:00,0.0, ,67240, ,10.00, ,27.90, ,38.6, 
2016/9/1,03:00,0.0, ,67170, ,8.87, ,27.90, ,38.5, 
2016/9/1,04:00,0.0, ,67100, ,5.35, ,27.90, ,38.5, 
2016/9/1,05:00,0.0, ,67000, ,5.68, ,28.00, ,38.4, 
2016/9/1,06:00,0.0, ,66930, ,2.47, ,27.90, ,38.4, 
2016/9/1,07:00,0.0, ,66820, ,2.26, ,26.20, ,38.3, 
2016/9/1,08:00,0.0, ,66720, ,3.01, ,26.00, ,38.2, 
2016/9/1,09:00,0.0, ,66650, ,2.56, ,25.90, ,38.2, 
2016/9/1,10:00,0.0, ,66550, ,1.63, ,26.20, ,38.1, 
2016/9/1,11:00,0.0, ,66480, ,3.63, ,18.80, ,38.1, 
2016/9/1,12:00,0.0, ,66480, ,7.47, ,18.50, ,38.1, 
2016/9/1,13:00,0.0, ,66410, ,8.80, ,18.70, ,38.0, 
2016/9/1,14:00,0.0, ,66270, ,6.85, ,46.70, ,37.9, 
2016/9/1,15:00,0.0, ,66100, ,5.69, ,53.80, ,37.8, 
2016/9/1,16:00,0.0, ,65930, ,5.33, ,53.60, ,37.7, 
2016/9/1,17:00,0.0, ,65750, ,4.68, ,53.60, ,37.6, 
2016/9/1,18:00,0.0, ,65580, ,4.58, ,53.50, ,37.5, 
2016/9/1,19:00,0.0, ,65380, ,5.37, ,53.40, ,37.3, 
2016/9/1,20:00,0.0, ,65200, ,4.31, ,53.70, ,37.2, 
2016/9/1,21:00,0.0, ,65030, ,3.78, ,48.70, ,37.1, 
2016/9/1,22:00,0.0, ,64960, ,5.61, ,31.90, ,37.0, 
2016/9/1,23:00,0.0, ,64900, ,5.34, ,22.40, ,37.0, 
2016/9/1,24:00,0.0, ,64860, ,5.74, ,18.80, ,37.0, 
2016/9/2,01:00,0.0, ,64790, ,7.23, ,25.20, ,36.9, 
2016/9/2,02:00,0.0, ,64720, ,5.33, ,24.40, ,36.9, 
2016/9/2,03:00,0.0, ,64620, ,4.88, ,24.80, ,36.8, 
2016/9/2,04:00,0.0, ,64550, ,4.76, ,24.50, ,36.8, 
2016/9/2,05:00,0.0, ,64490, ,3.80, ,24.30, ,36.7, 
2016/9/2,06:00,0.0, ,64380, ,2.69, ,24.40, ,36.6, 
2016/9/2,07:00,0.0, ,64280, ,2.31, ,28.40, ,36.6, 
2016/9/2,08:00,0.0, ,64210, ,0.64, ,24.80, ,36.5, 
2016/9/2,09:00,0.0, ,64110, ,2.09, ,24.50, ,36.5, 
2016/9/2,10:00,0.0, ,64010, ,1.98, ,24.40, ,36.4, 
2016/9/2,11:00,0.0, ,63940, ,1.87, ,24.40, ,36.3, 
2016/9/2,12:00,0.0, ,63870, ,3.46, ,24.70, ,36.3, 
2016/9/2,13:00,0.0, ,63840, ,11.58, ,19.60, ,36.3, 
2016/9/2,14:00,0.0, ,63700, ,7.09, ,47.20, ,36.2, 
2016/9/2,15:00,0.0, ,63530, ,6.77, ,47.20, ,36.1, 
2016/9/2,16:00,0.0, ,63400, ,5.60, ,47.50, ,36.0, 
2016/9/2,17:00,0.0, ,63230, ,3.03, ,51.00, ,35.9, 
2016/9/2,18:00,0.0, ,63060, ,3.93, ,47.50, ,35.7, 
2016/9/2,19:00,0.0, ,62890, ,4.06, ,47.40, ,35.6, 
2016/9/2,20:00,0.0, ,62720, ,3.20, ,47.50, ,35.5, 
2016/9/2,21:00,0.0, ,62560, ,2.38, ,51.40, ,35.4, 
2016/9/2,22:00,0.0, ,62490, ,5.20, ,30.40, ,35.4, 
2016/9/2,23:00,0.0, ,62420, ,3.40, ,18.90, ,35.3, 
2016/9/2,24:00,0.0, ,62390, ,7.37, ,18.90, ,35.3, 
2016/9/3,01:00,0.0, ,62290, ,3.51, ,26.60, ,35.2, 
2016/9/3,02:00,0.0, ,62190, ,4.42, ,26.70, ,35.2, 
2016/9/3,03:00,0.0, ,62090, ,2.29, ,27.00, ,35.1, 
2016/9/3,04:00,0.0, ,62020, ,0.81, ,26.50, ,35.0, 
2016/9/3,05:00,0.0, ,61920, ,1.08, ,26.60, ,35.0, 
2016/9/3,06:00,0.0, ,61820, ,0.81, ,26.90, ,34.9, 
2016/9/3,07:00,0.0, ,61720, ,0.41, ,26.60, ,34.8, 
2016/9/3,08:00,0.0, ,61620, ,0.82, ,27.10, ,34.8, 
2016/9/3,09:00,0.0, ,61520, ,0.41, ,26.60, ,34.7, 
2016/9/3,10:00,0.0, ,61380, ,0.58, ,30.70, ,34.6, 
2016/9/3,11:00,0.0, ,61280, ,0.65, ,27.10, ,34.5, 
2016/9/3,12:00,0.2, ,61220, ,3.19, ,26.60, ,34.5, 
2016/9/3,13:00,0.2, ,61150, ,7.31, ,26.70, ,34.4, 
2016/9/3,14:00,0.3, ,60980, ,5.70, ,52.50, ,34.3, 
2016/9/3,15:00,0.0, ,60820, ,5.11, ,52.30, ,34.2, 
2016/9/3,16:00,1.0, ,60620, ,3.34, ,52.30, ,34.1, 
2016/9/3,17:00,0.4, ,60450, ,6.66, ,52.20, ,34.0, 
2016/9/3,18:00,0.7, ,60250, ,2.80, ,52.20, ,33.8, 
2016/9/3,19:00,0.5, ,60090, ,3.33, ,52.20, ,33.7, 
2016/9/3,20:00,0.0, ,59890, ,3.02, ,52.00, ,33.6, 
2016/9/3,21:00,0.3, ,59730, ,3.01, ,52.00, ,33.5, 
2016/9/3,22:00,0.3, ,59630, ,3.08, ,29.00, ,33.4, 
2016/9/3,23:00,0.0, ,59560, ,5.84, ,23.20, ,33.4, 
2016/9/3,24:00,0.0, ,59530, ,5.66, ,19.30, ,33.3, 
2016/9/4,01:00,0.1, ,59460, ,2.42, ,18.60, ,33.3, 
2016/9/4,02:00,1.3, ,59400, ,3.45, ,18.90, ,33.3, 
2016/9/4,03:00,0.4, ,59330, ,3.02, ,19.70, ,33.2, 
2016/9/4,04:00,1.0, ,59300, ,3.99, ,19.30, ,33.2, 
2016/9/4,05:00,2.6, ,59230, ,2.53, ,19.10, ,33.1, 
2016/9/4,06:00,7.7, ,59200, ,5.78, ,19.20, ,33.1, 
2016/9/4,07:00,4.4, ,59130, ,5.39, ,19.60, ,33.1, 
2016/9/4,08:00,7.4, ,59070, ,3.27, ,19.40, ,33.0, 
2016/9/4,09:00,20.6, ,59030, ,8.61, ,19.20, ,33.0, 
2016/9/4,10:00,12.9, ,59130, ,24.72, ,19.50, ,33.1, 
2016/9/4,11:00,13.9, ,59490, ,81.99, ,19.50, ,33.3, 
2016/9/4,12:00,9.6, ,60020, ,147.76, ,20.00, ,33.7, 
2016/9/4,13:00,4.2, ,60850, ,204.25, ,19.00, ,34.2, 
2016/9/4,14:00,4.7, ,61680, ,251.17, ,19.30, ,34.8, 
2016/9/4,15:00,3.7, ,62590, ,265.72, ,18.90, ,35.4, 
2016/9/4,16:00,1.2, ,63330, ,249.30, ,19.60, ,35.9, 
2016/9/4,17:00,1.1, ,63980, ,214.58, ,18.70, ,36.4, 
2016/9/4,18:00,0.7, ,64490, ,174.29, ,18.70, ,36.7, 
2016/9/4,19:00,0.2, ,64860, ,141.03, ,19.10, ,37.0, 
2016/9/4,20:00,0.0, ,65200, ,118.55, ,18.70, ,37.2, 
2016/9/4,21:00,0.0, ,65480, ,101.68, ,18.60, ,37.4, 
2016/9/4,22:00,0.0, ,65720, ,88.35, ,19.00, ,37.6, 
2016/9/4,23:00,0.2, ,65930, ,79.11, ,19.20, ,37.7, 
2016/9/4,24:00,0.0, ,66100, ,72.82, ,18.60, ,37.8, 
2016/9/5,01:00,0.5, ,66270, ,67.24, ,18.60, ,37.9, 
2016/9/5,02:00,0.2, ,66410, ,63.27, ,18.80, ,38.0, 
2016/9/5,03:00,0.7, ,66550, ,62.44, ,22.40, ,38.1, 
2016/9/5,04:00,0.8, ,66650, ,54.84, ,19.20, ,38.2, 
2016/9/5,05:00,0.7, ,66720, ,49.77, ,37.50, ,38.2, 
2016/9/5,06:00,2.4, ,66820, ,51.49, ,22.40, ,38.3, 
2016/9/5,07:00,5.6, ,66930, ,51.60, ,19.40, ,38.4, 
2016/9/5,08:00,7.7, ,67070, ,54.03, ,18.90, ,38.5, 
2016/9/5,09:00,5.3, ,67270, ,64.63, ,18.50, ,38.6, 
2016/9/5,10:00,1.3, ,67520, ,77.29, ,20.40, ,38.8, 
2016/9/5,11:00,2.2, ,67830, ,99.58, ,19.10, ,39.0, 
2016/9/5,12:00,1.6, ,68150, ,108.83, ,18.50, ,39.2, 
2016/9/5,13:00,1.5, ,68460, ,104.32, ,18.60, ,39.4, 
2016/9/5,14:00,1.1, ,68740, ,102.52, ,18.60, ,39.6, 
2016/9/5,15:00,1.2, ,69130, ,104.19, ,0.00, ,39.9, 
2016/9/5,16:00,1.7, ,69550, ,111.54, ,0.00, ,40.2, 
2016/9/5,17:00,2.2, ,69940, ,111.99, ,0.00, ,40.4, 
2016/9/5,18:00,0.1, ,70330, ,110.81, ,0.00, ,40.7, 
2016/9/5,19:00,0.0, ,70720, ,108.63, ,0.00, ,41.0, 
2016/9/5,20:00,0.0, ,71110, ,105.60, ,0.00, ,41.2, 
2016/9/5,21:00,0.0, ,71470, ,104.37, ,0.00, ,41.5, 
2016/9/5,22:00,0.0, ,71820, ,97.18, ,1.50, ,41.7, 
2016/9/5,23:00,0.0, ,72040, ,89.39, ,18.30, ,41.9, 
2016/9/5,24:00,0.0, ,72290, ,84.40, ,18.40, ,42.0, 
2016/9/6,01:00,0.0, ,72500, ,80.00, ,18.80, ,42.2, 
2016/9/6,02:00,0.0, ,72680, ,75.89, ,18.40, ,42.3, 
2016/9/6,03:00,0.0, ,72860, ,74.08, ,28.30, ,42.4, 
2016/9/6,04:00,0.0, ,73010, ,70.58, ,31.00, ,42.5, 
2016/9/6,05:00,0.0, ,73040, ,69.02, ,55.00, ,42.5, 
2016/9/6,06:00,0.0, ,73080, ,62.98, ,53.60, ,42.6, 
2016/9/6,07:00,0.0, ,73220, ,63.63, ,18.90, ,42.7, 
2016/9/6,08:00,0.0, ,73400, ,61.77, ,17.70, ,42.8, 
2016/9/6,09:00,0.0, ,73550, ,60.29, ,18.00, ,42.9, 
2016/9/6,10:00,0.0, ,73660, ,59.71, ,21.70, ,43.0, 
2016/9/6,11:00,0.0, ,73800, ,56.84, ,17.90, ,43.1, 
2016/9/6,12:00,0.0, ,74020, ,58.66, ,0.00, ,43.2, 
2016/9/6,13:00,0.0, ,74200, ,56.08, ,0.00, ,43.3, 
2016/9/6,14:00,0.0, ,74380, ,52.78, ,0.00, ,43.4, 
2016/9/6,15:00,0.0, ,74560, ,51.83, ,0.00, ,43.6, 
2016/9/6,16:00,0.0, ,74750, ,49.87, ,0.00, ,43.7, 
2016/9/6,17:00,0.0, ,74930, ,49.07, ,0.00, ,43.8, 
2016/9/6,18:00,0.0, ,75110, ,47.78, ,0.00, ,43.9, 
2016/9/6,19:00,0.0, ,75260, ,45.80, ,0.00, ,44.0, 
2016/9/6,20:00,0.1, ,75440, ,45.00, ,0.00, ,44.2, 
2016/9/6,21:00,0.0, ,75590, ,45.04, ,0.00, ,44.3, 
2016/9/6,22:00,0.0, ,75730, ,43.52, ,1.20, ,44.4, 
2016/9/6,23:00,0.0, ,75810, ,40.44, ,17.90, ,44.4, 
2016/9/6,24:00,0.0, ,75880, ,38.92, ,17.90, ,44.5, 
2016/9/7,01:00,0.0, ,75950, ,37.92, ,18.30, ,44.5, 
2016/9/7,02:00,0.0, ,76030, ,36.55, ,18.10, ,44.6, 
2016/9/7,03:00,0.0, ,76100, ,35.43, ,18.00, ,44.6, 
2016/9/7,04:00,0.0, ,76140, ,35.56, ,18.20, ,44.6, 
2016/9/7,05:00,0.0, ,76210, ,35.11, ,17.90, ,44.7, 
2016/9/7,06:00,0.0, ,76250, ,33.03, ,17.80, ,44.7, 
2016/9/7,07:00,0.0, ,76320, ,35.60, ,18.30, ,44.8, 
2016/9/7,08:00,0.0, ,76390, ,32.39, ,18.30, ,44.8, 
2016/9/7,09:00,0.0, ,76430, ,33.90, ,17.80, ,44.8, 
2016/9/7,10:00,0.0, ,76470, ,28.90, ,18.10, ,44.9, 
2016/9/7,11:00,0.0, ,76540, ,31.48, ,18.00, ,44.9, 
2016/9/7,12:00,0.0, ,76580, ,31.80, ,17.90, ,44.9, 
2016/9/7,13:00,0.0, ,76610, ,29.29, ,18.50, ,45.0, 
2016/9/7,14:00,0.0, ,76650, ,28.57, ,18.30, ,45.0, 
2016/9/7,15:00,0.0, ,76690, ,29.05, ,18.00, ,45.0, 
2016/9/7,16:00,0.0, ,76800, ,30.36, ,0.00, ,45.1, 
2016/9/7,17:00,0.0, ,76910, ,31.40, ,1.20, ,45.2, 
2016/9/7,18:00,0.0, ,76950, ,30.96, ,18.00, ,45.2, 
2016/9/7,19:00,0.0, ,76980, ,25.76, ,17.90, ,45.2, 
2016/9/7,20:00,0.0, ,77090, ,29.55, ,0.00, ,45.3, 
2016/9/7,21:00,0.0, ,77200, ,29.75, ,0.00, ,45.4, 
2016/9/7,22:00,0.3, ,77280, ,28.74, ,0.90, ,45.4, 
2016/9/7,23:00,0.3, ,77310, ,27.20, ,17.90, ,45.4, 
2016/9/7,24:00,0.0, ,77350, ,25.69, ,17.90, ,45.5, 
2016/9/8,01:00,0.0, ,77350, ,22.78, ,18.00, ,45.5, 
2016/9/8,02:00,0.3, ,77390, ,25.35, ,18.00, ,45.5, 
2016/9/8,03:00,0.5, ,77430, ,25.20, ,18.30, ,45.5, 
2016/9/8,04:00,0.0, ,77430, ,24.01, ,18.00, ,45.5, 
2016/9/8,05:00,0.1, ,77460, ,24.68, ,17.90, ,45.5, 
2016/9/8,06:00,2.1, ,77460, ,21.59, ,17.90, ,45.5, 
2016/9/8,07:00,0.4, ,77500, ,27.40, ,18.20, ,45.6, 
2016/9/8,08:00,0.7, ,77540, ,26.06, ,21.80, ,45.6, 
2016/9/8,09:00,0.0, ,77540, ,24.66, ,17.90, ,45.6, 
2016/9/8,10:00,0.0, ,77540, ,17.98, ,18.00, ,45.6, 
2016/9/8,11:00,0.0, ,77570, ,25.68, ,18.00, ,45.6, 
2016/9/8,12:00,0.0, ,77610, ,20.71, ,17.90, ,45.6, 
2016/9/8,13:00,0.0, ,77690, ,27.01, ,0.00, ,45.7, 
2016/9/8,14:00,0.0, ,77800, ,24.54, ,0.00, ,45.8, 
2016/9/8,15:00,0.0, ,77870, ,26.62, ,2.50, ,45.8, 
2016/9/8,16:00,0.0, ,77870, ,22.18, ,17.80, ,45.8, 
2016/9/8,17:00,0.0, ,77940, ,22.75, ,0.00, ,45.9, 
2016/9/8,18:00,0.0, ,78060, ,21.15, ,1.00, ,46.0, 
2016/9/8,19:00,0.0, ,78060, ,25.73, ,17.70, ,46.0, 
2016/9/8,20:00,0.0, ,78020, ,22.28, ,37.50, ,45.9, 
2016/9/8,21:00,0.0, ,77980, ,13.01, ,18.10, ,45.9, 
2016/9/8,22:00,0.0, ,77980, ,17.60, ,18.30, ,45.9, 
2016/9/8,23:00,0.0, ,77910, ,19.75, ,42.10, ,45.9, 
2016/9/8,24:00,0.0, ,77800, ,17.42, ,43.30, ,45.8, 
2016/9/9,01:00,0.0, ,77690, ,13.99, ,53.50, ,45.7, 
2016/9/9,02:00,0.0, ,77540, ,16.92, ,52.40, ,45.6, 
2016/9/9,03:00,0.0, ,77500, ,13.17, ,21.70, ,45.6, 
2016/9/9,04:00,0.0, ,77500, ,16.29, ,18.10, ,45.6, 
2016/9/9,05:00,0.0, ,77500, ,18.06, ,18.30, ,45.6, 
2016/9/9,06:00,0.0, ,77500, ,18.04, ,18.20, ,45.6, 
2016/9/9,07:00,0.0, ,77460, ,9.64, ,17.80, ,45.5, 
2016/9/9,08:00,0.0, ,77460, ,16.16, ,17.80, ,45.5, 
2016/9/9,09:00,0.0, ,77460, ,18.00, ,17.70, ,45.5, 
2016/9/9,10:00,0.0, ,77460, ,18.02, ,18.40, ,45.5, 
2016/9/9,11:00,0.0, ,77460, ,18.03, ,18.20, ,45.5, 
2016/9/9,12:00,0.0, ,77430, ,13.61, ,18.20, ,45.5, 
2016/9/9,13:00,0.0, ,77430, ,12.23, ,18.20, ,45.5, 
2016/9/9,14:00,0.0, ,77430, ,18.06, ,18.20, ,45.5, 
2016/9/9,15:00,0.0, ,77430, ,18.04, ,17.90, ,45.5, 
2016/9/9,16:00,0.0, ,77390, ,9.83, ,17.60, ,45.5, 
2016/9/9,17:00,0.0, ,77390, ,15.99, ,18.30, ,45.5, 
2016/9/9,18:00,0.0, ,77390, ,18.00, ,18.60, ,45.5, 
2016/9/9,19:00,0.0, ,77350, ,16.85, ,18.10, ,45.5, 
2016/9/9,20:00,0.0, ,77350, ,8.93, ,18.30, ,45.5, 
2016/9/9,21:00,0.0, ,77280, ,16.60, ,35.60, ,45.4, 
2016/9/9,22:00,0.0, ,77170, ,15.65, ,39.70, ,45.3, 
2016/9/9,23:00,0.0, ,77090, ,12.58, ,39.40, ,45.3, 
2016/9/9,24:00,0.0, ,77060, ,16.20, ,30.50, ,45.3, 
2016/9/10,01:00,0.0, ,77020, ,11.83, ,17.70, ,45.2, 
2016/9/10,02:00,0.0, ,77020, ,16.32, ,17.90, ,45.2, 
2016/9/10,03:00,0.0, ,76980, ,10.39, ,17.50, ,45.2, 
2016/9/10,04:00,0.0, ,76980, ,15.50, ,18.00, ,45.2, 
2016/9/10,05:00,0.0, ,76980, ,18.04, ,17.80, ,45.2, 
2016/9/10,06:00,0.0, ,76950, ,9.14, ,18.10, ,45.2, 
2016/9/10,07:00,0.0, ,76950, ,16.65, ,18.00, ,45.2, 
2016/9/10,08:00,0.0, ,76910, ,13.73, ,18.60, ,45.2, 
2016/9/10,09:00,0.0, ,76910, ,12.06, ,18.30, ,45.2, 
2016/9/10,10:00,0.0, ,76800, ,15.64, ,39.50, ,45.1, 
2016/9/10,11:00,0.0, ,76760, ,14.02, ,34.70, ,45.1, 
2016/9/10,12:00,0.0, ,76720, ,12.37, ,18.30, ,45.0, 
2016/9/10,13:00,0.0, ,76720, ,17.09, ,18.10, ,45.0, 
2016/9/10,14:00,0.0, ,76690, ,12.47, ,18.10, ,45.0, 
2016/9/10,15:00,0.0, ,76690, ,14.90, ,21.50, ,45.0, 
2016/9/10,16:00,0.0, ,76650, ,10.22, ,18.50, ,45.0, 
2016/9/10,17:00,0.0, ,76540, ,15.36, ,39.80, ,44.9, 
2016/9/10,18:00,0.2, ,76390, ,10.40, ,56.40, ,44.8, 
2016/9/10,19:00,0.0, ,76250, ,11.24, ,56.00, ,44.7, 
2016/9/10,20:00,0.0, ,76100, ,11.70, ,48.90, ,44.6, 
2016/9/10,21:00,0.2, ,75990, ,11.08, ,39.90, ,44.5, 
2016/9/10,22:00,0.0, ,75950, ,15.35, ,21.60, ,44.5, 
2016/9/10,23:00,0.0, ,75950, ,11.14, ,18.20, ,44.5, 
2016/9/10,24:00,0.0, ,75920, ,15.07, ,17.90, ,44.5, 
2016/9/11,01:00,0.0, ,75920, ,11.02, ,17.80, ,44.5, 
2016/9/11,02:00,0.0, ,75880, ,13.51, ,18.50, ,44.5, 
2016/9/11,03:00,0.0, ,75880, ,12.51, ,18.50, ,44.5, 
2016/9/11,04:00,0.0, ,75840, ,11.84, ,17.90, ,44.4, 
2016/9/11,05:00,0.0, ,75840, ,14.24, ,17.90, ,44.4, 
2016/9/11,06:00,0.0, ,75810, ,11.49, ,18.00, ,44.4, 
2016/9/11,07:00,0.0, ,75840, ,7.87, ,0.00, ,44.4, 
2016/9/11,08:00,0.0, ,75880, ,12.72, ,0.00, ,44.5, 
2016/9/11,09:00,0.0, ,75950, ,14.93, ,0.00, ,44.5, 
2016/9/11,10:00,0.0, ,76030, ,18.83, ,0.00, ,44.6, 
2016/9/11,11:00,0.0, ,76060, ,16.80, ,0.00, ,44.6, 
2016/9/11,12:00,0.0, ,76140, ,15.12, ,0.00, ,44.6, 
2016/9/11,13:00,0.0, ,76170, ,15.12, ,0.00, ,44.7, 
2016/9/11,14:00,0.0, ,76250, ,17.33, ,0.00, ,44.7, 
2016/9/11,15:00,0.0, ,76280, ,13.77, ,0.00, ,44.7, 
2016/9/11,16:00,0.0, ,76360, ,17.01, ,0.00, ,44.8, 
2016/9/11,17:00,0.0, ,76390, ,15.48, ,1.80, ,44.8, 
2016/9/11,18:00,0.0, ,76390, ,18.10, ,29.30, ,44.8, 
2016/9/11,19:00,0.0, ,76210, ,17.82, ,56.10, ,44.7, 
2016/9/11,20:00,0.0, ,76100, ,11.21, ,43.70, ,44.6, 
2016/9/11,21:00,0.0, ,76060, ,10.75, ,22.00, ,44.6, 
2016/9/11,22:00,0.0, ,76060, ,13.54, ,19.00, ,44.6, 
2016/9/11,23:00,0.0, ,76030, ,10.00, ,17.80, ,44.6, 
2016/9/11,24:00,0.0, ,75990, ,10.32, ,18.20, ,44.5, 
2016/9/12,01:00,0.0, ,75990, ,13.70, ,18.20, ,44.5, 
2016/9/12,02:00,0.0, ,75950, ,10.50, ,18.10, ,44.5, 
2016/9/12,03:00,0.0, ,75920, ,15.40, ,18.10, ,44.5, 
2016/9/12,04:00,0.0, ,75920, ,8.13, ,18.30, ,44.5, 
2016/9/12,05:00,0.0, ,75880, ,10.35, ,17.70, ,44.5, 
2016/9/12,06:00,0.0, ,75840, ,6.13, ,18.00, ,44.4, 
2016/9/12,07:00,0.0, ,75810, ,2.18, ,0.00, ,44.4, 
2016/9/12,08:00,0.2, ,75840, ,2.37, ,0.00, ,44.4, 
2016/9/12,09:00,0.1, ,75840, ,7.80, ,0.00, ,44.4, 
2016/9/12,10:00,0.0, ,75880, ,4.24, ,0.00, ,44.5, 
2016/9/12,11:00,0.9, ,75920, ,8.65, ,0.00, ,44.5, 
2016/9/12,12:00,1.5, ,75950, ,14.25, ,0.00, ,44.5, 
2016/9/12,13:00,0.7, ,76030, ,16.97, ,0.00, ,44.6, 
2016/9/12,14:00,0.9, ,76060, ,12.22, ,0.00, ,44.6, 
2016/9/12,15:00,1.5, ,76140, ,15.12, ,0.00, ,44.6, 
2016/9/12,16:00,2.7, ,76170, ,15.12, ,1.30, ,44.7, 
2016/9/12,17:00,3.4, ,76170, ,14.04, ,17.90, ,44.7, 
2016/9/12,18:00,3.9, ,76140, ,22.49, ,32.20, ,44.6, 
2016/9/12,19:00,2.6, ,75950, ,10.62, ,56.40, ,44.5, 
2016/9/12,20:00,6.8, ,75810, ,11.59, ,56.30, ,44.4, 
2016/9/12,21:00,3.3, ,75840, ,10.24, ,0.00, ,44.4, 
2016/9/12,22:00,3.3, ,75920, ,16.96, ,2.00, ,44.5, 
2016/9/12,23:00,0.7, ,75950, ,24.92, ,18.60, ,44.5, 
2016/9/12,24:00,0.6, ,75950, ,24.27, ,21.60, ,44.5, 
2016/9/13,01:00,1.1, ,75950, ,21.73, ,22.00, ,44.5, 
2016/9/13,02:00,3.4, ,75950, ,20.37, ,17.90, ,44.5, 
2016/9/13,03:00,8.7, ,75950, ,18.13, ,18.70, ,44.5, 
2016/9/13,04:00,8.6, ,75950, ,18.12, ,18.20, ,44.5, 
2016/9/13,05:00,2.8, ,76030, ,20.29, ,0.00, ,44.6, 
2016/9/13,06:00,0.1, ,76210, ,40.24, ,0.00, ,44.7, 
2016/9/13,07:00,0.4, ,76390, ,47.09, ,0.00, ,44.8, 
2016/9/13,08:00,0.6, ,76610, ,55.82, ,0.00, ,45.0, 
2016/9/13,09:00,0.5, ,76800, ,54.02, ,0.00, ,45.1, 
2016/9/13,10:00,2.9, ,76950, ,49.99, ,0.00, ,45.2, 
2016/9/13,11:00,0.2, ,77090, ,43.56, ,0.00, ,45.3, 
2016/9/13,12:00,0.0, ,77240, ,38.81, ,0.00, ,45.4, 
2016/9/13,13:00,0.0, ,77350, ,35.94, ,0.00, ,45.5, 
2016/9/13,14:00,0.0, ,77500, ,33.74, ,0.00, ,45.6, 
2016/9/13,15:00,0.0, ,77610, ,30.68, ,0.00, ,45.6, 
2016/9/13,16:00,0.0, ,77690, ,30.70, ,0.00, ,45.7, 
2016/9/13,17:00,0.0, ,77800, ,29.01, ,0.00, ,45.8, 
2016/9/13,18:00,0.0, ,77910, ,25.77, ,0.00, ,45.9, 
2016/9/13,19:00,0.0, ,77980, ,24.58, ,0.00, ,45.9, 
2016/9/13,20:00,0.1, ,78060, ,24.76, ,0.00, ,46.0, 
2016/9/13,21:00,0.0, ,78170, ,24.78, ,0.00, ,46.0, 
2016/9/13,22:00,0.1, ,78240, ,22.73, ,2.70, ,46.1, 
2016/9/13,23:00,2.0, ,78240, ,21.70, ,18.60, ,46.1, 
2016/9/13,24:00,0.5, ,78280, ,26.65, ,18.20, ,46.1, 
2016/9/14,01:00,0.0, ,78280, ,20.64, ,19.40, ,46.1, 
2016/9/14,02:00,0.0, ,78280, ,19.80, ,19.20, ,46.1, 
2016/9/14,03:00,0.0, ,78280, ,19.80, ,19.40, ,46.1, 
2016/9/14,04:00,0.5, ,78280, ,19.80, ,20.60, ,46.1, 
2016/9/14,05:00,0.6, ,78280, ,19.79, ,19.80, ,46.1, 
2016/9/14,06:00,0.0, ,78350, ,20.62, ,0.00, ,46.1, 
2016/9/14,07:00,0.0, ,78470, ,23.62, ,0.00, ,46.2, 
2016/9/14,08:00,1.7, ,78540, ,24.32, ,0.00, ,46.3, 
2016/9/14,09:00,1.3, ,78610, ,24.85, ,0.00, ,46.3, 
2016/9/14,10:00,5.7, ,78730, ,21.76, ,0.00, ,46.4, 
2016/9/14,11:00,0.5, ,78800, ,33.69, ,0.00, ,46.5, 
2016/9/14,12:00,2.6, ,78910, ,23.17, ,0.00, ,46.5, 
2016/9/14,13:00,0.2, ,79030, ,30.62, ,0.00, ,46.6, 
2016/9/14,14:00,0.1, ,79100, ,28.22, ,0.00, ,46.7, 
2016/9/14,15:00,0.7, ,79250, ,30.84, ,0.00, ,46.8, 
2016/9/14,16:00,0.3, ,79360, ,33.48, ,0.00, ,46.8, 
2016/9/14,17:00,0.2, ,79480, ,35.44, ,0.00, ,46.9, 
2016/9/14,18:00,0.0, ,79630, ,34.42, ,0.00, ,47.0, 
2016/9/14,19:00,0.0, ,79740, ,33.40, ,0.00, ,47.1, 
2016/9/14,20:00,0.1, ,79850, ,33.08, ,0.00, ,47.2, 
2016/9/14,21:00,0.0, ,79960, ,30.49, ,0.00, ,47.2, 
2016/9/14,22:00,0.0, ,80080, ,30.51, ,2.50, ,47.3, 
2016/9/14,23:00,0.0, ,80080, ,26.67, ,19.60, ,47.3, 
2016/9/14,24:00,0.0, ,80110, ,26.48, ,19.70, ,47.3, 
2016/9/15,01:00,0.0, ,80110, ,23.36, ,20.00, ,47.3, 
2016/9/15,02:00,0.0, ,80150, ,26.51, ,19.10, ,47.4, 
2016/9/15,03:00,0.0, ,80150, ,23.35, ,20.10, ,47.4, 
2016/9/15,04:00,0.0, ,80150, ,19.67, ,20.40, ,47.4, 
2016/9/15,05:00,1.8, ,80190, ,26.32, ,19.80, ,47.4, 
2016/9/15,06:00,4.3, ,80270, ,23.48, ,0.00, ,47.5, 
2016/9/15,07:00,0.5, ,80380, ,30.56, ,0.00, ,47.5, 
2016/9/15,08:00,0.0, ,80450, ,25.51, ,0.00, ,47.6, 
2016/9/15,09:00,0.1, ,80570, ,27.62, ,0.00, ,47.7, 
2016/9/15,10:00,0.0, ,80680, ,26.06, ,0.00, ,47.7, 
2016/9/15,11:00,0.1, ,80760, ,27.65, ,0.00, ,47.8, 
2016/9/15,12:00,0.0, ,80870, ,26.44, ,0.00, ,47.9, 
2016/9/15,13:00,0.0, ,80950, ,27.15, ,0.00, ,47.9, 
2016/9/15,14:00,0.0, ,81060, ,27.87, ,0.00, ,48.0, 
2016/9/15,15:00,0.0, ,81170, ,26.84, ,0.00, ,48.1, 
2016/9/15,16:00,0.0, ,81250, ,27.03, ,0.00, ,48.1, 
2016/9/15,17:00,0.0, ,81360, ,25.81, ,0.00, ,48.2, 
2016/9/15,18:00,0.0, ,81440, ,26.35, ,0.00, ,48.3, 
2016/9/15,19:00,0.0, ,81510, ,24.08, ,0.00, ,48.3, 
2016/9/15,20:00,0.0, ,81630, ,24.44, ,0.00, ,48.4, 
2016/9/15,21:00,0.0, ,81700, ,24.98, ,0.00, ,48.4, 
2016/9/15,22:00,0.0, ,81780, ,22.71, ,0.00, ,48.5, 
2016/9/15,23:00,0.0, ,81860, ,24.30, ,0.00, ,48.5, 
2016/9/15,24:00,0.0, ,81970, ,24.14, ,0.00, ,48.6, 
2016/9/16,01:00,0.0, ,82050, ,23.27, ,0.00, ,48.7, 
2016/9/16,02:00,0.0, ,82120, ,23.28, ,0.00, ,48.7, 
2016/9/16,03:00,0.0, ,82200, ,22.23, ,0.00, ,48.8, 
2016/9/16,04:00,0.1, ,82280, ,24.00, ,0.00, ,48.8, 
2016/9/16,05:00,0.0, ,82350, ,21.90, ,0.00, ,48.9, 
2016/9/16,06:00,0.0, ,82430, ,22.08, ,0.00, ,48.9, 
2016/9/16,07:00,0.0, ,82540, ,22.45, ,2.30, ,49.0, 
2016/9/16,08:00,0.0, ,82540, ,24.87, ,19.40, ,49.0, 
2016/9/16,09:00,0.0, ,82540, ,19.53, ,20.00, ,49.0, 
2016/9/16,10:00,0.0, ,82540, ,19.54, ,19.80, ,49.0, 
2016/9/16,11:00,0.0, ,82540, ,22.95, ,27.00, ,49.0, 
2016/9/16,12:00,0.0, ,82500, ,16.70, ,26.50, ,49.0, 
2016/9/16,13:00,0.0, ,82540, ,14.89, ,0.00, ,49.0, 
2016/9/16,14:00,0.0, ,82620, ,17.33, ,1.20, ,49.1, 
2016/9/16,15:00,0.0, ,82620, ,22.02, ,19.70, ,49.1, 
2016/9/16,16:00,0.0, ,82620, ,19.52, ,19.90, ,49.1, 
2016/9/16,17:00,0.6, ,82620, ,19.55, ,19.20, ,49.1, 
2016/9/16,18:00,1.6, ,82580, ,20.15, ,24.80, ,49.0, 
2016/9/16,19:00,0.7, ,82540, ,18.02, ,32.30, ,49.0, 
2016/9/16,20:00,0.0, ,82500, ,18.27, ,31.90, ,49.0, 
2016/9/16,21:00,0.3, ,82500, ,19.83, ,19.00, ,49.0, 
2016/9/16,22:00,0.0, ,82500, ,20.91, ,23.00, ,49.0, 
2016/9/16,23:00,0.0, ,82620, ,31.18, ,0.00, ,49.1, 
2016/9/16,24:00,0.0, ,82730, ,25.83, ,0.00, ,49.7, 
2016/9/17,01:00,0.0, ,82810, ,29.38, ,0.00, ,49.8, 
2016/9/17,02:00,0.0, ,82930, ,26.39, ,0.00, ,49.9, 
2016/9/17,03:00,0.0, ,83000, ,27.64, ,0.00, ,49.9, 
2016/9/17,04:00,0.0, ,83120, ,29.60, ,0.00, ,50.0, 
2016/9/17,05:00,0.0, ,83190, ,23.92, ,0.00, ,50.0, 
2016/9/17,06:00,0.0, ,83310, ,24.82, ,0.00, ,50.1, 
2016/9/17,07:00,0.0, ,83380, ,23.59, ,0.00, ,50.2, 
2016/9/17,08:00,0.6, ,83460, ,21.30, ,0.30, ,50.2, 
2016/9/17,09:00,0.6, ,83460, ,25.23, ,23.60, ,50.2, 
2016/9/17,10:00,0.0, ,83380, ,29.54, ,51.70, ,50.2, 
2016/9/17,11:00,0.0, ,83270, ,21.50, ,50.90, ,50.1, 
2016/9/17,12:00,0.0, ,83150, ,19.10, ,51.70, ,50.0, 
2016/9/17,13:00,0.9, ,83040, ,19.67, ,51.70, ,49.9, 
2016/9/17,14:00,0.7, ,82930, ,20.74, ,51.40, ,49.9, 
2016/9/17,15:00,0.0, ,82810, ,17.41, ,51.70, ,49.8, 
2016/9/17,16:00,0.2, ,82700, ,21.71, ,51.70, ,49.7, 
2016/9/17,17:00,1.2, ,82620, ,21.38, ,51.20, ,49.6, 
2016/9/17,18:00,2.0, ,82580, ,18.44, ,23.00, ,49.6, 
2016/9/17,19:00,0.6, ,82580, ,21.43, ,23.40, ,49.6, 
2016/9/17,20:00,0.1, ,82580, ,21.68, ,19.30, ,49.6, 
2016/9/17,21:00,0.8, ,82580, ,20.91, ,23.20, ,49.6, 
2016/9/17,22:00,0.2, ,82580, ,21.67, ,19.80, ,49.6, 
2016/9/17,23:00,0.2, ,82620, ,16.17, ,0.00, ,49.6, 
2016/9/17,24:00,0.6, ,82730, ,25.30, ,0.00, ,50.8, 
2016/9/18,01:00,1.8, ,82850, ,25.67, ,0.00, ,50.9, 
2016/9/18,02:00,5.7, ,82960, ,29.23, ,0.00, ,51.0, 
2016/9/18,03:00,1.9, ,83080, ,36.16, ,0.00, ,51.1, 
2016/9/18,04:00,3.1, ,83190, ,31.18, ,0.00, ,51.1, 
2016/9/18,05:00,0.4, ,83310, ,30.66, ,0.00, ,51.2, 
2016/9/18,06:00,0.8, ,83420, ,30.51, ,1.60, ,51.3, 
2016/9/18,07:00,0.3, ,83460, ,31.50, ,22.80, ,51.3, 
2016/9/18,08:00,0.0, ,83420, ,43.76, ,50.10, ,51.3, 
2016/9/18,09:00,0.3, ,83380, ,37.52, ,51.40, ,51.3, 
2016/9/18,10:00,0.0, ,83310, ,32.04, ,51.10, ,51.2, 
2016/9/18,11:00,0.0, ,83230, ,32.76, ,51.50, ,51.2, 
2016/9/18,12:00,0.0, ,83150, ,26.40, ,51.50, ,51.1, 
2016/9/18,13:00,0.3, ,83040, ,29.80, ,50.60, ,51.0, 
2016/9/18,14:00,1.6, ,82960, ,25.74, ,51.20, ,51.0, 
2016/9/18,15:00,8.0, ,82930, ,29.64, ,51.50, ,51.0, 
2016/9/18,16:00,2.8, ,82890, ,42.04, ,51.20, ,50.9, 
2016/9/18,17:00,2.7, ,82850, ,37.96, ,50.70, ,50.9, 
2016/9/18,18:00,0.4, ,83000, ,54.72, ,19.10, ,51.0, 
2016/9/18,19:00,0.0, ,83190, ,74.03, ,22.60, ,51.1, 
2016/9/18,20:00,0.0, ,83350, ,71.41, ,23.10, ,51.2, 
2016/9/18,21:00,0.0, ,83500, ,63.48, ,23.70, ,51.3, 
2016/9/18,22:00,0.0, ,83610, ,56.80, ,19.10, ,51.4, 
2016/9/18,23:00,0.0, ,83810, ,57.23, ,0.00, ,51.6, 
2016/9/18,24:00,0.2, ,84000, ,53.38, ,0.00, ,53.0, 
2016/9/19,01:00,0.9, ,84190, ,51.66, ,0.00, ,53.2, 
2016/9/19,02:00,3.9, ,84420, ,55.65, ,0.00, ,53.3, 
2016/9/19,03:00,1.3, ,84730, ,73.76, ,0.00, ,53.5, 
2016/9/19,04:00,0.3, ,84960, ,71.91, ,0.00, ,53.7, 
2016/9/19,05:00,0.0, ,85160, ,65.93, ,0.00, ,53.8, 
2016/9/19,06:00,0.5, ,85390, ,59.56, ,0.00, ,54.0, 
2016/9/19,07:00,0.0, ,85580, ,57.48, ,0.00, ,54.1, 
2016/9/19,08:00,3.3, ,85780, ,55.21, ,0.00, ,54.2, 
2016/9/19,09:00,0.8, ,85970, ,53.83, ,0.00, ,54.4, 
2016/9/19,10:00,0.1, ,86170, ,51.19, ,0.00, ,54.5, 
2016/9/19,11:00,1.2, ,86360, ,52.15, ,0.00, ,54.6, 
2016/9/19,12:00,0.0, ,86520, ,50.76, ,0.00, ,54.7, 
2016/9/19,13:00,0.1, ,86680, ,48.28, ,0.00, ,54.9, 
2016/9/19,14:00,0.0, ,86870, ,49.42, ,0.00, ,55.0, 
2016/9/19,15:00,0.7, ,87070, ,50.04, ,0.00, ,55.1, 
2016/9/19,16:00,1.9, ,87220, ,49.22, ,0.00, ,55.2, 
2016/9/19,17:00,1.6, ,87420, ,48.72, ,0.00, ,55.4, 
2016/9/19,18:00,0.8, ,87580, ,47.31, ,0.00, ,55.5, 
2016/9/19,19:00,0.8, ,87730, ,48.08, ,0.00, ,55.6, 
2016/9/19,20:00,0.0, ,87890, ,46.11, ,0.00, ,55.7, 
2016/9/19,21:00,0.0, ,88090, ,45.79, ,0.00, ,55.8, 
2016/9/19,22:00,0.0, ,88250, ,48.20, ,0.00, ,55.9, 
2016/9/19,23:00,0.0, ,88440, ,51.72, ,0.00, ,56.1, 
2016/9/19,24:00,0.0, ,88640, ,50.12, ,0.00, ,56.0, 
2016/9/20,01:00,0.0, ,88800, ,51.27, ,0.00, ,56.1, 
2016/9/20,02:00,2.2, ,89000, ,50.03, ,0.00, ,56.2, 
2016/9/20,03:00,4.0, ,89160, ,50.81, ,0.00, ,56.3, 
2016/9/20,04:00,11.5, ,89400, ,55.08, ,0.00, ,56.5, 
2016/9/20,05:00,10.8, ,89590, ,59.00, ,0.00, ,56.6, 
2016/9/20,06:00,15.0, ,89910, ,74.53, ,0.00, ,56.8, 
2016/9/20,07:00,18.9, ,90590, ,127.60, ,0.00, ,57.3, 
2016/9/20,08:00,15.0, ,92150, ,294.26, ,0.00, ,58.3, 
2016/9/20,09:00,11.0, ,94790, ,592.96, ,0.00, ,60.1, 
2016/9/20,10:00,19.8, ,97830, ,803.25, ,2.30, ,62.2, 
2016/9/20,11:00,11.7, ,101270, ,909.43, ,29.40, ,64.6, 
2016/9/20,12:00,3.6, ,104840, ,1037.56, ,57.20, ,67.0, 
2016/9/20,13:00,1.3, ,107880, ,994.64, ,46.90, ,69.0, 
2016/9/20,14:00,0.4, ,110420, ,799.18, ,0.00, ,70.8, 
2016/9/20,15:00,0.1, ,112410, ,614.93, ,0.00, ,72.1, 
2016/9/20,16:00,0.0, ,114160, ,514.13, ,0.00, ,73.3, 
2016/9/20,17:00,0.1, ,115600, ,434.39, ,0.00, ,74.3, 
2016/9/20,18:00,0.0, ,116870, ,381.21, ,0.00, ,75.2, 
2016/9/20,19:00,0.1, ,118060, ,345.63, ,0.00, ,76.0, 
2016/9/20,20:00,0.1, ,119120, ,307.93, ,0.00, ,76.7, 
2016/9/20,21:00,0.0, ,120080, ,276.22, ,0.00, ,77.3, 
2016/9/20,22:00,0.0, ,120960, ,253.29, ,0.00, ,77.9, 
2016/9/20,23:00,0.1, ,121780, ,235.77, ,0.00, ,78.5, 
2016/9/20,24:00,0.0, ,122520, ,217.60, ,0.00, ,79.1, 
2016/9/21,01:00,0.0, ,123210, ,203.35, ,0.00, ,79.5, 
2016/9/21,02:00,0.0, ,123910, ,194.32, ,0.00, ,80.0, 
2016/9/21,03:00,0.0, ,124560, ,186.50, ,0.00, ,80.4, 
2016/9/21,04:00,0.0, ,125210, ,178.82, ,0.00, ,80.9, 
2016/9/21,05:00,0.0, ,125820, ,171.07, ,0.00, ,81.3, 
2016/9/21,06:00,0.0, ,126380, ,161.98, ,0.00, ,81.7, 
2016/9/21,07:00,0.0, ,126940, ,157.57, ,0.00, ,82.1, 
2016/9/21,08:00,0.0, ,127460, ,147.35, ,0.00, ,82.4, 
2016/9/21,09:00,0.0, ,127930, ,141.20, ,0.00, ,82.7, 
2016/9/21,10:00,0.0, ,128400, ,133.46, ,0.00, ,83.1, 
2016/9/21,11:00,0.0, ,128880, ,126.98, ,0.00, ,83.4, 
2016/9/21,12:00,0.0, ,129300, ,122.44, ,0.00, ,83.7, 
2016/9/21,13:00,0.0, ,129680, ,116.76, ,0.00, ,83.9, 
2016/9/21,14:00,0.0, ,130110, ,111.70, ,0.00, ,84.2, 
2016/9/21,15:00,0.0, ,130450, ,104.63, ,0.00, ,84.5, 
2016/9/21,16:00,0.0, ,130830, ,100.24, ,0.00, ,84.7, 
2016/9/21,17:00,0.0, ,131170, ,96.66, ,0.00, ,84.9, 
2016/9/21,18:00,0.0, ,131500, ,93.47, ,0.00, ,85.2, 
2016/9/21,19:00,0.0, ,131790, ,85.16, ,0.00, ,85.4, 
2016/9/21,20:00,0.0, ,132030, ,76.80, ,0.00, ,85.5, 
2016/9/21,21:00,0.0, ,132270, ,70.43, ,0.00, ,85.7, 
2016/9/21,22:00,0.0, ,132510, ,68.94, ,0.00, ,85.9, 
2016/9/21,23:00,0.0, ,132750, ,66.56, ,0.00, ,86.0, 
2016/9/21,24:00,0.0, ,133000, ,66.18, ,0.00, ,85.9, 
2016/9/22,01:00,0.0, ,133240, ,62.67, ,0.00, ,86.1, 
2016/9/22,02:00,0.1, ,133430, ,62.28, ,0.00, ,86.2, 
2016/9/22,03:00,0.0, ,133670, ,61.89, ,0.00, ,86.4, 
2016/9/22,04:00,0.0, ,133870, ,58.80, ,0.00, ,86.5, 
2016/9/22,05:00,0.0, ,134110, ,58.86, ,0.00, ,86.7, 
2016/9/22,06:00,0.1, ,134300, ,56.66, ,0.00, ,86.8, 
2016/9/22,07:00,0.7, ,134500, ,57.16, ,0.00, ,87.0, 
2016/9/22,08:00,7.5, ,134690, ,53.15, ,0.00, ,87.1, 
2016/9/22,09:00,4.6, ,134940, ,62.67, ,0.00, ,87.3, 
2016/9/22,10:00,1.2, ,135130, ,60.92, ,0.00, ,87.4, 
2016/9/22,11:00,2.1, ,135380, ,63.48, ,0.00, ,87.6, 
2016/9/22,12:00,0.7, ,135620, ,68.11, ,0.00, ,87.7, 
2016/9/22,13:00,0.0, ,135870, ,69.08, ,0.00, ,87.9, 
2016/9/22,14:00,0.0, ,136110, ,70.28, ,0.00, ,88.1, 
2016/9/22,15:00,0.0, ,136360, ,67.85, ,0.00, ,88.2, 
2016/9/22,16:00,0.0, ,136600, ,64.96, ,0.00, ,88.4, 
2016/9/22,17:00,3.4, ,136800, ,61.15, ,0.00, ,88.5, 
2016/9/22,18:00,4.6, ,137040, ,58.93, ,0.00, ,88.7, 
2016/9/22,19:00,0.4, ,137240, ,60.57, ,0.00, ,88.8, 
2016/9/22,20:00,0.0, ,137540, ,70.19, ,0.00, ,89.0, 
2016/9/22,21:00,0.0, ,137780, ,68.89, ,0.00, ,89.2, 
2016/9/22,22:00,0.1, ,137980, ,65.52, ,0.00, ,89.3, 
2016/9/22,23:00,0.0, ,138230, ,61.70, ,0.00, ,89.5, 
2016/9/22,24:00,0.0, ,138420, ,61.29, ,0.00, ,89.4, 
2016/9/23,01:00,0.0, ,138620, ,57.45, ,0.00, ,89.5, 
2016/9/23,02:00,0.0, ,138820, ,57.72, ,0.00, ,89.7, 
2016/9/23,03:00,0.0, ,139020, ,54.09, ,0.00, ,89.8, 
2016/9/23,04:00,0.0, ,139220, ,53.90, ,0.00, ,90.0, 
2016/9/23,05:00,0.0, ,139410, ,52.33, ,0.00, ,90.1, 
2016/9/23,06:00,0.0, ,139560, ,51.91, ,0.00, ,90.2, 
2016/9/23,07:00,0.0, ,139760, ,51.72, ,0.00, ,90.3, 
2016/9/23,08:00,0.0, ,139960, ,46.69, ,0.00, ,90.5, 
2016/9/23,09:00,0.0, ,140110, ,50.86, ,0.00, ,90.6, 
2016/9/23,10:00,0.0, ,140310, ,49.48, ,0.00, ,90.7, 
2016/9/23,11:00,0.0, ,140460, ,46.69, ,0.00, ,90.8, 
2016/9/23,12:00,0.0, ,140660, ,46.95, ,0.00, ,90.9, 
2016/9/23,13:00,0.0, ,140810, ,46.76, ,0.00, ,91.0, 
2016/9/23,14:00,0.0, ,140960, ,46.33, ,0.00, ,91.1, 
2016/9/23,15:00,0.0, ,141110, ,43.37, ,0.00, ,91.2, 
2016/9/23,16:00,0.0, ,141300, ,46.63, ,0.00, ,91.4, 
2016/9/23,17:00,0.0, ,141450, ,42.50, ,0.00, ,91.5, 
2016/9/23,18:00,0.0, ,141600, ,44.85, ,0.00, ,91.6, 
2016/9/23,19:00,0.0, ,141750, ,42.10, ,0.00, ,91.7, 
2016/9/23,20:00,0.0, ,141900, ,42.82, ,0.00, ,91.8, 
2016/9/23,21:00,0.0, ,142050, ,41.23, ,0.00, ,91.9, 
2016/9/23,22:00,0.0, ,142200, ,41.72, ,0.00, ,92.0, 
2016/9/23,23:00,0.0, ,142360, ,40.13, ,0.00, ,92.1, 
2016/9/23,24:00,0.0, ,142510, ,40.38, ,0.00, ,92.0, 
2016/9/24,01:00,0.0, ,142660, ,39.71, ,0.00, ,92.1, 
2016/9/24,02:00,0.0, ,142760, ,39.74, ,0.00, ,92.1, 
2016/9/24,03:00,0.0, ,142910, ,38.37, ,0.00, ,92.3, 
2016/9/24,04:00,0.0, ,143060, ,40.48, ,0.00, ,92.4, 
2016/9/24,05:00,0.0, ,143210, ,36.55, ,0.00, ,92.5, 
2016/9/24,06:00,0.0, ,143310, ,39.60, ,0.00, ,92.5, 
2016/9/24,07:00,0.0, ,143460, ,35.90, ,0.00, ,92.6, 
2016/9/24,08:00,0.0, ,143610, ,37.55, ,0.00, ,92.7, 
2016/9/24,09:00,0.0, ,143710, ,37.80, ,0.00, ,92.8, 
2016/9/24,10:00,0.0, ,143860, ,33.62, ,0.00, ,92.9, 
2016/9/24,11:00,0.0, ,143970, ,37.38, ,0.00, ,93.0, 
2016/9/24,12:00,0.0, ,144120, ,36.70, ,0.00, ,93.1, 
2016/9/24,13:00,0.0, ,144270, ,36.95, ,0.00, ,93.2, 
2016/9/24,14:00,0.0, ,144370, ,37.91, ,0.00, ,93.2, 
2016/9/24,15:00,0.0, ,144470, ,32.55, ,0.00, ,93.3, 
2016/9/24,16:00,0.0, ,144620, ,34.91, ,0.00, ,93.4, 
2016/9/24,17:00,0.0, ,144770, ,34.93, ,0.00, ,93.5, 
2016/9/24,18:00,0.0, ,144880, ,34.24, ,0.00, ,93.6, 
2016/9/24,19:00,0.0, ,144980, ,31.21, ,0.00, ,93.7, 
2016/9/24,20:00,0.0, ,145080, ,34.04, ,0.00, ,93.7, 
2016/9/24,21:00,0.0, ,145230, ,35.47, ,0.00, ,93.8, 
2016/9/24,22:00,0.0, ,145330, ,33.66, ,0.00, ,93.9, 
2016/9/24,23:00,0.0, ,145490, ,33.69, ,0.00, ,94.0, 
2016/9/24,24:00,0.0, ,145590, ,31.34, ,0.00, ,93.9, 
2016/9/25,01:00,0.0, ,145690, ,32.77, ,0.00, ,93.9, 
2016/9/25,02:00,0.0, ,145840, ,33.73, ,0.00, ,94.0, 
2016/9/25,03:00,0.0, ,145940, ,30.91, ,0.00, ,94.1, 
2016/9/25,04:00,0.4, ,146050, ,32.34, ,0.00, ,94.2, 
2016/9/25,05:00,0.0, ,146150, ,31.88, ,0.00, ,94.3, 
2016/9/25,06:00,0.3, ,146300, ,32.36, ,0.00, ,94.4, 
2016/9/25,07:00,0.4, ,146400, ,34.03, ,0.00, ,94.4, 
2016/9/25,08:00,0.1, ,146510, ,30.50, ,0.00, ,94.5, 
2016/9/25,09:00,1.4, ,146660, ,31.69, ,0.00, ,94.6, 
2016/9/25,10:00,3.2, ,146760, ,37.15, ,0.00, ,94.7, 
2016/9/25,11:00,1.0, ,146910, ,35.27, ,0.00, ,94.8, 
2016/9/25,12:00,0.8, ,147020, ,34.81, ,0.00, ,94.8, 
2016/9/25,13:00,0.1, ,147120, ,32.46, ,0.00, ,94.9, 
2016/9/25,14:00,0.6, ,147270, ,34.84, ,0.00, ,95.0, 
2016/9/25,15:00,1.3, ,147370, ,33.91, ,0.00, ,95.1, 
2016/9/25,16:00,0.3, ,147480, ,32.97, ,0.00, ,95.2, 
2016/9/25,17:00,0.0, ,147630, ,36.07, ,0.00, ,95.3, 
2016/9/25,18:00,0.0, ,147730, ,33.72, ,0.00, ,95.3, 
2016/9/25,19:00,0.0, ,147890, ,34.92, ,0.00, ,95.4, 
2016/9/25,20:00,0.0, ,147990, ,32.32, ,0.00, ,95.5, 
2016/9/25,21:00,0.5, ,148140, ,33.04, ,0.00, ,95.6, 
2016/9/25,22:00,1.7, ,148250, ,39.72, ,0.00, ,95.7, 
2016/9/25,23:00,1.3, ,148400, ,40.69, ,0.00, ,95.8, 
2016/9/25,24:00,3.4, ,148560, ,35.23, ,0.00, ,95.7, 
2016/9/26,01:00,7.3, ,148710, ,47.16, ,0.00, ,95.8, 
2016/9/26,02:00,5.8, ,149070, ,81.52, ,0.00, ,96.0, 
2016/9/26,03:00,1.3, ,149380, ,85.90, ,0.00, ,96.3, 
2016/9/26,04:00,1.0, ,149640, ,78.58, ,0.00, ,96.4, 
2016/9/26,05:00,1.7, ,149950, ,76.26, ,0.00, ,96.6, 
2016/9/26,06:00,4.9, ,150210, ,76.09, ,0.00, ,96.8, 
2016/9/26,07:00,9.2, ,150570, ,84.27, ,0.00, ,97.1, 
2016/9/26,08:00,3.3, ,151030, ,121.39, ,0.00, ,97.4, 
2016/9/26,09:00,1.1, ,151660, ,150.17, ,0.00, ,97.8, 
2016/9/26,10:00,1.0, ,152280, ,168.55, ,0.00, ,98.2, 
2016/9/26,11:00,1.4, ,152800, ,161.73, ,0.00, ,98.6, 
2016/9/26,12:00,0.8, ,153320, ,149.53, ,0.00, ,98.9, 
2016/9/26,13:00,1.3, ,153740, ,130.47, ,0.00, ,99.2, 
2016/9/26,14:00,0.9, ,154160, ,120.28, ,0.00, ,99.5, 
2016/9/26,15:00,0.1, ,154580, ,109.31, ,0.00, ,99.8, 
2016/9/26,16:00,0.0, ,154950, ,103.88, ,0.00, ,100.0, 
2016/9/26,17:00,0.0, ,155270, ,99.65, ,0.00, ,100.0, 
2016/9/26,18:00,0.0, ,155640, ,99.07, ,0.00, ,100.0, 
2016/9/26,19:00,0.0, ,156060, ,103.25, ,0.00, ,100.0, 
2016/9/26,20:00,0.1, ,156380, ,105.13, ,0.00, ,100.0, 
2016/9/26,21:00,0.1, ,156750, ,99.86, ,0.00, ,100.0, 
2016/9/26,22:00,0.1, ,157120, ,98.25, ,0.00, ,100.0, 
2016/9/26,23:00,0.0, ,157440, ,94.67, ,0.00, ,100.0, 
2016/9/26,24:00,0.0, ,157760, ,89.61, ,0.00, ,100.0, 
2016/9/27,01:00,0.0, ,158020, ,84.52, ,0.00, ,100.0, 
2016/9/27,02:00,0.0, ,158340, ,82.63, ,0.00, ,100.0, 
2016/9/27,03:00,0.0, ,158610, ,79.74, ,0.00, ,100.0, 
2016/9/27,04:00,0.0, ,158880, ,76.85, ,0.00, ,100.0, 
2016/9/27,05:00,0.0, ,159140, ,76.42, ,0.00, ,100.0, 
2016/9/27,06:00,0.0, ,159410, ,74.75, ,0.00, ,100.0, 
2016/9/27,07:00,0.0, ,159680, ,72.83, ,0.00, ,100.0, 
2016/9/27,08:00,0.1, ,159950, ,69.67, ,0.00, ,100.0, 
2016/9/27,09:00,0.3, ,160160, ,68.48, ,0.00, ,100.0, 
2016/9/27,10:00,0.0, ,160430, ,67.04, ,0.00, ,100.0, 
2016/9/27,11:00,0.6, ,160650, ,63.12, ,0.00, ,100.0, 
2016/9/27,12:00,0.0, ,160860, ,61.42, ,0.00, ,100.0, 
2016/9/27,13:00,0.1, ,161070, ,62.40, ,0.00, ,100.0, 
2016/9/27,14:00,0.0, ,161340, ,63.64, ,0.00, ,100.0, 
2016/9/27,15:00,0.2, ,161500, ,61.21, ,3.60, ,100.0, 
2016/9/27,16:00,0.3, ,161670, ,60.85, ,31.00, ,100.0, 
2016/9/27,17:00,1.2, ,161670, ,62.38, ,56.20, ,100.0, 
2016/9/27,18:00,0.3, ,161670, ,59.18, ,62.30, ,100.0, 
2016/9/27,19:00,0.3, ,161670, ,62.20, ,50.10, ,100.0, 
2016/9/27,20:00,5.1, ,161880, ,63.68, ,0.00, ,100.0, 
2016/9/27,21:00,9.8, ,162100, ,56.85, ,0.00, ,100.0, 
2016/9/27,22:00,6.3, ,162310, ,63.64, ,0.00, ,100.0, 
2016/9/27,23:00,5.9, ,162740, ,79.94, ,0.00, ,100.0, 
2016/9/27,24:00,7.4, ,163390, ,152.13, ,0.00, ,100.0, 
2016/9/28,01:00,10.1, ,164210, ,202.40, ,0.00, ,100.0, 
2016/9/28,02:00,10.5, ,165300, ,258.64, ,0.00, ,100.0, 
2016/9/28,03:00,11.6, ,166940, ,359.06, ,0.00, ,100.0, 
2016/9/28,04:00,3.2, ,169480, ,623.61, ,0.00, ,100.0, 
2016/9/28,05:00,0.6, ,171310, ,609.06, ,0.00, ,100.0, 
2016/9/28,06:00,0.6, ,172700, ,439.33, ,3.30, ,100.0, 
2016/9/28,07:00,0.3, ,173770, ,352.55, ,31.40, ,100.0, 
2016/9/28,08:00,0.0, ,174560, ,307.36, ,57.40, ,100.0, 
2016/9/28,09:00,0.0, ,175230, ,254.00, ,60.00, ,100.0, 
2016/9/28,10:00,0.0, ,175740, ,225.79, ,60.00, ,100.0, 
2016/9/28,11:00,0.0, ,176250, ,209.23, ,60.20, ,100.0, 
2016/9/28,12:00,0.0, ,176760, ,196.07, ,60.50, ,100.0, 
2016/9/28,13:00,0.1, ,177160, ,183.34, ,60.10, ,100.0, 
2016/9/28,14:00,0.6, ,177550, ,169.26, ,59.80, ,100.0, 
2016/9/28,15:00,0.0, ,177890, ,160.30, ,59.90, ,100.0, 
2016/9/28,16:00,0.0, ,178240, ,160.14, ,59.90, ,100.0, 
2016/9/28,17:00,0.2, ,178580, ,156.23, ,59.80, ,100.0, 
2016/9/28,18:00,0.0, ,178920, ,151.81, ,59.70, ,100.0, 
2016/9/28,19:00,0.5, ,179200, ,142.61, ,59.70, ,100.0, 
2016/9/28,20:00,0.0, ,179430, ,127.85, ,59.50, ,100.0, 
2016/9/28,21:00,0.0, ,179660, ,122.32, ,59.60, ,100.0, 
2016/9/28,22:00,2.4, ,179830, ,120.25, ,59.60, ,100.0, 
2016/9/28,23:00,0.2, ,180060, ,117.33, ,59.90, ,100.0, 
2016/9/28,24:00,3.8, ,180230, ,109.92, ,59.70, ,100.0, 
2016/9/29,01:00,4.2, ,180460, ,114.68, ,59.40, ,100.0, 
2016/9/29,02:00,4.7, ,180640, ,118.94, ,59.20, ,100.0, 
2016/9/29,03:00,5.2, ,181040, ,143.41, ,59.50, ,100.0, 
2016/9/29,04:00,2.5, ,181500, ,170.34, ,59.10, ,100.0, 
2016/9/29,05:00,0.9, ,181900, ,178.41, ,59.20, ,100.0, 
2016/9/29,06:00,0.9, ,182360, ,186.48, ,59.50, ,100.0, 
2016/9/29,07:00,0.6, ,182770, ,177.80, ,59.20, ,100.0, 
2016/9/29,08:00,0.5, ,183170, ,168.84, ,59.10, ,100.0, 
2016/9/29,09:00,0.1, ,183460, ,159.06, ,58.90, ,100.0, 
2016/9/29,10:00,0.0, ,183810, ,150.83, ,59.00, ,100.0, 
2016/9/29,11:00,0.0, ,184100, ,142.02, ,59.30, ,100.0, 
2016/9/29,12:00,0.0, ,184330, ,138.86, ,59.00, ,100.0, 
2016/9/29,13:00,0.1, ,184620, ,130.82, ,59.00, ,100.0, 
2016/9/29,14:00,0.1, ,184850, ,126.83, ,58.70, ,100.0, 
2016/9/29,15:00,0.0, ,185090, ,126.97, ,58.70, ,100.0, 
2016/9/29,16:00,0.0, ,185320, ,117.30, ,58.80, ,100.0, 
2016/9/29,17:00,0.5, ,185500, ,116.29, ,58.70, ,100.0, 
2016/9/29,18:00,0.2, ,185670, ,111.97, ,58.50, ,100.0, 
2016/9/29,19:00,0.0, ,185850, ,109.54, ,58.50, ,100.0, 
2016/9/29,20:00,0.1, ,186020, ,106.02, ,58.80, ,100.0, 
2016/9/29,21:00,0.3, ,186200, ,103.85, ,58.60, ,100.0, 
2016/9/29,22:00,0.0, ,186310, ,104.08, ,58.70, ,100.0, 
2016/9/29,23:00,0.0, ,186490, ,96.52, ,58.40, ,100.0, 
2016/9/29,24:00,0.0, ,186600, ,93.77, ,58.80, ,100.0, 
2016/9/30,01:00,0.0, ,186720, ,92.47, ,58.70, ,100.0, 
2016/9/30,02:00,0.0, ,186780, ,85.09, ,58.40, ,100.0, 
2016/9/30,03:00,0.0, ,186900, ,82.92, ,58.30, ,100.0, 
2016/9/30,04:00,0.0, ,186960, ,83.53, ,58.40, ,100.0, 
2016/9/30,05:00,0.0, ,187070, ,81.60, ,59.10, ,100.0, 
2016/9/30,06:00,0.0, ,187130, ,82.68, ,58.40, ,100.0, 
2016/9/30,07:00,0.0, ,187250, ,84.29, ,58.40, ,100.0, 
2016/9/30,08:00,0.0, ,187310, ,82.10, ,58.60, ,100.0, 
2016/9/30,09:00,0.0, ,187370, ,79.38, ,58.40, ,100.0, 
2016/9/30,10:00,0.0, ,187420, ,71.76, ,58.60, ,100.0, 
2016/9/30,11:00,0.3, ,187480, ,78.57, ,58.50, ,100.0, 
2016/9/30,12:00,0.7, ,187540, ,71.26, ,58.70, ,100.0, 
2016/9/30,13:00,1.1, ,187600, ,69.09, ,58.20, ,100.0, 
2016/9/30,14:00,0.4, ,187600, ,71.54, ,58.40, ,100.0, 
2016/9/30,15:00,0.1, ,187660, ,74.23, ,58.40, ,100.0, 
2016/9/30,16:00,0.3, ,187720, ,71.51, ,58.30, ,100.0, 
2016/9/30,17:00,0.6, ,187780, ,70.94, ,58.40, ,100.0, 
2016/9/30,18:00,0.3, ,187830, ,69.02, ,58.60, ,100.0, 
2016/9/30,19:00,0.4, ,187830, ,71.73, ,58.20, ,100.0, 
2016/9/30,20:00,0.2, ,187890, ,71.73, ,58.30, ,100.0, 
2016/9/30,21:00,0.0, ,187890, ,61.39, ,58.70, ,100.0, 
2016/9/30,22:00,0.0, ,187950, ,72.84, ,58.50, ,100.0, 
2016/9/30,23:00,1.7, ,187950, ,60.33, ,58.30, ,100.0, 
2016/9/30,24:00,4.0, ,188010, ,73.39, ,58.30, ,100.0, 
