îCà”ä˙ä‘É_ÉÄèîó åüçıåãâ 
êÖånñº,ãgñÏêÏ
âÕêÏñº,ãgñÏêÏ
äœë™èäñº,ëÅñæâYÉ_ÉÄÅiã@ç\Åj
äœë™èäãLçÜ,1368080700010
#
#îNåéì˙,éûçè,ó¨àÊïΩãœâJó ,ó¨àÊïΩãœâJó ëÆê´,íôêÖó ,íôêÖó ëÆê´,ó¨ì¸ó ,ó¨ì¸ó ëÆê´,ï˙ó¨ó ,ï˙ó¨ó ëÆê´,íôêÖó¶,íôêÖó¶ëÆê´
#ëÆê´Å@$:åáë™ -:ñ¢éÛêM
#
2014/9/1,01:00,0.0, ,176700, ,20.35, ,18.50, ,100.0, 
2014/9/1,02:00,0.0, ,176650, ,15.43, ,18.50, ,100.0, 
2014/9/1,03:00,0.0, ,176650, ,5.96, ,18.90, ,100.0, 
2014/9/1,04:00,0.0, ,176650, ,9.36, ,0.00, ,100.0, 
2014/9/1,05:00,0.0, ,176700, ,4.46, ,0.00, ,100.0, 
2014/9/1,06:00,0.0, ,176760, ,14.17, ,0.00, ,100.0, 
2014/9/1,07:00,0.3, ,176820, ,16.27, ,0.00, ,100.0, 
2014/9/1,08:00,1.5, ,176820, ,12.34, ,3.00, ,100.0, 
2014/9/1,09:00,1.4, ,176820, ,14.41, ,30.80, ,100.0, 
2014/9/1,10:00,0.7, ,176700, ,32.78, ,57.00, ,100.0, 
2014/9/1,11:00,2.5, ,176590, ,25.83, ,59.90, ,100.0, 
2014/9/1,12:00,2.3, ,176480, ,31.52, ,60.00, ,100.0, 
2014/9/1,13:00,0.1, ,176360, ,19.98, ,60.20, ,100.0, 
2014/9/1,14:00,0.0, ,176250, ,27.64, ,60.10, ,100.0, 
2014/9/1,15:00,0.0, ,176080, ,18.15, ,60.10, ,100.0, 
2014/9/1,16:00,0.2, ,175970, ,30.21, ,60.10, ,100.0, 
2014/9/1,17:00,0.0, ,175850, ,22.93, ,59.90, ,100.0, 
2014/9/1,18:00,0.0, ,175740, ,26.14, ,60.50, ,100.0, 
2014/9/1,19:00,0.0, ,175570, ,23.61, ,60.30, ,100.0, 
2014/9/1,20:00,0.0, ,175460, ,22.64, ,60.40, ,100.0, 
2014/9/1,21:00,0.0, ,175350, ,23.98, ,52.60, ,100.0, 
2014/9/1,22:00,0.0, ,175290, ,20.86, ,28.50, ,100.0, 
2014/9/1,23:00,0.0, ,175290, ,21.44, ,21.40, ,100.0, 
2014/9/1,24:00,0.0, ,175290, ,21.49, ,21.40, ,100.0, 
2014/9/2,01:00,0.0, ,175290, ,21.52, ,21.30, ,100.0, 
2014/9/2,02:00,0.0, ,175230, ,18.28, ,18.50, ,100.0, 
2014/9/2,03:00,0.0, ,175230, ,5.05, ,18.80, ,100.0, 
2014/9/2,04:00,0.0, ,175230, ,18.68, ,18.80, ,100.0, 
2014/9/2,05:00,0.0, ,175180, ,11.09, ,18.80, ,100.0, 
2014/9/2,06:00,0.0, ,175180, ,10.57, ,18.60, ,100.0, 
2014/9/2,07:00,0.0, ,175180, ,9.40, ,0.00, ,100.0, 
2014/9/2,08:00,0.0, ,175180, ,0.00, ,3.20, ,100.0, 
2014/9/2,09:00,0.0, ,175180, ,14.49, ,31.10, ,100.0, 
2014/9/2,10:00,0.0, ,175060, ,29.93, ,57.50, ,100.0, 
2014/9/2,11:00,0.0, ,174890, ,22.52, ,60.40, ,100.0, 
2014/9/2,12:00,0.0, ,174780, ,21.50, ,60.30, ,100.0, 
2014/9/2,13:00,0.0, ,174670, ,21.82, ,60.10, ,100.0, 
2014/9/2,14:00,0.0, ,174500, ,22.08, ,60.50, ,100.0, 
2014/9/2,15:00,0.0, ,174390, ,19.49, ,60.40, ,100.0, 
2014/9/2,16:00,0.0, ,174220, ,22.66, ,60.40, ,100.0, 
2014/9/2,17:00,0.0, ,174110, ,20.03, ,60.30, ,100.0, 
2014/9/2,18:00,0.6, ,173940, ,17.96, ,60.30, ,100.0, 
2014/9/2,19:00,0.6, ,173770, ,22.97, ,60.40, ,100.0, 
2014/9/2,20:00,0.0, ,173660, ,21.13, ,60.60, ,100.0, 
2014/9/2,21:00,0.0, ,173540, ,21.54, ,52.60, ,100.0, 
2014/9/2,22:00,0.0, ,173490, ,20.42, ,28.70, ,100.0, 
2014/9/2,23:00,0.0, ,173490, ,22.39, ,21.60, ,100.0, 
2014/9/2,24:00,0.0, ,173430, ,18.22, ,21.70, ,100.0, 
2014/9/3,01:00,0.0, ,173490, ,4.77, ,0.00, ,100.0, 
2014/9/3,02:00,0.5, ,173540, ,12.46, ,0.00, ,100.0, 
2014/9/3,03:00,0.0, ,173540, ,15.32, ,0.00, ,100.0, 
2014/9/3,04:00,0.0, ,173600, ,12.99, ,0.00, ,100.0, 
2014/9/3,05:00,1.4, ,173660, ,16.89, ,0.00, ,100.0, 
2014/9/3,06:00,3.5, ,173770, ,16.11, ,0.00, ,100.0, 
2014/9/3,07:00,0.5, ,173770, ,16.38, ,0.00, ,100.0, 
2014/9/3,08:00,0.0, ,173830, ,14.30, ,3.60, ,100.0, 
2014/9/3,09:00,0.1, ,173830, ,15.86, ,28.80, ,100.0, 
2014/9/3,10:00,0.2, ,173770, ,28.06, ,28.80, ,100.0, 
2014/9/3,11:00,0.1, ,173770, ,14.02, ,29.00, ,100.0, 
2014/9/3,12:00,0.0, ,173710, ,27.99, ,27.30, ,100.0, 
2014/9/3,13:00,0.2, ,173770, ,4.52, ,3.30, ,100.0, 
2014/9/3,14:00,0.8, ,173770, ,26.49, ,29.60, ,100.0, 
2014/9/3,15:00,1.5, ,173660, ,31.68, ,52.30, ,100.0, 
2014/9/3,16:00,0.3, ,173660, ,20.19, ,31.50, ,100.0, 
2014/9/3,17:00,0.0, ,173600, ,22.75, ,28.90, ,100.0, 
2014/9/3,18:00,0.0, ,173600, ,21.09, ,29.00, ,100.0, 
2014/9/3,19:00,0.2, ,173540, ,15.36, ,28.80, ,100.0, 
2014/9/3,20:00,5.2, ,173540, ,23.23, ,21.70, ,100.0, 
2014/9/3,21:00,0.5, ,173540, ,22.79, ,24.30, ,100.0, 
2014/9/3,22:00,11.4, ,173660, ,21.39, ,0.00, ,100.0, 
2014/9/3,23:00,10.3, ,173990, ,64.98, ,0.00, ,100.0, 
2014/9/3,24:00,10.8, ,174610, ,128.54, ,0.00, ,100.0, 
2014/9/4,01:00,4.5, ,175290, ,191.06, ,0.00, ,100.0, 
2014/9/4,02:00,4.5, ,175970, ,187.55, ,0.00, ,100.0, 
2014/9/4,03:00,8.6, ,176590, ,179.56, ,0.00, ,100.0, 
2014/9/4,04:00,2.0, ,177210, ,176.25, ,0.00, ,100.0, 
2014/9/4,05:00,1.2, ,177950, ,189.45, ,0.00, ,100.0, 
2014/9/4,06:00,0.0, ,178580, ,184.49, ,3.10, ,100.0, 
2014/9/4,07:00,0.3, ,179030, ,166.29, ,30.70, ,100.0, 
2014/9/4,08:00,0.6, ,179320, ,148.74, ,56.70, ,100.0, 
2014/9/4,09:00,0.0, ,179600, ,135.19, ,59.80, ,100.0, 
2014/9/4,10:00,4.9, ,179890, ,135.68, ,59.60, ,100.0, 
2014/9/4,11:00,2.6, ,180120, ,136.15, ,59.60, ,100.0, 
2014/9/4,12:00,1.2, ,180350, ,123.22, ,59.50, ,100.0, 
2014/9/4,13:00,0.6, ,180580, ,116.62, ,59.60, ,100.0, 
2014/9/4,14:00,0.8, ,180750, ,117.08, ,59.30, ,100.0, 
2014/9/4,15:00,0.2, ,180980, ,123.13, ,59.30, ,100.0, 
2014/9/4,16:00,0.3, ,181210, ,116.81, ,59.40, ,100.0, 
2014/9/4,17:00,0.0, ,181380, ,115.03, ,59.40, ,100.0, 
2014/9/4,18:00,0.4, ,181550, ,104.38, ,59.40, ,100.0, 
2014/9/4,19:00,1.5, ,181670, ,104.99, ,59.50, ,100.0, 
2014/9/4,20:00,0.0, ,181840, ,102.08, ,59.30, ,100.0, 
2014/9/4,21:00,0.0, ,181960, ,94.82, ,59.40, ,100.0, 
2014/9/4,22:00,0.0, ,182070, ,94.02, ,59.40, ,100.0, 
2014/9/4,23:00,0.0, ,182190, ,93.76, ,59.20, ,100.0, 
2014/9/4,24:00,0.2, ,182300, ,89.74, ,59.40, ,100.0, 
2014/9/5,01:00,0.0, ,182420, ,84.14, ,59.40, ,100.0, 
2014/9/5,02:00,0.0, ,182480, ,84.90, ,59.00, ,100.0, 
2014/9/5,03:00,0.0, ,182530, ,79.29, ,59.10, ,100.0, 
2014/9/5,04:00,0.0, ,182590, ,73.92, ,59.40, ,100.0, 
2014/9/5,05:00,0.0, ,182650, ,78.95, ,59.20, ,100.0, 
2014/9/5,06:00,1.9, ,182710, ,73.36, ,59.20, ,100.0, 
2014/9/5,07:00,0.5, ,182820, ,79.27, ,59.10, ,100.0, 
2014/9/5,08:00,0.0, ,182820, ,75.76, ,59.30, ,100.0, 
2014/9/5,09:00,0.0, ,182880, ,66.16, ,59.20, ,100.0, 
2014/9/5,10:00,0.0, ,182940, ,70.98, ,59.20, ,100.0, 
2014/9/5,11:00,0.0, ,182940, ,72.56, ,59.10, ,100.0, 
2014/9/5,12:00,0.0, ,183000, ,70.15, ,59.10, ,100.0, 
2014/9/5,13:00,0.0, ,183000, ,64.25, ,59.10, ,100.0, 
2014/9/5,14:00,0.0, ,183000, ,59.16, ,59.20, ,100.0, 
2014/9/5,15:00,0.0, ,183000, ,59.21, ,59.20, ,100.0, 
2014/9/5,16:00,0.0, ,183000, ,59.22, ,59.20, ,100.0, 
2014/9/5,17:00,0.2, ,183000, ,59.24, ,59.20, ,100.0, 
2014/9/5,18:00,0.0, ,183000, ,59.20, ,59.10, ,100.0, 
2014/9/5,19:00,0.0, ,183000, ,59.19, ,59.20, ,100.0, 
2014/9/5,20:00,0.0, ,182940, ,56.46, ,59.10, ,100.0, 
2014/9/5,21:00,0.0, ,182940, ,45.73, ,59.00, ,100.0, 
2014/9/5,22:00,0.0, ,182940, ,59.13, ,59.20, ,100.0, 
2014/9/5,23:00,0.0, ,182880, ,47.14, ,59.10, ,100.0, 
2014/9/5,24:00,0.0, ,182880, ,55.15, ,59.10, ,100.0, 
2014/9/6,01:00,0.0, ,182820, ,45.52, ,59.30, ,100.0, 
2014/9/6,02:00,0.1, ,182770, ,50.92, ,59.20, ,100.0, 
2014/9/6,03:00,0.0, ,182770, ,49.05, ,59.30, ,100.0, 
2014/9/6,04:00,0.0, ,182710, ,49.37, ,59.30, ,100.0, 
2014/9/6,05:00,0.0, ,182650, ,48.54, ,59.20, ,100.0, 
2014/9/6,06:00,0.0, ,182590, ,47.18, ,59.20, ,100.0, 
2014/9/6,07:00,0.0, ,182590, ,43.69, ,59.20, ,100.0, 
2014/9/6,08:00,0.0, ,182530, ,46.43, ,59.30, ,100.0, 
2014/9/6,09:00,0.0, ,182480, ,40.84, ,59.30, ,100.0, 
2014/9/6,10:00,0.0, ,182420, ,46.45, ,59.40, ,100.0, 
2014/9/6,11:00,0.0, ,182360, ,46.41, ,59.20, ,100.0, 
2014/9/6,12:00,0.2, ,182300, ,39.48, ,59.10, ,100.0, 
2014/9/6,13:00,0.0, ,182250, ,45.60, ,59.30, ,100.0, 
2014/9/6,14:00,0.3, ,182130, ,36.28, ,59.20, ,100.0, 
2014/9/6,15:00,6.9, ,182070, ,42.39, ,59.00, ,100.0, 
2014/9/6,16:00,25.9, ,182020, ,42.13, ,59.20, ,100.0, 
2014/9/6,17:00,8.2, ,182020, ,46.19, ,59.40, ,100.0, 
2014/9/6,18:00,4.0, ,182590, ,270.72, ,59.20, ,100.0, 
2014/9/6,19:00,2.5, ,183170, ,186.52, ,59.10, ,100.0, 
2014/9/6,20:00,0.7, ,183460, ,149.27, ,59.20, ,100.0, 
2014/9/6,21:00,0.4, ,183690, ,133.23, ,59.10, ,100.0, 
2014/9/6,22:00,0.0, ,183920, ,117.15, ,59.00, ,100.0, 
2014/9/6,23:00,0.0, ,184040, ,92.41, ,59.10, ,100.0, 
2014/9/6,24:00,0.0, ,184330, ,126.76, ,58.90, ,100.0, 
2014/9/7,01:00,0.0, ,184510, ,113.83, ,58.80, ,100.0, 
2014/9/7,02:00,0.0, ,184740, ,111.76, ,59.00, ,100.0, 
2014/9/7,03:00,0.0, ,184910, ,116.05, ,59.00, ,100.0, 
2014/9/7,04:00,0.0, ,185090, ,109.50, ,59.00, ,100.0, 
2014/9/7,05:00,0.0, ,185260, ,96.60, ,58.80, ,100.0, 
2014/9/7,06:00,0.0, ,185380, ,93.34, ,58.90, ,100.0, 
2014/9/7,07:00,0.0, ,185500, ,86.86, ,58.80, ,100.0, 
2014/9/7,08:00,0.0, ,185550, ,85.82, ,58.90, ,100.0, 
2014/9/7,09:00,0.0, ,185670, ,80.43, ,58.90, ,100.0, 
2014/9/7,10:00,0.0, ,185790, ,85.84, ,58.70, ,100.0, 
2014/9/7,11:00,0.8, ,185850, ,81.53, ,59.00, ,100.0, 
2014/9/7,12:00,0.2, ,185960, ,86.84, ,58.90, ,100.0, 
2014/9/7,13:00,0.0, ,186020, ,70.55, ,58.70, ,100.0, 
2014/9/7,14:00,0.1, ,186080, ,76.01, ,58.50, ,100.0, 
2014/9/7,15:00,0.0, ,186140, ,87.91, ,58.70, ,100.0, 
2014/9/7,16:00,0.0, ,186200, ,73.91, ,59.00, ,100.0, 
2014/9/7,17:00,2.1, ,186200, ,58.74, ,58.60, ,100.0, 
2014/9/7,18:00,0.1, ,186250, ,72.83, ,58.60, ,100.0, 
2014/9/7,19:00,0.0, ,186310, ,76.00, ,58.50, ,100.0, 
2014/9/7,20:00,0.1, ,186310, ,58.65, ,58.70, ,100.0, 
2014/9/7,21:00,0.2, ,186430, ,71.63, ,58.50, ,100.0, 
2014/9/7,22:00,0.0, ,186430, ,58.70, ,58.70, ,100.0, 
2014/9/7,23:00,0.0, ,186490, ,83.57, ,58.50, ,100.0, 
2014/9/7,24:00,0.3, ,186550, ,69.54, ,58.60, ,100.0, 
2014/9/8,01:00,0.0, ,186550, ,58.64, ,58.90, ,100.0, 
2014/9/8,02:00,0.0, ,186600, ,70.61, ,58.80, ,100.0, 
2014/9/8,03:00,0.0, ,186600, ,58.70, ,58.70, ,100.0, 
2014/9/8,04:00,0.0, ,186600, ,58.70, ,58.80, ,100.0, 
2014/9/8,05:00,0.0, ,186600, ,58.73, ,58.70, ,100.0, 
2014/9/8,06:00,0.0, ,186600, ,58.70, ,58.60, ,100.0, 
2014/9/8,07:00,0.0, ,186550, ,29.41, ,58.60, ,100.0, 
2014/9/8,08:00,0.0, ,186490, ,38.13, ,58.90, ,100.0, 
2014/9/8,09:00,0.0, ,186430, ,28.37, ,58.70, ,100.0, 
2014/9/8,10:00,0.0, ,186370, ,39.18, ,58.50, ,100.0, 
2014/9/8,11:00,0.0, ,186370, ,58.73, ,58.60, ,100.0, 
2014/9/8,12:00,0.0, ,186310, ,43.04, ,58.60, ,100.0, 
2014/9/8,13:00,0.0, ,186200, ,45.21, ,58.80, ,100.0, 
2014/9/8,14:00,0.0, ,186200, ,39.25, ,58.80, ,100.0, 
2014/9/8,15:00,0.0, ,186080, ,42.48, ,58.70, ,100.0, 
2014/9/8,16:00,0.0, ,186080, ,42.48, ,58.80, ,100.0, 
2014/9/8,17:00,0.0, ,185960, ,40.35, ,58.70, ,100.0, 
2014/9/8,18:00,0.0, ,185900, ,44.35, ,58.90, ,100.0, 
2014/9/8,19:00,0.0, ,185850, ,38.42, ,58.70, ,100.0, 
2014/9/8,20:00,0.0, ,185790, ,38.18, ,58.80, ,100.0, 
2014/9/8,21:00,0.0, ,185730, ,42.28, ,58.60, ,100.0, 
2014/9/8,22:00,0.0, ,185610, ,36.11, ,58.80, ,100.0, 
2014/9/8,23:00,0.0, ,185550, ,34.78, ,58.80, ,100.0, 
2014/9/8,24:00,0.0, ,185500, ,37.25, ,58.60, ,100.0, 
2014/9/9,01:00,0.0, ,185440, ,43.91, ,58.90, ,100.0, 
2014/9/9,02:00,0.0, ,185320, ,32.63, ,59.00, ,100.0, 
2014/9/9,03:00,0.0, ,185260, ,36.97, ,58.70, ,100.0, 
2014/9/9,04:00,0.0, ,185150, ,34.50, ,58.90, ,100.0, 
2014/9/9,05:00,0.0, ,185090, ,38.58, ,58.90, ,100.0, 
2014/9/9,06:00,0.0, ,185030, ,38.31, ,58.80, ,100.0, 
2014/9/9,07:00,0.0, ,184910, ,33.01, ,58.90, ,100.0, 
2014/9/9,08:00,0.0, ,184800, ,35.50, ,59.00, ,100.0, 
2014/9/9,09:00,0.0, ,184740, ,31.75, ,58.90, ,100.0, 
2014/9/9,10:00,0.0, ,184620, ,36.84, ,59.00, ,100.0, 
2014/9/9,11:00,0.0, ,184560, ,33.93, ,58.90, ,100.0, 
2014/9/9,12:00,0.0, ,184510, ,38.23, ,59.00, ,100.0, 
2014/9/9,13:00,0.0, ,184390, ,37.74, ,59.20, ,100.0, 
2014/9/9,14:00,0.0, ,184270, ,26.46, ,59.10, ,100.0, 
2014/9/9,15:00,0.0, ,184210, ,32.95, ,59.00, ,100.0, 
2014/9/9,16:00,0.0, ,184100, ,32.16, ,59.10, ,100.0, 
2014/9/9,17:00,0.0, ,183980, ,34.59, ,58.90, ,100.0, 
2014/9/9,18:00,0.0, ,183920, ,31.85, ,58.90, ,100.0, 
2014/9/9,19:00,0.0, ,183810, ,34.00, ,59.00, ,100.0, 
2014/9/9,20:00,0.0, ,183750, ,33.48, ,58.90, ,100.0, 
2014/9/9,21:00,0.0, ,183630, ,31.61, ,58.80, ,100.0, 
2014/9/9,22:00,0.0, ,183520, ,33.24, ,58.90, ,100.0, 
2014/9/9,23:00,0.0, ,183400, ,27.12, ,59.30, ,100.0, 
2014/9/9,24:00,0.0, ,183340, ,30.13, ,59.30, ,100.0, 
2014/9/10,01:00,0.0, ,183230, ,30.38, ,59.00, ,100.0, 
2014/9/10,02:00,0.0, ,183110, ,32.02, ,59.20, ,100.0, 
2014/9/10,03:00,0.0, ,183000, ,31.35, ,59.10, ,100.0, 
2014/9/10,04:00,0.0, ,182940, ,29.68, ,59.10, ,100.0, 
2014/9/10,05:00,0.0, ,182820, ,29.99, ,59.20, ,100.0, 
2014/9/10,06:00,0.0, ,182710, ,32.20, ,59.40, ,100.0, 
2014/9/10,07:00,0.0, ,182590, ,26.04, ,59.10, ,100.0, 
2014/9/10,08:00,0.0, ,182480, ,33.28, ,59.50, ,100.0, 
2014/9/10,09:00,0.0, ,182360, ,29.82, ,59.20, ,100.0, 
2014/9/10,10:00,0.0, ,0,-,0.00,-,0.00,-,0.0,-
2014/9/10,11:00,0.0, ,182190, ,29.59, ,59.20, ,100.0, 
2014/9/10,12:00,0.0, ,182070, ,29.63, ,59.10, ,100.0, 
2014/9/10,13:00,0.0, ,181960, ,27.00, ,59.20, ,100.0, 
2014/9/10,14:00,0.0, ,181840, ,31.62, ,59.50, ,100.0, 
2014/9/10,15:00,0.0, ,181730, ,28.75, ,59.50, ,100.0, 
2014/9/10,16:00,0.0, ,181610, ,26.92, ,59.50, ,100.0, 
2014/9/10,17:00,0.0, ,181500, ,28.52, ,59.50, ,100.0, 
2014/9/10,18:00,0.0, ,181380, ,23.98, ,59.30, ,100.0, 
2014/9/10,19:00,0.2, ,181270, ,26.66, ,59.50, ,100.0, 
2014/9/10,20:00,0.0, ,181150, ,28.23, ,59.40, ,100.0, 
2014/9/10,21:00,0.6, ,181040, ,24.23, ,59.30, ,100.0, 
2014/9/10,22:00,0.2, ,180860, ,23.78, ,59.30, ,100.0, 
2014/9/10,23:00,0.1, ,180750, ,24.85, ,59.20, ,100.0, 
2014/9/10,24:00,0.0, ,180640, ,24.14, ,57.50, ,100.0, 
2014/9/11,01:00,0.2, ,180580, ,22.91, ,34.10, ,100.0, 
2014/9/11,02:00,0.0, ,180580, ,24.96, ,31.20, ,100.0, 
2014/9/11,03:00,0.0, ,180520, ,19.03, ,31.20, ,100.0, 
2014/9/11,04:00,0.0, ,180460, ,17.94, ,31.20, ,100.0, 
2014/9/11,05:00,0.0, ,180410, ,15.27, ,31.10, ,100.0, 
2014/9/11,06:00,0.0, ,180350, ,17.79, ,35.20, ,100.0, 
2014/9/11,07:00,0.0, ,180180, ,14.90, ,59.50, ,100.0, 
2014/9/11,08:00,0.0, ,180000, ,16.68, ,59.70, ,100.0, 
2014/9/11,09:00,0.0, ,179890, ,14.26, ,59.40, ,100.0, 
2014/9/11,10:00,0.0, ,179720, ,17.74, ,59.50, ,100.0, 
2014/9/11,11:00,0.0, ,179600, ,20.12, ,59.80, ,100.0, 
2014/9/11,12:00,0.0, ,179490, ,27.37, ,59.70, ,100.0, 
2014/9/11,13:00,0.0, ,179320, ,20.80, ,59.80, ,100.0, 
2014/9/11,14:00,0.0, ,179200, ,23.04, ,59.80, ,100.0, 
2014/9/11,15:00,0.0, ,179090, ,21.75, ,59.80, ,100.0, 
2014/9/11,16:00,0.0, ,178920, ,21.25, ,59.70, ,100.0, 
2014/9/11,17:00,0.0, ,178810, ,24.18, ,59.80, ,100.0, 
2014/9/11,18:00,0.0, ,178630, ,23.33, ,59.80, ,100.0, 
2014/9/11,19:00,0.0, ,178520, ,21.01, ,59.70, ,100.0, 
2014/9/11,20:00,0.0, ,178410, ,23.64, ,60.00, ,100.0, 
2014/9/11,21:00,0.0, ,178240, ,21.62, ,58.90, ,100.0, 
2014/9/11,22:00,0.0, ,178180, ,22.10, ,38.30, ,100.0, 
2014/9/11,23:00,0.0, ,178120, ,17.40, ,38.30, ,100.0, 
2014/9/11,24:00,0.0, ,178060, ,18.99, ,38.50, ,100.0, 
2014/9/12,01:00,0.0, ,178060, ,24.96, ,21.30, ,100.0, 
2014/9/12,02:00,0.0, ,178010, ,7.61, ,18.50, ,100.0, 
2014/9/12,03:00,0.0, ,178010, ,15.37, ,18.40, ,100.0, 
2014/9/12,04:00,0.0, ,177950, ,7.67, ,18.50, ,100.0, 
2014/9/12,05:00,0.0, ,177950, ,4.56, ,0.00, ,100.0, 
2014/9/12,06:00,0.0, ,178010, ,9.21, ,0.00, ,100.0, 
2014/9/12,07:00,0.0, ,178060, ,10.00, ,1.00, ,100.0, 
2014/9/12,08:00,0.0, ,178060, ,21.65, ,18.70, ,100.0, 
2014/9/12,09:00,0.0, ,178010, ,14.10, ,20.50, ,100.0, 
2014/9/12,10:00,0.0, ,177890, ,12.10, ,47.00, ,100.0, 
2014/9/12,11:00,0.0, ,177780, ,19.69, ,59.90, ,100.0, 
2014/9/12,12:00,0.0, ,177670, ,22.06, ,47.40, ,100.0, 
2014/9/12,13:00,0.0, ,177610, ,14.92, ,29.40, ,100.0, 
2014/9/12,14:00,0.0, ,177500, ,22.33, ,59.70, ,100.0, 
2014/9/12,15:00,0.0, ,177330, ,19.32, ,60.10, ,100.0, 
2014/9/12,16:00,0.0, ,177210, ,20.26, ,60.10, ,100.0, 
2014/9/12,17:00,0.0, ,177040, ,23.75, ,60.00, ,100.0, 
2014/9/12,18:00,0.0, ,176930, ,21.46, ,60.20, ,100.0, 
2014/9/12,19:00,0.0, ,176760, ,19.30, ,59.90, ,100.0, 
2014/9/12,20:00,0.0, ,176650, ,22.00, ,60.10, ,100.0, 
2014/9/12,21:00,0.0, ,176480, ,17.83, ,47.80, ,100.0, 
2014/9/12,22:00,0.0, ,176480, ,13.55, ,21.60, ,100.0, 
2014/9/12,23:00,0.0, ,176480, ,21.46, ,21.40, ,100.0, 
2014/9/12,24:00,0.0, ,176480, ,21.42, ,21.40, ,100.0, 
2014/9/13,01:00,0.0, ,176420, ,17.79, ,21.50, ,100.0, 
2014/9/13,02:00,0.0, ,176420, ,8.30, ,18.50, ,100.0, 
2014/9/13,03:00,0.0, ,176360, ,17.54, ,18.50, ,100.0, 
2014/9/13,04:00,0.0, ,176360, ,3.90, ,18.50, ,100.0, 
2014/9/13,05:00,0.0, ,176310, ,13.54, ,18.70, ,100.0, 
2014/9/13,06:00,0.0, ,176310, ,7.94, ,18.70, ,100.0, 
2014/9/13,07:00,0.0, ,176250, ,3.18, ,18.60, ,100.0, 
2014/9/13,08:00,0.0, ,176190, ,9.47, ,18.70, ,100.0, 
2014/9/13,09:00,0.0, ,176190, ,9.55, ,0.00, ,100.0, 
2014/9/13,10:00,0.0, ,176190, ,2.37, ,0.00, ,100.0, 
2014/9/13,11:00,0.0, ,176250, ,11.00, ,0.00, ,100.0, 
2014/9/13,12:00,0.0, ,176360, ,20.44, ,0.00, ,100.0, 
2014/9/13,13:00,0.0, ,176420, ,16.77, ,0.00, ,100.0, 
2014/9/13,14:00,0.0, ,176480, ,19.66, ,1.40, ,100.0, 
2014/9/13,15:00,0.0, ,176480, ,20.06, ,18.60, ,100.0, 
2014/9/13,16:00,0.0, ,176420, ,25.32, ,36.80, ,100.0, 
2014/9/13,17:00,0.0, ,176310, ,20.77, ,60.20, ,100.0, 
2014/9/13,18:00,0.0, ,176140, ,20.29, ,60.20, ,100.0, 
2014/9/13,19:00,0.0, ,176020, ,18.26, ,60.50, ,100.0, 
2014/9/13,20:00,0.0, ,175850, ,17.51, ,49.80, ,100.0, 
2014/9/13,21:00,0.0, ,175800, ,14.87, ,24.40, ,100.0, 
2014/9/13,22:00,0.0, ,175800, ,4.23, ,0.00, ,100.0, 
2014/9/13,23:00,0.0, ,175850, ,14.39, ,0.00, ,100.0, 
2014/9/13,24:00,0.0, ,175910, ,14.13, ,0.00, ,100.0, 
2014/9/14,01:00,0.0, ,175970, ,18.06, ,0.00, ,100.0, 
2014/9/14,02:00,0.0, ,176020, ,13.35, ,0.00, ,100.0, 
2014/9/14,03:00,0.0, ,176080, ,11.00, ,0.00, ,100.0, 
2014/9/14,04:00,0.0, ,176140, ,9.16, ,0.00, ,100.0, 
2014/9/14,05:00,0.0, ,176140, ,14.14, ,0.00, ,100.0, 
2014/9/14,06:00,0.0, ,176190, ,1.57, ,0.00, ,100.0, 
2014/9/14,07:00,0.0, ,176190, ,14.15, ,0.00, ,100.0, 
2014/9/14,08:00,0.0, ,176190, ,0.00, ,0.00, ,100.0, 
2014/9/14,09:00,0.0, ,176250, ,9.17, ,0.80, ,100.0, 
2014/9/14,10:00,0.0, ,176250, ,15.87, ,18.40, ,100.0, 
2014/9/14,11:00,0.0, ,176250, ,18.63, ,18.70, ,100.0, 
2014/9/14,12:00,0.0, ,176250, ,18.69, ,18.80, ,100.0, 
2014/9/14,13:00,0.0, ,176250, ,9.42, ,0.00, ,100.0, 
2014/9/14,14:00,0.0, ,176310, ,14.15, ,0.90, ,100.0, 
2014/9/14,15:00,0.0, ,176310, ,10.85, ,19.00, ,100.0, 
2014/9/14,16:00,0.0, ,176310, ,18.57, ,19.00, ,100.0, 
2014/9/14,17:00,0.0, ,176310, ,18.63, ,21.00, ,100.0, 
2014/9/14,18:00,0.0, ,176250, ,27.34, ,47.30, ,100.0, 
2014/9/14,19:00,0.0, ,176080, ,19.33, ,60.30, ,100.0, 
2014/9/14,20:00,0.0, ,175970, ,18.80, ,60.10, ,100.0, 
2014/9/14,21:00,0.0, ,175800, ,17.04, ,54.20, ,100.0, 
2014/9/14,22:00,0.0, ,175740, ,19.17, ,28.50, ,100.0, 
2014/9/14,23:00,0.0, ,175740, ,3.16, ,0.00, ,100.0, 
2014/9/14,24:00,0.0, ,175800, ,12.82, ,0.00, ,100.0, 
2014/9/15,01:00,0.0, ,175850, ,17.79, ,0.00, ,100.0, 
2014/9/15,02:00,0.0, ,175910, ,14.13, ,0.00, ,100.0, 
2014/9/15,03:00,0.0, ,175970, ,4.71, ,0.00, ,100.0, 
2014/9/15,04:00,0.0, ,175970, ,13.35, ,0.00, ,100.0, 
2014/9/15,05:00,0.0, ,175970, ,0.00, ,0.00, ,100.0, 
2014/9/15,06:00,0.0, ,176020, ,14.92, ,0.00, ,100.0, 
2014/9/15,07:00,0.0, ,176020, ,0.79, ,0.00, ,100.0, 
2014/9/15,08:00,0.0, ,176080, ,6.55, ,0.00, ,100.0, 
2014/9/15,09:00,0.0, ,176080, ,9.16, ,0.00, ,100.0, 
2014/9/15,10:00,0.0, ,176080, ,9.25, ,18.60, ,100.0, 
2014/9/15,11:00,0.0, ,176080, ,18.63, ,18.70, ,100.0, 
2014/9/15,12:00,0.0, ,176080, ,18.67, ,18.60, ,100.0, 
2014/9/15,13:00,0.0, ,176080, ,9.41, ,0.00, ,100.0, 
2014/9/15,14:00,0.0, ,176140, ,13.88, ,0.00, ,100.0, 
2014/9/15,15:00,0.0, ,176190, ,14.93, ,0.90, ,100.0, 
2014/9/15,16:00,0.0, ,176190, ,11.87, ,18.60, ,100.0, 
2014/9/15,17:00,0.0, ,176190, ,20.70, ,24.70, ,100.0, 
2014/9/15,18:00,0.0, ,176140, ,28.80, ,50.00, ,100.0, 
2014/9/15,19:00,0.0, ,175910, ,15.48, ,60.20, ,100.0, 
2014/9/15,20:00,0.0, ,175800, ,17.23, ,60.40, ,100.0, 
2014/9/15,21:00,0.0, ,175680, ,18.37, ,47.80, ,100.0, 
2014/9/15,22:00,0.0, ,175630, ,14.04, ,21.60, ,100.0, 
2014/9/15,23:00,0.0, ,175630, ,3.01, ,0.00, ,100.0, 
2014/9/15,24:00,0.0, ,175680, ,13.34, ,0.00, ,100.0, 
2014/9/16,01:00,0.0, ,175740, ,14.38, ,0.00, ,100.0, 
2014/9/16,02:00,0.0, ,175800, ,12.30, ,0.00, ,100.0, 
2014/9/16,03:00,0.0, ,175800, ,7.07, ,0.00, ,100.0, 
2014/9/16,04:00,0.0, ,175850, ,14.92, ,0.00, ,100.0, 
2014/9/16,05:00,0.0, ,175910, ,1.57, ,0.00, ,100.0, 
2014/9/16,06:00,0.0, ,175910, ,14.92, ,0.00, ,100.0, 
2014/9/16,07:00,0.0, ,175910, ,0.00, ,0.00, ,100.0, 
2014/9/16,08:00,0.0, ,175970, ,8.90, ,0.00, ,100.0, 
2014/9/16,09:00,0.0, ,175970, ,6.80, ,0.40, ,100.0, 
2014/9/16,10:00,0.0, ,175970, ,9.25, ,18.50, ,100.0, 
2014/9/16,11:00,0.0, ,175910, ,24.78, ,35.80, ,100.0, 
2014/9/16,12:00,0.0, ,175850, ,15.64, ,29.60, ,100.0, 
2014/9/16,13:00,0.0, ,175850, ,8.78, ,0.00, ,100.0, 
2014/9/16,14:00,0.0, ,175910, ,11.52, ,1.00, ,100.0, 
2014/9/16,15:00,0.0, ,175910, ,13.48, ,18.60, ,100.0, 
2014/9/16,16:00,0.0, ,175910, ,27.18, ,35.70, ,100.0, 
2014/9/16,17:00,0.0, ,175800, ,17.81, ,38.80, ,100.0, 
2014/9/16,18:00,0.0, ,175680, ,15.67, ,50.00, ,100.0, 
2014/9/16,19:00,0.0, ,175510, ,15.15, ,59.60, ,100.0, 
2014/9/16,20:00,0.0, ,175460, ,16.62, ,38.60, ,100.0, 
2014/9/16,21:00,0.0, ,175350, ,14.32, ,35.80, ,100.0, 
2014/9/16,22:00,0.0, ,175350, ,13.97, ,18.60, ,100.0, 
2014/9/16,23:00,0.0, ,175350, ,9.38, ,0.00, ,100.0, 
2014/9/16,24:00,0.0, ,175400, ,3.92, ,0.00, ,100.0, 
2014/9/17,01:00,0.0, ,175460, ,13.85, ,0.00, ,100.0, 
2014/9/17,02:00,0.0, ,175460, ,13.59, ,0.00, ,100.0, 
2014/9/17,03:00,0.0, ,175510, ,2.09, ,0.00, ,100.0, 
2014/9/17,04:00,0.0, ,175510, ,13.59, ,0.00, ,100.0, 
2014/9/17,05:00,0.0, ,175510, ,0.00, ,0.00, ,100.0, 
2014/9/17,06:00,0.0, ,175570, ,3.92, ,0.00, ,100.0, 
2014/9/17,07:00,0.0, ,175570, ,11.76, ,0.00, ,100.0, 
2014/9/17,08:00,0.0, ,175630, ,0.78, ,0.00, ,100.0, 
2014/9/17,09:00,0.0, ,175630, ,14.91, ,1.20, ,100.0, 
2014/9/17,10:00,0.0, ,175630, ,9.33, ,18.60, ,100.0, 
2014/9/17,11:00,0.0, ,175570, ,23.31, ,35.80, ,100.0, 
2014/9/17,12:00,0.0, ,175510, ,17.06, ,28.30, ,100.0, 
2014/9/17,13:00,0.0, ,175510, ,9.07, ,0.00, ,100.0, 
2014/9/17,14:00,0.0, ,175570, ,0.79, ,0.60, ,100.0, 
2014/9/17,15:00,0.0, ,175570, ,24.17, ,18.70, ,100.0, 
2014/9/17,16:00,0.0, ,175510, ,17.27, ,28.70, ,100.0, 
2014/9/17,17:00,0.0, ,175460, ,12.36, ,38.80, ,100.0, 
2014/9/17,18:00,0.0, ,175350, ,20.71, ,43.10, ,100.0, 
2014/9/17,19:00,0.0, ,175230, ,12.32, ,42.90, ,100.0, 
2014/9/17,20:00,0.0, ,175180, ,18.25, ,31.60, ,100.0, 
2014/9/17,21:00,0.0, ,175180, ,13.84, ,21.40, ,100.0, 
2014/9/17,22:00,0.0, ,175180, ,10.79, ,0.00, ,100.0, 
2014/9/17,23:00,0.0, ,175230, ,0.52, ,0.00, ,100.0, 
2014/9/17,24:00,0.1, ,175230, ,15.15, ,0.00, ,100.0, 
2014/9/18,01:00,0.0, ,175290, ,11.23, ,0.00, ,100.0, 
2014/9/18,02:00,0.0, ,175350, ,19.07, ,0.00, ,100.0, 
2014/9/18,03:00,0.0, ,175350, ,1.04, ,0.00, ,100.0, 
2014/9/18,04:00,0.0, ,175400, ,15.42, ,0.00, ,100.0, 
2014/9/18,05:00,0.0, ,175400, ,0.26, ,0.00, ,100.0, 
2014/9/18,06:00,0.0, ,175460, ,6.79, ,0.00, ,100.0, 
2014/9/18,07:00,0.1, ,175460, ,8.89, ,0.00, ,100.0, 
2014/9/18,08:00,0.0, ,175460, ,0.00, ,0.00, ,100.0, 
2014/9/18,09:00,0.0, ,175510, ,1.83, ,0.00, ,100.0, 
2014/9/18,10:00,0.0, ,175510, ,13.85, ,0.70, ,100.0, 
2014/9/18,11:00,0.0, ,175510, ,10.76, ,21.50, ,100.0, 
2014/9/18,12:00,0.0, ,175510, ,25.00, ,27.10, ,100.0, 
2014/9/18,13:00,0.0, ,175510, ,14.29, ,3.60, ,100.0, 
2014/9/18,14:00,0.0, ,175510, ,14.47, ,28.60, ,100.0, 
2014/9/18,15:00,0.0, ,175460, ,16.05, ,28.50, ,100.0, 
2014/9/18,16:00,0.0, ,175400, ,10.40, ,28.60, ,100.0, 
2014/9/18,17:00,0.0, ,175290, ,18.03, ,43.20, ,100.0, 
2014/9/18,18:00,0.0, ,175180, ,12.86, ,50.10, ,100.0, 
2014/9/18,19:00,0.0, ,175010, ,13.51, ,47.40, ,100.0, 
2014/9/18,20:00,0.0, ,174950, ,13.43, ,37.50, ,100.0, 
2014/9/18,21:00,0.0, ,174890, ,15.52, ,24.40, ,100.0, 
2014/9/18,22:00,0.0, ,174890, ,3.11, ,0.00, ,100.0, 
2014/9/18,23:00,0.0, ,174950, ,10.69, ,0.00, ,100.0, 
2014/9/18,24:00,0.0, ,175010, ,11.22, ,0.00, ,100.0, 
2014/9/19,01:00,0.0, ,175060, ,10.70, ,0.00, ,100.0, 
2014/9/19,02:00,0.0, ,175060, ,14.36, ,0.00, ,100.0, 
2014/9/19,03:00,0.0, ,175120, ,10.70, ,0.00, ,100.0, 
2014/9/19,04:00,0.0, ,175120, ,4.96, ,0.00, ,100.0, 
2014/9/19,05:00,0.0, ,175120, ,0.00, ,0.00, ,100.0, 
2014/9/19,06:00,0.0, ,175120, ,0.00, ,1.00, ,100.0, 
2014/9/19,07:00,0.0, ,175120, ,11.53, ,22.70, ,100.0, 
2014/9/19,08:00,0.0, ,175120, ,11.53, ,0.00, ,100.0, 
2014/9/19,09:00,0.0, ,175120, ,0.00, ,0.00, ,100.0, 
2014/9/19,10:00,0.0, ,175180, ,8.10, ,0.80, ,100.0, 
2014/9/19,11:00,0.0, ,175180, ,18.37, ,21.60, ,100.0, 
2014/9/19,12:00,0.0, ,175120, ,13.62, ,26.90, ,100.0, 
2014/9/19,13:00,0.0, ,175120, ,10.08, ,2.60, ,100.0, 
2014/9/19,14:00,0.0, ,175120, ,14.46, ,28.60, ,100.0, 
2014/9/19,15:00,0.0, ,175060, ,17.37, ,28.90, ,100.0, 
2014/9/19,16:00,0.0, ,175010, ,10.45, ,28.90, ,100.0, 
2014/9/19,17:00,0.0, ,174890, ,13.46, ,43.20, ,100.0, 
2014/9/19,18:00,0.0, ,174730, ,15.62, ,60.40, ,100.0, 
2014/9/19,19:00,0.0, ,174560, ,13.62, ,57.50, ,100.0, 
2014/9/19,20:00,0.0, ,174440, ,15.27, ,41.70, ,100.0, 
2014/9/19,21:00,0.0, ,174440, ,14.02, ,24.30, ,100.0, 
2014/9/19,22:00,0.0, ,174440, ,12.24, ,0.00, ,100.0, 
2014/9/19,23:00,0.0, ,174500, ,1.04, ,0.00, ,100.0, 
2014/9/19,24:00,0.0, ,174500, ,14.59, ,0.00, ,100.0, 
2014/9/20,01:00,0.0, ,174560, ,10.68, ,0.00, ,100.0, 
2014/9/20,02:00,0.1, ,174560, ,4.95, ,0.00, ,100.0, 
2014/9/20,03:00,0.2, ,174610, ,14.86, ,0.00, ,100.0, 
2014/9/20,04:00,0.4, ,174610, ,0.78, ,0.00, ,100.0, 
2014/9/20,05:00,0.9, ,174670, ,11.99, ,0.00, ,100.0, 
2014/9/20,06:00,0.9, ,174670, ,3.65, ,0.00, ,100.0, 
2014/9/20,07:00,0.5, ,174670, ,0.00, ,0.00, ,100.0, 
2014/9/20,08:00,0.1, ,174730, ,14.08, ,0.00, ,100.0, 
2014/9/20,09:00,0.0, ,174730, ,1.57, ,0.90, ,100.0, 
2014/9/20,10:00,0.6, ,174730, ,9.31, ,18.60, ,100.0, 
2014/9/20,11:00,0.3, ,174670, ,22.58, ,36.10, ,100.0, 
2014/9/20,12:00,0.1, ,174560, ,16.01, ,42.90, ,100.0, 
2014/9/20,13:00,0.0, ,174560, ,12.11, ,19.30, ,100.0, 
2014/9/20,14:00,0.0, ,174440, ,14.04, ,43.20, ,100.0, 
2014/9/20,15:00,0.0, ,174330, ,14.77, ,43.10, ,100.0, 
2014/9/20,16:00,0.0, ,174270, ,14.19, ,38.90, ,100.0, 
2014/9/20,17:00,0.0, ,174160, ,12.20, ,35.90, ,100.0, 
2014/9/20,18:00,0.0, ,174110, ,15.20, ,36.00, ,100.0, 
2014/9/20,19:00,0.0, ,173990, ,13.76, ,43.00, ,100.0, 
2014/9/20,20:00,0.0, ,173940, ,13.82, ,28.70, ,100.0, 
2014/9/20,21:00,0.0, ,173940, ,9.86, ,0.00, ,100.0, 
2014/9/20,22:00,0.0, ,173940, ,0.00, ,0.00, ,100.0, 
2014/9/20,23:00,0.0, ,173990, ,12.75, ,0.00, ,100.0, 
2014/9/20,24:00,0.0, ,174050, ,10.93, ,0.00, ,100.0, 
2014/9/21,01:00,0.0, ,174110, ,12.23, ,0.00, ,100.0, 
2014/9/21,02:00,0.0, ,174110, ,10.93, ,0.00, ,100.0, 
2014/9/21,03:00,0.0, ,174160, ,12.76, ,0.00, ,100.0, 
2014/9/21,04:00,0.0, ,174160, ,2.86, ,0.00, ,100.0, 
2014/9/21,05:00,0.0, ,174160, ,0.00, ,0.00, ,100.0, 
2014/9/21,06:00,0.0, ,174220, ,7.81, ,0.00, ,100.0, 
2014/9/21,07:00,0.0, ,174220, ,7.81, ,0.00, ,100.0, 
2014/9/21,08:00,0.0, ,174220, ,0.00, ,0.00, ,100.0, 
2014/9/21,09:00,0.0, ,174220, ,0.00, ,0.00, ,100.0, 
2014/9/21,10:00,0.0, ,174270, ,10.41, ,0.00, ,100.0, 
2014/9/21,11:00,0.0, ,174330, ,8.59, ,0.00, ,100.0, 
2014/9/21,12:00,0.0, ,174330, ,12.24, ,0.30, ,100.0, 
2014/9/21,13:00,0.0, ,174330, ,9.33, ,19.40, ,100.0, 
2014/9/21,14:00,0.0, ,174330, ,18.73, ,18.80, ,100.0, 
2014/9/21,15:00,0.0, ,174330, ,18.72, ,19.00, ,100.0, 
2014/9/21,16:00,0.0, ,174330, ,18.71, ,18.80, ,100.0, 
2014/9/21,17:00,0.0, ,174270, ,10.40, ,31.30, ,100.0, 
2014/9/21,18:00,0.0, ,174110, ,12.72, ,57.80, ,100.0, 
2014/9/21,19:00,0.0, ,173940, ,17.36, ,60.80, ,100.0, 
2014/9/21,20:00,0.2, ,173770, ,11.74, ,60.60, ,100.0, 
2014/9/21,21:00,0.0, ,173600, ,13.96, ,53.00, ,100.0, 
2014/9/21,22:00,0.0, ,173600, ,15.19, ,25.80, ,100.0, 
2014/9/21,23:00,0.1, ,173540, ,4.15, ,0.00, ,100.0, 
2014/9/21,24:00,0.0, ,173600, ,10.13, ,0.00, ,100.0, 
2014/9/22,01:00,0.0, ,173660, ,13.25, ,0.00, ,100.0, 
2014/9/22,02:00,2.2, ,173660, ,7.80, ,0.00, ,100.0, 
2014/9/22,03:00,3.1, ,173710, ,15.59, ,0.00, ,100.0, 
2014/9/22,04:00,0.6, ,173770, ,6.76, ,0.00, ,100.0, 
2014/9/22,05:00,0.2, ,173770, ,8.84, ,0.00, ,100.0, 
2014/9/22,06:00,0.6, ,173770, ,0.00, ,0.00, ,100.0, 
2014/9/22,07:00,2.5, ,173830, ,4.94, ,0.00, ,100.0, 
2014/9/22,08:00,0.4, ,173830, ,10.66, ,0.00, ,100.0, 
2014/9/22,09:00,0.2, ,173830, ,0.00, ,0.00, ,100.0, 
2014/9/22,10:00,0.0, ,173880, ,15.34, ,0.40, ,100.0, 
2014/9/22,11:00,0.0, ,173880, ,9.54, ,18.70, ,100.0, 
2014/9/22,12:00,0.0, ,173880, ,18.69, ,18.70, ,100.0, 
2014/9/22,13:00,0.0, ,173880, ,9.49, ,0.00, ,100.0, 
2014/9/22,14:00,0.0, ,173940, ,10.40, ,0.80, ,100.0, 
2014/9/22,15:00,0.0, ,173940, ,14.52, ,18.50, ,100.0, 
2014/9/22,16:00,0.0, ,173880, ,24.89, ,37.20, ,100.0, 
2014/9/22,17:00,0.0, ,173770, ,18.35, ,57.50, ,100.0, 
2014/9/22,18:00,0.0, ,173600, ,14.78, ,57.70, ,100.0, 
2014/9/22,19:00,0.0, ,173430, ,15.12, ,57.70, ,100.0, 
2014/9/22,20:00,0.0, ,173260, ,14.12, ,60.50, ,100.0, 
2014/9/22,21:00,0.0, ,173100, ,14.23, ,50.20, ,100.0, 
2014/9/22,22:00,0.0, ,173040, ,14.00, ,26.00, ,100.0, 
2014/9/22,23:00,0.0, ,173040, ,2.16, ,0.00, ,100.0, 
2014/9/22,24:00,0.0, ,173100, ,7.78, ,0.00, ,100.0, 
2014/9/23,01:00,0.0, ,173100, ,7.78, ,0.00, ,100.0, 
2014/9/23,02:00,0.0, ,173150, ,15.31, ,0.00, ,100.0, 
2014/9/23,03:00,0.0, ,173210, ,5.45, ,0.00, ,100.0, 
2014/9/23,04:00,0.0, ,173210, ,10.38, ,0.00, ,100.0, 
2014/9/23,05:00,0.0, ,173210, ,0.00, ,0.00, ,100.0, 
2014/9/23,06:00,0.0, ,173210, ,0.00, ,0.00, ,100.0, 
2014/9/23,07:00,0.0, ,173260, ,9.60, ,0.00, ,100.0, 
2014/9/23,08:00,0.0, ,173260, ,5.97, ,0.00, ,100.0, 
2014/9/23,09:00,0.0, ,173260, ,0.00, ,0.00, ,100.0, 
2014/9/23,10:00,0.0, ,173320, ,3.63, ,0.00, ,100.0, 
2014/9/23,11:00,0.0, ,173320, ,11.94, ,0.00, ,100.0, 
2014/9/23,12:00,0.0, ,173380, ,15.58, ,0.00, ,100.0, 
2014/9/23,13:00,0.0, ,173430, ,10.65, ,0.00, ,100.0, 
2014/9/23,14:00,0.0, ,173490, ,11.17, ,1.20, ,100.0, 
2014/9/23,15:00,0.0, ,173490, ,18.70, ,18.60, ,100.0, 
2014/9/23,16:00,0.0, ,173380, ,13.51, ,37.60, ,100.0, 
2014/9/23,17:00,0.0, ,173210, ,10.44, ,57.80, ,100.0, 
2014/9/23,18:00,0.0, ,173040, ,9.69, ,57.80, ,100.0, 
2014/9/23,19:00,0.0, ,172870, ,10.17, ,57.80, ,99.9, 
2014/9/23,20:00,0.0, ,172700, ,9.37, ,56.10, ,99.8, 
2014/9/23,21:00,0.0, ,172590, ,10.88, ,26.00, ,99.7, 
2014/9/23,22:00,0.0, ,172540, ,5.35, ,22.90, ,99.7, 
2014/9/23,23:00,0.0, ,172540, ,1.83, ,0.00, ,99.7, 
2014/9/23,24:00,0.0, ,172590, ,1.04, ,0.00, ,99.7, 
2014/9/24,01:00,0.0, ,172590, ,14.50, ,0.00, ,99.7, 
2014/9/24,02:00,0.0, ,172650, ,0.78, ,0.00, ,99.8, 
2014/9/24,03:00,0.0, ,172650, ,14.76, ,0.00, ,99.8, 
2014/9/24,04:00,0.0, ,172650, ,0.00, ,0.00, ,99.8, 
2014/9/24,05:00,0.0, ,172650, ,0.00, ,0.00, ,99.8, 
2014/9/24,06:00,0.0, ,172650, ,0.00, ,0.00, ,99.8, 
2014/9/24,07:00,0.0, ,172700, ,7.25, ,0.00, ,99.8, 
2014/9/24,08:00,0.0, ,172700, ,8.29, ,1.50, ,99.8, 
2014/9/24,09:00,0.0, ,172700, ,9.41, ,18.50, ,99.8, 
2014/9/24,10:00,0.0, ,172650, ,10.95, ,26.10, ,99.8, 
2014/9/24,11:00,0.5, ,172590, ,9.64, ,26.40, ,99.7, 
2014/9/24,12:00,0.2, ,172540, ,13.13, ,26.30, ,99.7, 
2014/9/24,13:00,0.0, ,172480, ,12.16, ,19.40, ,99.6, 
2014/9/24,14:00,0.5, ,172480, ,8.22, ,19.20, ,99.6, 
2014/9/24,15:00,1.7, ,172420, ,5.23, ,21.50, ,99.6, 
2014/9/24,16:00,2.7, ,172310, ,15.62, ,37.90, ,99.5, 
2014/9/24,17:00,1.3, ,172200, ,13.29, ,58.30, ,99.5, 
2014/9/24,18:00,2.0, ,171980, ,10.78, ,61.30, ,99.3, 
2014/9/24,19:00,1.7, ,171870, ,12.76, ,50.80, ,99.2, 
2014/9/24,20:00,2.8, ,171700, ,12.71, ,47.60, ,99.1, 
2014/9/24,21:00,3.4, ,171700, ,12.98, ,21.30, ,99.1, 
2014/9/24,22:00,1.3, ,171700, ,4.46, ,0.00, ,99.1, 
2014/9/24,23:00,0.3, ,171750, ,11.62, ,0.00, ,99.1, 
2014/9/24,24:00,0.2, ,171750, ,10.85, ,0.00, ,99.1, 
2014/9/25,01:00,0.4, ,171810, ,7.23, ,0.00, ,99.2, 
2014/9/25,02:00,0.5, ,171810, ,8.27, ,0.00, ,99.2, 
2014/9/25,03:00,0.5, ,171870, ,6.98, ,0.00, ,99.2, 
2014/9/25,04:00,0.0, ,171870, ,8.53, ,0.00, ,99.2, 
2014/9/25,05:00,0.1, ,171920, ,4.39, ,0.00, ,99.3, 
2014/9/25,06:00,0.0, ,171920, ,11.11, ,0.00, ,99.3, 
2014/9/25,07:00,0.3, ,171920, ,0.00, ,0.00, ,99.3, 
2014/9/25,08:00,0.3, ,171980, ,3.36, ,0.00, ,99.3, 
2014/9/25,09:00,0.1, ,171980, ,12.15, ,0.00, ,99.3, 
2014/9/25,10:00,0.4, ,172030, ,7.24, ,0.00, ,99.3, 
2014/9/25,11:00,0.0, ,172090, ,11.37, ,0.00, ,99.4, 
2014/9/25,12:00,0.0, ,172140, ,16.03, ,0.00, ,99.4, 
2014/9/25,13:00,0.0, ,172200, ,12.16, ,0.00, ,99.5, 
2014/9/25,14:00,0.0, ,172200, ,15.26, ,0.00, ,99.5, 
2014/9/25,15:00,0.0, ,172260, ,13.71, ,0.00, ,99.5, 
2014/9/25,16:00,0.3, ,172370, ,15.00, ,0.00, ,99.6, 
2014/9/25,17:00,1.1, ,172370, ,19.93, ,0.60, ,99.6, 
2014/9/25,18:00,1.6, ,172370, ,7.37, ,18.80, ,99.6, 
2014/9/25,19:00,0.8, ,172310, ,19.03, ,40.50, ,99.5, 
2014/9/25,20:00,0.0, ,172200, ,12.04, ,40.60, ,99.5, 
2014/9/25,21:00,0.2, ,172140, ,10.01, ,18.70, ,99.4, 
2014/9/25,22:00,0.0, ,172200, ,8.70, ,0.00, ,99.5, 
2014/9/25,23:00,0.0, ,172200, ,12.93, ,0.00, ,99.5, 
2014/9/25,24:00,0.0, ,172260, ,11.64, ,0.00, ,99.5, 
2014/9/26,01:00,0.0, ,172310, ,9.83, ,0.00, ,99.5, 
2014/9/26,02:00,0.0, ,172310, ,9.57, ,0.00, ,99.5, 
2014/9/26,03:00,0.0, ,172370, ,10.87, ,0.00, ,99.6, 
2014/9/26,04:00,0.0, ,172370, ,4.66, ,0.00, ,99.6, 
2014/9/26,05:00,0.0, ,172370, ,0.00, ,0.00, ,99.6, 
2014/9/26,06:00,0.0, ,172420, ,15.53, ,1.40, ,99.6, 
2014/9/26,07:00,0.0, ,172420, ,10.88, ,21.80, ,99.6, 
2014/9/26,08:00,0.0, ,172310, ,7.65, ,31.00, ,99.5, 
2014/9/26,09:00,0.0, ,172200, ,4.34, ,33.40, ,99.5, 
2014/9/26,10:00,0.0, ,172200, ,8.14, ,0.00, ,99.5, 
2014/9/26,11:00,0.0, ,172260, ,6.98, ,0.00, ,99.5, 
2014/9/26,12:00,0.0, ,172260, ,15.26, ,0.00, ,99.5, 
2014/9/26,13:00,0.0, ,172310, ,3.11, ,0.60, ,99.5, 
2014/9/26,14:00,0.0, ,172310, ,21.79, ,18.80, ,99.5, 
2014/9/26,15:00,0.0, ,172260, ,13.21, ,23.10, ,99.5, 
2014/9/26,16:00,0.0, ,172140, ,11.39, ,46.20, ,99.4, 
2014/9/26,17:00,0.0, ,172030, ,14.60, ,43.60, ,99.3, 
2014/9/26,18:00,0.0, ,171920, ,10.72, ,43.20, ,99.3, 
2014/9/26,19:00,0.0, ,171810, ,15.41, ,43.30, ,99.2, 
2014/9/26,20:00,0.0, ,171700, ,8.24, ,43.60, ,99.1, 
2014/9/26,21:00,0.0, ,171640, ,13.24, ,27.60, ,99.1, 
2014/9/26,22:00,0.0, ,171640, ,9.76, ,0.00, ,99.1, 
2014/9/26,23:00,0.0, ,171640, ,0.00, ,0.00, ,99.1, 
2014/9/26,24:00,0.0, ,171640, ,0.00, ,0.00, ,99.1, 
2014/9/27,01:00,0.0, ,171700, ,10.84, ,0.00, ,99.1, 
2014/9/27,02:00,0.0, ,171700, ,4.65, ,0.00, ,99.1, 
2014/9/27,03:00,0.0, ,171750, ,11.37, ,0.00, ,99.1, 
2014/9/27,04:00,0.0, ,171750, ,4.13, ,0.00, ,99.1, 
2014/9/27,05:00,0.0, ,171750, ,0.00, ,0.00, ,99.1, 
2014/9/27,06:00,0.0, ,171810, ,4.39, ,0.00, ,99.2, 
2014/9/27,07:00,0.0, ,171810, ,11.11, ,0.00, ,99.2, 
2014/9/27,08:00,0.0, ,171810, ,0.00, ,0.00, ,99.2, 
2014/9/27,09:00,0.0, ,171810, ,0.00, ,1.30, ,99.2, 
2014/9/27,10:00,0.0, ,171810, ,13.06, ,26.10, ,99.2, 
2014/9/27,11:00,0.0, ,171750, ,21.99, ,36.30, ,99.1, 
2014/9/27,12:00,0.0, ,171640, ,11.94, ,36.10, ,99.1, 
2014/9/27,13:00,0.0, ,171590, ,14.10, ,19.50, ,99.0, 
2014/9/27,14:00,0.0, ,171530, ,9.26, ,43.80, ,99.0, 
2014/9/27,15:00,0.0, ,171360, ,10.46, ,43.40, ,98.9, 
2014/9/27,16:00,0.0, ,171250, ,10.93, ,46.50, ,98.8, 
2014/9/27,17:00,0.0, ,171140, ,11.35, ,43.30, ,98.7, 
2014/9/27,18:00,0.1, ,171030, ,8.78, ,43.60, ,98.7, 
2014/9/27,19:00,0.0, ,170860, ,7.63, ,46.50, ,98.5, 
2014/9/27,20:00,0.0, ,170810, ,8.26, ,25.70, ,98.5, 
2014/9/27,21:00,0.0, ,170810, ,6.38, ,0.00, ,98.5, 
2014/9/27,22:00,0.0, ,170810, ,0.00, ,0.00, ,98.5, 
2014/9/27,23:00,0.0, ,170810, ,0.00, ,0.00, ,98.5, 
2014/9/27,24:00,0.0, ,170860, ,15.45, ,0.00, ,98.5, 
2014/9/28,01:00,0.0, ,170860, ,0.00, ,0.00, ,98.5, 
2014/9/28,02:00,0.0, ,170920, ,6.95, ,0.00, ,98.6, 
2014/9/28,03:00,0.0, ,170920, ,8.50, ,0.00, ,98.6, 
2014/9/28,04:00,0.0, ,170920, ,0.00, ,0.00, ,98.6, 
2014/9/28,05:00,0.0, ,170920, ,0.00, ,0.00, ,98.6, 
2014/9/28,06:00,0.0, ,170920, ,0.00, ,0.00, ,98.6, 
2014/9/28,07:00,0.0, ,170920, ,0.00, ,0.00, ,98.6, 
2014/9/28,08:00,0.0, ,170970, ,7.73, ,0.00, ,98.6, 
2014/9/28,09:00,0.0, ,170970, ,7.73, ,0.60, ,98.6, 
2014/9/28,10:00,0.0, ,170970, ,10.09, ,20.40, ,98.6, 
2014/9/28,11:00,0.0, ,170920, ,11.07, ,20.20, ,98.6, 
2014/9/28,12:00,0.0, ,170860, ,12.08, ,20.30, ,98.5, 
2014/9/28,13:00,0.0, ,170810, ,6.84, ,29.10, ,98.5, 
2014/9/28,14:00,0.0, ,170750, ,9.52, ,29.20, ,98.5, 
2014/9/28,15:00,0.0, ,170640, ,9.97, ,36.40, ,98.4, 
2014/9/28,16:00,0.0, ,170530, ,11.07, ,37.00, ,98.3, 
2014/9/28,17:00,0.0, ,170360, ,7.00, ,61.10, ,98.2, 
2014/9/28,18:00,0.0, ,170200, ,12.02, ,61.10, ,98.1, 
2014/9/28,19:00,0.0, ,169970, ,7.13, ,60.90, ,97.9, 
2014/9/28,20:00,0.0, ,169810, ,9.85, ,61.10, ,97.8, 
2014/9/28,21:00,0.0, ,169640, ,9.31, ,50.70, ,97.7, 
2014/9/28,22:00,0.0, ,169530, ,9.75, ,46.30, ,97.6, 
2014/9/28,23:00,0.0, ,169480, ,9.49, ,23.20, ,97.6, 
2014/9/28,24:00,0.0, ,169480, ,7.62, ,0.00, ,97.6, 
2014/9/29,01:00,0.0, ,169480, ,0.00, ,0.00, ,97.6, 
2014/9/29,02:00,0.0, ,169480, ,0.00, ,0.00, ,97.6, 
2014/9/29,03:00,0.0, ,169480, ,0.00, ,0.00, ,97.6, 
2014/9/29,04:00,0.0, ,169480, ,0.00, ,0.00, ,97.6, 
2014/9/29,05:00,0.0, ,169480, ,0.00, ,0.00, ,97.6, 
2014/9/29,06:00,0.0, ,169480, ,0.00, ,0.00, ,97.6, 
2014/9/29,07:00,0.0, ,169480, ,0.00, ,0.00, ,97.6, 
2014/9/29,08:00,0.0, ,169530, ,0.51, ,0.00, ,97.6, 
2014/9/29,09:00,0.0, ,169530, ,14.87, ,0.50, ,97.6, 
2014/9/29,10:00,0.0, ,169480, ,9.14, ,18.80, ,97.6, 
2014/9/29,11:00,0.0, ,169420, ,5.30, ,29.20, ,97.6, 
2014/9/29,12:00,0.0, ,169310, ,8.65, ,43.00, ,97.5, 
2014/9/29,13:00,0.0, ,169250, ,7.44, ,18.90, ,97.4, 
2014/9/29,14:00,0.0, ,169250, ,13.85, ,19.00, ,97.4, 
2014/9/29,15:00,0.0, ,169140, ,5.50, ,25.50, ,97.4, 
2014/9/29,16:00,0.0, ,169030, ,10.21, ,50.90, ,97.3, 
2014/9/29,17:00,0.0, ,168810, ,11.57, ,61.20, ,97.1, 
2014/9/29,18:00,0.0, ,168650, ,10.03, ,58.30, ,97.0, 
2014/9/29,19:00,0.0, ,168480, ,10.71, ,58.30, ,96.9, 
2014/9/29,20:00,0.0, ,168370, ,11.96, ,51.70, ,96.9, 
2014/9/29,21:00,0.0, ,168310, ,9.27, ,21.80, ,96.8, 
2014/9/29,22:00,0.0, ,168260, ,1.01, ,0.00, ,96.8, 
2014/9/29,23:00,0.0, ,168260, ,0.00, ,0.00, ,96.8, 
2014/9/29,24:00,0.0, ,168310, ,4.34, ,0.00, ,96.8, 
2014/9/30,01:00,0.0, ,168310, ,10.98, ,0.00, ,96.8, 
2014/9/30,02:00,0.0, ,168310, ,0.00, ,0.00, ,96.7, 
2014/9/30,03:00,0.0, ,168310, ,0.00, ,0.00, ,96.7, 
2014/9/30,04:00,0.0, ,168310, ,0.00, ,0.00, ,96.7, 
2014/9/30,05:00,0.0, ,168310, ,0.00, ,0.00, ,96.7, 
2014/9/30,06:00,0.0, ,168370, ,9.45, ,0.00, ,96.7, 
2014/9/30,07:00,0.0, ,168370, ,5.88, ,0.00, ,96.6, 
2014/9/30,08:00,0.0, ,168370, ,0.00, ,1.30, ,96.6, 
2014/9/30,09:00,0.0, ,168370, ,9.47, ,18.90, ,96.6, 
2014/9/30,10:00,0.0, ,168310, ,7.41, ,19.10, ,96.5, 
2014/9/30,11:00,0.0, ,168260, ,2.76, ,19.10, ,96.4, 
2014/9/30,12:00,0.0, ,168200, ,4.42, ,19.00, ,96.4, 
2014/9/30,13:00,0.0, ,168150, ,10.77, ,18.80, ,96.3, 
2014/9/30,14:00,0.0, ,168150, ,11.04, ,19.70, ,96.3, 
2014/9/30,15:00,0.0, ,167980, ,8.02, ,43.70, ,96.1, 
2014/9/30,16:00,0.0, ,167870, ,10.98, ,40.90, ,96.0, 
2014/9/30,17:00,0.0, ,167760, ,6.89, ,42.20, ,95.9, 
2014/9/30,18:00,0.0, ,167650, ,10.09, ,39.40, ,95.8, 
2014/9/30,19:00,0.0, ,167540, ,8.59, ,39.40, ,95.7, 
2014/9/30,20:00,0.0, ,167430, ,8.26, ,39.60, ,95.6, 
2014/9/30,21:00,0.0, ,167380, ,8.63, ,24.30, ,95.6, 
2014/9/30,22:00,0.0, ,167380, ,7.14, ,0.00, ,95.5, 
2014/9/30,23:00,0.0, ,167380, ,0.00, ,0.00, ,95.5, 
2014/9/30,24:00,0.0, ,167380, ,0.00, ,0.00, ,95.5, 
