îCà”ä˙ä‘É_ÉÄèîó åüçıåãâ 
êÖånñº,ãgñÏêÏ
âÕêÏñº,ãgñÏêÏ
äœë™èäñº,ëÅñæâYÉ_ÉÄÅiã@ç\Åj
äœë™èäãLçÜ,1368080700010
#
#îNåéì˙,éûçè,ó¨àÊïΩãœâJó ,ó¨àÊïΩãœâJó ëÆê´,íôêÖó ,íôêÖó ëÆê´,ó¨ì¸ó ,ó¨ì¸ó ëÆê´,ï˙ó¨ó ,ï˙ó¨ó ëÆê´,íôêÖó¶,íôêÖó¶ëÆê´
#ëÆê´Å@$:åáë™ -:ñ¢éÛêM
#
2025/1/1,01:00,0.0, ,135330, ,0.00, ,0.00, ,99.2, 
2025/1/1,02:00,0.0, ,135330, ,4.07, ,0.00, ,99.2, 
2025/1/1,03:00,0.0, ,135330, ,0.23, ,0.00, ,99.2, 
2025/1/1,04:00,0.0, ,135330, ,0.23, ,0.00, ,99.2, 
2025/1/1,05:00,0.0, ,135330, ,0.00, ,0.00, ,99.2, 
2025/1/1,06:00,0.0, ,135330, ,0.03, ,15.90, ,99.2, 
2025/1/1,07:00,0.0, ,135230, ,0.00, ,37.40, ,99.1, 
2025/1/1,08:00,0.0, ,135030, ,2.04, ,47.60, ,98.9, 
2025/1/1,09:00,0.0, ,134890, ,3.01, ,28.90, ,98.7, 
2025/1/1,10:00,0.0, ,134890, ,1.98, ,0.00, ,98.7, 
2025/1/1,11:00,0.0, ,134940, ,5.64, ,0.00, ,98.8, 
2025/1/1,12:00,0.0, ,134940, ,5.87, ,0.00, ,98.8, 
2025/1/1,13:00,0.0, ,134990, ,9.93, ,0.00, ,98.8, 
2025/1/1,14:00,0.0, ,135030, ,7.00, ,0.00, ,98.9, 
2025/1/1,15:00,0.0, ,135030, ,8.83, ,16.70, ,98.9, 
2025/1/1,16:00,0.0, ,134940, ,7.74, ,41.20, ,98.8, 
2025/1/1,17:00,0.0, ,134840, ,10.05, ,51.70, ,98.7, 
2025/1/1,18:00,0.0, ,134650, ,7.99, ,53.00, ,98.5, 
2025/1/1,19:00,0.0, ,134500, ,7.69, ,51.30, ,98.4, 
2025/1/1,20:00,0.0, ,134350, ,5.46, ,33.20, ,98.2, 
2025/1/1,21:00,0.0, ,134350, ,4.33, ,0.00, ,98.2, 
2025/1/1,22:00,0.0, ,134350, ,0.23, ,0.00, ,98.2, 
2025/1/1,23:00,0.0, ,134350, ,4.05, ,0.00, ,98.2, 
2025/1/1,24:00,0.0, ,134350, ,0.00, ,0.00, ,98.2, 
2025/1/2,01:00,0.0, ,134350, ,0.00, ,0.00, ,98.2, 
2025/1/2,02:00,0.0, ,134350, ,0.00, ,0.00, ,98.2, 
2025/1/2,03:00,0.0, ,134350, ,0.00, ,0.00, ,98.2, 
2025/1/2,04:00,0.0, ,134350, ,0.00, ,0.00, ,98.2, 
2025/1/2,05:00,0.0, ,134350, ,0.00, ,0.00, ,98.2, 
2025/1/2,06:00,0.0, ,134350, ,0.03, ,16.10, ,98.2, 
2025/1/2,07:00,0.0, ,134260, ,2.16, ,36.60, ,98.1, 
2025/1/2,08:00,0.0, ,134110, ,4.94, ,47.70, ,98.0, 
2025/1/2,09:00,0.0, ,133960, ,3.48, ,28.70, ,97.8, 
2025/1/2,10:00,0.0, ,133960, ,4.12, ,0.00, ,97.8, 
2025/1/2,11:00,0.0, ,133960, ,1.35, ,0.00, ,97.8, 
2025/1/2,12:00,0.0, ,134010, ,7.41, ,0.00, ,97.9, 
2025/1/2,13:00,0.0, ,134060, ,6.97, ,0.00, ,97.9, 
2025/1/2,14:00,0.0, ,134060, ,12.14, ,0.00, ,97.9, 
2025/1/2,15:00,0.0, ,134110, ,6.52, ,0.00, ,98.0, 
2025/1/2,16:00,0.0, ,134110, ,7.45, ,16.50, ,98.0, 
2025/1/2,17:00,0.0, ,134060, ,8.30, ,31.40, ,97.9, 
2025/1/2,18:00,0.0, ,133920, ,4.70, ,48.30, ,97.8, 
2025/1/2,19:00,0.0, ,133720, ,3.04, ,58.10, ,97.6, 
2025/1/2,20:00,0.0, ,133530, ,5.76, ,57.50, ,97.4, 
2025/1/2,21:00,0.0, ,133380, ,4.02, ,31.70, ,97.3, 
2025/1/2,22:00,0.0, ,133330, ,3.54, ,0.00, ,97.2, 
2025/1/2,23:00,0.0, ,133380, ,0.00, ,0.00, ,97.3, 
2025/1/2,24:00,0.0, ,133380, ,3.36, ,0.00, ,97.3, 
2025/1/3,01:00,0.0, ,133380, ,1.12, ,0.00, ,97.3, 
2025/1/3,02:00,0.0, ,133380, ,0.90, ,0.00, ,97.3, 
2025/1/3,03:00,0.0, ,133380, ,0.00, ,0.00, ,97.3, 
2025/1/3,04:00,0.0, ,133380, ,0.22, ,0.00, ,97.3, 
2025/1/3,05:00,0.0, ,133380, ,0.00, ,0.00, ,97.3, 
2025/1/3,06:00,0.0, ,133380, ,0.03, ,16.60, ,97.3, 
2025/1/3,07:00,0.0, ,133290, ,1.83, ,37.50, ,97.2, 
2025/1/3,08:00,0.0, ,133140, ,3.31, ,47.60, ,97.0, 
2025/1/3,09:00,0.0, ,133000, ,3.82, ,38.80, ,96.9, 
2025/1/3,10:00,0.0, ,132900, ,1.77, ,20.70, ,96.8, 
2025/1/3,11:00,0.0, ,132900, ,4.31, ,0.00, ,96.8, 
2025/1/3,12:00,0.0, ,132950, ,12.30, ,0.00, ,96.9, 
2025/1/3,13:00,0.0, ,133000, ,8.73, ,0.00, ,96.9, 
2025/1/3,14:00,0.0, ,133000, ,6.04, ,0.00, ,96.9, 
2025/1/3,15:00,0.0, ,133040, ,7.39, ,0.00, ,97.0, 
2025/1/3,16:00,0.0, ,133040, ,5.82, ,0.00, ,97.0, 
2025/1/3,17:00,0.0, ,133040, ,1.82, ,16.20, ,97.0, 
2025/1/3,18:00,0.0, ,133000, ,7.21, ,37.50, ,96.9, 
2025/1/3,19:00,0.0, ,132800, ,4.42, ,47.90, ,96.7, 
2025/1/3,20:00,0.0, ,132660, ,3.21, ,48.70, ,96.6, 
2025/1/3,21:00,0.0, ,132460, ,4.22, ,40.90, ,96.4, 
2025/1/3,22:00,0.0, ,132370, ,3.12, ,20.40, ,96.3, 
2025/1/3,23:00,0.0, ,132370, ,0.00, ,0.00, ,96.3, 
2025/1/3,24:00,0.0, ,132370, ,0.89, ,0.00, ,96.3, 
2025/1/4,01:00,0.0, ,132420, ,0.00, ,0.00, ,96.4, 
2025/1/4,02:00,0.0, ,132370, ,0.00, ,0.00, ,96.3, 
2025/1/4,03:00,0.0, ,132370, ,0.22, ,0.00, ,96.3, 
2025/1/4,04:00,0.0, ,132370, ,0.45, ,0.00, ,96.3, 
2025/1/4,05:00,0.0, ,132370, ,0.22, ,0.00, ,96.3, 
2025/1/4,06:00,0.0, ,132370, ,2.93, ,15.90, ,96.3, 
2025/1/4,07:00,0.0, ,132270, ,1.25, ,37.10, ,96.2, 
2025/1/4,08:00,0.0, ,132130, ,2.89, ,47.80, ,96.1, 
2025/1/4,09:00,0.0, ,131980, ,4.34, ,38.90, ,95.9, 
2025/1/4,10:00,0.0, ,131890, ,2.16, ,20.40, ,95.8, 
2025/1/4,11:00,0.0, ,131890, ,4.48, ,0.00, ,95.8, 
2025/1/4,12:00,0.0, ,131930, ,6.69, ,0.00, ,95.9, 
2025/1/4,13:00,0.0, ,131930, ,6.69, ,0.00, ,95.9, 
2025/1/4,14:00,0.0, ,131980, ,6.02, ,0.00, ,95.9, 
2025/1/4,15:00,0.0, ,131980, ,7.35, ,0.00, ,95.9, 
2025/1/4,16:00,0.0, ,132030, ,6.93, ,16.10, ,96.0, 
2025/1/4,17:00,0.0, ,131930, ,3.50, ,31.00, ,95.9, 
2025/1/4,18:00,0.0, ,131790, ,4.86, ,42.40, ,95.8, 
2025/1/4,19:00,0.0, ,131650, ,6.36, ,47.90, ,95.6, 
2025/1/4,20:00,0.0, ,131500, ,5.61, ,50.40, ,95.5, 
2025/1/4,21:00,0.0, ,131310, ,3.91, ,46.10, ,95.3, 
2025/1/4,22:00,0.0, ,131210, ,4.54, ,20.70, ,95.2, 
2025/1/4,23:00,0.0, ,131210, ,6.51, ,0.00, ,95.2, 
2025/1/4,24:00,0.0, ,131210, ,0.00, ,0.00, ,95.4, 
2025/1/5,01:00,0.0, ,131210, ,0.00, ,0.00, ,95.4, 
2025/1/5,02:00,0.0, ,131210, ,1.55, ,0.00, ,95.4, 
2025/1/5,03:00,0.0, ,131210, ,0.00, ,0.00, ,95.4, 
2025/1/5,04:00,0.0, ,131210, ,0.00, ,0.00, ,95.4, 
2025/1/5,05:00,0.0, ,131210, ,0.00, ,0.00, ,95.4, 
2025/1/5,06:00,0.0, ,131210, ,0.03, ,16.10, ,95.4, 
2025/1/5,07:00,0.0, ,131120, ,0.00, ,46.10, ,95.3, 
2025/1/5,08:00,0.0, ,130930, ,3.16, ,40.50, ,95.1, 
2025/1/5,09:00,0.0, ,130830, ,4.04, ,21.00, ,95.0, 
2025/1/5,10:00,0.0, ,130830, ,0.00, ,0.00, ,95.0, 
2025/1/5,11:00,0.0, ,130830, ,1.11, ,0.00, ,95.0, 
2025/1/5,12:00,0.0, ,130880, ,10.64, ,0.00, ,95.0, 
2025/1/5,13:00,0.0, ,130930, ,6.88, ,0.00, ,95.1, 
2025/1/5,14:00,0.0, ,130930, ,7.99, ,0.00, ,95.1, 
2025/1/5,15:00,0.0, ,130970, ,4.88, ,0.00, ,95.1, 
2025/1/5,16:00,0.0, ,130970, ,8.46, ,16.60, ,95.1, 
2025/1/5,17:00,0.0, ,130880, ,2.45, ,37.00, ,95.0, 
2025/1/5,18:00,0.0, ,130730, ,6.78, ,48.00, ,94.9, 
2025/1/5,19:00,0.0, ,130590, ,7.58, ,47.80, ,94.8, 
2025/1/5,20:00,0.0, ,130450, ,7.54, ,50.50, ,94.6, 
2025/1/5,21:00,0.0, ,130260, ,4.96, ,48.20, ,94.4, 
2025/1/5,22:00,0.0, ,130160, ,4.00, ,37.90, ,94.3, 
2025/1/5,23:00,0.0, ,130070, ,2.01, ,22.90, ,94.3, 
2025/1/5,24:00,0.0, ,130020, ,0.00, ,0.00, ,94.3, 
2025/1/6,01:00,0.1, ,130020, ,1.77, ,0.00, ,94.3, 
2025/1/6,02:00,0.1, ,130070, ,4.85, ,0.00, ,94.3, 
2025/1/6,03:00,0.8, ,130070, ,0.88, ,0.00, ,94.3, 
2025/1/6,04:00,0.3, ,130070, ,1.32, ,0.00, ,94.3, 
2025/1/6,05:00,0.6, ,130070, ,0.00, ,0.00, ,94.3, 
2025/1/6,06:00,1.9, ,130070, ,0.03, ,16.40, ,94.3, 
2025/1/6,07:00,2.3, ,129970, ,7.63, ,27.20, ,94.2, 
2025/1/6,08:00,2.1, ,129920, ,3.95, ,27.10, ,94.2, 
2025/1/6,09:00,3.0, ,129830, ,4.86, ,27.20, ,94.1, 
2025/1/6,10:00,2.2, ,129780, ,6.00, ,27.40, ,94.1, 
2025/1/6,11:00,1.1, ,129680, ,7.13, ,19.50, ,94.0, 
2025/1/6,12:00,0.7, ,129730, ,13.38, ,0.00, ,94.0, 
2025/1/6,13:00,0.0, ,129780, ,5.51, ,0.00, ,94.1, 
2025/1/6,14:00,0.2, ,129780, ,9.70, ,0.00, ,94.1, 
2025/1/6,15:00,0.0, ,129830, ,8.82, ,0.00, ,94.1, 
2025/1/6,16:00,0.0, ,129830, ,8.18, ,16.50, ,94.1, 
2025/1/6,17:00,0.0, ,129830, ,7.43, ,28.00, ,94.1, 
2025/1/6,18:00,0.0, ,129680, ,8.02, ,51.20, ,94.0, 
2025/1/6,19:00,0.0, ,129540, ,8.82, ,60.00, ,93.8, 
2025/1/6,20:00,0.0, ,129300, ,6.78, ,61.40, ,93.6, 
2025/1/6,21:00,0.0, ,129110, ,10.29, ,49.80, ,93.4, 
2025/1/6,22:00,0.0, ,129160, ,10.31, ,0.00, ,93.5, 
2025/1/6,23:00,0.0, ,129210, ,7.03, ,0.00, ,93.5, 
2025/1/6,24:00,0.0, ,129210, ,9.89, ,0.00, ,94.2, 
2025/1/7,01:00,0.0, ,129260, ,10.55, ,0.00, ,94.2, 
2025/1/7,02:00,0.0, ,129260, ,3.96, ,0.00, ,94.2, 
2025/1/7,03:00,0.0, ,129300, ,9.01, ,0.00, ,94.2, 
2025/1/7,04:00,0.0, ,129300, ,3.08, ,0.00, ,94.2, 
2025/1/7,05:00,0.0, ,129300, ,0.22, ,0.00, ,94.2, 
2025/1/7,06:00,0.0, ,129300, ,6.19, ,16.50, ,94.2, 
2025/1/7,07:00,0.0, ,129260, ,1.28, ,27.50, ,94.2, 
2025/1/7,08:00,0.0, ,129110, ,2.34, ,27.30, ,94.1, 
2025/1/7,09:00,0.0, ,129070, ,1.16, ,0.00,#,94.0, 
2025/1/7,10:00,0.0, ,129070, ,4.46, ,0.00,#,94.0, 
2025/1/7,11:00,0.0, ,129110, ,5.27, ,0.00,#,94.1, 
2025/1/7,12:00,0.0, ,129110, ,9.45, ,0.00,#,94.1, 
2025/1/7,13:00,0.0, ,129160, ,5.27, ,0.00,#,94.1, 
2025/1/7,14:00,0.0, ,129160, ,8.35, ,0.00,#,94.1, 
2025/1/7,15:00,0.0, ,129260, ,9.67, ,0.00,#,94.2, 
2025/1/7,16:00,0.0, ,129260, ,7.06, ,0.00,#,94.2, 
2025/1/7,17:00,0.0, ,129160, ,4.21, ,27.90, ,94.1, 
2025/1/7,18:00,0.0, ,129020, ,4.90, ,32.60, ,94.0, 
2025/1/7,19:00,0.0, ,128970, ,3.16, ,32.80, ,93.9, 
2025/1/7,20:00,0.0, ,128830, ,5.16, ,32.50, ,93.8, 
2025/1/7,21:00,0.0, ,128780, ,7.33, ,20.60, ,93.7, 
2025/1/7,22:00,0.0, ,128780, ,9.26, ,0.00, ,93.7, 
2025/1/7,23:00,0.0, ,128830, ,6.58, ,0.00, ,93.8, 
2025/1/7,24:00,0.0, ,128830, ,7.90, ,0.00, ,93.8, 
2025/1/8,01:00,0.0, ,128830, ,2.41, ,0.00, ,93.8, 
2025/1/8,02:00,0.0, ,128830, ,3.07, ,0.00, ,93.8, 
2025/1/8,03:00,0.0, ,128830, ,1.75, ,0.00, ,93.8, 
2025/1/8,04:00,0.0, ,128880, ,1.75, ,0.00, ,93.8, 
2025/1/8,05:00,0.0, ,128830, ,0.88, ,0.00, ,93.8, 
2025/1/8,06:00,0.0, ,128830, ,0.00, ,16.20, ,93.8, 
2025/1/8,07:00,0.0, ,128780, ,0.48, ,27.10, ,93.7, 
2025/1/8,08:00,0.0, ,128690, ,2.44, ,40.70, ,93.7, 
2025/1/8,09:00,0.0,-,128500, ,1.49, ,33.50, ,93.5, 
2025/1/8,10:00,0.0,-,128500, ,3.35, ,0.00, ,93.5, 
2025/1/8,11:00,0.0,-,128550, ,2.85, ,0.00, ,93.5, 
2025/1/8,12:00,0.0,-,128550, ,10.08, ,0.00, ,93.5, 
2025/1/8,13:00,0.0,-,128590, ,8.77, ,0.00, ,93.6, 
2025/1/8,14:00,0.0,-,128590, ,5.48, ,0.00, ,93.6, 
2025/1/8,15:00,0.0,-,128640, ,9.64, ,0.00, ,93.6, 
2025/1/8,16:00,0.0,-,128690, ,7.48, ,16.50, ,93.7, 
2025/1/8,17:00,0.0, ,128590, ,2.22, ,30.10, ,93.6, 
2025/1/8,18:00,0.0, ,128450, ,8.59, ,40.60, ,93.4, 
2025/1/8,19:00,0.0, ,128360, ,6.73, ,40.40, ,93.3, 
2025/1/8,20:00,0.0, ,128220, ,4.38, ,36.70, ,93.2, 
2025/1/8,21:00,0.0, ,128120, ,4.69, ,30.10, ,93.1, 
2025/1/8,22:00,0.0, ,128030, ,0.43, ,19.70, ,93.0, 
2025/1/8,23:00,0.0, ,128030, ,2.34, ,0.00, ,93.0, 
2025/1/8,24:00,0.0, ,128030, ,0.00, ,0.00, ,93.1, 
2025/1/9,01:00,0.0, ,128030, ,3.28, ,0.00, ,93.1, 
2025/1/9,02:00,0.0, ,128030, ,1.53, ,0.00, ,93.1, 
2025/1/9,03:00,0.0, ,128030, ,2.62, ,0.00, ,93.1, 
2025/1/9,04:00,0.0, ,128070, ,2.19, ,0.00, ,93.1, 
2025/1/9,05:00,0.2, ,128070, ,1.31, ,0.00, ,93.1, 
2025/1/9,06:00,0.2, ,128070, ,1.12, ,16.30, ,93.1, 
2025/1/9,07:00,0.2, ,127980, ,0.00, ,36.30, ,93.0, 
2025/1/9,08:00,0.2, ,127790, ,1.52, ,48.60, ,92.9, 
2025/1/9,09:00,0.1, ,127650, ,6.32, ,32.90, ,92.7, 
2025/1/9,10:00,0.3, ,127650, ,1.71, ,0.00, ,92.7, 
2025/1/9,11:00,0.1, ,127700, ,4.36, ,0.00, ,92.8, 
2025/1/9,12:00,0.3, ,127700, ,9.60, ,0.00, ,92.8, 
2025/1/9,13:00,0.1, ,127740, ,8.73, ,0.00, ,92.8, 
2025/1/9,14:00,0.1, ,127740, ,6.98, ,0.00, ,92.8, 
2025/1/9,15:00,0.1, ,127790, ,7.20, ,0.00, ,92.9, 
2025/1/9,16:00,0.0, ,127790, ,5.70, ,16.20, ,92.9, 
2025/1/9,17:00,0.0, ,127740, ,5.63, ,36.90, ,92.8, 
2025/1/9,18:00,0.0, ,127550, ,6.27, ,48.80, ,92.6, 
2025/1/9,19:00,0.0, ,127410, ,4.41, ,57.80, ,92.5, 
2025/1/9,20:00,0.0, ,127230, ,6.12, ,53.90, ,92.3, 
2025/1/9,21:00,0.0, ,127080, ,7.30, ,24.00, ,92.2, 
2025/1/9,22:00,0.1, ,127080, ,5.04, ,0.00, ,92.2, 
2025/1/9,23:00,0.0, ,127130, ,5.87, ,0.00, ,92.2, 
2025/1/9,24:00,0.1, ,127130, ,3.26, ,0.00, ,92.4, 
2025/1/10,01:00,0.0, ,127130, ,1.74, ,0.00, ,92.4, 
2025/1/10,02:00,0.0, ,127130, ,0.00, ,0.00, ,92.4, 
2025/1/10,03:00,0.1, ,127130, ,0.44, ,0.00, ,92.4, 
2025/1/10,04:00,0.0, ,127130, ,1.31, ,0.00, ,92.4, 
2025/1/10,05:00,0.1, ,127130, ,3.05, ,0.00, ,92.4, 
2025/1/10,06:00,0.3, ,127180, ,1.11, ,16.50, ,92.4, 
2025/1/10,07:00,0.0, ,127040, ,0.19, ,37.00, ,92.3, 
2025/1/10,08:00,0.1, ,126900, ,1.69, ,48.60, ,92.2, 
2025/1/10,09:00,0.0, ,126710, ,4.36, ,33.40, ,92.0, 
2025/1/10,10:00,0.0, ,126710, ,3.93, ,0.00, ,92.0, 
2025/1/10,11:00,0.1, ,126760, ,3.26, ,0.00, ,92.0, 
2025/1/10,12:00,0.1, ,126800, ,9.12, ,0.00, ,92.1, 
2025/1/10,13:00,0.1, ,126800, ,7.17, ,0.00, ,92.1, 
2025/1/10,14:00,0.0, ,126850, ,11.73, ,0.00, ,92.1, 
2025/1/10,15:00,0.3, ,126900, ,2.82, ,0.00, ,92.2, 
2025/1/10,16:00,0.0, ,126900, ,10.68, ,16.70, ,92.2, 
2025/1/10,17:00,0.0, ,126800, ,3.47, ,40.80, ,92.1, 
2025/1/10,18:00,0.0, ,126660, ,7.58, ,50.80, ,91.9, 
2025/1/10,19:00,0.0, ,126520, ,5.63, ,42.30, ,91.8, 
2025/1/10,20:00,0.0, ,126380, ,3.76, ,27.30, ,91.7, 
2025/1/10,21:00,0.0, ,126330, ,3.84, ,20.20, ,91.6, 
2025/1/10,22:00,0.0, ,126330, ,5.74, ,0.00, ,91.6, 
2025/1/10,23:00,0.0, ,126330, ,0.00, ,0.00, ,91.6, 
2025/1/10,24:00,0.0, ,126330, ,0.87, ,0.00, ,91.7, 
2025/1/11,01:00,0.0, ,126330, ,0.00, ,0.00, ,91.7, 
2025/1/11,02:00,0.0, ,126330, ,0.00, ,0.00, ,91.7, 
2025/1/11,03:00,0.0, ,126330, ,0.00, ,0.00, ,91.7, 
2025/1/11,04:00,0.0, ,126330, ,0.87, ,0.00, ,91.7, 
2025/1/11,05:00,0.0, ,126380, ,3.03, ,0.00, ,91.7, 
2025/1/11,06:00,0.0, ,126330, ,3.49, ,16.60, ,91.7, 
2025/1/11,07:00,0.0, ,126290, ,0.77, ,40.80, ,91.7, 
2025/1/11,08:00,0.0, ,126100, ,1.46, ,50.80, ,91.5, 
2025/1/11,09:00,0.0, ,125960, ,4.09, ,30.50, ,91.3, 
2025/1/11,10:00,0.0, ,125910, ,0.44, ,0.00, ,91.3, 
2025/1/11,11:00,0.0, ,125960, ,6.06, ,0.00, ,91.3, 
2025/1/11,12:00,0.5, ,125960, ,4.76, ,0.00, ,91.3, 
2025/1/11,13:00,0.2, ,126010, ,10.82, ,0.00, ,91.4, 
2025/1/11,14:00,0.3, ,126010, ,4.54, ,0.00, ,91.4, 
2025/1/11,15:00,0.0, ,126050, ,10.17, ,0.00, ,91.4, 
2025/1/11,16:00,0.0, ,126100, ,7.81, ,13.80, ,91.5, 
2025/1/11,17:00,0.0, ,126010, ,5.16, ,25.80, ,91.4, 
2025/1/11,18:00,0.0, ,125910, ,5.30, ,26.00, ,91.3, 
2025/1/11,19:00,0.0, ,125870, ,3.31, ,25.90, ,91.3, 
2025/1/11,20:00,0.0, ,125770, ,3.54, ,25.80, ,91.2, 
2025/1/11,21:00,0.0, ,125680, ,3.14, ,26.00, ,91.1, 
2025/1/11,22:00,0.0, ,125590, ,0.00, ,28.60, ,91.0, 
2025/1/11,23:00,0.0, ,125490, ,1.73, ,21.20, ,90.9, 
2025/1/11,24:00,0.0, ,125490, ,1.32, ,0.00, ,90.9, 
2025/1/12,01:00,0.0, ,125490, ,0.00, ,0.00, ,90.9, 
2025/1/12,02:00,0.0, ,125490, ,0.00, ,0.00, ,90.9, 
2025/1/12,03:00,0.0, ,125540, ,2.38, ,0.00, ,90.9, 
2025/1/12,04:00,0.0, ,125540, ,0.00, ,0.00, ,90.9, 
2025/1/12,05:00,0.0, ,125540, ,6.49, ,0.00, ,90.9, 
2025/1/12,06:00,0.0, ,125490, ,0.00, ,16.20, ,90.9, 
2025/1/12,07:00,0.0, ,125400, ,2.52, ,40.20, ,90.8, 
2025/1/12,08:00,0.0, ,125260, ,0.78, ,51.10, ,90.7, 
2025/1/12,09:00,0.0, ,125070, ,6.85, ,31.20, ,90.5, 
2025/1/12,10:00,0.0, ,125070, ,0.00, ,0.00, ,90.5, 
2025/1/12,11:00,0.2, ,125120, ,8.21, ,0.00, ,90.5, 
2025/1/12,12:00,0.0, ,125120, ,5.18, ,0.00, ,90.5, 
2025/1/12,13:00,0.2, ,125170, ,11.45, ,0.00, ,90.6, 
2025/1/12,14:00,0.0, ,125210, ,5.62, ,0.00, ,90.6, 
2025/1/12,15:00,0.0, ,125260, ,9.72, ,0.00, ,90.7, 
2025/1/12,16:00,0.0, ,125260, ,10.83, ,13.90, ,90.7, 
2025/1/12,17:00,0.0, ,125170, ,2.92, ,26.00, ,90.6, 
2025/1/12,18:00,0.0, ,125070, ,2.81, ,26.10, ,90.5, 
2025/1/12,19:00,0.0, ,125030, ,3.23, ,26.40, ,90.4, 
2025/1/12,20:00,0.0, ,124930, ,4.71, ,26.00, ,90.3, 
2025/1/12,21:00,0.0, ,124840, ,2.55, ,28.50, ,90.3, 
2025/1/12,22:00,0.0, ,124700, ,0.00, ,39.30, ,90.1, 
2025/1/12,23:00,0.0, ,124610, ,4.43, ,20.70, ,90.0, 
2025/1/12,24:00,0.0, ,124610, ,2.60, ,0.00, ,90.0, 
2025/1/13,01:00,0.0, ,124610, ,1.08, ,0.00, ,90.0, 
2025/1/13,02:00,0.0, ,124560, ,1.08, ,0.00, ,90.0, 
2025/1/13,03:00,0.0, ,124610, ,0.43, ,0.00, ,90.0, 
2025/1/13,04:00,0.0, ,124610, ,2.59, ,0.00, ,90.0, 
2025/1/13,05:00,0.0, ,124610, ,0.00, ,0.00, ,90.0, 
2025/1/13,06:00,0.2, ,124610, ,0.03, ,16.30, ,90.0, 
2025/1/13,07:00,0.0, ,124510, ,0.00, ,40.70, ,89.9, 
2025/1/13,08:00,0.0, ,124330, ,1.43, ,51.30, ,89.8, 
2025/1/13,09:00,0.0, ,124190, ,2.99, ,31.90, ,89.6, 
2025/1/13,10:00,0.0, ,124190, ,4.82, ,0.00, ,89.6, 
2025/1/13,11:00,0.0, ,124190, ,0.00, ,0.00, ,89.6, 
2025/1/13,12:00,0.2, ,124240, ,8.82, ,0.00, ,89.7, 
2025/1/13,13:00,0.2, ,124240, ,7.53, ,0.00, ,89.7, 
2025/1/13,14:00,0.0, ,124280, ,12.69, ,0.00, ,89.7, 
2025/1/13,15:00,0.0, ,124330, ,8.18, ,0.00, ,89.8, 
2025/1/13,16:00,0.0, ,124330, ,6.05, ,16.90, ,89.8, 
2025/1/13,17:00,0.0, ,124280, ,8.00, ,30.80, ,89.7, 
2025/1/13,18:00,0.0, ,124140, ,4.69, ,41.00, ,89.6, 
2025/1/13,19:00,0.0, ,124000, ,3.91, ,40.90, ,89.5, 
2025/1/13,20:00,0.0, ,123860, ,4.98, ,43.50, ,89.3, 
2025/1/13,21:00,0.0, ,123680, ,2.83, ,38.00, ,89.1, 
2025/1/13,22:00,0.0, ,123680, ,1.32, ,0.00, ,89.1, 
2025/1/13,23:00,0.0, ,123680, ,0.00, ,0.00, ,89.1, 
2025/1/13,24:00,0.0, ,123680, ,0.64, ,0.00, ,89.1, 
2025/1/14,01:00,0.0, ,123720, ,0.43, ,0.00, ,89.2, 
2025/1/14,02:00,0.0, ,123720, ,6.44, ,0.00, ,89.2, 
2025/1/14,03:00,0.0, ,123720, ,3.43, ,0.00, ,89.2, 
2025/1/14,04:00,0.0, ,123720, ,1.72, ,0.00, ,89.2, 
2025/1/14,05:00,0.0, ,123720, ,0.00, ,0.00, ,89.2, 
2025/1/14,06:00,0.0, ,123720, ,0.00, ,0.00, ,89.2, 
2025/1/14,07:00,0.0, ,123720, ,0.03, ,14.40, ,89.2, 
2025/1/14,08:00,0.0, ,123630, ,0.00, ,43.90, ,89.1, 
2025/1/14,09:00,0.0, ,123450, ,3.82, ,50.00, ,88.9, 
2025/1/14,10:00,0.0, ,123310, ,1.76, ,36.20, ,88.8, 
2025/1/14,11:00,0.0, ,123210, ,3.00, ,21.50, ,88.7, 
2025/1/14,12:00,0.0, ,123260, ,5.32, ,0.00, ,88.7, 
2025/1/14,13:00,0.0, ,123260, ,7.72, ,0.00, ,88.7, 
2025/1/14,14:00,0.0, ,123310, ,11.36, ,0.00, ,88.8, 
2025/1/14,15:00,0.0, ,123350, ,7.07, ,0.00, ,88.8, 
2025/1/14,16:00,0.0, ,123350, ,7.31, ,16.60, ,88.8, 
2025/1/14,17:00,0.0, ,123260, ,1.25, ,47.00, ,88.7, 
2025/1/14,18:00,0.0, ,123080, ,8.65, ,56.70, ,88.6, 
2025/1/14,19:00,0.0, ,122940, ,7.34, ,52.80, ,88.4, 
2025/1/14,20:00,0.0, ,122750, ,4.71, ,25.50, ,88.3, 
2025/1/14,21:00,0.0, ,122800, ,4.31, ,0.00, ,88.3, 
2025/1/14,22:00,0.0, ,122800, ,0.43, ,0.00, ,88.3, 
2025/1/14,23:00,0.0, ,122800, ,6.63, ,0.00, ,88.3, 
2025/1/14,24:00,0.0, ,122800, ,0.00, ,0.00, ,88.3, 
2025/1/15,01:00,0.0, ,122800, ,0.64, ,0.00, ,88.3, 
2025/1/15,02:00,0.0, ,122800, ,0.00, ,0.00, ,88.3, 
2025/1/15,03:00,0.0, ,122800, ,0.00, ,0.00, ,88.3, 
2025/1/15,04:00,0.1, ,122800, ,0.00, ,0.00, ,88.3, 
2025/1/15,05:00,0.5, ,122800, ,0.64, ,0.00, ,88.3, 
2025/1/15,06:00,0.0, ,122800, ,0.00, ,0.00, ,88.3, 
2025/1/15,07:00,0.1, ,122800, ,3.23, ,14.40, ,88.3, 
2025/1/15,08:00,0.3, ,122710, ,3.41, ,44.10, ,88.2, 
2025/1/15,09:00,0.1, ,122570, ,2.29, ,48.70, ,88.1, 
2025/1/15,10:00,1.0, ,122430, ,3.09, ,36.20, ,87.9, 
2025/1/15,11:00,0.2, ,122340, ,3.18, ,21.00, ,87.9, 
2025/1/15,12:00,0.0, ,122380, ,6.86, ,0.00, ,87.9, 
2025/1/15,13:00,0.1, ,122380, ,7.90, ,0.00, ,87.9, 
2025/1/15,14:00,0.0, ,122430, ,11.96, ,0.00, ,87.9, 
2025/1/15,15:00,0.0, ,122480, ,4.91, ,0.00, ,88.0, 
2025/1/15,16:00,0.1, ,122480, ,10.28, ,16.80, ,88.0, 
2025/1/15,17:00,0.0, ,122380, ,5.62, ,29.10, ,87.9, 
2025/1/15,18:00,0.0, ,122290, ,1.92, ,42.00, ,87.8, 
2025/1/15,19:00,0.0, ,122150, ,10.96, ,38.70, ,87.7, 
2025/1/15,20:00,0.0, ,122060, ,7.03, ,23.80, ,87.6, 
2025/1/15,21:00,0.0, ,122110, ,4.77, ,0.00, ,87.6, 
2025/1/15,22:00,0.0, ,122060, ,2.98, ,0.00, ,87.6, 
2025/1/15,23:00,0.0, ,122110, ,5.12, ,0.00, ,87.6, 
2025/1/15,24:00,0.0, ,122110, ,0.00, ,0.00, ,87.7, 
2025/1/16,01:00,0.0, ,122110, ,2.13, ,0.00, ,87.7, 
2025/1/16,02:00,0.0, ,122110, ,0.00, ,0.00, ,87.7, 
2025/1/16,03:00,0.0, ,122110, ,0.00, ,0.00, ,87.7, 
2025/1/16,04:00,0.0, ,122110, ,0.00, ,0.00, ,87.7, 
2025/1/16,05:00,0.0, ,122110, ,0.00, ,0.00, ,87.7, 
2025/1/16,06:00,0.0, ,122110, ,0.00, ,0.00, ,87.7, 
2025/1/16,07:00,0.0, ,122110, ,1.52, ,14.40, ,87.7, 
2025/1/16,08:00,0.0, ,122010, ,5.07, ,43.60, ,87.6, 
2025/1/16,09:00,0.0, ,121880, ,1.27, ,42.10, ,87.5, 
2025/1/16,10:00,0.0, ,121740, ,1.66, ,30.10, ,87.4, 
2025/1/16,11:00,0.0, ,121650, ,1.00, ,20.20, ,87.3, 
2025/1/16,12:00,0.0, ,121650, ,5.80, ,0.00, ,87.3, 
2025/1/16,13:00,0.0, ,121650, ,1.92, ,0.00, ,87.3, 
2025/1/16,14:00,0.0, ,121650, ,4.47, ,0.00, ,87.3, 
2025/1/16,15:00,0.0, ,121690, ,6.17, ,0.00, ,87.3, 
2025/1/16,16:00,0.0, ,121690, ,3.43, ,17.10, ,87.3, 
2025/1/16,17:00,0.0, ,121650, ,7.65, ,30.00, ,87.3, 
2025/1/16,18:00,0.0, ,121510, ,5.08, ,37.10, ,87.1, 
2025/1/16,19:00,0.0, ,121420, ,6.81, ,34.80, ,87.0, 
2025/1/16,20:00,0.0, ,121370, ,6.23, ,0.00, ,87.0, 
2025/1/16,21:00,0.0, ,121420, ,5.67, ,0.00, ,87.0, 
2025/1/16,22:00,0.0, ,121420, ,6.17, ,0.00, ,87.0, 
2025/1/16,23:00,0.0, ,121420, ,2.98, ,0.00, ,87.0, 
2025/1/16,24:00,0.0, ,121460, ,3.83, ,0.00, ,87.1, 
2025/1/17,01:00,0.0, ,121460, ,7.87, ,0.00, ,87.1, 
2025/1/17,02:00,0.0, ,121460, ,0.00, ,0.00, ,87.1, 
2025/1/17,03:00,0.0, ,121460, ,1.28, ,0.00, ,87.1, 
2025/1/17,04:00,0.0, ,121460, ,0.00, ,0.00, ,87.1, 
2025/1/17,05:00,0.0, ,121460, ,0.00, ,0.00, ,87.1, 
2025/1/17,06:00,0.0, ,121460, ,0.21, ,0.00, ,87.1, 
2025/1/17,07:00,0.0, ,121460, ,0.88, ,14.10, ,87.1, 
2025/1/17,08:00,0.0, ,121370, ,5.55, ,43.50, ,87.0, 
2025/1/17,09:00,0.0, ,121190, ,1.35, ,41.90, ,86.8, 
2025/1/17,10:00,0.0, ,121100, ,2.52, ,30.10, ,86.7, 
2025/1/17,11:00,0.0, ,121000, ,2.48, ,20.80, ,86.6, 
2025/1/17,12:00,0.0, ,121000, ,5.06, ,0.00, ,86.6, 
2025/1/17,13:00,0.0, ,121050, ,3.42, ,0.00, ,86.7, 
2025/1/17,14:00,0.0, ,121050, ,7.47, ,0.00, ,86.7, 
2025/1/17,15:00,0.0, ,121100, ,4.05, ,0.00, ,86.7, 
2025/1/17,16:00,0.0, ,121050, ,4.70, ,17.20, ,86.7, 
2025/1/17,17:00,0.0, ,121000, ,3.40, ,38.70, ,86.6, 
2025/1/17,18:00,0.0, ,120820, ,4.75, ,48.70, ,86.5, 
2025/1/17,19:00,0.0, ,120680, ,9.30, ,46.20, ,86.3, 
2025/1/17,20:00,0.0, ,120590, ,4.18, ,21.60, ,86.3, 
2025/1/17,21:00,0.0, ,120590, ,7.09, ,0.00, ,86.3, 
2025/1/17,22:00,0.0, ,120590, ,3.20, ,0.00, ,86.3, 
2025/1/17,23:00,0.0, ,120590, ,6.40, ,0.00, ,86.3, 
2025/1/17,24:00,0.0, ,120640, ,4.91, ,0.00, ,86.3, 
2025/1/18,01:00,0.0, ,120640, ,1.92, ,0.00, ,86.3, 
2025/1/18,02:00,0.0, ,120680, ,4.05, ,0.00, ,86.3, 
2025/1/18,03:00,0.0, ,120640, ,1.92, ,0.00, ,86.3, 
2025/1/18,04:00,0.0, ,120680, ,4.05, ,0.00, ,86.3, 
2025/1/18,05:00,0.0, ,120680, ,2.35, ,0.00, ,86.3, 
2025/1/18,06:00,0.0, ,120680, ,0.03, ,17.30, ,86.3, 
2025/1/18,07:00,0.0, ,120590, ,0.00, ,33.20, ,86.3, 
2025/1/18,08:00,0.0, ,120450, ,4.17, ,23.50, ,86.1, 
2025/1/18,09:00,0.0, ,120450, ,4.48, ,0.00, ,86.1, 
2025/1/18,10:00,0.0, ,120450, ,0.21, ,0.00, ,86.1, 
2025/1/18,11:00,0.1, ,120450, ,0.00, ,0.00, ,86.1, 
2025/1/18,12:00,0.3, ,120450, ,0.00, ,0.00, ,86.1, 
2025/1/18,13:00,0.3, ,120500, ,4.48, ,0.00, ,86.2, 
2025/1/18,14:00,0.1, ,120500, ,8.31, ,0.00, ,86.2, 
2025/1/18,15:00,0.1, ,120500, ,0.00, ,0.00, ,86.2, 
2025/1/18,16:00,0.0, ,120540, ,10.23, ,0.00, ,86.2, 
2025/1/18,17:00,0.0, ,120540, ,2.59, ,14.10, ,86.2, 
2025/1/18,18:00,0.0, ,120450, ,7.05, ,44.10, ,86.1, 
2025/1/18,19:00,0.0, ,120310, ,3.27, ,55.10, ,86.0, 
2025/1/18,20:00,0.0, ,120130, ,6.43, ,59.70, ,85.8, 
2025/1/18,21:00,0.0, ,119900, ,3.35, ,52.00, ,85.6, 
2025/1/18,22:00,0.0, ,119810, ,7.44, ,21.60, ,85.5, 
2025/1/18,23:00,0.0, ,119810, ,4.75, ,0.00, ,85.5, 
2025/1/18,24:00,0.0, ,119810, ,4.90, ,0.00, ,85.5, 
2025/1/19,01:00,0.0, ,119810, ,0.00, ,0.00, ,85.5, 
2025/1/19,02:00,0.0, ,119810, ,2.13, ,0.00, ,85.5, 
2025/1/19,03:00,0.0, ,119850, ,4.69, ,0.00, ,85.5, 
2025/1/19,04:00,0.0, ,119850, ,5.75, ,0.00, ,85.5, 
2025/1/19,05:00,0.0, ,119850, ,0.21, ,0.00, ,85.5, 
2025/1/19,06:00,0.0, ,119850, ,0.03, ,14.30, ,85.5, 
2025/1/19,07:00,0.0, ,119760, ,0.00, ,26.50, ,85.5, 
2025/1/19,08:00,0.0, ,119670, ,2.02, ,21.50, ,85.4, 
2025/1/19,09:00,0.0, ,119670, ,1.22, ,0.00, ,85.4, 
2025/1/19,10:00,0.0, ,119670, ,0.00, ,0.00, ,85.4, 
2025/1/19,11:00,0.1, ,119670, ,0.00, ,0.00, ,85.4, 
2025/1/19,12:00,0.1, ,119710, ,2.13, ,0.00, ,85.4, 
2025/1/19,13:00,0.4, ,119710, ,7.87, ,0.00, ,85.4, 
2025/1/19,14:00,0.3, ,119760, ,2.98, ,0.00, ,85.5, 
2025/1/19,15:00,0.1, ,119760, ,6.60, ,0.00, ,85.5, 
2025/1/19,16:00,0.1, ,119760, ,5.96, ,0.00, ,85.5, 
2025/1/19,17:00,0.0, ,119760, ,0.03, ,16.80, ,85.5, 
2025/1/19,18:00,0.1, ,119710, ,8.25, ,45.30, ,85.4, 
2025/1/19,19:00,0.0, ,119480, ,3.66, ,56.00, ,85.2, 
2025/1/19,20:00,0.1, ,119300, ,6.23, ,59.80, ,85.0, 
2025/1/19,21:00,0.0, ,119120, ,5.17, ,58.40, ,84.8, 
2025/1/19,22:00,0.0, ,118930, ,6.64, ,36.80, ,84.7, 
2025/1/19,23:00,0.1, ,118980, ,3.04, ,0.00, ,84.7, 
2025/1/19,24:00,0.0, ,118980, ,7.23, ,0.00, ,84.7, 
2025/1/20,01:00,0.0, ,118980, ,0.43, ,0.00, ,84.7, 
2025/1/20,02:00,0.0, ,119030, ,1.49, ,0.00, ,84.8, 
2025/1/20,03:00,0.0, ,119030, ,5.95, ,0.00, ,84.8, 
2025/1/20,04:00,0.0, ,119030, ,2.98, ,0.00, ,84.8, 
2025/1/20,05:00,0.0, ,119030, ,2.34, ,0.00, ,84.8, 
2025/1/20,06:00,0.0, ,119030, ,0.03, ,14.30, ,84.8, 
2025/1/20,07:00,0.1, ,118930, ,0.00, ,28.90, ,84.7, 
2025/1/20,08:00,0.0, ,118800, ,2.79, ,36.50, ,84.5, 
2025/1/20,09:00,0.0, ,118700, ,0.61, ,20.20, ,84.4, 
2025/1/20,10:00,0.0, ,118700, ,4.72, ,0.00, ,84.4, 
2025/1/20,11:00,0.0, ,118700, ,0.00, ,0.00, ,84.4, 
2025/1/20,12:00,0.0, ,118700, ,3.83, ,0.00, ,84.4, 
2025/1/20,13:00,0.0, ,118700, ,0.00, ,0.00, ,84.4, 
2025/1/20,14:00,0.0, ,118700, ,2.98, ,0.00, ,84.4, 
2025/1/20,15:00,0.0, ,118750, ,8.29, ,0.00, ,84.5, 
2025/1/20,16:00,0.0, ,118750, ,1.49, ,0.00, ,84.5, 
2025/1/20,17:00,0.0, ,118800, ,6.38, ,0.00, ,84.5, 
2025/1/20,18:00,0.0, ,118800, ,6.40, ,16.60, ,84.5, 
2025/1/20,19:00,0.0, ,118700, ,2.33, ,45.30, ,84.4, 
2025/1/20,20:00,0.0, ,118520, ,7.13, ,56.00, ,84.3, 
2025/1/20,21:00,0.0, ,118340, ,5.28, ,54.20, ,84.1, 
2025/1/20,22:00,0.0, ,118250, ,8.89, ,39.00, ,84.0, 
2025/1/20,23:00,0.0, ,118110, ,2.02, ,21.80, ,83.9, 
2025/1/20,24:00,0.0, ,118150, ,8.72, ,0.00, ,83.9, 
2025/1/21,01:00,0.0, ,118150, ,0.64, ,0.00, ,83.9, 
2025/1/21,02:00,0.0, ,118150, ,0.00, ,0.00, ,83.9, 
2025/1/21,03:00,0.0, ,118200, ,8.92, ,0.00, ,84.0, 
2025/1/21,04:00,0.0, ,118200, ,3.82, ,0.00, ,84.0, 
2025/1/21,05:00,0.0, ,118200, ,0.00, ,0.00, ,84.0, 
2025/1/21,06:00,0.0, ,118200, ,0.03, ,14.30, ,84.0, 
2025/1/21,07:00,0.0, ,118110, ,0.00, ,28.70, ,83.9, 
2025/1/21,08:00,0.0, ,117970, ,1.76, ,36.20, ,83.7, 
2025/1/21,09:00,0.0, ,117880, ,2.65, ,20.10, ,83.6, 
2025/1/21,10:00,0.0, ,117830, ,2.65, ,0.00, ,83.6, 
2025/1/21,11:00,0.0, ,117880, ,2.55, ,0.00, ,83.6, 
2025/1/21,12:00,0.0, ,117880, ,1.27, ,0.00, ,83.6, 
2025/1/21,13:00,0.0, ,117920, ,8.06, ,0.00, ,83.7, 
2025/1/21,14:00,0.0, ,117920, ,4.67, ,0.00, ,83.7, 
2025/1/21,15:00,0.0, ,117970, ,3.39, ,0.00, ,83.7, 
2025/1/21,16:00,0.0, ,117970, ,9.15, ,15.10, ,83.7, 
2025/1/21,17:00,0.0, ,117880, ,0.00, ,40.30, ,83.6, 
2025/1/21,18:00,0.0, ,117700, ,5.78, ,52.00, ,83.5, 
2025/1/21,19:00,0.0, ,117560, ,6.07, ,53.50, ,83.3, 
2025/1/21,20:00,0.0, ,117370, ,5.08, ,41.50, ,83.2, 
2025/1/21,21:00,0.0, ,117370, ,5.69, ,0.00, ,83.2, 
2025/1/21,22:00,0.0, ,117370, ,1.48, ,0.00, ,83.2, 
2025/1/21,23:00,0.0, ,117370, ,5.72, ,0.00, ,83.2, 
2025/1/21,24:00,0.0, ,117420, ,5.94, ,0.00, ,83.2, 
2025/1/22,01:00,0.0, ,117420, ,1.06, ,0.00, ,83.2, 
2025/1/22,02:00,0.0, ,117470, ,2.97, ,0.00, ,83.3, 
2025/1/22,03:00,0.0, ,117470, ,9.75, ,0.00, ,83.3, 
2025/1/22,04:00,0.1, ,117470, ,0.00, ,0.00, ,83.3, 
2025/1/22,05:00,0.0, ,117470, ,0.00, ,0.00, ,83.3, 
2025/1/22,06:00,0.0, ,117470, ,0.03, ,14.50, ,83.3, 
2025/1/22,07:00,0.0, ,117370, ,0.00, ,39.60, ,83.2, 
2025/1/22,08:00,0.0, ,117190, ,3.58, ,49.30, ,83.0, 
2025/1/22,09:00,0.0, ,117050, ,2.59, ,41.50, ,82.8, 
2025/1/22,10:00,0.0, ,116920, ,0.93, ,21.90, ,82.7, 
2025/1/22,11:00,0.0, ,116960, ,0.33, ,0.00, ,82.8, 
2025/1/22,12:00,0.0, ,116960, ,5.30, ,0.00, ,82.8, 
2025/1/22,13:00,0.0, ,116960, ,2.97, ,0.00, ,82.8, 
2025/1/22,14:00,0.0, ,117010, ,7.20, ,0.00, ,82.8, 
2025/1/22,15:00,0.0, ,117010, ,5.51, ,0.00, ,82.8, 
2025/1/22,16:00,0.0, ,117010, ,3.84, ,14.50, ,82.8, 
2025/1/22,17:00,0.0, ,116960, ,5.71, ,28.40, ,82.8, 
2025/1/22,18:00,0.0, ,116830, ,3.66, ,39.00, ,82.6, 
2025/1/22,19:00,0.0, ,116690, ,6.43, ,37.40, ,82.5, 
2025/1/22,20:00,0.0, ,116640, ,3.59, ,22.00, ,82.5, 
2025/1/22,21:00,0.0, ,116640, ,7.29, ,0.00, ,82.5, 
2025/1/22,22:00,0.0, ,116640, ,0.85, ,0.00, ,82.5, 
2025/1/22,23:00,0.0, ,116640, ,1.48, ,0.00, ,82.5, 
2025/1/22,24:00,0.0, ,116690, ,6.35, ,0.00, ,82.5, 
2025/1/23,01:00,0.0, ,116690, ,4.87, ,0.00, ,82.5, 
2025/1/23,02:00,0.0, ,116690, ,0.00, ,0.00, ,82.5, 
2025/1/23,03:00,0.0, ,116690, ,0.00, ,0.00, ,82.5, 
2025/1/23,04:00,0.0, ,116690, ,0.00, ,0.00, ,82.5, 
2025/1/23,05:00,0.0, ,116690, ,0.42, ,0.00, ,82.5, 
2025/1/23,06:00,0.0, ,116690, ,1.51, ,14.40, ,82.5, 
2025/1/23,07:00,0.0, ,116600, ,5.82, ,39.10, ,82.4, 
2025/1/23,08:00,0.0, ,116460, ,0.00, ,49.50, ,82.3, 
2025/1/23,09:00,0.0, ,116280, ,2.25, ,49.60, ,82.1, 
2025/1/23,10:00,0.0, ,116140, ,2.61, ,37.60, ,82.0, 
2025/1/23,11:00,0.0, ,116010, ,2.58, ,24.30, ,81.8, 
2025/1/23,12:00,0.0, ,116010, ,0.55, ,0.00, ,81.8, 
2025/1/23,13:00,0.0, ,116010, ,4.61, ,0.00, ,81.8, 
2025/1/23,14:00,0.0, ,116050, ,7.76, ,0.00, ,81.9, 
2025/1/23,15:00,0.0, ,116050, ,0.21, ,0.00, ,81.9, 
2025/1/23,16:00,0.0, ,116100, ,11.36, ,14.80, ,81.9, 
2025/1/23,17:00,0.0, ,116010, ,0.26, ,39.50, ,81.8, 
2025/1/23,18:00,0.0, ,115830, ,7.75, ,50.80, ,81.7, 
2025/1/23,19:00,0.0, ,115690, ,4.72, ,50.80, ,81.5, 
2025/1/23,20:00,0.0, ,115550, ,5.82, ,34.00, ,81.4, 
2025/1/23,21:00,0.0, ,115550, ,6.72, ,0.00, ,81.4, 
2025/1/23,22:00,0.0, ,115550, ,2.93, ,0.00, ,81.4, 
2025/1/23,23:00,0.0, ,115550, ,3.14, ,0.00, ,81.4, 
2025/1/23,24:00,0.0, ,115600, ,6.49, ,0.00, ,81.5, 
2025/1/24,01:00,0.0, ,115600, ,5.23, ,0.00, ,81.5, 
2025/1/24,02:00,0.0, ,115600, ,0.00, ,0.00, ,81.5, 
2025/1/24,03:00,0.0, ,115600, ,0.21, ,0.00, ,81.5, 
2025/1/24,04:00,0.0, ,115600, ,0.84, ,0.00, ,81.5, 
2025/1/24,05:00,0.0, ,115640, ,4.40, ,0.00, ,81.5, 
2025/1/24,06:00,0.0, ,115600, ,2.12, ,14.40, ,81.5, 
2025/1/24,07:00,0.0, ,115510, ,0.00, ,39.10, ,81.4, 
2025/1/24,08:00,0.0, ,115370, ,2.63, ,49.60, ,81.2, 
2025/1/24,09:00,0.0, ,115190, ,1.52, ,0.00,#,81.1, 
2025/1/24,10:00,0.0, ,115100, ,1.15, ,0.00,#,81.0, 
2025/1/24,11:00,0.0, ,115100, ,2.87, ,0.00,#,81.0, 
2025/1/24,12:00,0.0, ,115100, ,1.88, ,0.00,#,81.0, 
2025/1/24,13:00,0.0, ,115100, ,0.00, ,0.00,#,81.0, 
2025/1/24,14:00,0.0, ,115150, ,9.19, ,0.00,#,81.0, 
2025/1/24,15:00,0.1, ,115150, ,3.34, ,0.00,#,81.0, 
2025/1/24,16:00,0.0, ,115150, ,4.20, ,14.40, ,81.0, 
2025/1/24,17:00,0.0, ,115100, ,5.40, ,39.50, ,81.0, 
2025/1/24,18:00,0.0, ,114920, ,5.51, ,51.10, ,80.8, 
2025/1/24,19:00,0.0, ,114790, ,7.89, ,51.10, ,80.7, 
2025/1/24,20:00,0.0, ,114610, ,3.24, ,41.70, ,80.5, 
2025/1/24,22:00,0.0, ,114520, ,1.97, ,0.00, ,80.4, 
2025/1/24,23:00,0.0, ,114560, ,10.62, ,0.00, ,80.5, 
2025/1/24,24:00,0.0, ,114560, ,0.00, ,0.00, ,80.5, 
2025/1/25,01:00,0.0, ,114560, ,0.00, ,0.00, ,80.5, 
2025/1/25,02:00,0.0, ,114560, ,1.04, ,0.00, ,80.5, 
2025/1/25,03:00,0.0, ,114610, ,2.50, ,0.00, ,80.5, 
2025/1/25,04:00,0.0, ,114610, ,4.38, ,0.00, ,80.5, 
2025/1/25,05:00,0.0, ,114610, ,4.58, ,0.00, ,80.5, 
2025/1/25,06:00,0.0, ,114560, ,0.00, ,14.30, ,80.5, 
2025/1/25,07:00,0.0, ,114520, ,0.00, ,26.90, ,80.4, 
2025/1/25,08:00,0.0, ,114430, ,2.57, ,22.40, ,80.3, 
2025/1/25,09:00,0.0, ,114430, ,2.30, ,0.00, ,80.3, 
2025/1/25,10:00,0.0, ,114430, ,2.08, ,0.00, ,80.3, 
2025/1/25,11:00,0.0, ,114430, ,1.04, ,0.00, ,80.3, 
2025/1/25,12:00,0.0, ,114470, ,4.16, ,0.00, ,80.4, 
2025/1/25,13:00,0.0, ,114470, ,8.74, ,0.00, ,80.4, 
2025/1/25,14:00,0.0, ,114520, ,9.16, ,0.00, ,80.4, 
2025/1/25,15:00,0.0, ,114520, ,5.65, ,14.70, ,80.4, 
2025/1/25,16:00,0.0, ,114470, ,6.66, ,32.60, ,80.4, 
2025/1/25,17:00,0.0, ,114340, ,5.85, ,44.00, ,80.2, 
2025/1/25,18:00,0.0, ,114160, ,4.86, ,51.10, ,80.1, 
2025/1/25,19:00,0.0, ,114020, ,5.72, ,51.10, ,79.9, 
2025/1/25,20:00,0.0, ,113840, ,4.33, ,51.00, ,79.8, 
2025/1/25,21:00,0.0, ,113660, ,4.38, ,43.30, ,79.6, 
2025/1/25,22:00,0.0, ,113530, ,2.74, ,25.10, ,79.5, 
2025/1/25,23:00,0.0, ,113570, ,3.53, ,0.00, ,79.5, 
2025/1/25,24:00,0.0, ,113570, ,3.73, ,0.00, ,79.5, 
2025/1/26,01:00,0.0, ,113570, ,0.41, ,0.00, ,79.5, 
2025/1/26,02:00,0.0, ,113570, ,0.00, ,0.00, ,79.5, 
2025/1/26,03:00,0.0, ,113570, ,0.62, ,0.00, ,79.5, 
2025/1/26,04:00,0.0, ,113570, ,0.00, ,0.00, ,79.5, 
2025/1/26,05:00,0.0, ,113570, ,0.83, ,0.00, ,79.5, 
2025/1/26,06:00,0.0, ,113570, ,0.86, ,14.70, ,79.5, 
2025/1/26,07:00,0.0, ,113490, ,3.81, ,40.10, ,79.4, 
2025/1/26,08:00,0.0, ,113310, ,0.00, ,31.90, ,79.3, 
2025/1/26,09:00,0.0, ,113310, ,2.39, ,0.00, ,79.3, 
2025/1/26,10:00,0.0, ,113350, ,0.21, ,0.00, ,79.3, 
2025/1/26,11:00,0.0, ,113310, ,1.45, ,0.00, ,79.3, 
2025/1/26,12:00,0.0, ,113400, ,6.62, ,0.00, ,79.3, 
2025/1/26,13:00,0.0, ,113400, ,9.73, ,0.00, ,79.3, 
2025/1/26,14:00,0.0, ,113440, ,5.59, ,0.00, ,79.4, 
2025/1/26,15:00,0.0, ,113440, ,9.73, ,0.00, ,79.4, 
2025/1/26,16:00,0.0, ,113490, ,7.49, ,15.10, ,79.4, 
2025/1/26,17:00,0.0, ,113400, ,3.89, ,32.60, ,79.3, 
2025/1/26,18:00,0.0, ,113260, ,6.05, ,44.30, ,79.2, 
2025/1/26,19:00,0.0, ,113080, ,4.71, ,45.40, ,79.0, 
2025/1/26,20:00,0.0, ,112950, ,4.13, ,48.50, ,78.9, 
2025/1/26,21:00,0.0, ,112770, ,1.12, ,46.80, ,78.7, 
2025/1/26,22:00,0.0, ,112640, ,3.29, ,28.40, ,78.6, 
2025/1/26,23:00,0.0, ,112640, ,2.50, ,0.00, ,78.6, 
2025/1/26,24:00,0.0, ,112640, ,0.82, ,0.00, ,78.6, 
2025/1/27,01:00,0.0, ,112640, ,2.68, ,0.00, ,78.6, 
2025/1/27,02:00,0.0, ,112640, ,0.62, ,0.00, ,78.6, 
2025/1/27,03:00,0.0, ,112640, ,0.00, ,0.00, ,78.6, 
2025/1/27,04:00,0.0, ,112640, ,0.00, ,0.00, ,78.6, 
2025/1/27,05:00,0.0, ,112640, ,0.00, ,0.00, ,78.6, 
2025/1/27,06:00,0.0, ,112640, ,0.03, ,14.80, ,78.6, 
2025/1/27,07:00,0.0, ,112550, ,1.62, ,39.70, ,78.5, 
2025/1/27,08:00,0.0, ,112370, ,1.04, ,32.50, ,78.3, 
2025/1/27,09:00,0.0, ,112370, ,0.66, ,0.00, ,78.3, 
2025/1/27,10:00,0.0, ,112370, ,0.00, ,0.00, ,78.3, 
2025/1/27,11:00,0.0, ,112370, ,1.24, ,0.00, ,78.3, 
2025/1/27,12:00,0.0, ,112410, ,8.45, ,0.00, ,78.4, 
2025/1/27,13:00,0.3, ,112460, ,9.27, ,0.00, ,78.4, 
2025/1/27,14:00,0.5, ,112500, ,8.65, ,0.00, ,78.5, 
2025/1/27,15:00,0.5, ,112500, ,9.48, ,0.00, ,78.5, 
2025/1/27,16:00,0.4, ,112550, ,12.40, ,17.20, ,78.5, 
2025/1/27,17:00,0.3, ,112460, ,3.56, ,40.60, ,78.4, 
2025/1/27,18:00,0.3, ,112330, ,7.41, ,51.60, ,78.3, 
2025/1/27,19:00,0.1, ,112150, ,5.40, ,56.70, ,78.1, 
2025/1/27,20:00,0.1, ,111930, ,2.96, ,60.10, ,77.9, 
2025/1/27,21:00,0.0, ,111700, ,1.14, ,47.00, ,77.7, 
2025/1/27,22:00,0.0, ,111700, ,1.62, ,0.00, ,77.7, 
2025/1/27,23:00,0.0, ,111700, ,0.41, ,0.00, ,77.7, 
2025/1/27,24:00,0.0, ,111700, ,0.21, ,0.00, ,77.7, 
2025/1/28,01:00,0.0, ,111700, ,0.21, ,0.00, ,77.7, 
2025/1/28,02:00,0.0, ,111700, ,4.11, ,0.00, ,77.7, 
2025/1/28,03:00,0.0, ,111750, ,2.47, ,0.00, ,77.8, 
2025/1/28,04:00,0.0, ,111750, ,4.52, ,0.00, ,77.8, 
2025/1/28,05:00,0.0, ,111750, ,0.62, ,0.00, ,77.8, 
2025/1/28,06:00,0.0, ,111750, ,0.00, ,15.30, ,77.8, 
2025/1/28,07:00,0.0, ,111660, ,0.00, ,27.10, ,77.7, 
2025/1/28,08:00,0.0, ,111530, ,0.00, ,27.10, ,77.5, 
2025/1/28,09:00,0.0, ,111440, ,0.83, ,27.30, ,77.5, 
2025/1/28,10:00,0.1, ,111350, ,1.45, ,27.00, ,77.4, 
2025/1/28,11:00,0.1, ,111260, ,0.00, ,21.90, ,77.3, 
2025/1/28,12:00,0.2, ,111300, ,7.07, ,0.00, ,77.3, 
2025/1/28,13:00,0.0, ,111350, ,6.36, ,0.00, ,77.4, 
2025/1/28,14:00,0.0, ,111350, ,11.28, ,0.00, ,77.4, 
2025/1/28,15:00,0.0, ,111390, ,5.74, ,0.00, ,77.4, 
2025/1/28,16:00,0.0, ,111390, ,6.80, ,15.30, ,77.4, 
2025/1/28,17:00,0.0, ,111300, ,4.62, ,29.50, ,77.3, 
2025/1/28,18:00,0.0, ,111220, ,4.11, ,39.50, ,77.2, 
2025/1/28,19:00,0.2, ,111040, ,5.00, ,45.80, ,77.1, 
2025/1/28,20:00,0.0, ,110910, ,5.55, ,43.20, ,76.9, 
2025/1/28,21:00,0.0, ,110770, ,4.19, ,39.70, ,76.8, 
2025/1/28,22:00,0.1, ,110680, ,5.59, ,20.30, ,76.7, 
2025/1/28,23:00,0.0, ,110730, ,2.25, ,0.00, ,76.8, 
2025/1/28,24:00,0.2, ,110730, ,4.30, ,0.00, ,76.8, 
2025/1/29,01:00,0.1, ,110730, ,5.53, ,0.00, ,76.8, 
2025/1/29,02:00,0.1, ,110730, ,0.41, ,0.00, ,76.8, 
2025/1/29,03:00,0.2, ,110730, ,0.00, ,0.00, ,76.8, 
2025/1/29,04:00,0.3, ,110730, ,0.41, ,0.00, ,76.8, 
2025/1/29,05:00,0.0, ,110730, ,1.23, ,0.00, ,76.8, 
2025/1/29,06:00,0.0, ,110730, ,1.87, ,17.40, ,76.8, 
2025/1/29,07:00,0.0, ,110640, ,2.40, ,34.50, ,76.7, 
2025/1/29,08:00,0.0, ,110510, ,1.80, ,43.80, ,76.6, 
2025/1/29,09:00,0.0, ,110380, ,1.91, ,20.90, ,76.4, 
2025/1/29,10:00,0.0, ,110380, ,4.03, ,0.00, ,76.4, 
2025/1/29,11:00,0.5, ,110380, ,0.82, ,0.00, ,76.4, 
2025/1/29,12:00,0.4, ,110380, ,4.90, ,0.00, ,76.4, 
2025/1/29,13:00,0.0, ,110420, ,8.79, ,0.00, ,76.5, 
2025/1/29,14:00,0.3, ,110460, ,8.99, ,0.00, ,76.5, 
2025/1/29,15:00,0.0, ,110510, ,6.74, ,0.00, ,76.6, 
2025/1/29,16:00,0.0, ,110510, ,8.20, ,17.90, ,76.6, 
2025/1/29,17:00,0.0, ,110420, ,7.26, ,45.90, ,76.5, 
2025/1/29,18:00,0.0, ,110240, ,4.95, ,56.80, ,76.3, 
2025/1/29,19:00,0.0, ,110020, ,5.34, ,59.60, ,76.1, 
2025/1/29,20:00,0.0, ,109850, ,1.51, ,53.60, ,75.9, 
2025/1/29,21:00,0.0, ,109710, ,3.98, ,22.20, ,75.8, 
2025/1/29,22:00,0.0, ,109710, ,1.42, ,0.00, ,75.8, 
2025/1/29,23:00,0.0, ,109710, ,0.00, ,0.00, ,75.8, 
2025/1/29,24:00,0.0, ,109710, ,0.20, ,0.00, ,75.8, 
2025/1/30,01:00,0.0, ,109710, ,1.02, ,0.00, ,75.8, 
2025/1/30,02:00,0.0, ,109710, ,0.20, ,0.00, ,75.8, 
2025/1/30,03:00,0.0, ,109710, ,3.26, ,0.00, ,75.8, 
2025/1/30,04:00,0.0, ,109760, ,3.87, ,0.00, ,75.8, 
2025/1/30,05:00,0.0, ,109760, ,2.04, ,0.00, ,75.8, 
2025/1/30,06:00,0.0, ,109710, ,0.23, ,15.50, ,75.8, 
2025/1/30,07:00,0.0, ,109630, ,0.00, ,28.10, ,75.7, 
2025/1/30,08:00,0.0, ,109490, ,0.00, ,48.20, ,75.6, 
2025/1/30,09:00,0.0, ,109320, ,2.02, ,44.60, ,75.4, 
2025/1/30,10:00,0.0, ,109320, ,1.01, ,0.00, ,75.4, 
2025/1/30,11:00,0.2, ,109360, ,1.02, ,0.00, ,75.5, 
2025/1/30,12:00,0.2, ,109360, ,6.10, ,0.00, ,75.5, 
2025/1/30,13:00,0.2, ,109410, ,6.71, ,0.00, ,75.5, 
2025/1/30,14:00,0.2, ,109410, ,8.95, ,0.00, ,75.5, 
2025/1/30,15:00,0.0, ,109450, ,7.52, ,0.00, ,75.5, 
2025/1/30,16:00,0.0, ,109450, ,6.33, ,15.50, ,75.5, 
2025/1/30,17:00,0.0, ,109360, ,7.03, ,27.00, ,75.5, 
2025/1/30,18:00,0.0, ,109280, ,4.73, ,48.80, ,75.4, 
2025/1/30,19:00,0.0, ,109100, ,4.25, ,58.40, ,75.2, 
2025/1/30,20:00,0.0, ,108880, ,2.83, ,58.50, ,75.0, 
2025/1/30,21:00,0.0, ,108710, ,0.49, ,47.00, ,74.8, 
2025/1/30,22:00,0.0, ,108660, ,1.24, ,0.00, ,74.8, 
2025/1/30,23:00,0.0, ,108710, ,0.61, ,0.00, ,74.8, 
2025/1/30,24:00,0.0, ,108660, ,0.41, ,0.00, ,74.8, 
2025/1/31,01:00,0.0, ,108710, ,2.23, ,0.00, ,74.8, 
2025/1/31,02:00,0.0, ,108710, ,0.20, ,0.00, ,74.8, 
2025/1/31,03:00,0.0, ,108710, ,3.45, ,0.00, ,74.8, 
2025/1/31,04:00,0.0, ,108710, ,0.81, ,0.00, ,74.8, 
2025/1/31,05:00,0.0, ,108710, ,0.41, ,0.00, ,74.8, 
2025/1/31,06:00,0.0, ,108710, ,0.03, ,15.60, ,74.8, 
2025/1/31,07:00,0.0, ,108570, ,0.00, ,44.80, ,74.7, 
2025/1/31,08:00,0.0, ,108400, ,1.09, ,50.30, ,74.5, 
2025/1/31,09:00,0.0, ,108270, ,0.54, ,21.60, ,74.4, 
2025/1/31,10:00,0.0, ,108270, ,0.55, ,0.00, ,74.4, 
2025/1/31,11:00,0.0, ,108270, ,0.00, ,0.00, ,74.4, 
2025/1/31,12:00,0.2, ,108310, ,7.69, ,0.00, ,74.4, 
2025/1/31,13:00,0.2, ,108360, ,7.49, ,0.00, ,74.5, 
2025/1/31,14:00,0.2, ,108360, ,9.11, ,0.00, ,74.5, 
2025/1/31,15:00,0.0, ,108400, ,8.90, ,0.00, ,74.5, 
2025/1/31,16:00,0.0, ,108400, ,4.48, ,15.60, ,74.5, 
2025/1/31,17:00,0.0, ,108310, ,7.70, ,28.20, ,74.4, 
2025/1/31,18:00,0.0, ,108220, ,1.12, ,34.40, ,74.4, 
2025/1/31,19:00,0.0, ,108140, ,5.21, ,34.60, ,74.3, 
2025/1/31,20:00,0.0, ,108010, ,3.96, ,37.50, ,74.2, 
2025/1/31,21:00,0.0, ,107880, ,4.50, ,47.30, ,74.0, 
2025/1/31,22:00,0.0, ,107660, ,1.68, ,44.40, ,73.8, 
2025/1/31,23:00,0.0, ,107660, ,2.21, ,0.00, ,73.8, 
2025/1/31,24:00,0.0, ,107660, ,1.41, ,0.00, ,73.8, 
