îCà”ä˙ä‘É_ÉÄèîó åüçıåãâ 
êÖånñº,ãgñÏêÏ
âÕêÏñº,ãgñÏêÏ
äœë™èäñº,ëÅñæâYÉ_ÉÄÅiã@ç\Åj
äœë™èäãLçÜ,1368080700010
#
#îNåéì˙,éûçè,ó¨àÊïΩãœâJó ,ó¨àÊïΩãœâJó ëÆê´,íôêÖó ,íôêÖó ëÆê´,ó¨ì¸ó ,ó¨ì¸ó ëÆê´,ï˙ó¨ó ,ï˙ó¨ó ëÆê´,íôêÖó¶,íôêÖó¶ëÆê´
#ëÆê´Å@$:åáë™ -:ñ¢éÛêM
#
2025/7/1,01:00,0.0, ,167100, ,13.99, ,0.00, ,99.6, 
2025/7/1,02:00,0.0, ,167210, ,19.85, ,0.00, ,99.6, 
2025/7/1,03:00,0.0, ,167210, ,17.81, ,0.00, ,99.6, 
2025/7/1,04:00,0.0, ,167320, ,16.03, ,0.00, ,99.6, 
2025/7/1,05:00,0.0, ,167380, ,19.35, ,0.00, ,99.6, 
2025/7/1,06:00,0.0, ,167430, ,15.03, ,0.00, ,99.5, 
2025/7/1,07:00,0.0, ,167490, ,18.85, ,0.00, ,99.5, 
2025/7/1,08:00,0.0, ,167540, ,13.50, ,0.00, ,99.5, 
2025/7/1,09:00,0.0, ,167600, ,18.34, ,0.00,#,99.5, 
2025/7/1,10:00,0.0, ,167650, ,18.86, ,0.00,#,99.5, 
2025/7/1,11:00,0.0, ,167760, ,14.78, ,0.00,#,99.5, 
2025/7/1,12:00,0.0, ,167820, ,22.18, ,0.00,#,99.5, 
2025/7/1,13:00,0.0, ,167870, ,17.34, ,0.00,#,99.5, 
2025/7/1,14:00,0.0, ,167930, ,17.09, ,0.00,#,99.5, 
2025/7/1,15:00,0.0, ,167980, ,17.88, ,0.00,#,99.4, 
2025/7/1,16:00,0.0, ,167980, ,18.53, ,0.00,#,99.4, 
2025/7/1,17:00,0.0, ,167870, ,13.94, ,47.10, ,99.3, 
2025/7/1,18:00,0.0, ,167760, ,16.19, ,56.90, ,99.1, 
2025/7/1,19:00,0.0, ,167650, ,21.17, ,56.80, ,99.0, 
2025/7/1,20:00,0.0, ,167490, ,17.87, ,39.60, ,98.8, 
2025/7/1,21:00,0.0, ,167430, ,20.41, ,26.80, ,98.8, 
2025/7/1,22:00,0.0, ,167430, ,14.66, ,26.40, ,98.7, 
2025/7/1,23:00,0.0, ,167380, ,17.93, ,26.60, ,98.6, 
2025/7/1,24:00,0.0, ,167380, ,14.95, ,18.80, ,98.6, 
2025/7/2,01:00,0.0, ,167380, ,17.22, ,0.00, ,98.5, 
2025/7/2,02:00,0.0, ,167490, ,15.28, ,0.00, ,98.5, 
2025/7/2,03:00,0.0, ,167540, ,17.06, ,0.00, ,98.5, 
2025/7/2,04:00,0.0, ,167600, ,14.77, ,0.00, ,98.5, 
2025/7/2,05:00,0.0, ,167650, ,18.86, ,0.00, ,98.5, 
2025/7/2,06:00,0.0, ,167710, ,14.81, ,16.20, ,98.5, 
2025/7/2,07:00,0.0, ,167650, ,18.10, ,27.70, ,98.4, 
2025/7/2,08:00,0.0, ,167600, ,17.88, ,27.90, ,98.3, 
2025/7/2,09:00,0.0, ,167600, ,13.13, ,28.10, ,98.2, 
2025/7/2,10:00,0.0, ,167540, ,16.97, ,27.90, ,98.2, 
2025/7/2,11:00,0.0, ,167540, ,17.47, ,19.60, ,98.1, 
2025/7/2,12:00,0.0, ,167540, ,20.36, ,0.00, ,98.1, 
2025/7/2,13:00,0.0, ,167650, ,13.76, ,0.00, ,98.1, 
2025/7/2,14:00,0.0, ,167650, ,18.09, ,0.00, ,98.0, 
2025/7/2,15:00,0.0, ,167760, ,15.32, ,19.70, ,98.0, 
2025/7/2,16:00,0.0, ,167710, ,14.77, ,47.20, ,98.0, 
2025/7/2,17:00,0.0, ,167540, ,17.72, ,55.80, ,97.8, 
2025/7/2,18:00,0.0, ,167380, ,17.87, ,59.50, ,97.6, 
2025/7/2,19:00,0.0, ,167270, ,17.95, ,59.40, ,97.5, 
2025/7/2,20:00,0.0, ,167100, ,16.70, ,59.40, ,97.4, 
2025/7/2,21:00,0.0, ,166940, ,17.99, ,59.40, ,97.2, 
2025/7/2,22:00,0.0, ,166830, ,17.24, ,41.70, ,97.1, 
2025/7/2,23:00,0.0, ,166830, ,16.73, ,0.00, ,97.0, 
2025/7/2,24:00,0.0, ,166940, ,11.18, ,0.00, ,97.2, 
2025/7/3,01:00,0.0, ,166940, ,19.07, ,0.00, ,97.1, 
2025/7/3,02:00,0.0, ,167050, ,11.45, ,0.00, ,97.2, 
2025/7/3,03:00,0.0, ,167050, ,13.23, ,0.00, ,97.1, 
2025/7/3,04:00,0.0, ,167100, ,17.04, ,0.00, ,97.1, 
2025/7/3,05:00,0.0, ,167160, ,12.72, ,0.00, ,97.1, 
2025/7/3,06:00,0.0, ,167210, ,16.57, ,16.00, ,97.1, 
2025/7/3,07:00,0.0, ,167160, ,13.69, ,26.80, ,97.0, 
2025/7/3,08:00,0.0, ,167100, ,14.92, ,26.70, ,96.9, 
2025/7/3,09:00,0.0, ,167100, ,12.66, ,26.50, ,96.8, 
2025/7/3,10:00,0.0, ,167050, ,15.17, ,27.20, ,96.8, 
2025/7/3,11:00,0.0, ,166990, ,16.93, ,30.30, ,96.7, 
2025/7/3,12:00,0.0, ,166940, ,18.77, ,18.40, ,96.6, 
2025/7/3,13:00,0.0, ,166990, ,9.58, ,0.00, ,96.6, 
2025/7/3,14:00,0.0, ,167050, ,15.54, ,16.20, ,96.6, 
2025/7/3,15:00,0.0, ,166990, ,12.70, ,26.40, ,96.5, 
2025/7/3,16:00,0.1, ,166940, ,14.24, ,26.60, ,96.4, 
2025/7/3,17:00,0.1, ,166830, ,13.27, ,53.00, ,96.3, 
2025/7/3,18:00,0.0, ,166720, ,17.85, ,53.30, ,96.2, 
2025/7/3,19:00,0.0, ,166610, ,18.28, ,53.30, ,96.0, 
2025/7/3,20:00,0.0, ,166440, ,13.59, ,53.50, ,95.9, 
2025/7/3,21:00,0.0, ,166330, ,16.75, ,53.60, ,95.8, 
2025/7/3,22:00,0.0, ,166170, ,16.53, ,40.90, ,95.6, 
2025/7/3,23:00,0.0, ,166120, ,15.01, ,32.90, ,95.5, 
2025/7/3,24:00,0.0, ,166060, ,16.96, ,32.10, ,95.4, 
2025/7/4,01:00,0.0, ,166010, ,14.90, ,27.00, ,95.4, 
2025/7/4,02:00,0.0, ,165950, ,13.34, ,19.00, ,95.3, 
2025/7/4,03:00,0.0, ,166010, ,13.21, ,0.00, ,95.3, 
2025/7/4,04:00,0.0, ,166060, ,5.57, ,0.00, ,95.2, 
2025/7/4,05:00,0.0, ,166060, ,11.90, ,0.00, ,95.2, 
2025/7/4,06:00,0.0, ,166060, ,2.56, ,16.70, ,95.1, 
2025/7/4,07:00,0.0, ,166010, ,4.72, ,46.70, ,95.1, 
2025/7/4,08:00,0.0, ,165840, ,6.06, ,56.00, ,94.9, 
2025/7/4,09:00,0.0, ,165620, ,8.03, ,54.80, ,94.7, 
2025/7/4,10:00,0.0, ,165510, ,11.94, ,26.60, ,94.6, 
2025/7/4,11:00,0.0, ,165570, ,11.28, ,16.00, ,94.6, 
2025/7/4,12:00,0.0, ,165510, ,14.72, ,26.50, ,94.5, 
2025/7/4,13:00,0.0, ,165460, ,16.03, ,18.90, ,94.4, 
2025/7/4,14:00,0.0, ,165510, ,10.89, ,16.30, ,94.4, 
2025/7/4,15:00,0.0, ,165460, ,10.73, ,27.70, ,94.3, 
2025/7/4,16:00,0.4, ,165350, ,12.25, ,51.10, ,94.2, 
2025/7/4,17:00,0.6, ,165240, ,12.94, ,59.70, ,94.1, 
2025/7/4,18:00,0.0, ,165080, ,21.52, ,59.80, ,93.9, 
2025/7/4,19:00,0.0, ,164910, ,13.06, ,59.60, ,93.8, 
2025/7/4,20:00,0.0, ,164750, ,16.08, ,52.40, ,93.6, 
2025/7/4,21:00,0.0, ,164700, ,17.40, ,36.50, ,93.5, 
2025/7/4,22:00,0.0, ,164590, ,13.59, ,27.00, ,93.4, 
2025/7/4,23:00,0.0, ,164590, ,11.96, ,26.50, ,93.4, 
2025/7/4,24:00,0.0, ,164530, ,13.91, ,29.00, ,93.3, 
2025/7/5,01:00,0.0, ,164420, ,13.25, ,36.70, ,93.2, 
2025/7/5,02:00,0.0, ,164370, ,14.13, ,36.90, ,93.1, 
2025/7/5,03:00,0.0, ,164260, ,9.89, ,36.60, ,93.0, 
2025/7/5,04:00,0.0, ,164150, ,9.62, ,36.80, ,92.9, 
2025/7/5,05:00,0.0, ,164040, ,3.94, ,34.00, ,92.7, 
2025/7/5,06:00,0.0, ,163940, ,7.37, ,26.70, ,92.6, 
2025/7/5,07:00,0.0, ,163880, ,3.94, ,26.90, ,92.6, 
2025/7/5,08:00,0.0, ,163770, ,2.99, ,27.10, ,92.4, 
2025/7/5,09:00,0.0, ,163720, ,5.55, ,27.10, ,92.4, 
2025/7/5,10:00,0.0, ,163660, ,6.53, ,27.00, ,92.3, 
2025/7/5,11:00,0.0, ,163610, ,14.79, ,18.90, ,92.2, 
2025/7/5,12:00,0.0, ,163660, ,12.79, ,0.00, ,92.2, 
2025/7/5,13:00,0.0, ,163720, ,12.05, ,0.00, ,92.2, 
2025/7/5,14:00,0.0, ,163720, ,14.08, ,16.50, ,92.1, 
2025/7/5,15:00,0.0, ,163660, ,11.20, ,36.70, ,92.0, 
2025/7/5,16:00,0.0, ,163560, ,12.69, ,50.30, ,91.9, 
2025/7/5,17:00,0.0, ,163390, ,12.83, ,59.80, ,91.8, 
2025/7/5,18:00,0.0, ,163230, ,11.73, ,60.00, ,91.6, 
2025/7/5,19:00,0.0, ,163070, ,11.00, ,43.90, ,91.5, 
2025/7/5,20:00,0.0, ,162960, ,10.44, ,33.80, ,91.4, 
2025/7/5,21:00,0.0, ,162910, ,12.97, ,27.00, ,91.3, 
2025/7/5,22:00,0.0, ,162850, ,9.70, ,27.10, ,91.2, 
2025/7/5,23:00,0.0, ,162800, ,14.11, ,27.00, ,91.1, 
2025/7/5,24:00,0.0, ,162740, ,11.85, ,29.40, ,91.0, 
2025/7/6,01:00,0.0, ,162640, ,14.43, ,37.10, ,90.9, 
2025/7/6,02:00,0.0, ,162530, ,5.08, ,36.70, ,90.8, 
2025/7/6,03:00,0.0, ,162420, ,9.36, ,36.90, ,90.7, 
2025/7/6,04:00,0.0, ,162310, ,4.37, ,36.70, ,90.6, 
2025/7/6,05:00,0.0, ,162200, ,7.17, ,34.40, ,90.5, 
2025/7/6,06:00,0.0, ,162150, ,4.35, ,26.60, ,90.4, 
2025/7/6,07:00,0.0, ,162040, ,3.17, ,27.00, ,90.3, 
2025/7/6,08:00,0.0, ,161940, ,4.51, ,26.90, ,90.2, 
2025/7/6,09:00,0.0, ,161880, ,3.19, ,27.00, ,90.1, 
2025/7/6,10:00,0.0, ,161830, ,5.94, ,26.80, ,90.0, 
2025/7/6,11:00,0.0, ,161770, ,13.19, ,18.80, ,89.9, 
2025/7/6,12:00,0.0, ,161830, ,12.28, ,0.00, ,89.9, 
2025/7/6,13:00,0.0, ,161880, ,12.72, ,0.00, ,89.9, 
2025/7/6,14:00,0.0, ,161880, ,15.24, ,16.30, ,89.9, 
2025/7/6,15:00,0.0, ,161830, ,8.51, ,29.10, ,89.8, 
2025/7/6,16:00,0.0, ,161720, ,12.29, ,52.50, ,89.7, 
2025/7/6,17:00,0.0, ,161560, ,9.19, ,59.90, ,89.5, 
2025/7/6,18:00,0.0, ,161400, ,12.33, ,60.00, ,89.4, 
2025/7/6,19:00,0.0, ,161240, ,9.85, ,59.90, ,89.3, 
2025/7/6,20:00,0.0, ,161020, ,12.10, ,60.20, ,89.1, 
2025/7/6,21:00,0.0, ,160860, ,12.59, ,55.80, ,88.9, 
2025/7/6,22:00,0.0, ,160750, ,13.76, ,37.00, ,88.8, 
2025/7/6,23:00,0.0, ,160700, ,12.18, ,27.10, ,88.7, 
2025/7/6,24:00,0.0, ,160650, ,11.85, ,26.70, ,88.7, 
2025/7/7,01:00,0.0, ,160590, ,8.46, ,27.10, ,88.6, 
2025/7/7,02:00,0.0, ,160480, ,6.33, ,27.10, ,88.5, 
2025/7/7,03:00,0.0, ,160430, ,5.14, ,27.00, ,88.4, 
2025/7/7,04:00,0.0, ,160320, ,3.38, ,40.10, ,88.3, 
2025/7/7,05:00,0.0, ,160220, ,7.49, ,37.00, ,88.2, 
2025/7/7,06:00,0.0, ,160110, ,6.20, ,29.90, ,88.1, 
2025/7/7,07:00,0.0, ,160000, ,4.41, ,39.10, ,88.0, 
2025/7/7,08:00,0.0, ,159840, ,5.18, ,36.00, ,87.8, 
2025/7/7,09:00,0.0,-,159790, ,4.18, ,27.20, ,87.7, 
2025/7/7,10:00,0.0,-,159730, ,6.70, ,27.20, ,87.7, 
2025/7/7,11:00,0.0,-,159680, ,10.23, ,19.30, ,87.6, 
2025/7/7,12:00,0.0,-,159680, ,12.85, ,0.00, ,87.5, 
2025/7/7,13:00,0.0,-,159730, ,11.41, ,0.00, ,87.5, 
2025/7/7,14:00,0.0,-,159790, ,10.19, ,16.50, ,87.5, 
2025/7/7,15:00,0.0,-,159730, ,12.79, ,46.60, ,87.4, 
2025/7/7,16:00,0.0,-,159570, ,12.36, ,56.20, ,87.3, 
2025/7/7,17:00,0.0, ,159360, ,9.58, ,60.10, ,87.1, 
2025/7/7,18:00,0.0, ,159200, ,9.64, ,60.10, ,87.0, 
2025/7/7,19:00,0.0, ,159040, ,11.15, ,60.10, ,86.8, 
2025/7/7,20:00,0.0, ,158820, ,6.25, ,60.50, ,86.7, 
2025/7/7,21:00,0.0, ,158660, ,11.22, ,60.50, ,86.5, 
2025/7/7,22:00,0.0, ,158500, ,14.02, ,60.50, ,86.4, 
2025/7/7,23:00,0.0, ,158340, ,14.05, ,60.50, ,86.2, 
2025/7/7,24:00,0.0, ,158130, ,11.80, ,45.00, ,86.1, 
2025/7/8,01:00,0.0, ,158020, ,8.72, ,33.70, ,86.0, 
2025/7/8,02:00,0.0, ,157920, ,6.05, ,33.80, ,85.9, 
2025/7/8,03:00,0.0, ,157860, ,5.01, ,33.60, ,85.8, 
2025/7/8,04:00,0.0, ,157760, ,5.79, ,33.80, ,85.7, 
2025/7/8,05:00,0.0, ,157650, ,4.73, ,46.80, ,85.6, 
2025/7/8,06:00,0.0, ,157440, ,5.86, ,44.80, ,85.4, 
2025/7/8,07:00,0.0, ,157330, ,4.78, ,33.40, ,85.3, 
2025/7/8,08:00,0.0, ,157230, ,4.68, ,33.60, ,85.2, 
2025/7/8,09:00,0.0, ,157120, ,4.27, ,33.50, ,85.1, 
2025/7/8,10:00,0.0, ,157070, ,7.40, ,33.40, ,85.0, 
2025/7/8,11:00,0.0, ,157010, ,14.84, ,17.70, ,84.9, 
2025/7/8,12:00,0.0, ,157010, ,11.71, ,0.00, ,84.9, 
2025/7/8,13:00,0.0, ,157070, ,9.34, ,0.00, ,84.9, 
2025/7/8,14:00,0.0, ,157070, ,8.88, ,16.80, ,84.8, 
2025/7/8,15:00,0.0, ,157010, ,7.97, ,41.70, ,84.8, 
2025/7/8,16:00,2.3, ,156910, ,18.42, ,54.00, ,84.7, 
2025/7/8,17:00,4.6, ,156750, ,19.42, ,60.30, ,84.5, 
2025/7/8,18:00,0.7, ,156590, ,11.80, ,60.40, ,84.4, 
2025/7/8,19:00,0.0, ,156380, ,9.16, ,60.50, ,84.2, 
2025/7/8,20:00,0.0, ,156220, ,11.48, ,60.50, ,84.1, 
2025/7/8,21:00,0.0, ,156060, ,15.41, ,60.60, ,83.9, 
2025/7/8,22:00,0.0, ,155900, ,13.25, ,60.50, ,83.8, 
2025/7/8,23:00,0.0, ,155740, ,16.19, ,43.80, ,83.7, 
2025/7/8,24:00,0.0, ,155640, ,11.55, ,32.10, ,83.8, 
2025/7/9,01:00,0.0, ,155530, ,4.33, ,38.60, ,83.7, 
2025/7/9,02:00,0.0, ,155420, ,10.51, ,38.60, ,83.6, 
2025/7/9,03:00,0.0, ,155320, ,4.22, ,38.80, ,83.5, 
2025/7/9,04:00,0.0, ,155160, ,5.24, ,38.60, ,83.3, 
2025/7/9,05:00,0.0, ,155060, ,6.26, ,38.70, ,83.2, 
2025/7/9,06:00,0.0, ,154950, ,7.28, ,38.70, ,83.1, 
2025/7/9,07:00,0.0, ,154850, ,3.85, ,38.70, ,83.0, 
2025/7/9,08:00,0.1, ,154690, ,4.83, ,38.80, ,82.9, 
2025/7/9,09:00,0.0, ,154580, ,5.38, ,38.70, ,82.8, 
2025/7/9,10:00,0.0, ,154480, ,9.00, ,38.50, ,82.7, 
2025/7/9,11:00,0.0, ,154420, ,12.39, ,20.30, ,82.6, 
2025/7/9,12:00,0.0, ,154420, ,14.24, ,0.00, ,82.6, 
2025/7/9,13:00,0.0, ,154480, ,10.70, ,0.00, ,82.6, 
2025/7/9,14:00,0.0, ,154530, ,9.27, ,16.00, ,82.6, 
2025/7/9,15:00,0.0, ,154480, ,14.07, ,44.60, ,82.5, 
2025/7/9,16:00,0.0, ,154320, ,7.53, ,54.20, ,82.3, 
2025/7/9,17:00,0.0, ,154110, ,9.54, ,60.80, ,82.2, 
2025/7/9,18:00,0.0, ,153950, ,13.99, ,60.90, ,82.0, 
2025/7/9,19:00,0.0, ,153740, ,10.13, ,60.80, ,81.9, 
2025/7/9,20:00,0.0, ,153590, ,12.10, ,60.80, ,81.7, 
2025/7/9,21:00,0.0, ,153430, ,11.87, ,60.90, ,81.6, 
2025/7/9,22:00,0.0, ,153220, ,12.13, ,45.40, ,81.4, 
2025/7/9,23:00,0.0, ,153170, ,12.71, ,28.70, ,81.4, 
2025/7/9,24:00,0.0, ,153120, ,10.98, ,32.20, ,82.0, 
2025/7/10,01:00,0.0, ,153010, ,12.69, ,38.50, ,81.9, 
2025/7/10,02:00,0.0, ,152910, ,7.77, ,32.40, ,81.9, 
2025/7/10,03:00,0.0, ,152850, ,4.73, ,28.30, ,81.8, 
2025/7/10,04:00,0.0, ,152750, ,3.23, ,28.80, ,81.8, 
2025/7/10,05:00,0.0, ,152650, ,7.44, ,29.00, ,81.7, 
2025/7/10,06:00,0.0, ,152590, ,3.83, ,29.00, ,81.7, 
2025/7/10,07:00,0.0, ,152490, ,6.07, ,29.00, ,81.6, 
2025/7/10,08:00,0.0, ,152380, ,4.39, ,29.00, ,81.6, 
2025/7/10,09:00,0.0, ,152330, ,0.00,#,0.00,#,81.5, 
2025/7/10,10:00,0.0, ,152230, ,0.00,#,0.00,#,81.5, 
2025/7/10,11:00,0.0, ,152180, ,0.00,#,0.00,#,81.4, 
2025/7/10,12:00,0.0, ,152120, ,0.00,#,0.00,#,81.4, 
2025/7/10,13:00,0.0, ,152180, ,0.00,#,0.00,#,81.4, 
2025/7/10,14:00,0.0, ,152180, ,0.00,#,0.00,#,81.4, 
2025/7/10,15:00,0.0, ,152120, ,0.00,#,0.00,#,81.4, 
2025/7/10,16:00,0.0, ,151970, ,0.00,#,0.00,#,81.3, 
2025/7/10,17:00,0.0, ,151810, ,9.48, ,61.00, ,81.2, 
2025/7/10,18:00,0.0, ,151600, ,8.07, ,61.00, ,81.1, 
2025/7/10,19:00,0.0, ,151400, ,8.84, ,61.30, ,81.0, 
2025/7/10,20:00,0.0, ,151240, ,8.57, ,61.30, ,80.9, 
2025/7/10,21:00,0.0, ,151030, ,11.89, ,61.30, ,80.7, 
2025/7/10,22:00,0.0, ,150880, ,11.90, ,61.30, ,80.7, 
2025/7/10,23:00,0.0, ,150670, ,11.17, ,45.60, ,80.5, 
2025/7/10,24:00,0.0, ,150620, ,7.59, ,28.50, ,80.7, 
2025/7/11,01:00,0.0, ,150520, ,4.28, ,28.90, ,80.6, 
2025/7/11,02:00,0.0, ,150460, ,6.73, ,28.80, ,80.6, 
2025/7/11,03:00,0.0, ,150360, ,3.63, ,28.40, ,80.5, 
2025/7/11,04:00,0.0, ,150260, ,5.97, ,28.60, ,80.4, 
2025/7/11,05:00,0.0, ,150150, ,0.00, ,28.80, ,80.4, 
2025/7/11,06:00,0.0, ,150050, ,4.80, ,29.00, ,80.3, 
2025/7/11,07:00,0.0, ,150000, ,4.60, ,28.80, ,80.3, 
2025/7/11,08:00,0.0, ,149900, ,5.08, ,28.70, ,80.2, 
2025/7/11,09:00,0.0, ,149790, ,0.05, ,28.60, ,80.2, 
2025/7/11,10:00,0.0, ,149740, ,5.55, ,29.00, ,80.1, 
2025/7/11,11:00,0.0, ,149690, ,12.37, ,31.50, ,80.1, 
2025/7/11,12:00,0.0, ,149590, ,11.39, ,17.40, ,80.0, 
2025/7/11,13:00,0.0, ,149640, ,12.53, ,0.00, ,80.1, 
2025/7/11,14:00,0.0, ,149690, ,10.54, ,16.30, ,80.1, 
2025/7/11,15:00,0.0, ,149590, ,10.98, ,46.10, ,80.0, 
2025/7/11,16:00,0.0, ,149430, ,13.12, ,55.90, ,79.9, 
2025/7/11,17:00,0.6, ,149280, ,16.13, ,61.40, ,79.9, 
2025/7/11,18:00,1.1, ,149120, ,20.39, ,61.50, ,79.8, 
2025/7/11,19:00,0.7, ,148920, ,7.54, ,61.40, ,79.6, 
2025/7/11,20:00,0.1, ,148760, ,9.71, ,61.40, ,79.5, 
2025/7/11,21:00,0.3, ,148560, ,10.20, ,61.40, ,79.4, 
2025/7/11,22:00,0.0, ,148400, ,13.54, ,61.50, ,79.3, 
2025/7/11,23:00,0.0, ,148200, ,9.98, ,46.10, ,79.2, 
2025/7/11,24:00,0.0, ,148090, ,9.29, ,51.70, ,79.3, 
2025/7/12,01:00,0.0, ,147890, ,2.96, ,51.80, ,79.1, 
2025/7/12,02:00,0.3, ,147790, ,7.24, ,40.40, ,79.1, 
2025/7/12,03:00,0.1, ,147630, ,2.97, ,40.50, ,79.0, 
2025/7/12,04:00,0.0, ,147530, ,7.25, ,40.60, ,78.9, 
2025/7/12,05:00,0.0, ,147430, ,4.62, ,40.40, ,78.9, 
2025/7/12,06:00,0.0, ,147270, ,6.10, ,37.40, ,78.8, 
2025/7/12,07:00,0.0, ,147170, ,1.78, ,28.80, ,78.7, 
2025/7/12,08:00,0.0, ,147070, ,5.45, ,29.00, ,78.6, 
2025/7/12,09:00,0.0, ,147020, ,3.82, ,28.80, ,78.6, 
2025/7/12,10:00,0.0, ,146910, ,6.17, ,28.80, ,78.5, 
2025/7/12,11:00,0.0, ,146860, ,9.64, ,20.80, ,78.5, 
2025/7/12,12:00,0.0, ,146910, ,11.14, ,0.00, ,78.5, 
2025/7/12,13:00,0.0, ,146970, ,9.95, ,0.00, ,78.6, 
2025/7/12,14:00,0.0, ,146970, ,12.34, ,16.00, ,78.6, 
2025/7/12,15:00,0.0, ,146910, ,9.89, ,37.60, ,78.5, 
2025/7/12,16:00,1.1, ,146760, ,11.22, ,51.40, ,78.5, 
2025/7/12,17:00,0.7, ,146610, ,10.97, ,61.70, ,78.4, 
2025/7/12,18:00,0.0, ,146400, ,11.58, ,61.80, ,78.2, 
2025/7/12,19:00,0.0, ,146250, ,6.91, ,62.00, ,78.2, 
2025/7/12,20:00,0.1, ,146050, ,8.57, ,62.00, ,78.0, 
2025/7/12,21:00,0.1, ,145840, ,10.29, ,62.00, ,77.9, 
2025/7/12,22:00,0.3, ,145640, ,10.78, ,62.00, ,77.8, 
2025/7/12,23:00,0.2, ,145490, ,11.75, ,48.00, ,77.7, 
2025/7/12,24:00,0.3, ,145380, ,8.57, ,35.00, ,78.3, 
2025/7/13,01:00,0.3, ,145280, ,5.52, ,40.20, ,78.2, 
2025/7/13,02:00,0.0, ,145130, ,4.44, ,40.20, ,78.1, 
2025/7/13,03:00,0.0, ,144980, ,6.45, ,40.70, ,78.0, 
2025/7/13,04:00,0.0, ,144880, ,2.54, ,40.60, ,78.0, 
2025/7/13,05:00,0.2, ,144720, ,6.33, ,37.60, ,77.9, 
2025/7/13,06:00,0.5, ,144670, ,3.26, ,29.00, ,77.8, 
2025/7/13,07:00,0.3, ,144570, ,2.98, ,29.00, ,77.8, 
2025/7/13,08:00,0.2, ,144470, ,5.63, ,29.20, ,77.7, 
2025/7/13,09:00,0.0, ,144270, ,0.00, ,29.40, ,77.6, 
2025/7/13,10:00,1.2, ,144170, ,0.75, ,29.10, ,77.5, 
2025/7/13,11:00,0.3, ,144120, ,10.55, ,20.90, ,77.5, 
2025/7/13,12:00,0.5, ,144170, ,10.78, ,0.00, ,77.5, 
2025/7/13,13:00,0.5, ,144220, ,14.97, ,0.00, ,77.6, 
2025/7/13,14:00,0.8, ,144220, ,10.79, ,16.50, ,77.6, 
2025/7/13,15:00,0.9, ,144220, ,14.08, ,38.50, ,77.6, 
2025/7/13,16:00,0.8, ,144070, ,13.21, ,52.10, ,77.5, 
2025/7/13,17:00,0.4, ,143910, ,15.33, ,62.20, ,77.4, 
2025/7/13,18:00,1.2, ,143710, ,14.61, ,62.40, ,77.3, 
2025/7/13,19:00,0.4, ,143560, ,16.06, ,62.30, ,77.2, 
2025/7/13,20:00,0.2, ,143410, ,15.59, ,62.30, ,77.1, 
2025/7/13,21:00,0.0, ,143210, ,13.98, ,62.20, ,77.0, 
2025/7/13,22:00,0.9, ,143060, ,14.01, ,62.30, ,76.9, 
2025/7/13,23:00,1.4, ,142860, ,13.36, ,48.30, ,76.7, 
2025/7/13,24:00,2.5, ,142810, ,13.85, ,34.30, ,76.9, 
2025/7/14,01:00,4.1, ,142710, ,13.26, ,31.70, ,76.8, 
2025/7/14,02:00,3.4, ,142660, ,18.71, ,31.90, ,76.8, 
2025/7/14,03:00,2.3, ,142610, ,14.63, ,31.90, ,76.8, 
2025/7/14,04:00,2.8, ,142560, ,19.41, ,34.80, ,76.7, 
2025/7/14,05:00,6.4, ,142510, ,18.35, ,34.50, ,76.7, 
2025/7/14,06:00,19.0, ,142460, ,22.53, ,34.80, ,76.7, 
2025/7/14,07:00,22.4, ,142660, ,44.66, ,34.60, ,76.8, 
2025/7/14,08:00,12.5, ,142960, ,107.22, ,34.70, ,77.0, 
2025/7/14,09:00,26.0, ,143460, ,153.71, ,34.40, ,77.3, 
2025/7/14,10:00,15.0, ,144420, ,226.88, ,34.20, ,77.9, 
2025/7/14,11:00,15.4, ,146100, ,400.33, ,17.60, ,78.9, 
2025/7/14,12:00,26.7, ,147840, ,498.10, ,0.00, ,79.9, 
2025/7/14,13:00,14.5, ,151660, ,742.54, ,0.00, ,82.2, 
2025/7/14,14:00,14.3, ,156010, ,1173.98, ,0.00, ,84.8, 
2025/7/14,15:00,14.2, ,159950, ,1179.48, ,0.00, ,87.2, 
2025/7/14,16:00,20.7, ,163560, ,1008.11, ,0.00, ,89.4, 
2025/7/14,17:00,12.9, ,168540, ,1193.53, ,0.00, ,92.4, 
2025/7/14,18:00,0.1, ,173150, ,1386.16, ,15.90, ,95.2, 
2025/7/14,19:00,0.4, ,176080, ,1042.43, ,45.60, ,96.9, 
2025/7/14,20:00,0.3, ,178180, ,727.11, ,55.30, ,98.2, 
2025/7/14,21:00,0.0, ,179660, ,547.04, ,58.50, ,99.1, 
2025/7/14,22:00,0.0, ,180980, ,452.86, ,58.50, ,99.9, 
2025/7/14,23:00,0.0, ,182070, ,382.62, ,58.60, ,100.0, 
2025/7/14,24:00,0.0, ,182940, ,331.87, ,58.60, ,100.0, 
2025/7/15,01:00,0.0, ,183750, ,289.01, ,58.70, ,100.0, 
2025/7/15,02:00,0.0, ,184450, ,261.55, ,58.50, ,100.0, 
2025/7/15,03:00,0.0, ,185030, ,237.61, ,58.60, ,100.0, 
2025/7/15,04:00,0.0, ,185610, ,218.89, ,58.10, ,100.0, 
2025/7/15,05:00,0.0, ,186080, ,203.18, ,58.00, ,100.0, 
2025/7/15,06:00,0.0, ,186550, ,188.80, ,58.10, ,100.0, 
2025/7/15,07:00,0.0, ,186960, ,180.55, ,58.00, ,100.0, 
2025/7/15,08:00,0.0, ,187310, ,165.56, ,57.90, ,100.0, 
2025/7/15,09:00,0.0, ,187600, ,148.60, ,57.70, ,100.0, 
2025/7/15,10:00,0.0, ,187890, ,145.69, ,57.70, ,100.0, 
2025/7/15,11:00,0.0, ,188190, ,138.95, ,57.80, ,100.0, 
2025/7/15,12:00,0.0, ,188420, ,129.50, ,57.70, ,100.0, 
2025/7/15,13:00,0.0, ,188660, ,118.68, ,58.00, ,100.0, 
2025/7/15,14:00,0.0, ,188830, ,112.78, ,57.70, ,100.0, 
2025/7/15,15:00,0.0, ,189010, ,110.27, ,57.80, ,100.0, 
2025/7/15,16:00,0.3, ,189190, ,108.60, ,57.90, ,100.0, 
2025/7/15,17:00,1.1, ,189360, ,103.45, ,57.70, ,100.0, 
2025/7/15,18:00,1.5, ,189480, ,97.20, ,57.80, ,100.0, 
2025/7/15,19:00,0.0, ,189600, ,94.24, ,57.70, ,100.0, 
2025/7/15,20:00,0.0, ,189770, ,98.32, ,57.70, ,100.0, 
2025/7/15,21:00,0.0, ,189950, ,99.85, ,56.70, ,100.0, 
2025/7/15,22:00,0.0, ,190070, ,96.68, ,56.80, ,100.0, 
2025/7/15,23:00,0.0, ,190190, ,92.37, ,56.90, ,100.0, 
2025/7/15,24:00,0.1, ,190310, ,91.62, ,56.90, ,100.0, 
2025/7/16,01:00,0.1, ,190360, ,78.52, ,56.90, ,100.0, 
2025/7/16,02:00,0.0, ,190420, ,74.92, ,57.00, ,100.0, 
2025/7/16,03:00,0.0, ,190480, ,71.97, ,56.90, ,100.0, 
2025/7/16,04:00,0.0, ,190540, ,76.07, ,56.90, ,100.0, 
2025/7/16,05:00,0.0, ,190600, ,69.27, ,57.00, ,100.0, 
2025/7/16,06:00,0.0, ,190660, ,69.82, ,57.00, ,100.0, 
2025/7/16,07:00,0.0, ,190660, ,68.99, ,57.00, ,100.0, 
2025/7/16,08:00,0.0, ,190660, ,60.22, ,57.00, ,100.0, 
2025/7/16,09:00,0.0, ,190660, ,56.97, ,57.00, ,100.0, 
2025/7/16,10:00,0.0, ,190720, ,66.85, ,57.00, ,100.0, 
2025/7/16,11:00,0.0, ,190720, ,63.52, ,56.80, ,100.0, 
2025/7/16,12:00,0.0, ,190720, ,56.96, ,56.90, ,100.0, 
2025/7/16,13:00,0.0, ,190720, ,56.99, ,57.20, ,100.0, 
2025/7/16,14:00,0.0, ,190720, ,57.08, ,57.10, ,100.0, 
2025/7/16,15:00,0.1, ,190720, ,57.04, ,57.00, ,100.0, 
2025/7/16,16:00,0.9, ,190720, ,57.03, ,57.10, ,100.0, 
2025/7/16,17:00,0.4, ,190720, ,57.03, ,57.00, ,100.0, 
2025/7/16,18:00,0.5, ,190720, ,56.98, ,57.10, ,100.0, 
2025/7/16,19:00,0.3, ,190720, ,56.74, ,56.90, ,100.0, 
2025/7/16,20:00,0.0, ,190720, ,57.28, ,57.00, ,100.0, 
2025/7/16,21:00,0.2, ,190720, ,48.78, ,57.00, ,100.0, 
2025/7/16,22:00,0.0, ,190660, ,51.24, ,57.00, ,100.0, 
2025/7/16,23:00,0.1, ,190660, ,54.55, ,56.90, ,100.0, 
2025/7/16,24:00,1.6, ,190600, ,49.90, ,57.00, ,100.0, 
2025/7/17,01:00,1.1, ,190540, ,47.20, ,57.00, ,100.0, 
2025/7/17,02:00,0.0, ,190540, ,42.53, ,57.00, ,100.0, 
2025/7/17,03:00,0.0, ,190480, ,46.07, ,57.10, ,99.9, 
2025/7/17,04:00,0.0, ,190420, ,44.44, ,57.00, ,99.9, 
2025/7/17,05:00,0.0, ,190360, ,44.43, ,57.00, ,99.9, 
2025/7/17,06:00,0.3, ,190360, ,42.51, ,57.00, ,99.9, 
2025/7/17,07:00,0.0, ,190310, ,47.16, ,57.00, ,99.8, 
2025/7/17,08:00,8.1, ,190250, ,47.16, ,57.00, ,99.8, 
2025/7/17,09:00,2.4, ,190250, ,56.97, ,57.00, ,99.8, 
2025/7/17,10:00,5.2, ,190310, ,44.72, ,57.00, ,99.8, 
2025/7/17,11:00,26.0, ,190600, ,110.27, ,56.90, ,100.0, 
2025/7/17,12:00,18.0, ,191370, ,302.58, ,132.90, ,100.0, 
2025/7/17,13:00,7.4, ,192610, ,650.45, ,391.94, ,100.0, 
2025/7/17,14:00,6.2, ,192790, ,579.59, ,600.86, ,100.0, 
2025/7/17,15:00,12.8, ,192440, ,494.91, ,550.26, ,100.0, 
2025/7/17,16:00,22.8, ,192500, ,530.46, ,551.17, ,100.0, 
2025/7/17,17:00,26.2, ,193750, ,1085.53, ,792.74, ,100.0, 
2025/7/17,18:00,12.2, ,196140, ,1496.89, ,980.50, ,100.0, 
2025/7/17,19:00,12.5, ,198250, ,1661.25, ,1066.36, ,100.0, 
2025/7/17,20:00,16.2, ,199460, ,1399.85, ,1063.82, ,100.0, 
2025/7/17,21:00,10.9, ,200740, ,1424.32, ,1064.16, ,100.0, 
2025/7/17,22:00,6.7, ,201840, ,1372.68, ,1065.59, ,100.0, 
2025/7/17,23:00,7.0, ,202080, ,1123.87, ,1065.84, ,100.0, 
2025/7/17,24:00,9.6, ,202080, ,1027.90, ,1010.15, ,100.0, 
2025/7/18,01:00,12.9, ,202260, ,1099.15, ,1065.99, ,100.0, 
2025/7/18,02:00,20.8, ,202750, ,1205.04, ,1067.34, ,100.0, 
2025/7/18,03:00,19.2, ,204840, ,1617.78, ,1065.40, ,100.0, 
2025/7/18,04:00,12.3, ,208430, ,2180.10, ,1217.36, ,100.0, 
2025/7/18,05:00,3.3, ,210360, ,1746.15, ,1217.22, ,100.0, 
2025/7/18,06:00,9.0, ,211050, ,1408.72, ,1218.41, ,100.0, 
2025/7/18,07:00,13.1, ,210980, ,1189.04, ,1178.96, ,100.0, 
2025/7/18,08:00,4.6, ,210730, ,1021.37, ,1013.05, ,100.0, 
2025/7/18,09:00,1.0, ,210800, ,968.12, ,960.31, ,100.0, 
2025/7/18,10:00,0.2, ,210610, ,892.75, ,868.55, ,100.0, 
2025/7/18,11:00,1.7, ,210300, ,712.55, ,786.78, ,100.0, 
2025/7/18,12:00,3.8, ,209860, ,651.39, ,736.66, ,100.0, 
2025/7/18,13:00,3.1, ,209420, ,625.53, ,719.85, ,100.0, 
2025/7/18,14:00,0.5, ,208930, ,576.42, ,672.18, ,100.0, 
2025/7/18,15:00,0.2, ,208490, ,550.92, ,641.84, ,100.0, 
2025/7/18,16:00,0.0, ,208000, ,493.89, ,587.44, ,100.0, 
2025/7/18,17:00,0.0, ,207440, ,443.00, ,545.70, ,100.0, 
2025/7/18,18:00,0.1, ,206940, ,398.04, ,490.69, ,100.0, 
2025/7/18,19:00,0.0, ,206510, ,366.45, ,438.46, ,100.0, 
2025/7/18,20:00,0.3, ,206200, ,338.03, ,398.26, ,100.0, 
2025/7/18,21:00,1.3, ,205950, ,318.80, ,379.10, ,100.0, 
2025/7/18,22:00,0.6, ,205650, ,297.66, ,352.62, ,100.0, 
2025/7/18,23:00,1.2, ,205400, ,281.24, ,330.66, ,100.0, 
2025/7/18,24:00,1.3, ,205150, ,263.87, ,317.08, ,100.0, 
2025/7/19,01:00,0.1, ,204910, ,249.31, ,304.06, ,100.0, 
2025/7/19,02:00,0.0, ,204660, ,242.80, ,303.08, ,100.0, 
2025/7/19,03:00,0.4, ,204410, ,229.62, ,302.20, ,100.0, 
2025/7/19,04:00,0.1, ,204110, ,223.18, ,300.96, ,100.0, 
2025/7/19,05:00,1.4, ,203800, ,212.09, ,299.73, ,100.0, 
2025/7/19,06:00,0.9, ,203430, ,205.99, ,298.23, ,100.0, 
2025/7/19,07:00,1.5, ,203060, ,196.94, ,292.21, ,100.0, 
2025/7/19,08:00,1.3, ,202690, ,195.63, ,290.64, ,100.0, 
2025/7/19,09:00,0.1, ,202330, ,192.31, ,289.45, ,100.0, 
2025/7/19,10:00,0.5, ,201960, ,186.79, ,284.27, ,100.0, 
2025/7/19,11:00,0.0, ,201650, ,188.17, ,283.03, ,100.0, 
2025/7/19,12:00,0.5, ,201290, ,177.34, ,281.63, ,100.0, 
2025/7/19,13:00,0.4, ,200860, ,174.34, ,276.16, ,100.0, 
2025/7/19,14:00,0.3, ,200680, ,170.95, ,170.50, ,100.0, 
2025/7/19,15:00,0.0, ,200680, ,156.18, ,156.49, ,100.0, 
2025/7/19,16:00,0.0, ,200680, ,163.56, ,156.99, ,100.0, 
2025/7/19,17:00,0.0, ,200680, ,147.71, ,156.99, ,100.0, 
2025/7/19,18:00,0.0, ,200610, ,139.49, ,141.00, ,100.0, 
2025/7/19,19:00,0.0, ,200610, ,133.78, ,129.63, ,100.0, 
2025/7/19,20:00,0.0, ,200680, ,132.54, ,124.02, ,100.0, 
2025/7/19,21:00,0.0, ,200680, ,134.75, ,124.02, ,100.0, 
2025/7/19,22:00,0.0, ,200680, ,125.47, ,124.12, ,100.0, 
2025/7/19,23:00,0.0, ,200680, ,124.09, ,123.92, ,100.0, 
2025/7/19,24:00,0.0, ,200610, ,119.84, ,123.96, ,100.0, 
2025/7/20,01:00,0.0, ,200610, ,111.33, ,123.96, ,100.0, 
2025/7/20,02:00,0.5, ,200550, ,109.22, ,102.08, ,100.0, 
2025/7/20,03:00,0.0, ,200610, ,108.48, ,102.42, ,100.0, 
2025/7/20,04:00,0.2, ,200610, ,106.08, ,102.32, ,100.0, 
2025/7/20,05:00,0.2, ,200610, ,98.78, ,90.66, ,100.0, 
2025/7/20,06:00,0.1, ,200610, ,96.09, ,90.96, ,100.0, 
2025/7/20,07:00,0.1, ,200610, ,90.80, ,90.56, ,100.0, 
2025/7/20,08:00,0.1, ,200610, ,95.31, ,90.86, ,100.0, 
2025/7/20,09:00,0.2, ,200680, ,99.03, ,90.78, ,100.0, 
2025/7/20,10:00,0.3, ,200610, ,93.97, ,90.86, ,100.0, 
2025/7/20,11:00,0.3, ,200680, ,90.60, ,88.38, ,100.0, 
2025/7/20,12:00,0.4, ,200680, ,89.86, ,88.28, ,100.0, 
2025/7/20,13:00,0.3, ,200680, ,88.39, ,88.38, ,100.0, 
2025/7/20,14:00,0.0, ,200680, ,87.02, ,84.44, ,100.0, 
2025/7/20,15:00,0.0, ,200610, ,81.16, ,80.48, ,100.0, 
2025/7/20,16:00,0.0, ,200680, ,75.64, ,60.32, ,100.0, 
2025/7/20,17:00,0.0, ,200680, ,68.12, ,60.52, ,100.0, 
2025/7/20,18:00,0.0, ,200740, ,76.44, ,60.42, ,100.0, 
2025/7/20,19:00,0.0, ,200800, ,72.23, ,60.32, ,100.0, 
2025/7/20,20:00,0.0, ,200800, ,66.28, ,60.42, ,100.0, 
2025/7/20,21:00,0.0, ,200860, ,73.90, ,60.22, ,100.0, 
2025/7/20,22:00,0.0, ,200860, ,62.89, ,60.32, ,100.0, 
2025/7/20,23:00,0.0, ,200860, ,60.34, ,60.22, ,100.0, 
2025/7/20,24:00,0.0, ,200860, ,60.31, ,60.22, ,100.0, 
2025/7/21,01:00,0.0, ,200860, ,60.32, ,60.32, ,100.0, 
2025/7/21,02:00,0.1, ,200860, ,62.27, ,60.42, ,100.0, 
2025/7/21,03:00,0.0, ,200860, ,60.34, ,60.32, ,100.0, 
2025/7/21,04:00,0.0, ,200860, ,58.36, ,60.32, ,100.0, 
2025/7/21,05:00,0.0, ,200860, ,60.31, ,60.32, ,100.0, 
2025/7/21,06:00,0.0, ,200860, ,60.31, ,60.32, ,100.0, 
2025/7/21,07:00,0.0, ,200800, ,55.74, ,60.02, ,100.0, 
2025/7/21,08:00,0.0, ,200800, ,47.82, ,60.22, ,100.0, 
2025/7/21,09:00,0.0, ,200800, ,60.25, ,60.22, ,100.0, 
2025/7/21,10:00,0.0, ,200740, ,47.87, ,60.32, ,100.0, 
2025/7/21,11:00,0.0, ,200740, ,55.78, ,60.42, ,100.0, 
2025/7/21,12:00,0.0, ,200680, ,51.38, ,56.10, ,100.0, 
2025/7/21,13:00,0.0, ,200680, ,50.57, ,56.40, ,100.0, 
2025/7/21,14:00,0.0, ,200680, ,56.34, ,56.40, ,100.0, 
2025/7/21,15:00,0.0, ,200680, ,50.13, ,56.50, ,100.0, 
2025/7/21,16:00,0.0, ,200610, ,45.63, ,56.50, ,100.0, 
2025/7/21,17:00,0.0, ,200610, ,56.39, ,56.70, ,100.0, 
2025/7/21,18:00,0.0, ,200550, ,48.52, ,56.50, ,100.0, 
2025/7/21,19:00,0.0, ,200550, ,47.37, ,56.40, ,100.0, 
2025/7/21,20:00,0.0, ,200490, ,45.68, ,56.40, ,100.0, 
2025/7/21,21:00,0.0, ,200430, ,46.51, ,56.40, ,100.0, 
2025/7/21,22:00,0.0, ,200430, ,43.71, ,56.40, ,100.0, 
2025/7/21,23:00,0.0, ,200370, ,45.68, ,56.30, ,100.0, 
2025/7/21,24:00,0.0, ,200310, ,45.35, ,56.30, ,100.0, 
2025/7/22,01:00,0.0, ,200250, ,41.69, ,56.30, ,100.0, 
2025/7/22,02:00,0.0, ,200190, ,39.46, ,56.40, ,100.0, 
2025/7/22,03:00,0.0, ,200190, ,41.46, ,56.40, ,100.0, 
2025/7/22,04:00,0.0, ,200130, ,40.61, ,56.40, ,100.0, 
2025/7/22,05:00,0.0, ,200070, ,43.14, ,56.40, ,100.0, 
2025/7/22,06:00,0.0, ,200010, ,38.06, ,56.30, ,100.0, 
2025/7/22,07:00,0.0, ,199950, ,40.28, ,56.30, ,100.0, 
2025/7/22,08:00,0.0, ,199880, ,41.39, ,56.20, ,100.0, 
2025/7/22,09:00,0.0, ,199820, ,36.91, ,56.30, ,100.0, 
2025/7/22,10:00,0.0, ,199760, ,40.84, ,56.30, ,100.0, 
2025/7/22,11:00,0.0, ,199700, ,37.45, ,56.30, ,100.0, 
2025/7/22,12:00,0.0, ,199580, ,37.21, ,56.30, ,100.0, 
2025/7/22,13:00,0.0, ,199520, ,33.82, ,56.20, ,100.0, 
2025/7/22,14:00,0.0, ,199460, ,36.94, ,56.50, ,100.0, 
2025/7/22,15:00,0.0, ,199400, ,39.21, ,56.20, ,100.0, 
2025/7/22,16:00,0.0, ,199340, ,37.48, ,56.10, ,100.0, 
2025/7/22,17:00,0.0, ,199280, ,36.08, ,56.40, ,100.0, 
2025/7/22,18:00,0.0, ,199160, ,36.98, ,56.40, ,100.0, 
2025/7/22,19:00,0.0, ,199100, ,31.66, ,56.40, ,100.0, 
2025/7/22,20:00,0.0, ,198970, ,32.49, ,56.30, ,100.0, 
2025/7/22,21:00,0.0, ,198910, ,29.14, ,56.20, ,100.0, 
2025/7/22,22:00,0.0, ,198850, ,34.64, ,56.20, ,100.0, 
2025/7/22,23:00,0.0, ,198730, ,27.98, ,56.20, ,100.0, 
2025/7/22,24:00,0.0, ,198610, ,32.78, ,56.30, ,100.0, 
2025/7/23,01:00,0.0, ,198550, ,29.13, ,56.40, ,100.0, 
2025/7/23,02:00,0.0, ,198430, ,34.21, ,56.30, ,100.0, 
2025/7/23,03:00,0.0, ,198370, ,27.51, ,56.40, ,100.0, 
2025/7/23,04:00,0.0, ,198250, ,32.81, ,56.30, ,100.0, 
2025/7/23,05:00,0.0, ,198190, ,28.89, ,56.40, ,100.0, 
2025/7/23,06:00,0.0, ,198070, ,28.35, ,56.30, ,100.0, 
2025/7/23,07:00,0.0, ,198010, ,31.69, ,56.30, ,100.0, 
2025/7/23,08:00,0.0, ,197890, ,28.60, ,56.00, ,100.0, 
2025/7/23,09:00,0.0, ,197770, ,30.87, ,56.30, ,100.0, 
2025/7/23,10:00,0.0, ,197700, ,27.81, ,56.30, ,100.0, 
2025/7/23,11:00,0.0, ,197580, ,26.13, ,56.30, ,100.0, 
2025/7/23,12:00,0.0, ,197460, ,28.39, ,56.40, ,100.0, 
2025/7/23,13:00,0.0, ,197340, ,28.14, ,56.30, ,100.0, 
2025/7/23,14:00,0.0, ,197280, ,27.03, ,56.30, ,100.0, 
2025/7/23,15:00,0.0, ,197160, ,28.45, ,56.30, ,100.0, 
2025/7/23,16:00,0.0, ,197100, ,30.67, ,56.30, ,100.0, 
2025/7/23,17:00,0.0, ,196980, ,25.37, ,56.30, ,100.0, 
2025/7/23,18:00,0.0, ,196860, ,28.16, ,56.30, ,100.0, 
2025/7/23,19:00,0.0, ,196740, ,25.68, ,56.30, ,100.0, 
2025/7/23,20:00,0.0, ,196620, ,25.36, ,56.20, ,100.0, 
2025/7/23,21:00,0.0, ,196560, ,27.05, ,56.20, ,100.0, 
2025/7/23,22:00,0.0, ,196440, ,27.08, ,56.20, ,100.0, 
2025/7/23,23:00,0.0, ,196320, ,27.36, ,56.30, ,100.0, 
2025/7/23,24:00,0.0, ,196200, ,27.37, ,56.30, ,100.0, 
2025/7/24,01:00,0.0, ,196080, ,25.50, ,56.60, ,100.0, 
2025/7/24,02:00,0.0, ,196020, ,24.26, ,56.60, ,100.0, 
2025/7/24,03:00,0.0, ,195900, ,27.59, ,56.50, ,100.0, 
2025/7/24,04:00,0.0, ,195780, ,28.72, ,56.50, ,100.0, 
2025/7/24,05:00,0.0, ,195660, ,24.83, ,56.50, ,100.0, 
2025/7/24,06:00,0.0, ,195540, ,25.96, ,56.40, ,100.0, 
2025/7/24,07:00,0.0, ,195480, ,25.66, ,56.60, ,100.0, 
2025/7/24,08:00,0.0, ,195360, ,26.86, ,56.70, ,100.0, 
2025/7/24,09:00,0.0, ,195240, ,22.43, ,56.40, ,100.0, 
2025/7/24,10:00,0.0, ,195120, ,26.00, ,56.40, ,100.0, 
2025/7/24,11:00,0.0, ,195000, ,27.10, ,56.50, ,100.0, 
2025/7/24,12:00,0.0, ,194880, ,24.08, ,56.50, ,100.0, 
2025/7/24,13:00,0.0, ,194760, ,26.05, ,56.70, ,100.0, 
2025/7/24,14:00,0.0, ,194640, ,26.34, ,56.60, ,100.0, 
2025/7/24,15:00,0.0, ,194580, ,24.10, ,56.50, ,100.0, 
2025/7/24,16:00,0.0, ,194460, ,23.54, ,56.50, ,100.0, 
2025/7/24,17:00,0.0, ,194340, ,26.10, ,56.40, ,100.0, 
2025/7/24,18:00,0.0, ,194220, ,25.26, ,56.50, ,100.0, 
2025/7/24,19:00,0.0, ,194100, ,21.11, ,56.50, ,100.0, 
2025/7/24,20:00,0.0, ,193980, ,27.71, ,56.40, ,100.0, 
2025/7/24,21:00,0.0, ,193860, ,23.26, ,56.50, ,100.0, 
2025/7/24,22:00,0.0, ,193750, ,23.87, ,56.40, ,100.0, 
2025/7/24,23:00,0.0, ,193630, ,26.37, ,56.50, ,100.0, 
2025/7/24,24:00,0.0, ,193510, ,20.30, ,56.60, ,100.0, 
2025/7/25,01:00,0.0, ,193390, ,27.49, ,56.50, ,100.0, 
2025/7/25,02:00,0.0, ,193270, ,22.77, ,56.30, ,100.0, 
2025/7/25,03:00,0.0, ,193150, ,23.88, ,56.40, ,100.0, 
2025/7/25,04:00,0.0, ,193030, ,26.08, ,56.30, ,100.0, 
2025/7/25,05:00,0.0, ,192910, ,20.04, ,56.50, ,100.0, 
2025/7/25,06:00,0.0, ,192790, ,24.74, ,56.40, ,100.0, 
2025/7/25,07:00,0.0, ,192670, ,24.78, ,56.30, ,100.0, 
2025/7/25,08:00,0.0, ,192550, ,22.90, ,56.70, ,100.0, 
2025/7/25,09:00,0.0, ,192440, ,20.66, ,56.80, ,100.0, 
2025/7/25,10:00,0.0, ,192320, ,25.11, ,56.70, ,100.0, 
2025/7/25,11:00,0.0, ,192200, ,23.74, ,56.80, ,100.0, 
2025/7/25,12:00,0.0, ,192080, ,21.29, ,56.70, ,100.0, 
2025/7/25,13:00,0.0, ,191960, ,26.79, ,56.70, ,100.0, 
2025/7/25,14:00,0.0, ,191840, ,18.30, ,56.70, ,99.9, 
2025/7/25,15:00,0.0, ,191720, ,29.26, ,56.70, ,99.8, 
2025/7/25,16:00,0.0, ,191610, ,19.70, ,56.80, ,99.8, 
2025/7/25,17:00,0.0, ,191490, ,25.76, ,56.70, ,99.7, 
2025/7/25,18:00,0.0, ,191370, ,20.55, ,56.70, ,99.6, 
2025/7/25,19:00,0.0, ,191250, ,25.49, ,56.70, ,99.5, 
2025/7/25,20:00,0.0, ,191130, ,21.35, ,56.70, ,99.5, 
2025/7/25,21:00,0.3, ,190950, ,20.31, ,56.60, ,99.4, 
2025/7/25,22:00,0.5, ,190900, ,20.88, ,56.70, ,99.3, 
2025/7/25,23:00,0.0, ,190720, ,23.08, ,56.70, ,99.2, 
2025/7/25,24:00,0.0, ,190600, ,21.43, ,52.20, ,100.0, 
2025/7/26,01:00,0.3, ,190540, ,20.36, ,42.80, ,100.0, 
2025/7/26,02:00,0.2, ,190480, ,20.93, ,37.40, ,99.9, 
2025/7/26,03:00,0.1, ,190360, ,17.07, ,37.60, ,99.9, 
2025/7/26,04:00,0.1, ,190310, ,22.31, ,36.70, ,99.8, 
2025/7/26,05:00,0.3, ,190310, ,15.85, ,31.70, ,99.8, 
2025/7/26,06:00,0.6, ,190250, ,18.24, ,31.30, ,99.8, 
2025/7/26,07:00,0.1, ,190190, ,17.98, ,31.60, ,99.8, 
2025/7/26,08:00,0.3, ,190130, ,19.64, ,31.60, ,99.7, 
2025/7/26,09:00,0.6, ,190070, ,20.47, ,31.60, ,99.7, 
2025/7/26,10:00,3.0, ,190010, ,12.79, ,31.70, ,99.6, 
2025/7/26,11:00,0.3, ,189950, ,20.39, ,16.80, ,99.6, 
2025/7/26,12:00,0.5, ,190070, ,17.92, ,0.00, ,99.7, 
2025/7/26,13:00,0.0, ,190130, ,16.65, ,0.00, ,99.7, 
2025/7/26,14:00,0.9, ,190190, ,16.95, ,15.60, ,99.8, 
2025/7/26,15:00,0.4, ,190130, ,17.04, ,26.90, ,99.7, 
2025/7/26,16:00,0.0, ,190130, ,18.66, ,35.30, ,99.7, 
2025/7/26,17:00,0.0, ,190010, ,15.38, ,48.20, ,99.6, 
2025/7/26,18:00,0.1, ,189890, ,23.41, ,56.80, ,99.6, 
2025/7/26,19:00,0.0, ,189720, ,16.40, ,56.60, ,99.5, 
2025/7/26,20:00,0.0, ,189600, ,17.86, ,56.90, ,99.4, 
2025/7/26,21:00,0.3, ,189480, ,19.87, ,57.00, ,99.3, 
2025/7/26,22:00,0.0, ,189360, ,21.26, ,39.00, ,99.3, 
2025/7/26,23:00,0.1, ,189300, ,18.18, ,27.00, ,99.2, 
2025/7/26,24:00,0.8, ,189250, ,15.95, ,27.80, ,100.0, 
2025/7/27,01:00,0.0, ,189190, ,16.86, ,34.20, ,100.0, 
2025/7/27,02:00,0.1, ,189130, ,14.69, ,34.10, ,99.9, 
2025/7/27,03:00,0.0, ,189070, ,16.41, ,33.90, ,99.9, 
2025/7/27,04:00,0.0, ,189010, ,16.13, ,34.10, ,99.9, 
2025/7/27,05:00,0.0, ,188890, ,7.11, ,34.50, ,99.8, 
2025/7/27,06:00,0.0, ,188770, ,10.37, ,33.90, ,99.7, 
2025/7/27,07:00,0.0, ,188720, ,5.46, ,33.90, ,99.7, 
2025/7/27,08:00,0.0, ,188600, ,4.39, ,34.20, ,99.6, 
2025/7/27,09:00,0.0, ,188540, ,6.30, ,33.70, ,99.6, 
2025/7/27,10:00,0.0, ,188420, ,15.82, ,34.00, ,99.5, 
2025/7/27,11:00,0.0, ,188360, ,13.13, ,17.70, ,99.5, 
2025/7/27,12:00,0.0, ,188420, ,16.07, ,0.00, ,99.5, 
2025/7/27,13:00,0.0, ,188480, ,16.89, ,16.10, ,99.5, 
2025/7/27,14:00,0.0, ,188420, ,14.60, ,27.30, ,99.5, 
2025/7/27,15:00,0.0, ,188420, ,16.92, ,27.10, ,99.5, 
2025/7/27,16:00,0.0, ,188360, ,16.34, ,27.00, ,99.5, 
2025/7/27,17:00,0.0, ,188300, ,20.38, ,27.10, ,99.4, 
2025/7/27,18:00,0.2, ,188300, ,11.41, ,27.20, ,99.4, 
2025/7/27,19:00,0.0, ,188250, ,20.85, ,31.70, ,99.4, 
2025/7/27,20:00,0.0, ,188190, ,17.64, ,31.80, ,99.4, 
2025/7/27,21:00,0.0, ,188130, ,13.50, ,48.30, ,99.3, 
2025/7/27,22:00,0.0, ,188010, ,17.94, ,54.40, ,99.3, 
2025/7/27,23:00,0.0, ,187890, ,23.29, ,34.20, ,99.2, 
2025/7/27,24:00,0.0, ,187830, ,14.62, ,27.10, ,100.0, 
2025/7/28,01:00,0.0, ,187830, ,16.66, ,26.90, ,100.0, 
2025/7/28,02:00,0.0, ,187780, ,13.08, ,27.20, ,100.0, 
2025/7/28,03:00,0.0, ,187720, ,12.53, ,27.20, ,99.9, 
2025/7/28,04:00,0.0, ,187660, ,9.08, ,27.20, ,99.9, 
2025/7/28,05:00,0.0, ,187540, ,7.52, ,27.00, ,99.8, 
2025/7/28,06:00,0.0, ,187480, ,7.73, ,26.90, ,99.8, 
2025/7/28,07:00,0.0, ,187420, ,7.74, ,27.20, ,99.8, 
2025/7/28,08:00,0.0, ,187370, ,6.31, ,19.60, ,99.7, 
2025/7/28,09:00,0.0, ,187370, ,7.83, ,0.00, ,99.7, 
2025/7/28,10:00,0.0, ,187420, ,13.02, ,0.00, ,99.8, 
2025/7/28,11:00,0.0, ,187480, ,14.11, ,0.00, ,99.8, 
2025/7/28,12:00,0.0, ,187540, ,18.18, ,0.00, ,99.8, 
2025/7/28,13:00,0.0, ,187600, ,15.50, ,16.20, ,99.9, 
2025/7/28,14:00,0.0, ,187540, ,13.02, ,26.80, ,99.8, 
2025/7/28,15:00,0.0, ,187540, ,16.41, ,27.40, ,99.8, 
2025/7/28,16:00,0.0, ,187480, ,15.34, ,27.20, ,99.8, 
2025/7/28,17:00,0.0, ,187420, ,18.48, ,46.90, ,99.8, 
2025/7/28,18:00,0.0, ,187310, ,15.50, ,55.10, ,99.7, 
2025/7/28,19:00,0.0, ,187130, ,20.47, ,56.80, ,99.6, 
2025/7/28,20:00,0.0, ,187010, ,15.85, ,57.20, ,99.5, 
2025/7/28,21:00,0.0, ,186900, ,18.45, ,57.20, ,99.4, 
2025/7/28,22:00,0.0, ,186720, ,18.49, ,52.30, ,99.3, 
2025/7/28,23:00,0.0, ,186660, ,18.87, ,43.70, ,99.3, 
2025/7/28,24:00,0.0, ,186550, ,12.62, ,35.10, ,99.4, 
2025/7/29,01:00,0.0, ,186490, ,19.95, ,27.10, ,99.4, 
2025/7/29,02:00,0.0, ,186430, ,11.90, ,27.30, ,99.4, 
2025/7/29,03:00,0.0, ,186370, ,10.24, ,27.10, ,99.3, 
2025/7/29,04:00,0.0, ,186310, ,6.38, ,26.90, ,99.3, 
2025/7/29,05:00,0.0, ,186250, ,10.46, ,29.40, ,99.2, 
2025/7/29,06:00,0.0, ,186140, ,6.44, ,37.50, ,99.2, 
2025/7/29,07:00,0.0, ,186020, ,7.44, ,43.00, ,99.1, 
2025/7/29,08:00,0.0, ,185900, ,9.08, ,43.40, ,99.0, 
2025/7/29,09:00,0.0, ,185790, ,7.59, ,43.40, ,99.0, 
2025/7/29,10:00,0.0, ,185670, ,13.61, ,26.40, ,98.9, 
2025/7/29,11:00,0.0, ,185730, ,15.99, ,0.00, ,98.9, 
2025/7/29,12:00,0.0, ,185790, ,13.24, ,0.00, ,99.0, 
2025/7/29,13:00,0.0, ,185790, ,14.59, ,0.00, ,99.0, 
2025/7/29,14:00,0.0, ,185850, ,13.80, ,16.40, ,99.0, 
2025/7/29,15:00,0.0, ,185790, ,15.79, ,40.60, ,99.0, 
2025/7/29,16:00,0.0, ,185730, ,14.94, ,49.90, ,98.9, 
2025/7/29,17:00,0.0, ,185550, ,20.83, ,55.20, ,98.8, 
2025/7/29,18:00,0.0, ,185440, ,16.83, ,57.30, ,98.8, 
2025/7/29,19:00,0.0, ,185320, ,19.00, ,57.10, ,98.7, 
2025/7/29,20:00,0.0, ,185150, ,15.44, ,57.30, ,98.6, 
2025/7/29,21:00,0.0, ,185030, ,18.42, ,57.30, ,98.5, 
2025/7/29,22:00,0.0, ,184850, ,16.02, ,52.60, ,98.4, 
2025/7/29,23:00,0.0, ,184740, ,17.84, ,47.90, ,98.3, 
2025/7/29,24:00,0.0, ,184620, ,17.15, ,43.10, ,98.3, 
2025/7/30,01:00,0.0, ,184560, ,16.00, ,33.10, ,98.2, 
2025/7/30,02:00,0.0, ,184510, ,12.63, ,33.10, ,98.2, 
2025/7/30,03:00,0.0, ,184390, ,9.21, ,33.20, ,98.1, 
2025/7/30,04:00,0.0, ,184330, ,7.90, ,33.10, ,98.1, 
2025/7/30,05:00,0.0, ,184210, ,6.01, ,33.20, ,98.0, 
2025/7/30,06:00,0.0, ,184100, ,7.09, ,32.60, ,98.0, 
2025/7/30,07:00,0.0, ,184040, ,3.75, ,27.30, ,97.9, 
2025/7/30,08:00,0.0, ,183980, ,8.30, ,35.20, ,97.9, 
2025/7/30,09:00,0.0, ,183870, ,4.40, ,35.40, ,97.8, 
2025/7/30,10:00,0.0, ,183810, ,13.10, ,35.10, ,97.8, 
2025/7/30,11:00,0.0, ,183690, ,13.43, ,43.30, ,97.7, 
2025/7/30,12:00,0.0, ,183580, ,18.79, ,35.10, ,97.6, 
2025/7/30,13:00,0.0, ,183580, ,15.32, ,27.50, ,97.6, 
2025/7/30,14:00,0.0, ,183520, ,12.51, ,30.00, ,97.6, 
2025/7/30,15:00,0.0, ,183400, ,14.71, ,31.90, ,97.5, 
2025/7/30,16:00,0.0, ,183340, ,13.57, ,48.60, ,97.5, 
2025/7/30,17:00,0.0, ,183230, ,16.24, ,55.30, ,97.4, 
2025/7/30,18:00,0.0, ,183050, ,18.04, ,55.50, ,97.3, 
2025/7/30,19:00,0.0, ,182940, ,15.43, ,57.40, ,97.3, 
2025/7/30,20:00,0.0, ,182770, ,15.47, ,57.60, ,97.2, 
2025/7/30,21:00,0.0, ,182650, ,17.53, ,57.70, ,97.1, 
2025/7/30,22:00,0.0, ,182480, ,16.99, ,45.80, ,97.0, 
2025/7/30,23:00,0.0, ,182360, ,15.48, ,41.10, ,96.9, 
2025/7/30,24:00,0.0, ,182300, ,13.61, ,54.40, ,96.9, 
2025/7/31,01:00,0.0, ,182130, ,17.31, ,46.20, ,96.8, 
2025/7/31,02:00,0.0, ,182070, ,14.28, ,37.90, ,96.7, 
2025/7/31,03:00,0.0, ,181960, ,9.83, ,38.90, ,96.7, 
2025/7/31,04:00,0.0, ,181840, ,9.98, ,42.80, ,96.6, 
2025/7/31,05:00,0.0, ,181730, ,6.73, ,38.20, ,96.5, 
2025/7/31,06:00,0.0, ,181610, ,5.59, ,37.90, ,96.5, 
2025/7/31,07:00,0.0, ,181500, ,4.89, ,35.60, ,96.4, 
2025/7/31,08:00,0.0, ,181380, ,6.51, ,31.80, ,96.3, 
2025/7/31,09:00,0.0, ,181270, ,8.09, ,32.20, ,96.2, 
2025/7/31,10:00,0.0, ,181210, ,3.31, ,31.90, ,96.2, 
2025/7/31,11:00,0.0, ,181150, ,13.37, ,31.80, ,96.2, 
2025/7/31,12:00,0.0, ,181090, ,17.94, ,31.90, ,96.1, 
2025/7/31,13:00,0.0, ,181040, ,12.64, ,33.50, ,96.1, 
2025/7/31,14:00,0.0, ,180980, ,14.28, ,32.50, ,96.1, 
2025/7/31,15:00,0.0, ,180920, ,14.95, ,28.90, ,96.0, 
2025/7/31,16:00,0.0, ,180860, ,14.16, ,31.20, ,96.0, 
2025/7/31,17:00,0.0, ,180750, ,14.88, ,51.90, ,95.9, 
2025/7/31,18:00,0.0, ,180640, ,16.42, ,58.10, ,95.9, 
2025/7/31,19:00,0.0, ,180460, ,14.99, ,57.90, ,95.8, 
2025/7/31,20:00,0.0, ,180290, ,17.90, ,58.00, ,95.7, 
2025/7/31,21:00,0.0, ,180180, ,16.59, ,58.00, ,95.6, 
2025/7/31,22:00,0.0, ,180000, ,17.37, ,53.10, ,95.5, 
2025/7/31,23:00,0.0, ,179890, ,15.88, ,43.20, ,95.4, 
2025/7/31,24:00,0.0, ,179830, ,12.55, ,39.30, ,95.4, 
